-0.88844,-0.96907
-0.88844,-0.13036
-0.88844,0.11562
-0.88844,-0.33585
-0.88844,-0.50113
-0.88844,-0.60473
-6.9373,-6.8996
-6.9373,-6.0781
-6.9373,-7.2832
-6.9373,-7.7615
-6.9373,-6.8205
-6.9373,-6.7187
-5.1023,-5.8271
-5.1023,-4.6312
-5.0527,-5.956
-5.0527,-5.1113
-5.0527,-5.8731
-5.0527,-4.9566
-5.0527,-4.0903
-5.0527,-5.9763
-5.0527,-5.0614
1.0715,0.38655
-5.5397,-5.8417
-5.5397,-5.0733
-5.5397,-4.9599
-5.5397,-4.7795
-5.5397,-5.5746
-5.5397,-5.6853
-5.5397,-4.595
-5.5397,-5.0932
-5.5397,-5.2541
-5.8417,-5.5397
-5.8417,-5.429
-5.8417,-5.0408
-5.8417,-5.1419
-5.8417,-5.8274
-5.8417,-5.5746
-5.8417,-5.6853
-5.8417,-5.2541
-5.4483,-6.3674
5.4385,6.1754
5.4385,5.4232
5.4385,4.5263
5.4385,5.1386
-5.429,-5.8417
-5.429,-5.0408
-5.429,-5.1419
-5.429,-4.9599
-5.429,-5.1594
-5.429,-5.8274
-5.429,-5.5746
-5.429,-5.6853
-5.429,-4.8127
-5.429,-5.2541
-5.429,-4.6761
6.1754,5.4385
6.1754,5.4232
6.1754,6.1596
6.1754,6.1936
6.1754,6.3041
-5.6461,-5.8271
-6.8996,-6.9373
-6.8996,-6.0781
-6.8996,-5.956
-6.8996,-6.8205
-6.8996,-5.9763
6.7781,5.8605
6.7781,6.3088
6.7781,6.554
6.7781,7.4753
3.794,4.0452
3.794,4.7895
3.794,4.7192
5.4232,5.4385
5.4232,6.1754
5.4232,5.4146
5.4232,4.5263
5.4232,6.1596
5.4232,6.1936
5.4232,5.3872
5.4232,5.1386
5.4232,5.1485
5.4232,6.3041
-5.0408,-5.8417
-5.0408,-5.429
-5.0408,-5.0733
-5.0408,-5.1419
-5.0408,-4.9599
-5.0408,-4.7795
-5.0408,-5.5746
-5.0408,-4.595
-5.0408,-4.4806
-5.0408,-4.8127
-5.0408,-5.2541
-5.0408,-4.3088
-5.0408,-4.6761
-4.3328,-5.0733
-4.3328,-4.9599
-4.3328,-4.7795
-4.3328,-4.6637
-4.3328,-4.595
-4.3328,-4.1417
-4.3328,-4.4806
-4.3328,-5.2541
-4.3328,-4.3088
-4.3328,-4.0496
6.2672,6.4586
6.2672,6.4452
6.2672,5.5829
6.2672,5.5523
6.2672,6.6009
-6.0781,-6.9373
-6.0781,-6.8996
-6.0781,-5.956
-6.0781,-5.8731
-6.0781,-5.9664
-6.0781,-6.8205
-6.0781,-5.9763
-6.0781,-5.8689
0.7144,1.0158
0.7144,0.94824
0.7144,1.1738
0.7144,0.82569
0.7144,-0.23419
0.7144,0.1814
1.0158,0.7144
1.0158,0.94824
1.0158,1.7598
1.0158,1.1738
1.0158,0.82569
1.0158,0.1814
1.0158,1.8806
2.7979,3.1925
2.7979,2.204
2.7979,3.3878
4.0452,3.794
4.0452,4.9437
4.0452,4.7192
-5.956,-5.0527
-5.956,-6.8996
-5.956,-6.0781
-5.956,-5.8731
-5.956,-5.9664
-5.956,-6.8205
-5.956,-5.9763
-5.956,-5.8689
-5.956,-5.0614
2.2666,2.7317
2.2666,1.4723
2.2666,1.7438
6.9438,6.6625
6.9438,6.6007
6.9438,6.2169
-5.0733,-5.5397
-5.0733,-5.0408
-5.0733,-4.3328
-5.0733,-4.9599
-5.0733,-4.7795
-5.0733,-5.5746
-5.0733,-4.6637
-5.0733,-5.6853
-5.0733,-4.595
-5.0733,-4.1417
-5.0733,-4.4806
-5.0733,-5.0932
-5.0733,-5.2541
-1.6171,-0.87375
-1.6171,-0.65808
4.9415,5.4146
4.9415,5.3872
4.9415,4.2095
4.9415,4.4595
4.9415,5.1485
5.7913,6.2163
5.7913,6.554
4.7895,3.794
4.7895,5.5898
4.7895,5.5829
4.7895,4.9437
4.7895,5.7251
4.7895,4.6969
4.7895,4.9163
4.7895,4.7192
-2.5727,-3.383
-2.5727,-1.9504
-0.96907,-0.88844
-0.96907,-0.18741
-0.96907,-1.5607
-0.96907,-0.50113
-0.96907,-0.60473
-0.96907,-1.1738
3.1925,2.7979
3.1925,2.7317
3.1925,2.204
3.1925,3.6816
-3.383,-2.5727
-3.383,-3.7124
-3.383,-4.2867
0.37219,0.679
0.37219,-0.13036
0.37219,-0.33585
0.37219,0.94552
-0.57894,-0.24556
-0.57894,-1.2802
-0.57894,0.1926
-0.57894,-0.87375
-0.57894,-0.65808
-0.57894,-0.19558
-5.1419,-5.8417
-5.1419,-5.429
-5.1419,-5.0408
-5.1419,-4.9599
-5.1419,-4.7795
-5.1419,-5.1594
-5.1419,-5.8274
-5.1419,-5.5746
-5.1419,-4.4806
-5.1419,-4.8127
-5.1419,-4.3088
-5.1419,-4.6761
6.4586,6.2672
6.4586,5.5898
6.4586,5.829
6.4586,6.4452
6.4586,5.5829
6.4586,5.7251
6.4586,5.5523
6.4586,6.6589
6.4586,6.6009
-8.2312,-7.4112
5.4146,5.4232
5.4146,4.9415
5.4146,6.1596
5.4146,6.1936
5.4146,5.3872
5.4146,5.1386
5.4146,4.4595
5.4146,5.1485
5.4146,6.1308
7.417,6.554
7.417,7.4753
4.5263,5.4385
4.5263,5.4232
4.5263,4.2339
4.5263,5.1386
4.5263,5.1485
1.3507,2.1721
1.3507,0.94824
1.3507,0.90215
1.3507,1.1738
-5.8271,-5.1023
-5.8271,-5.6461
-5.8271,-6.1207
-7.2832,-6.9373
-7.2832,-7.7615
-7.2832,-6.7187
5.8605,6.7781
5.8605,6.3088
-0.18741,-0.96907
-0.18741,0.062214
-0.18741,0.15358
-0.18741,-0.80933
-0.18741,0.40139
-0.18741,0.11562
-0.18741,-0.50113
-0.18741,-0.60473
0.062214,-0.18741
0.062214,-0.80933
0.062214,0.40139
0.062214,-0.50113
0.062214,-0.60473
2.1721,1.3507
5.5898,4.7895
5.5898,6.4586
5.5898,5.829
5.5898,5.5829
5.5898,5.7251
5.5898,5.5523
5.5898,5.8004
5.5898,5.9314
5.5898,4.9163
5.5898,4.7192
5.829,6.4586
5.829,5.5898
5.829,6.4452
5.829,5.5829
5.829,5.7251
5.829,5.5523
5.829,6.6589
5.829,5.8004
5.829,5.9314
5.829,4.9163
5.829,6.6009
5.7997,6.1308
-6.6886,-6.3674
-6.6886,-6.1207
-4.9599,-5.5397
-4.9599,-5.429
-4.9599,-5.0408
-4.9599,-4.3328
-4.9599,-5.0733
-4.9599,-5.1419
-4.9599,-4.7795
-4.9599,-5.5746
-4.9599,-5.6853
-4.9599,-4.595
-4.9599,-4.1417
-4.9599,-4.4806
-4.9599,-4.8127
-4.9599,-5.2541
-4.7795,-5.5397
-4.7795,-5.0408
-4.7795,-4.3328
-4.7795,-5.0733
-4.7795,-5.1419
-4.7795,-4.9599
-4.7795,-5.5746
-4.7795,-4.6637
-4.7795,-5.6853
-4.7795,-4.595
-4.7795,-4.1417
-4.7795,-4.4806
-4.7795,-4.8127
-4.7795,-5.2541
6.1596,6.1754
6.1596,5.4232
6.1596,5.4146
6.1596,6.1936
6.1596,5.3872
6.1596,6.9821
6.1596,6.3041
6.1596,6.1308
-5.1113,-5.0527
-5.1113,-5.7634
-5.1113,-4.9566
-5.1113,-5.9664
-5.1113,-5.9763
-5.1113,-5.0614
0.15358,-0.18741
0.15358,-0.13036
0.15358,0.40139
0.15358,0.11562
0.15358,-0.33585
0.15358,-0.50113
0.15358,-0.60473
-4.5072,-4.6312
-4.5072,-3.8006
-4.5072,-3.5987
2.7317,2.2666
2.7317,3.1925
2.7317,2.204
-3.7124,-3.383
-3.7124,-4.2867
-3.7124,-2.989
-3.7124,-4.5737
0.33508,0.94824
0.33508,-0.24556
0.33508,0.90215
0.33508,0.1926
0.33508,0.36888
0.33508,1.1738
0.33508,0.11994
0.679,0.37219
0.679,-0.13036
0.679,0.11562
0.679,0.94552
-7.7615,-6.9373
-7.7615,-7.2832
0.94824,0.7144
0.94824,1.0158
0.94824,1.3507
0.94824,0.33508
0.94824,0.1926
0.94824,1.1738
0.94824,0.11994
0.94824,0.1814
6.6625,6.9438
6.6625,6.2169
6.6625,6.2034
-0.80933,-0.18741
-0.80933,0.062214
-0.80933,-1.5607
-0.80933,-0.50113
-0.80933,-0.94508
-0.80933,-1.1738
-1.7078,-0.8201
-1.7078,-1.8644
-5.8731,-5.0527
-5.8731,-6.0781
-5.8731,-5.956
-5.8731,-4.9566
-5.8731,-5.9763
-5.8731,-5.8689
-5.8731,-5.0614
5.6242,5.2647
5.6242,6.2169
-5.7634,-5.1113
-5.7634,-5.9664
-5.7634,-5.9763
-0.13036,-0.88844
-0.13036,0.37219
-0.13036,0.15358
-0.13036,0.679
-0.13036,0.40139
-0.13036,0.11562
-0.13036,-0.33585
6.1936,6.1754
6.1936,5.4232
6.1936,5.4146
6.1936,6.1596
6.1936,5.3872
6.1936,6.9821
6.1936,6.3041
6.1936,6.1308
0.40139,-0.18741
0.40139,0.062214
0.40139,0.15358
0.40139,-0.13036
0.40139,0.11562
0.40139,-0.50113
0.40139,0.94552
2.204,2.7979
2.204,3.1925
2.204,2.7317
2.204,1.3269
2.204,1.7548
-5.1594,-5.429
-5.1594,-5.1419
-5.1594,-5.8274
-5.1594,-4.8127
-5.1594,-4.6761
4.2339,4.5263
4.2339,5.1386
4.2339,4.4595
4.2339,5.1485
-0.24556,-0.57894
-0.24556,0.33508
-0.24556,0.1926
-0.24556,0.36888
-0.24556,-0.19558
-1.2802,-0.57894
-1.2802,-0.68765
1.4723,2.2666
1.4723,1.105
-4.9566,-5.0527
-4.9566,-5.1113
-4.9566,-5.8731
-4.9566,-4.0903
-4.9566,-4.2553
-4.9566,-5.0614
-1.5607,-0.96907
-1.5607,-0.80933
-1.5607,-1.9504
-1.5607,-0.94508
-1.5607,-1.1738
0.90215,1.3507
0.90215,0.33508
0.90215,0.36888
-1.8593,-1.8644
-1.8593,-1.0642
6.4452,6.2672
6.4452,6.4586
6.4452,5.829
6.4452,5.5829
6.4452,5.5523
6.4452,7.3499
6.4452,6.6589
6.4452,6.6009
5.3872,5.4232
5.3872,4.9415
5.3872,5.4146
5.3872,6.1596
5.3872,6.1936
5.3872,5.1386
5.3872,4.4595
5.3872,5.1485
5.3872,6.1308
-0.68765,-1.2802
-0.68765,-0.19558
0.1926,-0.57894
0.1926,0.33508
0.1926,0.94824
0.1926,-0.24556
0.1926,0.36888
0.1926,0.11994
0.1926,-0.65808
5.5829,6.2672
5.5829,4.7895
5.5829,6.4586
5.5829,5.5898
5.5829,5.829
5.5829,6.4452
5.5829,5.7251
5.5829,5.5523
5.5829,5.8004
5.5829,4.6969
5.5829,4.9163
-5.8274,-5.8417
-5.8274,-5.429
-5.8274,-5.1419
-5.8274,-5.1594
-5.8274,-5.5746
6.2163,5.7913
6.2163,6.554
-5.5746,-5.5397
-5.5746,-5.8417
-5.5746,-5.429
-5.5746,-5.0408
-5.5746,-5.0733
-5.5746,-5.1419
-5.5746,-4.9599
-5.5746,-4.7795
-5.5746,-5.8274
-5.5746,-5.6853
-5.5746,-4.8127
-5.5746,-5.2541
-5.5746,-4.6761
4.9437,4.0452
4.9437,4.7895
4.9437,5.7251
4.9437,5.8004
4.9437,5.9314
4.9437,5.2202
4.9437,4.9163
4.9437,4.7192
-4.6637,-4.3328
-4.6637,-5.0733
-4.6637,-4.7795
-4.6637,-4.2867
-4.6637,-4.595
-4.6637,-5.0932
-4.6637,-4.0496
1.7438,2.2666
1.7438,1.105
1.7438,1.7548
4.2095,4.9415
4.2095,3.8572
4.2095,3.6816
-0.8201,-1.7078
-0.8201,-1.0642
0.38655,1.0715
0.38655,0.40754
6.6007,6.9438
6.6007,6.2169
6.6007,7.0214
5.2647,5.6242
7.2533,6.9821
5.1386,5.4385
5.1386,5.4232
5.1386,5.4146
5.1386,4.5263
5.1386,4.2339
5.1386,5.3872
5.1386,4.4595
5.1386,5.1485
5.7251,4.7895
5.7251,6.4586
5.7251,5.5898
5.7251,5.829
5.7251,5.5829
5.7251,4.9437
5.7251,5.5523
5.7251,6.6589
5.7251,5.8004
5.7251,5.9314
5.7251,4.9163
5.7251,6.6009
5.5523,6.2672
5.5523,6.4586
5.5523,5.5898
5.5523,5.829
5.5523,6.4452
5.5523,5.5829
5.5523,5.7251
5.5523,4.6969
-4.2867,-3.383
-4.2867,-3.7124
-4.2867,-4.6637
-4.2867,-4.5737
-4.2867,-4.0496
-2.7438,-2.7543
-2.7438,-1.8644
-2.7438,-3.5987
-1.9504,-2.5727
-1.9504,-1.5607
-1.9504,-1.8606
-1.9504,-1.1738
7.3499,6.4452
7.3499,7.4933
-6.3674,-5.4483
-6.3674,-6.6886
-6.3674,-6.1207
-0.87375,-1.6171
-0.87375,-0.57894
-0.87375,0.11994
-0.87375,-0.65808
0.59399,0.36888
0.59399,-0.19558
0.11562,-0.88844
0.11562,-0.18741
0.11562,0.15358
0.11562,0.679
0.11562,-0.13036
0.11562,0.40139
0.11562,-0.33585
0.11562,-0.60473
0.11562,0.94552
3.8572,4.2095
3.8572,3.3878
3.8572,4.4595
1.7598,1.0158
1.7598,1.443
1.7598,1.8806
-0.33585,-0.88844
-0.33585,0.37219
-0.33585,0.15358
-0.33585,-0.13036
-0.33585,0.11562
6.6589,6.4586
6.6589,5.829
6.6589,6.4452
6.6589,5.7251
6.6589,6.6667
6.6589,5.8004
6.6589,7.4933
6.6589,6.6009
-4.6312,-5.1023
-4.6312,-4.5072
3.6816,3.1925
3.6816,4.2095
-5.6853,-5.5397
-5.6853,-5.8417
-5.6853,-5.429
-5.6853,-5.0733
-5.6853,-4.9599
-5.6853,-4.7795
-5.6853,-5.5746
-5.6853,-5.0932
-5.6853,-5.2541
6.6667,6.6589
6.6667,5.8004
6.6667,5.9314
6.6667,6.6009
0.36888,0.33508
0.36888,-0.24556
0.36888,0.90215
0.36888,0.1926
0.36888,0.59399
0.36888,-0.19558
5.8004,5.5898
5.8004,5.829
5.8004,5.5829
5.8004,4.9437
5.8004,5.7251
5.8004,6.6589
5.8004,6.6667
5.8004,5.9314
5.8004,5.2202
5.8004,4.9163
7.7627,7.0214
-4.595,-5.5397
-4.595,-5.0408
-4.595,-4.3328
-4.595,-5.0733
-4.595,-4.9599
-4.595,-4.7795
-4.595,-4.6637
-4.595,-4.1417
-4.595,-4.4806
-4.595,-4.8127
-4.595,-5.2541
-4.595,-4.3088
-4.595,-4.0496
-2.989,-3.7124
5.9314,5.5898
5.9314,5.829
5.9314,4.9437
5.9314,5.7251
5.9314,6.6667
5.9314,5.8004
5.9314,5.2202
-0.50113,-0.88844
-0.50113,-0.96907
-0.50113,-0.18741
-0.50113,0.062214
-0.50113,0.15358
-0.50113,-0.80933
-0.50113,0.40139
-0.50113,-0.60473
-0.50113,-1.1738
-5.9664,-6.0781
-5.9664,-5.956
-5.9664,-5.1113
-5.9664,-5.7634
-5.9664,-6.8205
-5.9664,-5.9763
4.6969,4.7895
4.6969,5.5829
4.6969,5.5523
4.6969,4.9163
4.6969,4.7192
1.1738,0.7144
1.1738,1.0158
1.1738,1.3507
1.1738,0.33508
1.1738,0.94824
-7.4112,-8.2312
7.4933,7.3499
7.4933,6.6589
7.4933,6.6009
3.3878,2.7979
3.3878,3.8572
-4.1417,-4.3328
-4.1417,-5.0733
-4.1417,-4.9599
-4.1417,-4.7795
-4.1417,-4.595
-4.1417,-4.4806
-4.1417,-4.3088
-4.1417,-4.0496
0.11994,0.33508
0.11994,0.94824
0.11994,0.1926
0.11994,-0.87375
0.11994,-0.65808
0.11994,-0.23419
0.11994,0.1814
-0.65808,-1.6171
-0.65808,-0.57894
-0.65808,0.1926
-0.65808,-0.87375
-0.65808,0.11994
-0.65808,-0.9633
1.105,1.4723
1.105,1.7438
1.105,0.40754
1.105,0.68514
6.2169,6.9438
6.2169,6.6625
6.2169,5.6242
6.2169,6.6007
1.443,1.7598
1.443,0.82569
-4.4806,-5.0408
-4.4806,-4.3328
-4.4806,-5.0733
-4.4806,-5.1419
-4.4806,-4.9599
-4.4806,-4.7795
-4.4806,-4.595
-4.4806,-4.1417
-4.4806,-4.8127
-4.4806,-5.2541
-4.4806,-4.3088
-4.4806,-4.6761
-4.8127,-5.429
-4.8127,-5.0408
-4.8127,-5.1419
-4.8127,-4.9599
-4.8127,-4.7795
-4.8127,-5.1594
-4.8127,-5.5746
-4.8127,-4.595
-4.8127,-4.4806
-4.8127,-4.3088
-4.8127,-4.6761
-4.0903,-5.0527
-4.0903,-4.9566
-4.0903,-4.2553
-4.0903,-3.9875
-4.0903,-5.0614
-6.8205,-6.9373
-6.8205,-6.8996
-6.8205,-6.0781
-6.8205,-5.956
-6.8205,-5.9664
-6.8205,-5.9763
1.3269,2.204
1.3269,1.7548
-5.0932,-5.5397
-5.0932,-5.0733
-5.0932,-4.6637
-5.0932,-5.6853
-5.0932,-5.2541
-0.19558,-0.57894
-0.19558,-0.24556
-0.19558,-0.68765
-0.19558,0.59399
-0.19558,0.36888
7.0214,6.6007
7.0214,7.7627
-2.3149,-1.7921
-5.9763,-5.0527
-5.9763,-6.8996
-5.9763,-6.0781
-5.9763,-5.956
-5.9763,-5.1113
-5.9763,-5.8731
-5.9763,-5.7634
-5.9763,-5.9664
-5.9763,-6.8205
-5.9763,-5.0614
0.82569,0.7144
0.82569,1.0158
0.82569,1.443
0.82569,0.1814
5.2202,4.9437
5.2202,5.8004
5.2202,5.9314
5.2202,4.9163
5.2202,4.7192
-4.2553,-4.9566
-4.2553,-4.0903
-5.2541,-5.5397
-5.2541,-5.8417
-5.2541,-5.429
-5.2541,-5.0408
-5.2541,-4.3328
-5.2541,-5.0733
-5.2541,-4.9599
-5.2541,-4.7795
-5.2541,-5.5746
-5.2541,-5.6853
-5.2541,-4.595
-5.2541,-4.4806
-5.2541,-5.0932
4.4595,4.9415
4.4595,5.4146
4.4595,4.2339
4.4595,5.3872
4.4595,5.1386
4.4595,3.8572
4.4595,5.1485
-4.3088,-5.0408
-4.3088,-4.3328
-4.3088,-5.1419
-4.3088,-4.595
-4.3088,-4.1417
-4.3088,-4.4806
-4.3088,-4.8127
-4.3088,-4.6761
-0.23419,0.7144
-0.23419,0.11994
-0.23419,0.1814
-0.23419,-0.9633
5.1485,5.4232
5.1485,4.9415
5.1485,5.4146
5.1485,4.5263
5.1485,4.2339
5.1485,5.3872
5.1485,5.1386
5.1485,4.4595
-0.60473,-0.88844
-0.60473,-0.96907
-0.60473,-0.18741
-0.60473,0.062214
-0.60473,0.15358
-0.60473,0.11562
-0.60473,-0.50113
-0.60473,-1.1738
1.7548,2.204
1.7548,1.7438
1.7548,1.3269
6.9821,6.1596
6.9821,6.1936
6.9821,7.2533
6.9821,6.3041
6.9821,6.1308
4.9163,4.7895
4.9163,5.5898
4.9163,5.829
4.9163,5.5829
4.9163,4.9437
4.9163,5.7251
4.9163,5.8004
4.9163,4.6969
4.9163,5.2202
4.9163,4.7192
0.1814,0.7144
0.1814,1.0158
0.1814,0.94824
0.1814,0.11994
0.1814,0.82569
0.1814,-0.23419
-4.6761,-5.429
-4.6761,-5.0408
-4.6761,-5.1419
-4.6761,-5.1594
-4.6761,-5.5746
-4.6761,-4.4806
-4.6761,-4.8127
-4.6761,-4.3088
-2.7543,-2.7438
-3.9875,-4.0903
-0.94508,-0.80933
-0.94508,-1.5607
-0.94508,-1.1738
-3.8006,-4.5072
-3.8006,-3.5987
-4.5737,-3.7124
-4.5737,-4.2867
6.3041,6.1754
6.3041,5.4232
6.3041,6.1596
6.3041,6.1936
6.3041,6.9821
6.2034,6.6625
0.94552,0.37219
0.94552,0.679
0.94552,0.40139
0.94552,0.11562
-6.1207,-5.8271
-6.1207,-6.6886
-6.1207,-6.3674
-0.9633,-0.65808
-0.9633,-0.23419
-0.9633,-1.0642
1.8806,1.0158
1.8806,1.7598
-1.8644,-1.7078
-1.8644,-1.8593
-1.8644,-2.7438
-1.8644,-1.0642
-5.8689,-6.0781
-5.8689,-5.956
-5.8689,-5.8731
-5.8689,-6.7187
-1.8606,-1.9504
-6.7187,-6.9373
-6.7187,-7.2832
-6.7187,-5.8689
-1.0642,-1.8593
-1.0642,-0.8201
-1.0642,-0.9633
-1.0642,-1.8644
6.3088,6.7781
6.3088,5.8605
6.3088,6.554
0.40754,0.38655
0.40754,1.105
-4.0496,-4.3328
-4.0496,-4.6637
-4.0496,-4.2867
-4.0496,-4.595
-4.0496,-4.1417
4.7192,3.794
4.7192,4.0452
4.7192,4.7895
4.7192,5.5898
4.7192,4.9437
4.7192,4.6969
4.7192,5.2202
4.7192,4.9163
6.1308,5.4146
6.1308,5.7997
6.1308,6.1596
6.1308,6.1936
6.1308,5.3872
6.1308,6.9821
-5.0614,-5.0527
-5.0614,-5.956
-5.0614,-5.1113
-5.0614,-5.8731
-5.0614,-4.9566
-5.0614,-4.0903
-5.0614,-5.9763
-3.5987,-4.5072
-3.5987,-2.7438
-3.5987,-3.8006
-1.7921,-2.3149
0.68514,1.105
6.554,6.7781
6.554,5.7913
6.554,7.417
6.554,6.2163
6.554,6.3088
6.6009,6.2672
6.6009,6.4586
6.6009,5.829
6.6009,6.4452
6.6009,5.7251
6.6009,6.6589
6.6009,6.6667
6.6009,7.4933
-1.1738,-0.96907
-1.1738,-0.80933
-1.1738,-1.5607
-1.1738,-1.9504
-1.1738,-0.50113
-1.1738,-0.60473
-1.1738,-0.94508
7.4753,6.7781
7.4753,7.417
