4.2969,3.5371
4.2969,4.7767
4.2969,4.8921
4.2969,4.9654
-2.2683,-2.421
-2.2683,-2.057
-2.2683,-1.3698
-2.2683,-2.1729
-2.2683,-2.6376
-2.2683,-3.2326
-2.2683,-2.3938
-2.2683,-1.2885
-2.2683,-3.025
-2.2683,-2.6393
-2.2683,-3.2019
-2.2683,-3.0032
-2.2683,-2.1912
-2.2683,-2.0361
-6.03,-5.6673
-6.03,-5.9845
-2.421,-2.2683
-2.421,-2.057
-2.421,-2.6674
-2.421,-2.6376
-2.421,-3.2326
-2.421,-2.3938
-2.421,-3.025
-2.421,-3.2019
-2.421,-3.0032
-2.421,-2.1912
-2.421,-2.0361
3.5371,4.2969
3.5371,4.1198
3.5371,2.9231
3.5371,3.4451
4.1697,4.1567
4.1697,4.6164
4.1697,4.8713
4.1697,3.8116
4.3372,3.9385
4.3372,3.4618
4.3372,5.1136
4.3372,3.9791
4.3372,3.6602
4.3372,4.1567
4.3372,4.7378
4.3372,4.5504
4.3372,4.8713
4.3372,3.8116
4.3372,5.3233
-3.8219,-4.1739
-3.8219,-3.9293
-3.8219,-3.2326
-3.8219,-3.3909
-3.8219,-3.0334
-3.8219,-3.025
-3.8219,-4.0732
-3.8219,-3.0032
7.0045,6.4789
7.0045,6.2097
7.0045,6.8378
7.0045,6.9534
2.9933,3.4618
2.9933,2.8132
2.9933,3.9312
2.9933,3.6602
2.9933,2.204
2.9933,2.4988
2.9933,3.227
6.0945,6.2097
6.0945,5.9112
6.0945,5.1554
6.0945,6.8378
6.0945,6.9534
6.0945,5.6235
6.0945,5.9794
-5.6673,-6.03
-5.6673,-4.91
-5.6673,-5.9845
-5.6673,-4.9179
-5.6673,-5.9251
-2.057,-2.2683
-2.057,-2.421
-2.057,-1.3698
-2.057,-2.1729
-2.057,-2.6376
-2.057,-1.4407
-2.057,-2.3938
-2.057,-1.2885
-2.057,-3.0032
-2.057,-2.1912
-2.057,-2.0361
-1.6694,-1.666
-1.6694,-2.279
-1.6694,-2.2725
-1.6694,-1.8021
-1.6694,-2.0841
-1.6694,-0.78701
-1.6694,-1.2453
-0.96457,-0.77849
-0.96457,-1.3788
-0.96457,-1.511
-0.96457,-1.712
5.3674,4.6473
5.3674,5.8206
5.3674,6.2097
5.3674,5.2793
5.3674,5.2314
5.3674,5.17
5.3674,5.9794
3.9385,4.3372
3.9385,3.4618
3.9385,3.6602
3.9385,2.9807
3.9385,4.1567
3.9385,3.3279
3.9385,4.5504
3.9385,3.8116
3.4618,4.3372
3.4618,2.9933
3.4618,3.9385
3.4618,2.8132
3.4618,3.9791
3.4618,3.9312
3.4618,3.6602
3.4618,2.9807
3.4618,3.3279
3.4618,2.4988
-3.3361,-3.4074
-3.3361,-2.711
-3.3361,-4.1787
-3.3361,-2.8012
-3.3361,-2.4813
-3.3361,-2.9985
-5.3467,-5.9845
-3.495,-3.3803
-3.495,-4.1739
-3.495,-2.6376
-3.495,-3.9293
-3.495,-3.2326
-3.495,-3.025
-3.495,-3.2019
-3.495,-3.0032
-6.3762,-6.0181
-6.3762,-5.5694
-6.3762,-6.2942
-6.3762,-6.3619
-6.3762,-6.7166
-5.7038,-6.0181
-5.7038,-5.5694
-5.7038,-6.1196
-5.7038,-5.2239
-5.7038,-4.7417
-5.7038,-5.4356
-5.7038,-5.0597
-5.7038,-6.3619
-5.7038,-5.4122
-5.7038,-6.3913
-5.7038,-5.3479
4.778,4.2313
4.778,5.1936
4.778,4.8074
4.778,4.5814
4.778,3.9324
-0.77849,-0.96457
-0.77849,-0.11927
-0.77849,-1.3788
-0.77849,-1.1642
-0.77849,-1.511
-0.77849,-0.83668
-0.77849,-1.712
-1.3698,-2.2683
-1.3698,-2.057
-1.3698,-2.1729
-1.3698,-1.2885
-1.3698,-2.0361
1.831,2.7195
-8.7547,-8.7702
-8.7547,-9.5281
-8.7547,-8.0388
5.1136,4.3372
5.1136,4.1567
5.1136,4.6164
5.1136,4.5504
5.1136,5.3853
5.1136,4.8713
5.1136,5.3233
-5.4294,-6.2942
-5.4294,-5.3232
4.6473,5.3674
4.6473,5.2793
4.6473,4.3576
4.6473,5.2314
-0.11927,-0.77849
-0.11927,-0.83668
-0.11927,-0.64408
-1.3788,-0.96457
-1.3788,-0.77849
-1.3788,-1.666
-1.3788,-1.1642
-1.3788,-1.511
-1.3788,-1.8021
-1.3788,-1.9605
-1.3788,-0.83668
-1.3788,-1.9449
-1.3788,-0.64408
-1.3788,-1.712
8.4399,8.5332
8.4399,7.9081
5.7972,6.1392
3.7898,4.2313
3.7898,3.3832
3.7898,4.3576
3.7898,2.9526
3.7898,3.9324
3.7898,3.7724
7.8938,8.5332
7.8938,7.9081
4.2313,4.778
4.2313,3.7898
4.2313,3.7698
4.2313,4.8074
4.2313,4.5814
4.2313,3.9324
4.2313,3.7724
-4.8094,-5.5694
-4.8094,-4.5621
-4.8094,-4.3585
-4.8094,-4.7417
-4.8094,-4.5837
-4.8094,-5.0597
-4.8094,-5.4122
-4.8094,-5.3232
-4.8094,-4.3752
2.8132,2.9933
2.8132,3.4618
2.8132,3.6602
2.8132,3.3279
2.8132,1.9333
2.8132,2.4988
2.8132,3.227
-3.4074,-3.3361
-3.4074,-2.711
-3.4074,-2.9475
-3.4074,-2.4813
-3.4074,-2.9985
5.8206,5.3674
5.8206,6.4789
5.8206,6.2097
5.8206,5.2793
5.8206,5.2314
5.8206,5.9794
0.45358,-0.02838
6.4789,7.0045
6.4789,5.8206
6.4789,6.2097
6.4789,6.9534
6.4789,5.9794
-4.4976,-4.5621
-4.4976,-5.2239
-4.4976,-4.237
-4.4976,-5.3479
-4.91,-5.6673
-4.91,-4.9179
-4.91,-4.0732
-2.6674,-2.421
-2.6674,-3.3803
-2.6674,-2.0195
-2.6674,-1.6763
-2.6674,-2.6376
-2.6674,-2.3938
-2.6674,-3.2019
-2.6674,-2.1912
-1.666,-1.6694
-1.666,-1.3788
-1.666,-2.4099
-1.666,-1.1642
-1.666,-2.2725
-1.666,-1.511
-1.666,-1.8021
-1.666,-2.4813
-1.666,-2.0841
-1.666,-0.83668
-1.666,-1.712
-1.666,-0.78701
-1.666,-1.2453
5.2759,4.7767
5.2759,6.039
5.2759,5.3366
5.2759,6.0619
5.2759,5.1936
5.2759,5.5504
5.2759,4.5814
5.2759,4.9654
5.2759,5.7106
-3.3803,-3.495
-3.3803,-2.6674
-3.3803,-2.6376
-3.3803,-3.2326
-3.3803,-3.2019
6.6938,6.039
6.6938,6.1392
-6.5441,-6.1196
-6.5441,-5.8738
-6.5441,-6.3913
-2.711,-3.3361
-2.711,-3.4074
-2.711,-2.4099
-2.711,-2.9475
-2.711,-2.2725
-2.711,-2.4813
-2.711,-1.9605
-2.711,-1.9449
-2.711,-1.712
-2.4099,-1.666
-2.4099,-2.711
-2.4099,-2.9475
-2.4099,-2.2725
-2.4099,-1.511
-2.4099,-1.8021
-2.4099,-2.4813
-2.4099,-1.9605
-2.4099,-2.0841
-2.4099,-1.9449
-2.4099,-1.712
-2.4099,-2.9985
-4.1739,-3.8219
-4.1739,-3.495
-4.1739,-3.9293
-4.1739,-4.9179
-4.1739,-3.2326
-4.1739,-3.2019
-4.1739,-4.0732
3.9791,4.3372
3.9791,3.4618
3.9791,3.9312
3.9791,3.6602
3.9791,4.7378
3.9791,3.3279
3.9791,4.5504
3.9312,2.9933
3.9312,3.4618
3.9312,3.9791
3.9312,3.6602
3.9312,4.7378
3.9312,4.5504
3.9312,3.227
6.2097,7.0045
6.2097,6.0945
6.2097,5.3674
6.2097,5.8206
6.2097,6.4789
6.2097,5.9112
6.2097,5.2793
6.2097,6.9534
6.2097,5.9794
-0.70998,-1.4407
-0.70998,-1.2885
4.1198,3.5371
4.1198,3.7698
4.1198,4.3835
4.1198,4.5814
4.1198,3.9324
4.1198,4.9654
4.1198,3.4451
-5.9845,-6.03
-5.9845,-5.6673
-5.9845,-5.3467
-5.9845,-6.3077
2.7195,1.831
2.7195,2.9004
2.7195,2.9526
8.5332,8.4399
8.5332,7.8938
8.5332,7.9081
-3.8296,-2.8888
-3.8296,-4.5621
-3.8296,-4.3585
-3.8296,-4.7417
-3.8296,-4.5837
-3.8296,-4.237
-3.8296,-3.8089
-3.8296,-3.5295
4.7767,4.2969
4.7767,5.2759
4.7767,5.3366
4.7767,4.3835
4.7767,4.8921
4.7767,4.9654
4.7767,5.7106
-2.0195,-2.6674
-2.0195,-1.6763
-2.0195,-2.6376
-2.0195,-1.4407
-2.0195,-2.3938
-2.0195,-2.1912
-6.0181,-6.3762
-6.0181,-5.7038
-6.0181,-5.5694
-6.0181,-6.1196
-6.0181,-5.4356
-6.0181,-5.0597
-6.0181,-6.3619
-6.0181,-5.4122
-6.0181,-6.3913
-6.0181,-6.7166
-8.7702,-8.7547
-8.7702,-9.5593
-8.7702,-8.0425
-8.7702,-9.5281
-8.7702,-8.4243
6.039,5.2759
6.039,6.6938
6.039,5.3366
6.039,6.0619
6.039,6.1392
6.039,5.7106
-7.2627,-6.2942
-2.1729,-2.2683
-2.1729,-2.057
-2.1729,-1.3698
-2.1729,-3.0334
-2.1729,-3.025
-2.1729,-2.6393
-2.1729,-2.0361
-1.6763,-2.6674
-1.6763,-2.0195
-1.6763,-1.4407
-1.6763,-2.3938
-1.6763,-2.1912
5.3366,5.2759
5.3366,4.7767
5.3366,6.039
5.3366,4.8921
5.3366,6.1392
5.3366,4.9654
5.3366,5.7106
4.2689,5.17
6.0619,5.2759
6.0619,6.039
6.0619,5.5504
6.0619,5.7106
5.1936,4.778
5.1936,5.2759
5.1936,4.3835
5.1936,5.5504
5.1936,4.5814
3.6602,4.3372
3.6602,2.9933
3.6602,3.9385
3.6602,3.4618
3.6602,2.8132
3.6602,3.9791
3.6602,3.9312
3.6602,2.9807
3.6602,3.3279
3.6602,4.5504
5.9112,6.0945
5.9112,6.2097
5.9112,5.2793
5.9112,5.1554
5.9112,6.8378
5.9112,5.17
5.9112,5.9794
-2.8888,-3.8296
-2.8888,-2.3933
-2.8888,-3.8089
-5.5694,-6.3762
-5.5694,-5.7038
-5.5694,-4.8094
-5.5694,-6.0181
-5.5694,-5.0597
-5.5694,-6.3619
-5.5694,-5.4122
-5.5694,-5.3232
2.9004,2.7195
2.9004,2.9231
2.9004,3.7698
2.9004,2.9526
2.9004,3.4451
-2.6376,-2.2683
-2.6376,-2.421
-2.6376,-2.057
-2.6376,-3.495
-2.6376,-2.6674
-2.6376,-3.3803
-2.6376,-2.0195
-2.6376,-3.2326
-2.6376,-2.3938
-2.6376,-3.2019
-2.6376,-3.0032
-2.6376,-2.1912
6.7927,6.8873
6.7927,7.0938
-4.5621,-4.8094
-4.5621,-4.4976
-4.5621,-3.8296
-4.5621,-5.2239
-4.5621,-4.7417
-4.5621,-5.4356
-4.5621,-4.5837
-4.5621,-4.237
-4.5621,-5.0597
-4.5621,-5.3479
-6.1196,-5.7038
-6.1196,-6.5441
-6.1196,-6.0181
-6.1196,-5.4356
-6.1196,-6.3619
-6.1196,-5.4122
-6.1196,-6.3913
-2.279,-1.6694
-2.279,-2.2725
-2.279,-2.8012
-2.279,-1.8021
-2.279,-2.0841
-2.279,-2.9985
5.2793,5.3674
5.2793,4.6473
5.2793,5.8206
5.2793,6.2097
5.2793,5.9112
5.2793,5.1554
5.2793,5.17
5.2793,5.9794
-4.3585,-4.8094
-4.3585,-3.8296
-4.3585,-4.7417
-4.3585,-4.5837
-4.3585,-3.8089
-4.3585,-5.0597
-4.3585,-4.3752
-5.2239,-5.7038
-5.2239,-4.4976
-5.2239,-4.5621
-5.2239,-4.7417
-5.2239,-5.4356
-5.2239,-4.5837
-5.2239,-4.237
-5.2239,-5.0597
-5.2239,-5.8738
-5.2239,-5.3479
-2.9475,-3.4074
-2.9475,-2.711
-2.9475,-2.4099
-2.9475,-2.4813
-2.9475,-1.9449
2.9807,3.9385
2.9807,3.4618
2.9807,3.6602
2.9807,3.3279
2.9807,2.4988
2.9807,3.8116
-0.02838,0.45358
-0.02838,-0.64408
-0.02838,-0.78701
4.1567,4.1697
4.1567,4.3372
4.1567,3.9385
4.1567,5.1136
4.1567,3.3279
4.1567,4.6164
4.1567,4.5504
4.1567,4.8713
4.1567,3.8116
-1.1642,-0.77849
-1.1642,-1.3788
-1.1642,-1.666
-1.1642,-1.511
-1.1642,-1.8021
-1.1642,-0.83668
-1.1642,-1.9449
-1.1642,-0.64408
-1.1642,-1.712
-1.1642,-0.78701
4.7378,4.3372
4.7378,3.9791
4.7378,3.9312
4.7378,4.5504
4.7378,5.3233
2.9231,3.5371
2.9231,2.9004
2.9231,3.4451
5.1554,6.0945
5.1554,5.9112
5.1554,5.2793
5.1554,5.17
5.1554,5.6235
5.1554,5.9794
-6.2942,-6.3762
-6.2942,-5.4294
-6.2942,-7.2627
3.7698,4.2313
3.7698,4.1198
3.7698,2.9004
3.7698,4.3835
3.7698,2.9526
3.7698,4.5814
3.7698,3.9324
3.7698,3.4451
3.7698,3.7724
-9.5593,-8.7702
-9.5593,-9.5281
-8.0425,-8.7702
-8.0425,-8.4243
-8.0425,-8.0388
-8.0425,-7.772
6.8378,7.0045
6.8378,6.0945
6.8378,5.9112
6.8378,6.9534
6.9534,7.0045
6.9534,6.0945
6.9534,6.4789
6.9534,6.2097
6.9534,6.8378
6.9534,5.9794
-2.2725,-1.6694
-2.2725,-1.666
-2.2725,-2.711
-2.2725,-2.4099
-2.2725,-2.279
-2.2725,-2.8012
-2.2725,-1.8021
-2.2725,-2.4813
-2.2725,-2.0841
-2.2725,-1.9449
-2.2725,-1.712
-2.2725,-2.9985
-3.3335,-2.8012
7.3686,7.9081
7.3686,7.0938
7.7213,7.0938
-4.1787,-3.3361
-3.9293,-3.8219
-3.9293,-3.495
-3.9293,-4.1739
-3.9293,-3.2326
-3.9293,-3.3909
-3.9293,-3.0334
-3.9293,-3.025
-3.9293,-3.2019
-3.9293,-4.0732
-3.9293,-3.0032
-4.7417,-5.7038
-4.7417,-4.8094
-4.7417,-3.8296
-4.7417,-4.5621
-4.7417,-4.3585
-4.7417,-5.2239
-4.7417,-5.4356
-4.7417,-4.5837
-4.7417,-4.237
-4.7417,-3.8089
-4.7417,-5.0597
-4.7417,-5.4122
-2.3933,-2.8888
4.3835,4.1198
4.3835,4.7767
4.3835,5.1936
4.3835,3.7698
4.3835,4.5814
4.3835,4.9654
4.3835,3.4451
4.8074,4.778
4.8074,4.2313
4.8074,4.3576
4.8074,5.2314
-5.4356,-5.7038
-5.4356,-6.0181
-5.4356,-4.5621
-5.4356,-6.1196
-5.4356,-5.2239
-5.4356,-4.7417
-5.4356,-4.5837
-5.4356,-5.0597
-5.4356,-5.8738
-5.4356,-5.4122
-5.4356,-6.3913
-5.4356,-5.3479
4.8921,4.2969
4.8921,4.7767
4.8921,5.3366
4.8921,5.7106
-2.8012,-3.3361
-2.8012,-2.279
-2.8012,-2.2725
-2.8012,-3.3335
-2.8012,-2.4813
-2.8012,-2.0841
-2.8012,-2.9985
-4.9179,-5.6673
-4.9179,-4.91
-4.9179,-4.1739
-4.9179,-4.0732
3.3832,3.7898
3.3832,4.3576
3.3832,2.9526
3.3832,3.7724
3.3279,3.9385
3.3279,3.4618
3.3279,2.8132
3.3279,3.9791
3.3279,3.6602
3.3279,2.9807
3.3279,4.1567
3.3279,2.4988
3.3279,3.8116
-1.511,-0.96457
-1.511,-0.77849
-1.511,-1.3788
-1.511,-1.666
-1.511,-2.4099
-1.511,-1.1642
-1.511,-1.8021
-1.511,-1.9605
-1.511,-0.83668
-1.511,-1.9449
-1.511,-1.712
-4.5837,-4.8094
-4.5837,-3.8296
-4.5837,-4.5621
-4.5837,-4.3585
-4.5837,-5.2239
-4.5837,-4.7417
-4.5837,-5.4356
-4.5837,-4.237
-4.5837,-3.8089
-4.5837,-5.0597
-4.5837,-5.4122
-1.8021,-1.6694
-1.8021,-1.3788
-1.8021,-1.666
-1.8021,-2.4099
-1.8021,-2.279
-1.8021,-1.1642
-1.8021,-2.2725
-1.8021,-1.511
-1.8021,-2.4813
-1.8021,-2.0841
-1.8021,-1.712
-1.8021,-1.2453
-9.5281,-8.7547
-9.5281,-8.7702
-9.5281,-9.5593
4.6164,4.1697
4.6164,5.1136
4.6164,4.1567
4.6164,5.3853
4.6164,4.8713
4.6164,3.8116
7.9081,8.4399
7.9081,7.8938
7.9081,8.5332
7.9081,7.3686
-2.4813,-3.3361
-2.4813,-3.4074
-2.4813,-1.666
-2.4813,-2.711
-2.4813,-2.4099
-2.4813,-2.9475
-2.4813,-2.2725
-2.4813,-2.8012
-2.4813,-1.8021
-2.4813,-2.0841
-2.4813,-1.9449
-2.4813,-1.712
-2.4813,-2.9985
5.5504,5.2759
5.5504,6.0619
5.5504,5.1936
5.5504,4.5814
5.5504,4.9654
-1.4407,-2.057
-1.4407,-0.70998
-1.4407,-2.0195
-1.4407,-1.6763
-1.4407,-2.3938
-1.4407,-1.2885
-1.4407,-2.1912
-1.9605,-1.3788
-1.9605,-2.711
-1.9605,-2.4099
-1.9605,-1.511
-1.9605,-1.9449
-1.9605,-1.712
-4.237,-4.4976
-4.237,-3.8296
-4.237,-4.5621
-4.237,-5.2239
-4.237,-4.7417
-4.237,-4.5837
-4.237,-3.5295
-2.0841,-1.6694
-2.0841,-1.666
-2.0841,-2.4099
-2.0841,-2.279
-2.0841,-2.2725
-2.0841,-2.8012
-2.0841,-1.8021
-2.0841,-2.4813
-2.0841,-2.9985
4.3576,4.6473
4.3576,3.7898
4.3576,4.8074
4.3576,3.3832
4.3576,5.2314
2.204,2.9933
2.204,1.9333
-3.8089,-3.8296
-3.8089,-2.8888
-3.8089,-4.3585
-3.8089,-4.7417
-3.8089,-4.5837
-5.0597,-5.7038
-5.0597,-4.8094
-5.0597,-6.0181
-5.0597,-5.5694
-5.0597,-4.5621
-5.0597,-4.3585
-5.0597,-5.2239
-5.0597,-4.7417
-5.0597,-5.4356
-5.0597,-4.5837
-5.0597,-5.4122
2.9526,3.7898
2.9526,2.7195
2.9526,2.9004
2.9526,3.7698
2.9526,3.3832
2.9526,3.9324
2.9526,3.4451
2.9526,3.7724
-8.4243,-8.7702
-8.4243,-8.0425
-8.4243,-7.772
-5.8738,-6.5441
-5.8738,-5.2239
-5.8738,-5.4356
-5.8738,-5.3479
1.9333,2.8132
1.9333,2.204
1.9333,2.4988
4.5504,4.3372
4.5504,3.9385
4.5504,5.1136
4.5504,3.9791
4.5504,3.9312
4.5504,3.6602
4.5504,4.1567
4.5504,4.7378
4.5504,4.8713
4.5504,5.3233
-3.2326,-2.2683
-3.2326,-2.421
-3.2326,-3.8219
-3.2326,-3.495
-3.2326,-3.3803
-3.2326,-4.1739
-3.2326,-2.6376
-3.2326,-3.9293
-3.2326,-2.3938
-3.2326,-3.0334
-3.2326,-3.025
-3.2326,-2.6393
-3.2326,-3.2019
-3.2326,-4.0732
-3.2326,-3.0032
-2.3938,-2.2683
-2.3938,-2.421
-2.3938,-2.057
-2.3938,-2.6674
-2.3938,-2.0195
-2.3938,-1.6763
-2.3938,-2.6376
-2.3938,-1.4407
-2.3938,-3.2326
-2.3938,-3.2019
-2.3938,-3.0032
-2.3938,-2.1912
-2.3938,-2.0361
4.5814,4.778
4.5814,4.2313
4.5814,5.2759
4.5814,4.1198
4.5814,5.1936
4.5814,3.7698
4.5814,4.3835
4.5814,5.5504
4.5814,3.9324
4.5814,4.9654
5.3853,5.1136
5.3853,4.6164
5.3853,4.8713
-3.5295,-3.8296
-3.5295,-4.237
-8.0388,-8.7547
-8.0388,-8.0425
-3.3909,-3.8219
-3.3909,-3.9293
-3.3909,-3.0334
-3.3909,-3.025
-3.3909,-2.6393
-3.3909,-4.0732
-3.0334,-3.8219
-3.0334,-2.1729
-3.0334,-3.9293
-3.0334,-3.2326
-3.0334,-3.3909
-3.0334,-3.025
-3.0334,-2.6393
-3.0334,-3.2019
-3.0334,-3.0032
-1.2885,-2.2683
-1.2885,-2.057
-1.2885,-1.3698
-1.2885,-0.70998
-1.2885,-1.4407
-1.2885,-2.1912
-1.2885,-2.0361
-6.3619,-6.3762
-6.3619,-5.7038
-6.3619,-6.0181
-6.3619,-5.5694
-6.3619,-6.1196
-6.3619,-5.4122
-6.3619,-6.3913
-6.3619,-7.1176
-6.3619,-6.7166
-0.83668,-0.77849
-0.83668,-0.11927
-0.83668,-1.3788
-0.83668,-1.666
-0.83668,-1.1642
-0.83668,-1.511
-0.83668,-0.64408
-0.83668,-0.78701
-3.025,-2.2683
-3.025,-2.421
-3.025,-3.8219
-3.025,-3.495
-3.025,-2.1729
-3.025,-3.9293
-3.025,-3.2326
-3.025,-3.3909
-3.025,-3.0334
-3.025,-2.6393
-3.025,-3.2019
-3.025,-3.0032
-3.025,-2.0361
4.8713,4.1697
4.8713,4.3372
4.8713,5.1136
4.8713,4.1567
4.8713,4.6164
4.8713,4.5504
4.8713,5.3853
4.8713,5.3233
5.2314,5.3674
5.2314,4.6473
5.2314,5.8206
5.2314,4.8074
5.2314,4.3576
2.4988,2.9933
2.4988,3.4618
2.4988,2.8132
2.4988,2.9807
2.4988,3.3279
2.4988,1.9333
-5.4122,-5.7038
-5.4122,-4.8094
-5.4122,-6.0181
-5.4122,-5.5694
-5.4122,-6.1196
-5.4122,-4.7417
-5.4122,-5.4356
-5.4122,-4.5837
-5.4122,-5.0597
-5.4122,-6.3619
-5.4122,-5.3232
5.17,5.3674
5.17,4.2689
5.17,5.9112
5.17,5.2793
5.17,5.1554
5.17,5.9794
6.1392,5.7972
6.1392,6.6938
6.1392,6.039
6.1392,5.3366
6.1392,6.8873
6.1392,5.7106
3.9324,4.778
3.9324,3.7898
3.9324,4.2313
3.9324,4.1198
3.9324,3.7698
3.9324,2.9526
3.9324,4.5814
3.9324,3.4451
3.9324,3.7724
5.6235,6.0945
5.6235,5.1554
-1.9449,-1.3788
-1.9449,-2.711
-1.9449,-2.4099
-1.9449,-2.9475
-1.9449,-1.1642
-1.9449,-2.2725
-1.9449,-1.511
-1.9449,-2.4813
-1.9449,-1.9605
-1.9449,-1.712
-6.3913,-5.7038
-6.3913,-6.5441
-6.3913,-6.0181
-6.3913,-6.1196
-6.3913,-5.4356
-6.3913,-6.3619
-6.3913,-7.1176
3.8116,4.1697
3.8116,4.3372
3.8116,3.9385
3.8116,2.9807
3.8116,4.1567
3.8116,3.3279
3.8116,4.6164
-2.6393,-2.2683
-2.6393,-2.1729
-2.6393,-3.2326
-2.6393,-3.3909
-2.6393,-3.0334
-2.6393,-3.025
-2.6393,-3.0032
-2.6393,-2.0361
6.8873,6.7927
6.8873,6.1392
-3.2019,-2.2683
-3.2019,-2.421
-3.2019,-3.495
-3.2019,-2.6674
-3.2019,-3.3803
-3.2019,-4.1739
-3.2019,-2.6376
-3.2019,-3.9293
-3.2019,-3.2326
-3.2019,-2.3938
-3.2019,-3.0334
-3.2019,-3.025
-3.2019,-3.0032
-4.0732,-3.8219
-4.0732,-4.91
-4.0732,-4.1739
-4.0732,-3.9293
-4.0732,-4.9179
-4.0732,-3.2326
-4.0732,-3.3909
5.3233,4.3372
5.3233,5.1136
5.3233,4.7378
5.3233,4.5504
5.3233,4.8713
5.9794,6.0945
5.9794,5.3674
5.9794,5.8206
5.9794,6.4789
5.9794,6.2097
5.9794,5.9112
5.9794,5.2793
5.9794,5.1554
5.9794,6.9534
5.9794,5.17
-7.772,-8.0425
-7.772,-8.4243
4.9654,4.2969
4.9654,5.2759
4.9654,4.1198
4.9654,4.7767
4.9654,5.3366
4.9654,4.3835
4.9654,5.5504
4.9654,4.5814
-5.9251,-5.6673
-5.3232,-5.4294
-5.3232,-4.8094
-5.3232,-5.5694
-5.3232,-5.4122
-5.3232,-4.3752
-5.3479,-5.7038
-5.3479,-4.4976
-5.3479,-4.5621
-5.3479,-5.2239
-5.3479,-5.4356
-5.3479,-5.8738
-7.1176,-6.3619
-7.1176,-6.3913
-7.1176,-6.7166
-3.0032,-2.2683
-3.0032,-2.421
-3.0032,-3.8219
-3.0032,-2.057
-3.0032,-3.495
-3.0032,-2.6376
-3.0032,-3.9293
-3.0032,-3.2326
-3.0032,-2.3938
-3.0032,-3.0334
-3.0032,-3.025
-3.0032,-2.6393
-3.0032,-3.2019
-3.0032,-2.0361
7.0938,6.7927
7.0938,7.3686
7.0938,7.7213
-2.1912,-2.2683
-2.1912,-2.421
-2.1912,-2.057
-2.1912,-2.6674
-2.1912,-2.0195
-2.1912,-1.6763
-2.1912,-2.6376
-2.1912,-1.4407
-2.1912,-2.3938
-2.1912,-1.2885
-2.1912,-2.0361
-6.7166,-6.3762
-6.7166,-6.0181
-6.7166,-6.3619
-6.7166,-7.1176
-0.64408,-0.11927
-0.64408,-1.3788
-0.64408,-0.02838
-0.64408,-1.1642
-0.64408,-0.83668
-0.64408,-0.78701
-0.64408,-1.2453
3.4451,3.5371
3.4451,4.1198
3.4451,2.9004
3.4451,2.9231
3.4451,3.7698
3.4451,4.3835
3.4451,2.9526
3.4451,3.9324
3.227,2.9933
3.227,2.8132
3.227,3.9312
-1.712,-0.96457
-1.712,-0.77849
-1.712,-1.3788
-1.712,-1.666
-1.712,-2.711
-1.712,-2.4099
-1.712,-1.1642
-1.712,-2.2725
-1.712,-1.511
-1.712,-1.8021
-1.712,-2.4813
-1.712,-1.9605
-1.712,-1.9449
-2.0361,-2.2683
-2.0361,-2.421
-2.0361,-2.057
-2.0361,-1.3698
-2.0361,-2.1729
-2.0361,-2.3938
-2.0361,-1.2885
-2.0361,-3.025
-2.0361,-2.6393
-2.0361,-3.0032
-2.0361,-2.1912
-6.3077,-5.9845
-4.3752,-4.8094
-4.3752,-4.3585
-4.3752,-5.3232
3.7724,3.7898
3.7724,4.2313
3.7724,3.7698
3.7724,3.3832
3.7724,2.9526
3.7724,3.9324
-0.78701,-1.6694
-0.78701,-1.666
-0.78701,-0.02838
-0.78701,-1.1642
-0.78701,-0.83668
-0.78701,-0.64408
-0.78701,-1.2453
-2.9985,-3.3361
-2.9985,-3.4074
-2.9985,-2.4099
-2.9985,-2.279
-2.9985,-2.2725
-2.9985,-2.8012
-2.9985,-2.4813
-2.9985,-2.0841
5.7106,5.2759
5.7106,4.7767
5.7106,6.039
5.7106,5.3366
5.7106,6.0619
5.7106,4.8921
5.7106,6.1392
-1.2453,-1.6694
-1.2453,-1.666
-1.2453,-1.8021
-1.2453,-0.64408
-1.2453,-0.78701
-9.3228,-10
9.7926,10
