4.4195,4.7714
4.4195,4.162
4.4195,5.2106
4.4195,3.9205
4.4195,4.8428
-2.4072,-3.2562
-2.4072,-3.0205
-2.4072,-1.9978
-2.4072,-2.5794
-2.4072,-1.5433
-2.4072,-2.3237
-2.4072,-1.4718
-2.4072,-2.2932
-2.4072,-2.3972
-7.0948,-7.074
-7.0948,-6.1679
-7.0948,-6.2066
-2.0627,-2.203
-2.0627,-1.4586
-2.0627,-1.2043
-2.0627,-2.9343
-2.0627,-2.3237
-2.0627,-1.4718
-2.0627,-2.2932
-2.0627,-2.3972
3.4182,2.9808
3.4182,3.9205
4.2195,4.0922
4.2195,4.725
4.2195,5.0558
4.3251,4.5798
4.3251,3.8535
4.3251,4.0748
4.3251,3.5079
4.3251,4.0922
4.3251,3.5749
4.3251,4.725
4.3251,4.7967
4.3251,5.0558
4.3251,4.8371
-4.1529,-3.2562
-4.1529,-3.5089
-4.1529,-4.2541
-4.1529,-3.8763
-4.1529,-3.1892
-4.1529,-4.2774
-4.1529,-3.2551
7.0099,6.3135
7.0099,6.2192
7.0099,6.1105
7.0099,6.8902
3.7019,3.2829
3.7019,3.8535
3.7019,4.0748
3.7019,4.4381
3.7019,3.4768
3.7019,2.8557
3.7019,4.1327
5.7365,5.2076
5.7365,6.2192
5.7365,6.1105
5.7365,4.8931
5.7365,6.2728
5.7365,5.1422
5.7365,5.84
5.7365,5.9869
-7.074,-7.0948
-7.074,-6.1803
-7.074,-7.0864
-2.203,-2.0627
-2.203,-2.9343
-2.203,-2.3237
-2.203,-3.0531
-2.203,-1.5175
-2.203,-2.2932
-0.035533,-0.37419
-0.035533,0.71771
-0.035533,0.76077
-1.428,-1.0479
-1.428,-1.6109
-1.428,-2.0611
5.2076,5.7365
5.2076,4.425
5.2076,5.5027
5.2076,4.3103
5.2076,6.1105
5.2076,5.301
5.2076,4.8931
5.2076,5.1422
5.2076,5.9869
4.5798,4.3251
4.5798,3.8535
4.5798,4.0748
4.5798,4.0922
4.5798,5.3204
4.5798,4.7967
4.5798,5.0558
4.5798,4.8371
4.946,4.4381
4.946,5.3204
4.946,4.7967
-3.2019,-3.5021
-3.2019,-2.5615
-3.2019,-2.8789
-3.2019,-2.4025
-3.2019,-2.924
-3.2019,-2.738
-6.2838,-6.1803
-6.2838,-7.0864
-3.2562,-2.4072
-3.2562,-4.1529
-3.2562,-3.0205
-3.2562,-3.5089
-3.2562,-2.5794
-3.2562,-2.9343
-3.2562,-2.3237
-3.2562,-3.1892
-3.2562,-3.2551
-3.2562,-2.3972
-6.0137,-5.502
-6.0137,-6.5315
-6.0137,-5.6084
-6.0137,-5.239
-6.0137,-6.0348
-6.0137,-5.9255
-6.0137,-6.361
-6.0137,-5.2865
-5.502,-6.0137
-5.502,-4.753
-5.502,-5.6084
-5.502,-5.239
-5.502,-4.6705
-5.502,-5.9255
-5.502,-4.921
-5.502,-5.2865
-5.502,-6.0387
4.1103,3.3249
4.1103,3.4341
4.1103,4.3423
4.1103,4.5859
4.1103,4.162
4.1103,4.2303
4.1103,3.6681
4.1103,3.6481
-1.0479,-1.428
-1.0479,-1.6109
-1.0479,-1.4299
-1.0479,-0.32301
-1.4586,-2.0627
-1.4586,-0.52746
-1.4586,-1.2043
-1.4586,-1.5433
-1.4586,-2.3237
-1.4586,-1.4718
-1.4586,-2.2932
-1.4586,-2.3972
2.1124,2.7301
-7.7436,-7.3163
-7.7436,-8.062
5.3551,4.725
5.3551,5.0558
5.3551,4.8371
5.3551,5.6908
-5.6491,-6.1598
4.425,5.2076
4.425,4.3103
4.425,5.301
4.425,4.8066
1.608,1.6773
1.608,1.3482
1.608,0.71771
-1.6109,-1.428
-1.6109,-1.0479
-1.6109,-2.5615
-1.6109,-1.4299
-1.6109,-2.4025
-1.6109,-1.1126
-1.6109,-2.1691
-1.6109,-2.0611
-1.6109,-1.1031
7.8122,7.9334
7.8122,7.5768
7.8122,6.933
6.2039,5.6849
6.2039,5.5209
6.2039,7.066
6.2039,6.575
3.3249,4.1103
3.3249,3.4341
3.3249,2.7538
3.3249,2.7301
3.3249,4.121
3.3249,3.1307
3.3249,4.2303
3.3249,3.6481
7.4098,7.8668
7.4098,6.9536
3.4341,4.1103
3.4341,3.3249
3.4341,2.7538
3.4341,2.7301
3.4341,2.482
3.4341,3.6681
3.4341,3.2872
3.4341,3.6481
-4.0534,-3.5962
-4.0534,-4.753
-4.0534,-4.0408
-4.0534,-4.6705
-4.0534,-3.6052
-4.0534,-4.3517
-4.0534,-4.9236
-4.0534,-3.4809
3.2829,3.7019
3.2829,3.8535
3.2829,4.0748
3.2829,3.5749
3.2829,2.8557
3.2829,2.7973
-3.5021,-3.2019
-3.5021,-2.8789
-3.5021,-2.924
-3.5021,-2.738
9.6138,9.2133
5.5027,5.2076
5.5027,6.3135
5.5027,6.1105
5.5027,5.301
5.5027,4.8066
5.5027,5.1422
1.6773,1.608
1.6773,1.3482
1.6773,0.76077
6.3135,7.0099
6.3135,5.5027
6.3135,6.2192
6.3135,6.1105
6.3135,5.9869
-4.7972,-5.2865
-6.1803,-7.074
-6.1803,-6.2838
-6.1803,-6.1679
-6.1803,-6.2066
-3.0205,-2.4072
-3.0205,-3.2562
-3.0205,-3.5089
-3.0205,-2.5794
-3.0205,-2.3972
-0.37419,-0.035533
-0.37419,-1.1126
-0.37419,-0.32301
-0.37419,-1.1031
5.0812,4.3423
5.0812,4.7714
5.0812,4.162
5.0812,5.2277
5.0812,4.8428
5.0812,5.7935
-3.5089,-4.1529
-3.5089,-3.2562
-3.5089,-3.0205
-3.5089,-2.5794
-3.5089,-2.9343
-3.5089,-3.1892
-3.5089,-4.2774
-3.5089,-3.2551
6.8943,6.1262
6.8943,6.575
6.8943,7.5899
-6.5315,-6.0137
-6.5315,-5.9255
-6.5315,-6.361
-6.5315,-6.6391
-2.5615,-3.2019
-2.5615,-1.6109
-2.5615,-2.0524
-2.5615,-2.8789
-2.5615,-2.4025
-2.5615,-2.924
-2.5615,-2.1691
-2.5615,-2.3953
-2.5615,-2.0611
-2.0524,-2.5615
-2.0524,-2.4025
-2.0524,-2.924
-2.0524,-1.1126
-2.0524,-1.7111
-2.0524,-2.1691
-2.0524,-2.057
-2.0524,-2.738
-5.2716,-6.1679
-5.2716,-5.186
-5.2716,-6.2066
3.8535,4.3251
3.8535,3.7019
3.8535,4.5798
3.8535,3.2829
3.8535,4.0748
3.8535,4.4381
3.8535,3.5079
3.8535,3.5749
3.8535,4.7967
4.0748,4.3251
4.0748,3.7019
4.0748,4.5798
4.0748,3.2829
4.0748,3.8535
4.0748,4.4381
4.0748,3.5079
4.0748,3.5749
4.0748,4.7967
6.2192,7.0099
6.2192,5.7365
6.2192,6.3135
6.2192,6.1105
6.2192,6.8902
6.2192,5.84
6.2192,5.9869
-0.52746,-1.4586
-0.52746,-1.2043
-0.52746,-0.84387
-0.52746,-1.4718
4.3423,4.1103
4.3423,5.0812
4.3423,4.5859
4.3423,4.162
4.3423,5.2277
4.3423,3.9205
4.3423,3.6681
4.3423,4.8428
-7.0864,-7.074
-7.0864,-6.2838
-7.0864,-7.8433
-7.0864,-6.9543
2.7538,3.3249
2.7538,3.4341
2.7538,2.7301
2.7538,2.3257
2.7538,2.9808
2.7538,2.482
2.7538,3.6681
2.7538,3.2872
2.7538,3.6481
7.8668,7.4098
7.8668,6.9536
7.8668,7.5768
-3.5962,-4.0534
-3.5962,-3.3025
-3.5962,-4.3682
-3.5962,-4.1217
-3.5962,-3.6052
-3.5962,-4.3517
-3.5962,-2.6973
4.7714,4.4195
4.7714,5.0812
4.7714,5.6849
4.7714,5.5209
4.7714,5.2106
4.7714,4.8428
-1.9978,-2.4072
-1.9978,-2.5794
-1.9978,-1.5433
-4.753,-5.502
-4.753,-4.0534
-4.753,-5.1387
-4.753,-5.6084
-4.753,-5.239
-4.753,-4.6705
-4.753,-4.3682
-4.753,-4.3517
-4.753,-4.921
-4.753,-4.9236
-7.7896,-7.9545
-7.7896,-8.756
-7.7896,-7.3163
-7.7896,-8.062
-7.7896,-6.8984
5.6849,6.2039
5.6849,4.7714
5.6849,5.5209
5.6849,6.1262
5.6849,5.2106
5.6849,6.575
5.6849,4.8428
5.6849,5.7935
-7.1082,-6.1598
-1.2043,-2.0627
-1.2043,-1.4586
-1.2043,-0.52746
-1.2043,-1.4718
-1.2043,-1.5175
-7.9545,-7.7896
-0.84387,-0.52746
-0.84387,-1.5433
5.5209,6.2039
5.5209,4.7714
5.5209,5.6849
5.5209,6.1262
5.5209,5.2106
5.5209,4.8428
5.5209,5.7935
4.3103,5.2076
4.3103,4.425
4.3103,5.301
4.3103,4.8931
4.3103,5.1422
6.1262,6.8943
6.1262,5.6849
6.1262,5.5209
6.1262,6.575
6.1262,5.7935
4.5859,4.1103
4.5859,4.3423
4.5859,4.162
4.5859,5.2277
4.5859,4.2303
4.5859,3.6681
4.5859,3.6481
4.4381,3.7019
4.4381,4.946
4.4381,3.8535
4.4381,4.0748
4.4381,4.7967
4.4381,4.1327
6.1105,7.0099
6.1105,5.7365
6.1105,5.2076
6.1105,5.5027
6.1105,6.3135
6.1105,6.2192
6.1105,5.301
6.1105,5.1422
6.1105,5.9869
-2.7217,-3.6052
-2.7217,-2.6973
-2.7217,-3.4809
-5.1387,-4.753
-5.1387,-5.6084
-5.1387,-4.6705
-5.1387,-4.9236
-5.1387,-6.0387
2.7301,2.1124
2.7301,3.3249
2.7301,3.4341
2.7301,2.7538
2.7301,3.1307
2.7301,2.482
2.7301,3.6481
-2.5794,-2.4072
-2.5794,-3.2562
-2.5794,-3.0205
-2.5794,-3.5089
-2.5794,-1.9978
-2.5794,-2.3237
-2.5794,-3.2551
-2.5794,-2.2932
-2.5794,-2.3972
7.066,6.2039
7.066,7.9334
7.066,7.5899
-3.3025,-3.5962
-3.3025,-4.1217
-3.3025,-2.6973
-5.6084,-6.0137
-5.6084,-5.502
-5.6084,-4.753
-5.6084,-5.1387
-5.6084,-4.6705
-5.6084,-5.9255
-5.6084,-4.921
-5.6084,-4.9236
-5.6084,-6.0387
-2.7481,-3.3247
-2.7481,-2.057
5.301,5.2076
5.301,4.425
5.301,5.5027
5.301,4.3103
5.301,6.1105
5.301,4.8066
5.301,5.1422
5.301,5.9869
-4.0408,-4.0534
-4.0408,-4.6705
-4.0408,-4.9236
-4.0408,-3.4809
-5.239,-6.0137
-5.239,-5.502
-5.239,-4.753
-5.239,-4.3682
-5.239,-5.9255
-5.239,-4.921
-5.239,-5.2865
-2.8789,-3.2019
-2.8789,-3.5021
-2.8789,-2.5615
-2.8789,-2.4025
-2.8789,-2.1691
-2.8789,-2.3953
-2.8789,-2.0611
3.5079,4.3251
3.5079,3.8535
3.5079,4.0748
3.5079,4.0922
3.5079,3.5749
3.5079,2.7973
1.3482,1.608
1.3482,1.6773
1.3482,0.76077
1.3482,1.0894
4.0922,4.2195
4.0922,4.3251
4.0922,4.5798
4.0922,3.5079
4.0922,4.725
4.0922,4.8371
-1.4299,-1.0479
-1.4299,-1.6109
-1.4299,-1.1126
-1.4299,-2.1691
-1.4299,-2.0611
-1.4299,-1.1031
5.3204,4.5798
5.3204,4.946
5.3204,4.7967
5.3204,4.8371
5.3204,5.6908
2.3257,2.7538
2.3257,2.9808
2.3257,2.482
2.3257,3.2872
4.8931,5.7365
4.8931,5.2076
4.8931,4.3103
4.8931,5.1422
-6.1598,-5.6491
-6.1598,-7.1082
-6.1598,-6.0387
2.9808,3.4182
2.9808,2.7538
2.9808,2.3257
2.9808,3.9205
2.9808,3.6681
2.9808,3.2872
-8.756,-7.7896
-8.756,-8.062
-7.3163,-7.7436
-7.3163,-7.7896
-7.3163,-8.062
-7.3163,-6.8984
6.2728,5.7365
6.2728,6.8902
6.2728,5.84
6.8902,7.0099
6.8902,6.2192
6.8902,6.2728
6.8902,5.9869
-2.4025,-3.2019
-2.4025,-1.6109
-2.4025,-2.5615
-2.4025,-2.0524
-2.4025,-2.8789
-2.4025,-2.924
-2.4025,-1.7111
-2.4025,-2.1691
-2.4025,-2.0611
-2.4025,-2.738
-3.3247,-2.7481
-3.3247,-3.8025
-3.3247,-2.924
-3.3247,-2.738
6.9536,7.4098
6.9536,7.8668
6.9536,7.5768
6.9536,6.933
7.9334,7.8122
7.9334,7.066
-3.8025,-3.3247
-4.2541,-4.1529
-4.2541,-3.8763
-4.2541,-5.186
-4.6705,-5.502
-4.6705,-4.0534
-4.6705,-4.753
-4.6705,-5.1387
-4.6705,-5.6084
-4.6705,-4.0408
-4.6705,-4.3517
-4.6705,-4.921
-4.6705,-4.9236
4.162,4.4195
4.162,4.1103
4.162,5.0812
4.162,4.3423
4.162,4.5859
4.162,3.9205
4.162,3.6681
4.162,4.8428
4.162,3.2872
4.121,3.3249
4.121,3.1307
4.121,4.2303
-7.0713,-6.361
5.2106,4.4195
5.2106,4.7714
5.2106,5.6849
5.2106,5.5209
-2.924,-3.2019
-2.924,-3.5021
-2.924,-2.5615
-2.924,-2.0524
-2.924,-2.4025
-2.924,-3.3247
-2.924,-2.1691
-2.924,-2.738
-6.1679,-7.0948
-6.1679,-6.1803
-6.1679,-5.2716
-6.1679,-5.186
-6.1679,-6.2066
3.1307,3.3249
3.1307,2.7301
3.1307,4.121
3.5749,4.3251
3.5749,3.2829
3.5749,3.8535
3.5749,4.0748
3.5749,3.5079
3.5749,2.7973
-1.1126,-1.6109
-1.1126,-0.37419
-1.1126,-2.0524
-1.1126,-1.4299
-1.1126,-1.7111
-1.1126,-1.1031
-4.3682,-3.5962
-4.3682,-4.753
-4.3682,-5.239
-4.3682,-4.1217
-4.3682,-4.3517
-4.3682,-4.921
-4.3682,-5.2865
-1.7111,-2.0524
-1.7111,-2.4025
-1.7111,-1.1126
-1.7111,-2.1691
-1.7111,-2.057
-8.7324,-8.062
-8.7324,-8.9029
4.725,4.2195
4.725,4.3251
4.725,5.3551
4.725,4.0922
4.725,5.3259
4.725,5.0558
4.725,4.8371
7.5768,7.8122
7.5768,7.8668
7.5768,6.9536
7.5768,6.933
-2.1691,-1.6109
-2.1691,-2.5615
-2.1691,-2.0524
-2.1691,-2.8789
-2.1691,-1.4299
-2.1691,-2.4025
-2.1691,-2.924
-2.1691,-1.7111
-2.1691,-2.0611
-2.1691,-2.738
5.2277,5.0812
5.2277,4.3423
5.2277,4.5859
5.2277,4.8428
5.2277,5.7935
-1.5433,-2.4072
-1.5433,-1.4586
-1.5433,-1.9978
-1.5433,-0.84387
-1.5433,-2.3237
-1.5433,-1.4718
-1.5433,-2.3972
-2.3953,-2.5615
-2.3953,-2.8789
-2.3953,-2.0611
-4.1217,-3.5962
-4.1217,-3.3025
-4.1217,-4.3682
-4.1217,-4.3517
9.2133,9.6138
-2.057,-2.0524
-2.057,-2.7481
-2.057,-1.7111
-2.057,-2.738
4.2303,4.1103
4.2303,3.3249
4.2303,4.5859
4.2303,4.121
4.2303,3.6481
3.4768,3.7019
3.4768,2.8557
3.4768,4.1327
-3.6052,-4.0534
-3.6052,-3.5962
-3.6052,-2.7217
-3.6052,-4.3517
-3.6052,-3.4809
-4.3517,-4.0534
-4.3517,-3.5962
-4.3517,-4.753
-4.3517,-4.6705
-4.3517,-4.3682
-4.3517,-4.1217
-4.3517,-3.6052
-4.3517,-4.921
2.482,3.4341
2.482,2.7538
2.482,2.7301
2.482,2.3257
-8.062,-7.7436
-8.062,-7.7896
-8.062,-8.756
-8.062,-7.3163
-8.062,-8.7324
-6.0348,-6.0137
-6.0348,-6.361
-6.0348,-5.2865
2.8557,3.7019
2.8557,3.2829
2.8557,3.4768
4.7967,4.3251
4.7967,4.5798
4.7967,4.946
4.7967,3.8535
4.7967,4.0748
4.7967,4.4381
4.7967,5.3204
4.7967,4.8371
-2.9343,-2.0627
-2.9343,-2.203
-2.9343,-3.2562
-2.9343,-3.5089
-2.9343,-2.3237
-2.9343,-3.0531
-2.9343,-3.1892
-2.9343,-3.2551
-2.9343,-2.2932
-2.9343,-2.3972
-2.3237,-2.4072
-2.3237,-2.0627
-2.3237,-2.203
-2.3237,-3.2562
-2.3237,-1.4586
-2.3237,-2.5794
-2.3237,-1.5433
-2.3237,-2.9343
-2.3237,-1.4718
-2.3237,-3.1892
-2.3237,-3.2551
-2.3237,-2.2932
-2.3237,-2.3972
3.9205,4.4195
3.9205,3.4182
3.9205,4.3423
3.9205,2.9808
3.9205,4.162
3.9205,3.6681
3.9205,4.8428
3.9205,3.2872
5.3259,4.725
5.3259,5.0558
-2.6973,-3.5962
-2.6973,-2.7217
-2.6973,-3.3025
-8.9029,-8.7324
-3.8763,-4.1529
-3.8763,-4.2541
-3.8763,-3.0531
-3.8763,-3.1892
-3.8763,-3.2551
-3.0531,-2.203
-3.0531,-2.9343
-3.0531,-3.8763
-3.0531,-3.1892
-3.0531,-3.2551
-1.4718,-2.4072
-1.4718,-2.0627
-1.4718,-1.4586
-1.4718,-0.52746
-1.4718,-1.2043
-1.4718,-1.5433
-1.4718,-2.3237
-1.4718,-2.2932
-1.4718,-2.3972
-5.9255,-6.0137
-5.9255,-5.502
-5.9255,-6.5315
-5.9255,-5.6084
-5.9255,-5.239
-5.9255,-6.6391
-5.9255,-6.0387
-0.32301,-1.0479
-0.32301,-0.37419
-0.32301,-1.1031
-3.1892,-4.1529
-3.1892,-3.2562
-3.1892,-3.5089
-3.1892,-2.9343
-3.1892,-2.3237
-3.1892,-3.8763
-3.1892,-3.0531
-3.1892,-3.2551
-3.1892,-2.2932
-3.1892,-2.3972
5.0558,4.2195
5.0558,4.3251
5.0558,4.5798
5.0558,5.3551
5.0558,4.725
5.0558,5.3259
5.0558,4.8371
5.0558,5.6908
4.8066,4.425
4.8066,5.5027
4.8066,5.301
2.7973,3.2829
2.7973,3.5079
2.7973,3.5749
-4.921,-5.502
-4.921,-4.753
-4.921,-5.6084
-4.921,-5.239
-4.921,-4.6705
-4.921,-4.3682
-4.921,-4.3517
-4.921,-5.2865
5.1422,5.7365
5.1422,5.2076
5.1422,5.5027
5.1422,4.3103
5.1422,6.1105
5.1422,5.301
5.1422,4.8931
5.1422,5.9869
6.575,6.2039
6.575,6.8943
6.575,5.6849
6.575,6.1262
3.6681,4.1103
3.6681,3.4341
3.6681,4.3423
3.6681,2.7538
3.6681,4.5859
3.6681,2.9808
3.6681,4.162
3.6681,3.9205
3.6681,3.2872
3.6681,3.6481
5.84,5.7365
5.84,6.2192
5.84,6.2728
5.84,5.9869
-2.0611,-1.428
-2.0611,-1.6109
-2.0611,-2.5615
-2.0611,-2.8789
-2.0611,-1.4299
-2.0611,-2.4025
-2.0611,-2.1691
-2.0611,-2.3953
-6.361,-6.0137
-6.361,-6.5315
-6.361,-7.0713
-6.361,-6.0348
4.8371,4.3251
4.8371,4.5798
4.8371,5.3551
4.8371,4.0922
4.8371,5.3204
4.8371,4.725
4.8371,4.7967
4.8371,5.0558
4.8371,5.6908
-7.8433,-7.0864
-7.8433,-6.9543
-1.5175,-2.203
-1.5175,-1.2043
7.5899,6.8943
7.5899,7.066
-4.2774,-4.1529
-4.2774,-3.5089
-5.186,-5.2716
-5.186,-4.2541
-5.186,-6.1679
5.6908,5.3551
5.6908,5.3204
5.6908,5.0558
5.6908,4.8371
5.9869,5.7365
5.9869,5.2076
5.9869,6.3135
5.9869,6.2192
5.9869,6.1105
5.9869,5.301
5.9869,6.8902
5.9869,5.1422
5.9869,5.84
-6.8984,-7.7896
-6.8984,-7.3163
4.8428,4.4195
4.8428,5.0812
4.8428,4.3423
4.8428,4.7714
4.8428,5.6849
4.8428,5.5209
4.8428,4.162
4.8428,5.2277
4.8428,3.9205
4.8428,5.7935
-6.2066,-7.0948
-6.2066,-6.1803
-6.2066,-5.2716
-6.2066,-6.1679
-4.9236,-4.0534
-4.9236,-4.753
-4.9236,-5.1387
-4.9236,-5.6084
-4.9236,-4.0408
-4.9236,-4.6705
-5.2865,-6.0137
-5.2865,-5.502
-5.2865,-4.7972
-5.2865,-5.239
-5.2865,-4.3682
-5.2865,-6.0348
-5.2865,-4.921
-6.6391,-6.5315
-6.6391,-5.9255
-6.6391,-6.0387
-3.2551,-4.1529
-3.2551,-3.2562
-3.2551,-3.5089
-3.2551,-2.5794
-3.2551,-2.9343
-3.2551,-2.3237
-3.2551,-3.8763
-3.2551,-3.0531
-3.2551,-3.1892
-3.2551,-2.2932
-3.2551,-2.3972
6.933,7.8122
6.933,6.9536
6.933,7.5768
-2.2932,-2.4072
-2.2932,-2.0627
-2.2932,-2.203
-2.2932,-1.4586
-2.2932,-2.5794
-2.2932,-2.9343
-2.2932,-2.3237
-2.2932,-1.4718
-2.2932,-3.1892
-2.2932,-3.2551
-2.2932,-2.3972
-6.0387,-5.502
-6.0387,-5.1387
-6.0387,-5.6084
-6.0387,-6.1598
-6.0387,-5.9255
-6.0387,-6.6391
0.71771,-0.035533
0.71771,1.608
0.71771,0.76077
3.2872,3.4341
3.2872,2.7538
3.2872,2.3257
3.2872,2.9808
3.2872,4.162
3.2872,3.9205
3.2872,3.6681
3.2872,3.6481
4.1327,3.7019
4.1327,4.4381
4.1327,3.4768
-1.1031,-1.6109
-1.1031,-0.37419
-1.1031,-1.4299
-1.1031,-1.1126
-1.1031,-0.32301
-2.3972,-2.4072
-2.3972,-2.0627
-2.3972,-3.2562
-2.3972,-1.4586
-2.3972,-3.0205
-2.3972,-2.5794
-2.3972,-1.5433
-2.3972,-2.9343
-2.3972,-2.3237
-2.3972,-1.4718
-2.3972,-3.1892
-2.3972,-3.2551
-2.3972,-2.2932
-6.9543,-7.0864
-6.9543,-7.8433
-3.4809,-4.0534
-3.4809,-2.7217
-3.4809,-4.0408
-3.4809,-3.6052
3.6481,4.1103
3.6481,3.3249
3.6481,3.4341
3.6481,2.7538
3.6481,4.5859
3.6481,2.7301
3.6481,4.2303
3.6481,3.6681
3.6481,3.2872
0.76077,-0.035533
0.76077,1.6773
0.76077,1.3482
0.76077,0.71771
-2.738,-3.2019
-2.738,-3.5021
-2.738,-2.0524
-2.738,-2.4025
-2.738,-3.3247
-2.738,-2.924
-2.738,-2.1691
-2.738,-2.057
5.7935,5.0812
5.7935,5.6849
5.7935,5.5209
5.7935,6.1262
5.7935,5.2277
5.7935,4.8428
1.0894,1.3482
