-1.737,-2.1287
-1.737,-2.3753
-1.737,-2.1781
-1.737,-1.9616
-1.737,-2.0585
-1.737,-1.4742
-1.737,-1.203
-1.737,-1.7438
-1.737,-2.471
-1.737,-2.3619
-1.737,-0.93499
-1.737,-1.4779
-1.737,-1.7461
-6.4187,-6.6037
-6.4187,-5.8456
-6.4187,-6.1565
-6.4187,-6.2095
-6.4187,-5.6027
-4.5815,-5.385
-4.5815,-4.2158
-4.5815,-4.6472
-4.5815,-5.2622
-4.5815,-5.246
-4.5815,-4.7842
-5.7003,-5.2891
-5.7003,-6.6461
-5.7003,-6.0546
-5.7003,-5.5642
-5.7003,-5.0438
-5.7003,-5.6661
-5.7003,-6.3005
-5.7003,-6.2196
1.3475,1.7374
1.3475,0.90447
1.3475,0.72195
1.3475,1.8311
1.3475,0.86789
1.3475,2.2558
1.3475,1.0505
-2.5838,-3.0206
-2.5838,-2.1287
-2.5838,-2.3753
-2.5838,-2.2088
-2.5838,-2.3581
-2.5838,-2.935
-2.5838,-2.0585
-2.5838,-2.1587
-2.5838,-3.0351
-2.5838,-2.8438
-2.5838,-3.0181
-2.5838,-1.7438
-2.5838,-1.987
-2.5838,-2.7581
-2.5838,-3.2653
-2.5838,-2.6657
-2.5838,-1.7461
-2.7864,-3.1926
-2.7864,-3.0206
-2.7864,-2.3753
-2.7864,-2.1781
-2.7864,-1.9616
-2.7864,-2.5649
-2.7864,-2.965
-2.7864,-3.4947
-2.7864,-3.4051
-2.7864,-2.471
-2.7864,-2.3619
-2.7864,-2.7581
-2.7864,-2.6657
-6.6037,-6.4187
-6.6037,-6.0546
-6.6037,-6.1565
-6.6037,-6.9429
-6.6037,-6.2095
-6.6037,-6.3005
-6.6037,-7.2714
5.1265,4.2966
5.1265,4.7552
-3.1926,-2.7864
-3.1926,-3.0206
-3.1926,-2.935
-3.1926,-3.7856
-3.1926,-2.965
-3.1926,-3.4947
-3.1926,-3.4051
-3.1926,-3.7036
-3.1926,-2.471
-3.1926,-4.0429
-3.1926,-2.3619
-3.1926,-2.7581
-3.1926,-2.6657
4.7639,4.0464
4.7639,5.1479
4.7639,4.8932
4.7639,4.7552
4.7639,4.3575
4.7639,4.078
-5.6997,-5.8456
-5.6997,-4.809
-5.6997,-5.6027
-5.2891,-5.7003
-5.2891,-5.095
-5.2891,-4.6472
-5.2891,-6.0546
-5.2891,-5.5642
-5.2891,-5.0438
-5.2891,-4.5523
-5.2891,-5.6661
-5.2891,-6.2196
6.5289,5.5738
6.5289,6.4262
6.5289,5.9836
6.5289,5.6526
6.5289,6.1002
4.294,4.7996
4.294,5.101
4.294,4.7362
4.294,3.7499
4.294,4.3643
4.2966,5.1265
4.2966,4.078
-3.0206,-2.5838
-3.0206,-2.7864
-3.0206,-3.1926
-3.0206,-2.3753
-3.0206,-2.1781
-3.0206,-2.935
-3.0206,-3.7856
-3.0206,-3.4947
-3.0206,-3.4051
-3.0206,-3.7036
-3.0206,-2.8438
-3.0206,-2.471
-3.0206,-2.3619
-3.0206,-2.7581
-3.0206,-3.2653
-3.0206,-2.6657
6.2009,6.4475
6.2009,5.2079
6.2009,5.4818
6.2009,5.7689
6.2009,5.812
-2.1287,-1.737
-2.1287,-2.5838
-2.1287,-2.3753
-2.1287,-2.3581
-2.1287,-2.1781
-2.1287,-2.935
-2.1287,-2.0585
-2.1287,-2.1587
-2.1287,-1.4742
-2.1287,-2.8438
-2.1287,-1.3301
-2.1287,-1.7438
-2.1287,-2.471
-2.1287,-1.987
-2.1287,-2.7581
-2.1287,-2.6657
-2.1287,-1.6649
-2.1287,-1.7461
5.7679,5.4929
5.7679,5.1922
5.7679,6.4262
5.7679,5.9836
5.7679,5.0775
-5.385,-4.5815
-5.385,-5.8456
-5.385,-5.5333
-5.385,-6.1565
-5.385,-5.2622
-5.385,-5.6661
-5.385,-5.246
-5.385,-4.7842
-5.385,-5.6027
-6.6461,-5.7003
-6.6461,-6.7859
-6.6461,-6.0546
-6.6461,-6.9429
-6.6461,-6.2095
-6.6461,-6.3005
-6.6461,-7.2714
-6.6461,-7.231
-6.6461,-6.2196
1.1633,1.7278
1.1633,0.43935
1.1633,0.71926
1.1633,0.97538
1.1633,1.3532
1.1633,0.47794
2.1186,1.8408
2.1186,1.7278
2.1186,1.382
2.1186,2.0645
2.1186,2.3064
2.1186,1.3532
1.4058,1.0346
1.4058,1.8311
5.5738,6.5289
5.5738,4.7996
5.5738,5.4929
5.5738,4.8163
5.5738,5.101
5.5738,5.9836
5.5738,5.7606
5.5738,4.7362
5.5738,5.3202
5.5738,5.6526
5.5738,6.1002
-5.095,-5.2891
-5.095,-5.5642
-5.095,-5.9522
-5.095,-4.5523
7.0774,6.2054
-2.3753,-1.737
-2.3753,-2.5838
-2.3753,-2.7864
-2.3753,-3.0206
-2.3753,-2.1287
-2.3753,-2.1781
-2.3753,-2.935
-2.3753,-2.0585
-2.3753,-2.1587
-2.3753,-1.4742
-2.3753,-2.8438
-2.3753,-1.7438
-2.3753,-2.471
-2.3753,-2.3619
-2.3753,-1.987
-2.3753,-2.7581
-2.3753,-3.2653
-2.3753,-2.6657
-2.3753,-1.7461
-0.71189,-0.80516
-0.71189,-0.15699
-0.71189,-0.26796
-0.71189,0.10706
4.5246,5.1006
4.5246,4.3575
4.5246,4.0296
4.5246,4.9104
4.7996,4.294
4.7996,5.5738
4.7996,5.101
4.7996,5.7606
4.7996,4.7362
4.7996,5.3202
4.7996,5.2761
4.7996,4.3643
5.4929,5.7679
5.4929,5.5738
5.4929,4.8163
5.4929,5.1922
5.4929,6.4262
5.4929,5.9836
5.4929,5.0775
5.4929,5.3202
5.4929,5.6526
5.4929,4.6682
-2.1135,-2.2088
-2.1135,-1.8531
-2.1135,-1.2828
-2.1135,-2.8414
-2.2088,-2.5838
-2.2088,-2.1135
-2.2088,-2.3581
-2.2088,-1.8531
-2.2088,-2.8414
-2.2088,-2.1587
-2.2088,-3.0351
-2.2088,-2.8438
-2.2088,-3.0181
-2.2088,-1.987
-2.2088,-1.6649
1.7374,1.3475
1.7374,2.166
1.7374,1.4252
1.7374,0.90447
1.7374,2.2558
1.7374,1.0505
-2.3581,-2.5838
-2.3581,-2.1287
-2.3581,-2.2088
-2.3581,-1.8531
-2.3581,-2.935
-2.3581,-2.8414
-2.3581,-2.1587
-2.3581,-3.0351
-2.3581,-2.8438
-2.3581,-3.0181
-2.3581,-1.987
-2.3581,-2.6657
-2.3581,-1.6649
2.166,1.7374
2.166,1.4252
1.8408,2.1186
1.8408,2.3632
1.8408,1.9967
1.8408,1.5762
1.8408,1.382
1.8408,1.2205
1.8408,2.3064
1.8408,1.021
-2.1781,-1.737
-2.1781,-2.7864
-2.1781,-3.0206
-2.1781,-2.1287
-2.1781,-2.3753
-2.1781,-1.9616
-2.1781,-2.5649
-2.1781,-2.0585
-2.1781,-1.203
-2.1781,-1.7438
-2.1781,-2.471
-2.1781,-2.3619
-2.1781,-2.7581
-2.1781,-2.6657
-2.1781,-1.4779
-2.1781,-1.7461
4.8163,5.5738
4.8163,5.4929
4.8163,5.101
4.8163,4.2962
4.8163,5.1922
4.8163,5.0775
4.8163,4.7362
4.8163,5.3202
4.8163,5.6526
4.8163,4.1064
4.8163,4.6682
4.8163,4.3643
4.0464,4.7639
4.0464,4.8932
4.0464,4.3575
4.0464,4.9104
4.0464,4.078
6.6702,7.2381
6.6702,6.2917
6.6702,5.7606
6.6702,6.1002
6.6702,7.1206
5.1479,4.7639
5.1479,4.8932
5.1479,4.7552
5.1479,5.4818
5.1479,5.9302
5.1479,5.7689
2.3632,1.8408
2.3632,1.9967
2.3632,1.5762
2.3632,3.0102
2.3632,2.3064
-5.8456,-6.4187
-5.8456,-5.6997
-5.8456,-5.385
-5.8456,-6.1565
-5.8456,-5.6027
-6.7859,-6.6461
-6.7859,-6.7094
-6.7859,-6.3005
-6.7859,-7.231
-6.7859,-6.2196
5.101,4.294
5.101,5.5738
5.101,4.7996
5.101,4.8163
5.101,5.0775
5.101,5.7606
5.101,4.7362
5.101,5.3202
5.101,5.6526
5.101,5.2761
5.101,4.6682
5.101,4.3643
-1.9616,-1.737
-1.9616,-2.7864
-1.9616,-2.1781
-1.9616,-2.5649
-1.9616,-1.1812
-1.9616,-1.9386
-1.9616,-1.203
-1.9616,-2.471
-1.9616,-2.3619
-1.9616,-2.7581
-1.9616,-1.4779
-1.9616,-1.7461
-5.5333,-5.385
-5.5333,-4.6472
-5.5333,-6.0546
-5.5333,-6.1565
-5.5333,-5.2622
-5.5333,-5.0438
-5.5333,-6.2095
-5.5333,-5.6661
-5.5333,-5.246
-5.5333,-5.6027
-1.8531,-2.1135
-1.8531,-2.2088
-1.8531,-2.3581
-1.8531,-1.0823
-1.8531,-1.2828
-1.8531,-2.1587
-1.8531,-1.987
-1.8531,-1.6649
1.7278,1.1633
1.7278,2.1186
1.7278,2.0645
1.7278,1.3532
4.2962,4.8163
4.2962,3.3847
4.2962,3.8937
4.2962,3.9533
4.2962,4.5557
4.2962,5.1922
4.2962,4.8993
4.2962,5.0775
4.2962,4.1064
4.2962,4.6682
4.2962,4.3643
3.3847,4.2962
3.3847,3.8937
3.3847,3.2283
3.3847,3.7499
3.3847,4.1064
7.2381,6.6702
7.2381,6.2917
-4.2158,-4.5815
-4.2158,-4.6472
-2.935,-2.5838
-2.935,-3.1926
-2.935,-3.0206
-2.935,-2.1287
-2.935,-2.3753
-2.935,-2.3581
-2.935,-3.7856
-2.935,-2.0585
-2.935,-3.4051
-2.935,-3.7036
-2.935,-2.1587
-2.935,-3.0351
-2.935,-2.8438
-2.935,-3.0181
-2.935,-3.8086
-2.935,-2.7581
-2.935,-3.2653
-2.935,-2.6657
-2.5649,-2.7864
-2.5649,-2.1781
-2.5649,-1.9616
-2.5649,-2.965
-2.5649,-3.4947
-2.5649,-1.9386
-2.5649,-2.471
-2.5649,-2.3619
6.4475,6.2009
6.4475,5.4818
6.4475,5.9302
6.4475,5.7689
-4.6472,-4.5815
-4.6472,-5.2891
-4.6472,-5.5333
-4.6472,-4.2158
-4.6472,-4.241
-4.6472,-5.2622
-4.6472,-5.0438
-4.6472,-5.246
-1.1812,-1.9616
-1.1812,-0.30003
-1.1812,-1.9386
-1.1812,-1.203
-1.1812,-1.4779
-4.809,-5.6997
-4.809,-4.7842
1.4252,1.7374
1.4252,2.166
1.4252,0.90447
-3.7856,-3.1926
-3.7856,-3.0206
-3.7856,-2.935
-3.7856,-3.4051
-3.7856,-3.7036
-3.7856,-3.0351
-3.7856,-3.8086
-3.7856,-3.2653
1.9967,1.8408
1.9967,2.3632
1.9967,1.4403
1.9967,1.5762
-0.64009,-1.0823
-0.64009,-1.4742
-0.64009,-1.203
-0.64009,-1.3301
-0.64009,0.1591
-0.64009,-0.93499
-0.64009,-0.64287
-6.7094,-6.7859
-6.7094,-5.9522
0.43935,1.1633
0.43935,-0.26796
0.43935,-0.22003
0.43935,0.71926
0.43935,0.14665
0.43935,0.97538
0.43935,0.34552
0.43935,0.10706
0.43935,1.3532
0.43935,1.021
0.43935,0.25635
5.8537,6.6392
-1.0823,-1.8531
-1.0823,-0.64009
-1.0823,-1.2828
-1.0823,-1.4742
-1.0823,-1.3301
-1.0823,-1.7438
-1.0823,-1.987
-1.0823,-1.6649
-0.80516,-0.71189
-0.80516,-0.26796
-0.80516,-0.22003
-0.80516,0.14665
-6.0546,-5.7003
-6.0546,-6.6037
-6.0546,-5.2891
-6.0546,-6.6461
-6.0546,-5.5333
-6.0546,-6.1565
-6.0546,-6.9429
-6.0546,-6.2095
-6.0546,-5.6661
-6.0546,-5.246
-6.0546,-6.3005
-6.0546,-6.2196
7.0654,7.9262
7.0654,6.6392
-4.241,-4.6472
-4.241,-5.0438
-4.241,-4.5523
-1.2828,-2.1135
-1.2828,-1.8531
-1.2828,-1.0823
-1.2828,-1.6649
5.1006,4.5246
5.1006,5.2079
5.1006,4.9104
5.1006,5.812
4.8932,4.7639
4.8932,4.0464
4.8932,5.1479
4.8932,4.3575
4.8932,5.2079
4.8932,5.4818
4.8932,4.9104
4.8932,5.7689
1.0346,1.4058
1.0346,1.8311
1.0346,0.86789
1.0346,0.33533
1.0346,1.0505
-2.965,-2.7864
-2.965,-3.1926
-2.965,-2.5649
-2.965,-3.4947
-2.965,-2.471
-2.965,-2.3619
4.7552,5.1265
4.7552,4.7639
4.7552,5.1479
4.7552,4.078
0.0058358,0.90447
0.0058358,-0.012096
-0.15699,-0.71189
-0.15699,0.70979
-0.15699,0.34552
-0.15699,0.51432
0.90447,1.3475
0.90447,1.7374
0.90447,1.4252
0.90447,0.0058358
0.90447,0.72195
-5.5642,-5.7003
-5.5642,-5.2891
-5.5642,-5.095
-5.5642,-5.9522
-5.5642,-5.0438
-5.5642,-6.2196
-2.0585,-1.737
-2.0585,-2.5838
-2.0585,-2.1287
-2.0585,-2.3753
-2.0585,-2.1781
-2.0585,-2.935
-2.0585,-2.1587
-2.0585,-1.4742
-2.0585,-2.8438
-2.0585,-1.3301
-2.0585,-1.7438
-2.0585,-2.471
-2.0585,-2.3619
-2.0585,-1.987
-2.0585,-2.7581
-2.0585,-2.6657
-2.0585,-1.7461
3.8937,4.2962
3.8937,3.3847
3.8937,4.5557
3.8937,3.2283
3.8937,4.1064
3.8937,4.6682
3.8937,4.3643
-0.26796,-0.71189
-0.26796,0.43935
-0.26796,-0.80516
-0.26796,0.14665
-0.26796,0.34552
-0.26796,0.10706
-0.26796,0.25635
3.9533,4.2962
3.9533,4.5557
3.9533,4.8993
3.9533,3.2283
4.3575,4.7639
4.3575,4.5246
4.3575,4.0464
4.3575,4.8932
4.3575,5.2079
4.3575,4.0296
4.3575,4.9104
0.70979,-0.15699
0.70979,0.97538
0.70979,1.5762
0.70979,1.382
0.70979,1.2205
0.70979,0.96863
0.70979,0.34552
0.70979,0.10706
0.70979,1.021
0.70979,0.25635
0.70979,0.51432
1.4403,1.9967
1.4403,1.5762
1.4403,1.2205
1.4403,0.96863
4.5557,4.2962
4.5557,3.8937
4.5557,3.9533
4.5557,5.1922
4.5557,4.8993
4.5557,5.0775
4.5557,4.6682
-3.4947,-2.7864
-3.4947,-3.1926
-3.4947,-3.0206
-3.4947,-2.5649
-3.4947,-2.965
-3.4947,-3.4051
-3.4947,-4.0429
6.2917,6.6702
6.2917,7.2381
-3.4051,-2.7864
-3.4051,-3.1926
-3.4051,-3.0206
-3.4051,-2.935
-3.4051,-3.7856
-3.4051,-3.4947
-3.4051,-3.7036
-3.4051,-2.471
-3.4051,-4.0429
-3.4051,-2.7581
-3.4051,-3.2653
-3.4051,-2.6657
5.1922,5.7679
5.1922,5.4929
5.1922,4.8163
5.1922,4.2962
5.1922,4.5557
5.1922,4.8993
5.1922,5.0775
5.1922,4.6682
-3.7036,-3.1926
-3.7036,-3.0206
-3.7036,-2.935
-3.7036,-3.7856
-3.7036,-3.4051
-3.7036,-3.8086
-3.7036,-4.0429
-3.7036,-2.7581
-3.7036,-3.2653
-0.30003,-1.1812
-0.30003,-0.012096
-0.30003,0.33533
-0.30003,-0.64287
5.2079,6.2009
5.2079,5.1006
5.2079,4.8932
5.2079,4.3575
5.2079,5.4818
5.2079,4.9104
5.2079,5.7689
5.2079,5.812
-0.22003,0.43935
-0.22003,-0.80516
-0.22003,0.71926
-0.22003,0.14665
-0.22003,0.47794
0.72195,1.3475
0.72195,0.90447
0.72195,-0.012096
0.72195,0.86789
0.72195,1.0505
6.566,7.4202
5.4818,6.2009
5.4818,5.1479
5.4818,6.4475
5.4818,4.8932
5.4818,5.2079
5.4818,5.9302
5.4818,4.9104
5.4818,5.7689
5.4818,5.812
5.9302,5.1479
5.9302,6.4475
5.9302,5.4818
5.9302,5.7689
4.8993,4.2962
4.8993,3.9533
4.8993,4.5557
4.8993,5.1922
6.4262,6.5289
6.4262,5.7679
6.4262,5.4929
6.4262,5.9836
-2.8414,-2.1135
-2.8414,-2.2088
-2.8414,-2.3581
-2.8414,-3.0351
-2.8414,-3.0181
-2.8414,-3.6881
0.71926,1.1633
0.71926,0.43935
0.71926,-0.22003
0.71926,0.14665
0.71926,0.97538
0.71926,1.3532
0.71926,0.47794
-2.1587,-2.5838
-2.1587,-2.1287
-2.1587,-2.3753
-2.1587,-2.2088
-2.1587,-2.3581
-2.1587,-1.8531
-2.1587,-2.935
-2.1587,-2.0585
-2.1587,-3.0351
-2.1587,-2.8438
-2.1587,-3.0181
-2.1587,-1.7438
-2.1587,-1.987
-2.1587,-2.6657
-2.1587,-1.6649
5.9836,6.5289
5.9836,5.7679
5.9836,5.5738
5.9836,5.4929
5.9836,6.4262
5.9836,5.0775
5.9836,5.3202
5.9836,5.6526
5.9836,6.1002
-6.1565,-6.4187
-6.1565,-6.6037
-6.1565,-5.385
-6.1565,-5.8456
-6.1565,-5.5333
-6.1565,-6.0546
-6.1565,-5.2622
-6.1565,-6.2095
-6.1565,-5.6661
-6.1565,-5.246
-6.1565,-6.3005
-6.1565,-5.6027
0.14665,0.43935
0.14665,-0.80516
0.14665,-0.26796
0.14665,-0.22003
0.14665,0.71926
0.14665,0.97538
0.14665,0.10706
0.14665,0.25635
-0.012096,0.0058358
-0.012096,-0.30003
-0.012096,0.72195
-1.9386,-1.9616
-1.9386,-2.5649
-1.9386,-1.1812
-1.9386,-2.3619
-1.9386,-1.4779
1.8311,1.3475
1.8311,1.4058
1.8311,1.0346
1.8311,0.86789
1.8311,2.2558
1.8311,1.0505
0.97538,1.1633
0.97538,0.43935
0.97538,0.70979
0.97538,0.71926
0.97538,0.14665
0.97538,1.382
0.97538,0.34552
0.97538,0.10706
0.97538,1.3532
0.97538,1.021
0.97538,0.25635
-1.4742,-1.737
-1.4742,-2.1287
-1.4742,-2.3753
-1.4742,-0.64009
-1.4742,-1.0823
-1.4742,-2.0585
-1.4742,-1.203
-1.4742,-1.3301
-1.4742,-1.7438
-1.4742,-1.987
-1.4742,-0.93499
-1.4742,-1.6649
-1.4742,-1.7461
5.0775,5.7679
5.0775,5.4929
5.0775,4.8163
5.0775,5.101
5.0775,4.2962
5.0775,4.5557
5.0775,5.1922
5.0775,5.9836
5.0775,5.3202
5.0775,5.6526
5.0775,4.6682
5.0775,4.3643
-5.2622,-4.5815
-5.2622,-5.385
-5.2622,-5.5333
-5.2622,-4.6472
-5.2622,-6.1565
-5.2622,-5.0438
-5.2622,-6.2095
-5.2622,-5.6661
-5.2622,-5.246
-5.2622,-4.7842
-5.2622,-5.6027
0.86789,1.3475
0.86789,1.0346
0.86789,0.72195
0.86789,1.8311
0.86789,0.33533
0.86789,1.0505
-3.0351,-2.5838
-3.0351,-2.2088
-3.0351,-2.3581
-3.0351,-2.935
-3.0351,-3.7856
-3.0351,-2.8414
-3.0351,-2.1587
-3.0351,-2.8438
-3.0351,-3.0181
-3.0351,-3.8086
-3.0351,-3.2653
-3.0351,-2.6657
-3.0351,-3.6881
5.7606,5.5738
5.7606,4.7996
5.7606,6.6702
5.7606,5.101
5.7606,5.3202
5.7606,5.6526
5.7606,5.2761
5.7606,6.1002
1.5762,1.8408
1.5762,2.3632
1.5762,1.9967
1.5762,0.70979
1.5762,1.4403
1.5762,1.382
1.5762,1.2205
1.5762,0.96863
1.5762,2.3064
1.5762,1.021
4.7362,4.294
4.7362,5.5738
4.7362,4.7996
4.7362,4.8163
4.7362,5.101
4.7362,5.3202
4.7362,5.6526
4.7362,3.7499
4.7362,4.1064
4.7362,4.6682
4.7362,4.3643
7.9262,7.0654
-2.8438,-2.5838
-2.8438,-3.0206
-2.8438,-2.1287
-2.8438,-2.3753
-2.8438,-2.2088
-2.8438,-2.3581
-2.8438,-2.935
-2.8438,-2.0585
-2.8438,-2.1587
-2.8438,-3.0351
-2.8438,-3.0181
-2.8438,-3.8086
-2.8438,-1.987
-2.8438,-3.2653
-2.8438,-2.6657
-3.0181,-2.5838
-3.0181,-2.2088
-3.0181,-2.3581
-3.0181,-2.935
-3.0181,-2.8414
-3.0181,-2.1587
-3.0181,-3.0351
-3.0181,-2.8438
-3.0181,-3.8086
-3.0181,-3.2653
-3.0181,-3.6881
5.3202,5.5738
5.3202,4.7996
5.3202,5.4929
5.3202,4.8163
5.3202,5.101
5.3202,5.9836
5.3202,5.0775
5.3202,5.7606
5.3202,4.7362
5.3202,5.6526
5.3202,4.6682
5.3202,4.3643
-1.203,-1.737
-1.203,-2.1781
-1.203,-1.9616
-1.203,-1.1812
-1.203,-0.64009
-1.203,-1.4742
-1.203,-1.3301
-1.203,-1.7438
-1.203,-0.93499
-1.203,-1.4779
-1.203,-0.64287
-1.203,-1.7461
-5.9522,-5.095
-5.9522,-6.7094
-5.9522,-5.5642
-5.9522,-6.2196
3.2283,3.3847
3.2283,3.8937
3.2283,3.9533
3.0102,2.3632
5.6526,6.5289
5.6526,5.5738
5.6526,5.4929
5.6526,4.8163
5.6526,5.101
5.6526,5.9836
5.6526,5.0775
5.6526,5.7606
5.6526,4.7362
5.6526,5.3202
5.6526,6.1002
2.2558,1.3475
2.2558,1.7374
2.2558,1.8311
-1.3301,-2.1287
-1.3301,-0.64009
-1.3301,-1.0823
-1.3301,-2.0585
-1.3301,-1.4742
-1.3301,-1.203
-1.3301,-1.7438
-1.3301,-1.987
-1.3301,-0.93499
-1.3301,-1.6649
-1.3301,-1.7461
1.382,2.1186
1.382,1.8408
1.382,0.70979
1.382,0.97538
1.382,1.5762
1.382,1.2205
1.382,2.0645
1.382,2.3064
1.382,1.3532
1.382,1.021
1.2205,1.8408
1.2205,0.70979
1.2205,1.4403
1.2205,1.5762
1.2205,1.382
1.2205,0.96863
1.2205,0.34552
1.2205,1.021
1.2205,0.51432
0.33533,1.0346
0.33533,-0.30003
0.33533,0.86789
0.33533,0.1591
0.33533,-0.64287
6.6392,5.8537
6.6392,7.0654
6.6392,6.2054
0.96863,0.70979
0.96863,1.4403
0.96863,1.5762
0.96863,1.2205
0.96863,0.34552
0.96863,0.51432
-1.7438,-1.737
-1.7438,-2.5838
-1.7438,-2.1287
-1.7438,-2.3753
-1.7438,-2.1781
-1.7438,-1.0823
-1.7438,-2.0585
-1.7438,-2.1587
-1.7438,-1.4742
-1.7438,-1.203
-1.7438,-1.3301
-1.7438,-1.987
-1.7438,-0.93499
-1.7438,-2.6657
-1.7438,-1.6649
-1.7438,-1.7461
-2.471,-1.737
-2.471,-2.7864
-2.471,-3.1926
-2.471,-3.0206
-2.471,-2.1287
-2.471,-2.3753
-2.471,-2.1781
-2.471,-1.9616
-2.471,-2.5649
-2.471,-2.965
-2.471,-2.0585
-2.471,-3.4051
-2.471,-2.3619
-2.471,-2.7581
-2.471,-2.6657
-2.471,-1.7461
-6.9429,-6.6037
-6.9429,-6.6461
-6.9429,-6.0546
-6.9429,-6.2095
-6.9429,-6.3005
-6.9429,-7.2714
-6.9429,-7.231
-5.0438,-5.7003
-5.0438,-5.2891
-5.0438,-5.5333
-5.0438,-4.6472
-5.0438,-4.241
-5.0438,-5.5642
-5.0438,-5.2622
-5.0438,-4.5523
-5.0438,-5.6661
-5.0438,-5.246
0.1591,-0.64009
0.1591,0.33533
0.1591,-0.64287
-3.8086,-2.935
-3.8086,-3.7856
-3.8086,-3.7036
-3.8086,-3.0351
-3.8086,-2.8438
-3.8086,-3.0181
-3.8086,-3.2653
-3.8086,-3.6881
7.4202,6.566
-6.2095,-6.4187
-6.2095,-6.6037
-6.2095,-6.6461
-6.2095,-5.5333
-6.2095,-6.0546
-6.2095,-6.1565
-6.2095,-5.2622
-6.2095,-6.9429
-6.2095,-5.6661
-6.2095,-5.246
-6.2095,-6.3005
0.34552,0.43935
0.34552,-0.15699
0.34552,-0.26796
0.34552,0.70979
0.34552,0.97538
0.34552,1.2205
0.34552,0.96863
0.34552,0.10706
0.34552,1.021
0.34552,0.25635
0.34552,0.51432
-4.5523,-5.2891
-4.5523,-5.095
-4.5523,-4.241
-4.5523,-5.0438
2.0645,2.1186
2.0645,1.7278
2.0645,1.382
2.0645,2.3064
2.0645,1.3532
3.7499,4.294
3.7499,3.3847
3.7499,4.7362
3.7499,4.1064
3.7499,4.3643
-5.6661,-5.7003
-5.6661,-5.2891
-5.6661,-5.385
-5.6661,-5.5333
-5.6661,-6.0546
-5.6661,-6.1565
-5.6661,-5.2622
-5.6661,-5.0438
-5.6661,-6.2095
-5.6661,-5.246
-5.6661,-6.3005
-4.0429,-3.1926
-4.0429,-3.4947
-4.0429,-3.4051
-4.0429,-3.7036
4.0296,4.5246
4.0296,4.3575
-2.3619,-1.737
-2.3619,-2.7864
-2.3619,-3.1926
-2.3619,-3.0206
-2.3619,-2.3753
-2.3619,-2.1781
-2.3619,-1.9616
-2.3619,-2.5649
-2.3619,-2.965
-2.3619,-2.0585
-2.3619,-1.9386
-2.3619,-2.471
-2.3619,-2.7581
-2.3619,-1.4779
2.3064,2.1186
2.3064,1.8408
2.3064,2.3632
2.3064,1.5762
2.3064,1.382
2.3064,2.0645
4.9104,4.5246
4.9104,4.0464
4.9104,5.1006
4.9104,4.8932
4.9104,4.3575
4.9104,5.2079
4.9104,5.4818
4.9104,5.812
-1.987,-2.5838
-1.987,-2.1287
-1.987,-2.3753
-1.987,-2.2088
-1.987,-2.3581
-1.987,-1.8531
-1.987,-1.0823
-1.987,-2.0585
-1.987,-2.1587
-1.987,-1.4742
-1.987,-2.8438
-1.987,-1.3301
-1.987,-1.7438
-1.987,-2.6657
-1.987,-1.6649
-1.987,-1.7461
-0.93499,-1.737
-0.93499,-0.64009
-0.93499,-1.4742
-0.93499,-1.203
-0.93499,-1.3301
-0.93499,-1.7438
-0.93499,-1.4779
-0.93499,-0.64287
-0.93499,-1.7461
5.7689,6.2009
5.7689,5.1479
5.7689,6.4475
5.7689,4.8932
5.7689,5.2079
5.7689,5.4818
5.7689,5.9302
4.1064,4.8163
4.1064,4.2962
4.1064,3.3847
4.1064,3.8937
4.1064,4.7362
4.1064,3.7499
4.1064,4.6682
4.1064,4.3643
0.10706,-0.71189
0.10706,0.43935
0.10706,-0.26796
0.10706,0.70979
0.10706,0.14665
0.10706,0.97538
0.10706,0.34552
0.10706,1.021
0.10706,0.25635
0.10706,0.51432
-2.7581,-2.5838
-2.7581,-2.7864
-2.7581,-3.1926
-2.7581,-3.0206
-2.7581,-2.1287
-2.7581,-2.3753
-2.7581,-2.1781
-2.7581,-1.9616
-2.7581,-2.935
-2.7581,-2.0585
-2.7581,-3.4051
-2.7581,-3.7036
-2.7581,-2.471
-2.7581,-2.3619
-2.7581,-3.2653
-2.7581,-2.6657
-3.8886,-4.7842
-5.246,-4.5815
-5.246,-5.385
-5.246,-5.5333
-5.246,-4.6472
-5.246,-6.0546
-5.246,-6.1565
-5.246,-5.2622
-5.246,-5.0438
-5.246,-6.2095
-5.246,-5.6661
-3.2653,-2.5838
-3.2653,-3.0206
-3.2653,-2.3753
-3.2653,-2.935
-3.2653,-3.7856
-3.2653,-3.4051
-3.2653,-3.7036
-3.2653,-3.0351
-3.2653,-2.8438
-3.2653,-3.0181
-3.2653,-3.8086
-3.2653,-2.7581
-3.2653,-2.6657
-6.3005,-5.7003
-6.3005,-6.6037
-6.3005,-6.6461
-6.3005,-6.7859
-6.3005,-6.0546
-6.3005,-6.1565
-6.3005,-6.9429
-6.3005,-6.2095
-6.3005,-5.6661
-6.3005,-6.2196
-4.7842,-4.5815
-4.7842,-5.385
-4.7842,-4.809
-4.7842,-5.2622
-4.7842,-3.8886
-4.7842,-5.6027
-2.6657,-2.5838
-2.6657,-2.7864
-2.6657,-3.1926
-2.6657,-3.0206
-2.6657,-2.1287
-2.6657,-2.3753
-2.6657,-2.3581
-2.6657,-2.1781
-2.6657,-2.935
-2.6657,-2.0585
-2.6657,-3.4051
-2.6657,-2.1587
-2.6657,-3.0351
-2.6657,-2.8438
-2.6657,-1.7438
-2.6657,-2.471
-2.6657,-1.987
-2.6657,-2.7581
-2.6657,-3.2653
-2.6657,-1.7461
4.078,4.7639
4.078,4.2966
4.078,4.0464
4.078,4.7552
6.2054,7.0774
6.2054,6.6392
-1.4779,-1.737
-1.4779,-2.1781
-1.4779,-1.9616
-1.4779,-1.1812
-1.4779,-1.9386
-1.4779,-1.203
-1.4779,-2.3619
-1.4779,-0.93499
-1.4779,-0.64287
-1.4779,-1.7461
-5.6027,-6.4187
-5.6027,-5.6997
-5.6027,-5.385
-5.6027,-5.8456
-5.6027,-5.5333
-5.6027,-6.1565
-5.6027,-5.2622
-5.6027,-4.7842
1.3532,1.1633
1.3532,2.1186
1.3532,1.7278
1.3532,0.43935
1.3532,0.71926
1.3532,0.97538
1.3532,1.382
1.3532,2.0645
1.3532,1.021
1.021,1.8408
1.021,0.43935
1.021,0.70979
1.021,0.97538
1.021,1.5762
1.021,1.382
1.021,1.2205
1.021,0.34552
1.021,0.10706
1.021,1.3532
1.021,0.25635
0.47794,1.1633
0.47794,-0.22003
0.47794,0.71926
-7.2714,-6.6037
-7.2714,-6.6461
-7.2714,-6.9429
-3.6881,-2.8414
-3.6881,-3.0351
-3.6881,-3.0181
-3.6881,-3.8086
-7.231,-6.6461
-7.231,-6.7859
-7.231,-6.9429
0.25635,0.43935
0.25635,-0.26796
0.25635,0.70979
0.25635,0.14665
0.25635,0.97538
0.25635,0.34552
0.25635,0.10706
0.25635,1.021
5.2761,4.7996
5.2761,5.101
5.2761,5.7606
5.2761,6.1002
1.0505,1.3475
1.0505,1.7374
1.0505,1.0346
1.0505,0.72195
1.0505,1.8311
1.0505,0.86789
-1.6649,-2.1287
-1.6649,-2.2088
-1.6649,-2.3581
-1.6649,-1.8531
-1.6649,-1.0823
-1.6649,-1.2828
-1.6649,-2.1587
-1.6649,-1.4742
-1.6649,-1.3301
-1.6649,-1.7438
-1.6649,-1.987
4.6682,5.4929
4.6682,4.8163
4.6682,5.101
4.6682,4.2962
4.6682,3.8937
4.6682,4.5557
4.6682,5.1922
4.6682,5.0775
4.6682,4.7362
4.6682,5.3202
4.6682,4.1064
4.6682,4.3643
5.812,6.2009
5.812,5.1006
5.812,5.2079
5.812,5.4818
5.812,4.9104
-6.2196,-5.7003
-6.2196,-5.2891
-6.2196,-6.6461
-6.2196,-6.7859
-6.2196,-6.0546
-6.2196,-5.5642
-6.2196,-5.9522
-6.2196,-6.3005
0.51432,-0.15699
0.51432,0.70979
0.51432,1.2205
0.51432,0.96863
0.51432,0.34552
0.51432,0.10706
-0.64287,-0.64009
-0.64287,-0.30003
-0.64287,-1.203
-0.64287,0.33533
-0.64287,0.1591
-0.64287,-0.93499
-0.64287,-1.4779
6.1002,6.5289
6.1002,5.5738
6.1002,6.6702
6.1002,5.9836
6.1002,5.7606
6.1002,5.6526
6.1002,5.2761
4.3643,4.294
4.3643,4.7996
4.3643,4.8163
4.3643,5.101
4.3643,4.2962
4.3643,3.8937
4.3643,5.0775
4.3643,4.7362
4.3643,5.3202
4.3643,3.7499
4.3643,4.1064
4.3643,4.6682
-1.7461,-1.737
-1.7461,-2.5838
-1.7461,-2.1287
-1.7461,-2.3753
-1.7461,-2.1781
-1.7461,-1.9616
-1.7461,-2.0585
-1.7461,-1.4742
-1.7461,-1.203
-1.7461,-1.3301
-1.7461,-1.7438
-1.7461,-2.471
-1.7461,-1.987
-1.7461,-0.93499
-1.7461,-2.6657
-1.7461,-1.4779
7.1206,6.6702
7.0654,7.3357
7.4202,7.3357
