3.8304,3.8453
3.8304,4.3017
3.8304,4.4547
-3.383,-2.4657
-3.383,-3.1079
-3.383,-2.9061
-6.2761,-5.6089
-6.2761,-7.2416
-6.2761,-5.7086
-6.2761,-6.59
-6.2761,-6.6621
-1.6228,-1.1799
-1.6228,-1.6297
-1.6228,-2.3295
-1.6228,-0.92017
-1.6228,-1.6744
-1.6228,-2.4657
-1.6228,-1.2933
-1.6228,-2.2388
-1.6228,-1.5695
2.1949,2.7465
2.1949,1.6221
2.1949,2.7526
2.1949,1.8458
5.2066,4.4962
5.2066,4.9923
5.2066,4.9959
5.2066,5.6913
5.2066,5.4513
5.2066,4.7285
5.2066,5.1763
5.2066,5.0354
5.2066,4.8818
5.2066,5.6925
5.2066,4.5033
5.2066,5.7353
5.2066,5.7898
4.4962,5.2066
4.4962,4.1531
4.4962,4.9923
4.4962,4.9959
4.4962,5.4513
4.4962,4.7285
4.4962,4.282
4.4962,5.1763
4.4962,5.0354
4.4962,4.8818
4.4962,3.8541
4.4962,4.2118
4.4962,4.5033
-4.9403,-4.6579
-4.9403,-5.5342
-4.9403,-5.7701
6.7318,6.1711
6.7318,6.2363
6.7318,7.0638
6.7318,6.1007
4.1531,4.4962
4.1531,4.9923
4.1531,4.9959
4.1531,3.8453
4.1531,3.2022
4.1531,3.4658
4.1531,4.7285
4.1531,4.282
4.1531,4.4547
4.1531,3.8541
4.1531,4.2118
4.1531,4.5033
5.8924,5.71
5.8924,6.2683
5.8924,5.2683
5.8924,6.2363
5.8924,5.3265
5.8924,5.0454
5.8924,5.5439
5.8924,5.1854
5.8924,6.1007
-6.6534,-6.59
-6.6534,-5.7701
-1.1799,-1.6228
-1.1799,-0.56519
-1.1799,-1.6742
-1.1799,-1.6744
-1.1799,-0.79024
-1.1799,-1.2933
-1.1799,-0.49823
-1.1799,-1.5695
-1.2478,-1.4292
-1.2478,-0.9907
-1.2478,-0.4963
-1.0332,-1.0351
-1.0332,-1.762
-1.0332,-1.7154
6.1711,6.7318
6.1711,5.71
6.1711,5.2683
6.1711,6.1007
4.1366,3.4202
4.1366,4.282
4.1366,4.5033
4.8204,5.5439
4.8204,5.7819
4.9923,5.2066
4.9923,4.4962
4.9923,4.1531
4.9923,4.9959
4.9923,5.6913
4.9923,5.4513
4.9923,4.7285
4.9923,5.5957
4.9923,5.1763
4.9923,4.4547
4.9923,4.8818
4.9923,5.7353
4.9923,5.7898
4.9923,4.875
-2.4015,-1.814
-2.4015,-2.8617
-2.4015,-2.8059
-2.4015,-1.7154
-2.4015,-3.0283
-2.4015,-3.0416
-2.4015,-2.2844
-2.4015,-1.6743
-2.4015,-2.056
-2.4015,-2.079
-5.6089,-6.2761
-5.6089,-4.8633
-5.6089,-5.5342
-5.6089,-5.7086
-5.6089,-6.59
-5.6089,-5.7701
-2.4316,-1.6742
-2.4316,-2.3295
-2.4316,-1.6744
-2.4316,-2.4657
-2.4316,-2.2388
-2.4316,-2.4035
-2.4316,-2.9061
-2.4316,-1.5695
-6.2723,-7.0912
-6.2723,-6.3358
-6.2723,-5.9234
-6.2723,-5.9348
-6.2723,-5.3193
-6.2723,-6.673
-6.2723,-5.7569
-6.5038,-5.9348
-6.5038,-5.7569
4.4507,3.7367
4.4507,4.0971
-1.0351,-1.0332
-1.0351,-1.762
-1.0351,-1.814
-1.0351,-0.87874
-1.0351,-1.7154
-1.0351,-1.114
-0.56519,-1.1799
-0.56519,-0.79024
-0.56519,-1.2933
-0.56519,-0.49823
-7.895,-8.2285
4.9959,5.2066
4.9959,4.4962
4.9959,4.1531
4.9959,4.9923
4.9959,5.6913
4.9959,5.4513
4.9959,4.7285
4.9959,5.1763
4.9959,4.4547
4.9959,4.8818
4.9959,4.2118
4.9959,4.5033
4.9959,5.7353
4.9959,5.7898
-5.1328,-4.523
-5.1328,-5.7327
-5.1328,-5.2893
-5.1328,-5.4533
4.5052,4.1793
4.5052,5.2683
4.5052,5.0409
4.5052,5.1854
-0.16891,-0.87874
-0.16891,0.10846
-0.16891,-1.114
-0.16891,-0.62879
-1.762,-1.0332
-1.762,-1.0351
-1.762,-1.814
-1.762,-2.6637
-1.762,-1.7154
-1.762,-2.0618
-1.762,-2.056
-1.762,-2.079
6.9061,6.0967
6.9061,6.6022
6.9061,6.5649
6.9061,6.2383
6.9061,7.3145
6.0967,6.9061
6.0967,5.6913
6.0967,6.6022
6.0967,6.5649
6.0967,5.5957
6.0967,5.8451
6.0967,6.2383
6.0967,5.7353
6.0967,5.7898
2.7465,2.1949
2.7465,2.0991
2.7465,3.7367
2.7465,2.7526
2.7465,3.3003
5.6913,5.2066
5.6913,4.9923
5.6913,4.9959
5.6913,6.0967
5.6913,5.4513
5.6913,4.7285
5.6913,5.5957
5.6913,6.2142
5.6913,4.8818
5.6913,5.8451
5.6913,6.2383
5.6913,5.7353
5.6913,5.7898
2.0991,2.7465
-4.8019,-4.0292
-4.8019,-4.5292
-4.8019,-4.0368
-4.8019,-4.9836
-4.8019,-4.6955
-4.8019,-5.3193
-4.8019,-5.0276
-4.8019,-5.4426
3.8453,3.8304
3.8453,4.1531
3.8453,4.7285
3.8453,4.4547
3.8453,3.8541
-1.814,-2.4015
-1.814,-1.0351
-1.814,-1.762
-1.814,-0.87874
-1.814,-1.7154
-1.814,-2.2844
-1.814,-1.3566
-1.814,-1.114
-1.814,-1.6743
-1.814,-2.056
-1.814,-2.079
5.71,5.8924
5.71,6.1711
5.71,5.2683
5.71,5.1854
5.71,6.1007
0.23875,1.0056
0.23875,0.10846
0.23875,-0.4963
6.2683,5.8924
6.2683,6.6601
6.2683,6.2363
6.2683,5.3265
6.2683,5.5439
6.2683,7.0638
6.2683,5.7819
6.2683,6.1007
-5.0114,-4.6955
-5.0114,-5.0276
-5.0114,-5.7569
-5.9523,-5.7701
-1.6742,-1.1799
-1.6742,-2.4316
-1.6742,-1.4195
-1.6742,-1.6744
-1.6742,-0.79024
-1.6742,-2.4035
-1.6742,-2.1259
-1.6742,-1.5695
-0.87874,-1.0351
-0.87874,-0.16891
-0.87874,-1.814
-0.87874,-1.7154
-0.87874,-1.3566
-0.87874,-1.114
4.3017,3.8304
4.3017,3.7186
4.3017,4.9827
4.3017,4.4547
4.3017,4.7476
4.3017,4.875
-3.8976,-4.6579
-3.8976,-3.1079
6.6022,6.9061
6.6022,6.0967
6.6022,6.0987
6.6022,5.8451
6.6022,5.7898
-7.0912,-6.2723
-7.0912,-6.673
-2.8617,-2.4015
-2.8617,-2.6637
-2.8617,-3.1905
-2.8617,-3.6511
-2.8617,-2.8059
-2.8617,-3.0283
-2.8617,-3.7376
-2.8617,-2.056
-2.6637,-1.762
-2.6637,-2.8617
-2.6637,-3.1905
-2.6637,-2.8059
-2.6637,-2.0618
-2.6637,-2.056
1.0056,0.23875
1.0056,0.10846
-4.8633,-5.6089
-4.8633,-4.6579
-4.8633,-5.7086
5.4513,5.2066
5.4513,4.4962
5.4513,4.9923
5.4513,4.9959
5.4513,5.6913
5.4513,5.1763
5.4513,5.0354
5.4513,6.2142
5.4513,5.6925
5.4513,6.2383
5.4513,5.7353
5.4513,5.7898
3.2022,4.1531
3.2022,3.4658
3.2022,3.4202
3.2022,3.8541
6.6601,6.2683
6.6601,6.2363
6.6601,7.0638
-1.6297,-1.6228
-1.6297,-2.3295
-1.6297,-0.92017
-1.6297,-2.5992
4.197,4.2437
4.197,3.7186
4.197,4.7476
-7.2416,-6.2761
-7.2416,-6.59
-7.2416,-6.6621
1.6221,2.1949
1.6221,0.84247
1.6221,1.8458
6.3378,5.9646
6.3378,6.2142
6.3378,5.6925
-4.0292,-4.8019
-4.0292,-4.5292
-4.0292,-4.0368
-4.0292,-4.6955
-4.0292,-4.0531
4.2437,4.197
4.2437,4.0971
4.2437,3.718
4.2437,3.2489
-1.4195,-1.6742
-1.4195,-0.79024
-1.4195,-2.1259
-6.3358,-6.2723
-6.3358,-5.9234
-6.3358,-6.0034
-6.3358,-5.432
-6.3358,-6.673
-6.3358,-5.4426
-6.3358,-7.2654
-6.3358,-6.5066
-8.7272,-8.6106
-8.7272,-7.8458
6.0987,6.6022
6.0987,5.4459
6.0987,5.3675
6.0987,5.8451
-6.2676,-6.6559
-6.2676,-5.7327
-6.2676,-5.4533
-2.3295,-1.6228
-2.3295,-2.4316
-2.3295,-1.6297
-2.3295,-2.4657
-2.3295,-3.1079
-2.3295,-2.2388
-2.3295,-2.5992
-8.6106,-8.7272
-8.6106,-9.3752
-8.6106,-8.2285
-8.6106,-7.8458
-0.92017,-1.6228
-0.92017,-1.6297
-0.92017,-1.2933
-0.92017,-0.49823
-0.92017,-1.5695
5.4459,6.0987
5.4459,5.5957
5.4459,4.9827
5.4459,5.3675
5.4459,5.8451
5.4459,4.7476
5.4459,4.875
4.1793,4.5052
4.1793,5.0454
4.1793,5.1854
4.1793,4.282
5.2683,5.8924
5.2683,6.1711
5.2683,4.5052
5.2683,5.71
5.2683,5.0454
5.2683,5.1854
5.2683,6.1007
3.7367,4.4507
3.7367,2.7465
3.7367,3.2462
3.7367,3.3003
3.7367,4.1999
3.7367,3.4777
3.4658,4.1531
3.4658,3.2022
3.4658,3.4202
3.4658,4.282
3.4658,3.8541
3.4658,4.2118
6.2363,6.7318
6.2363,5.8924
6.2363,6.2683
6.2363,6.6601
6.2363,5.3265
6.2363,5.5439
6.2363,7.0638
6.2363,6.1007
0.84247,1.6221
0.84247,-0.077027
-4.523,-5.1328
-4.523,-5.2893
-4.523,-4.6169
-0.077027,0.84247
-1.6744,-1.6228
-1.6744,-1.1799
-1.6744,-2.4316
-1.6744,-1.6742
-1.6744,-2.4657
-1.6744,-1.2933
-1.6744,-2.2388
-1.6744,-2.4035
-1.6744,-2.1259
-1.6744,-1.5695
4.7285,5.2066
4.7285,4.4962
4.7285,4.1531
4.7285,4.9923
4.7285,4.9959
4.7285,5.6913
4.7285,3.8453
4.7285,5.5957
4.7285,4.9827
4.7285,4.4547
4.7285,4.8818
4.7285,3.8541
4.7285,4.875
-3.1905,-2.8617
-3.1905,-2.6637
-3.1905,-2.8059
-3.1905,-3.7376
-3.1905,-2.7757
-5.9234,-6.2723
-5.9234,-6.3358
-5.9234,-6.0034
-5.9234,-5.9348
-5.9234,-4.9836
-5.9234,-5.432
-5.9234,-5.3193
-5.9234,-6.673
-5.9234,-5.4426
-5.9234,-6.5066
-3.6511,-2.8617
-3.6511,-2.8059
-3.6511,-3.0283
-3.6511,-3.0416
-3.6511,-3.7376
5.3265,5.8924
5.3265,6.2683
5.3265,6.2363
5.3265,5.0454
5.3265,5.5439
5.3265,5.1854
5.3265,5.7819
-4.5292,-4.8019
-4.5292,-4.0292
-4.5292,-4.9836
-4.5292,-4.0531
-4.5292,-5.3193
-4.5292,-5.0276
-4.5292,-5.4426
-4.5292,-4.6169
-4.0368,-4.8019
-4.0368,-4.0292
-4.0368,-4.6955
-4.0368,-3.5384
-2.8059,-2.4015
-2.8059,-2.8617
-2.8059,-2.6637
-2.8059,-3.1905
-2.8059,-3.6511
-2.8059,-3.0283
-2.8059,-3.0416
-2.8059,-3.7376
-2.8059,-2.056
-2.8059,-2.079
3.4202,4.1366
3.4202,3.2022
3.4202,3.4658
3.4202,4.282
0.10846,-0.16891
0.10846,0.23875
0.10846,1.0056
0.10846,-0.62879
4.282,4.4962
4.282,4.1531
4.282,4.1366
4.282,3.4658
4.282,3.4202
4.282,5.1763
4.282,5.0354
4.282,5.1406
4.282,4.2118
4.282,4.5033
-1.7154,-1.0332
-1.7154,-2.4015
-1.7154,-1.0351
-1.7154,-1.762
-1.7154,-1.814
-1.7154,-0.87874
-1.7154,-1.114
-1.7154,-2.0618
-1.7154,-2.056
-1.7154,-2.079
5.9646,6.3378
5.9646,5.1763
5.9646,5.0354
5.9646,6.2142
5.9646,5.6925
5.9646,5.1406
5.9646,5.7353
2.7526,2.1949
2.7526,2.7465
2.7526,3.1344
2.7526,2.4977
2.7526,3.3003
2.7526,3.4777
2.7526,1.8458
5.0454,5.8924
5.0454,4.1793
5.0454,5.2683
5.0454,5.3265
5.0454,5.5439
5.0454,5.1854
5.0454,4.282
-6.6559,-6.2676
-6.6559,-5.7327
-6.6559,-6.0034
-6.6559,-7.2654
-6.6559,-6.5066
3.1344,2.7526
3.1344,2.4977
3.1344,3.4777
3.1344,3.718
3.1344,3.2489
-9.3752,-8.6106
-9.3752,-9.0742
-7.5856,-8.2285
-7.5856,-7.8458
5.5439,5.8924
5.5439,4.8204
5.5439,6.2683
5.5439,6.2363
5.5439,5.3265
5.5439,5.0454
5.5439,5.7819
7.0638,6.7318
7.0638,6.2683
7.0638,6.6601
7.0638,6.2363
7.0638,6.1007
-3.0283,-2.4015
-3.0283,-2.8617
-3.0283,-3.6511
-3.0283,-2.8059
-3.0283,-3.0416
-3.0283,-2.2844
-3.0283,-3.7376
-3.0283,-2.079
-3.0416,-2.4015
-3.0416,-3.6511
-3.0416,-2.8059
-3.0416,-3.0283
-3.0416,-2.3166
-3.0416,-2.2844
6.5649,6.9061
6.5649,6.0967
6.5649,6.2142
6.5649,6.2383
6.5649,5.7353
6.5649,7.3145
-5.7327,-5.1328
-5.7327,-6.2676
-5.7327,-6.6559
-5.7327,-6.0034
-5.7327,-5.432
-5.7327,-5.2893
-5.7327,-5.4533
-5.7327,-6.5066
5.5957,4.9923
5.5957,6.0967
5.5957,5.6913
5.5957,5.4459
5.5957,4.7285
5.5957,4.9827
5.5957,4.8818
5.5957,5.8451
5.5957,5.7898
5.5957,4.875
-2.3166,-3.0416
-2.3166,-2.2844
-2.3166,-1.4292
-2.3166,-1.6743
-4.6579,-4.9403
-4.6579,-3.8976
-4.6579,-4.8633
-4.6579,-5.5342
-6.0034,-6.3358
-6.0034,-5.9234
-6.0034,-6.6559
-6.0034,-5.7327
-6.0034,-5.432
-6.0034,-5.2893
-6.0034,-5.4533
-6.0034,-5.4426
-6.0034,-6.5066
2.4977,2.7526
2.4977,3.1344
2.4977,1.8458
2.4977,3.2489
3.7186,4.3017
3.7186,4.197
3.2462,3.7367
3.2462,4.1999
-5.9348,-6.2723
-5.9348,-6.5038
-5.9348,-5.9234
-5.9348,-5.3193
-5.9348,-5.0276
-5.9348,-5.7569
4.9827,4.3017
4.9827,5.4459
4.9827,4.7285
4.9827,5.5957
4.9827,4.4547
4.9827,4.8818
4.9827,5.8451
4.9827,4.7476
4.9827,4.875
-2.2844,-2.4015
-2.2844,-1.814
-2.2844,-3.0283
-2.2844,-3.0416
-2.2844,-2.3166
-2.2844,-1.3566
-2.2844,-1.6743
-2.2844,-2.079
-5.5342,-4.9403
-5.5342,-5.6089
-5.5342,-4.6579
-5.5342,-5.7701
3.3003,2.7465
3.3003,3.7367
3.3003,2.7526
3.3003,3.4777
5.1763,5.2066
5.1763,4.4962
5.1763,4.9923
5.1763,4.9959
5.1763,5.4513
5.1763,4.282
5.1763,5.9646
5.1763,5.0354
5.1763,5.6925
5.1763,5.1406
5.1763,4.2118
5.1763,4.5033
5.1763,5.7353
-1.4292,-1.2478
-1.4292,-2.3166
-1.4292,-1.6743
-1.4292,-0.9907
-1.4292,-0.62879
-1.4292,-0.4963
-4.9836,-4.8019
-4.9836,-5.9234
-4.9836,-4.5292
-4.9836,-5.432
-4.9836,-5.3193
-4.9836,-5.0276
-4.9836,-5.4426
-4.9836,-4.6169
-1.3566,-1.814
-1.3566,-0.87874
-1.3566,-2.2844
-1.3566,-1.114
-1.3566,-1.6743
-1.3566,-0.9907
-1.3566,-0.62879
-1.3566,-2.079
-9.0742,-9.3752
5.0354,5.2066
5.0354,4.4962
5.0354,5.4513
5.0354,4.282
5.0354,5.9646
5.0354,5.1763
5.0354,5.6925
5.0354,5.1406
5.0354,4.5033
6.2142,5.6913
6.2142,5.4513
6.2142,6.3378
6.2142,5.9646
6.2142,6.5649
6.2142,5.6925
6.2142,6.2383
6.2142,5.7353
-1.114,-1.0351
-1.114,-0.16891
-1.114,-1.814
-1.114,-0.87874
-1.114,-1.7154
-1.114,-1.3566
-1.114,-1.6743
-1.114,-0.9907
-1.114,-0.62879
-1.114,-2.079
5.3675,6.0987
5.3675,5.4459
5.3675,4.7476
-0.79024,-1.1799
-0.79024,-0.56519
-0.79024,-1.6742
-0.79024,-1.4195
-3.7376,-2.8617
-3.7376,-3.1905
-3.7376,-3.6511
-3.7376,-2.8059
-3.7376,-3.0283
-4.6955,-4.8019
-4.6955,-5.0114
-4.6955,-4.0292
-4.6955,-4.0368
-4.6955,-5.3193
-4.6955,-5.0276
-1.6743,-2.4015
-1.6743,-1.814
-1.6743,-2.3166
-1.6743,-2.2844
-1.6743,-1.4292
-1.6743,-1.3566
-1.6743,-1.114
-1.6743,-0.9907
-1.6743,-2.079
4.1999,3.7367
4.1999,3.2462
4.4547,3.8304
4.4547,4.1531
4.4547,4.9923
4.4547,4.9959
4.4547,3.8453
4.4547,4.3017
4.4547,4.7285
4.4547,4.9827
4.4547,4.8818
4.4547,3.8541
4.4547,4.875
-5.432,-6.3358
-5.432,-5.9234
-5.432,-5.7327
-5.432,-6.0034
-5.432,-4.9836
-5.432,-5.3193
-5.432,-5.2893
-5.432,-5.4426
-5.432,-4.6169
-4.0531,-4.0292
-4.0531,-4.5292
-4.0531,-4.6169
3.4777,3.7367
3.4777,2.7526
3.4777,3.1344
3.4777,3.3003
3.4777,4.0971
3.4777,3.718
-8.2285,-7.895
-8.2285,-8.6106
-8.2285,-7.5856
-5.3193,-6.2723
-5.3193,-4.8019
-5.3193,-5.9234
-5.3193,-4.5292
-5.3193,-5.9348
-5.3193,-4.9836
-5.3193,-4.6955
-5.3193,-5.432
-5.3193,-5.0276
-5.3193,-5.4426
-5.3193,-5.7569
4.8818,5.2066
4.8818,4.4962
4.8818,4.9923
4.8818,4.9959
4.8818,5.6913
4.8818,4.7285
4.8818,5.5957
4.8818,4.9827
4.8818,4.4547
4.8818,5.8451
4.8818,5.7898
4.8818,4.875
3.8541,4.4962
3.8541,4.1531
3.8541,3.8453
3.8541,3.2022
3.8541,3.4658
3.8541,4.7285
3.8541,4.4547
3.8541,4.2118
-2.4657,-3.383
-2.4657,-1.6228
-2.4657,-2.4316
-2.4657,-2.3295
-2.4657,-1.6744
-2.4657,-3.1079
-2.4657,-2.2388
-2.4657,-2.4035
-2.4657,-2.9061
-2.4657,-1.5695
-1.2933,-1.6228
-1.2933,-1.1799
-1.2933,-0.56519
-1.2933,-0.92017
-1.2933,-1.6744
-1.2933,-0.49823
-1.2933,-2.2388
-1.2933,-1.5695
4.0971,4.4507
4.0971,4.2437
4.0971,3.4777
4.0971,3.718
5.6925,5.2066
5.6925,5.4513
5.6925,6.3378
5.6925,5.9646
5.6925,5.1763
5.6925,5.0354
5.6925,6.2142
5.6925,5.1406
5.6925,6.2383
5.6925,5.7353
-3.5384,-4.0368
-3.1079,-3.383
-3.1079,-3.8976
-3.1079,-2.3295
-3.1079,-2.4657
-3.1079,-2.2388
-3.1079,-2.5992
-5.2893,-5.1328
-5.2893,-4.523
-5.2893,-5.7327
-5.2893,-6.0034
-5.2893,-5.432
-5.2893,-5.4533
-5.2893,-5.4426
-5.2893,-4.6169
-0.49823,-1.1799
-0.49823,-0.56519
-0.49823,-0.92017
-0.49823,-1.2933
-6.673,-6.2723
-6.673,-7.0912
-6.673,-6.3358
-6.673,-5.9234
-6.673,-7.2654
-6.673,-6.5066
-2.7757,-3.1905
-2.2388,-1.6228
-2.2388,-2.4316
-2.2388,-2.3295
-2.2388,-1.6744
-2.2388,-2.4657
-2.2388,-1.2933
-2.2388,-3.1079
-2.2388,-2.4035
-2.2388,-2.9061
-2.2388,-1.5695
5.1406,4.282
5.1406,5.9646
5.1406,5.1763
5.1406,5.0354
5.1406,5.6925
5.1406,4.5033
5.0409,4.5052
4.2118,4.4962
4.2118,4.1531
4.2118,4.9959
4.2118,3.4658
4.2118,4.282
4.2118,5.1763
4.2118,3.8541
4.2118,4.5033
-5.0276,-4.8019
-5.0276,-5.0114
-5.0276,-4.5292
-5.0276,-5.9348
-5.0276,-4.9836
-5.0276,-4.6955
-5.0276,-5.3193
-5.0276,-5.7569
5.1854,5.8924
5.1854,4.5052
5.1854,5.71
5.1854,4.1793
5.1854,5.2683
5.1854,5.3265
5.1854,5.0454
5.1854,6.1007
5.8451,6.0967
5.8451,5.6913
5.8451,6.6022
5.8451,6.0987
5.8451,5.4459
5.8451,5.5957
5.8451,4.9827
5.8451,4.8818
5.8451,5.7898
5.8451,4.875
3.718,4.2437
3.718,3.1344
3.718,3.4777
3.718,4.0971
3.718,3.2489
5.7819,4.8204
5.7819,6.2683
5.7819,5.3265
5.7819,5.5439
-2.0618,-1.762
-2.0618,-2.6637
-2.0618,-1.7154
-2.0618,-2.056
-5.4533,-5.1328
-5.4533,-6.2676
-5.4533,-5.7327
-5.4533,-6.0034
-5.4533,-5.2893
4.5033,5.2066
4.5033,4.4962
4.5033,4.1531
4.5033,4.1366
4.5033,4.9959
4.5033,4.282
4.5033,5.1763
4.5033,5.0354
4.5033,5.1406
4.5033,4.2118
-5.7086,-6.2761
-5.7086,-5.6089
-5.7086,-4.8633
-5.7086,-6.6621
-2.5992,-1.6297
-2.5992,-2.3295
-2.5992,-3.1079
6.2383,6.9061
6.2383,6.0967
6.2383,5.6913
6.2383,5.4513
6.2383,6.5649
6.2383,6.2142
6.2383,5.6925
6.2383,5.7353
6.2383,5.7898
-2.4035,-2.4316
-2.4035,-1.6742
-2.4035,-1.6744
-2.4035,-2.4657
-2.4035,-2.2388
-2.4035,-2.9061
-2.4035,-2.1259
-2.4035,-1.5695
-6.59,-6.2761
-6.59,-6.6534
-6.59,-5.6089
-6.59,-7.2416
5.7353,5.2066
5.7353,4.9923
5.7353,4.9959
5.7353,6.0967
5.7353,5.6913
5.7353,5.4513
5.7353,5.9646
5.7353,6.5649
5.7353,5.1763
5.7353,6.2142
5.7353,5.6925
5.7353,6.2383
5.7353,5.7898
6.1007,6.7318
6.1007,5.8924
6.1007,6.1711
6.1007,5.71
6.1007,6.2683
6.1007,5.2683
6.1007,6.2363
6.1007,7.0638
6.1007,5.1854
-7.8458,-8.7272
-7.8458,-8.6106
-7.8458,-7.5856
4.7476,4.3017
4.7476,4.197
4.7476,5.4459
4.7476,4.9827
4.7476,5.3675
4.7476,4.875
-5.7701,-4.9403
-5.7701,-6.6534
-5.7701,-5.6089
-5.7701,-5.9523
-5.7701,-5.5342
-5.4426,-4.8019
-5.4426,-6.3358
-5.4426,-5.9234
-5.4426,-4.5292
-5.4426,-6.0034
-5.4426,-4.9836
-5.4426,-5.432
-5.4426,-5.3193
-5.4426,-5.2893
-5.4426,-4.6169
-5.7569,-6.2723
-5.7569,-6.5038
-5.7569,-5.0114
-5.7569,-5.9348
-5.7569,-5.3193
-5.7569,-5.0276
-7.2654,-6.3358
-7.2654,-6.6559
-7.2654,-6.673
-7.2654,-6.5066
-2.9061,-3.383
-2.9061,-2.4316
-2.9061,-2.4657
-2.9061,-2.2388
-2.9061,-2.4035
7.3145,6.9061
7.3145,6.5649
-2.1259,-1.6742
-2.1259,-1.4195
-2.1259,-1.6744
-2.1259,-2.4035
-6.5066,-6.3358
-6.5066,-5.9234
-6.5066,-6.6559
-6.5066,-5.7327
-6.5066,-6.0034
-6.5066,-6.673
-6.5066,-7.2654
-0.9907,-1.2478
-0.9907,-1.4292
-0.9907,-1.3566
-0.9907,-1.114
-0.9907,-1.6743
-0.9907,-0.62879
-0.9907,-0.4963
1.8458,2.1949
1.8458,1.6221
1.8458,2.7526
1.8458,2.4977
5.7898,5.2066
5.7898,4.9923
5.7898,4.9959
5.7898,6.0967
5.7898,5.6913
5.7898,6.6022
5.7898,5.4513
5.7898,5.5957
5.7898,4.8818
5.7898,5.8451
5.7898,6.2383
5.7898,5.7353
-2.056,-2.4015
-2.056,-1.762
-2.056,-1.814
-2.056,-2.8617
-2.056,-2.6637
-2.056,-2.8059
-2.056,-1.7154
-2.056,-2.0618
-2.056,-2.079
4.282,4.1793
4.282,5.0454
-1.5695,-1.6228
-1.5695,-1.1799
-1.5695,-2.4316
-1.5695,-1.6742
-1.5695,-0.92017
-1.5695,-1.6744
-1.5695,-2.4657
-1.5695,-1.2933
-1.5695,-2.2388
-1.5695,-2.4035
-6.6621,-6.2761
-6.6621,-7.2416
-6.6621,-5.7086
-4.6169,-4.523
-4.6169,-4.5292
-4.6169,-4.9836
-4.6169,-5.432
-4.6169,-4.0531
-4.6169,-5.2893
-4.6169,-5.4426
3.2489,4.2437
3.2489,3.1344
3.2489,2.4977
3.2489,3.718
-0.62879,-0.16891
-0.62879,0.10846
-0.62879,-1.4292
-0.62879,-1.3566
-0.62879,-1.114
-0.62879,-0.9907
-0.62879,-0.4963
-2.079,-2.4015
-2.079,-1.762
-2.079,-1.814
-2.079,-2.8059
-2.079,-1.7154
-2.079,-3.0283
-2.079,-2.2844
-2.079,-1.3566
-2.079,-1.114
-2.079,-1.6743
-2.079,-2.056
4.875,4.9923
4.875,4.3017
4.875,5.4459
4.875,4.7285
4.875,5.5957
4.875,4.9827
4.875,4.4547
4.875,4.8818
4.875,5.8451
4.875,4.7476
-0.4963,-1.2478
-0.4963,0.23875
-0.4963,-1.4292
-0.4963,-0.9907
-0.4963,-0.62879
-9.3752,-10
9.8934,10
-9.4015,-10
9.7589,10
