4.323,5.1088
-3.3334,-3.6641
-3.3334,-4.1361
-3.3334,-3.1162
-6.3056,-6.6673
-6.3056,-7.1971
-6.3056,-5.7633
-6.3056,-5.506
-6.3056,-6.6871
-6.3056,-6.2718
-2.4003,-3.2314
-2.4003,-1.4757
-2.4003,-3.1459
-2.4003,-2.1327
1.0331,1.4048
1.0331,0.22595
1.0331,0.19405
4.6124,3.929
4.6124,4.4312
4.6124,5.3159
4.6124,4.0901
4.6124,5.3739
4.6124,4.5665
4.6124,3.712
3.7471,3.929
3.7471,3.0162
-5.1347,-5.7633
-5.1347,-5.3003
7.6626,7.0721
7.6626,7.0682
7.6626,8.0206
3.7173,4.5165
3.7173,4.0901
3.7173,3.7161
3.7173,3.4426
7.0721,7.6626
7.0721,6.4806
7.0721,6.7491
7.0721,8.0206
-6.6673,-6.3056
-6.6673,-7.1971
-6.6673,-5.7633
-6.6673,-6.6871
-2.4401,-1.5706
-2.4401,-2.6724
-2.4401,-3.1162
-0.18095,-0.17368
-0.18095,0.75897
-2.326,-1.5674
-2.326,-2.5076
4.8682,3.9875
3.929,4.6124
3.929,3.7471
3.929,3.0162
3.929,4.817
3.929,3.4962
3.929,4.5665
3.929,3.712
5.0265,5.5442
4.7332,4.5165
4.7332,4.2824
-2.4278,-2.0694
-2.4278,-2.7436
-2.4278,-2.3139
-2.4278,-2.9693
-2.4278,-3.4007
-2.4278,-1.921
-2.4278,-1.6734
-2.4278,-2.9527
-5.8963,-5.506
-5.8963,-6.6871
-3.2314,-2.4003
-3.2314,-2.6724
-6.6375,-7.2569
-6.6375,-5.9549
-6.6375,-6.4332
-6.6375,-5.8919
-6.6375,-6.7867
-7.2569,-6.6375
-7.2569,-6.4332
-7.2569,-7.1757
-7.2569,-8.0179
-7.2569,-6.8378
-7.2569,-7.646
3.0336,2.7161
3.0336,3.7902
-1.5674,-2.326
-1.5674,-1.7575
-0.57761,-1.5706
-0.57761,-0.90314
0.33933,1.2274
-6.9684,-7.7104
-6.9684,-6.9878
4.4312,4.6124
4.4312,4.5165
4.4312,5.3159
4.4312,4.0901
4.4312,4.5665
4.4312,3.712
-4.4444,-3.9043
-4.4444,-4.0581
-4.4444,-4.9477
-4.4444,-5.2944
1.4995,1.8175
1.4995,0.80748
-1.7575,-1.5674
-1.7575,-2.2663
-1.7575,-2.5076
7.4539,7.3739
7.4539,7.6846
6.696,5.96
6.696,6.3585
6.696,6.2623
6.696,7.1376
6.696,7.3739
1.9932,1.2274
1.9932,2.7161
1.9932,2.1264
-3.9043,-4.4444
-3.9043,-3.7107
3.0404,2.5929
3.0404,3.7161
-2.0694,-2.4278
-2.0694,-2.3139
-2.0694,-1.17
-2.0694,-1.921
-2.0694,-1.6734
-2.0694,-2.9527
7.3208,7.0682
7.3208,6.5492
2.6162,1.8175
7.0682,7.6626
7.0682,7.3208
7.0682,6.5492
7.0682,6.4806
-6.7394,-6.1411
-6.7394,-6.1279
-7.1971,-6.3056
-7.1971,-6.6673
-3.6641,-3.3334
-3.6641,-4.4252
-0.17368,-0.18095
5.5988,5.1677
5.5988,5.96
5.5988,6.2623
5.5988,6.1399
5.5988,5.1088
-4.1361,-3.3334
-4.1361,-4.4252
7.8263,7.5033
7.8263,7.1376
7.8263,7.3739
7.8263,6.8655
-7.7617,-7.1757
-2.7436,-2.4278
-2.7436,-2.2663
-2.7436,-3.3634
-2.7436,-2.3139
-2.7436,-3.4007
-2.7436,-2.5076
-2.7436,-2.9527
-2.2663,-1.7575
-2.2663,-2.7436
-2.2663,-1.4026
-2.2663,-2.3139
-2.2663,-2.5076
-2.2663,-1.6734
2.5551,1.8175
2.5551,3.236
-5.7633,-6.3056
-5.7633,-5.1347
-5.7633,-6.6673
-5.7633,-5.506
-5.7633,-6.2718
4.5165,3.7173
4.5165,4.7332
4.5165,4.4312
4.5165,5.3159
4.5165,4.0901
2.7414,2.5929
2.7414,3.3337
2.7414,3.4426
6.4011,6.7491
-0.9053,-1.4545
-0.9053,-0.4553
5.1677,5.5988
-7.6186,-6.6871
1.2274,0.33933
1.2274,1.9932
8.7213,8.1345
-3.2519,-3.8054
-3.2519,-3.7107
4.2845,3.4891
4.2845,3.6026
-2.2043,-1.5706
-6.0039,-6.4332
-6.0039,-5.8919
-6.0039,-6.1279
-6.0039,-6.8378
-7.03,-7.3665
-7.03,-6.2419
-7.03,-6.9878
7.5033,7.8263
7.5033,6.8655
-6.2851,-6.9595
-2.1675,-1.4545
-2.1675,-1.4593
-2.1675,-2.6724
-2.1675,-2.1327
-7.3665,-7.03
-7.3665,-6.6762
5.96,6.696
5.96,5.5988
5.96,5.3743
5.96,6.2623
5.96,5.1088
3.1116,3.8611
6.0268,6.5492
2.7161,3.0336
2.7161,1.9932
2.7161,2.512
2.7161,3.4891
2.5929,3.0404
2.5929,2.7414
2.5929,3.4426
6.5492,7.3208
6.5492,7.0682
6.5492,6.0268
6.5492,5.9911
-0.74913,0.22595
-4.0581,-4.4444
-4.0581,-4.9477
-1.4545,-0.9053
-1.4545,-2.1675
-1.4545,-2.1327
5.3743,5.96
5.3743,5.1088
-6.2606,-6.9595
-6.2606,-7.0327
-3.8332,-2.9693
6.4806,7.0721
6.4806,7.0682
6.4806,5.9911
-4.9477,-4.4444
-4.9477,-4.0581
-3.8054,-3.2519
-3.3634,-2.7436
-3.3634,-3.4007
-3.3634,-3.0921
3.0162,3.7471
3.0162,3.929
3.0162,3.4962
1.8175,1.4995
1.8175,2.6162
1.8175,2.5551
1.8175,1.5336
3.3337,2.7414
3.3337,4.0901
3.3337,3.4962
3.3337,3.4426
3.3337,3.712
-1.4026,-2.2663
-1.4026,-2.3139
-1.4026,-0.79155
-1.4026,-1.6734
5.3159,4.6124
5.3159,4.4312
5.3159,4.5165
5.3159,5.3739
3.8611,3.1116
-5.9549,-6.6375
-5.9549,-5.8919
-5.9549,-5.2944
-5.9549,-6.7867
1.4048,1.0331
-6.2419,-7.03
6.7491,7.0721
6.7491,6.4011
8.0206,7.6626
8.0206,7.0721
-2.3139,-2.4278
-2.3139,-2.0694
-2.3139,-2.7436
-2.3139,-2.2663
-2.3139,-1.4026
-2.3139,-1.6734
-2.3139,-2.9527
-2.9693,-2.4278
-2.9693,-3.8332
-2.9693,-2.4903
-2.9693,-2.9527
-6.9595,-6.2851
-6.9595,-6.2606
6.3585,6.696
-2.4903,-2.9693
-2.4903,-1.921
-5.3003,-5.1347
-5.3003,-4.4252
-5.3003,-6.2718
-6.4332,-6.6375
-6.4332,-7.2569
-6.4332,-6.0039
-6.4332,-5.8919
-6.4332,-6.8378
0.22595,1.0331
0.22595,-0.74913
0.22595,0.19405
4.3173,3.3244
-7.1757,-7.2569
-7.1757,-7.7617
-7.1757,-8.0179
-7.1757,-6.8378
6.2623,6.696
6.2623,5.5988
6.2623,5.96
6.2623,6.1399
6.2623,7.1376
6.2623,6.8655
-3.4007,-2.4278
-3.4007,-2.7436
-3.4007,-3.3634
-3.4007,-2.9527
-5.506,-6.3056
-5.506,-5.8963
-5.506,-5.7633
2.1264,1.9932
4.0901,4.6124
4.0901,3.7173
4.0901,4.4312
4.0901,4.5165
4.0901,3.3337
4.0901,3.4426
4.0901,3.712
-1.1708,-1.17
-1.1708,-1.921
-5.8919,-6.6375
-5.8919,-6.0039
-5.8919,-5.9549
-5.8919,-6.4332
-1.17,-2.0694
-1.17,-1.1708
-1.17,-0.79155
-1.17,-1.921
-1.17,-1.6734
-7.7104,-6.9684
-7.7104,-8.0959
4.817,3.929
4.817,4.5665
8.1345,8.7213
-0.79155,-1.4026
-0.79155,-1.17
-0.79155,-1.6734
6.1399,5.5988
6.1399,6.2623
6.1399,6.8655
-1.5706,-2.4401
-1.5706,-0.57761
-1.5706,-2.2043
-1.5706,-1.4593
-3.0921,-3.3634
-3.0921,-2.5076
-6.1411,-6.7394
-1.921,-2.4278
-1.921,-2.0694
-1.921,-2.4903
-1.921,-1.1708
-1.921,-1.17
3.7902,3.0336
-3.7107,-3.9043
-3.7107,-3.2519
-3.7107,-4.4284
-5.2944,-4.4444
-5.2944,-5.9549
-5.2944,-4.8537
2.512,2.7161
-6.9878,-6.9684
-6.9878,-7.03
-6.1279,-6.7394
-6.1279,-6.0039
-6.1279,-6.8378
3.7161,3.7173
3.7161,3.0404
3.7161,4.2824
3.4962,3.929
3.4962,3.0162
3.4962,3.3337
3.4962,3.712
-1.4757,-2.4003
-1.4757,-2.1327
-1.4593,-2.1675
-1.4593,-1.5706
3.4891,4.2845
3.4891,2.7161
3.4891,3.6026
5.3739,4.6124
5.3739,5.3159
5.3739,4.5665
-8.0959,-7.7104
-3.9402,-3.1459
-4.2394,-3.412
-0.90314,-0.57761
-8.0179,-7.2569
-8.0179,-7.1757
-3.1459,-2.4003
-3.1459,-3.9402
4.5665,4.6124
4.5665,3.929
4.5665,4.4312
4.5665,4.817
4.5665,5.3739
3.9875,4.8682
3.4426,3.7173
3.4426,2.7414
3.4426,2.5929
3.4426,3.3337
3.4426,4.0901
3.4426,3.712
-4.4284,-3.7107
-4.4284,-4.8537
5.9911,6.5492
5.9911,6.4806
7.1376,6.696
7.1376,7.8263
7.1376,6.2623
7.1376,7.3739
7.1376,6.8655
3.3244,4.3173
3.3244,3.6026
5.5442,5.0265
-2.5076,-2.326
-2.5076,-1.7575
-2.5076,-2.7436
-2.5076,-2.2663
-2.5076,-3.0921
-6.7867,-6.6375
-6.7867,-5.9549
-6.7867,-7.646
-6.7867,-7.0327
3.712,4.6124
3.712,3.929
3.712,4.4312
3.712,3.3337
3.712,4.0901
3.712,3.4962
3.712,3.4426
-0.4553,-0.9053
7.3739,7.4539
7.3739,6.696
7.3739,7.8263
7.3739,7.1376
-4.4252,-3.6641
-4.4252,-4.1361
-4.4252,-5.3003
-6.6871,-6.3056
-6.6871,-6.6673
-6.6871,-5.8963
-6.6871,-7.6186
-6.6871,-6.8997
-6.6762,-7.3665
5.1088,4.323
5.1088,5.5988
5.1088,5.96
5.1088,5.3743
-6.2718,-6.3056
-6.2718,-5.7633
-6.2718,-5.3003
-4.8537,-5.2944
-4.8537,-4.4284
-6.8378,-7.2569
-6.8378,-6.0039
-6.8378,-6.4332
-6.8378,-7.1757
-6.8378,-6.1279
-7.646,-7.2569
-7.646,-6.7867
-2.6724,-2.4401
-2.6724,-3.2314
-2.6724,-2.1675
7.6846,7.4539
-3.1162,-3.3334
-3.1162,-2.4401
-7.0327,-6.2606
-7.0327,-6.7867
0.75897,-0.18095
0.75897,0.80748
0.75897,1.5336
0.19405,1.0331
0.19405,0.22595
4.2824,4.7332
4.2824,3.7161
-1.6734,-2.4278
-1.6734,-2.0694
-1.6734,-2.2663
-1.6734,-1.4026
-1.6734,-2.3139
-1.6734,-1.17
-1.6734,-0.79155
3.236,2.5551
-2.1327,-2.4003
-2.1327,-2.1675
-2.1327,-1.4545
-2.1327,-1.4757
-6.8997,-6.6871
-3.412,-4.2394
3.6026,4.2845
3.6026,3.4891
3.6026,3.3244
0.80748,1.4995
0.80748,0.75897
-2.9527,-2.4278
-2.9527,-2.0694
-2.9527,-2.7436
-2.9527,-2.3139
-2.9527,-2.9693
-2.9527,-3.4007
6.8655,7.8263
6.8655,7.5033
6.8655,6.2623
6.8655,6.1399
6.8655,7.1376
1.5336,1.8175
1.5336,0.75897
