-1.8849,-1.3306
-1.8849,-1.6041
-1.8849,-1.291
-1.8849,-0.8918
-1.8849,-2.2698
-6.8637,-6.4836
-6.8637,-6.1335
-6.8637,-7.0016
-6.8637,-7.6128
-6.8637,-6.2623
-6.8637,-5.8582
-6.8637,-6.6588
-5.766,-6.38
-5.766,-5.2204
-5.1004,-4.7966
-5.1004,-4.6595
-5.1004,-5.4102
-5.1004,-5.8582
-5.1004,-4.7149
0.70096,1.1537
0.70096,1.3355
0.70096,0.11688
-4.9904,-5.2433
-4.9904,-4.5402
-4.9904,-4.3299
-4.9904,-5.5306
-4.9904,-5.2059
-4.9904,-4.1044
-4.9904,-5.6919
-6.9323,-6.0721
-6.9323,-6.3457
-5.8249,-6.659
-5.8249,-6.2105
-5.8249,-5.4102
5.3654,5.3593
5.3654,6.1113
-3.6851,-3.2702
-3.6851,-4.3367
-3.6851,-4.5402
-3.6851,-2.725
-3.6851,-3
-3.6851,-4.1044
5.9672,5.3599
5.9672,6.4291
5.9672,5.0719
5.9672,5.6192
5.9672,5.8602
5.9672,6.3994
5.9672,5.4674
5.9672,6.7454
-7.1328,-6.38
-6.4836,-6.8637
-6.4836,-6.1335
-6.4836,-5.5674
-6.4836,-6.2623
-6.4836,-7.3348
-6.4836,-5.8582
-6.4836,-6.6588
3.8656,4.1177
3.8656,4.5995
3.8656,3.005
3.8656,4.3077
5.3599,5.9672
5.3599,4.7506
5.3599,4.706
5.3599,5.0719
5.3599,5.6192
5.3599,5.8602
5.3599,5.4674
-6.0721,-6.9323
-6.0721,-5.5306
-6.0721,-6.4748
-6.0721,-5.6919
7.6386,7.0851
7.6386,8.0684
-3.4093,-4.3299
-3.4093,-3
6.0741,6.0745
6.0741,5.1064
6.0741,5.6152
6.0741,5.3137
6.0741,6.8582
6.0741,6.6563
6.0741,5.7853
6.0741,6.4511
-4.5717,-5.2204
-4.5717,-3.8923
-6.1335,-6.8637
-6.1335,-6.4836
-6.1335,-7.0016
-6.1335,-6.659
-6.1335,-5.5674
-6.1335,-5.4102
-6.1335,-5.8582
-0.20525,0.53334
-0.20525,-0.80219
-0.20525,0.56087
-0.20525,0.28565
-0.20525,-0.22444
-0.20525,-0.18852
0.53334,-0.20525
0.53334,0.56087
0.53334,0.28565
0.53334,0.69634
0.53334,1.2633
0.53334,-0.18852
1.9916,2.3063
1.9916,1.1537
1.9916,2.4773
1.9916,1.4746
1.9916,2.8476
1.9916,1.2209
4.1177,3.8656
4.1177,4.8942
4.1177,4.9135
-5.4874,-5.5674
-5.4874,-6.2623
1.8249,1.1537
1.8249,2.4773
1.8249,1.3355
7.3423,6.4762
7.3423,7.8912
7.3423,6.7982
7.3423,7.0286
-5.2433,-4.9904
-5.2433,-4.3299
-5.2433,-5.5306
-1.0937,-1.8315
-1.0937,-0.80219
-1.0937,-1.589
-1.0937,-0.22444
4.7506,5.3599
4.7506,5.2042
4.7506,5.4674
5.5893,6.4764
4.8718,5.6152
4.8718,4.8942
4.8718,5.3137
4.8718,5.7881
4.8718,4.5995
4.8718,4.3077
4.8718,4.9135
-3.7354,-4.432
-3.7354,-4.0493
-1.536,-0.88906
-1.536,-1.0124
-1.536,-1.4666
-1.536,-2.153
-1.536,-1.2396
2.3063,1.9916
2.3063,2.8476
2.3063,1.4068
-5.252,-4.8459
1.1537,0.70096
1.1537,1.9916
1.1537,1.8249
1.1537,1.4746
1.1537,0.39042
-0.92841,-0.33532
-0.92841,-1.589
-3.2702,-3.6851
-3.2702,-4.1609
-3.2702,-2.725
6.0745,6.0741
6.0745,5.1064
6.0745,5.6152
6.0745,5.3137
6.0745,6.8582
6.0745,5.7853
6.0745,5.7881
6.0745,6.4511
4.706,5.3599
4.706,5.0719
4.706,5.6192
7.0851,7.6386
7.0851,6.6038
7.0851,6.4764
7.0851,7.1948
5.3593,5.3654
5.3593,5.0719
5.3593,5.6192
5.3593,6.1113
3.2828,2.6262
-6.38,-5.766
-6.38,-7.1328
-6.38,-6.6339
-7.0016,-6.8637
-7.0016,-6.1335
-7.0016,-6.659
-7.0016,-7.6128
-7.0016,-6.6588
5.6593,6.0417
5.6593,5.7881
5.6593,4.9135
-0.55633,-0.23904
-0.55633,0.10609
-0.55633,-1.0124
-0.55633,-1.3306
-0.55633,-0.27138
-0.55633,-1.291
-0.55633,-0.8918
-0.55633,-1.2396
-6.659,-5.8249
-6.659,-6.1335
-6.659,-7.0016
-6.659,-6.2105
-6.659,-7.1698
-0.23904,-0.55633
-0.23904,-0.88906
-0.23904,-1.0124
-0.23904,-0.27138
1.5692,2.0874
1.5692,0.69634
1.5692,1.2633
5.1064,6.0741
5.1064,6.0745
5.1064,5.6152
5.1064,4.9148
5.1064,5.3137
5.1064,5.7853
5.1064,4.5995
5.1064,4.3077
5.6152,6.0741
5.6152,4.8718
5.6152,6.0745
5.6152,5.1064
5.6152,4.8942
5.6152,5.3137
5.6152,6.0417
5.6152,5.7881
5.6152,6.4511
6.6038,7.0851
6.6038,6.4764
-6.2105,-5.8249
-6.2105,-6.659
-6.2105,-6.6339
-6.2105,-5.5172
-4.3367,-3.6851
-4.3367,-4.5402
-4.3367,-4.1609
-4.3367,-5.2059
-4.3367,-4.1044
-4.5402,-4.9904
-4.5402,-3.6851
-4.5402,-4.3367
-4.5402,-4.1609
-4.5402,-5.2059
-4.5402,-4.1044
6.4291,5.9672
6.4291,5.8602
6.4291,7.2517
6.4291,6.7454
0.10609,-0.55633
0.10609,0.76299
0.10609,-0.39331
0.10609,-0.27138
0.10609,-0.8918
-4.8726,-5.2204
2.4773,1.9916
2.4773,1.8249
2.4773,2.8476
-4.432,-3.7354
-4.432,-4.8459
0.29657,0.85166
0.29657,-0.33532
0.29657,-0.071912
0.29657,0.43086
0.29657,0.67404
0.76299,0.10609
0.76299,1.4068
0.76299,0.37007
-7.6128,-6.8637
-7.6128,-7.0016
-7.6128,-7.3348
-7.6128,-6.6588
1.2319,2.056
1.2319,0.43086
1.2319,0.75179
-0.88906,-1.536
-0.88906,-0.23904
-0.88906,-1.0124
-0.88906,-1.4666
-0.88906,-0.45455
-0.88906,-1.2396
-1.8315,-1.0937
-1.8315,-2.2423
-5.5674,-6.4836
-5.5674,-6.1335
-5.5674,-5.4874
-5.5674,-4.7966
-5.5674,-6.2623
-5.5674,-5.8582
-5.5674,-4.7149
6.1404,6.4762
6.1404,6.0385
6.1404,6.7982
6.1404,5.2269
-1.0124,-1.536
-1.0124,-0.55633
-1.0124,-0.23904
-1.0124,-0.88906
-1.0124,-1.3306
-1.0124,-1.4666
-1.0124,-1.6041
-1.0124,-0.27138
-1.0124,-1.2396
5.2042,4.7506
5.2042,4.5427
5.2042,5.6075
5.0719,5.9672
5.0719,5.3599
5.0719,4.706
5.0719,5.3593
5.0719,5.6192
5.0719,5.4674
1.4746,1.9916
1.4746,1.1537
1.4746,1.2209
-4.1609,-3.2702
-4.1609,-4.3367
-4.1609,-4.5402
5.6192,5.9672
5.6192,5.3599
5.6192,4.706
5.6192,5.3593
5.6192,5.0719
5.6192,6.3994
0.21922,0.76875
3.1336,3.005
-4.7966,-5.1004
-4.7966,-5.5674
-4.7966,-5.4102
-4.7966,-4.0217
-4.7966,-4.7149
-1.3306,-1.8849
-1.3306,-0.55633
-1.3306,-1.0124
-1.3306,-1.4666
-1.3306,-1.6041
-1.3306,-1.291
-1.3306,-0.8918
-1.3306,-2.2698
-1.3306,-1.2396
1.4032,0.85166
1.4032,0.67404
-0.80219,-0.20525
-0.80219,-1.0937
-0.80219,-0.18852
-0.80219,-1.1474
7.639,6.8582
5.8602,5.9672
5.8602,5.3599
5.8602,6.4291
5.8602,5.6075
5.8602,5.4674
-4.6595,-5.1004
-4.6595,-5.4102
0.85166,0.29657
0.85166,1.4032
0.85166,0.43086
0.85166,0.67404
4.9148,5.1064
4.9148,5.3137
4.9148,5.7853
4.9148,4.3077
-6.2225,-5.26
-6.2225,-6.3457
6.4764,5.5893
6.4764,7.0851
6.4764,6.6038
6.4764,6.0693
-5.26,-6.2225
-5.26,-5.2059
-5.26,-5.6919
4.8942,4.1177
4.8942,4.8718
4.8942,5.6152
4.8942,5.3137
4.8942,5.7881
4.8942,4.5995
4.8942,4.9135
-4.3299,-4.9904
-4.3299,-3.4093
-4.3299,-5.2433
-4.3299,-4.1044
1.3355,0.70096
1.3355,1.8249
1.3355,0.76875
5.5212,5.6075
5.5212,6.3237
0.56087,-0.20525
0.56087,0.53334
0.56087,0.28565
0.56087,0.75179
0.56087,1.2633
0.39042,1.1537
0.39042,1.2209
0.39042,0.37007
6.4762,7.3423
6.4762,6.1404
6.4762,7.0286
6.0385,6.1404
6.0385,6.7982
7.2517,6.4291
7.2517,6.7454
6.3994,5.9672
6.3994,5.6192
6.3994,6.7454
6.3994,6.1113
5.3137,6.0741
5.3137,4.8718
5.3137,6.0745
5.3137,5.1064
5.3137,5.6152
5.3137,4.9148
5.3137,4.8942
5.3137,5.7853
5.3137,5.7881
5.3137,4.5995
5.3137,4.3077
6.8582,6.0741
6.8582,6.0745
6.8582,7.639
6.8582,6.6563
6.8582,7.1031
6.8582,6.4511
-1.4666,-1.536
-1.4666,-0.88906
-1.4666,-1.0124
-1.4666,-1.3306
-1.4666,-2.4561
-1.4666,-1.6041
-1.4666,-2.153
-1.4666,-1.2396
-2.2423,-1.8315
-2.2423,-2.8683
-2.4561,-1.4666
-2.4561,-1.6041
-2.4561,-2.153
-2.4561,-2.2698
6.6563,6.0741
6.6563,6.8582
6.6563,5.7853
-6.6339,-6.38
-6.6339,-6.2105
-6.6339,-7.1698
-6.6339,-7.4335
0.28565,-0.20525
0.28565,0.53334
0.28565,0.56087
0.28565,0.75179
0.28565,-0.22444
0.76875,0.21922
0.76875,1.3355
0.76875,0.11688
-0.39331,0.10609
-0.39331,-0.8918
-0.39331,0.37007
3.5756,2.8476
2.6262,3.2828
2.6262,2.0874
-1.6041,-1.8849
-1.6041,-1.0124
-1.6041,-1.3306
-1.6041,-1.4666
-1.6041,-2.4561
-1.6041,-2.153
-1.6041,-2.2698
-1.6041,-1.2396
5.7853,6.0741
5.7853,6.0745
5.7853,5.1064
5.7853,4.9148
5.7853,5.3137
5.7853,6.6563
-5.5172,-6.2105
-5.5172,-5.2204
2.8476,1.9916
2.8476,2.3063
2.8476,2.4773
2.8476,3.5756
-6.3457,-6.9323
-6.3457,-6.2225
-6.3457,-5.6919
6.7439,6.0417
6.7439,7.1031
-0.33532,-0.92841
-0.33532,0.29657
-0.33532,-0.071912
-0.33532,0.43086
-0.33532,-0.22444
6.0417,5.6593
6.0417,5.6152
6.0417,6.7439
6.0417,5.7881
7.8912,7.3423
7.8912,7.0286
-5.5306,-4.9904
-5.5306,-6.0721
-5.5306,-5.2433
-5.5306,-6.4748
-5.5306,-5.6919
-4.0493,-3.7354
5.7881,4.8718
5.7881,6.0745
5.7881,5.6593
5.7881,5.6152
5.7881,4.8942
5.7881,5.3137
5.7881,6.0417
5.7881,6.4511
-0.27138,-0.55633
-0.27138,-0.23904
-0.27138,0.10609
-0.27138,-1.0124
-0.27138,-0.8918
-6.8275,-6.2623
-6.8275,-7.3348
4.5995,3.8656
4.5995,4.8718
4.5995,5.1064
4.5995,4.8942
4.5995,5.3137
4.5995,4.3077
4.5995,4.9135
2.056,1.2319
7.1031,6.8582
7.1031,6.7439
7.1031,6.4511
4.5427,5.2042
-2.725,-3.6851
-2.725,-3.2702
-2.725,-3
-0.071912,0.29657
-0.071912,-0.33532
-0.071912,0.67404
0.43086,0.29657
0.43086,1.2319
0.43086,0.85166
0.43086,-0.33532
0.43086,0.75179
0.43086,-0.22444
1.2209,1.9916
1.2209,1.4746
1.2209,0.39042
1.2209,1.4068
1.2209,0.37007
6.7982,7.3423
6.7982,6.1404
6.7982,6.0385
2.0874,1.5692
2.0874,2.6262
-3,-3.6851
-3,-3.4093
-3,-2.725
-3,-2.2698
-5.2059,-4.9904
-5.2059,-4.3367
-5.2059,-4.5402
-5.2059,-5.26
-5.2059,-5.6919
-3.7992,-4.0217
-3.7992,-4.7149
-6.2623,-6.8637
-6.2623,-6.4836
-6.2623,-5.4874
-6.2623,-5.5674
-6.2623,-6.8275
-6.2623,-5.8582
-6.2623,-6.6588
1.4068,2.3063
1.4068,0.76299
1.4068,1.2209
-6.184,-6.4748
-6.184,-5.4177
0.67404,0.29657
0.67404,1.4032
0.67404,0.85166
0.67404,-0.071912
7.0286,7.3423
7.0286,6.4762
7.0286,7.8912
-5.4102,-5.1004
-5.4102,-5.8249
-5.4102,-6.1335
-5.4102,-4.7966
-5.4102,-4.6595
-5.4102,-5.8582
-3.3456,-3.0876
-7.3348,-6.4836
-7.3348,-7.6128
-7.3348,-6.8275
-7.3348,-6.6588
0.69634,0.53334
0.69634,1.5692
0.69634,-0.18852
3.005,3.8656
3.005,3.1336
-4.0217,-4.7966
-4.0217,-3.7992
-4.0217,-3.0876
-6.4748,-6.0721
-6.4748,-5.5306
-6.4748,-6.184
5.6075,5.2042
5.6075,5.8602
5.6075,5.5212
5.6075,6.3237
-4.1044,-4.9904
-4.1044,-3.6851
-4.1044,-4.3367
-4.1044,-4.5402
-4.1044,-4.3299
0.75179,1.2319
0.75179,0.56087
0.75179,0.28565
0.75179,0.43086
0.75179,-0.22444
5.4674,5.9672
5.4674,5.3599
5.4674,4.7506
5.4674,5.0719
5.4674,5.8602
-2.153,-1.536
-2.153,-1.4666
-2.153,-2.4561
-2.153,-1.6041
-1.291,-1.8849
-1.291,-0.55633
-1.291,-1.3306
-1.291,-0.8918
6.7454,5.9672
6.7454,6.4291
6.7454,7.2517
6.7454,6.3994
4.3077,3.8656
4.3077,4.8718
4.3077,5.1064
4.3077,4.9148
4.3077,5.3137
4.3077,4.5995
-1.589,-1.0937
-1.589,-0.92841
-5.6919,-4.9904
-5.6919,-6.0721
-5.6919,-5.26
-5.6919,-6.3457
-5.6919,-5.5306
-5.6919,-5.2059
-2.8683,-2.2423
-4.4331,-4.7149
-0.45455,-0.88906
-7.1698,-6.659
-7.1698,-6.6339
-5.2204,-5.766
-5.2204,-4.5717
-5.2204,-4.8726
-5.2204,-5.5172
-5.4177,-6.184
6.1113,5.3654
6.1113,5.3593
6.1113,6.3994
5.2269,6.1404
-0.8918,-1.8849
-0.8918,-0.55633
-0.8918,0.10609
-0.8918,-1.3306
-0.8918,-0.39331
-0.8918,-0.27138
-0.8918,-1.291
-0.8918,-1.2396
-7.4335,-6.6339
-0.22444,-0.20525
-0.22444,-1.0937
-0.22444,0.28565
-0.22444,-0.33532
-0.22444,0.43086
-0.22444,0.75179
1.2633,0.53334
1.2633,1.5692
1.2633,0.56087
-0.18852,-0.20525
-0.18852,0.53334
-0.18852,-0.80219
-0.18852,0.69634
-0.18852,-1.1474
-5.8582,-6.8637
-5.8582,-5.1004
-5.8582,-6.4836
-5.8582,-6.1335
-5.8582,-5.5674
-5.8582,-6.2623
-5.8582,-5.4102
-4.8459,-5.252
-4.8459,-4.432
-6.6588,-6.8637
-6.6588,-6.4836
-6.6588,-7.0016
-6.6588,-7.6128
-6.6588,-6.2623
-6.6588,-7.3348
-1.1474,-0.80219
-1.1474,-0.18852
7.1948,7.0851
7.1948,8.0684
0.11688,0.70096
0.11688,0.76875
-2.2698,-1.8849
-2.2698,-1.3306
-2.2698,-2.4561
-2.2698,-1.6041
-2.2698,-3
4.9135,4.1177
4.9135,4.8718
4.9135,5.6593
4.9135,4.8942
4.9135,4.5995
6.3237,5.5212
6.3237,5.6075
-4.7149,-5.1004
-4.7149,-5.5674
-4.7149,-4.7966
-4.7149,-3.7992
-4.7149,-4.4331
-3.8923,-4.5717
-3.0876,-3.3456
-3.0876,-4.0217
0.37007,0.76299
0.37007,0.39042
0.37007,-0.39331
0.37007,1.2209
6.0693,6.4764
6.4511,6.0741
6.4511,6.0745
6.4511,5.6152
6.4511,6.8582
6.4511,5.7881
6.4511,7.1031
-1.2396,-1.536
-1.2396,-0.55633
-1.2396,-0.88906
-1.2396,-1.0124
-1.2396,-1.3306
-1.2396,-1.4666
-1.2396,-1.6041
-1.2396,-0.8918
8.0684,7.6386
8.0684,7.1948
