4.5734,4.9765
4.5734,4.121
4.5734,4.6141
4.5734,4.3525
4.5734,4.637
4.5734,4.8868
4.5734,4.8772
4.5734,5.4206
4.5734,5.1685
-3.5654,-3.4254
-3.5654,-2.6157
-3.5654,-2.8774
-3.5654,-3.6123
-3.5654,-4.234
-3.5654,-2.5734
-3.5654,-3.4802
-3.5654,-4.4231
-3.5654,-3.3775
-5.0726,-5.5153
-5.0726,-4.234
-5.0726,-5.4597
-5.0726,-5.1363
-5.0726,-5.0147
-5.0726,-4.2603
-1.8225,-2.6157
-1.8225,-1.7074
-1.8225,-2.5734
-1.8225,-1.0999
-1.8225,-1.8449
-1.8225,-1.8231
-1.8225,-2.6735
-1.8225,-1.5345
3.0125,2.2993
3.0125,2.024
3.0125,3.0397
3.0125,3.842
3.0125,3.2291
3.0125,3.2519
4.0482,4.0589
4.0482,4.63
4.0482,4.4436
4.0482,4.9579
4.0589,4.0482
4.0589,4.63
4.0589,4.6656
4.0589,4.4436
4.0589,4.1472
4.0589,4.819
4.0589,4.4674
4.0589,3.667
-5.0376,-5.5153
-5.0376,-5.1363
-5.0376,-5.4683
-5.0376,-5.918
6.8011,6.4059
6.8011,6.7462
6.8011,5.9838
6.8011,6.9882
6.8011,6.1791
4.9167,4.6656
4.9167,5.3713
4.9167,4.9859
4.9167,4.9159
4.9167,5.4882
4.9167,4.3339
4.9167,4.4568
4.9167,4.6356
4.9167,4.4674
4.9167,3.992
4.9167,5.1439
4.9167,5.0664
6.4059,6.8011
6.4059,5.9838
6.4059,5.678
6.4059,6.9882
6.4059,5.4205
6.4059,6.1791
-6.0961,-5.5153
-6.0961,-6.7293
-6.0961,-5.4683
-6.0961,-6.0012
-6.0961,-5.918
-3.4254,-3.5654
-3.4254,-4.234
-3.4254,-2.4621
-3.4254,-4.2603
-3.4254,-2.9327
-3.4254,-3.4802
-3.4254,-2.5644
-3.4254,-3.3775
-1.3912,-1.0634
-1.3912,-1.6588
-1.3912,-1.4319
-1.3912,-2.1938
-1.3912,-1.6638
-1.3912,-1.8565
-1.3912,-0.48152
-1.3912,-2.1851
-1.3912,-1.3152
-1.9205,-1.2421
-1.9205,-2.3445
-1.9205,-1.9769
4.9693,4.4659
4.9693,4.2925
4.9693,5.7339
4.9693,5.0333
4.9693,5.0657
4.9693,5.4205
4.9693,5.2276
4.9693,4.054
4.63,4.0482
4.63,4.0589
4.63,5.6258
4.63,4.4436
4.63,4.9579
4.63,5.1375
4.63,4.819
4.9313,4.4659
4.9313,4.6834
4.9313,5.678
4.9313,5.4205
4.6656,4.0589
4.6656,4.9167
4.6656,5.3713
4.6656,4.9159
4.6656,3.888
4.6656,4.3339
4.6656,4.4436
4.6656,4.4568
4.6656,4.6356
4.6656,4.1472
4.6656,5.6001
4.6656,4.819
4.6656,4.4674
4.6656,5.1439
-2.5917,-2.8154
-2.5917,-1.6588
-2.5917,-2.3416
-2.5917,-2.28
-2.5917,-2.8887
-2.5917,-2.4453
-2.5917,-2.1938
-2.5917,-2.1851
-6.2061,-6.5647
-6.2061,-5.4891
-6.2061,-6.7293
-6.2061,-5.4683
-6.2061,-5.918
-2.6157,-3.5654
-2.6157,-1.8225
-2.6157,-2.8774
-2.6157,-2.4621
-2.6157,-2.5734
-2.6157,-1.8449
-2.6157,-1.8231
-2.6157,-2.6735
-2.6157,-2.5644
-2.6157,-3.3775
-7.7449,-6.9405
-7.7449,-6.94
-6.0783,-5.8418
-6.0783,-6.7472
-6.0783,-6.8817
-6.0783,-6.125
-6.0783,-5.8564
-6.0783,-5.2124
-6.0783,-5.7115
-6.0783,-5.8718
-6.0783,-6.808
-6.0783,-6.4286
-6.0783,-5.1762
4.6709,4.9729
4.6709,4.1805
4.6709,4.0441
4.6709,5.1793
4.6709,4.047
4.6709,4.7601
4.6709,4.0273
4.6709,4.5868
4.6709,4.3362
4.6709,3.7386
-1.2421,-1.9205
-1.2421,-1.3318
-1.2421,-1.5457
-1.2421,-1.9769
-2.8774,-3.5654
-2.8774,-2.6157
-2.8774,-3.6123
-2.8774,-2.4621
-2.8774,-2.5734
-2.8774,-2.6735
-2.8774,-2.5644
-2.8774,-3.3775
2.2993,3.0125
2.2993,1.8872
2.2993,2.024
2.2993,3.0397
2.2993,2.7279
2.2993,3.2291
-8.9472,-8.6717
-8.9472,-9.6929
-8.9472,-8.8114
5.3713,4.9167
5.3713,4.6656
5.3713,5.6258
5.3713,4.9159
5.3713,5.4882
5.3713,5.6001
5.3713,5.1375
5.3713,4.819
5.3713,4.4674
5.3713,5.1439
-5.7351,-6.5647
-5.7351,-5.6431
-5.7351,-6.234
4.4659,4.9693
4.4659,4.9313
4.4659,3.8371
4.4659,4.6834
4.4659,5.0657
4.4659,5.4205
4.4659,5.2276
4.4659,4.054
-1.0634,-1.3912
-1.0634,-1.4319
-1.0634,-1.6638
-1.0634,-1.8565
-1.0634,-0.79834
-1.0634,-1.3318
-1.0634,-0.48152
-1.0634,-1.3152
-1.7248,-1.4319
-1.7248,-2.5723
-1.7248,-2.3416
-1.7248,-2.3445
-1.7248,-2.1236
-1.7248,-1.8565
-1.7248,-0.79834
-1.7248,-1.3318
-1.7248,-1.5457
-1.7248,-1.9769
4.9859,4.9167
4.9859,4.9765
4.9859,5.4882
4.9859,4.1591
4.9859,4.637
4.9859,4.4568
4.9859,5.6496
4.9859,4.6356
4.9859,5.2963
4.9859,4.8772
4.9859,5.0664
4.9765,4.5734
4.9765,4.9859
4.9765,4.121
4.9765,4.6141
4.9765,4.637
4.9765,4.8868
4.9765,5.2963
4.9765,4.8772
4.9765,5.4206
4.9765,5.1685
4.9765,5.7985
3.6219,2.8526
3.6219,4.0273
3.6219,4.5868
3.6219,3.7386
5.6258,4.63
5.6258,5.3713
5.6258,5.6001
5.6258,5.1375
5.6258,4.819
4.9729,4.6709
4.9729,5.0196
4.9729,5.1793
4.9729,4.047
4.9729,4.7601
4.9729,4.3362
-4.2855,-4.7494
-4.2855,-4.8933
-4.2855,-3.8612
-4.2855,-5.2124
-4.2855,-5.1762
4.121,4.5734
4.121,4.9765
4.121,4.6141
4.121,4.3525
4.121,4.1591
4.121,4.637
-2.8154,-2.5917
-2.8154,-2.9614
-2.8154,-2.3416
-2.8154,-2.4453
-2.8154,-2.1938
-2.8154,-2.1851
-9.4074,-9.5578
6.7462,6.8011
6.7462,5.9838
6.7462,6.9882
6.7462,5.8386
-1.6588,-1.3912
-1.6588,-2.5917
-1.6588,-1.1224
-1.6588,-2.28
-1.6588,-2.4453
-1.6588,-2.1938
-1.6588,-1.6638
-1.6588,-1.9634
-1.6588,-2.1851
-1.6588,-1.3152
5.9838,6.8011
5.9838,6.4059
5.9838,6.7462
5.9838,5.7339
5.9838,5.8386
5.9838,5.4205
5.9838,5.2276
5.9838,6.1791
-5.2783,-5.8211
-5.2783,-4.9455
-5.2783,-5.1516
-5.5153,-5.0726
-5.5153,-5.0376
-5.5153,-6.0961
-5.5153,-5.1363
-5.5153,-6.0012
-5.5153,-5.918
-3.6123,-3.5654
-3.6123,-2.8774
-3.6123,-2.6735
-3.6123,-4.4231
-3.6123,-3.3775
-1.4319,-1.3912
-1.4319,-1.0634
-1.4319,-1.7248
-1.4319,-2.3416
-1.4319,-2.1236
-1.4319,-2.1938
-1.4319,-1.6638
-1.4319,-1.8565
-1.4319,-0.79834
-1.4319,-1.3318
-1.4319,-1.3152
5.0039,5.0196
5.0039,4.1805
5.0039,4.5672
5.0039,5.1793
5.0039,4.8868
5.0039,4.3362
5.0039,5.1685
5.0039,5.5845
-4.234,-3.5654
-4.234,-5.0726
-4.234,-3.4254
-4.234,-5.0147
-4.234,-4.2603
-4.234,-3.4802
-4.234,-4.4231
-4.234,-3.3775
5.0196,4.9729
5.0196,5.0039
5.0196,4.1805
5.0196,4.5672
5.0196,5.1793
5.0196,4.3362
-5.8211,-5.2783
-5.8211,-4.9455
-5.8211,-5.8418
-5.8211,-6.125
-5.8211,-5.8564
-5.8211,-5.1516
-5.8211,-6.158
-2.5723,-1.7248
-2.5723,-2.9614
-2.5723,-2.3416
-2.5723,-2.3445
-2.5723,-2.1236
-2.5723,-2.4453
-2.5723,-1.8565
-2.5723,-2.8345
-2.5723,-1.9769
-2.9614,-2.8154
-2.9614,-2.5723
-2.9614,-2.3416
-2.9614,-2.1236
-2.9614,-2.4453
-2.9614,-2.8345
3.8371,4.4659
3.8371,4.6834
3.8371,4.054
-5.4597,-5.0726
-5.4597,-5.0147
-5.4597,-6.0012
4.9159,4.9167
4.9159,4.6656
4.9159,5.3713
4.9159,4.3339
4.9159,4.6356
4.9159,4.1472
4.9159,5.6001
4.9159,5.1375
4.9159,4.819
4.9159,4.4674
4.9159,5.1439
4.9159,5.0664
3.888,4.6656
3.888,4.3339
3.888,4.4568
3.888,4.6356
3.888,4.1472
3.888,4.4674
3.888,3.992
3.888,3.667
4.6834,4.9313
4.6834,4.4659
4.6834,3.8371
4.6834,5.0657
4.6834,5.678
4.6834,5.4205
4.6834,4.054
-1.7074,-1.8225
-1.7074,-2.4621
-1.7074,-2.5734
-1.7074,-1.8449
-1.7074,-1.8231
-1.7074,-2.5644
-1.7074,-1.4356
-1.7074,-2.2636
-1.7074,-1.5345
4.1805,4.6709
4.1805,5.0039
4.1805,5.0196
4.1805,4.5672
4.1805,4.0441
4.1805,4.047
4.1805,3.842
4.1805,4.0253
4.1805,4.3362
4.1805,3.7473
4.1805,3.2519
-5.1363,-5.0726
-5.1363,-5.0376
-5.1363,-5.5153
-5.1363,-4.2603
-5.1363,-6.0012
2.8526,3.6219
2.8526,2.7279
2.8526,3.7386
5.4882,4.9167
5.4882,5.3713
5.4882,4.9859
5.4882,5.6496
5.4882,4.6356
5.4882,5.6001
5.4882,5.2963
5.4882,5.1439
5.4882,5.0664
-4.9455,-5.2783
-4.9455,-5.8211
-4.9455,-4.1942
-4.9455,-4.8933
-4.9455,-5.8564
-4.9455,-5.1516
-4.9455,-5.2124
4.5672,5.0039
4.5672,5.0196
4.5672,4.1805
4.5672,4.6141
4.5672,4.3525
4.5672,4.0441
4.5672,4.8868
4.5672,4.0253
4.5672,4.3362
4.5672,3.7473
-2.4621,-3.4254
-2.4621,-2.6157
-2.4621,-2.8774
-2.4621,-1.7074
-2.4621,-2.5734
-2.4621,-1.8449
-2.4621,-2.9327
-2.4621,-2.5644
-2.4621,-2.2636
-2.4621,-3.3775
-5.8418,-6.0783
-5.8418,-5.8211
-5.8418,-4.8933
-5.8418,-6.125
-5.8418,-5.8564
-5.8418,-5.1516
-5.8418,-5.2124
-5.8418,-5.7115
-5.8418,-5.8718
-5.8418,-6.808
-5.8418,-6.4286
-5.8418,-5.1762
-9.402,-8.8766
-9.402,-8.8114
4.6141,4.5734
4.6141,4.9765
4.6141,4.121
4.6141,4.5672
4.6141,4.3525
4.6141,4.8868
4.6141,4.0253
4.6141,5.1685
4.6141,5.5845
-6.5647,-6.2061
-6.5647,-5.7351
-2.5734,-3.5654
-2.5734,-1.8225
-2.5734,-2.6157
-2.5734,-2.8774
-2.5734,-1.7074
-2.5734,-2.4621
-2.5734,-1.8449
-2.5734,-2.6735
-2.5734,-2.5644
-2.5734,-2.2636
-2.5734,-3.3775
-7.9302,-8.1265
-7.9302,-8.8114
-1.0999,-1.8225
-1.0999,-0.70923
-1.0999,-1.8231
-1.0999,-1.5345
4.3525,4.5734
4.3525,4.121
4.3525,4.5672
4.3525,4.6141
4.3525,4.8868
4.3525,4.0253
4.3525,5.1685
4.3525,3.7473
4.2925,4.9693
4.2925,5.0333
4.2925,4.054
4.0441,4.6709
4.0441,4.1805
4.0441,4.5672
4.0441,3.5721
4.0441,4.047
4.0441,3.842
4.0441,4.0253
4.0441,4.3362
4.0441,3.2519
5.1793,4.6709
5.1793,4.9729
5.1793,5.0039
5.1793,5.0196
5.1793,4.3362
4.1591,4.9859
4.1591,4.121
4.1591,4.637
4.1591,4.4568
4.1591,4.8772
4.1591,3.992
5.7339,4.9693
5.7339,5.9838
5.7339,5.0333
5.7339,5.0657
5.7339,5.8386
5.7339,5.2276
5.7339,6.1791
1.8872,2.2993
1.8872,2.7279
-5.6431,-5.7351
-5.6431,-6.234
-5.6431,-4.8802
-5.6431,-5.7115
-5.6431,-5.8718
-5.6431,-6.4286
-5.6431,-5.1762
2.024,3.0125
2.024,2.2993
-1.8449,-1.8225
-1.8449,-2.6157
-1.8449,-1.7074
-1.8449,-2.4621
-1.8449,-2.5734
-1.8449,-1.8231
-1.8449,-2.5644
-1.8449,-1.5345
4.637,4.5734
4.637,4.9859
4.637,4.9765
4.637,4.121
4.637,4.1591
4.637,4.4568
4.637,4.6356
4.637,5.2963
4.637,4.8772
4.637,3.992
4.637,5.0664
-4.1942,-4.9455
-4.1942,-4.8933
-4.1942,-3.8612
-6.234,-5.7351
-6.234,-5.6431
-6.234,-5.8718
-1.1224,-1.6588
-1.1224,-1.9634
-1.1224,-1.3152
5.0333,4.9693
5.0333,4.2925
5.0333,5.7339
5.0333,5.0657
5.0333,5.8386
5.0333,5.2276
-4.7494,-4.2855
-4.7494,-4.8933
-4.7494,-4.8802
-4.7494,-5.2124
-4.7494,-5.7115
-4.7494,-5.1762
-4.8933,-4.2855
-4.8933,-4.9455
-4.8933,-5.8418
-4.8933,-4.1942
-4.8933,-4.7494
-4.8933,-5.8564
-4.8933,-5.1516
-4.8933,-5.2124
-4.8933,-5.1762
-2.3416,-2.5917
-2.3416,-1.7248
-2.3416,-2.8154
-2.3416,-1.4319
-2.3416,-2.5723
-2.3416,-2.9614
-2.3416,-2.1236
-2.3416,-2.4453
-2.3416,-2.1938
-2.3416,-1.6638
-2.3416,-1.8565
-2.3416,-2.1851
4.3339,4.9167
4.3339,4.6656
4.3339,4.9159
4.3339,3.888
4.3339,4.4568
4.3339,4.6356
4.3339,4.1472
4.3339,4.4674
4.3339,3.992
4.3339,5.1439
4.4436,4.0482
4.4436,4.0589
4.4436,4.63
4.4436,4.6656
4.4436,4.1472
4.4436,5.1375
4.4436,4.819
4.4436,4.4674
4.4436,3.667
-2.3445,-1.9205
-2.3445,-1.7248
-2.3445,-2.5723
-2.3445,-2.1236
-2.3445,-2.8345
-2.3445,-1.5457
-2.3445,-1.9769
4.4568,4.9167
4.4568,4.6656
4.4568,4.9859
4.4568,3.888
4.4568,4.1591
4.4568,4.637
4.4568,4.3339
4.4568,4.6356
4.4568,4.1472
4.4568,3.992
4.4568,5.0664
3.0397,3.0125
3.0397,2.2993
3.0397,3.5721
3.0397,4.047
3.0397,3.842
3.0397,2.7279
3.0397,3.2291
3.0397,3.2519
5.0657,4.9693
5.0657,4.4659
5.0657,4.6834
5.0657,5.7339
5.0657,5.0333
5.0657,5.678
5.0657,5.4205
5.0657,5.2276
-7.4761,-6.7472
-7.4761,-6.8817
-7.4761,-6.9405
-7.4761,-6.808
3.5721,4.0441
3.5721,3.0397
3.5721,4.047
3.5721,3.842
3.5721,4.0273
3.5721,2.7279
3.5721,3.2291
3.5721,3.7386
-8.1265,-7.9302
-8.1265,-8.8766
5.678,6.4059
5.678,4.9313
5.678,4.6834
5.678,5.0657
5.678,5.4205
5.678,5.2276
5.678,6.1791
6.9882,6.8011
6.9882,6.4059
6.9882,6.7462
6.9882,6.1791
-2.1236,-1.7248
-2.1236,-1.4319
-2.1236,-2.5723
-2.1236,-2.9614
-2.1236,-2.3416
-2.1236,-2.3445
-2.1236,-2.4453
-2.1236,-2.1938
-2.1236,-1.6638
-2.1236,-1.8565
-2.1236,-1.3318
-2.1236,-1.5457
-2.1236,-1.9769
-2.28,-2.5917
-2.28,-1.6588
-2.28,-2.8887
-2.28,-2.1938
-2.28,-1.9634
-2.28,-2.1851
5.6496,4.9859
5.6496,5.4882
5.6496,5.2963
5.6496,4.8772
5.6496,5.7985
5.6496,5.0664
-6.7472,-6.0783
-6.7472,-7.4761
-6.7472,-6.8817
-6.7472,-5.8718
-6.7472,-6.808
-6.7472,-7.2196
-6.7472,-6.4286
4.6356,4.9167
4.6356,4.6656
4.6356,4.9859
4.6356,4.9159
4.6356,3.888
4.6356,5.4882
4.6356,4.637
4.6356,4.3339
4.6356,4.4568
4.6356,4.1472
4.6356,4.4674
4.6356,3.992
4.6356,5.1439
4.6356,5.0664
-2.8887,-2.5917
-2.8887,-2.28
-2.8887,-1.9634
-5.0147,-5.0726
-5.0147,-4.234
-5.0147,-5.4597
-5.0147,-4.4231
-6.8817,-6.0783
-6.8817,-7.4761
-6.8817,-6.7472
-6.8817,-6.9405
-6.8817,-6.808
-6.8817,-6.4286
4.047,4.6709
4.047,4.9729
4.047,4.1805
4.047,4.0441
4.047,3.0397
4.047,3.5721
4.047,3.842
4.047,4.0273
4.047,4.3362
4.047,3.2291
4.047,3.7386
3.842,3.0125
3.842,4.1805
3.842,4.0441
3.842,3.0397
3.842,3.5721
3.842,4.047
3.842,4.0253
3.842,4.3362
3.842,3.2291
3.842,3.2519
4.7601,4.6709
4.7601,4.9729
4.7601,4.0273
4.7601,4.5868
-6.9405,-7.7449
-6.9405,-7.4761
-6.9405,-6.8817
-6.9405,-6.125
-6.9405,-6.158
-6.9405,-6.94
-6.9405,-6.808
4.8868,4.5734
4.8868,4.9765
4.8868,5.0039
4.8868,4.5672
4.8868,4.6141
4.8868,4.3525
4.8868,5.1685
4.8868,5.5845
-2.4453,-2.5917
-2.4453,-2.8154
-2.4453,-1.6588
-2.4453,-2.5723
-2.4453,-2.9614
-2.4453,-2.3416
-2.4453,-2.1236
-2.4453,-2.1938
-2.4453,-1.6638
-2.4453,-1.8565
-2.4453,-2.1851
-4.2603,-5.0726
-4.2603,-3.4254
-4.2603,-4.234
-4.2603,-5.1363
-4.2603,-3.4802
4.0273,4.6709
4.0273,3.6219
4.0273,3.5721
4.0273,4.047
4.0273,4.7601
4.0273,4.5868
4.0273,3.2291
4.0273,3.7386
4.1472,4.0589
4.1472,4.6656
4.1472,4.9159
4.1472,3.888
4.1472,4.3339
4.1472,4.4436
4.1472,4.4568
4.1472,4.6356
4.1472,4.819
4.1472,4.4674
4.1472,3.667
4.1472,5.1439
-2.1938,-1.3912
-2.1938,-2.5917
-2.1938,-2.8154
-2.1938,-1.6588
-2.1938,-1.4319
-2.1938,-2.3416
-2.1938,-2.1236
-2.1938,-2.28
-2.1938,-2.4453
-2.1938,-1.6638
-2.1938,-1.8565
-2.1938,-1.9634
-2.1938,-2.1851
-2.1938,-1.3152
-6.125,-6.0783
-6.125,-5.8211
-6.125,-5.8418
-6.125,-6.9405
-6.125,-5.8564
-6.125,-5.1516
-6.125,-6.158
-6.125,-5.7115
-6.125,-6.808
-1.6638,-1.3912
-1.6638,-1.0634
-1.6638,-1.6588
-1.6638,-1.4319
-1.6638,-2.3416
-1.6638,-2.1236
-1.6638,-2.4453
-1.6638,-2.1938
-1.6638,-1.8565
-1.6638,-2.1851
-1.6638,-1.3152
-8.6717,-8.9472
4.9579,4.0482
4.9579,4.63
4.9579,5.1375
5.6001,4.6656
5.6001,5.3713
5.6001,5.6258
5.6001,4.9159
5.6001,5.4882
5.6001,5.1439
-1.8565,-1.3912
-1.8565,-1.0634
-1.8565,-1.7248
-1.8565,-1.4319
-1.8565,-2.5723
-1.8565,-2.3416
-1.8565,-2.1236
-1.8565,-2.4453
-1.8565,-2.1938
-1.8565,-1.6638
-1.8565,-1.3318
-1.8565,-1.5457
-1.8565,-1.9769
4.0253,4.1805
4.0253,4.5672
4.0253,4.6141
4.0253,4.3525
4.0253,4.0441
4.0253,3.842
4.0253,3.7473
4.0253,3.2519
-0.70923,-1.0999
-0.70923,-1.5345
-2.8345,-2.5723
-2.8345,-2.9614
-2.8345,-2.3445
-2.8345,-1.9769
-5.8564,-6.0783
-5.8564,-5.8211
-5.8564,-4.9455
-5.8564,-5.8418
-5.8564,-4.8933
-5.8564,-6.125
-5.8564,-5.1516
-5.8564,-6.158
-5.8564,-5.2124
-5.8564,-5.7115
-5.8564,-6.808
-9.5578,-9.4074
-1.9634,-1.6588
-1.9634,-1.1224
-1.9634,-2.28
-1.9634,-2.8887
-1.9634,-2.1938
-1.9634,-2.1851
-1.9634,-1.3152
4.5868,4.6709
4.5868,3.6219
4.5868,4.7601
4.5868,4.0273
5.2963,4.9859
5.2963,4.9765
5.2963,5.4882
5.2963,4.637
5.2963,5.6496
5.2963,4.8772
5.2963,5.4206
5.2963,5.7985
5.2963,5.0664
-5.1516,-5.2783
-5.1516,-5.8211
-5.1516,-4.9455
-5.1516,-5.8418
-5.1516,-4.8933
-5.1516,-6.125
-5.1516,-5.8564
-5.1516,-5.2124
-4.8802,-5.6431
-4.8802,-4.7494
-4.8802,-5.1762
2.7279,2.2993
2.7279,2.8526
2.7279,1.8872
2.7279,3.0397
2.7279,3.5721
2.7279,3.2291
-8.8766,-9.402
-8.8766,-8.1265
-8.8766,-8.8114
-6.158,-5.8211
-6.158,-6.9405
-6.158,-6.125
-6.158,-5.8564
-6.158,-6.94
4.8772,4.5734
4.8772,4.9859
4.8772,4.9765
4.8772,4.1591
4.8772,4.637
4.8772,5.6496
4.8772,5.2963
4.8772,5.4206
4.8772,5.0664
5.1375,4.63
5.1375,5.3713
5.1375,5.6258
5.1375,4.9159
5.1375,4.4436
5.1375,4.9579
5.1375,4.819
5.1375,5.1439
-2.9327,-3.4254
-2.9327,-2.4621
-2.9327,-3.4802
-2.9327,-2.2636
-1.8231,-1.8225
-1.8231,-2.6157
-1.8231,-1.7074
-1.8231,-1.0999
-1.8231,-1.8449
-1.8231,-2.6735
-1.8231,-1.5345
4.3362,4.6709
4.3362,4.9729
4.3362,5.0039
4.3362,5.0196
4.3362,4.1805
4.3362,4.5672
4.3362,4.0441
4.3362,5.1793
4.3362,4.047
4.3362,3.842
4.819,4.0589
4.819,4.63
4.819,4.6656
4.819,5.3713
4.819,5.6258
4.819,4.9159
4.819,4.4436
4.819,4.1472
4.819,5.1375
4.819,4.4674
4.819,5.1439
-3.8612,-4.2855
-3.8612,-4.1942
-9.6929,-8.9472
-3.4802,-3.5654
-3.4802,-3.4254
-3.4802,-4.234
-3.4802,-4.2603
-3.4802,-2.9327
-3.4802,-2.5644
-3.4802,-3.3775
-5.4891,-6.2061
-5.4891,-5.4683
-2.6735,-1.8225
-2.6735,-2.6157
-2.6735,-2.8774
-2.6735,-3.6123
-2.6735,-2.5734
-2.6735,-1.8231
-6.94,-7.7449
-6.94,-6.9405
-6.94,-6.158
-6.94,-6.808
-0.79834,-1.0634
-0.79834,-1.7248
-0.79834,-1.4319
-0.79834,-1.3318
-0.79834,-1.5457
-2.5644,-3.4254
-2.5644,-2.6157
-2.5644,-2.8774
-2.5644,-1.7074
-2.5644,-2.4621
-2.5644,-2.5734
-2.5644,-1.8449
-2.5644,-3.4802
-2.5644,-2.2636
-2.5644,-3.3775
4.4674,4.0589
4.4674,4.9167
4.4674,4.6656
4.4674,5.3713
4.4674,4.9159
4.4674,3.888
4.4674,4.3339
4.4674,4.4436
4.4674,4.6356
4.4674,4.1472
4.4674,4.819
4.4674,5.1439
5.8386,6.7462
5.8386,5.9838
5.8386,5.7339
5.8386,5.0333
5.8386,6.1791
3.992,4.9167
3.992,3.888
3.992,4.1591
3.992,4.637
3.992,4.3339
3.992,4.4568
3.992,4.6356
-5.2124,-6.0783
-5.2124,-4.2855
-5.2124,-4.9455
-5.2124,-5.8418
-5.2124,-4.7494
-5.2124,-4.8933
-5.2124,-5.8564
-5.2124,-5.1516
-5.2124,-5.7115
-5.2124,-5.1762
5.4205,6.4059
5.4205,4.9693
5.4205,4.9313
5.4205,4.4659
5.4205,5.9838
5.4205,4.6834
5.4205,5.0657
5.4205,5.678
5.4205,5.2276
5.4205,6.1791
5.4206,4.5734
5.4206,4.9765
5.4206,5.2963
5.4206,4.8772
5.4206,5.1685
5.4206,5.7985
5.4206,5.5845
3.2291,3.0125
3.2291,2.2993
3.2291,3.0397
3.2291,3.5721
3.2291,4.047
3.2291,3.842
3.2291,4.0273
3.2291,2.7279
3.2291,3.7386
5.2276,4.9693
5.2276,4.4659
5.2276,5.9838
5.2276,5.7339
5.2276,5.0333
5.2276,5.0657
5.2276,5.678
5.2276,5.4205
5.2276,6.1791
-1.3318,-1.2421
-1.3318,-1.0634
-1.3318,-1.7248
-1.3318,-1.4319
-1.3318,-2.1236
-1.3318,-1.8565
-1.3318,-0.79834
-1.3318,-1.5457
-1.3318,-1.9769
-5.7115,-6.0783
-5.7115,-5.8418
-5.7115,-5.6431
-5.7115,-4.7494
-5.7115,-6.125
-5.7115,-5.8564
-5.7115,-5.2124
-5.7115,-5.8718
-5.7115,-6.4286
-5.7115,-5.1762
3.667,4.0589
3.667,3.888
3.667,4.4436
3.667,4.1472
-6.7293,-6.0961
-6.7293,-6.2061
-6.7293,-5.918
-1.4356,-1.7074
-1.4356,-2.2636
-1.4356,-1.5345
5.1685,4.5734
5.1685,4.9765
5.1685,5.0039
5.1685,4.6141
5.1685,4.3525
5.1685,4.8868
5.1685,5.4206
5.1685,5.5845
-4.4231,-3.5654
-4.4231,-3.6123
-4.4231,-4.234
-4.4231,-5.0147
-5.4683,-5.0376
-5.4683,-6.0961
-5.4683,-6.2061
-5.4683,-5.4891
-5.4683,-5.918
5.1439,4.9167
5.1439,4.6656
5.1439,5.3713
5.1439,4.9159
5.1439,5.4882
5.1439,4.3339
5.1439,4.6356
5.1439,4.1472
5.1439,5.6001
5.1439,5.1375
5.1439,4.819
5.1439,4.4674
5.1439,5.0664
6.1791,6.8011
6.1791,6.4059
6.1791,5.9838
6.1791,5.7339
6.1791,5.678
6.1791,6.9882
6.1791,5.8386
6.1791,5.4205
6.1791,5.2276
-8.8114,-8.9472
-8.8114,-9.402
-8.8114,-7.9302
-8.8114,-8.8766
3.7473,4.1805
3.7473,4.5672
3.7473,4.3525
3.7473,4.0253
3.7473,3.2519
-6.0012,-6.0961
-6.0012,-5.5153
-6.0012,-5.4597
-6.0012,-5.1363
-5.8718,-6.0783
-5.8718,-5.8418
-5.8718,-5.6431
-5.8718,-6.234
-5.8718,-6.7472
-5.8718,-5.7115
-5.8718,-6.4286
-5.8718,-5.1762
-6.808,-6.0783
-6.808,-5.8418
-6.808,-7.4761
-6.808,-6.7472
-6.808,-6.8817
-6.808,-6.9405
-6.808,-6.125
-6.808,-5.8564
-6.808,-6.94
-6.808,-6.4286
-7.2196,-6.7472
-2.2636,-1.7074
-2.2636,-2.4621
-2.2636,-2.5734
-2.2636,-2.9327
-2.2636,-2.5644
-2.2636,-1.4356
5.7985,4.9765
5.7985,5.6496
5.7985,5.2963
5.7985,5.4206
-3.3775,-3.5654
-3.3775,-3.4254
-3.3775,-2.6157
-3.3775,-2.8774
-3.3775,-3.6123
-3.3775,-4.234
-3.3775,-2.4621
-3.3775,-2.5734
-3.3775,-3.4802
-3.3775,-2.5644
-6.4286,-6.0783
-6.4286,-5.8418
-6.4286,-5.6431
-6.4286,-6.7472
-6.4286,-6.8817
-6.4286,-5.7115
-6.4286,-5.8718
-6.4286,-6.808
-1.5457,-1.2421
-1.5457,-1.7248
-1.5457,-2.3445
-1.5457,-2.1236
-1.5457,-1.8565
-1.5457,-0.79834
-1.5457,-1.3318
-1.5457,-1.9769
3.2519,3.0125
3.2519,4.1805
3.2519,4.0441
3.2519,3.0397
3.2519,3.842
3.2519,4.0253
3.2519,3.7473
5.0664,4.9167
5.0664,4.9859
5.0664,4.9159
5.0664,5.4882
5.0664,4.637
5.0664,4.4568
5.0664,5.6496
5.0664,4.6356
5.0664,5.2963
5.0664,4.8772
5.0664,5.1439
-1.9769,-1.9205
-1.9769,-1.2421
-1.9769,-1.7248
-1.9769,-2.5723
-1.9769,-2.3445
-1.9769,-2.1236
-1.9769,-1.8565
-1.9769,-2.8345
-1.9769,-1.3318
-1.9769,-1.5457
4.054,4.9693
4.054,4.4659
4.054,3.8371
4.054,4.6834
4.054,4.2925
-1.5345,-1.8225
-1.5345,-1.7074
-1.5345,-1.0999
-1.5345,-1.8449
-1.5345,-0.70923
-1.5345,-1.8231
-1.5345,-1.4356
-5.918,-5.0376
-5.918,-6.0961
-5.918,-6.2061
-5.918,-5.5153
-5.918,-6.7293
-5.918,-5.4683
-5.1762,-6.0783
-5.1762,-4.2855
-5.1762,-5.8418
-5.1762,-5.6431
-5.1762,-4.7494
-5.1762,-4.8933
-5.1762,-4.8802
-5.1762,-5.2124
-5.1762,-5.7115
-5.1762,-5.8718
3.7386,4.6709
3.7386,3.6219
3.7386,2.8526
3.7386,3.5721
3.7386,4.047
3.7386,4.0273
3.7386,3.2291
-0.48152,-1.3912
-0.48152,-1.0634
-0.48152,-1.3152
-2.1851,-1.3912
-2.1851,-2.5917
-2.1851,-2.8154
-2.1851,-1.6588
-2.1851,-2.3416
-2.1851,-2.28
-2.1851,-2.4453
-2.1851,-2.1938
-2.1851,-1.6638
-2.1851,-1.9634
-2.1851,-1.3152
5.5845,5.0039
5.5845,4.6141
5.5845,4.8868
5.5845,5.4206
5.5845,5.1685
-1.3152,-1.3912
-1.3152,-1.0634
-1.3152,-1.6588
-1.3152,-1.4319
-1.3152,-1.1224
-1.3152,-2.1938
-1.3152,-1.6638
-1.3152,-1.9634
-1.3152,-0.48152
-1.3152,-2.1851
-9.402,-10
9.9639,10
