-0.48839,0.35065
-0.48839,-0.54891
-0.48839,0.081876
-7.9031,-7.2638
-7.9031,-7.8962
-7.9031,-7.2251
-6.3162,-6.3153
-6.3162,-7.1263
-4.9429,-5.521
-4.9429,-5.8173
-4.9429,-5.2846
-4.9429,-4.1049
-4.9429,-4.941
0.92997,1.6326
-5.802,-6.1529
-5.802,-5.2106
-5.802,-6.1387
-5.802,-5.496
-5.802,-5.4333
-5.802,-4.8683
-5.802,-5.6417
-5.802,-5.0454
-5.8641,-4.9861
-5.8641,-6.1529
-5.8641,-5.5949
-5.8641,-5.279
-5.8641,-5.5184
-5.8641,-5.9624
-5.8641,-5.2141
-5.8641,-5.6417
-6.556,-6.3153
-6.556,-7.1263
-6.556,-7.3756
5.701,5.2896
5.701,6.209
5.701,6.5887
-4.9861,-5.8641
-4.9861,-4.3365
-4.9861,-5.0246
-4.9861,-5.2861
-4.9861,-4.5398
-4.9861,-5.279
-4.9861,-5.5184
-4.9861,-4.6744
-4.9861,-4.3931
-4.9861,-5.2141
-4.9861,-4.7742
-4.9861,-5.6417
-4.9861,-5.0454
5.8868,5.2896
5.8868,6.2507
5.8868,5.5992
5.8868,5.56
5.8868,6.7156
5.8868,6.209
5.8868,5.347
-6.3153,-6.3162
-6.3153,-6.556
-6.3153,-7.1263
-6.3153,-5.4211
-6.5456,-5.8173
-6.5456,-6.6041
-6.5456,-6.593
7.6732,7.3552
3.6282,3.9524
3.6282,4.2812
3.6282,4.5477
3.6282,4.4829
5.0902,5.2231
5.0902,4.8523
5.0902,5.5992
5.0902,5.56
5.0902,5.2523
5.0902,4.5281
5.0902,5.347
-6.1529,-5.802
-6.1529,-5.8641
-6.1529,-6.1387
-6.1529,-5.279
-6.1529,-5.5184
-6.1529,-5.9624
-6.1529,-5.2141
-6.1529,-5.6417
-5.2106,-5.802
-5.2106,-6.1387
-5.2106,-5.496
-5.2106,-4.6744
-5.2106,-4.3931
-5.2106,-5.2141
-5.2106,-5.4333
-5.2106,-4.8683
-5.2106,-5.6417
-5.2106,-5.0454
6.2652,6.237
6.2652,5.3968
6.2652,5.3094
6.2652,7.1202
6.2652,6.5699
6.2652,6.1198
6.2652,6.4527
-3.2742,-3.3882
-5.521,-4.9429
-5.521,-5.8173
0.3374,0.59238
0.3374,0.49895
0.3374,-0.2032
0.3374,1.2862
0.3374,-0.4114
0.59238,0.3374
0.59238,1.2717
0.59238,1.2862
1.798,2.0876
1.798,0.97208
3.9524,3.6282
3.9524,4.5477
3.9524,3.0142
3.9524,4.7706
3.9524,4.8029
-6.0372,-5.8173
-6.0372,-5.2846
-6.0372,-6.593
1.8501,2.2438
1.8501,2.2985
1.8501,1.4825
1.8501,1.6326
1.8501,1.1721
6.9925,6.894
6.9925,6.7773
6.9925,7.7736
6.9925,6.3931
6.9925,7.3756
-6.1387,-5.802
-6.1387,-6.1529
-6.1387,-5.2106
-6.1387,-5.496
-6.1387,-5.6417
-1.8333,-2.3276
-1.8333,-1.2856
-1.8333,-2.6691
-1.8333,-1.6641
5.2231,5.0902
5.2231,5.56
5.2231,5.1673
5.2231,5.2523
5.2231,4.5281
5.2231,5.347
5.2231,5.7771
5.9211,6.4674
4.2812,3.6282
4.2812,5.1303
4.2812,4.5477
4.2812,4.4829
4.2812,4.7706
-3.8351,-4.6408
-3.8351,-3.0662
-3.8351,-3.3393
-1.2269,-0.61132
-1.2269,-1.9218
-1.2269,-0.92539
2.2438,1.8501
2.2438,2.2985
2.2438,1.4825
2.2438,2.0876
-4.6408,-3.8351
-4.6408,-4.1128
0.4365,1.422
0.4365,0.82534
0.4365,0.67999
-0.89944,-0.03789
-0.89944,-1.5229
-0.89944,-0.75147
-0.89944,-0.026026
-0.89944,-0.62592
-0.89944,-1.1609
-4.3365,-4.9861
-4.3365,-5.0246
-4.3365,-4.5398
-4.3365,-5.279
-4.3365,-4.6744
-4.3365,-4.3931
-4.3365,-5.2141
-4.3365,-4.7742
6.237,6.2652
6.237,5.3968
6.237,5.3679
6.237,6.1198
6.237,5.6629
6.237,7.0445
6.237,6.4527
-8.2831,-8.8333
4.8523,5.0902
4.8523,5.2896
4.8523,5.5992
4.8523,5.56
4.8523,5.2523
4.8523,5.347
7.5243,7.3552
7.5243,7.0615
5.2896,5.701
5.2896,5.8868
5.2896,4.8523
5.2896,5.5992
5.2896,6.209
5.2896,5.347
2.3765,2.2791
2.3765,1.4217
2.3765,2.125
-7.1263,-6.3162
-7.1263,-6.556
-7.1263,-6.3153
-7.1263,-7.3756
-7.1263,-7.8311
-7.1263,-7.383
-7.2638,-7.9031
-7.2638,-6.8049
-7.2638,-7.2251
-0.18672,0.19731
-0.18672,-0.54891
-0.18672,0.12623
-0.18672,-0.92539
-0.18672,-0.29464
-7.447,-7.3756
-7.447,-7.8962
-7.447,-7.2251
0.59752,0.90503
0.59752,-0.29464
2.2791,2.3765
5.1303,4.2812
5.1303,5.3968
5.1303,5.3094
5.1303,4.5477
5.1303,5.3679
5.1303,6.1198
5.1303,4.4829
5.3968,6.2652
5.3968,6.237
5.3968,5.1303
5.3968,5.3094
5.3968,4.5477
5.3968,5.3679
5.3968,6.1198
5.3968,5.6629
5.3968,4.4829
5.3968,4.7706
6.4154,6.4674
-7.3756,-6.556
-7.3756,-7.1263
-7.3756,-7.447
-7.3756,-7.8311
-5.0246,-4.9861
-5.0246,-4.3365
-5.0246,-5.2861
-5.0246,-4.5398
-5.0246,-5.5949
-5.0246,-5.279
-5.0246,-5.5184
-5.0246,-5.9624
-5.0246,-4.7742
-5.2861,-4.9861
-5.2861,-5.0246
-5.2861,-4.5398
-5.2861,-5.5949
-5.2861,-5.279
-5.2861,-5.5184
-5.2861,-5.9624
-5.2861,-5.2141
-5.2861,-4.7742
6.2507,5.8868
6.2507,5.5992
6.2507,5.56
6.2507,6.7156
6.2507,5.347
6.2507,6.9089
0.52236,0.19731
0.52236,0.12623
-5.2618,-5.4211
2.2985,1.8501
2.2985,2.2438
2.2985,1.6326
-4.1128,-4.6408
-4.1128,-3.3393
-0.03789,-0.89944
-0.03789,-0.28653
-0.03789,-0.75147
-0.03789,-0.026026
-0.03789,-0.013047
-0.03789,0.17097
-0.03789,0.30727
-0.03789,0.6035
0.35065,-0.48839
0.35065,0.19731
0.35065,1.2432
0.35065,0.081876
-7.4349,-6.6041
-7.4349,-6.8049
1.0388,0.49895
1.0388,1.4217
6.894,6.9925
6.894,6.3931
-0.61132,-1.2269
-0.61132,-0.43526
-0.61132,-0.29464
-2.3276,-1.8333
-5.8173,-4.9429
-5.8173,-6.5456
-5.8173,-5.521
-5.8173,-6.0372
-5.8173,-5.2846
-5.8173,-6.6041
-5.8173,-6.593
-5.8173,-4.941
5.9206,6.3931
0.19731,-0.18672
0.19731,0.52236
0.19731,0.35065
0.19731,-0.54891
0.19731,0.12623
0.90503,0.59752
0.90503,0.12623
1.4825,1.8501
1.4825,2.2438
1.4825,0.83378
1.4825,1.1721
1.4825,2.0876
1.4825,1.422
1.4825,0.82534
-4.5398,-4.9861
-4.5398,-4.3365
-4.5398,-5.0246
-4.5398,-5.2861
-4.5398,-4.7742
5.5992,5.8868
5.5992,5.0902
5.5992,4.8523
5.5992,5.2896
5.5992,6.2507
5.5992,5.56
5.5992,6.209
5.5992,5.347
-0.28653,-0.03789
-0.28653,-0.026026
-0.28653,-0.52998
-0.28653,-0.62592
-0.28653,0.30727
-1.5229,-0.89944
-1.5229,-0.62592
-1.5229,-1.1609
1.6326,0.92997
1.6326,1.8501
1.6326,2.2985
1.6326,0.83378
1.6326,1.1721
-5.2846,-4.9429
-5.2846,-6.0372
-5.2846,-5.8173
-5.2846,-4.4877
-5.2846,-4.941
-1.9218,-1.2269
-1.9218,-0.92539
1.0886,0.17097
1.0886,0.30727
-1.2856,-1.8333
-1.2856,-0.76462
-1.2856,-1.3692
7.5214,7.1202
7.5214,6.5699
5.56,5.8868
5.56,5.0902
5.56,5.2231
5.56,4.8523
5.56,6.2507
5.56,5.5992
5.56,5.2523
5.56,5.347
5.56,5.7771
-0.75147,-0.89944
-0.75147,-0.03789
-0.75147,-0.026026
-0.75147,-0.013047
-0.75147,0.17097
-0.75147,-1.6641
-0.75147,-0.67254
-0.75147,-1.1609
-0.026026,-0.89944
-0.026026,-0.03789
-0.026026,-0.28653
-0.026026,-0.75147
-0.026026,0.17097
-0.026026,-0.62592
-0.026026,0.30727
5.3094,6.2652
5.3094,5.1303
5.3094,5.3968
5.3094,5.3679
5.3094,6.1198
5.3094,4.4829
-5.5949,-5.8641
-5.5949,-5.0246
-5.5949,-5.2861
-5.5949,-5.279
-5.5949,-5.5184
-5.5949,-5.9624
6.4674,5.9211
6.4674,6.4154
6.4674,7.0615
-5.279,-5.8641
-5.279,-4.9861
-5.279,-6.1529
-5.279,-4.3365
-5.279,-5.0246
-5.279,-5.2861
-5.279,-5.5949
-5.279,-5.5184
-5.279,-5.496
-5.279,-4.6744
-5.279,-5.2141
-5.279,-4.7742
-5.279,-5.6417
-5.279,-5.0454
4.5477,3.6282
4.5477,3.9524
4.5477,4.2812
4.5477,5.1303
4.5477,5.3968
4.5477,5.3679
4.5477,4.4829
4.5477,4.7706
4.5477,4.8029
-5.5184,-5.8641
-5.5184,-4.9861
-5.5184,-6.1529
-5.5184,-5.0246
-5.5184,-5.2861
-5.5184,-5.5949
-5.5184,-5.279
-5.5184,-5.9624
-5.5184,-5.496
-5.5184,-5.2141
-5.5184,-4.7742
-5.5184,-5.6417
-5.5184,-5.0454
0.83378,1.4825
0.83378,1.6326
0.83378,1.1721
0.83378,0.82534
5.1673,5.2231
5.1673,4.9595
5.1673,5.7771
-0.76462,-1.2856
-0.76462,-0.2032
-0.76462,-0.67254
-0.76462,-0.4114
1.1721,1.8501
1.1721,1.4825
1.1721,1.6326
1.1721,0.83378
1.1721,0.82534
6.7773,6.9925
6.7773,6.3931
6.7773,7.3756
6.7156,5.8868
6.7156,6.2507
6.7156,6.209
6.7156,6.9089
6.7156,6.5887
6.209,5.701
6.209,5.8868
6.209,5.2896
6.209,5.5992
6.209,6.7156
6.209,6.9089
6.209,6.5887
5.3679,6.237
5.3679,5.1303
5.3679,5.3968
5.3679,5.3094
5.3679,4.5477
5.3679,6.1198
5.3679,5.8568
5.3679,5.6629
5.3679,4.4829
5.3679,4.7706
5.3679,4.8029
7.1202,6.2652
7.1202,7.5214
7.1202,6.5699
7.1202,6.4527
-3.0586,-3.0662
-3.3882,-3.2742
-3.3882,-4.2309
-3.3882,-4.3073
-3.0662,-3.8351
-3.0662,-3.0586
-3.0662,-3.3393
-3.0662,-2.5896
6.5699,6.2652
6.5699,7.5214
6.5699,7.1202
6.5699,6.1198
-7.8311,-7.1263
-7.8311,-7.3756
-7.8311,-7.383
0.49895,0.3374
0.49895,1.0388
0.49895,-0.2032
-0.52998,-0.28653
-0.52998,-0.62592
-0.26777,0.081876
-0.26777,0.67999
4.9595,5.1673
1.4217,2.3765
1.4217,1.0388
1.4217,1.2862
-0.54891,-0.48839
-0.54891,-0.18672
-0.54891,0.19731
-0.54891,-0.92539
6.1198,6.2652
6.1198,6.237
6.1198,5.1303
6.1198,5.3968
6.1198,5.3094
6.1198,5.3679
6.1198,6.5699
6.1198,6.4527
-5.4211,-6.3153
-5.4211,-5.2618
2.0876,1.798
2.0876,2.2438
2.0876,1.4825
2.0876,1.422
-5.9624,-5.8641
-5.9624,-6.1529
-5.9624,-5.0246
-5.9624,-5.2861
-5.9624,-5.5949
-5.9624,-5.5184
6.6979,5.8568
6.6979,7.0445
-0.013047,-0.03789
-0.013047,-0.75147
-0.013047,0.17097
-0.013047,0.6035
-0.013047,-0.67254
5.8568,5.3679
5.8568,6.6979
5.8568,5.6629
7.7736,6.9925
-5.496,-5.802
-5.496,-5.2106
-5.496,-6.1387
-5.496,-5.279
-5.496,-5.5184
-5.496,-4.6744
-5.496,-5.2141
-5.496,-5.4333
-5.496,-4.8683
-5.496,-5.6417
-5.496,-5.0454
-3.3393,-3.8351
-3.3393,-4.1128
-3.3393,-3.0662
-3.3393,-2.5896
5.6629,6.237
5.6629,5.3968
5.6629,5.3679
5.6629,5.8568
5.6629,4.7706
5.6629,4.8029
5.6629,6.4527
0.12623,-0.18672
0.12623,0.52236
0.12623,0.19731
0.12623,0.90503
0.12623,-0.29464
4.4829,3.6282
4.4829,4.2812
4.4829,5.1303
4.4829,5.3968
4.4829,5.3094
4.4829,4.5477
4.4829,5.3679
4.4829,4.7706
4.4829,4.8029
2.125,2.3765
7.0445,6.237
7.0445,6.6979
7.0445,6.4527
5.2523,5.0902
5.2523,5.2231
5.2523,4.8523
5.2523,5.56
5.2523,4.5281
5.2523,5.347
-4.6744,-4.9861
-4.6744,-5.2106
-4.6744,-4.3365
-4.6744,-5.279
-4.6744,-5.496
-4.6744,-4.3931
-4.6744,-5.2141
-4.6744,-4.8683
-4.6744,-4.7742
-4.6744,-5.0454
-4.6744,-4.259
0.17097,-0.03789
0.17097,1.0886
0.17097,-0.75147
0.17097,-0.026026
0.17097,-0.013047
0.17097,0.30727
0.17097,0.6035
-0.62592,-0.89944
-0.62592,-0.28653
-0.62592,-1.5229
-0.62592,-0.026026
-0.62592,-0.52998
-0.62592,0.30727
1.422,0.4365
1.422,1.4825
1.422,2.0876
1.422,0.82534
6.3931,6.9925
6.3931,6.894
6.3931,5.9206
6.3931,6.7773
6.3931,6.0756
-4.3931,-4.9861
-4.3931,-5.2106
-4.3931,-4.3365
-4.3931,-4.6744
-4.3931,-5.2141
-4.3931,-4.8683
-4.3931,-4.7742
-4.3931,-5.0454
-4.3931,-4.259
-5.2141,-5.8641
-5.2141,-4.9861
-5.2141,-6.1529
-5.2141,-5.2106
-5.2141,-4.3365
-5.2141,-5.2861
-5.2141,-5.279
-5.2141,-5.5184
-5.2141,-5.496
-5.2141,-4.6744
-5.2141,-4.3931
-5.2141,-4.8683
-5.2141,-4.7742
-5.2141,-5.6417
-5.2141,-5.0454
-4.1049,-4.9429
-4.1049,-4.4877
-4.1049,-4.941
-6.6041,-6.5456
-6.6041,-7.4349
-6.6041,-5.8173
-6.6041,-6.8049
1.2432,0.35065
-5.4333,-5.802
-5.4333,-5.2106
-5.4333,-5.496
0.30727,-0.03789
0.30727,-0.28653
0.30727,1.0886
0.30727,-0.026026
0.30727,0.17097
0.30727,-0.62592
7.3756,6.9925
7.3756,6.7773
-2.6691,-1.8333
-1.6641,-1.8333
-1.6641,-0.75147
-1.6641,-2.3155
-1.6641,-1.1609
-6.593,-6.5456
-6.593,-6.0372
-6.593,-5.8173
1.2717,0.59238
1.2717,1.2862
3.0142,3.9524
-2.3155,-1.6641
-4.8683,-5.802
-4.8683,-5.2106
-4.8683,-5.496
-4.8683,-4.6744
-4.8683,-4.3931
-4.8683,-5.2141
-4.8683,-5.0454
-4.8683,-4.259
4.5281,5.0902
4.5281,5.2231
4.5281,5.2523
-4.7742,-4.9861
-4.7742,-4.3365
-4.7742,-5.0246
-4.7742,-5.2861
-4.7742,-4.5398
-4.7742,-5.279
-4.7742,-5.5184
-4.7742,-4.6744
-4.7742,-4.3931
-4.7742,-5.2141
-4.7742,-5.6417
-4.7742,-5.0454
0.6035,-0.03789
0.6035,-0.013047
0.6035,0.17097
5.347,5.8868
5.347,5.0902
5.347,5.2231
5.347,4.8523
5.347,5.2896
5.347,6.2507
5.347,5.5992
5.347,5.56
5.347,5.2523
-0.92539,-1.2269
-0.92539,-0.18672
-0.92539,-1.9218
-0.92539,-0.54891
0.97208,1.798
0.97208,0.67999
6.9089,6.2507
6.9089,6.7156
6.9089,6.209
4.7706,3.9524
4.7706,4.2812
4.7706,5.3968
4.7706,4.5477
4.7706,5.3679
4.7706,5.6629
4.7706,4.4829
4.7706,4.8029
-0.2032,0.3374
-0.2032,-0.76462
-0.2032,0.49895
-0.2032,-0.67254
-0.2032,-0.4114
-5.6417,-5.802
-5.6417,-5.8641
-5.6417,-4.9861
-5.6417,-6.1529
-5.6417,-5.2106
-5.6417,-6.1387
-5.6417,-5.279
-5.6417,-5.5184
-5.6417,-5.496
-5.6417,-5.2141
-5.6417,-4.7742
-5.6417,-5.0454
-4.1638,-4.2309
-4.4877,-5.2846
-4.4877,-4.1049
-4.4877,-4.941
-0.43526,-0.61132
-0.43526,-0.29464
-7.8962,-7.9031
-7.8962,-7.447
-7.8962,-7.2251
-4.2309,-3.3882
-4.2309,-4.1638
-4.2309,-4.3073
-5.0454,-5.802
-5.0454,-4.9861
-5.0454,-5.2106
-5.0454,-5.279
-5.0454,-5.5184
-5.0454,-5.496
-5.0454,-4.6744
-5.0454,-4.3931
-5.0454,-5.2141
-5.0454,-4.8683
-5.0454,-4.7742
-5.0454,-5.6417
6.5887,5.701
6.5887,6.7156
6.5887,6.209
6.0756,6.3931
0.081876,-0.48839
0.081876,0.35065
0.081876,-0.26777
-7.383,-7.1263
-7.383,-7.8311
-0.67254,-0.75147
-0.67254,-0.76462
-0.67254,-0.013047
-0.67254,-0.2032
1.2862,0.3374
1.2862,0.59238
1.2862,1.4217
1.2862,1.2717
-0.4114,0.3374
-0.4114,-0.76462
-0.4114,-0.2032
-0.4114,-1.3692
-6.8049,-7.2638
-6.8049,-7.4349
-6.8049,-6.6041
-6.8049,-7.2251
-2.5896,-3.0662
-2.5896,-3.3393
-7.2251,-7.9031
-7.2251,-7.2638
-7.2251,-7.447
-7.2251,-7.8962
-7.2251,-6.8049
-1.3692,-1.2856
-1.3692,-0.4114
7.3552,7.6732
7.3552,7.5243
7.3552,7.0615
7.3552,8.295
0.82534,0.4365
0.82534,1.4825
0.82534,0.83378
0.82534,1.1721
0.82534,1.422
-4.259,-4.6744
-4.259,-4.3931
-4.259,-4.8683
4.8029,3.9524
4.8029,4.5477
4.8029,5.3679
4.8029,5.6629
4.8029,4.4829
4.8029,4.7706
5.7771,5.2231
5.7771,5.56
5.7771,5.1673
-4.941,-4.9429
-4.941,-5.8173
-4.941,-5.2846
-4.941,-4.1049
-4.941,-4.4877
-4.3073,-3.3882
-4.3073,-4.2309
-1.1609,-0.89944
-1.1609,-1.5229
-1.1609,-0.75147
-1.1609,-1.6641
0.67999,0.4365
0.67999,-0.26777
0.67999,0.97208
-8.8333,-8.2831
7.0615,7.5243
7.0615,6.4674
7.0615,7.3552
6.4527,6.2652
6.4527,6.237
6.4527,7.1202
6.4527,6.1198
6.4527,5.6629
6.4527,7.0445
-0.29464,-0.18672
-0.29464,0.59752
-0.29464,-0.61132
-0.29464,0.12623
-0.29464,-0.43526
8.295,7.3552
