3.5374,3.2237
3.5374,2.6925
3.5374,4.1995
3.5374,3.4639
3.5374,3.2291
3.5374,4.1266
3.5374,3.4425
3.5374,3.5726
3.5374,3.3549
3.5374,3.615
3.5374,3.4905
3.5374,2.8661
3.5374,3.4498
3.5374,4.0984
3.5374,3.9205
-3.7883,-3.9022
-3.7883,-3.9144
-3.7883,-2.9433
-3.7883,-3.2076
-3.7883,-3.4852
-3.7883,-4.3037
-3.7883,-3.0223
-4.5555,-5.3439
-4.5555,-3.9772
-4.5555,-4.6199
-4.5555,-4.6758
-4.5555,-5.3781
-4.5555,-3.6147
-4.5555,-4.1517
-4.5555,-4.4128
-4.5555,-4.9921
-4.5555,-4.4689
-4.5555,-4.2587
-4.5555,-5.3917
-4.5555,-4.7131
-4.5555,-4.7269
-3.9855,-3.9457
-3.9855,-3.9144
-3.9855,-4.1302
-3.9855,-4.3738
-3.9855,-3.2729
-3.9855,-3.1341
-3.9855,-4.0509
-3.9855,-4.2513
-3.9855,-4.6005
-3.9855,-3.7592
-3.9855,-3.2416
-3.9855,-4.2587
-3.9855,-3.6558
-3.9855,-4.3037
-3.9855,-4.279
3.2237,3.5374
3.2237,3.3392
3.2237,2.6925
3.2237,3.4639
3.2237,3.2291
3.2237,4.1266
3.2237,3.574
3.2237,3.4425
3.2237,3.3549
3.2237,3.615
3.2237,3.4905
3.2237,2.8661
3.2237,3.4498
3.2237,4.0984
3.2237,3.9205
5.3378,4.9315
5.3378,5.7694
5.3378,4.6099
5.3378,5.2414
5.3378,4.7843
4.243,3.9465
4.243,4.9315
4.243,3.7004
4.243,3.574
4.243,4.3454
4.243,4.3227
4.243,4.6099
4.243,5.2414
4.243,3.5863
4.243,4.7191
4.243,4.7843
-3.9457,-3.9855
-3.9457,-3.2674
-3.9457,-3.9772
-3.9457,-4.1302
-3.9457,-4.3738
-3.9457,-3.2729
-3.9457,-3.1341
-3.9457,-4.0509
-3.9457,-4.2513
-3.9457,-4.6005
-3.9457,-3.7592
-3.9457,-3.2416
-3.9457,-4.2587
-3.9457,-3.6558
-3.9457,-4.279
6.7832,6.6951
2.4582,3.3392
2.4582,2.6925
2.4582,3.3549
2.4582,2.6018
2.4582,2.8661
6.2599,5.5959
6.2599,6.0049
6.2599,7.1329
6.2599,5.4291
6.2599,6.6951
6.2599,5.8376
6.2599,6.6198
-5.8508,-5.2311
-5.8508,-5.6727
-5.8508,-4.9618
-5.8508,-6.2767
-5.8508,-5.1086
-5.8508,-6.0066
-3.9022,-3.7883
-3.9022,-3.9144
-3.9022,-3.2076
-3.9022,-3.4852
-3.9022,-4.3037
-0.39675,-1.2032
-0.39675,-0.82105
-0.39675,-1.0751
-2.2722,-1.9761
-2.2722,-1.3601
-2.2722,-2.1397
-2.2722,-2.7998
-2.2722,-1.4646
5.5959,6.2599
5.5959,5.0548
5.5959,6.0049
5.5959,5.4291
5.5959,5.2427
5.5959,5.5322
5.5959,4.9953
5.5959,5.8376
3.9465,4.243
3.9465,3.3392
3.9465,4.9315
3.9465,3.7004
3.9465,3.574
3.9465,4.3454
3.9465,4.3227
3.9465,4.6099
3.9465,3.615
3.9465,3.4905
3.9465,3.5863
3.9465,4.7191
3.9465,3.1186
3.9465,3.9126
2.8516,3.8347
2.8516,3.5829
3.3392,3.2237
3.3392,2.4582
3.3392,3.9465
3.3392,2.6925
3.3392,3.7004
3.3392,3.4639
3.3392,3.574
3.3392,3.3549
3.3392,3.615
3.3392,3.4905
3.3392,2.6018
3.3392,3.5863
3.3392,3.1186
-1.6489,-1.4314
-1.6489,-2.4175
-1.6489,-1.4054
-1.6489,-1.5125
-1.6489,-2.2221
-1.6489,-1.7847
-1.6489,-1.6743
-1.6489,-0.77455
-1.6489,-1.3769
-5.2311,-5.8508
-5.2311,-5.6727
-5.2311,-4.6199
-5.2311,-4.6005
-5.2311,-4.9921
-5.2311,-4.9618
-5.2311,-5.3917
-5.2311,-5.1086
-5.2311,-5.0767
-5.2311,-6.0066
-3.9144,-3.7883
-3.9144,-3.9855
-3.9144,-3.9022
-3.9144,-4.7237
-3.9144,-4.3738
-3.9144,-3.2729
-3.9144,-3.4852
-3.9144,-3.6558
-3.9144,-4.3037
-3.9144,-3.0223
-3.9144,-4.279
-6.7905,-6.2767
-6.0669,-5.7456
-6.0669,-6.8926
-6.0669,-6.0546
-6.0669,-5.606
-6.0669,-5.5049
-6.0669,-6.7384
-6.0669,-6.4774
2.881,2.6866
2.881,3.3997
2.881,3.2291
2.881,2.5064
2.881,2.4834
2.881,3.4425
2.881,3.5726
-1.6741,-2.4175
-1.6741,-1.9761
-1.6741,-1.4054
-1.6741,-1.3601
-1.6741,-2.1397
-1.6741,-1.7847
-1.6741,-1.6743
-1.6741,-1.2032
-1.6741,-0.82105
-1.6741,-1.4646
-1.6741,-1.0751
-1.6741,-1.3769
-3.2674,-3.9457
-3.2674,-3.9772
-3.2674,-3.1341
-3.2674,-3.7592
-3.2674,-3.2416
-3.2674,-4.2587
-3.2674,-3.6131
2.6866,2.881
2.6866,2.1284
2.6866,3.3997
2.6866,2.5037
2.6866,2.4834
2.6866,3.2745
-8.7577,-9.0678
-8.7577,-8.6617
4.9315,5.3378
4.9315,4.243
4.9315,3.9465
4.9315,4.3227
4.9315,4.6099
4.9315,5.2414
4.9315,4.7191
4.9315,4.7843
-5.6727,-5.8508
-5.6727,-5.2311
-5.6727,-5.3439
-5.6727,-5.6698
-5.6727,-4.9921
-5.6727,-4.9618
-5.6727,-5.3917
-5.6727,-6.2767
-5.6727,-6.0066
4.4013,5.0548
4.4013,4.8635
4.4013,3.5829
4.4013,5.2427
4.4013,3.6782
4.4013,4.0404
4.4013,4.9953
4.4013,4.6372
2.7195,3.5829
-3.2542,-2.4175
-3.2542,-2.6593
-3.2542,-2.7998
-3.2542,-3.0739
8.5684,9.4392
8.5684,8.1194
8.5684,8.7681
5.7694,5.3378
5.7694,5.2972
5.7694,5.2414
5.7694,4.7843
5.7694,5.2054
2.1284,2.6866
2.1284,2.5037
2.1284,1.7632
2.1284,1.7265
2.1284,1.5687
7.9105,8.1194
3.3997,2.881
3.3997,2.6866
3.3997,3.2291
3.3997,2.4834
3.3997,3.4425
3.3997,3.5726
3.3997,3.2745
3.3997,3.724
3.3997,3.4498
3.3997,4.1179
-5.3439,-4.5555
-5.3439,-5.6727
-5.3439,-6.2432
-5.3439,-4.6758
-5.3439,-5.6698
-5.3439,-5.1088
-5.3439,-5.3781
-5.3439,-5.5049
-5.3439,-4.4128
-5.3439,-4.9921
-5.3439,-4.4689
-5.3439,-5.3917
-5.3439,-4.7131
2.6925,3.5374
2.6925,3.2237
2.6925,2.4582
2.6925,3.3392
2.6925,3.4639
2.6925,2.2038
2.6925,3.3549
2.6925,3.4905
2.6925,2.6018
2.6925,2.8661
-1.4314,-1.6489
-1.4314,-0.66822
-1.4314,-1.4054
-1.4314,-1.5125
-1.4314,-2.2221
-1.4314,-1.7847
-1.4314,-1.6743
-1.4314,-0.77455
-1.4314,-1.3769
-1.4314,-0.53131
9.3703,8.9741
9.3703,8.7681
5.0548,5.5959
5.0548,4.4013
5.0548,4.9754
5.0548,5.4291
5.0548,5.2427
5.0548,5.5322
5.0548,4.9953
5.0548,4.6372
0.44855,1.4113
0.44855,-0.062396
5.7044,6.0049
5.7044,4.9754
5.7044,5.4291
-5.7456,-6.0669
-5.7456,-5.0851
-5.7456,-6.4774
-3.9772,-4.5555
-3.9772,-3.9457
-3.9772,-3.2674
-3.9772,-4.1302
-3.9772,-4.6199
-3.9772,-4.6758
-3.9772,-4.6005
-3.9772,-3.6147
-3.9772,-4.4128
-3.9772,-3.7592
-3.9772,-4.4689
-3.9772,-4.2587
-3.9772,-4.7131
-3.9772,-3.6131
-2.9433,-3.7883
-2.9433,-3.2729
-2.9433,-2.5813
-2.9433,-3.4852
-2.9433,-3.6558
-2.9433,-3.0223
-0.66822,-1.4314
-0.66822,-1.4054
-0.66822,-1.2032
-0.66822,-0.82105
-0.66822,-0.062396
-0.66822,-1.3769
-0.66822,-0.53131
4.1995,3.5374
4.1995,4.6039
4.1995,4.1266
4.1995,4.907
4.1995,5.0311
4.1995,3.4425
4.1995,3.5726
4.1995,5.0516
4.1995,4.3678
4.1995,4.536
4.1995,3.4498
4.1995,4.0984
4.1995,3.9205
-4.7237,-3.9144
-4.7237,-4.3738
-4.7237,-4.3037
-4.7237,-5.1086
-4.7237,-5.0767
-4.7237,-4.279
4.6039,4.1995
4.6039,5.0516
4.6039,4.3678
4.6039,4.1179
-6.8926,-6.0669
-6.8926,-6.0546
-6.8926,-6.7384
-6.8926,-6.3792
-2.4175,-1.6489
-2.4175,-1.6741
-2.4175,-3.2542
-2.4175,-1.9761
-2.4175,-2.6593
-2.4175,-2.1397
-2.4175,-1.7847
-2.4175,-1.6743
-2.4175,-2.7998
-2.4175,-3.0739
-1.9761,-2.2722
-1.9761,-1.6741
-1.9761,-2.4175
-1.9761,-1.3601
-1.9761,-2.1397
-1.9761,-1.2032
-1.9761,-2.7998
-1.9761,-1.4646
-1.9761,-1.0751
3.8347,2.8516
3.8347,3.5829
3.8347,3.6782
3.8347,4.6372
-4.1302,-3.9855
-4.1302,-3.9457
-4.1302,-3.9772
-4.1302,-4.3738
-4.1302,-4.6199
-4.1302,-4.0509
-4.1302,-4.2513
-4.1302,-4.6005
-4.1302,-3.7592
-4.1302,-4.9618
-4.1302,-3.2416
-4.1302,-4.2587
-4.1302,-4.279
3.7004,4.243
3.7004,3.9465
3.7004,3.3392
3.7004,3.4639
3.7004,4.1266
3.7004,3.574
3.7004,4.3454
3.7004,4.3227
3.7004,4.6099
3.7004,3.3549
3.7004,3.615
3.7004,3.4905
3.7004,3.5863
3.7004,4.536
3.7004,3.1186
3.7004,4.0984
3.4639,3.5374
3.4639,3.2237
3.4639,3.3392
3.4639,2.6925
3.4639,3.7004
3.4639,4.1266
3.4639,3.574
3.4639,4.3454
3.4639,3.3549
3.4639,3.615
3.4639,3.4905
3.4639,2.8661
3.4639,4.0984
3.4639,3.9205
6.0049,6.2599
6.0049,5.5959
6.0049,5.7044
6.0049,5.4291
6.0049,5.2427
6.0049,6.6951
-4.3738,-3.9855
-4.3738,-3.9457
-4.3738,-3.9144
-4.3738,-4.7237
-4.3738,-4.1302
-4.3738,-4.0509
-4.3738,-4.2513
-4.3738,-4.6005
-4.3738,-4.9618
-4.3738,-3.6558
-4.3738,-4.3037
-4.3738,-5.1086
-4.3738,-5.0767
-4.3738,-4.279
3.2291,3.5374
3.2291,3.2237
3.2291,2.881
3.2291,3.3997
3.2291,2.5064
3.2291,2.4834
3.2291,3.4425
3.2291,3.5726
3.2291,2.8661
3.2291,3.4498
3.2291,3.9205
-4.6199,-4.5555
-4.6199,-5.2311
-4.6199,-3.9772
-4.6199,-4.1302
-4.6199,-4.6758
-4.6199,-4.2513
-4.6199,-4.6005
-4.6199,-4.4128
-4.6199,-4.9921
-4.6199,-3.7592
-4.6199,-4.4689
-4.6199,-4.9618
-4.6199,-4.2587
-4.6199,-5.3917
-4.6199,-4.7131
2.1614,2.5037
2.1614,1.4377
9.4392,8.5684
0.47577,0.82718
4.1266,3.5374
4.1266,3.2237
4.1266,4.1995
4.1266,3.7004
4.1266,3.4639
4.1266,4.907
4.1266,5.0311
4.1266,4.3454
4.1266,5.0516
4.1266,4.3678
4.1266,3.615
4.1266,3.4905
4.1266,4.536
4.1266,4.0984
4.1266,3.9205
-3.2076,-3.7883
-3.2076,-3.9022
-3.2076,-2.5813
-3.2076,-3.4852
-6.0546,-6.0669
-6.0546,-6.8926
-6.0546,-6.2432
-6.0546,-5.1088
-6.0546,-5.606
-6.0546,-5.3781
-6.0546,-5.5049
-6.0546,-6.3792
-9.5839,-9.9964
-9.5839,-8.6617
4.907,4.1995
4.907,4.1266
4.907,5.0311
4.907,5.2972
4.907,4.3454
4.907,5.0516
4.907,4.3678
4.907,4.536
4.907,4.7843
4.907,4.0984
4.907,3.9205
4.907,5.2054
-6.2432,-5.3439
-6.2432,-6.0546
-6.2432,-5.6698
-6.2432,-5.3781
-6.2432,-5.5049
-6.2432,-6.2767
-6.2432,-6.3792
-3.2729,-3.9855
-3.2729,-3.9457
-3.2729,-3.9144
-3.2729,-2.9433
-3.2729,-3.1341
-3.2729,-3.4852
-3.2729,-3.2416
-3.2729,-3.6558
-3.2729,-3.0223
-9.9964,-9.5839
-9.9964,-9.0678
-9.9964,-9.7864
-3.1341,-3.9855
-3.1341,-3.9457
-3.1341,-3.2674
-3.1341,-3.2729
-3.1341,-4.0509
-3.1341,-3.2416
-3.1341,-3.6558
5.0311,4.1995
5.0311,4.1266
5.0311,4.907
5.0311,5.2972
5.0311,4.3454
5.0311,5.0516
5.0311,4.536
5.0311,4.7843
5.0311,4.0984
5.0311,5.2054
4.8635,4.4013
4.8635,5.2427
4.8635,5.5322
4.8635,5.8376
4.8635,4.6372
7.1329,6.2599
7.1329,6.6951
7.1329,6.6198
2.5064,2.881
2.5064,3.2291
2.5064,2.2038
2.5064,2.4834
2.5064,3.4425
2.5064,2.8661
2.5064,3.4498
3.574,3.2237
3.574,4.243
3.574,3.9465
3.574,3.3392
3.574,3.7004
3.574,3.4639
3.574,4.3454
3.574,4.3227
3.574,3.3549
3.574,3.615
3.574,3.4905
3.574,3.5863
3.574,3.1186
3.574,4.0984
4.9754,5.0548
4.9754,5.7044
4.9754,5.4291
4.9754,4.9953
2.5037,2.6866
2.5037,2.1284
2.5037,2.1614
2.5037,3.1678
2.5037,3.2745
2.5037,1.5687
-4.6758,-4.5555
-4.6758,-5.3439
-4.6758,-3.9772
-4.6758,-4.6199
-4.6758,-5.1088
-4.6758,-5.3781
-4.6758,-4.1517
-4.6758,-4.4128
-4.6758,-4.9921
-4.6758,-4.4689
-4.6758,-4.2587
-4.6758,-5.3917
-4.6758,-4.7131
-4.6758,-4.7269
1.7632,2.1284
1.7632,2.4834
1.7632,1.7265
1.7632,1.5687
1.7632,0.82718
-4.0509,-3.9855
-4.0509,-3.9457
-4.0509,-4.1302
-4.0509,-4.3738
-4.0509,-3.1341
-4.0509,-4.2513
-4.0509,-4.6005
-4.0509,-3.7592
-4.0509,-3.2416
-4.0509,-4.2587
-4.0509,-3.6558
-4.0509,-4.279
5.2972,5.7694
5.2972,4.907
5.2972,5.0311
5.2972,5.0516
5.2972,4.536
5.2972,5.2054
1.4377,2.1614
1.4377,1.5687
-5.6698,-5.6727
-5.6698,-5.3439
-5.6698,-6.2432
-5.6698,-5.3781
-5.6698,-5.5049
-5.6698,-4.9921
-5.6698,-5.3917
-5.6698,-6.2767
-5.6698,-4.7131
-5.6698,-6.3792
-1.4054,-1.6489
-1.4054,-1.6741
-1.4054,-1.4314
-1.4054,-0.66822
-1.4054,-1.7847
-1.4054,-1.6743
-1.4054,-1.2032
-1.4054,-0.82105
-1.4054,-0.77455
-1.4054,-1.3769
-1.4054,-0.53131
5.4291,6.2599
5.4291,5.5959
5.4291,5.0548
5.4291,5.7044
5.4291,6.0049
5.4291,4.9754
5.4291,5.2427
5.4291,5.5322
5.4291,4.9953
-5.1088,-5.3439
-5.1088,-6.0546
-5.1088,-4.6758
-5.1088,-4.9559
-5.1088,-5.606
-5.1088,-5.3781
-5.1088,-5.5049
-5.1088,-4.1517
-5.1088,-4.4689
-5.1088,-4.3235
-5.1088,-5.0851
-5.1088,-4.7269
-4.9559,-5.1088
-4.9559,-5.606
-4.9559,-3.9746
-4.9559,-4.3235
-4.9559,-5.0851
-4.9559,-4.7269
-2.6593,-3.2542
-2.6593,-2.4175
-2.6593,-2.2221
-2.6593,-1.7847
-2.6593,-1.6743
2.4393,2.6018
2.4393,3.1186
0.47457,-0.062396
4.3454,4.243
4.3454,3.9465
4.3454,3.7004
4.3454,3.4639
4.3454,4.1266
4.3454,4.907
4.3454,5.0311
4.3454,3.574
4.3454,4.3227
4.3454,4.6099
4.3454,3.3549
4.3454,3.615
4.3454,3.4905
4.3454,4.536
4.3454,4.7843
4.3454,4.0984
4.3454,3.9205
4.3454,5.2054
-1.3601,-2.2722
-1.3601,-1.6741
-1.3601,-1.9761
-1.3601,-1.2032
-1.3601,-1.4646
-1.3601,-1.0751
4.3227,4.243
4.3227,3.9465
4.3227,4.9315
4.3227,3.7004
4.3227,3.574
4.3227,4.3454
4.3227,4.6099
4.3227,5.2414
4.3227,3.615
4.3227,3.4905
4.3227,3.5863
4.3227,4.536
4.3227,4.7843
4.3227,4.0984
2.2038,2.6925
2.2038,2.5064
2.2038,2.4834
2.2038,2.8661
3.5829,2.8516
3.5829,4.4013
3.5829,2.7195
3.5829,3.8347
3.5829,3.6782
-5.606,-6.0669
-5.606,-6.0546
-5.606,-5.1088
-5.606,-4.9559
-5.606,-5.3781
-5.606,-5.5049
-5.606,-5.0851
-5.606,-4.7269
2.4834,2.881
2.4834,2.6866
2.4834,3.3997
2.4834,3.2291
2.4834,2.5064
2.4834,1.7632
2.4834,2.2038
2.4834,1.7265
-9.0678,-8.7577
-9.0678,-9.9964
-9.0678,-8.8285
-9.0678,-9.7864
-7.8582,-8.6617
5.2427,5.5959
5.2427,4.4013
5.2427,5.0548
5.2427,6.0049
5.2427,4.8635
5.2427,5.4291
5.2427,5.5322
5.2427,4.9953
5.2427,5.8376
5.2427,4.6372
6.6951,6.7832
6.6951,6.2599
6.6951,6.0049
6.6951,7.1329
-2.1397,-2.2722
-2.1397,-1.6741
-2.1397,-2.4175
-2.1397,-1.9761
-2.1397,-1.7847
-2.1397,-1.6743
-2.1397,-1.2032
-2.1397,-2.7998
-2.1397,-3.0739
-1.5125,-1.6489
-1.5125,-1.4314
-1.5125,-2.2221
-1.5125,-0.77455
3.4425,3.5374
3.4425,3.2237
3.4425,2.881
3.4425,3.3997
3.4425,4.1995
3.4425,3.2291
3.4425,2.5064
3.4425,3.5726
3.4425,4.3678
3.4425,3.4498
3.4425,3.9205
3.4425,4.1179
-5.3781,-4.5555
-5.3781,-5.3439
-5.3781,-6.0546
-5.3781,-6.2432
-5.3781,-4.6758
-5.3781,-5.6698
-5.3781,-5.1088
-5.3781,-5.606
-5.3781,-5.5049
-5.3781,-4.4689
-5.3781,-5.3917
-5.3781,-4.7131
-5.3781,-6.3792
-5.3781,-4.7269
4.6099,5.3378
4.6099,4.243
4.6099,3.9465
4.6099,4.9315
4.6099,3.7004
4.6099,4.3454
4.6099,4.3227
4.6099,5.2414
4.6099,4.536
4.6099,4.7843
4.6099,4.0984
-2.2221,-1.6489
-2.2221,-1.4314
-2.2221,-2.6593
-2.2221,-1.5125
-2.2221,-1.7847
-2.2221,-1.6743
-4.2513,-3.9855
-4.2513,-3.9457
-4.2513,-4.1302
-4.2513,-4.3738
-4.2513,-4.6199
-4.2513,-4.0509
-4.2513,-4.6005
-4.2513,-3.7592
-4.2513,-4.9618
-4.2513,-4.2587
-4.2513,-5.1086
-4.2513,-5.0767
-4.2513,-4.279
-5.5049,-6.0669
-5.5049,-5.3439
-5.5049,-6.0546
-5.5049,-6.2432
-5.5049,-5.6698
-5.5049,-5.1088
-5.5049,-5.606
-5.5049,-5.3781
-5.5049,-6.3792
-5.5049,-4.7269
1.7265,2.1284
1.7265,1.7632
1.7265,2.4834
1.7265,1.5687
1.7265,0.82718
3.5726,3.5374
3.5726,2.881
3.5726,3.3997
3.5726,4.1995
3.5726,3.2291
3.5726,3.4425
3.5726,4.3678
3.5726,3.4498
3.5726,3.9205
3.5726,4.1179
3.6782,4.4013
3.6782,3.8347
3.6782,3.5829
3.6782,4.0404
3.6782,4.6372
-6.7384,-6.0669
-6.7384,-6.8926
-6.7384,-7.3049
-6.7384,-6.4774
5.0516,4.1995
5.0516,4.6039
5.0516,4.1266
5.0516,4.907
5.0516,5.0311
5.0516,5.2972
5.0516,4.3678
5.0516,4.536
5.0516,5.2054
-1.7847,-1.6489
-1.7847,-1.6741
-1.7847,-1.4314
-1.7847,-2.4175
-1.7847,-1.4054
-1.7847,-2.6593
-1.7847,-2.1397
-1.7847,-2.2221
-1.7847,-1.6743
-1.7847,-1.3769
-4.6005,-3.9855
-4.6005,-3.9457
-4.6005,-5.2311
-4.6005,-3.9772
-4.6005,-4.1302
-4.6005,-4.3738
-4.6005,-4.6199
-4.6005,-4.0509
-4.6005,-4.2513
-4.6005,-4.4128
-4.6005,-4.9921
-4.6005,-3.7592
-4.6005,-4.9618
-4.6005,-4.2587
-4.6005,-5.3917
-4.6005,-4.7131
-4.6005,-5.1086
-4.6005,-4.279
3.1678,2.5037
3.1678,3.2745
3.3549,3.5374
3.3549,3.2237
3.3549,2.4582
3.3549,3.3392
3.3549,2.6925
3.3549,3.7004
3.3549,3.4639
3.3549,3.574
3.3549,4.3454
3.3549,3.615
3.3549,3.4905
3.3549,2.6018
3.3549,2.8661
3.3549,3.1186
3.3549,4.0984
-1.6743,-1.6489
-1.6743,-1.6741
-1.6743,-1.4314
-1.6743,-2.4175
-1.6743,-1.4054
-1.6743,-2.6593
-1.6743,-2.1397
-1.6743,-2.2221
-1.6743,-1.7847
-1.6743,-1.2032
-1.6743,-1.3769
-3.6147,-4.5555
-3.6147,-3.9772
-3.6147,-4.1517
-3.6147,-4.4128
-3.6147,-4.4689
-3.6147,-3.6131
-1.2032,-0.39675
-1.2032,-1.6741
-1.2032,-0.66822
-1.2032,-1.9761
-1.2032,-1.4054
-1.2032,-1.3601
-1.2032,-2.1397
-1.2032,-1.6743
-1.2032,-0.82105
-1.2032,-1.0751
-1.2032,-1.3769
-8.8285,-9.0678
5.2414,5.3378
5.2414,4.243
5.2414,4.9315
5.2414,5.7694
5.2414,4.3227
5.2414,4.6099
5.2414,4.7191
5.2414,4.7843
-0.82105,-0.39675
-0.82105,-1.6741
-0.82105,-0.66822
-0.82105,-1.4054
-0.82105,-1.2032
-0.82105,-1.0751
-0.82105,-0.062396
-0.82105,-1.3769
4.3678,4.1995
4.3678,4.6039
4.3678,4.1266
4.3678,4.907
4.3678,3.4425
4.3678,3.5726
4.3678,5.0516
4.3678,3.4498
4.3678,3.9205
4.3678,4.1179
-2.5813,-2.9433
-2.5813,-3.2076
-2.7998,-2.2722
-2.7998,-3.2542
-2.7998,-2.4175
-2.7998,-1.9761
-2.7998,-2.1397
-2.7998,-3.0739
-4.1517,-4.5555
-4.1517,-4.6758
-4.1517,-5.1088
-4.1517,-3.6147
-4.1517,-4.4128
-4.1517,-4.4689
-4.1517,-4.3235
-4.1517,-4.7269
8.9741,9.3703
8.9741,8.7681
-0.77455,-1.6489
-0.77455,-1.4314
-0.77455,-1.4054
-0.77455,-1.5125
-0.77455,-1.3769
-0.77455,-0.53131
5.5322,5.5959
5.5322,5.0548
5.5322,4.8635
5.5322,5.4291
5.5322,5.2427
5.5322,5.8376
5.5322,4.6372
3.615,3.5374
3.615,3.2237
3.615,3.9465
3.615,3.3392
3.615,3.7004
3.615,3.4639
3.615,4.1266
3.615,3.574
3.615,4.3454
3.615,4.3227
3.615,3.3549
3.615,3.4905
3.615,4.536
3.615,4.0984
3.615,3.9205
-4.4128,-4.5555
-4.4128,-5.3439
-4.4128,-3.9772
-4.4128,-4.6199
-4.4128,-4.6758
-4.4128,-4.6005
-4.4128,-3.6147
-4.4128,-4.1517
-4.4128,-4.4689
-4.4128,-4.2587
-4.4128,-4.7131
-4.4128,-4.7269
-4.4128,-3.6131
-4.9921,-4.5555
-4.9921,-5.2311
-4.9921,-5.6727
-4.9921,-5.3439
-4.9921,-4.6199
-4.9921,-4.6758
-4.9921,-5.6698
-4.9921,-4.6005
-4.9921,-4.9618
-4.9921,-4.2587
-4.9921,-5.3917
-4.9921,-4.7131
-4.9921,-5.1086
3.2745,2.6866
3.2745,3.3997
3.2745,2.5037
3.2745,3.1678
3.2745,3.724
-8.6617,-8.7577
-8.6617,-9.5839
-8.6617,-7.8582
-8.6617,-8.9353
-3.9746,-4.9559
-3.9746,-4.3235
3.4905,3.5374
3.4905,3.2237
3.4905,3.9465
3.4905,3.3392
3.4905,2.6925
3.4905,3.7004
3.4905,3.4639
3.4905,4.1266
3.4905,3.574
3.4905,4.3454
3.4905,4.3227
3.4905,3.3549
3.4905,3.615
3.4905,2.6018
3.4905,3.1186
3.4905,4.0984
3.4905,3.9205
2.6018,2.4582
2.6018,3.3392
2.6018,2.6925
2.6018,2.4393
2.6018,3.3549
2.6018,3.4905
2.6018,3.1186
-3.7592,-3.9855
-3.7592,-3.9457
-3.7592,-3.2674
-3.7592,-3.9772
-3.7592,-4.1302
-3.7592,-4.6199
-3.7592,-4.0509
-3.7592,-4.2513
-3.7592,-4.6005
-3.7592,-3.2416
-3.7592,-4.2587
-3.7592,-3.6131
-3.4852,-3.7883
-3.4852,-3.9022
-3.4852,-3.9144
-3.4852,-2.9433
-3.4852,-3.2076
-3.4852,-3.2729
-3.4852,-3.6558
-3.4852,-4.3037
-3.4852,-3.0223
3.724,3.3997
3.724,3.2745
3.724,4.1179
3.5863,4.243
3.5863,3.9465
3.5863,3.3392
3.5863,3.7004
3.5863,3.574
3.5863,4.3227
3.5863,3.1186
3.5863,3.9126
1.5687,2.1284
1.5687,2.5037
1.5687,1.7632
1.5687,1.4377
1.5687,1.7265
-9.7864,-9.9964
-9.7864,-9.0678
-4.4689,-4.5555
-4.4689,-5.3439
-4.4689,-3.9772
-4.4689,-4.6199
-4.4689,-4.6758
-4.4689,-5.1088
-4.4689,-5.3781
-4.4689,-3.6147
-4.4689,-4.1517
-4.4689,-4.4128
-4.4689,-4.2587
-4.4689,-4.3235
-4.4689,-4.7131
-4.4689,-4.7269
-4.9618,-5.8508
-4.9618,-5.2311
-4.9618,-5.6727
-4.9618,-4.1302
-4.9618,-4.3738
-4.9618,-4.6199
-4.9618,-4.2513
-4.9618,-4.6005
-4.9618,-4.9921
-4.9618,-4.2587
-4.9618,-5.3917
-4.9618,-5.1086
-4.9618,-5.0767
-4.9618,-4.279
-3.2416,-3.9855
-3.2416,-3.9457
-3.2416,-3.2674
-3.2416,-4.1302
-3.2416,-3.2729
-3.2416,-3.1341
-3.2416,-4.0509
-3.2416,-3.7592
-7.3049,-6.7384
-7.3049,-6.4774
-1.4646,-2.2722
-1.4646,-1.6741
-1.4646,-1.9761
-1.4646,-1.3601
-1.4646,-1.0751
-4.2587,-4.5555
-4.2587,-3.9855
-4.2587,-3.9457
-4.2587,-3.2674
-4.2587,-3.9772
-4.2587,-4.1302
-4.2587,-4.6199
-4.2587,-4.6758
-4.2587,-4.0509
-4.2587,-4.2513
-4.2587,-4.6005
-4.2587,-4.4128
-4.2587,-4.9921
-4.2587,-3.7592
-4.2587,-4.4689
-4.2587,-4.9618
-4.2587,-4.7131
-4.2587,-4.279
-4.2587,-3.6131
4.7191,4.243
4.7191,3.9465
4.7191,4.9315
4.7191,5.2414
4.7191,3.9126
4.0404,4.4013
4.0404,3.6782
4.0404,4.9953
4.536,4.1995
4.536,3.7004
4.536,4.1266
4.536,4.907
4.536,5.0311
4.536,5.2972
4.536,4.3454
4.536,4.3227
4.536,4.6099
4.536,5.0516
4.536,3.615
4.536,4.7843
4.536,4.0984
4.536,3.9205
4.536,5.2054
-4.3235,-5.1088
-4.3235,-4.9559
-4.3235,-4.1517
-4.3235,-3.9746
-4.3235,-4.4689
-4.3235,-4.7269
4.9953,5.5959
4.9953,4.4013
4.9953,5.0548
4.9953,4.9754
4.9953,5.4291
4.9953,5.2427
4.9953,4.0404
4.9953,4.6372
4.7843,5.3378
4.7843,4.243
4.7843,4.9315
4.7843,5.7694
4.7843,4.907
4.7843,5.0311
4.7843,4.3454
4.7843,4.3227
4.7843,4.6099
4.7843,5.2414
4.7843,4.536
4.7843,4.0984
4.7843,5.2054
2.8661,3.5374
2.8661,3.2237
2.8661,2.4582
2.8661,2.6925
2.8661,3.4639
2.8661,3.2291
2.8661,2.5064
2.8661,2.2038
2.8661,3.3549
2.8661,3.4498
5.8376,6.2599
5.8376,5.5959
5.8376,4.8635
5.8376,5.2427
5.8376,5.5322
5.8376,6.6198
-3.0739,-3.2542
-3.0739,-2.4175
-3.0739,-2.1397
-3.0739,-2.7998
-5.3917,-4.5555
-5.3917,-5.2311
-5.3917,-5.6727
-5.3917,-5.3439
-5.3917,-4.6199
-5.3917,-4.6758
-5.3917,-5.6698
-5.3917,-5.3781
-5.3917,-4.6005
-5.3917,-4.9921
-5.3917,-4.9618
-5.3917,-6.2767
-5.3917,-4.7131
3.1186,3.9465
3.1186,3.3392
3.1186,3.7004
3.1186,3.574
3.1186,2.4393
3.1186,3.3549
3.1186,3.4905
3.1186,2.6018
3.1186,3.5863
-6.2767,-5.8508
-6.2767,-6.7905
-6.2767,-5.6727
-6.2767,-6.2432
-6.2767,-5.6698
-6.2767,-5.3917
-6.2767,-6.3792
-6.2767,-6.0066
-3.6558,-3.9855
-3.6558,-3.9457
-3.6558,-3.9144
-3.6558,-2.9433
-3.6558,-4.3738
-3.6558,-3.2729
-3.6558,-3.1341
-3.6558,-4.0509
-3.6558,-3.4852
-3.6558,-4.3037
-3.6558,-3.0223
-3.6558,-4.279
3.4498,3.5374
3.4498,3.2237
3.4498,3.3997
3.4498,4.1995
3.4498,3.2291
3.4498,2.5064
3.4498,3.4425
3.4498,3.5726
3.4498,4.3678
3.4498,2.8661
3.4498,3.9205
-4.3037,-3.7883
-4.3037,-3.9855
-4.3037,-3.9022
-4.3037,-3.9144
-4.3037,-4.7237
-4.3037,-4.3738
-4.3037,-3.4852
-4.3037,-3.6558
-4.3037,-5.0767
-4.3037,-4.279
-4.7131,-4.5555
-4.7131,-5.3439
-4.7131,-3.9772
-4.7131,-4.6199
-4.7131,-4.6758
-4.7131,-5.6698
-4.7131,-5.3781
-4.7131,-4.6005
-4.7131,-4.4128
-4.7131,-4.9921
-4.7131,-4.4689
-4.7131,-4.2587
-4.7131,-5.3917
3.9126,3.9465
3.9126,3.5863
3.9126,4.7191
6.6198,6.2599
6.6198,7.1329
6.6198,5.8376
-8.9353,-8.6617
4.0984,3.5374
4.0984,3.2237
4.0984,4.1995
4.0984,3.7004
4.0984,3.4639
4.0984,4.1266
4.0984,4.907
4.0984,5.0311
4.0984,3.574
4.0984,4.3454
4.0984,4.3227
4.0984,4.6099
4.0984,3.3549
4.0984,3.615
4.0984,3.4905
4.0984,4.536
4.0984,4.7843
4.0984,3.9205
-5.1086,-5.8508
-5.1086,-5.2311
-5.1086,-4.7237
-5.1086,-4.3738
-5.1086,-4.2513
-5.1086,-4.6005
-5.1086,-4.9921
-5.1086,-4.9618
-5.1086,-5.0767
-5.1086,-4.279
-5.1086,-6.0066
-5.0851,-5.7456
-5.0851,-5.1088
-5.0851,-4.9559
-5.0851,-5.606
-5.0851,-4.7269
-6.4774,-6.0669
-6.4774,-5.7456
-6.4774,-6.7384
-6.4774,-7.3049
-6.3792,-6.8926
-6.3792,-6.0546
-6.3792,-6.2432
-6.3792,-5.6698
-6.3792,-5.3781
-6.3792,-5.5049
-6.3792,-6.2767
-5.0767,-5.2311
-5.0767,-4.7237
-5.0767,-4.3738
-5.0767,-4.2513
-5.0767,-4.9618
-5.0767,-4.3037
-5.0767,-5.1086
-5.0767,-4.279
8.1194,8.5684
8.1194,7.9105
8.1194,8.7681
-3.0223,-3.7883
-3.0223,-3.9144
-3.0223,-2.9433
-3.0223,-3.2729
-3.0223,-3.4852
-3.0223,-3.6558
-4.7269,-4.5555
-4.7269,-4.6758
-4.7269,-5.1088
-4.7269,-4.9559
-4.7269,-5.606
-4.7269,-5.3781
-4.7269,-5.5049
-4.7269,-4.1517
-4.7269,-4.4128
-4.7269,-4.4689
-4.7269,-4.3235
-4.7269,-5.0851
1.4113,0.44855
0.82718,0.47577
0.82718,1.7632
0.82718,1.7265
3.9205,3.5374
3.9205,3.2237
3.9205,4.1995
3.9205,3.4639
3.9205,3.2291
3.9205,4.1266
3.9205,4.907
3.9205,4.3454
3.9205,3.4425
3.9205,3.5726
3.9205,4.3678
3.9205,3.615
3.9205,3.4905
3.9205,4.536
3.9205,3.4498
3.9205,4.0984
-1.0751,-0.39675
-1.0751,-1.6741
-1.0751,-1.9761
-1.0751,-1.3601
-1.0751,-1.2032
-1.0751,-0.82105
-1.0751,-1.4646
4.6372,4.4013
4.6372,5.0548
4.6372,3.8347
4.6372,4.8635
4.6372,5.2427
4.6372,3.6782
4.6372,5.5322
4.6372,4.9953
-4.279,-3.9855
-4.279,-3.9457
-4.279,-3.9144
-4.279,-4.7237
-4.279,-4.1302
-4.279,-4.3738
-4.279,-4.0509
-4.279,-4.2513
-4.279,-4.6005
-4.279,-4.9618
-4.279,-4.2587
-4.279,-3.6558
-4.279,-4.3037
-4.279,-5.1086
-4.279,-5.0767
-6.0066,-5.8508
-6.0066,-5.2311
-6.0066,-5.6727
-6.0066,-6.2767
-6.0066,-5.1086
-3.6131,-3.2674
-3.6131,-3.9772
-3.6131,-3.6147
-3.6131,-4.4128
-3.6131,-3.7592
-3.6131,-4.2587
4.1179,3.3997
4.1179,4.6039
4.1179,3.4425
4.1179,3.5726
4.1179,4.3678
4.1179,3.724
8.7681,8.5684
8.7681,9.3703
8.7681,8.9741
8.7681,8.1194
-0.062396,0.44855
-0.062396,-0.66822
-0.062396,0.47457
-0.062396,-0.82105
-0.062396,-0.53131
-1.3769,-1.6489
-1.3769,-1.6741
-1.3769,-1.4314
-1.3769,-0.66822
-1.3769,-1.4054
-1.3769,-1.7847
-1.3769,-1.6743
-1.3769,-1.2032
-1.3769,-0.82105
-1.3769,-0.77455
-1.3769,-0.53131
5.2054,5.7694
5.2054,4.907
5.2054,5.0311
5.2054,5.2972
5.2054,4.3454
5.2054,5.0516
5.2054,4.536
5.2054,4.7843
-0.53131,-1.4314
-0.53131,-0.66822
-0.53131,-1.4054
-0.53131,-0.77455
-0.53131,-0.062396
-0.53131,-1.3769
-9.9413,-10
9.3703,10
