5.3595,5.3471
5.3595,4.8584
5.3595,5.4913
5.3595,6.1082
5.3595,6.0918
5.3595,4.4054
5.3595,5.3141
5.3595,4.5139
5.3595,5.2192
-3.3787,-2.5167
-3.3787,-2.8265
-3.3787,-2.4513
-3.3787,-2.5251
-3.3787,-4.3081
-3.3787,-3.3623
-7.0053,-6.9865
-7.0053,-6.2006
-7.0053,-6.0399
-7.0053,-7.4555
-7.0053,-6.7407
-1.5042,-0.71025
-1.5042,-1.5209
-1.5042,-0.73233
-1.5042,-1.4342
-1.5042,-1.9119
-1.5042,-2.3249
-2.4636,-3.1218
-2.4636,-2.2185
-2.4636,-1.9536
-2.4636,-2.8988
-2.4636,-1.973
5.4783,5.167
5.4783,5.0497
5.4783,5.0725
5.4783,5.5907
5.167,5.4783
5.167,5.0497
5.167,5.0725
5.167,4.4327
5.167,4.995
5.167,4.3571
-4.993,-5.7234
-4.993,-5.225
5.9633,6.1759
5.9633,6.0876
5.9633,5.3351
5.9633,5.9362
5.9633,5.342
4.7747,5.0725
4.7747,5.5453
4.7747,4.7282
4.7747,4.4327
4.7747,3.8297
4.7747,4.8727
4.7747,4.1641
4.7747,4.1255
4.7747,4.7185
4.7747,5.5907
4.9506,4.9403
4.9506,5.3351
4.9506,5.5663
4.9506,5.9362
4.9506,4.8721
4.9506,5.1215
-6.9865,-7.0053
-6.9865,-6.2006
-1.5585,-1.5209
-1.5585,-1.4342
-1.5585,-2.3129
-1.5585,-2.3693
-1.5585,-1.6313
-1.5585,-2.3507
-0.36416,0.14138
-0.36416,-0.71422
-0.36416,-1.1089
-0.36416,-0.57538
-0.36416,-0.55317
-0.36416,-0.68135
-0.36416,0.29071
-0.36416,0.48221
-1.6309,-1.422
-1.6309,-2.1056
-1.6309,-1.5115
-1.6309,-2.4359
5.4519,4.6193
5.4519,6.3279
5.4519,6.1759
5.4519,5.5333
5.4519,6.0876
5.4519,5.3351
5.4519,4.8721
5.4519,4.5073
5.4519,5.342
5.0497,5.4783
5.0497,5.167
5.0497,5.0725
5.0497,4.4327
5.0497,4.1465
5.0497,4.995
5.0497,4.3571
5.1965,5.5663
5.1965,5.9392
5.9151,5.5453
5.9151,6.4058
5.9151,5.3638
5.9151,6.6783
5.9151,5.5907
5.9151,6.0851
-1.8673,-2.2801
-1.8673,-2.3731
-1.8673,-2.5535
-1.8673,-2.3663
-1.8673,-1.4128
-5.7234,-4.993
-5.7234,-6.2006
-5.7234,-6.0399
-5.7234,-6.013
-5.7234,-6.3603
-2.5167,-3.3787
-2.5167,-2.8265
-2.5167,-2.4513
-2.5167,-2.3129
-2.5167,-2.3693
-2.5167,-2.5251
-2.5167,-2.3249
-2.5167,-3.3623
-7.8237,-7.5676
-7.8237,-7.2215
-7.8237,-6.8804
-7.8237,-7.3125
-7.8237,-8.3257
-7.5676,-7.8237
-7.5676,-7.2215
-7.5676,-6.8804
-7.5676,-7.3125
-7.5676,-8.3257
4.6193,5.4519
4.6193,4.4226
4.6193,4.8721
4.6193,4.5073
4.6193,5.342
-1.422,-1.6309
-1.422,-2.1056
-1.422,-1.1089
-1.422,-1.5115
-1.422,-0.68135
-0.71025,-1.5042
-0.71025,-0.73233
-0.71025,-1.4342
-0.71025,-0.63122
0.14138,-0.36416
0.14138,-0.68135
0.14138,0.48221
-7.6932,-8.4982
5.0725,5.4783
5.0725,5.167
5.0725,4.7747
5.0725,5.0497
5.0725,4.4327
5.0725,4.8727
5.0725,4.1641
5.0725,4.3571
5.0725,4.7185
5.0725,5.5907
-3.4848,-3.3526
-3.4848,-3.1585
-3.4848,-2.8988
-3.4848,-2.7807
-3.4848,-3.7607
-3.4848,-3.9689
-3.4848,-2.7446
4.4226,4.6193
4.4226,4.8505
4.4226,4.5073
1.2553,1.0383
1.2553,2.258
1.2553,1.2657
1.2553,0.29071
1.2553,1.4642
-2.1056,-1.6309
-2.1056,-1.422
-2.1056,-1.6324
-2.1056,-2.2801
-2.1056,-1.5115
-2.1056,-2.4337
-2.1056,-2.3731
-2.1056,-1.4291
-2.1056,-2.4359
-2.1056,-2.7463
5.5453,4.7747
5.5453,5.9151
5.5453,4.7282
5.5453,4.8727
5.5453,5.3638
5.5453,4.9895
5.5453,4.7185
5.5453,5.5907
5.5453,6.0851
6.5524,6.7095
4.1937,3.8358
4.1937,4.0949
6.4058,5.9151
6.4058,6.6783
6.4058,5.5907
-3.3526,-3.4848
-3.3526,-3.1218
-3.3526,-2.5246
-3.3526,-3.1585
-3.3526,-2.8988
-3.3526,-2.7807
-3.3526,-3.9689
-3.3526,-2.7446
4.7282,4.7747
4.7282,5.5453
4.7282,4.8727
4.7282,5.3638
4.7282,4.1641
4.7282,4.9895
4.7282,4.1255
4.7282,4.7185
-1.6324,-2.1056
-1.6324,-2.2801
-1.6324,-1.1089
-1.6324,-1.5115
-1.6324,-2.4337
-1.6324,-2.3731
-1.6324,-1.4291
-1.6324,-1.4128
6.3279,5.4519
6.3279,6.1759
6.3279,5.5333
6.3279,6.0876
1.0383,1.2553
1.0383,0.29071
6.1759,5.9633
6.1759,5.4519
6.1759,6.3279
6.1759,6.0876
6.1759,5.3351
6.1759,5.342
-5.124,-5.1748
-6.2006,-7.0053
-6.2006,-6.9865
-6.2006,-5.7234
-6.2006,-5.225
-6.2006,-6.0399
-6.2006,-6.7407
-6.2006,-6.013
-2.8265,-3.3787
-2.8265,-2.5167
-2.8265,-2.4513
-2.8265,-1.9119
-2.8265,-2.5251
-2.8265,-2.3249
-0.71422,-0.36416
-0.71422,-1.1089
-0.71422,-1.4291
-0.71422,-0.57538
-0.71422,-0.55317
-0.71422,-1.4128
5.3471,5.3595
5.3471,4.8584
5.3471,5.4913
5.3471,6.1082
5.3471,4.4054
5.3471,5.3141
5.3471,4.5139
5.3471,5.2192
-4.2308,-5.225
-4.2308,-4.3081
-4.2308,-3.3623
7.1755,7.4712
7.1755,6.3998
-6.464,-6.3504
-6.464,-6.3568
-6.464,-7.396
-3.2104,-3.4066
-3.2104,-2.4359
-3.2104,-2.7463
-2.2801,-1.8673
-2.2801,-2.1056
-2.2801,-1.6324
-2.2801,-2.4337
-2.2801,-2.3731
-2.2801,-2.5535
-2.2801,-1.4291
-2.2801,-1.4128
2.258,1.2553
2.258,1.4642
-5.3205,-5.225
-5.3205,-6.013
4.4327,5.167
4.4327,4.7747
4.4327,5.0497
4.4327,5.0725
4.4327,3.8297
4.4327,3.4763
4.4327,4.8727
4.4327,4.1641
4.4327,4.1465
4.4327,4.3571
4.4327,4.7185
3.8297,4.7747
3.8297,4.4327
3.8297,3.6446
3.8297,3.4763
3.8297,4.1641
3.8297,3.2661
3.8297,4.3571
3.8297,4.7185
3.8297,3.3451
6.6809,5.9362
6.6809,5.9392
6.6809,6.8182
-1.5209,-1.5042
-1.5209,-1.5585
-1.5209,-1.4342
-1.5209,-2.3129
-1.5209,-2.3693
-1.5209,-0.63122
-1.5209,-2.3249
4.8584,5.3595
4.8584,5.3471
4.8584,5.4913
4.8584,4.4054
4.8584,4.5139
4.8584,4.0949
-7.083,-7.831
-7.083,-6.9069
-7.083,-6.6775
-7.083,-7.4555
-7.083,-6.7407
-7.083,-6.3603
3.2065,3.8358
3.2065,2.8212
3.2065,4.0949
3.2065,3.6301
-3.1218,-2.4636
-3.1218,-3.3526
-3.1218,-2.2185
-3.1218,-2.5246
-3.1218,-2.8988
5.4913,5.3595
5.4913,5.3471
5.4913,4.8584
5.4913,6.1082
5.4913,6.0918
5.4913,5.3141
5.4913,5.2192
5.4913,6.3998
-2.4513,-3.3787
-2.4513,-2.5167
-2.4513,-2.8265
-2.4513,-2.3129
-2.4513,-2.3693
-2.4513,-1.9119
-2.4513,-2.5251
-2.4513,-2.3249
-5.1748,-5.124
-5.1748,-4.286
-8.1009,-7.8464
-8.1009,-7.6801
6.1082,5.3595
6.1082,5.3471
6.1082,5.4913
6.1082,6.3998
-7.831,-7.083
-7.831,-6.9069
-0.73233,-1.5042
-0.73233,-0.71025
-7.4429,-7.8464
-7.4429,-7.6801
3.2405,4.015
3.2405,3.4763
3.2405,4.1465
3.2405,3.2661
3.2405,3.3451
6.0918,5.3595
6.0918,5.4913
6.0918,5.4669
6.0918,5.3141
6.0918,6.7095
6.0918,5.2192
6.0918,6.3998
4.9403,4.9506
4.9403,5.3351
4.9403,4.1458
4.9403,5.5663
4.9403,5.9362
4.9403,4.8721
4.9403,5.1215
5.5333,5.4519
5.5333,6.3279
5.5333,4.8505
3.6066,4.4054
3.6066,3.8358
3.6066,2.8212
3.6066,4.5139
3.6066,4.0949
3.6066,3.6564
3.6066,3.6301
3.6446,3.8297
3.6446,4.1641
3.6446,4.1255
3.6446,3.2661
6.0876,5.9633
6.0876,5.4519
6.0876,6.3279
6.0876,6.1759
6.0876,5.3351
6.0876,5.342
-2.2185,-2.4636
-2.2185,-3.1218
-2.2185,-2.1528
-2.2185,-1.9536
-2.2185,-2.5246
-2.2185,-2.8988
-2.2185,-1.973
-2.1528,-2.2185
-2.1528,-1.9536
-2.1528,-1.349
-2.1528,-2.5246
-2.1528,-1.5188
-2.1528,-2.8988
-2.1528,-1.973
-2.1528,-2.1566
-1.1089,-0.36416
-1.1089,-1.422
-1.1089,-1.6324
-1.1089,-0.71422
-1.1089,-1.5115
-1.1089,-1.4291
-1.1089,-0.57538
-1.1089,-0.55317
-1.1089,-0.68135
-1.4342,-1.5042
-1.4342,-1.5585
-1.4342,-0.71025
-1.4342,-1.5209
-1.4342,-2.3129
-1.4342,-2.3693
-1.4342,-1.9119
-1.4342,-0.63122
-1.4342,-2.3249
4.4791,4.4054
4.4791,5.3141
4.4791,4.5139
4.4791,5.2192
-1.9536,-2.4636
-1.9536,-2.2185
-1.9536,-2.1528
-1.9536,-1.1996
-1.9536,-1.973
-3.1465,-2.3731
-3.1465,-2.5535
5.3351,5.9633
5.3351,4.9506
5.3351,5.4519
5.3351,6.1759
5.3351,4.9403
5.3351,6.0876
5.3351,5.9362
5.3351,4.8721
5.3351,5.342
5.3351,5.1215
-1.349,-2.1528
-1.349,-1.5188
-1.349,-1.1996
-1.349,-2.1566
-2.5246,-3.3526
-2.5246,-3.1218
-2.5246,-2.2185
-2.5246,-2.1528
-2.5246,-3.1585
-2.5246,-2.8988
-2.5246,-2.7807
-2.5246,-1.973
-2.5246,-2.1566
-2.5246,-2.7446
-3.4066,-3.2104
-3.4066,-3.3319
-3.4066,-2.7463
4.015,3.2405
4.015,3.4763
4.015,4.1465
4.015,4.995
4.015,4.3571
1.2657,1.2553
1.2657,0.48221
1.2657,1.4642
3.4763,4.4327
3.4763,3.8297
3.4763,3.2405
3.4763,4.015
3.4763,4.1641
3.4763,4.1465
3.4763,3.2661
3.4763,4.3571
3.4763,3.3451
-1.5115,-1.6309
-1.5115,-1.422
-1.5115,-2.1056
-1.5115,-1.6324
-1.5115,-1.1089
-1.5115,-1.4291
-1.5115,-0.68135
4.8727,4.7747
4.8727,5.0725
4.8727,5.5453
4.8727,4.7282
4.8727,4.4327
4.8727,5.3638
4.8727,4.1641
4.8727,4.1255
4.8727,4.7185
4.8727,5.5907
4.1458,4.9403
4.1458,4.8721
-1.5188,-2.1528
-1.5188,-1.349
-1.5188,-2.1566
-8.4982,-7.6932
-8.4982,-7.8464
-8.4982,-7.6801
-7.8464,-8.1009
-7.8464,-7.4429
-7.8464,-8.4982
-7.8464,-7.6801
5.5663,4.9506
5.5663,5.1965
5.5663,4.9403
5.5663,5.9362
5.5663,5.9392
5.5663,5.1215
5.9362,5.9633
5.9362,4.9506
5.9362,6.6809
5.9362,4.9403
5.9362,5.3351
5.9362,5.5663
5.9362,5.9392
5.9362,6.8182
5.9362,5.1215
-2.4337,-2.1056
-2.4337,-1.6324
-2.4337,-2.2801
-2.4337,-2.3731
-2.4337,-2.5535
-2.4337,-3.3319
-2.4337,-1.4291
-2.4337,-2.4359
-2.4337,-2.7463
-2.3731,-1.8673
-2.3731,-2.1056
-2.3731,-1.6324
-2.3731,-2.2801
-2.3731,-3.1465
-2.3731,-2.4337
-2.3731,-2.5535
-2.3731,-1.4291
-2.3731,-2.7463
5.3638,5.9151
5.3638,5.5453
5.3638,4.7282
5.3638,4.8727
5.3638,6.1824
5.3638,4.9895
5.3638,6.0851
5.3638,5.7813
-6.9069,-7.083
-6.9069,-7.831
-6.9069,-6.6775
6.1824,5.3638
6.1824,6.6783
6.1824,6.0851
6.1824,5.7813
-2.5535,-1.8673
-2.5535,-2.2801
-2.5535,-3.1465
-2.5535,-2.4337
-2.5535,-2.3731
-2.5535,-3.3319
-2.5535,-2.7463
-5.225,-4.993
-5.225,-6.2006
-5.225,-4.2308
-5.225,-5.3205
-5.225,-6.0399
-5.225,-6.013
-7.2215,-7.8237
-7.2215,-7.5676
-7.2215,-6.8804
-7.2215,-7.6133
-1.1996,-1.9536
-1.1996,-1.349
-1.1996,-1.973
4.4054,5.3595
4.4054,5.3471
4.4054,4.8584
4.4054,3.6066
4.4054,4.4791
4.4054,5.3141
4.4054,4.5139
4.4054,5.2192
4.4054,3.6564
4.4054,3.6301
4.8505,4.4226
4.8505,5.5333
-6.3504,-6.464
-6.3504,-6.0867
5.4669,6.0918
5.4669,5.3141
5.4669,5.2192
-3.3319,-3.4066
-3.3319,-2.4337
-3.3319,-2.5535
-3.3319,-2.7463
-6.0399,-7.0053
-6.0399,-5.7234
-6.0399,-6.2006
-6.0399,-5.225
-6.0399,-6.7407
-6.0399,-6.013
3.8358,4.1937
3.8358,3.2065
3.8358,3.6066
3.8358,4.5139
3.8358,4.0949
3.8358,3.6564
3.8358,3.6301
4.1641,4.7747
4.1641,5.0725
4.1641,4.7282
4.1641,4.4327
4.1641,3.8297
4.1641,3.6446
4.1641,3.4763
4.1641,4.8727
4.1641,4.1465
4.1641,3.2661
4.1641,4.3571
4.1641,4.7185
4.1641,3.3451
-1.4291,-2.1056
-1.4291,-1.6324
-1.4291,-0.71422
-1.4291,-2.2801
-1.4291,-1.1089
-1.4291,-1.5115
-1.4291,-2.4337
-1.4291,-2.3731
-1.4291,-0.57538
-1.4291,-0.55317
-1.4291,-1.4128
-3.1585,-3.4848
-3.1585,-3.3526
-3.1585,-2.5246
-3.1585,-2.8988
-3.1585,-2.7807
-3.1585,-3.9689
-3.1585,-2.7446
-0.57538,-0.36416
-0.57538,-0.71422
-0.57538,-1.1089
-0.57538,-1.4291
-0.57538,-0.55317
-0.57538,0.29071
-0.57538,-1.4128
-8.9052,-8.4639
4.1465,5.0497
4.1465,4.4327
4.1465,3.2405
4.1465,4.015
4.1465,3.4763
4.1465,4.1641
4.1465,4.995
4.1465,4.3571
4.1465,3.3451
6.6783,5.9151
6.6783,6.4058
6.6783,6.1824
6.6783,6.0851
-0.55317,-0.36416
-0.55317,-0.71422
-0.55317,-1.1089
-0.55317,-1.4291
-0.55317,-0.57538
-0.55317,-0.68135
5.3141,5.3595
5.3141,5.3471
5.3141,5.4913
5.3141,6.0918
5.3141,4.4791
5.3141,4.4054
5.3141,5.4669
5.3141,4.5139
5.3141,5.2192
-2.3129,-1.5585
-2.3129,-2.5167
-2.3129,-1.5209
-2.3129,-2.4513
-2.3129,-1.4342
-2.3129,-2.3693
-2.3129,-2.5251
-2.3129,-2.3249
-2.3129,-2.3507
-4.286,-5.1748
-6.0867,-6.3504
-2.3663,-1.8673
4.8721,4.9506
4.8721,5.4519
4.8721,4.6193
4.8721,4.9403
4.8721,5.3351
4.8721,4.1458
4.8721,4.5073
4.8721,5.342
4.9895,5.5453
4.9895,4.7282
4.9895,5.3638
4.9895,4.1255
4.9895,5.7813
-2.8988,-2.4636
-2.8988,-3.4848
-2.8988,-3.3526
-2.8988,-3.1218
-2.8988,-2.2185
-2.8988,-2.1528
-2.8988,-2.5246
-2.8988,-3.1585
-2.8988,-2.1566
-2.7807,-3.4848
-2.7807,-3.3526
-2.7807,-2.5246
-2.7807,-3.1585
-2.7807,-2.1566
-2.7807,-2.7446
2.8212,3.2065
2.8212,3.6066
2.8212,3.6301
-7.6801,-8.1009
-7.6801,-7.4429
-7.6801,-8.4982
-7.6801,-7.8464
-6.3568,-6.464
-6.3568,-7.3125
4.1255,4.7747
4.1255,4.7282
4.1255,3.6446
4.1255,4.8727
4.1255,4.9895
4.1255,4.7185
3.2661,3.8297
3.2661,3.2405
3.2661,3.6446
3.2661,3.4763
3.2661,4.1641
3.2661,3.3451
-2.3693,-1.5585
-2.3693,-2.5167
-2.3693,-1.5209
-2.3693,-2.4513
-2.3693,-1.4342
-2.3693,-2.3129
-2.3693,-2.5251
-2.3693,-2.3249
-2.3693,-3.3623
-2.3693,-2.3507
-1.9119,-1.5042
-1.9119,-2.8265
-1.9119,-2.4513
-1.9119,-1.4342
-1.9119,-2.3249
4.5139,5.3595
4.5139,5.3471
4.5139,4.8584
4.5139,3.6066
4.5139,4.4791
4.5139,4.4054
4.5139,3.8358
4.5139,5.3141
4.5139,4.0949
4.5139,3.6564
4.5139,3.6301
4.995,5.167
4.995,5.0497
4.995,4.015
4.995,4.1465
4.995,4.3571
-1.973,-2.4636
-1.973,-2.2185
-1.973,-2.1528
-1.973,-1.9536
-1.973,-2.5246
-1.973,-1.1996
-1.973,-2.1566
-8.4639,-8.9052
-3.7607,-3.4848
-6.6775,-7.083
-6.6775,-6.9069
-6.6775,-6.3603
-0.63122,-0.71025
-0.63122,-1.5209
-0.63122,-1.4342
-7.396,-6.464
-7.396,-7.3125
-0.68135,-0.36416
-0.68135,-1.422
-0.68135,0.14138
-0.68135,-1.1089
-0.68135,-1.5115
-0.68135,-0.55317
-2.5251,-3.3787
-2.5251,-2.5167
-2.5251,-2.8265
-2.5251,-2.4513
-2.5251,-2.3129
-2.5251,-2.3693
-2.5251,-2.3249
-2.5251,-3.3623
-2.5251,-2.3507
4.3571,5.167
4.3571,5.0497
4.3571,5.0725
4.3571,4.4327
4.3571,3.8297
4.3571,4.015
4.3571,3.4763
4.3571,4.1641
4.3571,4.1465
4.3571,4.995
4.5073,5.4519
4.5073,4.6193
4.5073,4.4226
4.5073,4.8721
4.5073,5.342
4.7185,4.7747
4.7185,5.0725
4.7185,5.5453
4.7185,4.7282
4.7185,4.4327
4.7185,3.8297
4.7185,4.8727
4.7185,4.1641
4.7185,4.1255
4.7185,5.5907
-3.9689,-3.4848
-3.9689,-3.3526
-3.9689,-3.1585
5.342,5.9633
5.342,5.4519
5.342,4.6193
5.342,6.1759
5.342,6.0876
5.342,5.3351
5.342,4.8721
5.342,4.5073
6.7095,6.5524
6.7095,6.0918
6.7095,7.4712
4.0949,4.1937
4.0949,4.8584
4.0949,3.2065
4.0949,3.6066
4.0949,3.8358
4.0949,4.5139
4.0949,3.6301
5.9392,5.1965
5.9392,6.6809
5.9392,5.5663
5.9392,5.9362
5.9392,6.8182
-2.4359,-1.6309
-2.4359,-2.1056
-2.4359,-3.2104
-2.4359,-2.4337
-2.4359,-2.7463
-6.8804,-7.8237
-6.8804,-7.5676
-6.8804,-7.2215
3.3451,3.8297
3.3451,3.2405
3.3451,3.4763
3.3451,4.1641
3.3451,4.1465
3.3451,3.2661
-7.4555,-7.0053
-7.4555,-7.083
-7.4555,-6.7407
-1.6313,-1.5585
7.4712,7.1755
7.4712,6.7095
-4.3081,-3.3787
-4.3081,-4.2308
-6.7407,-7.0053
-6.7407,-6.2006
-6.7407,-7.083
-6.7407,-6.0399
-6.7407,-7.4555
-6.7407,-6.3603
5.5907,5.4783
5.5907,4.7747
5.5907,5.9151
5.5907,5.0725
5.5907,5.5453
5.5907,6.4058
5.5907,4.8727
5.5907,4.7185
6.8182,6.6809
6.8182,5.9362
6.8182,5.9392
5.2192,5.3595
5.2192,5.3471
5.2192,5.4913
5.2192,6.0918
5.2192,4.4791
5.2192,4.4054
5.2192,5.4669
5.2192,5.3141
-6.013,-5.7234
-6.013,-6.2006
-6.013,-5.3205
-6.013,-5.225
-6.013,-6.0399
-2.1566,-2.1528
-2.1566,-1.349
-2.1566,-2.5246
-2.1566,-1.5188
-2.1566,-2.8988
-2.1566,-2.7807
-2.1566,-1.973
-2.1566,-2.7446
-7.3125,-7.8237
-7.3125,-7.5676
-7.3125,-6.3568
-7.3125,-7.396
-7.6133,-7.2215
-2.3249,-1.5042
-2.3249,-2.5167
-2.3249,-2.8265
-2.3249,-1.5209
-2.3249,-2.4513
-2.3249,-1.4342
-2.3249,-2.3129
-2.3249,-2.3693
-2.3249,-1.9119
-2.3249,-2.5251
6.0851,5.9151
6.0851,5.5453
6.0851,5.3638
6.0851,6.1824
6.0851,6.6783
6.0851,5.7813
-3.3623,-3.3787
-3.3623,-2.5167
-3.3623,-4.2308
-3.3623,-2.3693
-3.3623,-2.5251
-8.3257,-7.8237
-8.3257,-7.5676
0.29071,-0.36416
0.29071,1.2553
0.29071,1.0383
0.29071,-0.57538
0.29071,0.48221
3.6564,3.6066
3.6564,4.4054
3.6564,3.8358
3.6564,4.5139
3.6564,3.6301
5.7813,5.3638
5.7813,6.1824
5.7813,4.9895
5.7813,6.0851
-1.4128,-1.8673
-1.4128,-1.6324
-1.4128,-0.71422
-1.4128,-2.2801
-1.4128,-1.4291
-1.4128,-0.57538
5.1215,4.9506
5.1215,4.9403
5.1215,5.3351
5.1215,5.5663
5.1215,5.9362
-2.3507,-1.5585
-2.3507,-2.3129
-2.3507,-2.3693
-2.3507,-2.5251
-6.3603,-5.7234
-6.3603,-7.083
-6.3603,-6.6775
-6.3603,-6.7407
-2.7446,-3.4848
-2.7446,-3.3526
-2.7446,-2.5246
-2.7446,-3.1585
-2.7446,-2.7807
-2.7446,-2.1566
3.6301,3.2065
3.6301,3.6066
3.6301,4.4054
3.6301,3.8358
3.6301,2.8212
3.6301,4.5139
3.6301,4.0949
3.6301,3.6564
0.48221,-0.36416
0.48221,0.14138
0.48221,1.2657
0.48221,0.29071
0.48221,1.4642
-2.7463,-2.1056
-2.7463,-3.2104
-2.7463,-3.4066
-2.7463,-2.4337
-2.7463,-2.3731
-2.7463,-2.5535
-2.7463,-3.3319
-2.7463,-2.4359
6.3998,7.1755
6.3998,5.4913
6.3998,6.1082
6.3998,6.0918
1.4642,1.2553
1.4642,2.258
1.4642,1.2657
1.4642,0.48221
