5.0044,5.9248
5.0044,5.8377
5.0044,5.8694
5.0044,5.9227
5.0044,5.0404
5.0044,5.8173
5.0044,4.9288
5.0044,5.8762
-3.9642,-3.3217
-3.9642,-4.9086
-6.9979,-6.8749
-6.9979,-6.0572
-6.9979,-7.0748
-6.9979,-6.747
-2.4786,-2.6589
-2.4786,-2.2967
-0.71505,-1.5637
-0.71505,-0.68065
-0.71505,-0.57146
-0.71505,-1.5346
4.666,4.5868
4.666,4.6492
4.666,5.4827
4.666,4.6756
4.666,4.4393
3.5438,3.724
3.5438,3.6837
3.5438,2.7463
-5.8399,-6.0572
-5.8399,-5.5998
-5.8399,-6.0032
-5.8399,-6.747
8.9816,8.0904
4.9169,4.2146
4.9169,4.0648
4.9169,4.2656
4.9169,4.9639
8.0904,8.9816
8.0904,7.8517
-6.8749,-6.9979
-6.8749,-6.0572
-6.8749,-7.0748
-6.8749,-6.747
-2.6362,-1.9535
-0.38525,0.56059
-1.9934,-2.4404
-1.9934,-1.6251
-1.9934,-1.3234
-1.9934,-1.635
4.6381,4.7522
4.6381,5.3368
4.5868,4.666
4.5868,4.6492
4.5868,3.724
4.5868,5.4827
4.5868,4.4393
1.5998,1.2504
1.5998,0.87275
1.5998,2.3741
4.4435,4.2146
4.4435,4.0648
4.4435,3.8671
4.4435,4.2656
-1.9185,-1.8654
-1.9185,-1.8359
-1.9185,-2.5507
-1.9185,-2.8944
-1.9185,-1.9164
-1.9185,-0.94265
-1.6929,-2.2967
-6.2389,-5.7807
-6.2389,-5.9931
-6.2389,-5.9638
-6.2389,-5.9047
-6.2389,-5.9956
-6.2389,-5.92
-6.2389,-6.1083
-6.2389,-6.756
-6.2389,-7.1214
-6.2389,-7.0109
-6.6655,-5.9956
-6.6655,-6.3379
-6.6655,-7.4955
-6.6655,-6.1083
-6.6655,-7.1214
-6.6655,-7.0109
3.8604,3.0599
3.8604,3.8529
3.8604,4.8214
3.8604,3.8078
-0.94123,-1.5855
-0.94123,-1.6251
-0.94123,-1.635
-0.19734,-0.91883
-0.19734,0.37471
1.8853,2.779
1.8853,2.0104
1.8853,2.0323
1.8853,2.4718
-7.2349,-7.2745
-7.2349,-8.0279
-7.2349,-6.7215
-7.2349,-7.9694
4.6492,4.666
4.6492,4.5868
4.6492,5.4827
4.6492,4.6756
4.6492,4.4393
-5.7807,-6.2389
-5.7807,-5.9931
-5.7807,-5.9638
-5.7807,-5.9047
-5.7807,-5.9956
-5.7807,-5.1917
-5.7807,-4.9686
-5.7807,-5.92
-5.7807,-6.756
4.1426,3.3669
4.1426,4.7522
2.2788,1.7214
-1.5855,-0.94123
-1.5855,-2.4404
-1.5855,-1.8359
-1.5855,-1.6251
-1.5855,-1.635
8.1973,8.4164
6.7663,5.9248
6.7663,5.8377
6.7663,5.8694
6.7663,5.9227
6.7663,5.8173
6.7663,5.8762
2.779,1.8853
2.779,2.0104
2.779,2.0323
2.779,3.0599
2.779,3.1994
2.0104,1.8853
2.0104,2.779
2.0104,2.0323
2.0104,2.7987
-5.0477,-5.9931
-5.0477,-5.9638
-5.0477,-5.9047
-5.0477,-4.9686
-5.0477,-5.92
0.055401,0.17758
0.055401,-0.72174
-1.8654,-1.9185
-1.8654,-1.8359
-1.8654,-1.9164
-1.8654,-0.94265
9.1516,8.7014
5.6311,5.3249
5.6311,5.6906
5.6311,5.611
5.6311,5.9196
1.7214,2.2788
1.7214,2.4334
1.7214,1.2504
1.7214,2.3741
1.7214,1.197
6.6462,5.6519
-6.7168,-6.7141
-6.7168,-7.3535
-6.7168,-6.1623
-6.7168,-5.9678
-6.0572,-6.9979
-6.0572,-5.8399
-6.0572,-6.8749
-6.0572,-5.5998
-3.3217,-3.9642
5.3249,5.6311
5.3249,5.6906
5.3249,4.5872
5.3249,5.8377
5.3249,5.611
5.3249,5.8694
5.3249,5.9196
5.3249,4.9288
6.458,5.8377
6.458,5.8694
6.458,5.9196
-6.7141,-6.7168
-6.7141,-5.9678
-6.7141,-6.3379
-2.4404,-1.9934
-2.4404,-1.5855
-2.4404,-2.8498
-2.4404,-1.6251
-2.4404,-2.3337
-2.4404,-3.1225
-2.4404,-1.635
-1.8359,-1.9185
-1.8359,-1.5855
-1.8359,-1.8654
-1.8359,-1.6251
-1.8359,-2.3337
-1.8359,-1.9164
-1.8359,-0.98791
-1.8359,-1.635
2.4334,1.7214
2.4334,2.3741
-5.5998,-5.8399
-5.5998,-6.0572
-5.5998,-6.0032
-5.5998,-4.9086
4.2146,4.9169
4.2146,4.4435
4.2146,4.0648
4.2146,4.2656
2.9384,3.8671
2.9384,2.809
2.9384,3.2677
6.7295,6.1153
6.7295,7.0207
0.17758,0.055401
5.6906,5.6311
5.6906,5.3249
5.6906,5.611
5.6906,5.9196
-7.3854,-7.4916
-7.3854,-7.0748
2.0323,1.8853
2.0323,2.779
2.0323,2.0104
2.0323,2.4718
7.5056,7.0985
7.5056,7.1296
7.5056,8.4164
-2.3303,-2.4534
-2.3303,-1.5346
4.5872,5.3249
4.5872,4.8214
4.5872,4.9288
4.5872,3.8078
-1.1744,-0.91883
-1.1744,-1.1795
-1.1744,-1.4009
-1.1744,-1.2611
-5.6772,-5.2746
-5.6772,-5.3669
-5.6772,-5.6781
-5.6772,-6.3379
-5.6772,-6.1083
-7.3535,-6.7168
5.9248,5.0044
5.9248,6.7663
5.9248,5.8377
5.9248,5.8694
5.9248,5.9227
5.9248,5.9196
5.9248,5.94
5.9248,5.8173
5.9248,5.8762
-5.9931,-6.2389
-5.9931,-5.7807
-5.9931,-5.0477
-5.9931,-5.9638
-5.9931,-5.9047
-5.9931,-6.6604
-5.9931,-5.92
-5.9931,-6.756
-0.91883,-0.19734
-0.91883,-1.1744
-0.91883,-1.4009
-0.91883,-1.2611
-7.5044,-6.7215
-7.5044,-7.9694
-7.5044,-6.8086
0.37471,-0.19734
0.37471,-0.0015752
5.8377,5.0044
5.8377,6.7663
5.8377,5.3249
5.8377,6.458
5.8377,5.9248
5.8377,5.8694
5.8377,5.9227
5.8377,5.9196
5.8377,5.8173
5.8377,5.8762
3.2785,3.3669
5.611,5.6311
5.611,5.3249
5.611,5.6906
5.611,5.9196
3.0599,3.8604
3.0599,2.779
3.0599,2.7987
3.0599,2.8846
4.0648,4.9169
4.0648,4.4435
4.0648,4.2146
4.0648,4.2656
5.6519,6.6462
5.6519,4.7522
5.6519,5.3368
-1.5637,-0.71505
-1.5637,-0.68065
-1.5637,-0.72174
-1.4709,-1.6508
-1.4709,-0.79379
-1.4709,-0.72174
-1.4709,-1.7241
-1.2131,-1.3234
2.0033,2.809
2.0033,2.7463
5.8694,5.0044
5.8694,6.7663
5.8694,5.3249
5.8694,6.458
5.8694,5.9248
5.8694,5.8377
5.8694,5.9227
5.8694,5.9196
5.8694,5.8173
5.8694,5.8762
-5.9638,-6.2389
-5.9638,-5.7807
-5.9638,-5.0477
-5.9638,-5.9931
-5.9638,-5.9047
-5.9638,-6.6604
-5.9638,-5.92
-5.9638,-6.756
-3.604,-2.8944
-5.9047,-6.2389
-5.9047,-5.7807
-5.9047,-5.0477
-5.9047,-5.9931
-5.9047,-5.9638
-5.9047,-5.92
-5.2746,-5.6772
-5.2746,-5.3669
-5.2746,-5.9956
-5.2746,-5.1917
-5.2746,-6.1083
-2.8498,-2.4404
-2.8498,-3.1225
-2.8498,-3.1353
3.724,3.5438
3.724,4.5868
3.724,3.6837
1.2504,1.5998
1.2504,1.7214
1.2504,0.56059
3.6837,3.5438
3.6837,3.724
3.6837,4.4393
-1.6251,-1.9934
-1.6251,-0.94123
-1.6251,-1.5855
-1.6251,-2.4404
-1.6251,-1.8359
-1.6251,-1.635
3.8671,4.4435
3.8671,2.9384
3.8671,4.6756
3.8671,3.2677
3.8671,4.4393
2.7987,2.0104
2.7987,3.0599
2.7987,2.8846
3.3669,4.1426
3.3669,3.2785
-5.3669,-5.6772
-5.3669,-5.2746
-5.3669,-5.9956
-5.3669,-5.1917
-5.3669,-6.1083
-0.68065,-0.71505
-0.68065,-1.5637
-0.68065,-0.57146
-0.68065,-0.72174
-7.2745,-7.2349
-7.2745,-8.0279
-7.2745,-6.7215
-7.2745,-7.9694
-6.1623,-6.7168
6.1153,6.7295
6.1153,7.0207
7.8517,8.0904
-2.3337,-2.4404
-2.3337,-1.8359
-2.3337,-3.1225
-2.3337,-3.0724
-2.5507,-1.9185
-2.5507,-2.8944
-2.5507,-1.9164
7.0985,7.5056
7.0985,7.1296
-6.6604,-5.9931
-6.6604,-5.9638
-6.6604,-7.0423
7.1296,7.5056
7.1296,7.0985
-2.8944,-1.9185
-2.8944,-3.604
-2.8944,-2.5507
-2.8944,-1.9164
-2.8944,-3.0724
-6.0032,-5.8399
-6.0032,-5.5998
-6.0032,-6.747
-5.9956,-6.2389
-5.9956,-6.6655
-5.9956,-5.7807
-5.9956,-5.2746
-5.9956,-5.3669
-5.9956,-5.1917
-5.9956,-6.1083
-0.57146,-0.71505
-0.57146,-0.68065
-0.57146,-0.72174
4.0626,3.3847
4.0626,4.9288
3.8529,3.8604
3.8529,3.1994
5.9227,5.0044
5.9227,6.7663
5.9227,5.9248
5.9227,5.8377
5.9227,5.8694
5.9227,5.94
5.9227,5.8173
5.9227,5.8762
-3.1225,-2.4404
-3.1225,-2.8498
-3.1225,-2.3337
-3.1225,-3.0724
-2.6589,-2.4786
-2.6589,-2.2967
2.4718,1.8853
2.4718,2.0323
2.4718,3.1994
2.809,2.9384
2.809,2.0033
2.809,2.7463
-1.9164,-1.9185
-1.9164,-1.8654
-1.9164,-1.8359
-1.9164,-2.5507
-1.9164,-2.8944
-1.9164,-0.94265
-5.1917,-5.7807
-5.1917,-5.2746
-5.1917,-5.3669
-5.1917,-5.9956
-5.1917,-4.9686
-0.98791,-1.8359
-0.98791,-0.94265
-8.0279,-7.2349
-8.0279,-7.2745
-8.0279,-7.9694
5.5297,5.4827
8.4164,8.1973
8.4164,7.5056
8.4164,8.3576
-0.94265,-1.9185
-0.94265,-1.8654
-0.94265,-1.9164
-0.94265,-0.98791
-0.94265,-1.4274
5.9196,5.6311
5.9196,5.3249
5.9196,6.458
5.9196,5.6906
5.9196,5.9248
5.9196,5.8377
5.9196,5.611
5.9196,5.8694
5.9196,5.8762
-1.1795,-1.1744
-1.1795,-1.4009
-1.1795,-1.2611
-5.9678,-6.7168
-5.9678,-6.7141
-5.9678,-5.6781
-5.6781,-5.6772
-5.6781,-5.9678
-1.4274,-0.94265
4.7522,4.6381
4.7522,4.1426
4.7522,5.6519
4.7522,5.3368
5.0404,5.0044
5.0404,5.94
5.0404,4.9639
-2.4534,-2.3303
-2.4534,-1.5346
-4.9686,-5.7807
-4.9686,-5.0477
-4.9686,-5.1917
-4.9686,-4.1653
2.8846,3.0599
2.8846,2.7987
2.8846,3.8078
-6.7215,-7.2349
-6.7215,-7.5044
-6.7215,-7.2745
-6.3379,-6.6655
-6.3379,-6.7141
-6.3379,-5.6772
-6.3379,-6.1083
4.2656,4.9169
4.2656,4.4435
4.2656,4.2146
4.2656,4.0648
-0.0015752,0.37471
-1.6508,-1.4709
-1.6508,-1.5981
-1.6508,-0.79379
-1.6508,-1.7241
-1.6508,-2.4522
-1.4009,-1.1744
-1.4009,-0.91883
-1.4009,-1.1795
-1.4009,-1.9535
-1.4009,-1.2611
4.8214,3.8604
4.8214,4.5872
5.4827,4.666
5.4827,4.5868
5.4827,4.6492
5.4827,5.5297
-1.5346,-0.71505
-1.5346,-2.3303
-1.5346,-2.4534
-7.9694,-7.2349
-7.9694,-7.5044
-7.9694,-7.2745
-7.9694,-8.0279
-2.2967,-2.4786
-2.2967,-1.6929
-2.2967,-2.6589
-2.2967,-1.5981
-2.2967,-2.4522
-5.92,-6.2389
-5.92,-5.7807
-5.92,-5.0477
-5.92,-5.9931
-5.92,-5.9638
-5.92,-5.9047
-5.92,-6.756
-7.4955,-6.6655
-1.3234,-1.9934
-1.3234,-1.2131
-1.5981,-1.6508
-1.5981,-2.2967
-1.5981,-0.79379
-1.5981,-2.4522
4.6756,4.666
4.6756,4.6492
4.6756,3.8671
4.6756,4.4393
3.1994,2.779
3.1994,3.8529
3.1994,2.4718
3.2677,2.9384
3.2677,3.8671
-6.1083,-6.2389
-6.1083,-6.6655
-6.1083,-5.6772
-6.1083,-5.2746
-6.1083,-5.3669
-6.1083,-5.9956
-6.1083,-6.3379
5.3368,4.6381
5.3368,5.6519
5.3368,4.7522
5.94,5.9248
5.94,5.9227
5.94,5.0404
5.94,5.8173
3.3847,4.0626
3.3847,3.8078
-3.1353,-2.8498
-6.756,-6.2389
-6.756,-5.7807
-6.756,-5.9931
-6.756,-5.9638
-6.756,-5.92
-6.756,-7.1214
-6.756,-7.0109
-6.756,-7.0423
2.7463,3.5438
2.7463,2.0033
2.7463,2.809
-7.4916,-7.3854
-7.4916,-7.8845
-0.79379,-1.4709
-0.79379,-1.6508
-0.79379,-1.5981
5.8173,5.0044
5.8173,6.7663
5.8173,5.9248
5.8173,5.8377
5.8173,5.8694
5.8173,5.9227
5.8173,5.94
5.8173,5.8762
-4.9086,-3.9642
-4.9086,-5.5998
-7.0748,-6.9979
-7.0748,-6.8749
-7.0748,-7.3854
4.4393,4.666
4.4393,4.5868
4.4393,4.6492
4.4393,3.6837
4.4393,3.8671
4.4393,4.6756
7.0207,6.7295
7.0207,6.1153
-6.8086,-7.5044
4.9288,5.0044
4.9288,5.3249
4.9288,4.5872
4.9288,4.0626
-6.747,-6.9979
-6.747,-5.8399
-6.747,-6.8749
-6.747,-6.0032
-4.1653,-4.9686
-7.1214,-6.2389
-7.1214,-6.6655
-7.1214,-6.756
-7.1214,-7.0109
-7.0109,-6.2389
-7.0109,-6.6655
-7.0109,-6.756
-7.0109,-7.1214
-1.9535,-2.6362
-1.9535,-1.4009
-1.9535,-1.2611
8.3576,8.4164
-1.2611,-1.1744
-1.2611,-0.91883
-1.2611,-1.1795
-1.2611,-1.4009
-1.2611,-1.9535
-7.0423,-6.6604
-7.0423,-6.756
0.87275,1.5998
-0.72174,0.055401
-0.72174,-1.5637
-0.72174,-1.4709
-0.72174,-0.68065
-0.72174,-0.57146
4.9639,4.9169
4.9639,5.0404
-1.635,-1.9934
-1.635,-0.94123
-1.635,-1.5855
-1.635,-2.4404
-1.635,-1.8359
-1.635,-1.6251
2.3741,1.5998
2.3741,1.7214
2.3741,2.4334
-1.7241,-1.4709
-1.7241,-1.6508
-1.7241,-2.4522
-7.8845,-7.4916
-2.4522,-1.6508
-2.4522,-2.2967
-2.4522,-1.5981
-2.4522,-1.7241
3.8078,3.8604
3.8078,4.5872
3.8078,2.8846
3.8078,3.3847
8.7014,9.1516
1.197,1.7214
-3.0724,-2.3337
-3.0724,-2.8944
-3.0724,-3.1225
5.8762,5.0044
5.8762,6.7663
5.8762,5.9248
5.8762,5.8377
5.8762,5.8694
5.8762,5.9227
5.8762,5.9196
5.8762,5.8173
0.56059,-0.38525
0.56059,1.2504
