-2.5511,-3.0979
-6.5996,-6.2732
-6.5996,-6.2398
-6.5996,-5.9019
-6.5996,-5.9753
-6.5996,-7.0758
-6.5996,-6.9468
-5.1835,-5.8691
-5.1835,-6.0458
-5.1835,-5.0853
-5.1835,-5.5711
-5.1835,-4.6969
-5.2201,-5.6844
-5.2201,-5.0824
-5.2201,-5.9753
-5.2201,-5.3664
-5.2201,-4.4791
-5.2201,-5.0099
-5.2201,-6.1118
-5.2201,-5.0558
1.1736,0.7262
1.1736,1.8114
1.1736,0.676
1.1736,1.1754
1.1736,1.7044
-5.242,-5.6329
-5.242,-5.8071
-5.242,-4.7983
-5.242,-4.9033
-5.242,-5.9731
-5.242,-5.258
-5.242,-6.1066
-5.242,-4.9113
-5.242,-5.1124
-5.6329,-5.242
-5.6329,-4.9033
-5.6329,-4.6436
-5.6329,-6.5466
-5.6329,-5.9731
-5.6329,-5.258
-5.6329,-5.2441
-5.6329,-6.1066
-5.6329,-4.9113
-5.6329,-5.747
-6.0126,-6.5607
5.7234,6.208
5.7234,5.5023
5.7234,6.6652
-4.0317,-3.7437
-4.0317,-4.2097
-4.0317,-3.0979
-4.0317,-3.1633
-4.0317,-4.9113
-4.0317,-4.113
6.208,5.7234
6.208,5.5023
6.208,5.8005
6.208,6.0524
6.208,6.6652
6.208,6.7007
-5.8691,-5.1835
-5.8691,-6.0689
-5.8691,-6.0458
-5.8691,-5.0853
-6.2732,-6.5996
-6.2732,-5.9019
-6.2732,-5.5528
-6.2732,-7.0758
-6.2732,-6.4563
6.9087,6.7917
6.9087,7.6644
4.182,5.0197
4.182,4.4414
4.182,5.0544
4.182,4.4075
4.7536,4.3968
4.7536,5.0575
4.7536,4.8732
4.7536,5.5307
-5.8071,-5.242
-5.8071,-6.1066
-5.8071,-5.1124
7.6967,7.3501
7.6967,7.0805
7.6967,7.1961
-3.4227,-4.2097
-3.4227,-2.6454
-3.4227,-3.0979
-3.4227,-3.1633
7.4208,6.4533
7.4208,6.8655
-3.4773,-3.2615
-6.2398,-6.5996
-6.2398,-5.9019
-6.2398,-6.9009
-6.2398,-5.6844
-6.2398,-5.9753
-6.2398,-6.1118
-6.2398,-6.9468
0.83667,0.23871
0.83667,0.42113
0.83667,1.0478
0.83667,1.4285
0.23871,0.83667
0.23871,0.010189
0.23871,0.42113
0.23871,-0.48109
0.23871,-0.28122
1.2502,1.8091
1.2502,0.7262
1.2502,1.8114
1.2502,1.5308
1.2502,1.1754
1.2502,0.39393
1.2502,0.69902
4.715,4.8112
4.715,5.2562
-5.9019,-6.5996
-5.9019,-6.2732
-5.9019,-6.2398
-5.9019,-5.0824
-5.9019,-5.9753
-5.9019,-5.5528
-5.9019,-5.3664
-5.9019,-5.0558
1.8091,1.2502
1.8091,1.8114
1.8091,1.5308
1.8091,2.2469
1.8091,1.1754
1.8091,2.2357
1.8091,2.5039
7.6366,7.6034
7.6366,6.8699
-4.7983,-5.242
-4.7983,-4.2097
-4.7983,-5.1124
-0.75973,-1.3771
-0.75973,0.010189
-0.75973,-1.0688
-0.75973,-0.68291
-0.75973,0.048688
-0.75973,-0.34706
-0.75973,-0.34271
5.8533,6.6838
5.8533,5.4152
5.8533,5.8394
5.8533,6.3209
5.8533,6.2868
6.6545,7.3501
6.6545,6.6838
6.6545,7.0805
6.6545,6.3209
6.6545,6.1011
4.8112,4.715
4.8112,5.0197
4.8112,5.3062
4.8112,5.2562
4.8112,4.2188
4.8112,4.4075
4.8112,5.5494
-3.5561,-4.1686
-3.5561,-3.8597
-0.48773,0.24199
-0.48773,-0.88966
-0.48773,-0.55952
-0.48773,-0.96376
-0.48773,-0.19828
1.3444,1.5308
1.3444,2.2357
1.3444,0.69902
-4.1686,-3.5561
0.7262,1.1736
0.7262,1.2502
0.7262,1.1754
0.7262,0.15966
0.7262,0.39393
-1.3771,-0.75973
-1.3771,-0.68291
-3.7437,-4.0317
-3.7437,-4.6436
-3.7437,-4.5089
-3.7437,-3.0979
-3.7437,-4.113
6.4533,7.4208
6.4533,5.7691
6.4533,6.548
6.4533,6.0041
6.4533,6.2883
6.4533,6.8655
-6.8165,-6.8745
-6.8165,-7.7562
4.3968,4.7536
4.3968,5.0575
7.3501,7.6967
7.3501,6.6545
7.3501,7.0805
7.3501,6.7917
5.0575,4.7536
5.0575,4.3968
5.0575,5.5023
5.0575,5.8005
5.0575,5.5307
-6.0689,-5.8691
-6.0689,-5.0853
-6.9009,-6.2398
-6.9009,-6.5607
-6.9009,-6.1118
-6.9009,-6.9468
5.8067,5.2562
5.8067,6.3217
5.8067,5.5494
-1.1255,-0.83947
-1.1255,-0.88966
-1.1255,-0.55952
-1.1255,-1.9124
-1.1255,-0.50652
-1.1255,-1.4841
-5.6844,-5.2201
-5.6844,-6.2398
-5.6844,-5.9753
-5.6844,-5.0099
-5.6844,-6.5607
-5.6844,-6.1118
0.24199,-0.48773
0.24199,-0.19828
1.8522,2.1648
1.8522,1.0478
5.0197,4.182
5.0197,4.8112
5.0197,5.3062
5.0197,5.7691
5.0197,5.4693
5.0197,5.0544
5.0197,4.4075
5.3062,4.8112
5.3062,5.0197
5.3062,5.2562
5.3062,5.7691
5.3062,6.0041
5.3062,5.4693
5.3062,4.4075
5.3062,5.5494
6.6838,5.8533
6.6838,6.6545
6.6838,6.3209
6.6838,6.701
6.6838,7.1961
6.6838,6.2868
-6.0458,-5.1835
-6.0458,-5.8691
-6.0458,-6.5744
-6.0458,-5.5711
-4.9033,-5.242
-4.9033,-5.6329
-4.9033,-4.6436
-4.9033,-4.5089
-4.9033,-5.258
-4.9033,-5.2441
-4.9033,-4.9113
-4.9033,-4.113
-4.9033,-5.1124
-4.6436,-5.6329
-4.6436,-3.7437
-4.6436,-4.9033
-4.6436,-4.5089
-4.6436,-5.258
-4.6436,-5.2441
-4.6436,-4.9113
-4.6436,-4.113
6.8269,5.8394
6.8269,6.0524
6.8269,6.701
6.8269,6.7007
6.8269,6.2868
-5.0824,-5.2201
-5.0824,-5.9019
-5.0824,-5.5528
-5.0824,-5.3664
-5.0824,-4.3896
-5.0824,-5.0558
0.13903,-0.83947
0.13903,-0.50652
0.13903,0.40189
0.13903,-0.19828
-5.0853,-5.1835
-5.0853,-5.8691
-5.0853,-6.0689
-5.0853,-4.2933
1.8114,1.1736
1.8114,1.2502
1.8114,1.8091
1.8114,2.2469
1.8114,1.1754
1.8114,1.7044
-4.0814,-3.8597
0.75493,1.0204
0.75493,0.17771
0.75493,1.2447
0.75493,0.28707
0.75493,0.59168
0.75493,0.048688
0.75493,1.5481
-0.83947,-1.1255
-0.83947,0.13903
-0.83947,-0.55952
-0.83947,-0.50652
-0.83947,-1.4841
-7.9734,-7.1919
-7.9734,-7.0758
1.0204,0.75493
1.0204,0.42113
1.0204,0.59168
1.0204,1.5481
1.0204,1.4285
3.984,4.6255
-0.88966,-0.48773
-0.88966,-1.1255
-0.88966,-0.55952
-0.88966,-1.7022
-0.88966,-0.96376
-0.88966,-1.4841
-0.88966,-0.19828
-2.4603,-1.4883
-5.9753,-6.5996
-5.9753,-5.2201
-5.9753,-6.2398
-5.9753,-5.9019
-5.9753,-5.6844
-5.9753,-5.3664
-5.9753,-6.1118
-5.9753,-6.9468
-5.9753,-5.0558
5.1492,5.9506
5.1492,5.939
5.1492,4.6255
-5.5528,-6.2732
-5.5528,-5.9019
-5.5528,-5.0824
-5.5528,-5.3664
-5.5528,-6.4563
-0.55952,-0.48773
-0.55952,-1.1255
-0.55952,-0.83947
-0.55952,-0.88966
-0.55952,0.40189
-0.55952,-1.4841
-0.55952,-0.19828
5.4152,5.8533
5.4152,5.8394
5.4152,4.8732
5.4152,5.5307
5.4152,6.2868
5.8394,5.8533
5.8394,6.8269
5.8394,5.4152
5.8394,5.8005
5.8394,6.0524
5.8394,4.8732
5.8394,6.701
5.8394,5.5307
5.8394,6.2868
1.5308,1.2502
1.5308,1.8091
1.5308,1.3444
1.5308,2.2357
1.5308,0.69902
-4.5089,-3.7437
-4.5089,-4.9033
-4.5089,-4.6436
-4.5089,-5.2441
5.5023,5.7234
5.5023,6.208
5.5023,5.0575
5.5023,5.8005
5.5023,5.5307
0.676,1.1736
0.676,0.15966
0.17771,0.75493
0.17771,0.28707
0.17771,0.048688
0.17771,0.67101
0.17771,-0.34271
0.17771,-0.52238
2.2469,1.8091
2.2469,1.8114
2.2469,2.5039
-5.3664,-5.2201
-5.3664,-5.9019
-5.3664,-5.0824
-5.3664,-5.9753
-5.3664,-5.5528
-5.3664,-5.0558
-1.4939,-1.9124
1.2447,0.75493
1.2447,0.67101
0.010189,0.23871
0.010189,-0.75973
0.010189,-0.68291
0.010189,0.42113
0.010189,0.59168
0.010189,0.048688
0.010189,-0.34706
0.010189,-0.48109
5.5522,6.0041
5.5522,5.4693
5.5522,5.0544
5.8005,6.208
5.8005,5.0575
5.8005,5.8394
5.8005,5.5023
5.8005,6.0524
5.8005,5.5307
5.8005,6.7007
-1.0688,-0.75973
-1.0688,-0.34271
-1.0688,-0.52238
0.28707,0.75493
0.28707,0.17771
0.28707,0.59168
0.28707,0.048688
0.28707,-0.34271
4.4414,4.182
4.4414,5.0544
-6.5466,-5.6329
-6.5466,-6.8036
-6.5466,-5.747
7.0805,7.6967
7.0805,6.6545
7.0805,7.3501
7.0805,6.3209
-5.9731,-5.242
-5.9731,-5.6329
-5.9731,-5.258
-5.9731,-6.8036
-5.9731,-6.1066
-5.9731,-5.747
5.2562,4.715
5.2562,4.8112
5.2562,5.8067
5.2562,5.3062
5.2562,5.5494
-4.2097,-4.0317
-4.2097,-3.4227
-4.2097,-4.7983
-4.2097,-4.9113
-4.2097,-4.113
-4.2097,-5.1124
1.1754,1.1736
1.1754,1.2502
1.1754,1.8091
1.1754,0.7262
1.1754,1.8114
6.3209,5.8533
6.3209,6.6545
6.3209,6.6838
6.3209,7.0805
6.3209,7.1961
6.3209,6.2868
-0.68291,-0.75973
-0.68291,-1.3771
-0.68291,0.010189
-0.68291,-0.34706
-0.68291,-0.48109
1.7044,1.1736
1.7044,1.8114
5.9506,5.1492
5.9506,5.939
5.9506,6.8699
5.939,5.1492
5.939,5.9506
6.0524,6.208
6.0524,6.8269
6.0524,5.8394
6.0524,5.8005
6.0524,6.701
6.0524,5.5307
6.0524,6.7007
6.0524,6.2868
6.6652,5.7234
6.6652,6.208
5.7691,6.4533
5.7691,5.0197
5.7691,5.3062
5.7691,6.0041
5.7691,5.4693
5.7691,6.2883
5.7691,5.5494
6.548,6.4533
6.548,6.0041
-1.9124,-1.1255
-1.9124,-1.4939
-1.9124,-1.4841
-1.9124,-2.2431
-1.4883,-2.4603
-2.6454,-3.4227
-2.6454,-3.1633
-2.6454,-2.2431
6.0041,6.4533
6.0041,5.3062
6.0041,5.5522
6.0041,5.7691
6.0041,6.548
6.0041,5.4693
6.0041,5.0544
6.0041,6.8655
-6.5744,-6.0458
0.42113,0.83667
0.42113,0.23871
0.42113,1.0204
0.42113,0.010189
0.42113,0.59168
0.42113,-0.34706
0.15966,0.7262
0.15966,0.676
0.15966,-0.44301
-0.50652,-1.1255
-0.50652,0.13903
-0.50652,-0.83947
-0.50652,0.1766
2.2357,1.8091
2.2357,1.3444
2.2357,1.5308
2.2357,2.5039
2.8894,2.1648
-1.7022,-0.88966
-1.7022,-1.4841
5.4693,5.0197
5.4693,5.3062
5.4693,5.5522
5.4693,5.7691
5.4693,6.0041
5.4693,5.0544
-5.5711,-5.1835
-5.5711,-6.0458
-5.5711,-4.6969
2.5039,1.8091
2.5039,2.2469
2.5039,2.2357
-5.258,-5.242
-5.258,-5.6329
-5.258,-4.9033
-5.258,-4.6436
-5.258,-5.9731
-5.258,-6.1066
-5.258,-4.9113
-5.258,-5.1124
6.855,6.3217
0.59168,0.75493
0.59168,1.0204
0.59168,0.010189
0.59168,0.28707
0.59168,0.42113
0.59168,0.048688
0.59168,-0.34706
0.59168,1.5481
6.2883,6.4533
6.2883,5.7691
6.2883,6.3217
6.2883,6.9946
6.2883,5.5494
6.2883,6.8655
7.6034,7.6366
-6.8036,-6.5466
-6.8036,-5.9731
-3.8597,-3.5561
-3.8597,-4.0814
-3.8597,-4.604
6.3217,5.8067
6.3217,6.855
6.3217,6.2883
6.3217,6.9946
6.3217,5.5494
0.40189,0.13903
0.40189,-0.55952
0.40189,-0.19828
-7.1919,-7.9734
-7.1919,-7.0758
-7.1919,-6.4563
5.0544,4.182
5.0544,5.0197
5.0544,5.5522
5.0544,4.4414
5.0544,6.0041
5.0544,5.4693
-6.8745,-6.8165
-6.8745,-7.7562
6.9946,6.2883
6.9946,6.3217
6.9946,6.8655
4.8732,4.7536
4.8732,5.4152
4.8732,5.8394
4.8732,5.5307
-3.0979,-2.5511
-3.0979,-4.0317
-3.0979,-3.4227
-3.0979,-3.7437
-3.0979,-3.1633
0.048688,-0.75973
0.048688,0.75493
0.048688,0.17771
0.048688,0.010189
0.048688,0.28707
0.048688,0.59168
0.048688,-0.34706
0.048688,-0.34271
-0.34706,-0.75973
-0.34706,0.010189
-0.34706,-0.68291
-0.34706,0.42113
-0.34706,0.59168
-0.34706,0.048688
-0.34706,-0.34271
0.39393,1.2502
0.39393,0.7262
0.39393,0.69902
0.39393,-0.44301
6.8699,7.6366
6.8699,5.9506
2.1648,1.8522
2.1648,2.8894
2.1648,1.4285
-3.1633,-4.0317
-3.1633,-3.4227
-3.1633,-2.6454
-3.1633,-3.0979
-3.1633,-2.2431
-5.2441,-5.6329
-5.2441,-4.9033
-5.2441,-4.6436
-5.2441,-4.5089
-5.2441,-5.747
-4.4791,-5.2201
-4.4791,-5.0099
-4.4791,-4.3316
-4.4791,-4.1647
-4.4791,-5.0558
-7.0758,-6.5996
-7.0758,-6.2732
-7.0758,-7.9734
-7.0758,-7.1919
-7.0758,-6.9468
0.69902,1.2502
0.69902,1.3444
0.69902,1.5308
0.69902,0.39393
-6.1066,-5.242
-6.1066,-5.6329
-6.1066,-5.8071
-6.1066,-5.9731
-6.1066,-5.258
0.67101,0.17771
0.67101,1.2447
-5.0099,-5.2201
-5.0099,-5.6844
-5.0099,-4.4791
-5.0099,-4.3316
-5.0099,-5.0558
-4.3316,-4.4791
-4.3316,-5.0099
-6.4563,-6.2732
-6.4563,-5.5528
-6.4563,-7.1919
1.0478,0.83667
1.0478,1.8522
1.0478,0.23244
4.2188,4.8112
4.2188,4.4075
-4.1647,-4.4791
-4.1647,-4.3896
-4.1647,-5.0558
-4.9113,-5.242
-4.9113,-5.6329
-4.9113,-4.0317
-4.9113,-4.9033
-4.9113,-4.6436
-4.9113,-4.2097
-4.9113,-5.258
-4.9113,-4.113
-4.9113,-5.1124
6.701,6.6838
6.701,6.8269
6.701,5.8394
6.701,6.0524
6.701,7.1961
6.701,6.2868
-4.113,-4.0317
-4.113,-3.7437
-4.113,-4.9033
-4.113,-4.6436
-4.113,-4.2097
-4.113,-4.9113
1.5481,0.75493
1.5481,1.0204
1.5481,0.59168
1.5481,1.4285
5.5307,4.7536
5.5307,5.0575
5.5307,5.4152
5.5307,5.8394
5.5307,5.5023
5.5307,5.8005
5.5307,6.0524
5.5307,4.8732
-0.96376,-0.48773
-0.96376,-0.88966
0.1766,-0.50652
0.1766,-0.44393
7.1961,7.6967
7.1961,6.6838
7.1961,6.3209
7.1961,6.701
4.4075,4.182
4.4075,4.8112
4.4075,5.0197
4.4075,5.3062
4.4075,4.2188
-0.48109,0.23871
-0.48109,0.010189
-0.48109,-0.68291
-0.48109,-0.28122
-5.747,-5.6329
-5.747,-6.5466
-5.747,-5.9731
-5.747,-5.2441
-3.2615,-3.4773
-4.3896,-5.0824
-4.3896,-4.1647
-6.5607,-6.0126
-6.5607,-6.9009
-6.5607,-5.6844
-6.5607,-6.1118
-4.6969,-5.1835
-4.6969,-5.5711
-5.1124,-5.242
-5.1124,-5.8071
-5.1124,-4.7983
-5.1124,-4.9033
-5.1124,-4.2097
-5.1124,-5.258
-5.1124,-4.9113
6.7007,6.208
6.7007,6.8269
6.7007,5.8005
6.7007,6.0524
4.6255,3.984
4.6255,5.1492
-1.4841,-1.1255
-1.4841,-0.83947
-1.4841,-0.88966
-1.4841,-0.55952
-1.4841,-1.9124
-1.4841,-1.7022
-1.4841,-2.2431
-0.34271,-0.75973
-0.34271,0.17771
-0.34271,-1.0688
-0.34271,0.28707
-0.34271,0.048688
-0.34271,-0.34706
-0.34271,-0.52238
1.4285,0.83667
1.4285,1.0204
1.4285,2.1648
1.4285,1.5481
0.23244,1.0478
0.23244,-0.28122
-6.1118,-5.2201
-6.1118,-6.2398
-6.1118,-6.9009
-6.1118,-5.6844
-6.1118,-5.9753
-6.1118,-6.5607
-4.604,-3.8597
-6.9468,-6.5996
-6.9468,-6.2398
-6.9468,-6.9009
-6.9468,-5.9753
-6.9468,-7.0758
-0.28122,0.23871
-0.28122,-0.48109
-0.28122,0.23244
6.7917,6.9087
6.7917,7.3501
6.7917,6.1011
-0.44301,0.15966
-0.44301,0.39393
-2.2431,-1.9124
-2.2431,-2.6454
-2.2431,-3.1633
-2.2431,-1.4841
5.5494,4.8112
5.5494,5.8067
5.5494,5.3062
5.5494,5.2562
5.5494,5.7691
5.5494,6.2883
5.5494,6.3217
6.2868,5.8533
6.2868,6.6838
6.2868,6.8269
6.2868,5.4152
6.2868,5.8394
6.2868,6.3209
6.2868,6.0524
6.2868,6.701
-5.0558,-5.2201
-5.0558,-5.9019
-5.0558,-5.0824
-5.0558,-5.9753
-5.0558,-5.3664
-5.0558,-4.4791
-5.0558,-5.0099
-5.0558,-4.1647
-4.2933,-5.0853
-0.52238,0.17771
-0.52238,-1.0688
-0.52238,-0.34271
-0.44393,0.1766
-7.7562,-6.8165
-7.7562,-6.8745
6.1011,6.6545
6.1011,6.7917
6.8655,7.4208
6.8655,6.4533
6.8655,6.0041
6.8655,6.2883
6.8655,6.9946
-0.19828,-0.48773
-0.19828,0.24199
-0.19828,0.13903
-0.19828,-0.88966
-0.19828,-0.55952
-0.19828,0.40189
7.6644,6.9087
