3.7273,4.1273
3.7273,4.2372
3.7273,3.5912
3.7273,3.2732
3.7273,3.7142
3.7273,3.9136
3.7273,4.475
-2.0466,-2.4618
-2.0466,-1.5294
-2.0466,-2.629
-2.0466,-2.8257
-2.0466,-2.4514
-2.0466,-2.3163
-2.0466,-1.1904
-2.0466,-1.5242
-2.0466,-1.9042
-2.0466,-1.9815
-5.1912,-5.8625
-5.1912,-5.8424
-2.4618,-2.0466
-2.4618,-1.5294
-2.4618,-2.629
-2.4618,-2.8257
-2.4618,-2.4514
-2.4618,-1.9042
-2.4618,-2.8706
-2.4618,-3.1381
-2.4618,-3.16
-2.4618,-1.9815
1.5474,1.5788
1.5474,2.3234
1.5474,2.3246
1.5474,1.8021
4.4929,3.9093
4.4929,4.701
4.4929,5.2581
4.4929,4.2372
4.4929,3.5912
4.4929,3.9892
4.4929,5.0511
4.4929,3.9136
4.4929,4.5743
4.4929,4.2044
4.4929,4.8137
3.9093,4.4929
3.9093,4.2372
3.9093,3.5912
3.9093,3.9892
3.9093,3.9136
3.9093,3.4594
3.9093,3.0539
3.9093,4.5743
3.9093,4.2044
3.9093,3.5376
3.9093,4.8137
-3.7615,-4.0833
-3.7615,-4.7481
-3.7615,-2.8706
-3.7615,-3.4341
-3.7615,-3.1381
-3.7615,-3.16
6.5151,5.9505
6.5151,5.8461
6.5151,6.9918
6.5151,6.1021
4.701,4.4929
4.701,5.2581
4.701,4.1273
4.701,4.2372
4.701,5.0511
4.701,5.2971
4.701,3.9136
4.701,4.8351
4.701,4.2044
4.701,4.475
4.701,4.8137
5.9505,6.5151
5.9505,5.5158
5.9505,5.8461
5.9505,5.49
5.9505,5.0962
5.9505,5.3848
5.9505,6.1021
-5.4532,-5.9287
-5.4532,-5.8424
-5.4532,-4.7481
-1.5294,-2.0466
-1.5294,-2.4618
-1.5294,-1.1904
-1.5294,-1.5242
-1.5294,-1.9042
-1.5294,-0.73429
-1.5294,-1.46
-1.5294,-1.9815
2.0984,3.0068
2.0984,2.3616
-2.4158,-2.0522
-2.4158,-2.9208
-2.4158,-1.7144
-2.4158,-2.5752
4.6384,3.7784
4.6384,5.5158
4.6384,4.2061
4.6384,5.0962
4.6384,4.8126
5.2581,4.4929
5.2581,4.701
5.2581,5.8155
5.2581,5.7185
5.2581,5.0511
5.2581,4.8137
3.8754,3.2382
3.8754,3.5297
3.8754,4.2733
3.8754,4.3672
5.6996,5.8155
5.6996,5.657
5.6996,5.0511
5.6996,6.5021
5.6996,5.2971
5.6996,4.8351
5.6996,5.2098
5.6996,6.0442
-3.0343,-2.6533
-3.0343,-3.8971
-3.0343,-2.1196
-3.0343,-3.0934
-3.0343,-2.7359
-5.8625,-5.1912
-5.8625,-6.6226
-2.629,-2.0466
-2.629,-2.4618
-2.629,-2.8257
-2.629,-3.0354
-2.629,-2.0152
-2.629,-2.3163
-2.629,-1.9042
-2.629,-3.1381
-2.629,-3.16
-6.3391,-6.9678
-6.3391,-6.4739
-6.3391,-5.9833
-6.3391,-5.5699
-6.3391,-6.1229
-6.3391,-6.4042
-6.3391,-5.7518
-6.1307,-5.2943
-6.1307,-6.4739
-6.1307,-5.5746
-6.1307,-5.9833
-6.1307,-5.5444
-6.1307,-5.9558
-6.1307,-6.4042
-6.1307,-6.5239
-6.1307,-6.9589
3.6414,2.8981
3.6414,4.6381
3.6414,3.2845
3.6414,4.0543
3.6414,3.3296
3.6414,3.7263
3.6414,4.482
-1.2927,-2.0522
-1.2927,-1.6917
-1.2927,-1.9937
-1.2927,-1.7144
-2.8257,-2.0466
-2.8257,-2.4618
-2.8257,-2.629
-2.8257,-3.0354
-2.8257,-2.4514
-2.8257,-2.3163
-2.8257,-1.9042
-2.8257,-2.8706
-2.8257,-3.1381
-2.8257,-3.16
2.8981,3.6414
2.8981,2.5628
2.8981,2.7141
2.8981,3.2845
2.8981,2.3234
2.8981,2.3246
2.8981,3.3296
2.8981,3.7263
-7.6046,-6.8229
5.8155,5.2581
5.8155,5.6996
5.8155,6.4334
5.8155,5.0511
5.8155,6.5021
5.8155,5.2971
-5.5095,-4.6608
-5.5095,-6.011
-5.5095,-5.0161
-5.5095,-5.5444
-5.5095,-5.9558
-5.5095,-5.1459
3.7784,4.6384
3.7784,3.9573
3.7784,4.2061
3.7784,3.4461
3.7784,4.2895
3.7784,3.0068
3.9573,3.7784
3.9573,3.5297
3.9573,4.2061
3.9573,4.2733
3.9573,3.4461
3.9573,4.8126
3.9573,4.2895
3.9573,3.0068
-2.0522,-2.4158
-2.0522,-1.2927
-2.0522,-2.6533
-2.0522,-1.6917
-2.0522,-2.9208
-2.0522,-2.4562
-2.0522,-1.9937
-2.0522,-1.7144
-2.0522,-2.5752
6.4334,5.8155
5.657,5.6996
5.657,4.6996
5.657,5.2971
5.657,4.8351
5.657,5.2098
5.657,6.0442
5.657,6.3765
5.657,5.1536
5.657,5.4494
4.6381,3.6414
4.6381,4.0543
4.6381,4.482
5.7185,5.2581
5.7185,4.8137
2.5628,2.8981
2.5628,2.3246
2.5628,1.8021
2.5628,3.3296
2.5628,2.6582
-4.6608,-5.5095
-4.6608,-4.3295
-4.6608,-5.0288
-4.6608,-5.0161
-4.6608,-5.1459
4.1273,3.7273
4.1273,4.701
4.1273,4.2372
4.1273,3.7142
4.1273,4.6996
4.1273,4.8351
4.1273,4.475
-2.6533,-3.0343
-2.6533,-2.0522
-2.6533,-1.6917
-2.6533,-3.2778
-2.6533,-2.4562
-2.6533,-3.345
-2.6533,-1.9937
-2.6533,-1.9342
-2.6533,-2.5752
-2.6533,-3.0934
-2.6533,-2.7359
6.5788,5.8461
6.5788,6.9918
3.2382,3.8754
3.2382,3.5297
5.5158,5.9505
5.5158,4.6384
5.5158,5.8461
5.5158,5.0962
5.5158,4.8126
-6.6888,-5.9287
-6.6888,-7.0164
-3.0354,-2.629
-3.0354,-2.8257
-3.0354,-3.7146
-3.0354,-2.3163
-3.0354,-3.1381
-3.0354,-2.6382
-1.6917,-1.2927
-1.6917,-2.0522
-1.6917,-2.6533
-1.6917,-2.4562
-1.6917,-1.9937
-1.6917,-1.9342
-1.6917,-1.7144
4.244,4.6801
4.244,3.7142
4.244,4.6996
4.244,5.1536
4.244,3.5293
4.244,4.5389
-3.7146,-3.0354
-3.7146,-4.0833
-3.7146,-3.1381
6.1782,6.1647
6.1782,5.5155
6.1782,5.4173
-6.9678,-6.3391
-6.9678,-6.4042
-6.9678,-7.3899
-3.2778,-2.6533
-3.2778,-2.9208
-3.2778,-2.4562
-3.2778,-3.345
-3.2778,-3.7362
-3.2778,-4.135
-3.2778,-3.795
-3.2778,-2.5752
-2.9208,-2.4158
-2.9208,-2.0522
-2.9208,-3.2778
-2.9208,-2.4562
-2.9208,-3.795
-2.9208,-2.5752
3.5297,3.8754
3.5297,3.9573
3.5297,3.2382
3.5297,4.2733
3.5297,3.4461
3.5297,4.2895
3.5297,3.07
-5.9287,-5.4532
-5.9287,-6.6888
4.2372,3.7273
4.2372,4.4929
4.2372,3.9093
4.2372,4.701
4.2372,4.1273
4.2372,3.5912
4.2372,3.2732
4.2372,5.0511
4.2372,3.9136
4.2372,4.2044
4.2372,4.475
4.2372,4.8137
3.5912,3.7273
3.5912,4.4929
3.5912,3.9093
3.5912,4.2372
3.5912,3.2732
3.5912,3.9136
3.5912,3.0539
3.5912,4.2044
3.5912,3.5376
5.2239,4.9998
5.2239,5.49
5.2239,4.6904
-2.4514,-2.0466
-2.4514,-2.4618
-2.4514,-2.8257
-2.4514,-2.5206
-2.4514,-2.8706
-2.4514,-1.9936
-2.4514,-3.16
-2.4514,-1.9815
4.8339,5.5155
4.8339,4.2852
4.8339,5.4173
4.8339,4.482
4.8339,5.1536
4.8339,4.5389
-5.8424,-5.1912
-5.8424,-5.4532
2.7141,2.8981
2.7141,3.2845
2.7141,2.3234
2.7141,2.3246
2.7141,2.4882
2.7141,3.3057
9.237,8.3798
9.237,9.3102
-5.2943,-6.1307
-5.2943,-5.5746
-5.2943,-5.9833
-5.2943,-5.0288
-5.2943,-5.5699
-5.2943,-5.1604
-5.2943,-5.5444
-5.2943,-4.7164
-5.2943,-5.1459
4.6801,4.244
4.6801,4.6996
4.6801,4.8351
4.6801,5.2098
4.6801,5.1536
4.6801,5.4494
4.6801,4.5389
-2.0152,-2.629
-2.0152,-2.3163
-2.0152,-1.5242
-2.0152,-1.3077
-2.0152,-1.9042
-2.0152,-2.6382
-6.4739,-6.3391
-6.4739,-6.1307
-6.4739,-5.5746
-6.4739,-5.9833
-6.4739,-5.5444
-6.4739,-5.9558
-6.4739,-6.4042
-6.4739,-6.5239
-6.4739,-7.3899
-6.4739,-6.9589
6.1647,6.1782
6.1647,5.5155
6.1647,6.3765
-6.2764,-6.011
-6.2764,-6.9426
-2.3163,-2.0466
-2.3163,-2.629
-2.3163,-2.8257
-2.3163,-3.0354
-2.3163,-2.0152
-2.3163,-1.5242
-2.3163,-1.9042
-2.3163,-3.1381
-2.3163,-2.6382
-8.236,-7.9967
-1.1904,-2.0466
-1.1904,-1.5294
-1.1904,-1.5242
-1.1904,-0.73429
-1.1904,-1.46
-1.1904,-1.9815
5.5155,6.1782
5.5155,4.8339
5.5155,6.1647
5.5155,5.4173
5.5155,5.1536
5.5155,5.4494
5.5155,4.5389
4.2061,4.6384
4.2061,3.7784
4.2061,3.9573
4.2061,4.9998
4.2061,4.2733
4.2061,3.4461
4.2061,5.0962
4.2061,4.8126
4.2061,4.2895
4.9998,5.2239
4.9998,4.2061
4.9998,5.49
4.9998,4.2733
4.9998,5.0962
4.9998,4.8126
4.9998,4.2895
4.9998,5.3848
4.9998,4.6904
3.2845,3.6414
3.2845,2.8981
3.2845,2.7141
3.2845,2.3234
3.2845,4.0543
3.2732,3.7273
3.2732,4.2372
3.2732,3.5912
3.2732,3.9136
3.2732,3.0539
5.8461,6.5151
5.8461,5.9505
5.8461,6.5788
5.8461,5.5158
5.8461,5.0962
5.8461,5.3848
1.5788,1.5474
1.5788,2.3234
-5.5746,-6.1307
-5.5746,-5.2943
-5.5746,-6.4739
-5.5746,-5.9833
-5.5746,-5.0288
-5.5746,-5.5699
-5.5746,-5.1604
-5.5746,-5.5444
-5.5746,-5.9558
-5.5746,-6.4042
-5.5746,-5.1459
2.3234,1.5474
2.3234,2.8981
2.3234,2.7141
2.3234,3.2845
2.3234,1.5788
2.3234,2.3246
-1.5242,-2.0466
-1.5242,-1.5294
-1.5242,-2.0152
-1.5242,-2.3163
-1.5242,-1.1904
-1.5242,-1.3077
-1.5242,-1.9042
-1.5242,-0.73429
-1.5242,-1.9815
3.7142,3.7273
3.7142,4.1273
3.7142,4.244
3.7142,4.6996
-5.0763,-5.5699
-5.0763,-5.1604
-5.0763,-5.0668
-5.0763,-4.7164
-5.0763,-5.7518
-5.9833,-6.3391
-5.9833,-6.1307
-5.9833,-5.2943
-5.9833,-6.4739
-5.9833,-5.5746
-5.9833,-5.5699
-5.9833,-5.1604
-5.9833,-5.5444
-5.9833,-6.4042
-5.9833,-5.7518
-4.398,-5.0273
-4.398,-3.8971
-4.398,-3.7362
-4.398,-4.135
5.49,5.9505
5.49,5.2239
5.49,4.9998
5.49,5.0962
5.49,5.3848
5.49,6.1021
5.49,4.6904
-4.3295,-4.6608
-4.3295,-5.0288
-4.3295,-5.1459
-4.3295,-4.2969
-5.0288,-4.6608
-5.0288,-5.2943
-5.0288,-5.5746
-5.0288,-4.3295
-5.0288,-5.1604
-5.0288,-5.5444
-5.0288,-4.7164
-5.0288,-5.1459
-5.0288,-4.2969
-5.0273,-4.398
-5.0273,-4.135
2.7478,3.4594
2.7478,3.0539
2.7478,3.5376
4.2733,3.8754
4.2733,3.9573
4.2733,3.5297
4.2733,4.2061
4.2733,4.9998
4.2733,3.4461
4.2733,4.2895
4.2733,4.6904
3.9892,4.4929
3.9892,3.9093
3.9892,3.4594
3.9892,4.5743
3.9892,3.5376
-2.4562,-2.0522
-2.4562,-2.6533
-2.4562,-1.6917
-2.4562,-3.2778
-2.4562,-2.9208
-2.4562,-3.345
-2.4562,-1.9937
-2.4562,-1.7144
-2.4562,-2.5752
-2.4562,-3.0934
-2.4562,-2.7359
5.0511,4.4929
5.0511,4.701
5.0511,5.2581
5.0511,5.6996
5.0511,5.8155
5.0511,4.2372
5.0511,5.2971
5.0511,4.8351
5.0511,5.2098
5.0511,4.2044
5.0511,4.475
5.0511,4.8137
2.3246,1.5474
2.3246,2.8981
2.3246,2.5628
2.3246,2.7141
2.3246,2.3234
2.3246,1.8021
3.4461,3.7784
3.4461,3.9573
3.4461,3.5297
3.4461,4.2061
3.4461,4.2733
3.4461,4.2895
3.4461,3.0068
3.4461,3.07
-6.011,-5.5095
-6.011,-6.2764
-6.011,-5.5444
-6.011,-5.9558
-6.011,-6.9426
-6.011,-6.5239
2.4882,2.7141
2.4882,3.3057
-9.1521,-8.4966
-7.9967,-8.236
-7.9967,-8.4966
5.0962,5.9505
5.0962,4.6384
5.0962,5.5158
5.0962,4.2061
5.0962,4.9998
5.0962,5.8461
5.0962,5.49
5.0962,4.8126
5.0962,4.2895
5.0962,5.3848
6.9918,6.5151
6.9918,6.5788
-3.345,-2.6533
-3.345,-3.2778
-3.345,-2.4562
-3.345,-3.7362
-3.345,-4.135
-3.345,-2.5752
-3.345,-3.0934
-3.345,-2.7359
-3.8971,-3.0343
-3.8971,-4.398
-3.8971,-3.7362
-3.8971,-3.0934
4.6996,5.657
4.6996,4.1273
4.6996,4.244
4.6996,4.6801
4.6996,3.7142
4.6996,5.2971
4.6996,4.8351
4.6996,5.2098
4.6996,4.475
4.6996,5.1536
4.6996,5.4494
-5.0161,-5.5095
-5.0161,-4.6608
6.5021,5.6996
6.5021,5.8155
6.5021,6.0442
-3.7362,-3.2778
-3.7362,-4.398
-3.7362,-3.345
-3.7362,-3.8971
-3.7362,-4.135
-3.7362,-3.0934
-4.0833,-3.7615
-4.0833,-3.7146
-4.0833,-4.7481
-4.0833,-4.8062
-4.0833,-3.16
-5.5699,-6.3391
-5.5699,-5.2943
-5.5699,-5.5746
-5.5699,-5.0763
-5.5699,-5.9833
-5.5699,-6.1229
-5.5699,-5.1604
-5.5699,-4.7164
-5.5699,-6.4042
-5.5699,-5.7518
1.8021,1.5474
1.8021,2.5628
1.8021,2.3246
1.8021,2.6582
4.2852,4.8339
4.2852,3.7263
4.2852,4.482
4.2852,3.5293
4.2852,4.5389
4.0543,3.6414
4.0543,4.6381
4.0543,3.2845
4.0543,3.3057
-6.1229,-6.3391
-6.1229,-5.5699
-6.1229,-5.7518
5.2971,4.701
5.2971,5.6996
5.2971,5.8155
5.2971,5.657
5.2971,5.0511
5.2971,4.6996
5.2971,4.8351
5.2971,5.2098
5.2971,4.475
-4.135,-3.2778
-4.135,-4.398
-4.135,-5.0273
-4.135,-3.345
-4.135,-3.7362
-4.135,-3.795
-4.7481,-3.7615
-4.7481,-5.4532
-4.7481,-4.0833
3.3057,2.7141
3.3057,2.4882
3.3057,4.0543
3.9136,3.7273
3.9136,4.4929
3.9136,3.9093
3.9136,4.701
3.9136,4.2372
3.9136,3.5912
3.9136,3.2732
3.9136,3.0539
3.9136,4.2044
3.9136,3.5376
3.9136,4.8137
-1.0243,-1.9342
-5.1604,-5.2943
-5.1604,-5.5746
-5.1604,-5.0763
-5.1604,-5.9833
-5.1604,-5.0288
-5.1604,-5.5699
-5.1604,-5.0668
-5.1604,-4.7164
-5.1604,-5.7518
-5.1604,-4.2969
-1.9937,-1.2927
-1.9937,-2.0522
-1.9937,-2.6533
-1.9937,-1.6917
-1.9937,-2.4562
-1.9937,-1.9342
-1.9937,-2.5752
-1.9937,-2.7359
3.4594,3.9093
3.4594,2.7478
3.4594,3.9892
3.4594,3.5376
8.3798,9.237
-1.9342,-2.6533
-1.9342,-1.6917
-1.9342,-1.0243
-1.9342,-1.9937
-1.9342,-2.1196
-1.9342,-2.7359
5.4173,6.1782
5.4173,4.8339
5.4173,5.5155
5.4173,4.482
-1.3077,-2.0152
-1.3077,-1.5242
-3.795,-3.2778
-3.795,-2.9208
-3.795,-4.135
-5.0668,-5.0763
-5.0668,-5.1604
-5.0668,-5.6664
-5.0668,-5.7518
9.3102,9.237
-2.1196,-3.0343
-2.1196,-1.9342
4.8126,4.6384
4.8126,3.9573
4.8126,5.5158
4.8126,4.2061
4.8126,4.9998
4.8126,5.0962
4.8126,4.2895
4.8126,5.3848
4.8351,4.701
4.8351,5.6996
4.8351,5.657
4.8351,4.1273
4.8351,4.6801
4.8351,5.0511
4.8351,4.6996
4.8351,5.2971
4.8351,5.2098
4.8351,4.475
-5.5444,-6.1307
-5.5444,-5.5095
-5.5444,-5.2943
-5.5444,-6.4739
-5.5444,-5.5746
-5.5444,-5.9833
-5.5444,-5.0288
-5.5444,-6.011
-5.5444,-5.9558
-5.5444,-5.1459
-5.9558,-6.1307
-5.9558,-5.5095
-5.9558,-6.4739
-5.9558,-5.5746
-5.9558,-6.011
-5.9558,-5.5444
-5.9558,-6.5239
-5.9558,-5.1459
3.3296,3.6414
3.3296,2.8981
3.3296,2.5628
3.3296,3.7263
3.3296,2.6582
3.3296,3.5293
-6.8229,-7.6046
-5.6664,-5.0668
5.2098,5.6996
5.2098,5.657
5.2098,4.6801
5.2098,5.0511
5.2098,4.6996
5.2098,5.2971
5.2098,4.8351
5.2098,4.475
5.2098,6.0442
5.2098,5.4494
3.0539,3.9093
3.0539,3.5912
3.0539,3.2732
3.0539,2.7478
3.0539,3.9136
3.0539,3.5376
-2.5206,-2.4514
-2.5206,-2.8706
-2.5206,-3.4341
-2.5206,-1.9936
-1.9042,-2.0466
-1.9042,-2.4618
-1.9042,-1.5294
-1.9042,-2.629
-1.9042,-2.8257
-1.9042,-2.0152
-1.9042,-2.3163
-1.9042,-1.5242
-1.9042,-1.9815
3.7263,3.6414
3.7263,2.8981
3.7263,4.2852
3.7263,3.3296
3.7263,4.482
4.5743,4.4929
4.5743,3.9093
4.5743,3.9892
4.5743,4.8137
-4.7164,-5.2943
-4.7164,-5.0763
-4.7164,-5.0288
-4.7164,-5.5699
-4.7164,-5.1604
-4.7164,-4.2969
-8.4966,-9.1521
-8.4966,-7.9967
-2.8706,-2.4618
-2.8706,-3.7615
-2.8706,-2.8257
-2.8706,-2.4514
-2.8706,-2.5206
-2.8706,-3.4341
-2.8706,-3.16
-2.8706,-1.9815
-3.4341,-3.7615
-3.4341,-2.5206
-3.4341,-2.8706
-0.73429,-1.5294
-0.73429,-1.1904
-0.73429,-1.5242
-6.9426,-6.2764
-6.9426,-6.011
-6.9426,-6.5239
-6.9426,-6.9589
-1.7144,-2.4158
-1.7144,-1.2927
-1.7144,-2.0522
-1.7144,-1.6917
-1.7144,-2.4562
-1.7144,-2.5752
-1.9936,-2.4514
-1.9936,-2.5206
-1.9936,-1.46
-1.9936,-1.9815
4.2044,4.4929
4.2044,3.9093
4.2044,4.701
4.2044,4.2372
4.2044,3.5912
4.2044,5.0511
4.2044,3.9136
4.2044,4.475
4.2044,3.5376
4.2044,4.8137
4.2895,3.7784
4.2895,3.9573
4.2895,3.5297
4.2895,4.2061
4.2895,4.9998
4.2895,4.2733
4.2895,3.4461
4.2895,5.0962
4.2895,4.8126
4.2895,4.6904
4.475,3.7273
4.475,4.701
4.475,4.1273
4.475,4.2372
4.475,5.0511
4.475,4.6996
4.475,5.2971
4.475,4.8351
4.475,5.2098
4.475,4.2044
-6.4042,-6.3391
-6.4042,-6.1307
-6.4042,-6.9678
-6.4042,-6.4739
-6.4042,-5.5746
-6.4042,-5.9833
-6.4042,-5.5699
-6.4042,-7.3899
-6.4042,-6.9589
5.3848,5.9505
5.3848,4.9998
5.3848,5.8461
5.3848,5.49
5.3848,5.0962
5.3848,4.8126
5.3848,6.1021
5.3848,4.6904
6.0442,5.6996
6.0442,5.657
6.0442,6.5021
6.0442,5.2098
6.0442,6.3765
6.0442,5.4494
4.482,3.6414
4.482,4.6381
4.482,4.8339
4.482,4.2852
4.482,5.4173
4.482,3.7263
4.3672,3.8754
-2.5752,-2.4158
-2.5752,-2.0522
-2.5752,-2.6533
-2.5752,-3.2778
-2.5752,-2.9208
-2.5752,-2.4562
-2.5752,-3.345
-2.5752,-1.9937
-2.5752,-1.7144
-6.5239,-6.1307
-6.5239,-6.4739
-6.5239,-6.011
-6.5239,-5.9558
-6.5239,-6.9426
-6.5239,-6.9589
3.5376,3.9093
3.5376,3.5912
3.5376,2.7478
3.5376,3.9892
3.5376,3.9136
3.5376,3.4594
3.5376,3.0539
3.5376,4.2044
-7.0247,-6.6226
-1.46,-1.5294
-1.46,-1.1904
-1.46,-1.9936
-1.46,-1.9815
6.3765,5.657
6.3765,6.1647
6.3765,6.0442
6.3765,5.4494
-3.1381,-2.4618
-3.1381,-3.7615
-3.1381,-2.629
-3.1381,-2.8257
-3.1381,-3.0354
-3.1381,-3.7146
-3.1381,-2.3163
-3.1381,-3.16
-6.6226,-5.8625
-6.6226,-7.0247
-6.6226,-7.0164
4.8137,4.4929
4.8137,3.9093
4.8137,4.701
4.8137,5.2581
4.8137,5.7185
4.8137,4.2372
4.8137,5.0511
4.8137,3.9136
4.8137,4.5743
4.8137,4.2044
6.1021,6.5151
6.1021,5.9505
6.1021,5.49
6.1021,5.3848
5.1536,5.657
5.1536,4.244
5.1536,4.8339
5.1536,4.6801
5.1536,5.5155
5.1536,4.6996
5.1536,5.4494
5.1536,4.5389
-4.8062,-4.0833
-5.1459,-5.5095
-5.1459,-4.6608
-5.1459,-5.2943
-5.1459,-5.5746
-5.1459,-4.3295
-5.1459,-5.0288
-5.1459,-5.5444
-5.1459,-5.9558
-5.7518,-6.3391
-5.7518,-5.0763
-5.7518,-5.9833
-5.7518,-5.5699
-5.7518,-6.1229
-5.7518,-5.1604
-5.7518,-5.0668
-7.3899,-6.9678
-7.3899,-6.4739
-7.3899,-6.4042
-7.3899,-6.9589
-3.16,-2.4618
-3.16,-3.7615
-3.16,-2.629
-3.16,-2.8257
-3.16,-2.4514
-3.16,-4.0833
-3.16,-2.8706
-3.16,-3.1381
-2.6382,-3.0354
-2.6382,-2.0152
-2.6382,-2.3163
-6.9589,-6.1307
-6.9589,-6.4739
-6.9589,-6.9426
-6.9589,-6.4042
-6.9589,-6.5239
-6.9589,-7.3899
3.0068,2.0984
3.0068,3.7784
3.0068,3.9573
3.0068,3.4461
3.0068,3.07
2.6582,2.5628
2.6582,1.8021
2.6582,3.3296
5.4494,5.657
5.4494,4.6801
5.4494,5.5155
5.4494,4.6996
5.4494,5.2098
5.4494,6.0442
5.4494,6.3765
5.4494,5.1536
-3.0934,-3.0343
-3.0934,-2.6533
-3.0934,-2.4562
-3.0934,-3.345
-3.0934,-3.8971
-3.0934,-3.7362
-3.0934,-2.7359
4.6904,5.2239
4.6904,4.9998
4.6904,5.49
4.6904,4.2733
4.6904,4.2895
4.6904,5.3848
-1.9815,-2.0466
-1.9815,-2.4618
-1.9815,-1.5294
-1.9815,-2.4514
-1.9815,-1.1904
-1.9815,-1.5242
-1.9815,-1.9042
-1.9815,-2.8706
-1.9815,-1.9936
-1.9815,-1.46
-7.0164,-6.6888
-7.0164,-6.6226
-4.2969,-4.3295
-4.2969,-5.0288
-4.2969,-5.1604
-4.2969,-4.7164
3.5293,4.244
3.5293,4.2852
3.5293,3.3296
3.07,3.5297
3.07,3.4461
3.07,3.0068
3.07,2.3616
-2.7359,-3.0343
-2.7359,-2.6533
-2.7359,-2.4562
-2.7359,-3.345
-2.7359,-1.9937
-2.7359,-1.9342
-2.7359,-3.0934
4.5389,4.244
4.5389,4.8339
4.5389,4.6801
4.5389,5.5155
4.5389,4.2852
4.5389,5.1536
2.3616,2.0984
2.3616,3.07
-9.8739,-10
9.237,10
