1.0453,1.027
1.0453,0.15875
1.0453,1.6882
1.0453,1.7254
-6.7285,-6.4655
-6.7285,-6.2631
-6.7285,-7.38
-6.7285,-6.5656
-6.7285,-5.8109
-6.7285,-6.779
-6.7285,-6.0433
-6.7285,-6.2169
-6.1447,-5.8341
-6.1447,-6.4655
-6.1447,-5.4881
-6.1447,-6.2631
-6.1447,-5.8667
-6.1447,-6.9142
-6.1447,-6.5656
-6.1447,-6.9818
-6.1447,-6.2169
-4.7763,-4.7697
-4.7763,-5.1541
-4.7763,-5.621
-4.7763,-5.2933
-4.7763,-5.5978
-4.7763,-4.5169
-4.7763,-5.7056
-4.7763,-5.1075
-4.7763,-5.008
-4.7763,-5.697
-4.7763,-4.1537
-4.7763,-4.5746
-4.7763,-5.4834
-4.7763,-4.4043
1.2597,1.3782
1.2597,0.51782
1.2597,0.67408
-3.1607,-3.5573
-3.1607,-3.478
-3.1607,-3.1466
-3.1607,-2.877
-3.1607,-2.7598
-3.1607,-3.5496
-3.1607,-2.3751
-3.1607,-2.8378
-3.1607,-3.9902
-3.1607,-3.698
-3.1607,-2.5503
-3.1607,-2.5797
-4.2564,-4.164
-4.2564,-3.478
-4.2564,-4.4008
-4.2564,-3.5496
-4.2564,-3.9902
-4.2564,-4.4081
-4.2564,-3.8242
-4.2564,-3.698
-4.7697,-4.7763
-4.7697,-5.621
-4.7697,-4.5169
-4.7697,-5.1075
-4.7697,-3.8429
-4.7697,-5.008
-4.7697,-5.697
-4.7697,-4.1537
-4.7697,-4.5746
-4.7697,-5.4834
-4.7697,-5.3276
4.4567,4.3292
4.4567,4.8855
-4.164,-4.2564
-4.164,-3.5573
-4.164,-3.478
-4.164,-4.7993
-4.164,-4.4008
-4.164,-3.5496
-4.164,-4.4433
-4.164,-3.9902
-4.164,-4.4081
-4.164,-3.8242
4.6132,4.056
4.6132,5.4673
4.6132,4.8143
4.6132,4.3292
4.6132,4.8855
4.6132,5.356
4.6132,3.936
-5.8341,-6.1447
-5.8341,-5.4881
-5.8341,-6.2631
-5.8341,-5.8667
-5.8341,-5.1377
-5.8341,-6.2169
-6.4655,-6.7285
-6.4655,-6.1447
-6.4655,-5.4881
-6.4655,-5.621
-6.4655,-6.2631
-6.4655,-5.5978
-6.4655,-7.38
-6.4655,-5.7056
-6.4655,-6.5656
-6.4655,-5.8109
-6.4655,-6.779
-6.4655,-6.0433
-6.4655,-5.4834
-6.4655,-6.2169
5.9273,6.2378
5.9273,6.2484
5.9273,6.4376
5.9273,6.7779
5.9273,5.8956
5.9273,5.3152
5.9273,5.7101
5.9273,5.6308
5.9273,5.26
5.7706,6.2378
5.7706,5.1379
5.7706,6.3925
5.7706,5.4604
5.7706,5.8956
5.7706,5.7625
5.7706,6.1419
5.7706,6.3842
5.7706,5.6308
5.7706,5.26
4.056,4.6132
4.056,4.8143
4.056,4.3292
4.056,4.264
4.056,3.3079
4.056,3.544
4.056,4.0898
4.056,3.22
4.056,3.1541
4.056,3.7694
4.056,3.936
-3.5573,-3.1607
-3.5573,-4.164
-3.5573,-3.478
-3.5573,-3.1769
-3.5573,-3.1466
-3.5573,-4.078
-3.5573,-3.6395
-3.5573,-4.4433
-3.5573,-2.8378
-3.5573,-3.9902
-3.5573,-3.8242
-3.5573,-2.9269
-3.478,-3.1607
-3.478,-4.2564
-3.478,-4.164
-3.478,-3.5573
-3.478,-3.1466
-3.478,-4.4008
-3.478,-3.8313
-3.478,-2.7598
-3.478,-3.5496
-3.478,-2.8378
-3.478,-3.9902
-3.478,-4.4081
-3.478,-3.8242
-3.478,-3.698
-3.478,-2.5797
6.2378,5.9273
6.2378,5.7706
6.2378,6.3925
6.2378,6.9193
6.2378,6.2484
6.2378,6.4376
6.2378,5.8956
6.2378,6.1419
6.2378,6.7503
6.2378,5.6308
6.2378,5.26
-5.1541,-4.7763
-5.1541,-5.4881
-5.1541,-5.621
-5.1541,-5.2933
-5.1541,-5.5978
-5.1541,-5.8667
-5.1541,-4.5169
-5.1541,-5.7056
-5.1541,-5.1377
-5.1541,-4.8294
-5.1541,-4.5746
-5.1541,-5.4834
-5.1541,-4.4043
-5.4881,-6.1447
-5.4881,-5.8341
-5.4881,-6.4655
-5.4881,-5.1541
-5.4881,-5.621
-5.4881,-5.2933
-5.4881,-6.2631
-5.4881,-5.5978
-5.4881,-5.8667
-5.4881,-5.7056
-5.4881,-5.1377
-5.4881,-5.8109
-5.4881,-4.8294
-5.4881,-4.5746
-5.4881,-5.4834
-5.4881,-6.2169
0.72596,0.142
0.72596,0.43692
0.72596,1.5648
0.72596,0.99381
0.33829,0.10956
0.33829,-0.065184
0.33829,0.22245
0.33829,0.32948
0.33829,-0.37163
0.33829,1.0642
0.33829,1.2485
0.33829,0.62539
0.33829,0.12235
0.33829,0.8329
0.33829,-0.56645
0.33829,0.60209
2.5127,3.0114
2.5127,2.2614
2.5127,3.0492
2.5127,2.7685
2.5127,2.7345
2.5127,3.3079
2.5127,2.5985
2.5127,2.1487
2.5127,2.4153
2.5127,3.1541
2.5127,1.7254
2.5127,1.7675
2.5127,2.0255
5.1379,5.7706
5.1379,5.4604
5.1379,4.7342
5.1379,5.7625
5.1379,5.4919
5.1379,5.1452
5.1379,4.8958
5.1379,5.26
5.1379,4.6074
-5.621,-4.7763
-5.621,-4.7697
-5.621,-6.4655
-5.621,-5.1541
-5.621,-5.4881
-5.621,-5.2933
-5.621,-5.5978
-5.621,-5.7056
-5.621,-6.0558
-5.621,-5.1075
-5.621,-5.8109
-5.621,-5.008
-5.621,-5.697
-5.621,-6.0433
-5.621,-5.4834
-5.621,-6.2169
3.4104,3.0114
3.4104,4.264
3.4104,3.0492
3.4104,2.7345
3.4104,3.3079
3.4104,2.5985
3.4104,4.0898
3.4104,3.673
3.4104,2.9234
3.4104,3.1541
8.096,7.4934
8.096,7.1483
-5.2747,-4.4008
-5.2747,-4.4081
-5.2747,-5.1809
0.10956,0.33829
0.10956,-0.065184
0.10956,0.142
0.10956,-0.69801
0.10956,0.32948
0.10956,0.43692
0.10956,1.0642
0.10956,0.12235
0.10956,0.99381
0.10956,0.60209
5.4673,4.6132
5.4673,4.8855
5.4673,5.356
4.8143,4.6132
4.8143,4.056
4.8143,4.3292
4.8143,4.0898
4.8143,5.356
4.8143,5.0093
6.3925,5.7706
6.3925,6.2378
6.3925,6.9193
6.3925,6.2484
6.3925,5.8956
6.3925,6.1419
6.3925,6.7503
6.3925,6.3842
6.3925,5.6308
-2.9756,-2.2342
-2.9756,-3.3862
-2.9756,-3.1108
-2.6759,-2.2342
-2.6759,-3.3862
-2.6759,-2.877
-2.6759,-2.7598
-2.6759,-3.1108
-2.6759,-2.2657
-2.6759,-2.5503
-2.6759,-2.5797
-2.6759,-1.7312
3.0114,2.5127
3.0114,3.4104
3.0114,2.2614
3.0114,2.3581
3.0114,3.0492
3.0114,2.7345
3.0114,3.3079
3.0114,2.5985
3.0114,3.673
3.0114,2.9234
3.0114,3.1541
3.0114,2.0255
-2.2342,-2.9756
-2.2342,-2.6759
-2.2342,-3.1108
-2.2342,-2.2657
-2.2342,-1.7312
2.2614,2.5127
2.2614,3.0114
2.2614,2.3581
2.2614,3.0492
2.2614,2.7345
2.2614,2.5985
2.2614,2.1487
2.2614,3.1541
2.2614,1.7254
2.2614,1.7675
2.2614,2.0255
-0.065184,0.33829
-0.065184,0.10956
-0.065184,0.22245
-0.065184,-0.69801
-0.065184,0.32948
-0.065184,-0.60547
-0.065184,-0.37163
-0.065184,0.62539
-0.065184,0.12235
-0.065184,0.8329
-0.065184,-0.56645
-0.065184,0.60209
-3.1769,-3.5573
-3.1769,-3.1466
-3.1769,-3.6395
-3.1769,-2.8378
-3.1769,-3.9902
-3.1769,-3.8242
-3.1769,-2.9269
6.9193,6.2378
6.9193,6.3925
6.9193,6.7503
6.9193,7.0901
2.9451,3.6072
2.9451,2.7685
2.9451,3.544
2.9451,3.22
2.9451,2.1487
2.9451,2.1631
2.9451,2.4153
6.2484,5.9273
6.2484,6.2378
6.2484,6.3925
6.2484,6.4376
6.2484,6.7779
6.2484,5.8956
6.2484,5.3152
6.2484,5.7101
6.2484,5.6308
6.2484,6.3966
6.2484,7.0901
4.3292,4.4567
4.3292,4.6132
4.3292,4.056
4.3292,4.8143
4.3292,3.6072
4.3292,3.544
4.3292,4.8855
4.3292,3.7694
4.3292,3.936
1.3445,1.3782
1.3445,1.0642
1.3445,1.2485
1.3445,1.689
1.3445,0.62539
1.3445,0.8329
1.3445,0.60209
-5.2933,-4.7763
-5.2933,-5.1541
-5.2933,-5.4881
-5.2933,-5.621
-5.2933,-5.5978
-5.2933,-5.8667
-5.2933,-4.5169
-5.2933,-5.7056
-5.2933,-5.1377
-5.2933,-5.8109
-5.2933,-5.008
-5.2933,-5.697
-5.2933,-4.8294
-5.2933,-4.5746
-5.2933,-5.4834
-5.2933,-6.2169
-5.2933,-4.4043
-6.2631,-6.7285
-6.2631,-6.1447
-6.2631,-5.8341
-6.2631,-6.4655
-6.2631,-5.4881
-6.2631,-5.5978
-6.2631,-5.8667
-6.2631,-6.9142
-6.2631,-5.7056
-6.2631,-6.5656
-6.2631,-6.9818
-6.2631,-6.2169
6.4376,5.9273
6.4376,6.2378
6.4376,6.2484
6.4376,6.7779
6.4376,5.7101
6.4376,6.3966
6.4376,7.0901
-1.0616,-0.78743
-1.0616,-1.9292
-1.0616,-1.8091
-1.0616,-1.6351
-5.5978,-4.7763
-5.5978,-6.4655
-5.5978,-5.1541
-5.5978,-5.4881
-5.5978,-5.621
-5.5978,-5.2933
-5.5978,-6.2631
-5.5978,-5.8667
-5.5978,-5.7056
-5.5978,-6.5656
-5.5978,-5.1377
-5.5978,-5.8109
-5.5978,-5.008
-5.5978,-5.697
-5.5978,-6.0433
-5.5978,-5.4834
-5.5978,-6.2169
-0.78743,-1.0616
-0.78743,0.15875
-0.78743,-1.6351
2.0188,1.0642
2.0188,1.689
2.0188,1.9611
2.0188,1.2486
4.9678,5.1452
5.4604,5.7706
5.4604,5.1379
5.4604,4.7342
5.4604,5.8956
5.4604,5.7625
5.4604,6.1419
5.4604,5.4919
5.4604,5.1452
5.4604,6.3842
5.4604,5.6308
5.4604,5.26
4.264,4.056
4.264,3.4104
4.264,4.0898
4.264,3.673
4.264,5.0093
-5.8667,-6.1447
-5.8667,-5.8341
-5.8667,-5.1541
-5.8667,-5.4881
-5.8667,-5.2933
-5.8667,-6.2631
-5.8667,-5.5978
-5.8667,-6.5656
-5.8667,-5.1377
-5.8667,-6.2169
-3.1466,-3.1607
-3.1466,-3.5573
-3.1466,-3.478
-3.1466,-3.1769
-3.1466,-2.7598
-3.1466,-3.5496
-3.1466,-2.3751
-3.1466,-2.8378
-3.1466,-3.9902
-3.1466,-3.8242
-3.1466,-3.698
-3.1466,-2.5797
-4.078,-3.5573
-4.078,-3.6395
-4.078,-4.7993
-4.078,-4.4433
-4.078,-3.8242
3.6072,2.9451
3.6072,4.3292
3.6072,3.544
3.6072,3.22
3.6072,3.936
-4.5169,-4.7763
-4.5169,-4.7697
-4.5169,-5.1541
-4.5169,-5.2933
-4.5169,-5.1075
-4.5169,-3.8429
-4.5169,-5.008
-4.5169,-3.7094
-4.5169,-4.1537
-4.5169,-4.5746
-4.5169,-5.4834
-4.5169,-4.4043
0.06222,1.027
0.06222,0.15875
-6.9142,-6.1447
-6.9142,-6.2631
-6.9142,-6.9818
2.3581,3.0114
2.3581,2.2614
2.3581,2.5985
2.3581,2.5972
2.3581,1.7878
2.3581,2.9234
2.3581,1.7675
2.3581,2.0255
-4.1022,-3.3862
0.22245,0.33829
0.22245,-0.065184
0.22245,-0.26438
0.22245,0.28152
0.22245,-0.46639
0.22245,0.51782
0.22245,-0.60547
0.22245,-0.37163
0.22245,0.62539
0.22245,0.8329
0.22245,0.60209
1.027,1.0453
1.027,0.06222
1.027,1.0451
1.027,1.7254
1.027,1.7675
-7.38,-6.7285
-7.38,-6.4655
-7.38,-6.5656
-7.38,-6.9818
0.142,0.72596
0.142,0.10956
0.142,-0.69801
0.142,0.32948
0.142,0.43692
0.142,0.12235
0.142,0.99381
0.15875,1.0453
0.15875,-0.78743
0.15875,0.06222
-0.69801,0.10956
-0.69801,-0.065184
-0.69801,0.142
-0.69801,0.12235
-0.69801,-0.56645
-5.7056,-4.7763
-5.7056,-6.4655
-5.7056,-5.1541
-5.7056,-5.4881
-5.7056,-5.621
-5.7056,-5.2933
-5.7056,-6.2631
-5.7056,-5.5978
-5.7056,-6.0558
-5.7056,-6.5656
-5.7056,-5.1377
-5.7056,-5.8109
-5.7056,-5.008
-5.7056,-5.697
-5.7056,-6.0433
-5.7056,-5.4834
-5.7056,-6.2169
7.4934,8.096
7.4934,7.1483
-6.0558,-5.621
-6.0558,-5.7056
-6.0558,-5.1075
-6.0558,-5.8109
-6.0558,-6.779
-6.0558,-5.697
-6.0558,-6.0433
-6.0558,-5.3276
-3.3862,-2.9756
-3.3862,-2.6759
-3.3862,-4.1022
-3.3862,-2.877
-3.3862,-3.8313
-3.3862,-2.7598
-3.3862,-3.1108
-3.3862,-3.698
3.0492,2.5127
3.0492,3.4104
3.0492,3.0114
3.0492,2.2614
3.0492,2.7685
3.0492,2.7345
3.0492,3.3079
3.0492,2.5985
3.0492,3.544
3.0492,3.22
3.0492,3.673
3.0492,3.1541
3.0492,3.7694
2.7685,2.5127
2.7685,2.9451
2.7685,3.0492
2.7685,2.7345
2.7685,3.544
2.7685,3.22
2.7685,2.1487
2.7685,2.4153
2.7685,3.1541
2.7345,2.5127
2.7345,3.4104
2.7345,3.0114
2.7345,2.2614
2.7345,3.0492
2.7345,2.7685
2.7345,3.3079
2.7345,2.5985
2.7345,3.22
2.7345,2.1487
2.7345,2.4153
2.7345,3.1541
2.7345,2.0255
-3.6395,-3.5573
-3.6395,-3.1769
-3.6395,-4.078
-3.6395,-4.4433
-3.6395,-3.8242
-3.6395,-2.9269
3.3079,4.056
3.3079,2.5127
3.3079,3.4104
3.3079,3.0114
3.3079,3.0492
3.3079,2.7345
3.3079,3.544
3.3079,4.0898
3.3079,3.22
3.3079,3.673
3.3079,3.1541
3.3079,3.7694
-0.26438,0.22245
-0.26438,0.28152
-0.26438,-0.46639
-0.26438,0.51782
-0.26438,-0.60547
-0.26438,-0.67399
-0.26438,0.67408
-0.26438,0.27752
0.28152,0.22245
0.28152,-0.26438
0.28152,-0.46639
0.28152,0.51782
0.28152,-0.60547
0.28152,-0.37163
0.28152,0.62539
0.28152,0.67408
0.28152,0.27752
2.5985,2.5127
2.5985,3.4104
2.5985,3.0114
2.5985,2.2614
2.5985,2.3581
2.5985,3.0492
2.5985,2.7345
2.5985,2.9234
2.5985,1.7675
2.5985,2.0255
-5.1075,-4.7763
-5.1075,-4.7697
-5.1075,-5.621
-5.1075,-4.5169
-5.1075,-6.0558
-5.1075,-5.8109
-5.1075,-5.008
-5.1075,-5.697
-5.1075,-4.1537
-5.1075,-4.4256
-5.1075,-5.3276
-1.9292,-1.0616
-1.9292,-2.7598
-1.9292,-1.8091
-1.9292,-2.3751
-1.9292,-2.8378
-1.9292,-1.6351
-1.9292,-2.1007
-1.9292,-2.5503
-1.9292,-2.5797
1.3782,1.2597
1.3782,1.3445
1.3782,0.51782
1.3782,1.2485
1.3782,0.62539
0.32948,0.33829
0.32948,0.10956
0.32948,-0.065184
0.32948,0.142
0.32948,1.0642
0.32948,0.12235
0.32948,0.8329
0.32948,0.99381
0.32948,0.60209
5.9765,5.7625
5.9765,5.4919
5.9765,5.1452
5.9765,6.3842
3.544,4.056
3.544,2.9451
3.544,4.3292
3.544,3.6072
3.544,3.0492
3.544,2.7685
3.544,3.3079
3.544,4.0898
3.544,3.22
3.544,3.1541
3.544,3.7694
3.544,3.936
-0.46639,0.22245
-0.46639,-0.26438
-0.46639,0.28152
-0.46639,-0.60547
-0.46639,-0.37163
-0.46639,0.27752
0.51782,1.2597
0.51782,0.22245
0.51782,-0.26438
0.51782,0.28152
0.51782,1.3782
0.51782,1.2485
0.51782,0.62539
0.51782,0.67408
0.51782,0.8329
0.51782,0.27752
4.7342,5.1379
4.7342,5.4604
4.7342,5.1452
4.7342,4.8958
4.7342,4.6074
-4.7993,-4.164
-4.7993,-4.078
-4.7993,-4.4008
-4.7993,-4.4433
-4.7993,-3.9902
-4.7993,-5.1809
6.7779,5.9273
6.7779,6.2484
6.7779,6.4376
6.7779,6.3966
6.7779,7.0901
-4.4008,-4.2564
-4.4008,-4.164
-4.4008,-3.478
-4.4008,-5.2747
-4.4008,-4.7993
-4.4008,-4.4433
-4.4008,-3.9902
-4.4008,-4.4081
-4.4008,-5.1809
-4.4008,-3.8242
5.8956,5.9273
5.8956,5.7706
5.8956,6.2378
5.8956,6.3925
5.8956,6.2484
5.8956,5.4604
5.8956,5.7625
5.8956,6.1419
5.8956,6.7503
5.8956,5.6308
5.8956,5.26
-2.877,-3.1607
-2.877,-2.6759
-2.877,-3.3862
-2.877,-3.8313
-2.877,-2.7598
-2.877,-3.5496
-2.877,-3.1108
-2.877,-2.2657
-2.877,-3.698
-2.877,-2.5503
-2.877,-2.5797
2.5972,2.3581
2.5972,1.7878
2.5972,2.9234
4.0898,4.056
4.0898,3.4104
4.0898,4.8143
4.0898,4.264
4.0898,3.3079
4.0898,3.544
4.0898,3.673
4.0898,3.1541
4.0898,3.7694
4.0898,5.0093
0.43692,0.72596
0.43692,0.10956
0.43692,0.142
0.43692,0.99381
0.43692,1.2486
1.7878,2.3581
1.7878,2.5972
6.2963,7.1483
6.2963,6.4609
7.1483,8.096
7.1483,7.4934
7.1483,6.2963
7.1483,7.1543
4.8855,4.4567
4.8855,4.6132
4.8855,5.4673
4.8855,4.3292
3.22,4.056
3.22,2.9451
3.22,3.6072
3.22,3.0492
3.22,2.7685
3.22,2.7345
3.22,3.3079
3.22,3.544
3.22,2.4153
3.22,3.1541
3.22,3.7694
3.22,3.936
5.7625,5.7706
5.7625,5.1379
5.7625,5.4604
5.7625,5.9765
5.7625,5.8956
5.7625,6.1419
5.7625,5.4919
5.7625,5.1452
5.7625,6.3842
6.1419,5.7706
6.1419,6.2378
6.1419,6.3925
6.1419,5.4604
6.1419,5.8956
6.1419,5.7625
6.1419,6.8269
6.1419,6.7503
6.1419,6.3842
-3.8313,-3.478
-3.8313,-3.3862
-3.8313,-2.877
-3.8313,-3.5496
-3.8313,-4.4081
-3.8313,-3.698
-0.60547,-0.065184
-0.60547,0.22245
-0.60547,-0.26438
-0.60547,0.28152
-0.60547,-0.46639
-0.60547,-0.37163
-0.60547,-0.56645
-2.7598,-3.1607
-2.7598,-3.478
-2.7598,-2.6759
-2.7598,-3.1466
-2.7598,-3.3862
-2.7598,-1.9292
-2.7598,-2.877
-2.7598,-1.8091
-2.7598,-3.5496
-2.7598,-2.3751
-2.7598,-2.8378
-2.7598,-2.2657
-2.7598,-3.698
-2.7598,-2.5503
-2.7598,-2.5797
6.8269,6.1419
6.8269,6.7503
6.8269,6.3842
-6.5656,-6.7285
-6.5656,-6.1447
-6.5656,-6.4655
-6.5656,-6.2631
-6.5656,-5.5978
-6.5656,-5.8667
-6.5656,-7.38
-6.5656,-5.7056
-6.5656,-6.779
-6.5656,-6.9818
-6.5656,-6.2169
-0.37163,0.33829
-0.37163,-0.065184
-0.37163,0.22245
-0.37163,0.28152
-0.37163,-0.46639
-0.37163,-0.60547
-0.37163,0.12235
-0.37163,-0.56645
-0.67399,-0.26438
1.0451,1.027
1.0451,1.7675
2.1487,2.5127
2.1487,2.2614
2.1487,2.9451
2.1487,2.7685
2.1487,2.7345
2.1487,2.4153
2.1487,1.6882
2.1487,1.7254
2.1487,2.0255
1.0642,0.33829
1.0642,0.10956
1.0642,1.3445
1.0642,2.0188
1.0642,0.32948
1.0642,1.689
1.0642,0.12235
1.0642,0.8329
1.0642,0.99381
1.0642,1.2486
1.0642,0.60209
-1.8091,-1.0616
-1.8091,-1.9292
-1.8091,-2.7598
-1.8091,-2.3751
-1.8091,-1.6351
-1.8091,-2.5503
-1.8091,-2.5797
-1.8091,-1.7312
5.4919,5.1379
5.4919,5.4604
5.4919,5.9765
5.4919,5.7625
5.4919,5.1452
5.4919,4.6074
-5.1377,-5.8341
-5.1377,-5.1541
-5.1377,-5.4881
-5.1377,-5.2933
-5.1377,-5.5978
-5.1377,-5.8667
-5.1377,-5.7056
-5.1377,-4.8294
-5.1377,-4.5746
-5.1377,-5.4834
-5.1377,-4.4043
3.673,3.4104
3.673,3.0114
3.673,4.264
3.673,3.0492
3.673,3.3079
3.673,4.0898
3.673,2.9234
3.673,3.1541
-3.5496,-3.1607
-3.5496,-4.2564
-3.5496,-4.164
-3.5496,-3.478
-3.5496,-3.1466
-3.5496,-2.877
-3.5496,-3.8313
-3.5496,-2.7598
-3.5496,-2.8378
-3.5496,-3.9902
-3.5496,-4.4081
-3.5496,-3.698
-3.5496,-2.5797
6.7503,6.2378
6.7503,6.3925
6.7503,6.9193
6.7503,5.8956
6.7503,6.1419
6.7503,6.8269
6.7503,6.3842
1.2485,0.33829
1.2485,1.3445
1.2485,1.3782
1.2485,0.51782
1.2485,1.689
1.2485,0.62539
1.2485,0.8329
1.2485,0.60209
5.3152,5.9273
5.3152,6.2484
5.3152,5.7101
5.3152,4.8958
5.3152,5.6308
5.3152,5.26
5.3152,5.7714
-4.4433,-4.164
-4.4433,-3.5573
-4.4433,-4.078
-4.4433,-3.6395
-4.4433,-4.7993
-4.4433,-4.4008
-4.4433,-3.9902
-4.4433,-5.1809
-4.4433,-3.8242
-3.1108,-2.9756
-3.1108,-2.6759
-3.1108,-2.2342
-3.1108,-3.3862
-3.1108,-2.877
-3.1108,-2.2657
5.7101,5.9273
5.7101,6.2484
5.7101,6.4376
5.7101,5.3152
5.7101,5.6308
5.7101,6.3966
5.7101,5.26
5.7101,5.7714
2.1631,2.9451
2.1631,2.4153
2.1631,1.6882
-5.8109,-6.7285
-5.8109,-6.4655
-5.8109,-5.4881
-5.8109,-5.621
-5.8109,-5.2933
-5.8109,-5.5978
-5.8109,-5.7056
-5.8109,-6.0558
-5.8109,-5.1075
-5.8109,-6.779
-5.8109,-5.008
-5.8109,-5.697
-5.8109,-6.0433
-5.8109,-5.4834
-5.8109,-6.2169
5.1452,5.1379
5.1452,4.9678
5.1452,5.4604
5.1452,5.9765
5.1452,4.7342
5.1452,5.7625
5.1452,5.4919
5.1452,4.6074
1.689,1.3445
1.689,2.0188
1.689,1.0642
1.689,1.2485
1.689,0.8329
1.689,1.2486
6.3842,5.7706
6.3842,6.3925
6.3842,5.4604
6.3842,5.9765
6.3842,5.7625
6.3842,6.1419
6.3842,6.8269
6.3842,6.7503
2.4153,2.5127
2.4153,2.9451
2.4153,2.7685
2.4153,2.7345
2.4153,3.22
2.4153,2.1487
2.4153,2.1631
2.4153,1.6882
-2.3751,-3.1607
-2.3751,-3.1466
-2.3751,-1.9292
-2.3751,-2.7598
-2.3751,-1.8091
-2.3751,-2.8378
-2.3751,-2.1007
-2.3751,-2.5503
-2.3751,-2.5797
0.62539,0.33829
0.62539,-0.065184
0.62539,1.3445
0.62539,0.22245
0.62539,0.28152
0.62539,1.3782
0.62539,0.51782
0.62539,1.2485
0.62539,0.8329
0.62539,0.60209
0.12235,0.33829
0.12235,0.10956
0.12235,-0.065184
0.12235,0.142
0.12235,-0.69801
0.12235,0.32948
0.12235,-0.37163
0.12235,1.0642
0.12235,0.8329
0.12235,-0.56645
0.12235,0.60209
2.9234,3.4104
2.9234,3.0114
2.9234,2.3581
2.9234,2.5985
2.9234,2.5972
2.9234,3.673
7.1543,7.1483
1.9611,2.0188
1.9611,1.5648
1.9611,1.2486
-2.8378,-3.1607
-2.8378,-3.5573
-2.8378,-3.478
-2.8378,-3.1769
-2.8378,-3.1466
-2.8378,-1.9292
-2.8378,-2.7598
-2.8378,-3.5496
-2.8378,-2.3751
-2.8378,-2.9269
-2.8378,-2.1007
-2.8378,-2.5797
-3.9902,-3.1607
-3.9902,-4.2564
-3.9902,-4.164
-3.9902,-3.5573
-3.9902,-3.478
-3.9902,-3.1769
-3.9902,-3.1466
-3.9902,-4.7993
-3.9902,-4.4008
-3.9902,-3.5496
-3.9902,-4.4433
-3.9902,-4.4081
-3.9902,-3.8242
-3.8429,-4.7697
-3.8429,-4.5169
-3.8429,-3.7094
-3.8429,-4.1537
-6.779,-6.7285
-6.779,-6.4655
-6.779,-6.0558
-6.779,-6.5656
-6.779,-5.8109
-6.779,-6.0433
1.6882,1.0453
1.6882,2.1487
1.6882,2.1631
1.6882,2.4153
1.6882,1.7254
-4.4081,-4.2564
-4.4081,-4.164
-4.4081,-3.478
-4.4081,-5.2747
-4.4081,-4.4008
-4.4081,-3.8313
-4.4081,-3.5496
-4.4081,-3.9902
-4.4081,-3.698
0.67408,1.2597
0.67408,-0.26438
0.67408,0.28152
0.67408,0.51782
0.67408,0.27752
-5.008,-4.7763
-5.008,-4.7697
-5.008,-5.621
-5.008,-5.2933
-5.008,-5.5978
-5.008,-4.5169
-5.008,-5.7056
-5.008,-5.1075
-5.008,-5.8109
-5.008,-5.697
-5.008,-4.1537
-5.008,-4.5746
-5.008,-5.4834
-5.008,-5.3276
-3.7094,-4.5169
-3.7094,-3.8429
-3.7094,-4.5746
-3.7094,-4.4043
-5.697,-4.7763
-5.697,-4.7697
-5.697,-5.621
-5.697,-5.2933
-5.697,-5.5978
-5.697,-5.7056
-5.697,-6.0558
-5.697,-5.1075
-5.697,-5.8109
-5.697,-5.008
-5.697,-6.0433
-5.697,-5.4834
-5.697,-5.3276
1.5648,0.72596
1.5648,1.9611
4.8958,5.1379
4.8958,4.7342
4.8958,5.3152
4.8958,5.6308
4.8958,5.26
-4.1537,-4.7763
-4.1537,-4.7697
-4.1537,-4.5169
-4.1537,-5.1075
-4.1537,-3.8429
-4.1537,-5.008
-4.1537,-4.4256
-5.1809,-5.2747
-5.1809,-4.7993
-5.1809,-4.4008
-5.1809,-4.4433
3.1541,4.056
3.1541,2.5127
3.1541,3.4104
3.1541,3.0114
3.1541,2.2614
3.1541,3.0492
3.1541,2.7685
3.1541,2.7345
3.1541,3.3079
3.1541,3.544
3.1541,4.0898
3.1541,3.22
3.1541,3.673
3.1541,3.7694
-3.8242,-4.2564
-3.8242,-4.164
-3.8242,-3.5573
-3.8242,-3.478
-3.8242,-3.1769
-3.8242,-3.1466
-3.8242,-4.078
-3.8242,-3.6395
-3.8242,-4.4008
-3.8242,-4.4433
-3.8242,-3.9902
0.8329,0.33829
0.8329,-0.065184
0.8329,1.3445
0.8329,0.22245
0.8329,0.32948
0.8329,0.51782
0.8329,1.0642
0.8329,1.2485
0.8329,1.689
0.8329,0.62539
0.8329,0.12235
0.8329,0.60209
3.7694,4.056
3.7694,4.3292
3.7694,3.0492
3.7694,3.3079
3.7694,3.544
3.7694,4.0898
3.7694,3.22
3.7694,3.1541
3.7694,3.936
-2.2657,-2.6759
-2.2657,-2.2342
-2.2657,-2.877
-2.2657,-2.7598
-2.2657,-3.1108
-2.2657,-1.6351
-2.2657,-2.5503
-2.2657,-1.7312
1.7254,1.0453
1.7254,2.5127
1.7254,2.2614
1.7254,1.027
1.7254,2.1487
1.7254,1.6882
1.7254,1.7675
1.7254,2.0255
5.356,4.6132
5.356,5.4673
5.356,4.8143
5.6308,5.9273
5.6308,5.7706
5.6308,6.2378
5.6308,6.3925
5.6308,6.2484
5.6308,5.4604
5.6308,5.8956
5.6308,5.3152
5.6308,5.7101
5.6308,4.8958
5.6308,5.26
-0.56645,0.33829
-0.56645,-0.065184
-0.56645,-0.69801
-0.56645,-0.60547
-0.56645,-0.37163
-0.56645,0.12235
-2.9269,-3.5573
-2.9269,-3.1769
-2.9269,-3.6395
-2.9269,-2.8378
-2.9269,-2.1007
-4.8294,-5.1541
-4.8294,-5.4881
-4.8294,-5.2933
-4.8294,-5.1377
-4.8294,-4.4043
-4.4256,-5.1075
-4.4256,-4.1537
-4.4256,-5.3276
-1.6351,-1.0616
-1.6351,-0.78743
-1.6351,-1.9292
-1.6351,-1.8091
-1.6351,-2.2657
-1.6351,-2.5503
-1.6351,-1.7312
-6.0433,-6.7285
-6.0433,-6.4655
-6.0433,-5.621
-6.0433,-5.5978
-6.0433,-5.7056
-6.0433,-6.0558
-6.0433,-5.8109
-6.0433,-6.779
-6.0433,-5.697
-6.0433,-5.4834
-6.0433,-6.2169
-4.5746,-4.7763
-4.5746,-4.7697
-4.5746,-5.1541
-4.5746,-5.4881
-4.5746,-5.2933
-4.5746,-4.5169
-4.5746,-5.1377
-4.5746,-5.008
-4.5746,-3.7094
-4.5746,-5.4834
-4.5746,-4.4043
-3.698,-3.1607
-3.698,-4.2564
-3.698,-3.478
-3.698,-3.1466
-3.698,-3.3862
-3.698,-2.877
-3.698,-3.8313
-3.698,-2.7598
-3.698,-3.5496
-3.698,-4.4081
3.936,4.6132
3.936,4.056
3.936,4.3292
3.936,3.6072
3.936,3.544
3.936,3.22
3.936,3.7694
6.4609,6.2963
-2.1007,-1.9292
-2.1007,-2.3751
-2.1007,-2.8378
-2.1007,-2.9269
-6.9818,-6.1447
-6.9818,-6.2631
-6.9818,-6.9142
-6.9818,-7.38
-6.9818,-6.5656
-6.9818,-6.2169
0.99381,0.72596
0.99381,0.10956
0.99381,0.142
0.99381,0.32948
0.99381,0.43692
0.99381,1.0642
0.99381,1.2486
0.99381,0.60209
1.2486,2.0188
1.2486,0.43692
1.2486,1.0642
1.2486,1.689
1.2486,1.9611
1.2486,0.99381
-5.4834,-4.7763
-5.4834,-4.7697
-5.4834,-6.4655
-5.4834,-5.1541
-5.4834,-5.4881
-5.4834,-5.621
-5.4834,-5.2933
-5.4834,-5.5978
-5.4834,-4.5169
-5.4834,-5.7056
-5.4834,-5.1377
-5.4834,-5.8109
-5.4834,-5.008
-5.4834,-5.697
-5.4834,-6.0433
-5.4834,-4.5746
-5.4834,-6.2169
-2.5503,-3.1607
-2.5503,-2.6759
-2.5503,-1.9292
-2.5503,-2.877
-2.5503,-2.7598
-2.5503,-1.8091
-2.5503,-2.3751
-2.5503,-2.2657
-2.5503,-1.6351
-2.5503,-2.5797
-2.5503,-1.7312
-6.2169,-6.7285
-6.2169,-6.1447
-6.2169,-5.8341
-6.2169,-6.4655
-6.2169,-5.4881
-6.2169,-5.621
-6.2169,-5.2933
-6.2169,-6.2631
-6.2169,-5.5978
-6.2169,-5.8667
-6.2169,-5.7056
-6.2169,-6.5656
-6.2169,-5.8109
-6.2169,-6.0433
-6.2169,-6.9818
-6.2169,-5.4834
0.60209,0.33829
0.60209,0.10956
0.60209,-0.065184
0.60209,1.3445
0.60209,0.22245
0.60209,0.32948
0.60209,1.0642
0.60209,1.2485
0.60209,0.62539
0.60209,0.12235
0.60209,0.8329
0.60209,0.99381
6.3966,6.2484
6.3966,6.4376
6.3966,6.7779
6.3966,5.7101
6.3966,5.7714
1.7675,2.5127
1.7675,2.2614
1.7675,2.3581
1.7675,1.027
1.7675,2.5985
1.7675,1.0451
1.7675,1.7254
1.7675,2.0255
-2.5797,-3.1607
-2.5797,-3.478
-2.5797,-2.6759
-2.5797,-3.1466
-2.5797,-1.9292
-2.5797,-2.877
-2.5797,-2.7598
-2.5797,-1.8091
-2.5797,-3.5496
-2.5797,-2.3751
-2.5797,-2.8378
-2.5797,-2.5503
5.26,5.9273
5.26,5.7706
5.26,6.2378
5.26,5.1379
5.26,5.4604
5.26,5.8956
5.26,5.3152
5.26,5.7101
5.26,4.8958
5.26,5.6308
5.0093,4.8143
5.0093,4.264
5.0093,4.0898
-5.3276,-4.7697
-5.3276,-6.0558
-5.3276,-5.1075
-5.3276,-5.008
-5.3276,-5.697
-5.3276,-4.4256
-4.4043,-4.7763
-4.4043,-5.1541
-4.4043,-5.2933
-4.4043,-4.5169
-4.4043,-5.1377
-4.4043,-3.7094
-4.4043,-4.8294
-4.4043,-4.5746
0.27752,-0.26438
0.27752,0.28152
0.27752,-0.46639
0.27752,0.51782
0.27752,0.67408
2.0255,2.5127
2.0255,3.0114
2.0255,2.2614
2.0255,2.3581
2.0255,2.7345
2.0255,2.5985
2.0255,2.1487
2.0255,1.7254
2.0255,1.7675
5.7714,5.3152
5.7714,5.7101
5.7714,6.3966
4.6074,5.1379
4.6074,4.7342
4.6074,5.4919
4.6074,5.1452
-1.7312,-2.6759
-1.7312,-2.2342
-1.7312,-1.8091
-1.7312,-2.2657
-1.7312,-1.6351
-1.7312,-2.5503
7.0901,6.9193
7.0901,6.2484
7.0901,6.4376
7.0901,6.7779
7.1543,6.6308
6.2423,6.6308
