4.749,4.8246
4.749,5.566
4.749,4.7707
-6.6389,-6.8763
-6.6389,-6.1962
-6.6389,-6.1017
-1.6712,-1.7704
-1.6712,-0.84482
-1.6712,-1.7587
-1.6712,-1.4566
-1.6712,-2.5189
-1.6712,-1.3695
4.3236,5.1453
4.3236,3.8603
4.3236,4.2516
4.3236,4.12
4.3236,4.0776
4.3236,3.6218
4.3236,4.371
4.3236,4.571
4.3236,3.7915
4.3236,3.4168
4.3236,3.9245
4.3236,4.8097
4.3236,4.7952
2.9024,3.0657
-5.5247,-6.1962
-5.5247,-5.4709
7.1232,6.3375
7.1232,6.1685
7.1232,7.0539
7.1232,6.5588
7.1232,7.403
5.1453,4.3236
5.1453,6.0371
5.1453,4.2516
5.1453,4.9882
5.1453,4.571
5.1453,4.8097
5.1453,4.7952
5.1453,4.6481
6.4904,5.5098
6.4904,5.7162
6.4904,6.3375
6.4904,6.1685
6.4904,7.0539
-6.8763,-6.6389
-6.8763,-6.1962
-1.7023,-1.7704
-1.7023,-1.406
-1.7023,-1.2161
-1.7023,-2.0824
-1.7023,-0.80515
-0.13556,0.82964
-1.9742,-1.3817
-1.9742,-2.2921
-1.9742,-1.9884
5.5098,6.4904
5.5098,5.7162
5.5098,5.3272
5.5098,5.2898
5.5098,4.7754
5.5098,5.5354
3.8603,4.3236
3.8603,4.2516
3.8603,4.0776
3.8603,3.0657
3.8603,3.6218
3.8603,4.371
3.8603,4.571
3.8603,3.4168
3.8603,4.314
3.8603,4.7952
6.0371,5.1453
6.0371,5.6314
-3.0042,-2.561
-3.0042,-2.7138
-3.0042,-3.0146
-3.0042,-3.0241
-3.0042,-3.7345
-3.0042,-2.7433
-3.0042,-2.4567
-5.7688,-6.3496
-5.7688,-6.5432
-1.7704,-1.6712
-1.7704,-1.7023
-1.7704,-0.94491
-1.7704,-1.406
-1.7704,-1.7587
-1.7704,-2.0824
-1.7704,-2.3387
-1.7704,-1.3695
-5.2053,-4.9351
-5.2053,-4.9954
-5.2053,-5.9588
-5.2053,-5.904
-5.2053,-4.4607
-5.2053,-5.1356
-6.8982,-7.2578
-6.8982,-6.1265
2.7752,2.5476
2.7752,2.1155
2.7752,2.4368
-1.3817,-1.9742
-1.3817,-2.2921
-1.3817,-1.9884
-1.3817,-1.073
-1.3817,-1.784
-1.3817,-1.3671
-0.94491,-1.7704
-0.94491,-0.84482
-0.94491,-1.406
-0.94491,-0.80515
1.5508,1.6468
1.5508,2.1155
1.5508,0.81193
1.5508,1.5216
-7.8423,-7.2762
-7.8423,-7.5619
-7.8423,-8.1114
-7.8423,-7.8293
-7.8423,-6.9595
-7.8423,-8.6534
4.2516,4.3236
4.2516,5.1453
4.2516,3.8603
4.2516,4.12
4.2516,4.0776
4.2516,3.7087
4.2516,3.6218
4.2516,4.371
4.2516,4.571
4.2516,3.7915
4.2516,3.4168
4.2516,3.9245
4.2516,4.8097
4.2516,4.7952
-4.8893,-5.7371
-4.8893,-4.9954
-4.8893,-4.3547
4.5041,5.3272
4.5041,3.8417
4.5041,5.2898
4.5041,4.7754
4.5041,4.3635
1.1381,1.4138
-2.2921,-1.9742
-2.2921,-1.3817
-2.2921,-2.7138
-2.2921,-2.3292
-2.2921,-1.9884
-2.2921,-2.7958
-2.2921,-1.784
7.0374,7.2645
7.0374,6.4122
7.0374,7.4622
6.4854,5.9035
6.4854,6.1443
6.4854,7.1619
2.5476,2.7752
2.5476,1.6468
2.5476,1.9358
7.2645,7.0374
7.2645,8.081
2.8251,3.664
2.8251,2.4368
2.8251,3.2664
2.8251,2.0895
-4.2297,-3.3507
-4.2297,-3.7946
-4.2297,-4.9954
-4.2297,-4.2902
-4.2297,-3.8934
-4.2297,-4.4607
-4.2297,-5.1356
2.9885,3.7087
2.9885,3.7915
2.9885,3.4168
2.9885,3.9245
2.9885,3.1427
-2.561,-3.0042
-2.561,-2.3292
-2.561,-1.8874
-2.561,-3.0241
-2.561,-2.7433
-2.561,-2.1823
-2.561,-1.8731
-2.561,-2.4567
8.4245,9.0847
5.7162,6.4904
5.7162,5.5098
5.7162,5.3272
5.7162,5.2898
5.7162,5.5354
1.8292,0.82964
1.8292,0.95153
6.3375,7.1232
6.3375,6.4904
6.3375,5.9232
6.3375,6.1685
6.3375,7.0539
6.3375,5.5354
-6.202,-6.9794
-6.1962,-6.6389
-6.1962,-5.5247
-6.1962,-6.8763
-6.1962,-5.4709
-6.1962,-6.4165
-1.2929,-2.2545
-1.2929,-1.2161
0.18949,0.95153
6.6104,6.8503
6.6104,5.853
6.6104,6.6009
6.6104,5.6617
6.6104,6.3393
6.6104,7.3352
6.6104,7.1619
-4.5798,-5.4771
-4.5798,-5.4709
-4.5798,-4.5361
6.8503,6.6104
6.8503,5.853
6.8503,6.6009
6.8503,6.3393
-7.5922,-6.9794
-7.5922,-7.2578
-2.7138,-3.0042
-2.7138,-2.2921
-2.7138,-3.0146
-2.7138,-2.3292
-2.7138,-1.9884
-2.7138,-1.8874
-2.7138,-2.7433
-2.7138,-2.1823
-2.7138,-2.7958
-2.7138,-1.784
-3.0146,-3.0042
-3.0146,-2.7138
-3.0146,-2.3292
-3.0146,-2.7433
-3.0146,-2.1823
-3.0146,-2.7958
2.1897,1.4138
-5.4771,-4.5798
-5.4771,-5.4709
-5.4771,-4.5361
-5.4771,-6.4165
4.12,4.3236
4.12,4.2516
4.12,4.0776
4.12,3.7087
4.12,4.9882
4.12,4.371
4.12,4.571
4.12,3.7915
4.12,3.8415
4.12,3.4168
4.12,3.9245
4.12,4.8097
4.12,4.6481
4.0776,4.3236
4.0776,3.8603
4.0776,4.2516
4.0776,4.12
4.0776,3.7087
4.0776,3.6218
4.0776,4.371
4.0776,4.571
4.0776,3.7915
4.0776,3.8415
4.0776,3.4168
4.0776,3.9245
4.0776,4.8097
4.0776,3.1427
4.0776,4.7952
4.0776,4.6481
5.9232,6.3375
5.9232,6.1685
5.9232,5.3272
5.9232,6.2711
5.9232,5.5354
5.9232,6.5588
-0.84482,-1.6712
-0.84482,-0.94491
-0.84482,-1.7587
-0.84482,-0.83481
-0.84482,-1.3695
5.853,6.6104
5.853,6.8503
5.853,6.6009
5.853,5.6617
5.853,5.8755
5.853,6.3393
1.6468,1.5508
1.6468,2.5476
1.6468,2.1155
1.6468,1.9358
8.081,7.2645
-3.5566,-2.6456
-3.5566,-4.2902
-3.5566,-3.6605
-3.5566,-4.4607
4.8246,4.749
4.8246,5.6617
4.8246,4.0322
4.8246,4.7707
-2.2545,-1.2929
-4.9351,-5.2053
-4.9351,-4.2902
-4.9351,-4.4607
-7.2762,-7.8423
-7.2762,-7.8293
-7.2762,-6.9595
6.6009,6.6104
6.6009,6.8503
6.6009,5.853
6.6009,5.8755
-1.406,-1.7023
-1.406,-1.7704
-1.406,-0.94491
-1.406,-2.0824
-1.406,-2.3387
-1.406,-1.3695
-7.5619,-7.8423
-7.5619,-8.1114
-7.5619,-6.9595
5.6617,6.6104
5.6617,5.853
5.6617,4.8246
5.6617,5.8755
5.6617,5.566
5.6617,6.3393
5.6617,4.7707
5.8755,5.853
5.8755,6.6009
5.8755,5.6617
2.1155,2.7752
2.1155,1.5508
2.1155,1.6468
2.1155,1.5216
2.1155,2.4368
3.7087,4.2516
3.7087,2.9885
3.7087,4.12
3.7087,4.0776
3.7087,3.7915
3.7087,3.8415
3.7087,3.9245
3.7087,4.6481
6.1685,7.1232
6.1685,6.4904
6.1685,6.3375
6.1685,5.9232
6.1685,5.3272
6.1685,7.0539
6.1685,5.5354
6.1685,6.5588
-3.3507,-4.2297
-3.3507,-3.7946
-3.3507,-4.2902
-3.3507,-3.6605
-3.3507,-3.8934
-3.3507,-3.1224
-3.7946,-4.2297
-3.7946,-3.3507
-3.7946,-3.5238
-3.7946,-3.8934
-3.7946,-2.8811
0.81193,1.5508
0.81193,1.5216
-1.7587,-1.6712
-1.7587,-1.7704
-1.7587,-0.84482
-1.7587,-1.4566
-1.7587,-2.5189
-1.7587,-1.3695
5.9035,6.4854
5.9035,6.1443
-2.6456,-3.5566
-2.6456,-3.1224
-5.7371,-4.8893
-5.7371,-6.0709
-3.8905,-3.0241
-3.8905,-3.7345
5.3272,5.5098
5.3272,4.5041
5.3272,5.7162
5.3272,5.9232
5.3272,6.1685
5.3272,5.2898
5.3272,5.5354
5.3272,4.3635
-3.5238,-3.7946
-3.5238,-3.4073
-3.5238,-4.3547
-3.5238,-2.8811
-4.9954,-5.2053
-4.9954,-4.8893
-4.9954,-4.2297
-4.9954,-4.2902
-4.9954,-5.1356
-2.3292,-2.2921
-2.3292,-2.561
-2.3292,-2.7138
-2.3292,-3.0146
-2.3292,-1.9884
-2.3292,-1.8874
-2.3292,-2.7433
-2.3292,-1.5788
-2.3292,-2.1823
-2.3292,-1.784
3.0657,2.9024
3.0657,3.8603
3.0657,3.6218
1.4138,1.1381
1.4138,2.1897
1.4138,0.95153
3.6218,4.3236
3.6218,3.8603
3.6218,4.2516
3.6218,4.0776
3.6218,3.0657
3.6218,4.371
3.6218,4.571
3.6218,3.4168
3.6218,4.314
3.6218,3.1427
-1.9884,-1.9742
-1.9884,-1.3817
-1.9884,-2.2921
-1.9884,-2.7138
-1.9884,-2.3292
-1.9884,-2.1823
-1.9884,-2.7958
-1.9884,-1.784
-1.9884,-1.3671
4.9882,5.1453
4.9882,4.12
4.9882,5.6314
4.9882,4.8097
4.9882,4.6481
1.4749,1.5216
1.4749,2.0895
3.8417,4.5041
3.8417,4.7754
-5.9588,-5.2053
-5.9588,-5.904
-5.9588,-6.0709
-5.9588,-5.1356
-5.9588,-6.7426
1.5216,1.5508
1.5216,2.1155
1.5216,0.81193
1.5216,1.4749
1.5216,2.4368
-8.1114,-7.8423
-8.1114,-7.5619
-8.1114,-8.6534
6.2711,5.9232
6.2711,6.5588
7.0539,7.1232
7.0539,6.4904
7.0539,6.3375
7.0539,6.1685
-1.8874,-2.561
-1.8874,-2.7138
-1.8874,-2.3292
-1.8874,-1.5788
-1.8874,-2.1823
-1.8874,-1.784
-1.8874,-1.3671
-3.0241,-3.0042
-3.0241,-2.561
-3.0241,-3.8905
-3.0241,-3.7345
-3.0241,-2.7433
-3.0241,-2.4567
5.6314,6.0371
5.6314,4.9882
5.6314,6.4122
-6.3496,-5.7688
-6.3496,-7.2199
-6.3496,-6.7936
-6.3496,-6.5432
6.4122,7.0374
6.4122,5.6314
6.4122,6.7492
-3.7345,-3.0042
-3.7345,-3.8905
-3.7345,-3.0241
-5.4709,-5.5247
-5.4709,-6.1962
-5.4709,-4.5798
-5.4709,-5.4771
-5.4709,-6.4165
-5.904,-5.2053
-5.904,-5.9588
-5.904,-5.1356
-5.904,-6.1265
-2.1775,-3.1224
3.664,2.8251
3.664,4.0322
-6.9794,-6.202
-6.9794,-7.5922
-6.9794,-6.6096
5.566,4.749
5.566,5.6617
5.566,6.3393
5.566,6.1443
-2.7433,-3.0042
-2.7433,-2.561
-2.7433,-2.7138
-2.7433,-3.0146
-2.7433,-2.3292
-2.7433,-3.0241
-2.7433,-2.1823
-2.7433,-2.4567
-6.1017,-6.6389
-6.1017,-6.5432
1.9358,2.5476
1.9358,1.6468
4.371,4.3236
4.371,3.8603
4.371,4.2516
4.371,4.12
4.371,4.0776
4.371,3.6218
4.371,4.571
4.371,3.4168
4.371,4.314
4.371,3.9245
4.371,4.7952
-1.0356,-1.5788
-1.0356,-1.8731
-4.2902,-4.2297
-4.2902,-3.5566
-4.2902,-4.9351
-4.2902,-3.3507
-4.2902,-4.9954
-4.2902,-3.6605
-4.2902,-3.8934
-4.2902,-4.4607
-4.2902,-5.1356
-1.5788,-2.3292
-1.5788,-1.8874
-1.5788,-1.0356
-1.5788,-2.1823
-1.5788,-1.3671
-7.8293,-7.8423
-7.8293,-7.2762
-7.8293,-8.6534
4.571,4.3236
4.571,5.1453
4.571,3.8603
4.571,4.2516
4.571,4.12
4.571,4.0776
4.571,3.6218
4.571,4.371
4.571,4.314
4.571,3.9245
4.571,4.8097
4.571,4.7952
7.4622,7.0374
7.4622,6.7492
-2.1823,-2.561
-2.1823,-2.7138
-2.1823,-3.0146
-2.1823,-2.3292
-2.1823,-1.9884
-2.1823,-1.8874
-2.1823,-2.7433
-2.1823,-1.5788
-2.1823,-1.784
-2.1823,-2.4567
6.3393,6.6104
6.3393,6.8503
6.3393,5.853
6.3393,5.6617
6.3393,5.566
6.3393,6.1443
6.3393,7.1619
-1.2161,-1.7023
-1.2161,-1.2929
-1.2161,-0.80515
-2.7958,-2.2921
-2.7958,-2.7138
-2.7958,-3.0146
-2.7958,-1.9884
-5.7123,-6.6096
-1.8731,-2.561
-1.8731,-1.0356
-1.8731,-2.4567
5.2898,5.5098
5.2898,4.5041
5.2898,5.7162
5.2898,5.3272
5.2898,4.7754
5.2898,5.5354
3.7915,4.3236
3.7915,4.2516
3.7915,2.9885
3.7915,4.12
3.7915,4.0776
3.7915,3.7087
3.7915,3.8415
3.7915,3.4168
3.7915,3.9245
3.7915,3.1427
3.7915,4.6481
-3.6605,-3.5566
-3.6605,-3.3507
-3.6605,-4.2902
-3.6605,-3.8934
-3.6605,-4.4607
-3.8934,-4.2297
-3.8934,-3.3507
-3.8934,-3.7946
-3.8934,-4.2902
-3.8934,-3.6605
-3.8934,-3.1224
2.4368,2.7752
2.4368,2.8251
2.4368,2.1155
2.4368,1.5216
2.4368,3.2664
2.4368,2.0895
-6.9595,-7.8423
-6.9595,-7.2762
-6.9595,-7.5619
-6.9595,-6.4895
-6.6096,-6.9794
-6.6096,-5.7123
-6.6096,-7.2578
-6.6096,-6.1265
3.8415,4.12
3.8415,4.0776
3.8415,3.7087
3.8415,3.7915
3.8415,3.9245
3.8415,4.6481
3.4168,4.3236
3.4168,3.8603
3.4168,4.2516
3.4168,2.9885
3.4168,4.12
3.4168,4.0776
3.4168,3.6218
3.4168,4.371
3.4168,3.7915
3.4168,3.9245
3.4168,3.1427
-1.4566,-1.6712
-1.4566,-1.7587
-1.4566,-0.83481
-1.4566,-1.3695
-2.0824,-1.7023
-2.0824,-1.7704
-2.0824,-1.406
-2.0824,-2.3387
-2.0824,-2.9789
4.0322,4.8246
4.0322,3.664
4.0322,3.2664
4.0322,4.7707
4.0322,3.6303
4.314,3.8603
4.314,3.6218
4.314,4.371
4.314,4.571
4.314,4.7952
-3.1224,-3.3507
-3.1224,-2.6456
-3.1224,-2.1775
-3.1224,-3.8934
-8.6534,-7.8423
-8.6534,-8.1114
-8.6534,-7.8293
-3.4073,-3.5238
-4.3547,-4.8893
-4.3547,-3.5238
-0.80515,-1.7023
-0.80515,-0.94491
-0.80515,-1.2161
-7.2578,-6.8982
-7.2578,-7.5922
-7.2578,-6.6096
-1.073,-1.3817
-2.5189,-1.6712
-2.5189,-1.7587
-2.5189,-2.3387
3.9245,4.3236
3.9245,4.2516
3.9245,2.9885
3.9245,4.12
3.9245,4.0776
3.9245,3.7087
3.9245,4.371
3.9245,4.571
3.9245,3.7915
3.9245,3.8415
3.9245,3.4168
3.9245,4.8097
3.9245,3.1427
3.9245,4.6481
4.7754,5.5098
4.7754,4.5041
4.7754,3.8417
4.7754,5.2898
4.8097,4.3236
4.8097,5.1453
4.8097,4.2516
4.8097,4.12
4.8097,4.0776
4.8097,4.9882
4.8097,4.571
4.8097,3.9245
4.8097,4.6481
-4.4607,-5.2053
-4.4607,-4.2297
-4.4607,-3.5566
-4.4607,-4.9351
-4.4607,-4.2902
-4.4607,-3.6605
5.5354,5.5098
5.5354,5.7162
5.5354,6.3375
5.5354,5.9232
5.5354,6.1685
5.5354,5.3272
5.5354,5.2898
6.1443,6.4854
6.1443,5.9035
6.1443,5.566
6.1443,6.3393
3.2664,2.8251
3.2664,2.4368
3.2664,4.0322
3.2664,3.6303
6.5588,7.1232
6.5588,5.9232
6.5588,6.1685
6.5588,6.2711
6.5588,7.403
-1.784,-1.3817
-1.784,-2.2921
-1.784,-2.7138
-1.784,-2.3292
-1.784,-1.9884
-1.784,-1.8874
-1.784,-2.1823
-1.784,-1.3671
-6.0709,-5.7371
-6.0709,-5.9588
-6.0709,-6.7426
-6.0709,-6.753
3.1427,2.9885
3.1427,4.0776
3.1427,3.6218
3.1427,3.7915
3.1427,3.4168
3.1427,3.9245
-7.2199,-6.3496
-7.2199,-6.7936
-0.83481,-0.84482
-0.83481,-1.4566
-0.83481,-1.3695
7.3352,6.6104
7.3352,7.1619
-4.5361,-4.5798
-4.5361,-5.4771
-6.7936,-6.3496
-6.7936,-7.2199
-6.7936,-6.5432
4.7952,4.3236
4.7952,5.1453
4.7952,3.8603
4.7952,4.2516
4.7952,4.0776
4.7952,4.371
4.7952,4.571
4.7952,4.314
7.403,7.1232
7.403,6.5588
-6.4895,-6.9595
4.7707,4.749
4.7707,4.8246
4.7707,5.6617
4.7707,4.0322
-6.4165,-6.1962
-6.4165,-5.4771
-6.4165,-5.4709
-5.1356,-5.2053
-5.1356,-4.2297
-5.1356,-4.9954
-5.1356,-5.9588
-5.1356,-5.904
-5.1356,-4.2902
-6.1265,-6.8982
-6.1265,-5.904
-6.1265,-6.6096
-6.7426,-5.9588
-6.7426,-6.0709
-2.3387,-1.7704
-2.3387,-1.406
-2.3387,-2.0824
-2.3387,-2.5189
6.7492,6.4122
6.7492,7.4622
-2.9789,-2.0824
-6.753,-6.0709
0.82964,-0.13556
0.82964,1.8292
0.82964,0.95153
0.82964,1.0217
2.0895,2.8251
2.0895,1.4749
2.0895,2.4368
4.6481,5.1453
4.6481,4.12
4.6481,4.0776
4.6481,3.7087
4.6481,4.9882
4.6481,3.7915
4.6481,3.8415
4.6481,3.9245
4.6481,4.8097
-1.3671,-1.3817
-1.3671,-1.9884
-1.3671,-1.8874
-1.3671,-1.5788
-1.3671,-1.784
4.3635,4.5041
4.3635,5.3272
-1.3695,-1.6712
-1.3695,-1.7704
-1.3695,-0.84482
-1.3695,-1.406
-1.3695,-1.7587
-1.3695,-1.4566
-1.3695,-0.83481
-6.5432,-5.7688
-6.5432,-6.3496
-6.5432,-6.1017
-6.5432,-6.7936
-2.8811,-3.7946
-2.8811,-3.5238
3.6303,4.0322
3.6303,3.2664
9.0847,8.4245
0.95153,1.8292
0.95153,0.18949
0.95153,1.4138
0.95153,0.82964
-2.4567,-3.0042
-2.4567,-2.561
-2.4567,-3.0241
-2.4567,-2.7433
-2.4567,-2.1823
-2.4567,-1.8731
7.1619,6.4854
7.1619,6.6104
7.1619,6.3393
7.1619,7.3352
1.0217,0.82964
