4.7635,5.5619
4.7635,5.1916
4.7635,4.4155
4.7635,5.1274
4.7635,4.9427
4.7635,5.2218
-2.4285,-2.2571
-2.4285,-2.4888
-2.4285,-1.8683
-2.4285,-2.1118
-2.4285,-3.2306
-2.4285,-1.5224
-2.4285,-2.3623
-2.4285,-2.7732
-6.2036,-5.3802
-6.2036,-5.9221
-3.5679,-4.0264
-3.5679,-4.2053
-3.5679,-2.7473
-3.5679,-3.1583
-3.5679,-2.9333
-3.5679,-2.6928
-3.5679,-3.2893
-3.941,-4.4204
-3.941,-4.1486
-3.941,-3.2668
-3.941,-4.0769
-3.941,-3.1754
-3.941,-4.7894
-3.941,-4.3833
-3.941,-4.0719
-3.941,-4.1694
4.7637,4.053
4.7637,4.2618
4.7637,4.4935
4.7637,3.9599
3.7398,4.053
3.7398,3.1997
3.7398,3.831
3.7398,4.2618
3.7398,2.9536
3.7398,3.4494
3.7398,4.4935
3.7398,2.8024
3.7398,3.4439
3.7398,3.9599
3.7398,2.985
-4.0264,-3.5679
-4.0264,-4.2053
-4.0264,-3.5978
-4.0264,-3.2646
-4.0264,-3.1583
-4.0264,-4.8803
5.9195,5.1643
5.9195,5.8975
5.9195,5.1743
5.9195,5.009
5.9195,5.6142
5.9195,6.4603
4.053,4.7637
4.053,3.7398
4.053,3.4494
4.053,4.4935
4.053,3.4439
4.053,3.9599
4.053,3.504
6.1056,5.626
6.1056,5.2754
6.1056,6.3869
6.1056,5.6142
6.1056,6.4603
-5.9937,-6.4996
-5.9937,-5.9221
-5.9937,-5.6144
-5.9937,-5.4791
-5.9937,-5.2243
-2.2571,-2.4285
-2.2571,-2.4888
-2.2571,-1.7447
-2.2571,-1.8683
-2.2571,-2.1118
-2.2571,-1.5224
-2.2571,-2.0258
-2.2571,-1.3883
-2.2571,-2.9333
-2.2571,-2.6928
-2.2571,-2.7732
-2.1003,-2.4376
-2.1003,-2.7397
-2.1003,-2.557
-2.1003,-1.9561
-2.9364,-2.2746
-2.9364,-3.2052
-2.9364,-2.8421
5.1701,5.2821
5.1701,5.1643
5.1701,5.8975
5.1701,4.4041
5.1701,4.6925
5.1701,5.5885
5.1701,4.9315
5.1701,4.8347
5.1701,4.5347
5.1701,5.0996
5.1701,4.6033
5.1701,5.009
3.1997,3.7398
3.1997,3.831
3.1997,3.0139
3.1997,3.7089
3.1997,2.3503
3.1997,3.4494
3.1997,2.8024
3.1997,3.4439
3.1997,3.9599
3.1997,2.7719
3.1997,2.985
3.831,3.7398
3.831,3.1997
3.831,4.2618
3.831,3.0139
3.831,3.7089
3.831,3.4494
3.831,4.4935
3.831,3.8178
3.831,3.4439
3.831,3.9599
3.831,2.985
3.831,4.1004
-2.4376,-2.1003
-2.4376,-3.1823
-2.4376,-2.5266
-2.4376,-3.0644
-2.4376,-2.8091
-2.4376,-2.7397
-2.4376,-2.2888
-2.4376,-1.9561
-4.4124,-4.2053
-4.4124,-4.8628
-4.4124,-5.0636
-4.2053,-3.5679
-4.2053,-4.0264
-4.2053,-4.4124
-4.2053,-4.8628
-4.2053,-3.2893
-6.082,-5.8491
-6.082,-5.4242
-6.082,-6.2316
-6.082,-6.0642
-6.082,-5.2071
-6.082,-5.8542
-6.082,-5.7895
-6.082,-6.0553
-6.082,-5.2225
-6.082,-6.8164
-6.082,-5.5634
-5.8491,-6.082
-5.8491,-6.2316
-5.8491,-5.0167
-5.8491,-6.0642
-5.8491,-5.2071
-5.8491,-5.7895
-5.8491,-4.9625
-5.8491,-5.1658
-5.8491,-5.7045
-5.8491,-6.0553
-5.8491,-5.2225
5.2821,5.1701
5.2821,5.8742
5.2821,5.2812
5.2821,5.5619
5.2821,5.5885
5.2821,4.5357
5.2821,4.3909
5.2821,4.8347
5.2821,5.0516
5.2821,5.0996
5.2821,5.6319
5.2821,4.8266
-2.2746,-2.9364
-2.2746,-2.4603
-2.2746,-2.07
-2.7473,-3.5679
-2.7473,-3.1583
-2.7473,-2.0258
-2.7473,-2.9333
-2.7473,-2.6928
-2.7473,-2.4156
-2.7473,-3.2893
-2.7473,-2.2113
3.8519,4.1646
3.8519,4.4041
3.8519,4.6925
3.8519,4.0468
3.8519,3.9183
3.8519,4.5347
3.8519,4.6033
-8.2544,-9.08
4.2618,4.7637
4.2618,3.7398
4.2618,3.831
4.2618,3.7089
4.2618,4.9481
4.2618,4.4935
4.2618,3.8178
4.2618,3.4439
4.2618,3.9599
4.2618,4.1004
-5.4242,-6.082
-5.4242,-4.5711
-5.4242,-5.0109
-5.4242,-4.9096
-5.4242,-5.2071
-5.4242,-5.8542
-5.4242,-5.7895
-5.4242,-4.7894
-5.4242,-6.0553
-5.4242,-5.9993
-5.4242,-5.015
-5.4242,-5.2225
-5.4242,-5.5634
5.1643,5.9195
5.1643,5.1701
5.1643,4.1646
5.1643,5.8975
5.1643,4.6925
5.1643,5.5885
5.1643,4.9315
5.1643,5.1743
5.1643,4.8347
5.1643,4.5347
5.1643,5.0996
5.1643,4.6033
5.1643,5.009
5.1643,5.6142
2.606,2.5492
2.606,3.4088
-3.2052,-2.9364
-3.2052,-3.4802
-3.2052,-2.8421
-3.2052,-3.0772
-3.2052,-3.7581
-3.2052,-2.4603
7.201,6.5847
5.1557,5.8674
5.1557,5.4997
5.1557,5.4543
5.1557,5.9323
5.1557,5.1274
4.1646,3.8519
4.1646,5.1643
4.1646,4.6925
4.1646,4.9315
4.1646,4.4232
4.1646,3.9183
4.1646,4.5347
4.1646,4.6033
4.1646,5.009
5.8674,5.1557
5.8674,5.4543
5.8674,5.9323
5.8674,6.5847
5.8674,6.3424
5.8742,5.2821
5.8742,5.5885
5.8742,5.0516
5.8742,5.0996
5.8742,5.6319
-4.5711,-5.4242
-4.5711,-4.1486
-4.5711,-5.0109
-4.5711,-4.9096
-4.5711,-4.0777
-4.5711,-4.7894
-4.5711,-4.3833
-4.5711,-4.1694
-4.5711,-5.015
-4.5711,-5.5634
3.0139,3.1997
3.0139,3.831
3.0139,3.7089
3.0139,2.1985
3.0139,3.1438
3.0139,3.8178
3.0139,3.4439
3.0139,2.7719
3.0139,2.985
-3.1823,-2.4376
-3.1823,-3.0644
-3.1823,-3.1
-3.1823,-3.6457
-3.1823,-2.7397
5.8975,5.9195
5.8975,5.1701
5.8975,5.1643
5.8975,5.5885
5.8975,5.0996
2.5492,2.606
2.5492,3.4088
2.5492,2.7582
2.5492,1.7469
2.5492,1.6109
5.626,6.1056
5.626,5.2754
5.626,6.3869
5.626,5.1743
5.626,4.8629
-4.4204,-3.941
-4.4204,-5.0167
-4.4204,-4.0769
-4.4204,-4.9625
-4.4204,-4.6936
-4.4204,-5.1658
-4.4204,-4.7894
-4.4204,-4.0719
-6.4996,-5.9937
-6.4996,-5.9221
-2.4888,-2.4285
-2.4888,-2.2571
-2.4888,-1.7447
-2.4888,-1.8683
-2.4888,-3.2646
-2.4888,-2.1118
-2.4888,-3.1583
-2.4888,-2.0258
-2.4888,-2.9333
-2.4888,-2.6928
-2.4888,-2.7732
1.1004,1.7469
1.1004,1.9354
5.5619,4.7635
5.5619,6.3011
5.5619,5.2812
5.5619,5.1916
5.5619,5.5619
5.5619,6.1345
5.5619,4.9427
5.5619,6.2893
5.5619,5.2218
5.5619,5.8104
-3.5978,-4.0264
-3.5978,-3.2646
-3.5978,-3.2306
-3.5978,-3.1583
-3.5978,-2.9333
-3.5978,-2.7732
6.3011,5.5619
6.3011,5.5619
6.3011,6.1345
-6.2316,-6.082
-6.2316,-5.8491
-6.2316,-6.0642
-6.2316,-5.7895
-6.2316,-5.7045
-6.2316,-7.0095
-6.2316,-6.0553
-3.9262,-3.4802
-3.9262,-3.0772
-3.9262,-3.6457
-3.9262,-3.7581
-2.5266,-2.4376
-2.5266,-3.0644
-2.5266,-3.4802
-2.5266,-2.8421
-2.5266,-3.0772
-2.5266,-2.8091
-2.5266,-2.7397
-2.5266,-2.2888
-2.5266,-1.8214
-2.5266,-2.4603
-2.5266,-1.9561
3.4088,2.606
3.4088,2.5492
3.4088,2.7582
-4.8628,-4.4124
-4.8628,-4.2053
-4.8628,-5.4791
-4.8628,-4.8803
-4.8628,-5.2243
3.7089,3.1997
3.7089,3.831
3.7089,4.2618
3.7089,3.0139
3.7089,3.1438
3.7089,3.8178
3.7089,3.4439
3.7089,2.7719
3.7089,2.985
3.7089,4.1004
3.7089,4.317
2.3503,3.1997
2.3503,2.1985
2.3503,2.9536
2.3503,2.8024
2.3503,2.985
5.2754,6.1056
5.2754,5.626
5.2754,5.1743
5.2754,4.8629
-1.7447,-2.2571
-1.7447,-2.4888
-1.7447,-1.089
-1.7447,-2.1118
-1.7447,-1.5224
-1.7447,-2.0258
-1.7447,-1.4783
-1.7447,-1.3883
-1.7447,-2.6928
-1.7447,-2.4156
5.2812,5.2821
5.2812,5.5619
5.2812,5.5619
5.2812,4.4155
5.2812,5.0516
5.2812,4.9427
5.2812,5.6319
5.2812,5.2218
5.2812,4.8266
-5.3802,-6.2036
-5.3802,-5.9221
-5.3802,-5.4791
-5.3802,-4.8803
4.4041,5.1701
4.4041,3.8519
4.4041,4.5357
4.4041,4.0468
4.4041,4.3909
4.4041,4.8347
4.4041,4.5347
4.4041,5.0996
4.4041,4.6033
4.4041,4.8266
4.4041,3.896
6.5757,6.5847
-5.0167,-5.8491
-5.0167,-4.4204
-5.0167,-4.0769
-5.0167,-5.2071
-5.0167,-4.9625
-5.0167,-4.6936
-5.0167,-5.1658
-5.0167,-4.7894
-5.0167,-5.7045
-5.0167,-4.0719
-5.0167,-5.015
-5.0167,-5.2225
5.1916,4.7635
5.1916,5.5619
5.1916,6.1345
5.1916,5.4997
5.1916,5.1274
5.1916,5.2218
5.1916,5.8104
-1.8683,-2.4285
-1.8683,-2.2571
-1.8683,-2.4888
-1.8683,-1.5224
-1.8683,-1.3883
-1.8683,-2.3623
-6.0642,-6.082
-6.0642,-5.8491
-6.0642,-6.2316
-6.0642,-5.2071
-6.0642,-5.8542
-6.0642,-5.7895
-6.0642,-5.7045
-6.0642,-7.0095
-6.0642,-6.0553
-6.0642,-5.2225
5.5619,5.2821
5.5619,5.5619
5.5619,6.3011
5.5619,5.2812
5.5619,5.0516
5.5619,4.9427
5.5619,5.6319
5.5619,5.2218
-6.6842,-5.8542
-6.6842,-6.0553
-6.6842,-5.9993
-6.6842,-6.8164
-3.2646,-4.0264
-3.2646,-2.4888
-3.2646,-3.5978
-3.2646,-3.2306
-3.2646,-3.1583
-3.2646,-2.9333
-3.2646,-2.6928
-3.2646,-2.7732
-9.1856,-9.9373
-9.1856,-8.3849
-9.1856,-9.08
-9.1856,-9.3188
-1.089,-1.7447
-1.089,-1.5224
-1.089,-1.4783
-1.089,-1.3883
6.1345,5.5619
6.1345,6.3011
6.1345,5.1916
6.1345,6.2893
6.1345,5.2218
6.1345,5.8104
4.6925,5.1701
4.6925,3.8519
4.6925,5.1643
4.6925,4.1646
4.6925,4.9315
4.6925,4.4232
4.6925,3.9183
4.6925,5.1743
4.6925,4.5347
4.6925,4.6033
4.6925,5.009
4.6925,4.8629
5.5885,5.1701
5.5885,5.2821
5.5885,5.1643
5.5885,5.8742
5.5885,5.8975
5.5885,4.9315
5.5885,4.8347
5.5885,5.0996
5.5885,4.6033
5.5885,5.6319
4.5357,5.2821
4.5357,4.4041
4.5357,4.0468
4.5357,4.3909
4.5357,4.8347
4.5357,5.0516
4.5357,5.0996
4.5357,4.6033
4.5357,4.8266
4.5357,3.896
2.1985,3.0139
2.1985,2.3503
2.1985,2.8024
2.1985,2.7719
2.1985,2.985
4.9315,5.1701
4.9315,5.1643
4.9315,4.1646
4.9315,4.6925
4.9315,5.5885
4.9315,4.8347
4.9315,4.5347
4.9315,5.0996
4.9315,4.6033
4.9315,5.009
4.9315,5.6142
-4.1486,-3.941
-4.1486,-4.5711
-4.1486,-3.2668
-4.1486,-4.0769
-4.1486,-4.9096
-4.1486,-4.0777
-4.1486,-3.1754
-4.1486,-4.9625
-4.1486,-4.7894
-4.1486,-4.3833
-4.1486,-4.0719
-4.1486,-4.1694
-4.1486,-5.015
-3.2668,-3.941
-3.2668,-4.1486
-3.2668,-4.0777
-3.2668,-3.1754
-3.2668,-4.1694
4.0468,3.8519
4.0468,4.4041
4.0468,4.5357
4.0468,4.8347
4.0468,4.6033
4.0468,3.896
-2.1118,-2.4285
-2.1118,-2.2571
-2.1118,-2.4888
-2.1118,-1.7447
-2.1118,-1.5224
-2.1118,-2.0258
-2.1118,-1.4783
-2.1118,-1.3883
-2.1118,-2.9333
-2.1118,-2.6928
-2.1118,-2.4156
-2.1118,-2.7732
5.4997,5.1557
5.4997,5.1916
5.4997,5.9323
5.4997,5.1274
5.4997,6.3424
5.4997,6.2893
5.4997,5.8104
-4.0769,-3.941
-4.0769,-4.4204
-4.0769,-5.0167
-4.0769,-4.1486
-4.0769,-4.9625
-4.0769,-4.6936
-4.0769,-4.7894
-4.0769,-4.0719
-5.0109,-5.4242
-5.0109,-4.5711
-5.0109,-4.9096
-5.0109,-4.0777
-5.0109,-4.3833
-5.0109,-4.1694
-5.0109,-5.9993
-5.0109,-5.5634
-3.0644,-2.4376
-3.0644,-3.1823
-3.0644,-2.5266
-3.0644,-3.4802
-3.0644,-3.0772
-3.0644,-2.8091
-3.0644,-3.6457
-3.0644,-2.7397
4.4232,4.1646
4.4232,4.6925
4.4232,3.9183
4.4232,5.1743
4.4232,4.5347
4.4232,5.009
4.4232,4.8629
4.4232,4.1835
-4.9096,-5.4242
-4.9096,-4.5711
-4.9096,-4.1486
-4.9096,-5.0109
-4.9096,-5.8542
-4.9096,-4.0777
-4.9096,-4.9625
-4.9096,-4.7894
-4.9096,-4.3833
-4.9096,-4.1694
-4.9096,-5.015
-4.9096,-5.2225
-4.9096,-5.5634
-5.2071,-6.082
-5.2071,-5.8491
-5.2071,-5.4242
-5.2071,-5.0167
-5.2071,-6.0642
-5.2071,-5.8542
-5.2071,-5.7895
-5.2071,-4.9625
-5.2071,-5.1658
-5.2071,-4.7894
-5.2071,-5.7045
-5.2071,-5.015
-5.2071,-5.2225
-3.4802,-3.2052
-3.4802,-3.9262
-3.4802,-2.5266
-3.4802,-3.0644
-3.4802,-3.0772
-3.4802,-2.8091
-3.4802,-3.6457
-3.4802,-3.7581
2.9536,3.7398
2.9536,2.3503
2.9536,3.4494
2.9536,2.8024
2.9536,3.4439
2.9536,3.504
2.7582,2.5492
2.7582,3.4088
2.7582,1.9354
3.4494,3.7398
3.4494,4.053
3.4494,3.1997
3.4494,3.831
3.4494,2.9536
3.4494,2.8024
3.4494,3.4439
3.4494,3.9599
3.4494,2.985
-2.8421,-2.9364
-2.8421,-3.2052
-2.8421,-2.5266
-2.8421,-3.0772
-2.8421,-2.8091
-2.8421,-2.2888
-2.8421,-3.7581
-2.8421,-2.4603
-2.8421,-2.07
4.9481,4.2618
4.9481,5.4543
4.9481,4.4935
4.9481,4.1004
4.3909,5.2821
4.3909,4.4041
4.3909,4.5357
4.3909,4.4155
4.3909,5.0516
4.3909,4.9427
4.3909,4.8266
4.3909,3.896
3.9183,3.8519
3.9183,4.1646
3.9183,4.6925
3.9183,4.4232
3.9183,4.5347
-5.8542,-6.082
-5.8542,-5.4242
-5.8542,-6.0642
-5.8542,-6.6842
-5.8542,-4.9096
-5.8542,-5.2071
-5.8542,-5.7895
-5.8542,-6.0553
-5.8542,-5.9993
-5.8542,-5.015
-5.8542,-5.2225
-5.8542,-6.8164
-5.8542,-5.5634
-4.0777,-4.5711
-4.0777,-4.1486
-4.0777,-3.2668
-4.0777,-5.0109
-4.0777,-4.9096
-4.0777,-4.3833
-4.0777,-4.1694
-9.9373,-9.1856
-9.9373,-9.08
6.3869,6.1056
6.3869,5.626
5.1743,5.9195
5.1743,5.1643
5.1743,5.626
5.1743,5.2754
5.1743,4.6925
5.1743,4.4232
5.1743,5.009
5.1743,5.6142
5.1743,4.8629
-3.0772,-3.2052
-3.0772,-3.9262
-3.0772,-2.5266
-3.0772,-3.0644
-3.0772,-3.4802
-3.0772,-2.8421
-3.0772,-2.8091
-3.0772,-2.2888
-3.1,-3.1823
-3.1,-2.7397
-3.1,-2.557
5.4543,5.1557
5.4543,5.8674
5.4543,4.9481
-5.0636,-4.4124
-5.0636,-5.6144
-5.0636,-5.2243
5.9323,5.1557
5.9323,5.8674
5.9323,5.4997
5.9323,5.1274
5.9323,6.5847
5.9323,6.3424
5.9323,6.6041
5.9323,5.8104
-2.8091,-2.4376
-2.8091,-2.5266
-2.8091,-3.0644
-2.8091,-3.4802
-2.8091,-2.8421
-2.8091,-3.0772
-2.8091,-2.7397
-2.8091,-2.2888
-2.8091,-1.8214
-2.8091,-2.4603
-3.2306,-2.4285
-3.2306,-3.5978
-3.2306,-3.2646
-3.2306,-2.3623
-3.2306,-2.7732
-5.7895,-6.082
-5.7895,-5.8491
-5.7895,-5.4242
-5.7895,-6.2316
-5.7895,-6.0642
-5.7895,-5.2071
-5.7895,-5.8542
-5.7895,-4.9625
-5.7895,-6.0553
-5.7895,-5.9993
-5.7895,-5.015
-5.7895,-5.2225
-5.7895,-5.5634
-3.1754,-3.941
-3.1754,-4.1486
-3.1754,-3.2668
-3.1754,-4.0719
4.4155,4.7635
4.4155,5.2812
4.4155,4.3909
4.4155,4.9427
4.8347,5.1701
4.8347,5.2821
4.8347,5.1643
4.8347,4.4041
4.8347,5.5885
4.8347,4.5357
4.8347,4.9315
4.8347,4.0468
4.8347,4.5347
4.8347,5.0516
4.8347,5.0996
4.8347,4.6033
4.8347,4.8266
-4.9625,-5.8491
-4.9625,-4.4204
-4.9625,-5.0167
-4.9625,-4.1486
-4.9625,-4.0769
-4.9625,-4.9096
-4.9625,-5.2071
-4.9625,-5.7895
-4.9625,-5.1658
-4.9625,-4.7894
-4.9625,-4.3833
-4.9625,-4.0719
-4.9625,-5.015
-4.9625,-5.2225
5.1274,4.7635
5.1274,5.1557
5.1274,5.1916
5.1274,5.4997
5.1274,5.9323
5.1274,5.8104
-3.6457,-3.1823
-3.6457,-3.9262
-3.6457,-3.0644
-3.6457,-3.4802
-3.6457,-2.7397
-5.9221,-6.2036
-5.9221,-5.9937
-5.9221,-6.4996
-5.9221,-5.3802
-5.9221,-5.4791
-5.9221,-5.2243
4.5347,5.1701
4.5347,3.8519
4.5347,5.1643
4.5347,4.1646
4.5347,4.4041
4.5347,4.6925
4.5347,4.9315
4.5347,4.4232
4.5347,3.9183
4.5347,4.8347
4.5347,4.6033
4.5347,5.009
4.4935,4.7637
4.4935,3.7398
4.4935,4.053
4.4935,3.831
4.4935,4.2618
4.4935,4.9481
4.4935,3.9599
4.4935,4.1004
-2.7397,-2.1003
-2.7397,-2.4376
-2.7397,-3.1823
-2.7397,-2.5266
-2.7397,-3.0644
-2.7397,-3.1
-2.7397,-2.8091
-2.7397,-3.6457
-2.7397,-2.557
-2.7397,-1.9561
-4.6936,-4.4204
-4.6936,-5.0167
-4.6936,-4.0769
-4.6936,-5.1658
-2.2888,-2.4376
-2.2888,-2.5266
-2.2888,-2.8421
-2.2888,-3.0772
-2.2888,-2.8091
-2.2888,-1.8214
-2.2888,-2.4603
-2.2888,-2.07
-2.2888,-1.9561
2.8024,3.7398
2.8024,3.1997
2.8024,2.3503
2.8024,2.1985
2.8024,2.9536
2.8024,3.4494
2.8024,3.4439
2.8024,2.985
6.5847,7.201
6.5847,5.8674
6.5847,6.5757
6.5847,5.9323
6.5847,6.3424
-1.8214,-2.5266
-1.8214,-2.8091
-1.8214,-2.2888
-1.8214,-1.5836
-1.8214,-2.07
-1.8214,-1.9561
5.0516,5.2821
5.0516,5.8742
5.0516,5.2812
5.0516,5.5619
5.0516,4.5357
5.0516,4.3909
5.0516,4.8347
5.0516,5.0996
5.0516,4.9427
5.0516,5.6319
5.0516,4.8266
-1.5224,-2.4285
-1.5224,-2.2571
-1.5224,-1.7447
-1.5224,-1.8683
-1.5224,-1.089
-1.5224,-2.1118
-1.5224,-1.3883
-3.7581,-3.2052
-3.7581,-3.9262
-3.7581,-3.4802
-3.7581,-2.8421
-5.1658,-5.8491
-5.1658,-4.4204
-5.1658,-5.0167
-5.1658,-5.2071
-5.1658,-4.9625
-5.1658,-4.6936
-5.1658,-5.7045
-2.557,-2.1003
-2.557,-3.1
-2.557,-2.7397
5.0996,5.1701
5.0996,5.2821
5.0996,5.1643
5.0996,5.8742
5.0996,5.8975
5.0996,4.4041
5.0996,5.5885
5.0996,4.5357
5.0996,4.9315
5.0996,4.8347
5.0996,5.0516
5.0996,4.6033
5.0996,5.6319
5.0996,4.8266
3.1438,3.0139
3.1438,3.7089
3.1438,3.8178
3.1438,2.7719
-4.7894,-3.941
-4.7894,-5.4242
-4.7894,-4.5711
-4.7894,-4.4204
-4.7894,-5.0167
-4.7894,-4.1486
-4.7894,-4.0769
-4.7894,-4.9096
-4.7894,-5.2071
-4.7894,-4.9625
-4.7894,-4.3833
-4.7894,-4.0719
-4.7894,-4.1694
-4.7894,-5.015
-4.7894,-5.2225
-4.3833,-3.941
-4.3833,-4.5711
-4.3833,-4.1486
-4.3833,-5.0109
-4.3833,-4.9096
-4.3833,-4.0777
-4.3833,-4.9625
-4.3833,-4.7894
-4.3833,-4.0719
-4.3833,-4.1694
-4.3833,-5.015
-4.3833,-5.2225
4.6033,5.1701
4.6033,3.8519
4.6033,5.1643
4.6033,4.1646
4.6033,4.4041
4.6033,4.6925
4.6033,5.5885
4.6033,4.5357
4.6033,4.9315
4.6033,4.0468
4.6033,4.8347
4.6033,4.5347
4.6033,5.0996
4.6033,4.8266
-8.3849,-9.1856
-8.3849,-9.3188
-5.7045,-5.8491
-5.7045,-6.2316
-5.7045,-5.0167
-5.7045,-6.0642
-5.7045,-5.2071
-5.7045,-5.1658
3.8178,3.831
3.8178,4.2618
3.8178,3.0139
3.8178,3.7089
3.8178,3.1438
3.8178,4.1004
3.8178,4.317
3.4439,3.7398
3.4439,4.053
3.4439,3.1997
3.4439,3.831
3.4439,4.2618
3.4439,3.0139
3.4439,3.7089
3.4439,2.9536
3.4439,3.4494
3.4439,2.8024
3.4439,3.9599
3.4439,2.985
-3.1583,-3.5679
-3.1583,-4.0264
-3.1583,-2.7473
-3.1583,-2.4888
-3.1583,-3.5978
-3.1583,-3.2646
-3.1583,-2.9333
-3.1583,-2.6928
-3.1583,-2.7732
-2.0258,-2.2571
-2.0258,-2.7473
-2.0258,-2.4888
-2.0258,-1.7447
-2.0258,-2.1118
-2.0258,-1.4783
-2.0258,-1.3883
-2.0258,-2.9333
-2.0258,-2.6928
-2.0258,-2.4156
4.9427,4.7635
4.9427,5.5619
4.9427,5.2812
4.9427,5.5619
4.9427,4.3909
4.9427,4.4155
4.9427,5.0516
4.9427,5.2218
4.9427,4.8266
3.9599,4.7637
3.9599,3.7398
3.9599,4.053
3.9599,3.1997
3.9599,3.831
3.9599,4.2618
3.9599,3.4494
3.9599,4.4935
3.9599,3.4439
-4.0719,-3.941
-4.0719,-4.4204
-4.0719,-5.0167
-4.0719,-4.1486
-4.0719,-4.0769
-4.0719,-3.1754
-4.0719,-4.9625
-4.0719,-4.7894
-4.0719,-4.3833
-4.0719,-4.1694
-9.08,-8.2544
-9.08,-9.1856
-9.08,-9.9373
-1.4783,-1.7447
-1.4783,-1.089
-1.4783,-2.1118
-1.4783,-2.0258
-1.4783,-2.4156
-1.4783,-2.2113
-4.1694,-3.941
-4.1694,-4.5711
-4.1694,-4.1486
-4.1694,-3.2668
-4.1694,-5.0109
-4.1694,-4.9096
-4.1694,-4.0777
-4.1694,-4.7894
-4.1694,-4.3833
-4.1694,-4.0719
-4.1694,-5.015
-1.3883,-2.2571
-1.3883,-1.7447
-1.3883,-1.8683
-1.3883,-1.089
-1.3883,-2.1118
-1.3883,-1.5224
-1.3883,-2.0258
-7.0095,-6.2316
-7.0095,-6.0642
-7.0095,-6.8164
-1.5836,-1.8214
-1.5836,-2.4603
-1.5836,-2.07
-2.9333,-3.5679
-2.9333,-2.2571
-2.9333,-2.7473
-2.9333,-2.4888
-2.9333,-3.5978
-2.9333,-3.2646
-2.9333,-2.1118
-2.9333,-3.1583
-2.9333,-2.0258
-2.9333,-2.6928
-2.9333,-2.4156
-2.9333,-2.7732
3.504,4.053
3.504,2.9536
5.009,5.9195
5.009,5.1701
5.009,5.1643
5.009,4.1646
5.009,4.6925
5.009,4.9315
5.009,4.4232
5.009,5.1743
5.009,4.5347
5.009,5.6142
5.009,4.8629
2.7719,3.1997
2.7719,3.0139
2.7719,3.7089
2.7719,2.1985
2.7719,3.1438
2.7719,2.985
-6.0553,-6.082
-6.0553,-5.8491
-6.0553,-5.4242
-6.0553,-6.2316
-6.0553,-6.0642
-6.0553,-6.6842
-6.0553,-5.8542
-6.0553,-5.7895
-6.0553,-5.9993
-6.0553,-5.2225
-6.0553,-6.8164
-6.0553,-5.5634
5.6142,5.9195
5.6142,6.1056
5.6142,5.1643
5.6142,4.9315
5.6142,5.1743
5.6142,5.009
5.6142,4.8629
5.6142,6.4603
6.3424,5.8674
6.3424,5.4997
6.3424,5.9323
6.3424,6.5847
6.3424,6.2893
6.3424,6.6041
6.3424,5.8104
5.6319,5.2821
5.6319,5.8742
5.6319,5.2812
5.6319,5.5619
5.6319,5.5885
5.6319,5.0516
5.6319,5.0996
5.6319,4.8266
4.8629,5.626
4.8629,5.2754
4.8629,4.6925
4.8629,4.4232
4.8629,5.1743
4.8629,5.009
4.8629,5.6142
4.8629,4.1835
-2.4603,-2.2746
-2.4603,-3.2052
-2.4603,-2.5266
-2.4603,-2.8421
-2.4603,-2.8091
-2.4603,-2.2888
-2.4603,-1.5836
-2.4603,-2.07
-5.9993,-5.4242
-5.9993,-6.6842
-5.9993,-5.0109
-5.9993,-5.8542
-5.9993,-5.7895
-5.9993,-6.0553
-5.9993,-5.5634
2.985,3.7398
2.985,3.1997
2.985,3.831
2.985,3.0139
2.985,3.7089
2.985,2.3503
2.985,2.1985
2.985,3.4494
2.985,2.8024
2.985,3.4439
2.985,2.7719
-5.6144,-5.9937
-5.6144,-5.0636
-2.6928,-3.5679
-2.6928,-2.2571
-2.6928,-2.7473
-2.6928,-2.4888
-2.6928,-1.7447
-2.6928,-3.2646
-2.6928,-2.1118
-2.6928,-3.1583
-2.6928,-2.0258
-2.6928,-2.9333
-2.6928,-2.4156
-2.6928,-2.2113
6.2893,5.5619
6.2893,6.1345
6.2893,5.4997
6.2893,6.3424
6.2893,6.6041
6.2893,5.8104
-2.3623,-2.4285
-2.3623,-1.8683
-2.3623,-3.2306
-2.3623,-2.7732
-5.4791,-5.9937
-5.4791,-4.8628
-5.4791,-5.3802
-5.4791,-5.9221
-5.4791,-5.2243
4.1004,3.831
4.1004,4.2618
4.1004,3.7089
4.1004,4.9481
4.1004,4.4935
4.1004,3.8178
4.1004,4.317
6.4603,5.9195
6.4603,6.1056
6.4603,5.6142
-9.3188,-9.1856
-9.3188,-8.3849
5.2218,4.7635
5.2218,5.5619
5.2218,5.2812
5.2218,5.1916
5.2218,5.5619
5.2218,6.1345
5.2218,4.9427
5.2218,5.8104
-4.8803,-4.0264
-4.8803,-4.8628
-4.8803,-5.3802
-4.8803,-5.2243
-5.015,-5.4242
-5.015,-4.5711
-5.015,-5.0167
-5.015,-4.1486
-5.015,-4.9096
-5.015,-5.2071
-5.015,-5.8542
-5.015,-5.7895
-5.015,-4.9625
-5.015,-4.7894
-5.015,-4.3833
-5.015,-4.1694
-5.015,-5.2225
-5.015,-5.5634
-5.2225,-6.082
-5.2225,-5.8491
-5.2225,-5.4242
-5.2225,-5.0167
-5.2225,-6.0642
-5.2225,-4.9096
-5.2225,-5.2071
-5.2225,-5.8542
-5.2225,-5.7895
-5.2225,-4.9625
-5.2225,-4.7894
-5.2225,-4.3833
-5.2225,-6.0553
-5.2225,-5.015
-5.2225,-5.5634
-6.8164,-6.082
-6.8164,-6.6842
-6.8164,-5.8542
-6.8164,-7.0095
-6.8164,-6.0553
-2.4156,-2.7473
-2.4156,-1.7447
-2.4156,-2.1118
-2.4156,-2.0258
-2.4156,-1.4783
-2.4156,-2.9333
-2.4156,-2.6928
-2.4156,-2.2113
6.6041,5.9323
6.6041,6.3424
6.6041,6.2893
6.6041,5.8104
-2.7732,-2.4285
-2.7732,-2.2571
-2.7732,-2.4888
-2.7732,-3.5978
-2.7732,-3.2646
-2.7732,-2.1118
-2.7732,-3.2306
-2.7732,-3.1583
-2.7732,-2.9333
-2.7732,-2.3623
-5.5634,-6.082
-5.5634,-5.4242
-5.5634,-4.5711
-5.5634,-5.0109
-5.5634,-4.9096
-5.5634,-5.8542
-5.5634,-5.7895
-5.5634,-6.0553
-5.5634,-5.9993
-5.5634,-5.015
-5.5634,-5.2225
1.7469,2.5492
1.7469,1.1004
1.7469,1.6109
1.7469,1.9354
4.8266,5.2821
4.8266,5.2812
4.8266,4.4041
4.8266,4.5357
4.8266,4.3909
4.8266,4.8347
4.8266,5.0516
4.8266,5.0996
4.8266,4.6033
4.8266,4.9427
4.8266,5.6319
4.8266,3.896
4.317,3.7089
4.317,3.8178
4.317,4.1004
-2.07,-2.2746
-2.07,-2.8421
-2.07,-2.2888
-2.07,-1.8214
-2.07,-1.5836
-2.07,-2.4603
4.1835,4.4232
4.1835,4.8629
-3.2893,-3.5679
-3.2893,-4.2053
-3.2893,-2.7473
-5.2243,-5.9937
-5.2243,-4.8628
-5.2243,-5.0636
-5.2243,-5.9221
-5.2243,-5.4791
-5.2243,-4.8803
-2.2113,-2.7473
-2.2113,-1.4783
-2.2113,-2.6928
-2.2113,-2.4156
3.896,4.4041
3.896,4.5357
3.896,4.0468
3.896,4.3909
3.896,4.8266
1.6109,2.5492
1.6109,1.7469
-1.9561,-2.1003
-1.9561,-2.4376
-1.9561,-2.5266
-1.9561,-2.7397
-1.9561,-2.2888
-1.9561,-1.8214
5.8104,5.5619
5.8104,5.1916
5.8104,6.1345
5.8104,5.4997
5.8104,5.9323
5.8104,5.1274
5.8104,6.3424
5.8104,6.2893
5.8104,5.2218
5.8104,6.6041
1.9354,1.1004
1.9354,2.7582
1.9354,1.7469
-9.3188,-10
9.818,10
