-1.0858,-0.31147
-1.0858,-0.31216
-7.3913,-8.017
-7.3913,-6.4908
-7.3913,-7.8208
-7.3913,-6.8125
-5.8173,-6.2752
-5.8173,-5.9872
-5.8173,-5.1918
-5.8173,-5.0751
-4.9088,-5.1093
-4.9088,-4.9057
-4.9088,-4.14
-4.9088,-4.5508
-0.38676,0.55102
-0.38676,-0.28779
-5.7528,-5.9138
-5.7528,-4.9932
-5.7528,-6.6431
-5.7528,-6.3231
-7.7079,-6.8424
-6.2752,-5.8173
-6.2752,-6.9355
5.2582,4.7959
-3.3106,-3.7415
-3.3106,-3.8998
-3.3106,-2.4611
6.1139,5.3423
6.1139,6.4091
-5.9872,-5.8173
-5.9872,-5.0751
-6.6827,-7.4781
-6.6827,-7.1455
-6.6827,-6.0541
-6.6827,-6.8125
7.2395,6.6886
3.7234,4.5535
3.7234,4.238
3.7234,4.6501
3.8842,4.6626
3.8842,3.3932
3.8842,4.4416
-6.9168,-6.8424
-6.9168,-5.9556
-6.9168,-6.7259
-6.9168,-6.3231
-6.9168,-6.2224
8.062,7.8708
-3.7415,-3.3106
-3.7415,-4.3628
6.2682,6.5994
6.2682,5.522
6.2682,5.4476
6.2682,6.3427
-5.1093,-4.9088
-5.1093,-4.14
-0.067662,0.45461
-0.067662,-0.95169
0.45461,-0.067662
4.4125,4.5535
4.4125,4.7077
-7.2288,-6.4828
-7.2288,-7.8349
2.4176,1.8402
2.4176,2.3346
7.1442,6.9037
7.1442,8.1503
7.1442,6.2585
-5.9138,-5.7528
-5.9138,-5.9556
-5.9138,-4.9932
-5.9138,-6.7259
-5.9138,-6.3231
-1.1796,-1.3208
-1.1796,-0.46681
4.6626,3.8842
4.6626,4.0845
6.7181,7.4256
4.5535,3.7234
4.5535,4.4125
4.5535,4.7077
4.5535,5.4476
4.5535,4.6501
-1.1873,-0.35348
-1.1873,-1.214
3.0611,2.4306
3.0611,3.0165
0.099001,-0.31216
0.099001,0.6141
-1.3208,-1.1796
-1.3208,-0.33877
-2.8483,-2.4611
6.5994,6.2682
6.5994,6.3476
6.5994,7.0879
6.5994,6.3427
-8.0585,-7.4763
4.1828,4.7959
4.1828,3.4967
7.8708,8.062
7.8708,7.4256
4.7959,5.2582
4.7959,4.1828
4.7959,4.2655
4.7959,5.3423
3.4182,4.2727
3.4182,2.934
3.4182,2.5278
-6.8639,-7.4711
-8.017,-7.3913
6.6886,7.2395
6.6886,7.5209
6.6886,6.196
0.12687,0.95498
0.12687,-0.28526
0.12687,0.72099
0.12687,-0.26397
-6.4908,-7.3913
-6.4908,-6.8125
0.44132,-0.35348
0.44132,-0.35869
0.44132,-0.017181
1.9296,2.2171
1.9296,1.0669
5.3339,5.0482
5.3339,5.4476
5.3339,6.0486
5.3339,4.6501
5.522,6.2682
5.522,4.7077
5.522,5.4476
-7.4711,-6.8639
-7.4711,-6.9355
-5.2018,-5.4651
-5.2018,-5.9556
-5.2018,-4.9932
-5.2018,-5.217
-5.2018,-4.3628
-5.4651,-5.2018
-5.4651,-5.217
-5.4651,-6.2051
-4.8261,-3.8639
-4.8261,-4.5508
0.95498,0.12687
2.4306,3.0611
2.4306,1.8402
2.4306,3.1765
-3.4522,-4.3808
1.2842,0.55132
0.21463,-0.31147
0.21463,1.0673
0.21463,-0.26397
-7.4781,-6.6827
-7.4781,-6.8125
1.4097,0.59922
1.4097,1.5166
4.2727,3.4182
-0.35348,-1.1873
-0.35348,0.44132
-0.35348,-0.28526
-0.35348,-1.214
-0.35348,-0.35869
-0.35348,-0.017181
-2.7652,-1.9313
-2.7652,-2.5364
-5.6743,-4.9057
6.1187,6.9037
-8.1801,-7.8349
-0.86153,-1.7944
-0.86153,-0.28526
-0.86153,-1.214
-0.86153,-0.26397
4.1183,4.9866
4.1183,4.0845
3.4967,4.1828
3.4967,4.2655
1.8402,2.4176
1.8402,2.4306
-3.8998,-3.3106
4.2655,4.7959
4.2655,3.4967
4.2655,4.4416
-1.0188,-1.2237
2.3346,2.4176
-4.9057,-4.9088
-4.9057,-5.6743
-4.9057,-4.5508
-1.7944,-0.86153
-1.7944,-1.214
0.86582,0.22744
-1.9313,-2.7652
-1.9313,-1.7724
7.685,7.0574
5.3423,6.1139
5.3423,4.7959
-2.3408,-3.0678
0.99544,0.54386
0.99544,0.55132
5.0482,5.3339
-6.8424,-7.7079
-6.8424,-6.9168
-6.8424,-6.2051
-6.8424,-6.2224
7.4256,6.7181
7.4256,7.8708
7.4256,7.1637
7.4256,8.1193
-5.9556,-6.9168
-5.9556,-5.9138
-5.9556,-5.2018
-5.9556,-5.217
-5.9556,-6.3231
-5.9556,-6.2224
4.7077,4.4125
4.7077,4.5535
4.7077,5.522
4.7077,4.6501
-4.9932,-5.7528
-4.9932,-5.9138
-4.9932,-5.2018
0.55102,-0.38676
0.55102,1.2845
4.9866,4.1183
4.9866,4.0845
-0.34106,-0.95169
-0.28779,-0.38676
-0.28779,-1.2237
6.9037,7.1442
6.9037,6.1187
6.9037,6.2585
6.9037,7.6143
5.2265,5.2859
7.1737,6.9938
7.1737,7.3769
6.4091,6.1139
5.4476,6.2682
5.4476,4.5535
5.4476,5.3339
5.4476,5.522
5.4476,4.6501
5.4476,6.3427
7.5102,7.0574
-2.5364,-2.7652
-2.5364,-1.7724
7.0574,7.685
7.0574,7.5102
7.0574,6.3427
-6.9355,-6.2752
-6.9355,-7.4711
0.59922,1.4097
-0.31147,-1.0858
-0.31147,0.21463
-0.31147,-0.31216
3.0165,3.0611
3.0165,3.3932
2.934,3.4182
2.934,2.2171
-0.28526,0.12687
-0.28526,-0.35348
-0.28526,-0.86153
-0.28526,0.72099
-0.28526,-1.214
-0.28526,-0.017181
6.0486,5.3339
6.0486,6.3427
-5.1918,-5.8173
3.1765,2.4306
-5.217,-5.2018
-5.217,-5.4651
-5.217,-5.9556
-5.217,-4.3628
7.5209,6.6886
7.5209,7.0879
0.54386,0.99544
0.54386,-0.33877
6.3476,6.5994
6.3476,6.196
6.3476,7.0879
8.1503,7.1442
-6.7259,-6.9168
-6.7259,-5.9138
-6.7259,-6.6431
-6.7259,-6.3231
6.196,6.6886
6.196,6.3476
6.196,5.3829
0.72099,0.12687
0.72099,-0.28526
0.72099,-0.017181
-7.1455,-6.6827
-7.1455,-6.4828
4.238,3.7234
4.238,4.6501
2.5278,3.4182
2.5278,2.2171
-7.4763,-8.0585
7.0879,6.5994
7.0879,7.5209
7.0879,6.3476
3.3932,3.8842
3.3932,3.0165
3.3932,4.0845
-2.0401,-2.4611
-2.0401,-2.538
0.55132,1.2842
0.55132,0.99544
-0.46681,-1.1796
-0.46681,-0.33877
1.2845,0.55102
6.2585,7.1442
6.2585,6.9037
2.2171,1.9296
2.2171,2.934
2.2171,2.5278
2.2171,1.5166
-2.4611,-3.3106
-2.4611,-2.8483
-2.4611,-2.0401
-6.2051,-5.4651
-6.2051,-6.8424
-6.2051,-6.2224
-3.8167,-3.8639
-3.8167,-4.5508
-6.4828,-7.2288
-6.4828,-7.1455
1.0673,0.21463
1.0673,0.6141
-6.6431,-5.7528
-6.6431,-6.7259
-6.6431,-6.3231
0.22744,0.86582
7.6143,6.9037
-3.7122,-3.0678
-3.7122,-3.2227
-3.0678,-2.3408
-3.0678,-3.7122
-7.8349,-7.2288
-7.8349,-8.1801
1.0669,1.9296
1.0669,1.5166
-4.14,-4.9088
-4.14,-5.1093
-6.3231,-5.7528
-6.3231,-6.9168
-6.3231,-5.9138
-6.3231,-5.9556
-6.3231,-6.7259
-6.3231,-6.6431
-6.3231,-6.2224
4.0845,4.6626
4.0845,4.1183
4.0845,4.9866
4.0845,3.3932
-4.3628,-3.7415
-4.3628,-5.2018
-4.3628,-5.217
4.4416,3.8842
4.4416,4.2655
-1.214,-1.1873
-1.214,-0.35348
-1.214,-0.86153
-1.214,-1.7944
-1.214,-0.28526
-0.31216,-1.0858
-0.31216,0.099001
-0.31216,-0.31147
-0.31216,0.6141
6.9938,7.1737
4.6501,3.7234
4.6501,4.5535
4.6501,5.3339
4.6501,4.7077
4.6501,5.4476
4.6501,4.238
-0.95169,-0.067662
-0.95169,-0.34106
-0.95169,-1.0287
-6.2224,-6.9168
-6.2224,-6.8424
-6.2224,-5.9556
-6.2224,-6.2051
-6.2224,-6.3231
-3.5615,-4.4804
-3.8639,-4.8261
-3.8639,-3.8167
-3.8639,-4.5508
-0.35869,0.44132
-0.35869,-0.35348
-0.35869,-0.017181
-7.8208,-7.3913
-5.0751,-5.8173
-5.0751,-5.9872
7.3769,7.1737
5.2859,5.2265
-0.26397,0.12687
-0.26397,0.21463
-0.26397,-0.86153
-0.33877,-1.3208
-0.33877,0.54386
-0.33877,-0.46681
1.5166,1.4097
1.5166,2.2171
1.5166,1.0669
-1.0287,-0.95169
-1.0287,-1.7724
-6.0541,-6.6827
-6.0541,-6.8125
-4.3808,-3.4522
-6.8125,-7.3913
-6.8125,-6.6827
-6.8125,-6.4908
-6.8125,-7.4781
-6.8125,-6.0541
-1.7724,-1.9313
-1.7724,-2.5364
-1.7724,-1.0287
-1.2237,-1.0188
-1.2237,-0.28779
-2.538,-2.0401
5.3829,6.196
-4.5508,-4.9088
-4.5508,-4.8261
-4.5508,-4.9057
-4.5508,-3.8167
-4.5508,-3.8639
-4.4804,-3.5615
-3.2227,-3.7122
0.6141,0.099001
0.6141,1.0673
0.6141,-0.31216
7.1637,7.4256
6.3427,6.2682
6.3427,6.5994
6.3427,5.4476
6.3427,7.0574
6.3427,6.0486
-0.017181,0.44132
-0.017181,-0.35348
-0.017181,-0.28526
-0.017181,0.72099
-0.017181,-0.35869
8.1193,7.4256
