-0.22803,-0.15589
-0.22803,0.33609
-7.8969,-7.6687
-7.8969,-7.9329
-7.8969,-7.2125
-6.1608,-6.5296
-6.1608,-5.3245
-6.1608,-5.4993
-4.5568,-5.0624
-4.5568,-3.8539
-4.5568,-4.792
-0.85882,-0.070764
-5.8418,-6.1886
-5.8418,-5.3835
-5.8418,-6.1189
-5.8418,-5.7784
-5.8418,-6.3543
-5.8418,-6.5899
-5.8418,-5.3377
-6.2845,-6.7835
-6.2845,-5.406
-6.2845,-6.4703
-6.2845,-5.7784
-6.2845,-5.8886
-7.1211,-6.5983
-7.1211,-7.3163
-7.1211,-7.7109
-7.1211,-7.3735
-7.1211,-7.1615
6.2257,6.1996
6.2257,5.607
6.2257,5.8597
6.2257,7.1194
-4.5509,-5.3835
-4.5509,-5.0531
-4.5509,-5.2113
-4.5509,-3.6129
-4.5509,-4.3879
6.1996,6.2257
6.1996,5.607
6.1996,7.1261
-6.5296,-6.1608
-6.5296,-6.5983
-6.5296,-7.1615
-6.5779,-5.7343
-6.5779,-7.4202
-6.5779,-6.5361
-6.5779,-6.9279
7.5875,7.1661
3.5064,3.7747
3.5064,4.3601
3.5064,4.2895
4.1958,4.6232
4.1958,4.4395
-6.7835,-6.2845
-6.7835,-6.1886
-6.7835,-6.1189
-6.7835,-5.7784
-6.7835,-6.5899
-6.7835,-5.8886
-4.3274,-5.0531
6.2354,6.2445
6.2354,5.272
6.2354,5.5153
6.2354,6.0342
6.2354,5.8263
6.2354,5.4984
6.2354,6.5374
6.2354,6.0543
-3.8059,-3.608
-3.8059,-4.4812
-5.5,-5.7343
-5.5,-4.792
0.27666,0.79257
0.27666,-0.01392
0.79257,0.27666
0.79257,1.2873
0.79257,-0.01392
0.79257,1.4748
2.0138,1.5932
2.0138,1.086
3.7747,3.5064
3.7747,4.3601
3.7747,4.731
3.7747,4.623
-6.8207,-7.4202
-6.8207,-6.5361
2.061,2.7668
7.4786,6.8512
7.4786,7.1488
7.4786,8.2113
-6.1886,-5.8418
-6.1886,-6.7835
-6.1886,-6.1189
-6.1886,-5.7784
-6.1886,-6.3543
-6.1886,-6.5899
-6.1886,-5.3377
-1.7737,-1.9997
-1.7737,-1.0017
5.4229,5.7719
5.4229,4.6232
6.3214,6.7857
6.3214,7.1811
4.3601,3.5064
4.3601,3.7747
4.3601,5.1627
4.3601,5.272
4.3601,4.731
4.3601,4.2895
4.3601,4.5714
4.3601,4.623
-3.1088,-4.0269
-3.1088,-3.4383
-1.0994,-0.56612
-1.0994,-0.89999
-1.0994,-0.23579
2.3386,2.7668
2.3386,1.8547
2.3386,2.9291
2.3386,1.5932
-4.2474,-3.4383
0.42086,-0.0027729
0.42086,1.086
-0.58027,-1.1904
-0.58027,-0.28686
-0.58027,-0.039604
-0.58027,-1.0017
-3.1844,-4.1124
-3.1844,-3.3427
-3.1844,-3.6129
6.2445,6.2354
6.2445,5.5153
6.2445,6.9768
6.2445,6.0342
6.2445,6.0543
7.9126,7.4366
7.9126,8.0783
5.607,6.2257
5.607,6.1996
5.607,5.8597
5.607,5.4093
2.7535,2.371
2.7535,2.3347
-6.5983,-7.1211
-6.5983,-6.5296
-6.5983,-7.3735
-6.5983,-7.1615
-7.6687,-7.8969
-7.6687,-7.6238
-7.6687,-6.9279
-7.6687,-7.2125
7.1661,7.5875
7.1661,7.1811
0.16765,0.51491
0.16765,-0.56612
0.16765,-0.23579
-7.3163,-7.1211
-7.3163,-7.3735
-7.3163,-7.9329
-7.3163,-7.2125
-0.15872,0.57259
-0.15872,-0.89999
-0.15872,-0.23579
2.371,2.7535
2.371,1.6431
2.371,1.6271
5.1627,4.3601
5.1627,5.272
5.1627,5.1033
5.1627,5.5153
5.1627,6.0342
5.1627,5.4984
5.1627,4.2895
5.1627,4.5714
5.1627,6.0543
5.272,6.2354
5.272,4.3601
5.272,5.1627
5.272,5.1033
5.272,4.731
5.272,5.5153
5.272,6.0342
5.272,5.8263
5.272,5.4984
5.272,4.2895
5.272,4.5714
5.272,6.0543
6.7857,6.3214
6.7857,7.4366
6.7857,6.3435
-7.7109,-7.1211
-7.7109,-7.3735
-7.7109,-7.9329
-7.7109,-7.1615
-5.406,-6.2845
-5.406,-5.2443
-5.406,-5.3835
-5.406,-5.2113
-5.406,-5.7784
-5.406,-5.8886
-5.2443,-5.406
-5.2443,-5.2113
-5.2443,-4.3879
-5.2443,-5.8886
7.3083,7.3712
7.3083,7.1261
0.61739,0.79072
0.61739,-0.15589
0.61739,0.27595
-5.3245,-6.1608
-5.3245,-4.6376
2.7668,2.061
2.7668,2.3386
-3.7211,-4.0269
0.3643,0.57423
0.3643,-0.28686
0.3643,-0.24887
0.79072,0.61739
0.79072,1.5612
0.79072,0.33609
0.79072,0.84963
-7.6238,-7.6687
-7.6238,-7.4202
-7.6238,-6.9279
1.2873,0.79257
1.2873,1.9042
1.2873,1.4748
6.8512,7.4786
6.8512,6.4946
0.57259,-0.15872
0.57259,-0.23579
-2.6842,-3.608
-2.6842,-1.7668
-5.7343,-6.5779
-5.7343,-5.5
-5.7343,-5.0624
-5.7343,-6.5361
-5.7343,-4.792
6.1236,6.4946
6.1236,5.5373
-0.15589,-0.22803
-0.15589,0.61739
-0.15589,0.27595
-0.15589,-0.56612
5.2172,5.3286
5.2172,4.3186
1.4842,0.51491
1.8547,2.3386
1.8547,1.0422
1.8547,1.5932
-4.1124,-3.1844
-4.1124,-4.3879
4.6142,5.4093
-0.57871,0.052449
-0.57871,-0.24887
-1.1904,-0.58027
-1.1904,-1.6447
-1.1904,-0.28686
-1.1904,-1.9903
-5.0624,-4.5568
-5.0624,-5.7343
-5.0624,-4.2515
-5.0624,-4.792
-1.6039,-0.77851
-1.6039,-1.7668
7.6961,6.9768
5.7719,5.4229
5.7719,5.4093
-1.6447,-1.1904
-1.6447,-1.9997
-1.6447,-1.0017
-1.6447,-1.9903
0.58052,0.74603
5.1033,5.1627
5.1033,5.272
5.1033,6.0342
5.1033,4.2895
5.1033,6.0543
-6.4703,-6.2845
-6.4703,-5.8886
7.4366,7.9126
7.4366,6.7857
7.4366,7.1811
-5.3835,-5.8418
-5.3835,-4.5509
-5.3835,-5.406
-5.3835,-5.0531
-5.3835,-6.1189
-5.3835,-5.7784
-5.3835,-5.8886
4.731,3.7747
4.731,4.3601
4.731,5.272
4.731,5.5153
4.731,5.4984
4.731,4.5714
4.731,4.623
-5.0531,-4.5509
-5.0531,-4.3274
-5.0531,-5.3835
-5.0531,-5.7784
-5.0531,-5.8886
-5.0531,-5.3377
1.0422,1.8547
5.3286,5.2172
-0.52175,-0.01392
-0.52175,-0.77851
-0.52175,-1.0017
7.1488,7.4786
4.584,5.5373
7.3712,7.3083
7.3712,7.1261
7.3712,7.1194
5.8597,6.2257
5.8597,5.607
5.5153,6.2354
5.5153,6.2445
5.5153,5.1627
5.5153,5.272
5.5153,4.731
5.5153,6.0342
5.5153,5.8263
5.5153,5.4984
5.5153,4.5714
5.5153,6.0543
7.2436,6.9768
-3.608,-3.8059
-3.608,-2.6842
-3.608,-3.8092
-3.608,-4.4812
-2.9982,-3.4383
6.9768,6.2445
6.9768,7.6961
6.9768,7.2436
6.9768,6.0342
-7.3735,-7.1211
-7.3735,-6.5983
-7.3735,-7.3163
-7.3735,-7.7109
-7.3735,-7.1615
-0.01392,0.27666
-0.01392,0.79257
-0.01392,-0.52175
-0.01392,-0.77851
0.052449,-0.57871
-0.0027729,0.42086
-0.0027729,0.84963
4.3186,5.2172
1.6431,2.371
1.6431,2.3347
1.6431,1.4748
0.27595,0.61739
0.27595,-0.15589
0.27595,0.33609
6.0342,6.2354
6.0342,6.2445
6.0342,5.1627
6.0342,5.272
6.0342,5.1033
6.0342,5.5153
6.0342,6.9768
6.0342,6.0543
-5.4993,-6.1608
2.9291,2.3386
-5.2113,-4.5509
-5.2113,-5.406
-5.2113,-5.2443
-5.2113,-4.3879
-5.2113,-5.8886
0.74603,0.58052
0.74603,0.57423
0.74603,-0.039604
5.8263,6.2354
5.8263,5.272
5.8263,5.5153
5.8263,5.4984
5.8263,6.5374
8.2113,7.4786
8.2113,7.9237
-6.1189,-5.8418
-6.1189,-6.7835
-6.1189,-6.1886
-6.1189,-5.3835
-6.1189,-5.7784
-6.1189,-6.5899
-6.1189,-5.8886
-6.1189,-5.3377
-4.0269,-3.1088
-4.0269,-3.7211
5.4984,6.2354
5.4984,5.1627
5.4984,5.272
5.4984,4.731
5.4984,5.5153
5.4984,5.8263
5.4984,4.5714
5.4984,4.623
0.51491,0.16765
0.51491,1.4842
-7.4202,-6.5779
-7.4202,-6.8207
-7.4202,-7.6238
-7.4202,-6.5361
4.2895,3.5064
4.2895,4.3601
4.2895,5.1627
4.2895,5.272
4.2895,5.1033
4.2895,4.5714
1.9042,1.2873
1.9042,2.3347
6.5374,6.2354
6.5374,5.8263
4.6232,4.1958
4.6232,5.4229
4.6232,4.4395
-3.3427,-3.1844
-3.3427,-3.6129
-3.3427,-3.4144
0.57423,0.3643
0.57423,0.74603
0.57423,-0.28686
-0.28686,-0.58027
-0.28686,0.3643
-0.28686,-1.1904
-0.28686,0.57423
-0.28686,-0.039604
1.5932,2.0138
1.5932,2.3386
1.5932,1.8547
1.5932,1.086
6.4946,6.8512
6.4946,6.1236
2.3347,2.7535
2.3347,1.6431
2.3347,1.9042
-3.6129,-4.5509
-3.6129,-3.1844
-3.6129,-3.3427
-3.6129,-4.3879
-3.6129,-3.4144
-5.7784,-5.8418
-5.7784,-6.2845
-5.7784,-6.7835
-5.7784,-6.1886
-5.7784,-5.406
-5.7784,-5.3835
-5.7784,-5.0531
-5.7784,-6.1189
-5.7784,-5.8886
-3.8539,-4.5568
-3.8539,-4.2515
-3.8539,-4.792
-6.5361,-6.5779
-6.5361,-6.8207
-6.5361,-5.7343
-6.5361,-7.4202
1.5612,0.79072
1.5612,1.086
1.5612,0.84963
-6.3543,-5.8418
-6.3543,-6.1886
-0.24887,0.3643
-0.24887,-0.57871
7.9237,8.2113
-2.8254,-1.9997
-2.8254,-2.9249
-1.9997,-1.7737
-1.9997,-1.6447
-1.9997,-2.8254
-1.9997,-1.9903
1.6271,2.371
-2.9249,-2.8254
-2.9249,-1.9903
-6.5899,-5.8418
-6.5899,-6.7835
-6.5899,-6.1886
-6.5899,-6.1189
4.4395,4.1958
4.4395,4.6232
-4.3879,-4.5509
-4.3879,-5.2443
-4.3879,-4.1124
-4.3879,-5.2113
-4.3879,-3.6129
-0.039604,-0.58027
-0.039604,0.74603
-0.039604,-0.28686
-0.039604,-1.0017
5.4093,5.607
5.4093,4.6142
5.4093,5.7719
-0.56612,-1.0994
-0.56612,0.16765
-0.56612,-0.15589
1.086,2.0138
1.086,0.42086
1.086,1.5932
1.086,1.5612
1.086,0.84963
7.1261,6.1996
7.1261,7.3083
7.1261,7.3712
4.5714,4.3601
4.5714,5.1627
4.5714,5.272
4.5714,4.731
4.5714,5.5153
4.5714,5.4984
4.5714,4.2895
4.5714,4.623
-0.77851,-1.6039
-0.77851,-0.52175
-0.77851,-0.01392
-0.77851,-0.88603
-5.8886,-6.2845
-5.8886,-6.7835
-5.8886,-5.406
-5.8886,-5.2443
-5.8886,-6.4703
-5.8886,-5.3835
-5.8886,-5.0531
-5.8886,-5.2113
-5.8886,-6.1189
-5.8886,-5.7784
-3.8092,-3.608
-3.8092,-4.6376
-4.2515,-5.0624
-4.2515,-3.8539
-4.2515,-4.792
-0.89999,-1.0994
-0.89999,-0.15872
-0.89999,-0.23579
-7.9329,-7.8969
-7.9329,-7.3163
-7.9329,-7.7109
-4.6376,-5.3245
-4.6376,-3.8092
-4.6376,-4.4812
-5.3377,-5.8418
-5.3377,-6.1886
-5.3377,-5.0531
-5.3377,-6.1189
7.1194,6.2257
7.1194,7.3712
5.5373,6.1236
5.5373,4.584
0.33609,-0.22803
0.33609,0.79072
0.33609,0.27595
0.33609,0.84963
-7.1615,-7.1211
-7.1615,-6.5296
-7.1615,-6.5983
-7.1615,-7.7109
-7.1615,-7.3735
-1.0017,-1.7737
-1.0017,-0.58027
-1.0017,-1.6447
-1.0017,-0.52175
-1.0017,-0.039604
1.4748,0.79257
1.4748,1.2873
1.4748,1.6431
-0.88603,-0.77851
-0.88603,-1.7668
-6.9279,-6.5779
-6.9279,-7.6687
-6.9279,-7.6238
-6.9279,-7.2125
-3.4383,-3.1088
-3.4383,-4.2474
-3.4383,-2.9982
-7.2125,-7.8969
-7.2125,-7.6687
-7.2125,-7.3163
-7.2125,-6.9279
-1.7668,-2.6842
-1.7668,-1.6039
-1.7668,-0.88603
8.0783,7.9126
8.0783,7.1811
-0.070764,-0.85882
-3.4144,-3.3427
-3.4144,-3.6129
4.623,3.7747
4.623,4.3601
4.623,4.731
4.623,5.4984
4.623,4.5714
6.3435,6.7857
-4.792,-4.5568
-4.792,-5.5
-4.792,-5.7343
-4.792,-5.0624
-4.792,-3.8539
-4.792,-4.2515
-4.4812,-3.8059
-4.4812,-3.608
-4.4812,-4.6376
-1.9903,-1.1904
-1.9903,-1.6447
-1.9903,-1.9997
-1.9903,-2.9249
0.84963,0.79072
0.84963,-0.0027729
0.84963,1.5612
0.84963,1.086
0.84963,0.33609
7.1811,6.3214
7.1811,7.1661
7.1811,7.4366
7.1811,8.0783
6.0543,6.2354
6.0543,6.2445
6.0543,5.1627
6.0543,5.272
6.0543,5.1033
6.0543,5.5153
6.0543,6.0342
-0.23579,-1.0994
-0.23579,0.16765
-0.23579,-0.15872
-0.23579,0.57259
-0.23579,-0.89999
