-2.0567,-2.1437
-2.0567,-1.8917
-2.0567,-2.927
-2.0567,-2.6754
-2.0567,-3.0239
-2.0567,-1.3389
-2.0567,-2.7114
-2.0567,-2.4782
-2.0567,-1.6464
-6.0484,-6.0157
-6.0484,-6.6978
-6.0484,-6.0748
-6.0484,-6.4246
-6.0484,-5.2953
-6.0484,-6.4571
-6.0484,-5.5411
-6.0484,-5.6361
-3.6172,-2.7724
-3.6172,-3.5724
-3.6172,-3.8587
-6.0797,-6.0157
-6.0797,-6.5344
-6.0797,-5.625
-6.0797,-5.574
-6.0797,-6.4571
-6.0797,-6.3296
0.83948,1.5696
0.83948,1.15
0.83948,1.0287
0.83948,0.31253
0.83948,0.46363
-3.9623,-4.0266
-3.9623,-3.9493
-3.9623,-3.4113
-3.9623,-3.0919
-3.9623,-4.3711
-3.9623,-4.7409
-3.9623,-2.9975
-3.9623,-3.988
-3.9623,-3.1536
-5.0683,-4.3711
-5.0683,-4.7409
-5.0683,-4.384
-4.9773,-4.9173
-4.9773,-5.625
-4.9773,-4.7222
-4.9773,-5.574
-4.9773,-5.5411
4.6633,4.8728
4.6633,5.3708
4.6633,5.2275
-3.2616,-3.7316
-3.2616,-2.5356
-3.2616,-3.4567
-3.2616,-2.927
-3.2616,-3.4113
-3.2616,-3.0701
-3.2616,-2.7114
-3.2616,-2.4782
-3.2616,-3.5305
-3.2616,-4.1832
-3.2616,-3.988
-3.2616,-3.1536
-3.2616,-2.3869
5.8453,5.784
5.8453,5.3708
5.8453,5.2275
5.8453,6.289
-4.9173,-4.9773
-4.9173,-5.5306
-4.9173,-4.4523
-4.9173,-5.625
-6.635,-5.7888
-6.635,-6.0748
-6.635,-7.3596
-6.635,-6.4246
-6.635,-6.3664
6.283,5.8894
6.283,5.926
6.283,5.5474
6.283,6.9439
6.283,6.7233
6.283,6.4963
6.283,5.4958
6.283,5.9021
6.283,6.4594
6.283,6.1971
4.5615,5.0974
4.5615,4.9952
4.5615,5.2808
4.5615,4.3397
5.3779,5.0845
5.3779,4.7099
5.3779,4.8728
5.3779,6.1219
5.3779,5.784
5.3779,5.3708
5.3779,5.9467
5.3779,5.5923
-3.7316,-3.2616
-3.7316,-3.4567
-3.7316,-2.927
-3.7316,-3.858
-3.7316,-3.0701
-3.7316,-3.3988
-3.7316,-4.384
-3.7316,-3.5305
-3.7316,-4.1832
-3.7316,-3.988
7.2461,7.1607
7.2461,6.7001
7.2461,6.3913
7.2461,6.4639
-2.5356,-3.2616
-2.5356,-3.4567
-2.5356,-1.8917
-2.5356,-2.927
-2.5356,-2.1122
-2.5356,-3.0701
-2.5356,-2.4353
-2.5356,-3.0919
-2.5356,-2.7114
-2.5356,-2.4782
-2.5356,-2.2384
-2.5356,-3.1536
-2.5356,-2.3869
5.6037,6.1351
5.6037,5.0974
5.6037,5.926
5.6037,5.5474
5.6037,5.2808
5.6037,6.4594
5.6037,6.1971
-2.7724,-3.6172
-2.7724,-1.9137
-2.7724,-3.5724
-6.0157,-6.0484
-6.0157,-6.0797
-6.0157,-6.6978
-6.0157,-6.5344
-6.0157,-5.574
-6.0157,-5.2953
-6.0157,-6.4571
-6.0157,-5.5411
-0.94022,-0.54493
-0.94022,-1.6723
-0.94022,-0.80204
-0.94022,-1.3195
-0.94022,-0.27051
-0.94022,-0.93489
1.1097,0.22797
1.1097,1.876
1.1097,0.71339
1.1097,1.0414
1.1097,1.3222
1.1097,1.4031
1.1097,1.752
1.1097,0.66852
0.23736,0.69065
0.23736,-0.41454
0.23736,0.49014
4.2192,4.75
4.2192,4.7701
4.2192,4.3397
-5.7888,-6.635
-5.7888,-5.1747
-5.7888,-5.5545
-5.7888,-6.0748
-5.7888,-6.3664
1.5696,0.83948
1.5696,1.15
1.5696,1.0287
1.5696,2.056
7.8225,7.3984
-4.0266,-3.9623
-4.0266,-3.4567
-4.0266,-3.4113
-4.0266,-3.0919
-4.0266,-4.3711
-4.0266,-4.7409
-4.0266,-4.384
-4.0266,-3.988
-4.0266,-3.1536
0.22797,1.1097
0.22797,0.20219
0.22797,0.71339
0.22797,-0.54493
0.22797,0.13127
0.22797,-0.27051
0.22797,0.011775
0.22797,0.66852
5.0845,5.3779
5.0845,4.7099
5.0845,5.5973
5.0845,5.5923
4.75,4.2192
4.75,4.7701
4.75,5.4212
4.75,5.4195
4.75,5.6511
4.7701,4.2192
4.7701,4.75
4.7701,4.9952
4.7701,5.4212
4.7701,5.4195
4.7701,5.4958
4.7701,4.3397
4.7701,5.2448
-3.9493,-3.9623
-3.9493,-3.0808
-3.9493,-4.7409
-3.0808,-3.9493
-3.0808,-3.0919
-3.0808,-2.9975
-3.0808,-2.3127
2.274,1.5803
-3.4567,-3.2616
-3.4567,-3.7316
-3.4567,-2.5356
-3.4567,-4.0266
-3.4567,-2.927
-3.4567,-3.4113
-3.4567,-3.0701
-3.4567,-3.0919
-3.4567,-2.7114
-3.4567,-4.3711
-3.4567,-4.384
-3.4567,-3.5305
-3.4567,-4.1832
-3.4567,-3.988
-3.4567,-3.1536
0.69065,0.23736
0.69065,0.49014
0.69065,1.4267
0.69065,1.2592
-0.83348,-0.50864
-0.83348,-0.14608
-0.83348,-0.80204
-0.83348,-1.3195
-0.83348,-0.12079
-2.1437,-2.0567
-2.1437,-2.6754
-2.1437,-1.3389
-2.1437,-3.0499
6.1351,5.6037
6.1351,5.926
6.1351,6.5129
6.1351,5.5474
6.1351,7.0813
6.1351,6.7233
6.1351,5.2808
6.1351,6.4594
6.1351,6.1971
4.7099,5.3779
4.7099,5.0845
4.7099,4.8728
5.9887,5.5973
5.9887,6.3913
5.9887,6.4639
4.8728,4.6633
4.8728,5.3779
4.8728,4.7099
4.8728,5.3708
2.6693,1.876
2.6693,2.3941
2.6693,1.8053
-4.8494,-5.5306
-7.2506,-6.6978
-7.2506,-7.1885
-7.2506,-6.5344
-7.2506,-6.4571
5.8894,6.283
5.8894,4.9952
5.8894,5.926
5.8894,5.4212
5.8894,5.5474
5.8894,6.4963
5.8894,5.4958
5.8894,5.2448
5.8894,5.9021
5.8894,6.1971
-1.8917,-2.0567
-1.8917,-2.5356
-1.8917,-2.1122
-1.8917,-2.7114
-1.8917,-1.4977
-1.8917,-2.4782
-1.8917,-2.2384
-1.8917,-1.6464
-1.8917,-1.4484
-1.8917,-2.3869
-6.6978,-6.0484
-6.6978,-6.0157
-6.6978,-7.2506
-6.6978,-7.1885
-6.6978,-6.0748
-6.6978,-6.4246
-6.6978,-6.4571
-1.2489,-2.1122
-1.2489,-2.0013
-1.2489,-1.4977
-1.2489,-1.4484
1.876,1.1097
1.876,2.6693
1.876,2.3941
1.876,1.0414
1.876,1.8053
1.876,1.4031
1.876,1.752
5.0974,4.5615
5.0974,5.6037
5.0974,4.9952
5.0974,5.926
5.0974,5.5474
5.0974,5.4958
5.0974,5.2808
4.9952,4.5615
4.9952,4.7701
4.9952,5.8894
4.9952,5.0974
4.9952,5.4212
4.9952,5.5474
4.9952,5.4958
4.9952,4.3397
4.9952,5.2448
7.1607,7.2461
7.1607,6.4639
-5.5306,-4.9173
-5.5306,-4.8494
-5.5306,-5.625
-2.927,-2.0567
-2.927,-3.2616
-2.927,-3.7316
-2.927,-2.5356
-2.927,-3.4567
-2.927,-2.6754
-2.927,-3.0239
-2.927,-3.858
-2.927,-3.0701
-2.927,-2.7114
-2.927,-3.3988
-2.927,-2.4782
-2.927,-3.5305
-2.927,-2.3869
-2.6754,-2.0567
-2.6754,-2.1437
-2.6754,-2.927
-2.6754,-3.0239
-2.6754,-2.7114
-2.6754,-3.3988
-2.6754,-2.4782
-2.6754,-3.0499
-2.6754,-3.5305
-2.6754,-2.3869
6.1219,5.3779
6.1219,6.6993
6.1219,5.784
6.1219,5.9467
6.1219,6.0301
6.1219,6.7001
6.1219,5.5923
-5.1747,-5.7888
-5.1747,-4.6881
-0.71554,-1.3389
-0.71554,-0.93139
-0.71554,-1.6464
-0.71554,-1.4484
-4.4523,-4.9173
-4.4523,-3.5724
1.15,0.83948
1.15,1.5696
1.15,0.49014
1.15,2.056
1.15,1.5803
1.15,1.2592
1.15,0.46363
-3.4113,-3.9623
-3.4113,-3.2616
-3.4113,-4.0266
-3.4113,-3.4567
-3.4113,-3.0701
-3.4113,-2.4353
-3.4113,-3.0919
-3.4113,-2.9975
-3.4113,-3.988
-3.4113,-3.1536
0.20219,0.22797
0.20219,0.71339
0.20219,0.41222
0.20219,0.64856
0.20219,-0.54493
0.20219,1.0414
0.20219,0.99877
0.20219,-0.14608
0.20219,-0.80204
0.20219,0.011775
0.20219,-0.12079
-0.41454,0.23736
-0.41454,-0.05868
-0.41454,-1.3389
-0.41454,0.49014
-0.41454,-0.93139
-0.41454,-1.1471
-7.1885,-7.2506
-7.1885,-6.6978
-7.1885,-7.3596
-7.1885,-6.4246
-7.1885,-6.4571
0.71339,1.1097
0.71339,0.22797
0.71339,0.20219
0.71339,0.41222
0.71339,1.0414
0.71339,0.99877
0.71339,1.4031
0.71339,0.011775
0.71339,0.66852
2.3941,2.6693
2.3941,1.876
2.3941,1.752
-2.1122,-2.5356
-2.1122,-1.8917
-2.1122,-1.2489
-2.1122,-2.0013
-2.1122,-2.4353
-2.1122,-1.4977
-2.1122,-2.2384
-2.1122,-2.3127
-2.1122,-2.3869
-1.9137,-2.7724
-1.9137,-1.6723
-1.9137,-1.3195
-5.0753,-5.5545
-5.0753,-6.0748
-5.0753,-5.2953
-5.0753,-4.6881
-5.0753,-5.6361
-5.0753,-4.3803
2.3191,1.752
-5.5545,-5.7888
-5.5545,-5.0753
-5.5545,-6.0748
-5.5545,-6.4246
-5.5545,-4.6881
-5.5545,-5.6361
-2.0013,-1.2489
-2.0013,-2.1122
-2.0013,-2.4353
-2.0013,-1.4977
-2.0013,-2.2384
-2.0013,-2.3127
6.6993,6.1219
6.6993,5.9467
6.6993,6.7001
6.6993,6.4873
5.784,5.8453
5.784,5.3779
5.784,6.1219
5.784,5.3708
5.784,5.9467
5.784,6.4873
5.784,6.289
-0.05868,-0.41454
-0.05868,0.49014
-0.05868,-0.49915
-0.05868,0.46363
-3.0239,-2.0567
-3.0239,-2.927
-3.0239,-2.6754
-3.0239,-3.858
-3.0239,-2.7114
-3.0239,-3.3988
-3.0239,-2.4782
-3.0239,-3.0499
-3.0239,-3.5305
5.3708,4.6633
5.3708,5.8453
5.3708,5.3779
5.3708,4.8728
5.3708,5.784
5.3708,5.2275
5.3708,6.289
0.51493,1.0287
0.51493,0.31253
0.51493,-0.11433
0.41222,0.20219
0.41222,0.71339
0.41222,0.64856
0.41222,1.0414
0.41222,0.99877
0.41222,1.0315
0.41222,-0.14608
0.41222,0.011775
0.41222,-0.12079
1.0287,0.83948
1.0287,1.5696
1.0287,0.51493
1.0287,0.31253
-6.0748,-6.0484
-6.0748,-6.635
-6.0748,-5.7888
-6.0748,-6.6978
-6.0748,-5.0753
-6.0748,-5.5545
-6.0748,-6.4246
-6.0748,-5.6361
-1.3389,-2.0567
-1.3389,-2.1437
-1.3389,-0.71554
-1.3389,-0.41454
-1.3389,-0.93139
-1.3389,-1.1471
-1.3389,-1.6464
0.64856,0.20219
0.64856,0.41222
0.64856,0.99877
0.64856,1.0315
0.64856,0.32582
0.64856,-0.12079
-0.54493,-0.94022
-0.54493,0.22797
-0.54493,0.20219
-0.54493,-0.14608
-0.54493,-0.80204
-0.54493,-0.27051
-0.54493,0.011775
5.926,6.283
5.926,5.6037
5.926,6.1351
5.926,5.8894
5.926,5.0974
5.926,5.5474
5.926,6.7233
5.926,5.4958
5.926,5.2808
5.926,6.4594
5.926,6.1971
5.9467,5.3779
5.9467,6.1219
5.9467,6.6993
5.9467,5.784
5.9467,5.5923
5.9467,6.4873
-0.50864,-0.83348
-0.50864,-0.14608
-0.50864,0.32582
-0.50864,-0.12079
1.7537,0.99877
1.7537,1.0315
1.7537,1.8053
6.5129,6.1351
6.5129,7.0813
6.5129,6.4594
-4.0376,-3.858
-4.0376,-3.3988
6.3262,5.4195
6.3262,6.4963
6.3262,5.9021
6.3262,5.6511
-3.858,-3.7316
-3.858,-2.927
-3.858,-3.0239
-3.858,-4.0376
-3.858,-3.3988
-3.858,-4.7276
-3.858,-3.5305
-3.858,-4.1832
5.4212,4.75
5.4212,4.7701
5.4212,5.8894
5.4212,4.9952
5.4212,5.4195
5.4212,5.4958
5.4212,5.2448
5.4212,5.9021
5.4212,5.6511
-3.0701,-3.2616
-3.0701,-3.7316
-3.0701,-2.5356
-3.0701,-3.4567
-3.0701,-2.927
-3.0701,-3.4113
-3.0701,-2.4353
-3.0701,-3.0919
-3.0701,-2.7114
-3.0701,-2.2384
-3.0701,-3.5305
-3.0701,-3.988
-3.0701,-3.1536
-3.0701,-2.3869
0.31253,0.83948
0.31253,0.51493
0.31253,1.0287
0.31253,-0.49915
0.31253,-0.11433
0.31253,0.46363
6.0301,6.1219
6.0301,6.7001
6.0301,5.5973
6.0301,5.5923
6.0301,6.3913
1.0414,1.1097
1.0414,1.876
1.0414,0.20219
1.0414,0.71339
1.0414,0.41222
1.0414,0.99877
1.0414,1.0315
1.0414,1.8053
1.0414,1.4031
1.0414,0.66852
0.49014,0.23736
0.49014,0.69065
0.49014,1.15
0.49014,-0.41454
0.49014,-0.05868
0.49014,1.2592
0.49014,0.46363
4.3284,3.8806
3.8806,4.3284
3.8806,3.2775
6.7001,7.2461
6.7001,6.1219
6.7001,6.6993
6.7001,6.0301
6.7001,6.3913
5.2275,4.6633
5.2275,5.8453
5.2275,5.3708
5.5474,6.283
5.5474,5.6037
5.5474,6.1351
5.5474,5.8894
5.5474,5.0974
5.5474,4.9952
5.5474,5.926
5.5474,5.4958
5.5474,5.2448
5.5474,6.1971
7.0813,6.1351
7.0813,6.5129
7.0813,6.7233
7.0813,7.3938
7.0813,6.4594
-2.4353,-2.5356
-2.4353,-3.4113
-2.4353,-2.1122
-2.4353,-2.0013
-2.4353,-3.0701
-2.4353,-3.0919
-2.4353,-2.2384
-2.4353,-2.9975
-2.4353,-2.3127
-2.4353,-3.1536
-2.4353,-2.3869
-1.6723,-0.94022
-1.6723,-1.9137
-3.0919,-3.9623
-3.0919,-2.5356
-3.0919,-4.0266
-3.0919,-3.0808
-3.0919,-3.4567
-3.0919,-3.4113
-3.0919,-3.0701
-3.0919,-2.4353
-3.0919,-2.9975
-3.0919,-2.3127
-3.0919,-3.1536
6.9439,6.283
6.9439,6.7233
6.9439,6.4963
6.9439,7.3938
6.9439,6.4594
6.9439,6.1971
-6.5344,-6.0797
-6.5344,-6.0157
-6.5344,-7.2506
-6.5344,-5.574
-6.5344,-6.4571
-6.5344,-6.3296
0.13127,0.22797
0.13127,0.75817
0.13127,-0.27051
0.13127,0.66852
-0.49915,-0.05868
-0.49915,0.31253
-0.49915,-1.1471
-0.49915,-0.11433
-0.49915,0.46363
-0.93139,-0.71554
-0.93139,-0.41454
-0.93139,-1.3389
-0.93139,-1.1471
-0.93139,-1.6464
-0.93139,-1.4484
1.4267,0.69065
1.4267,1.2592
1.3222,1.1097
1.3222,0.75817
1.3222,1.752
1.3222,0.66852
-2.7114,-2.0567
-2.7114,-3.2616
-2.7114,-2.5356
-2.7114,-3.4567
-2.7114,-1.8917
-2.7114,-2.927
-2.7114,-2.6754
-2.7114,-3.0239
-2.7114,-3.0701
-2.7114,-2.4782
-2.7114,-2.2384
-2.7114,-3.5305
-2.7114,-3.1536
-2.7114,-2.3869
6.7233,6.283
6.7233,6.1351
6.7233,5.926
6.7233,7.0813
6.7233,6.9439
6.7233,7.3938
6.7233,6.4594
6.7233,6.1971
-5.625,-6.0797
-5.625,-4.9773
-5.625,-4.9173
-5.625,-5.5306
-5.625,-5.574
-5.625,-6.3296
2.056,1.5696
2.056,1.15
2.056,1.5803
-3.3988,-3.7316
-3.3988,-2.927
-3.3988,-2.6754
-3.3988,-3.0239
-3.3988,-4.0376
-3.3988,-3.858
-3.3988,-3.0499
-3.3988,-3.5305
5.4195,4.75
5.4195,4.7701
5.4195,6.3262
5.4195,5.4212
5.4195,5.2448
5.4195,5.9021
5.4195,5.6511
0.99877,0.20219
0.99877,0.71339
0.99877,0.41222
0.99877,0.64856
0.99877,1.7537
0.99877,1.0414
0.99877,1.0315
0.99877,1.8053
0.99877,1.4031
6.4963,6.283
6.4963,5.8894
6.4963,6.3262
6.4963,6.9439
6.4963,5.9021
-4.7276,-3.858
-4.7276,-4.384
-4.7276,-4.1832
-4.3711,-3.9623
-4.3711,-5.0683
-4.3711,-4.0266
-4.3711,-3.4567
-4.3711,-4.7409
-4.3711,-4.384
-4.3711,-4.1832
-4.3711,-3.988
5.4958,6.283
5.4958,4.7701
5.4958,5.8894
5.4958,5.0974
5.4958,4.9952
5.4958,5.926
5.4958,5.4212
5.4958,5.5474
5.4958,5.2448
5.4958,5.9021
5.4958,6.1971
-1.4977,-1.8917
-1.4977,-1.2489
-1.4977,-2.1122
-1.4977,-2.0013
-1.4977,-2.2384
-1.4977,-1.4484
-1.4977,-2.3869
-7.3596,-6.635
-7.3596,-7.1885
-7.3596,-6.4246
5.2808,4.5615
5.2808,5.6037
5.2808,6.1351
5.2808,5.0974
5.2808,5.926
1.0315,0.41222
1.0315,0.64856
1.0315,1.7537
1.0315,1.0414
1.0315,0.99877
1.0315,1.8053
1.0315,0.32582
1.0315,1.4031
7.3938,7.0813
7.3938,6.9439
7.3938,6.7233
7.3938,6.4594
5.5973,5.0845
5.5973,5.9887
5.5973,6.0301
5.5973,5.5923
5.5973,6.3913
-2.4782,-2.0567
-2.4782,-3.2616
-2.4782,-2.5356
-2.4782,-1.8917
-2.4782,-2.927
-2.4782,-2.6754
-2.4782,-3.0239
-2.4782,-2.7114
-2.4782,-2.2384
-2.4782,-1.6464
-2.4782,-2.3869
-0.14608,-0.83348
-0.14608,0.20219
-0.14608,0.41222
-0.14608,-0.54493
-0.14608,-0.50864
-0.14608,-0.80204
-0.14608,0.011775
-0.14608,-0.12079
-0.80204,-0.94022
-0.80204,-0.83348
-0.80204,0.20219
-0.80204,-0.54493
-0.80204,-0.14608
-0.80204,-1.3195
-0.80204,0.011775
1.5803,2.274
1.5803,1.15
1.5803,2.056
1.5803,1.2592
3.2775,3.8806
1.8053,2.6693
1.8053,1.876
1.8053,1.7537
1.8053,1.0414
1.8053,0.99877
1.8053,1.0315
1.8053,1.4031
-2.2384,-2.5356
-2.2384,-1.8917
-2.2384,-2.1122
-2.2384,-2.0013
-2.2384,-3.0701
-2.2384,-2.4353
-2.2384,-2.7114
-2.2384,-1.4977
-2.2384,-2.4782
-2.2384,-3.1536
-2.2384,-1.4484
-2.2384,-2.3869
-3.0499,-2.1437
-3.0499,-2.6754
-3.0499,-3.0239
-3.0499,-3.3988
-4.7222,-4.9773
-4.7222,-5.2953
-4.7222,-5.5411
-4.7222,-4.3803
-6.4246,-6.0484
-6.4246,-6.635
-6.4246,-6.6978
-6.4246,-7.1885
-6.4246,-5.5545
-6.4246,-6.0748
-6.4246,-7.3596
-6.4246,-5.6361
1.2592,0.69065
1.2592,1.15
1.2592,0.49014
1.2592,1.4267
1.2592,1.5803
-4.7409,-3.9623
-4.7409,-5.0683
-4.7409,-4.0266
-4.7409,-3.9493
-4.7409,-4.3711
0.32582,0.64856
0.32582,-0.50864
0.32582,1.0315
0.32582,-0.12079
7.3984,7.8225
-5.574,-6.0797
-5.574,-4.9773
-5.574,-6.0157
-5.574,-6.5344
-5.574,-5.625
-5.574,-5.5411
-1.3195,-0.94022
-1.3195,-0.83348
-1.3195,-1.9137
-1.3195,-0.80204
-6.3664,-6.635
-6.3664,-5.7888
0.75817,0.13127
0.75817,1.3222
0.75817,0.66852
4.3397,4.5615
4.3397,4.2192
4.3397,4.7701
4.3397,4.9952
4.3397,5.2448
-5.2953,-6.0484
-5.2953,-6.0157
-5.2953,-5.0753
-5.2953,-4.7222
-5.2953,-5.5411
-5.2953,-5.6361
-4.384,-5.0683
-4.384,-3.7316
-4.384,-4.0266
-4.384,-3.4567
-4.384,-4.7276
-4.384,-4.3711
-4.384,-4.1832
-4.384,-3.988
5.5923,5.3779
5.5923,5.0845
5.5923,6.1219
5.5923,5.9467
5.5923,6.0301
5.5923,5.5973
-3.5305,-3.2616
-3.5305,-3.7316
-3.5305,-3.4567
-3.5305,-2.927
-3.5305,-2.6754
-3.5305,-3.0239
-3.5305,-3.858
-3.5305,-3.0701
-3.5305,-2.7114
-3.5305,-3.3988
-3.5305,-4.1832
-3.5305,-3.988
1.4031,1.1097
1.4031,1.876
1.4031,0.71339
1.4031,1.0414
1.4031,0.99877
1.4031,1.0315
1.4031,1.8053
1.4031,1.752
6.4873,6.6993
6.4873,5.784
6.4873,5.9467
6.4873,6.289
-2.9975,-3.9623
-2.9975,-3.0808
-2.9975,-3.4113
-2.9975,-2.4353
-2.9975,-3.0919
-2.9975,-2.3127
-2.9975,-3.1536
-1.1471,-0.41454
-1.1471,-1.3389
-1.1471,-0.49915
-1.1471,-0.93139
6.3913,7.2461
6.3913,5.9887
6.3913,6.0301
6.3913,6.7001
6.3913,5.5973
6.3913,6.4639
5.2448,4.7701
5.2448,5.8894
5.2448,4.9952
5.2448,5.4212
5.2448,5.5474
5.2448,5.4195
5.2448,5.4958
5.2448,4.3397
5.2448,5.9021
-0.27051,-0.94022
-0.27051,0.22797
-0.27051,-0.54493
-0.27051,0.13127
-0.27051,0.011775
-0.27051,-0.93489
-0.27051,0.66852
-4.1832,-3.2616
-4.1832,-3.7316
-4.1832,-3.4567
-4.1832,-3.858
-4.1832,-4.7276
-4.1832,-4.3711
-4.1832,-4.384
-4.1832,-3.5305
-4.1832,-3.988
-4.6881,-5.1747
-4.6881,-5.0753
-4.6881,-5.5545
-4.6881,-4.3803
-2.3127,-3.0808
-2.3127,-2.1122
-2.3127,-2.0013
-2.3127,-2.4353
-2.3127,-3.0919
-2.3127,-2.9975
-6.4571,-6.0484
-6.4571,-6.0797
-6.4571,-6.0157
-6.4571,-7.2506
-6.4571,-6.6978
-6.4571,-7.1885
-6.4571,-6.5344
-6.4571,-5.5411
-3.5724,-3.6172
-3.5724,-2.7724
-3.5724,-4.4523
-3.988,-3.9623
-3.988,-3.2616
-3.988,-3.7316
-3.988,-4.0266
-3.988,-3.4567
-3.988,-3.4113
-3.988,-3.0701
-3.988,-4.3711
-3.988,-4.384
-3.988,-3.5305
-3.988,-4.1832
-3.988,-3.1536
6.289,5.8453
6.289,5.784
6.289,5.3708
6.289,6.4873
-1.6464,-2.0567
-1.6464,-1.8917
-1.6464,-0.71554
-1.6464,-1.3389
-1.6464,-0.93139
-1.6464,-2.4782
-1.6464,-1.4484
-1.6464,-2.3869
-6.3296,-6.0797
-6.3296,-6.5344
-6.3296,-5.625
0.011775,0.22797
0.011775,0.20219
0.011775,0.71339
0.011775,0.41222
0.011775,-0.54493
0.011775,-0.14608
0.011775,-0.80204
0.011775,-0.27051
1.752,1.1097
1.752,1.876
1.752,2.3941
1.752,2.3191
1.752,1.3222
1.752,1.4031
-0.93489,-0.94022
-0.93489,-0.27051
-5.5411,-6.0484
-5.5411,-4.9773
-5.5411,-6.0157
-5.5411,-4.7222
-5.5411,-5.574
-5.5411,-5.2953
-5.5411,-6.4571
-5.5411,-5.6361
-3.1536,-3.9623
-3.1536,-3.2616
-3.1536,-2.5356
-3.1536,-4.0266
-3.1536,-3.4567
-3.1536,-3.4113
-3.1536,-3.0701
-3.1536,-2.4353
-3.1536,-3.0919
-3.1536,-2.7114
-3.1536,-2.2384
-3.1536,-2.9975
-3.1536,-3.988
-3.1536,-2.3869
-5.6361,-6.0484
-5.6361,-5.0753
-5.6361,-5.5545
-5.6361,-6.0748
-5.6361,-6.4246
-5.6361,-5.2953
-5.6361,-5.5411
0.66852,1.1097
0.66852,0.22797
0.66852,0.71339
0.66852,1.0414
0.66852,0.13127
0.66852,1.3222
0.66852,0.75817
0.66852,-0.27051
5.9021,6.283
5.9021,5.8894
5.9021,6.3262
5.9021,5.4212
5.9021,5.4195
5.9021,6.4963
5.9021,5.4958
5.9021,5.2448
-0.11433,0.51493
-0.11433,0.31253
-0.11433,-0.49915
-1.4484,-1.8917
-1.4484,-1.2489
-1.4484,-0.71554
-1.4484,-0.93139
-1.4484,-1.4977
-1.4484,-2.2384
-1.4484,-1.6464
-1.4484,-2.3869
6.4594,6.283
6.4594,5.6037
6.4594,6.1351
6.4594,5.926
6.4594,6.5129
6.4594,7.0813
6.4594,6.9439
6.4594,6.7233
6.4594,7.3938
6.4594,6.1971
6.4639,7.2461
6.4639,5.9887
6.4639,7.1607
6.4639,6.3913
-4.3803,-5.0753
-4.3803,-4.7222
-4.3803,-4.6881
-3.8587,-3.6172
-0.12079,-0.83348
-0.12079,0.20219
-0.12079,0.41222
-0.12079,0.64856
-0.12079,-0.50864
-0.12079,-0.14608
-0.12079,0.32582
0.46363,0.83948
0.46363,1.15
0.46363,-0.05868
0.46363,0.31253
0.46363,0.49014
0.46363,-0.49915
6.1971,6.283
6.1971,5.6037
6.1971,6.1351
6.1971,5.8894
6.1971,5.926
6.1971,5.5474
6.1971,6.9439
6.1971,6.7233
6.1971,5.4958
6.1971,6.4594
-2.3869,-3.2616
-2.3869,-2.5356
-2.3869,-1.8917
-2.3869,-2.927
-2.3869,-2.6754
-2.3869,-2.1122
-2.3869,-3.0701
-2.3869,-2.4353
-2.3869,-2.7114
-2.3869,-1.4977
-2.3869,-2.4782
-2.3869,-2.2384
-2.3869,-1.6464
-2.3869,-3.1536
-2.3869,-1.4484
5.6511,4.75
5.6511,6.3262
5.6511,5.4212
5.6511,5.4195
