-1.6714,-1.3066
-1.6714,-2.5891
-1.6714,-1.6397
-6.4005,-5.8084
-6.4005,-5.4959
-6.4005,-6.9473
-6.4005,-6.2669
-6.4005,-5.7645
-6.4005,-6.6941
-6.4005,-6.0133
-6.4005,-6.9787
-6.4005,-6.0913
-6.4005,-6.4655
-6.4005,-6.1508
-4.5035,-4.9285
-4.5035,-4.3414
-4.5035,-5.3316
-4.5035,-4.8058
-4.5035,-4.6926
-4.5035,-3.7633
-4.5035,-5.0872
-4.5035,-4.1275
-4.9221,-5.4317
-4.9221,-5.4959
-4.9221,-5.7645
-4.9221,-5.1838
-4.9221,-5.1887
-4.9221,-4.6926
1.041,1.6878
1.041,0.88777
1.041,0.54773
-4.3171,-4.7922
-4.3171,-4.9834
-4.3171,-3.8649
-4.3171,-4.1131
-4.3171,-5.2883
-4.3171,-4.2822
-4.3171,-3.7275
-4.3171,-4.0185
-4.3171,-4.9161
-4.7922,-4.3171
-4.7922,-4.9834
-4.7922,-4.1131
-4.7922,-4.192
-4.7922,-4.7934
-4.7922,-5.413
-4.7922,-5.2883
-4.7922,-4.2822
-4.7922,-4.5569
-5.4317,-4.9221
-5.4317,-5.4959
-5.4317,-4.9285
-5.4317,-6.2669
-5.4317,-5.7779
-5.4317,-5.7645
-5.4317,-5.1838
-5.4317,-5.3316
-5.4317,-4.6926
-5.4317,-6.0913
5.9425,5.72
5.9425,5.4341
5.9425,6.6515
-3.2608,-3.8649
-3.2608,-4.1131
-3.2608,-2.7508
-3.2608,-3.2343
-3.2608,-2.3538
-3.2608,-3.3682
-3.2608,-2.5333
-3.2608,-3.1941
-3.2608,-2.4947
-3.2608,-3.7238
-3.2608,-3.7275
-3.2608,-4.0185
-3.2608,-3.0013
5.9637,5.3743
5.9637,5.3228
5.9637,5.72
5.9637,5.2143
5.9637,5.607
5.9637,5.9222
5.9637,6.4699
5.9637,6.6515
-5.4936,-4.8058
-5.4936,-5.0872
-5.8084,-6.4005
-5.8084,-5.4959
-5.8084,-5.7645
-5.8084,-5.4341
-5.8084,-6.5681
-5.8084,-5.1887
-5.8084,-6.0133
-5.8084,-4.987
-5.8084,-6.4655
-5.8084,-6.1508
6.0686,6.0051
6.0686,7.0154
3.8792,4.4595
5.3743,5.9637
5.3743,4.6646
5.3743,5.3228
5.3743,5.72
5.3743,5.2143
5.3743,5.607
5.3743,5.9222
5.3743,4.8318
-4.9834,-4.3171
-4.9834,-4.7922
-4.9834,-4.1131
-4.9834,-5.8379
-4.9834,-5.413
-4.9834,-5.2883
-4.9834,-4.2822
-4.9834,-4.5569
-4.9834,-4.9161
6.8269,6.1062
6.8269,6.86
-3.8649,-4.3171
-3.8649,-3.2608
-3.8649,-4.1131
-3.8649,-3.7616
-3.8649,-3.2343
-3.8649,-3.1941
-3.8649,-4.2822
-3.8649,-3.7275
-3.8649,-4.0185
-3.8649,-3.0013
6.0898,6.3291
6.0898,6.4013
-3.5228,-4.1837
-3.5228,-4.1275
-5.4959,-6.4005
-5.4959,-4.9221
-5.4959,-5.4317
-5.4959,-5.8084
-5.4959,-6.2669
-5.4959,-5.7645
-5.4959,-5.1838
-5.4959,-5.1887
-5.4959,-6.0133
-5.4959,-4.987
-5.4959,-6.0913
-5.4959,-6.1508
0.51552,0.82663
0.51552,0.19995
0.51552,0.6825
0.51552,0.22954
0.51552,-0.20669
0.51552,1.2016
0.51552,-0.39104
0.51552,-0.079687
0.82663,0.51552
0.82663,1.2734
0.82663,0.6825
0.82663,0.22954
0.82663,1.5948
0.82663,1.2016
0.82663,0.46261
0.82663,1.5387
1.6165,1.3598
1.6165,2.3101
1.6165,1.1033
4.4595,3.8792
4.4595,4.992
4.4595,5.3657
4.4595,5.0737
4.4595,4.8039
4.4595,4.2658
-6.1927,-5.4341
-6.1927,-6.5681
-6.1927,-6.0133
-6.1927,-6.9787
2.3303,1.3598
7.2655,6.5377
7.2655,6.3891
-4.1131,-4.3171
-4.1131,-4.7922
-4.1131,-3.2608
-4.1131,-4.9834
-4.1131,-3.8649
-4.1131,-3.2343
-4.1131,-4.192
-4.1131,-4.2822
-4.1131,-3.7275
-4.1131,-4.5569
-4.1131,-4.0185
-0.62276,0.19995
-0.62276,-0.94672
-0.62276,-1.3015
-0.62276,-0.20669
-0.62276,-0.98123
-0.62276,-0.69584
-0.62276,-0.39104
-0.62276,-0.079687
4.7537,5.2655
4.7537,5.2143
4.7537,5.607
4.7537,4.3155
4.7537,4.3181
4.7537,4.8318
6.1062,6.8269
6.1062,6.86
6.1062,6.4293
4.992,4.4595
4.992,5.6179
4.992,5.0737
4.992,5.733
4.992,5.7534
4.992,4.8039
4.992,4.6087
4.992,4.4052
-4.669,-3.7616
-4.669,-4.5392
-4.669,-4.9161
-2.7508,-3.2608
-2.7508,-2.3538
-2.7508,-2.1662
-2.7508,-3.1941
-2.7508,-1.9755
-2.7508,-3.0013
2.5661,2.3101
-3.7616,-3.8649
-3.7616,-4.669
-3.7616,-3.1941
-3.7616,-4.0185
1.3598,1.6165
1.3598,2.3303
1.3598,1.5498
0.19995,0.51552
0.19995,-0.62276
0.19995,0.6825
0.19995,0.8523
0.19995,-0.20669
0.19995,0.27155
0.19995,-0.11362
0.19995,-0.69584
0.19995,-0.079687
-3.2343,-3.2608
-3.2343,-3.8649
-3.2343,-4.1131
-3.2343,-2.3538
-3.2343,-3.3682
-3.2343,-2.5333
-3.2343,-3.1941
-3.2343,-2.5891
-3.2343,-2.4947
-3.2343,-3.7238
-3.2343,-3.7275
-3.2343,-3.0013
6.3291,6.0898
6.3291,5.6179
6.3291,5.52
6.3291,7.2811
6.3291,6.4013
6.3291,6.5811
-6.6841,-6.5437
4.6646,5.3743
4.6646,5.3228
4.6646,5.2143
4.6646,4.7904
4.6646,4.3181
4.6646,4.8318
7.6154,6.86
7.6154,7.0154
5.3228,5.9637
5.3228,5.3743
5.3228,4.6646
5.3228,5.72
5.3228,5.2143
5.3228,4.7904
5.3228,5.4341
5.3228,4.8318
1.8793,1.2016
-4.9285,-4.5035
-4.9285,-5.4317
-4.9285,-5.1838
-4.9285,-5.3316
-4.9285,-4.8058
-4.9285,-4.1837
-4.9285,-4.6926
-4.9285,-5.748
-4.9285,-4.1275
-6.9473,-6.4005
-6.9473,-7.4391
-6.9473,-6.6941
-6.9473,-6.9787
-6.9473,-6.8181
-6.9473,-6.4655
-6.9473,-6.1508
5.3657,4.4595
5.3657,5.0737
5.3657,6.3065
5.3657,5.7534
-1.3066,-1.6714
-1.3066,-0.49738
-1.3066,-0.6149
-1.3066,-2.1704
-1.3066,-1.0983
-1.3066,-1.6397
-1.3066,-1.8283
-6.2669,-6.4005
-6.2669,-5.4317
-6.2669,-5.4959
-6.2669,-5.7779
-6.2669,-5.7645
-6.2669,-6.6941
-6.2669,-6.8181
-6.2669,-6.0913
-0.47755,-0.49738
-0.47755,-1.0983
1.2734,0.82663
1.2734,1.5948
1.2734,0.46261
1.2734,1.5387
5.6179,4.992
5.6179,6.3291
5.6179,5.52
5.6179,5.2245
5.6179,5.0737
5.6179,5.733
5.6179,6.4013
5.6179,6.207
5.6179,4.8039
5.6179,6.5811
5.52,6.3291
5.52,5.6179
5.52,5.2245
5.52,5.733
5.52,6.4013
5.52,4.8039
5.52,4.6087
-5.7779,-5.4317
-5.7779,-6.2669
-5.7779,-5.1838
-5.7779,-5.3316
-5.7779,-5.748
-5.7779,-6.0913
-3.4976,-4.2537
-3.4976,-2.7845
-3.4976,-3.3682
-3.4976,-3.7238
-4.2537,-3.4976
-4.2537,-4.192
-4.2537,-4.7934
-4.2537,-3.7238
-4.2537,-4.5569
5.72,5.9425
5.72,5.9637
5.72,5.3743
5.72,5.3228
5.72,4.7904
5.72,5.4341
5.72,6.4699
5.72,6.6515
-7.2902,-6.5681
-7.2902,-6.9787
-0.49738,-1.3066
-0.49738,-0.47755
-0.49738,0.41893
-0.49738,-0.6149
-0.49738,-1.0983
-4.3414,-4.5035
-4.3414,-4.8058
-4.3414,-3.7633
-4.3414,-5.0872
2.3101,1.6165
2.3101,2.5661
-4.5392,-4.669
-4.5392,-3.7132
0.22581,0.88036
0.22581,-0.26068
0.22581,0.27155
0.22581,0.50852
0.22581,-0.11362
0.41893,-0.49738
0.41893,0.58299
-7.4391,-6.9473
-7.4391,-6.6941
-7.4391,-6.9787
-7.4391,-6.4655
0.6825,0.51552
0.6825,0.82663
0.6825,0.19995
0.6825,0.8523
0.6825,-0.20669
0.6825,1.2016
0.6825,-0.079687
5.3832,5.1945
5.3832,6.0811
-1.5843,-2.3538
-1.5843,-2.1662
-1.5843,-2.1704
-1.5843,-1.0983
-1.5843,-1.9755
-1.5843,-0.8361
-1.5843,-1.8283
-1.7882,-1.3015
-1.7882,-0.98123
-5.7645,-6.4005
-5.7645,-4.9221
-5.7645,-5.4317
-5.7645,-5.8084
-5.7645,-5.4959
-5.7645,-6.2669
-5.7645,-6.6941
-5.7645,-5.1887
-5.7645,-6.0133
-5.7645,-6.0913
-5.7645,-6.1508
5.1945,5.3832
5.1945,5.8332
5.1945,6.0811
-5.4341,-5.8084
-5.4341,-6.1927
-5.4341,-6.0133
-5.4341,-4.987
-5.4341,-6.1508
-2.3538,-3.2608
-2.3538,-2.7508
-2.3538,-3.2343
-2.3538,-1.5843
-2.3538,-2.1662
-2.3538,-2.5333
-2.3538,-2.1704
-2.3538,-2.5891
-2.3538,-2.4947
-2.3538,-1.6397
-2.3538,-3.0013
-2.3538,-1.8283
5.2655,4.7537
5.2655,5.2143
5.2655,5.607
5.2143,5.9637
5.2143,5.3743
5.2143,4.7537
5.2143,4.6646
5.2143,5.3228
5.2143,5.2655
5.2143,5.607
5.2143,5.9222
5.2143,4.3181
5.2143,4.8318
1.1033,1.6165
1.1033,0.54157
1.1033,1.4304
1.1033,0.58299
-2.7845,-3.4976
-2.7845,-3.3682
-2.7845,-2.5333
-2.7845,-2.5891
-2.7845,-3.7238
4.7904,4.6646
4.7904,5.3228
4.7904,5.72
4.7904,5.4341
4.7904,4.8318
-0.051081,0.88777
-0.94672,-0.62276
-0.94672,-1.3015
-0.94672,-1.8783
-0.94672,-0.20669
-0.94672,-0.11362
-0.94672,-0.69584
-0.94672,-0.88084
1.5498,1.3598
-6.6941,-6.4005
-6.6941,-6.9473
-6.6941,-6.2669
-6.6941,-7.4391
-6.6941,-5.7645
-6.6941,-6.0133
-6.6941,-6.9787
-6.6941,-6.8181
-6.6941,-6.0913
-6.6941,-6.4655
-6.6941,-6.1508
-2.1662,-2.7508
-2.1662,-1.5843
-2.1662,-2.3538
-2.1662,-2.5333
-2.1662,-2.1704
-2.1662,-2.4947
-2.1662,-1.9755
-2.1662,-3.0013
-2.1662,-1.8283
1.2465,0.88036
1.2465,0.50852
-1.3015,-0.62276
-1.3015,-1.7882
-1.3015,-0.94672
-1.3015,-1.8783
-1.3015,-0.98123
-1.3015,-0.69584
8.0753,7.2811
5.607,5.9637
5.607,5.3743
5.607,4.7537
5.607,5.2655
5.607,5.2143
5.607,5.9222
5.607,4.8318
5.607,6.4373
-1.8783,-0.94672
-1.8783,-1.3015
0.8523,0.19995
0.8523,0.6825
0.8523,0.88036
0.8523,1.2234
0.8523,0.27155
0.8523,1.2016
5.2245,5.6179
5.2245,5.52
5.2245,4.6087
5.2245,4.4052
-5.8379,-4.9834
-5.8379,-5.413
-5.8379,-5.2883
6.86,6.8269
6.86,6.1062
6.86,7.6154
6.86,6.4293
-3.3682,-3.2608
-3.3682,-3.2343
-3.3682,-3.4976
-3.3682,-2.7845
-3.3682,-4.192
-3.3682,-2.5333
-3.3682,-2.5891
-3.3682,-2.4947
-3.3682,-3.7238
-3.3682,-3.7275
5.0737,4.4595
5.0737,4.992
5.0737,5.3657
5.0737,5.6179
5.0737,5.733
5.0737,5.7534
5.0737,4.8039
5.0737,4.6087
-4.192,-4.7922
-4.192,-4.1131
-4.192,-4.2537
-4.192,-3.3682
-4.192,-4.7934
-4.192,-3.7238
-4.192,-4.2822
-4.192,-3.7275
-4.192,-4.5569
0.45154,0.54773
5.9222,5.9637
5.9222,5.3743
5.9222,5.2143
5.9222,5.607
5.9222,6.4699
5.9222,6.4373
0.22954,0.51552
0.22954,0.82663
0.22954,0.46261
0.22954,-0.39104
0.22954,-0.079687
1.6878,1.041
1.6878,0.88777
6.5377,7.2655
6.5377,6.3891
6.5377,6.6076
6.5377,6.0811
6.3891,7.2655
6.3891,6.5377
6.3891,5.8332
6.3891,6.0811
6.9853,6.4699
6.9853,6.4373
5.4341,5.9425
5.4341,5.3228
5.4341,5.72
5.4341,4.7904
5.733,4.992
5.733,5.6179
5.733,5.52
5.733,5.0737
5.733,6.4013
5.733,5.7534
5.733,6.207
5.733,4.8039
5.733,6.5811
7.2811,6.3291
7.2811,8.0753
7.2811,7.2144
7.2811,6.4013
7.2811,7.4029
7.2811,6.5811
-2.5333,-3.2608
-2.5333,-3.2343
-2.5333,-2.3538
-2.5333,-2.7845
-2.5333,-2.1662
-2.5333,-3.3682
-2.5333,-2.1704
-2.5333,-2.5891
-2.5333,-2.4947
-2.5333,-1.6397
-2.5333,-3.0013
-0.96824,-0.98123
-0.96824,-0.39104
-3.1941,-3.2608
-3.1941,-3.8649
-3.1941,-2.7508
-3.1941,-3.7616
-3.1941,-3.2343
-3.1941,-4.0185
-3.1941,-3.0013
7.2144,7.2811
-5.1838,-4.9221
-5.1838,-5.4317
-5.1838,-5.4959
-5.1838,-4.9285
-5.1838,-5.7779
-5.1838,-5.3316
-5.1838,-4.6926
-0.20669,0.51552
-0.20669,-0.62276
-0.20669,0.19995
-0.20669,0.6825
-0.20669,-0.94672
-0.20669,0.27155
-0.20669,-0.11362
-0.20669,-0.69584
-0.20669,-0.079687
0.88777,1.041
0.88777,-0.051081
0.88777,1.6878
-0.6149,-1.3066
-0.6149,-0.49738
-0.6149,0.11348
3.6171,4.3155
3.6171,4.3181
1.5948,0.82663
1.5948,1.2734
1.5948,1.5387
-2.1704,-1.3066
-2.1704,-1.5843
-2.1704,-2.3538
-2.1704,-2.1662
-2.1704,-2.5333
-2.1704,-2.5891
-2.1704,-2.4947
-2.1704,-1.6397
-2.1704,-3.0013
-2.1704,-1.8283
6.4013,6.0898
6.4013,6.3291
6.4013,5.6179
6.4013,5.52
6.4013,5.733
6.4013,7.2811
6.4013,6.207
6.4013,6.5811
-5.3316,-4.5035
-5.3316,-5.4317
-5.3316,-4.9285
-5.3316,-5.7779
-5.3316,-5.1838
-5.3316,-4.8058
-5.3316,-4.6926
-5.3316,-5.0872
-5.3316,-5.748
3.4875,4.3155
-4.7934,-4.7922
-4.7934,-4.2537
-4.7934,-4.192
-4.7934,-5.413
-4.7934,-4.5569
6.3065,5.3657
6.3065,5.7534
0.88036,0.22581
0.88036,1.2465
0.88036,0.8523
0.88036,1.2234
0.88036,0.27155
5.7534,4.992
5.7534,5.3657
5.7534,5.0737
5.7534,5.733
5.7534,6.3065
5.7534,6.207
7.4539,6.6076
-5.413,-4.7922
-5.413,-4.9834
-5.413,-5.8379
-5.413,-4.7934
-5.413,-4.5569
-3.7132,-4.5392
6.207,5.6179
6.207,5.733
6.207,6.4013
6.207,5.7534
6.207,6.5811
-1.0983,-1.3066
-1.0983,-0.47755
-1.0983,-0.49738
-1.0983,-1.5843
-1.0983,-1.6397
-1.0983,-1.8283
-6.5681,-5.8084
-6.5681,-6.1927
-6.5681,-7.2902
-6.5681,-6.0133
-6.5681,-6.9787
-6.5681,-6.4655
-6.5681,-6.1508
4.8039,4.4595
4.8039,4.992
4.8039,5.6179
4.8039,5.52
4.8039,5.0737
4.8039,5.733
4.8039,4.6087
4.8039,4.4052
1.2234,0.8523
1.2234,0.88036
1.2234,0.27155
7.4029,7.2811
7.4029,6.5811
4.3155,4.7537
4.3155,3.6171
4.3155,3.4875
-2.5891,-1.6714
-2.5891,-3.2343
-2.5891,-2.3538
-2.5891,-2.7845
-2.5891,-3.3682
-2.5891,-2.5333
-2.5891,-2.1704
-2.5891,-2.4947
-2.5891,-1.6397
-0.26068,0.22581
-0.26068,-0.11362
-0.26068,-0.88084
0.27155,0.19995
0.27155,0.22581
0.27155,0.8523
0.27155,-0.20669
0.27155,0.88036
0.27155,1.2234
0.27155,-0.11362
0.27155,-0.69584
0.54157,1.1033
5.8332,5.1945
5.8332,6.3891
5.8332,6.0811
1.2016,0.51552
1.2016,0.82663
1.2016,1.8793
1.2016,0.6825
1.2016,0.8523
1.2016,1.5387
-2.4947,-3.2608
-2.4947,-3.2343
-2.4947,-2.3538
-2.4947,-2.1662
-2.4947,-3.3682
-2.4947,-2.5333
-2.4947,-2.1704
-2.4947,-2.5891
-2.4947,-1.6397
-2.4947,-3.0013
-2.4947,-1.8283
-3.7238,-3.2608
-3.7238,-3.2343
-3.7238,-3.4976
-3.7238,-4.2537
-3.7238,-2.7845
-3.7238,-3.3682
-3.7238,-4.192
-3.7238,-3.7275
-3.7238,-4.5569
-5.1887,-4.9221
-5.1887,-5.8084
-5.1887,-5.4959
-5.1887,-5.7645
-5.1887,-4.987
-6.0133,-6.4005
-6.0133,-5.8084
-6.0133,-5.4959
-6.0133,-6.1927
-6.0133,-5.7645
-6.0133,-5.4341
-6.0133,-6.6941
-6.0133,-6.5681
-6.0133,-6.4655
-6.0133,-6.1508
1.4304,1.1033
1.4304,0.58299
-5.2883,-4.3171
-5.2883,-4.7922
-5.2883,-4.9834
-5.2883,-5.8379
-5.2883,-4.9161
0.50852,0.22581
0.50852,1.2465
6.6076,6.5377
6.6076,7.4539
-4.8058,-4.5035
-4.8058,-5.4936
-4.8058,-4.9285
-4.8058,-4.3414
-4.8058,-5.3316
-4.8058,-5.0872
-4.8058,-4.1275
-4.1837,-3.5228
-4.1837,-4.9285
-4.1837,-4.6926
-6.9787,-6.4005
-6.9787,-6.1927
-6.9787,-6.9473
-6.9787,-7.2902
-6.9787,-7.4391
-6.9787,-6.6941
-6.9787,-6.5681
-6.9787,-6.4655
0.46261,0.82663
0.46261,1.2734
0.46261,0.22954
4.2658,4.4595
-4.6926,-4.5035
-4.6926,-4.9221
-4.6926,-5.4317
-4.6926,-4.9285
-4.6926,-5.1838
-4.6926,-5.3316
-4.6926,-4.1837
-4.6926,-4.1275
-4.2822,-4.3171
-4.2822,-4.7922
-4.2822,-4.9834
-4.2822,-3.8649
-4.2822,-4.1131
-4.2822,-4.192
-4.2822,-3.7275
-4.2822,-4.5569
-4.2822,-4.0185
4.3181,4.7537
4.3181,4.6646
4.3181,5.2143
4.3181,3.6171
4.3181,4.8318
-3.7275,-4.3171
-3.7275,-3.2608
-3.7275,-3.8649
-3.7275,-4.1131
-3.7275,-3.2343
-3.7275,-3.3682
-3.7275,-4.192
-3.7275,-3.7238
-3.7275,-4.2822
-3.7275,-4.5569
-0.11362,0.19995
-0.11362,0.22581
-0.11362,-0.94672
-0.11362,-0.20669
-0.11362,-0.26068
-0.11362,0.27155
-0.11362,-0.69584
-0.11362,-0.88084
4.8318,5.3743
4.8318,4.7537
4.8318,4.6646
4.8318,5.3228
4.8318,5.2143
4.8318,4.7904
4.8318,5.607
4.8318,4.3181
-1.9755,-2.7508
-1.9755,-1.5843
-1.9755,-2.1662
-1.9755,-1.8283
0.11348,-0.6149
0.11348,0.58299
6.4699,5.9637
6.4699,5.72
6.4699,5.9222
6.4699,6.9853
6.4699,6.6515
6.4699,6.4373
4.6087,4.992
4.6087,5.52
4.6087,5.2245
4.6087,5.0737
4.6087,4.8039
4.6087,4.4052
-0.98123,-0.62276
-0.98123,-1.7882
-0.98123,-1.3015
-0.98123,-0.96824
-0.98123,-0.39104
-0.98123,-0.079687
-4.5569,-4.7922
-4.5569,-4.9834
-4.5569,-4.1131
-4.5569,-4.2537
-4.5569,-4.192
-4.5569,-4.7934
-4.5569,-5.413
-4.5569,-3.7238
-4.5569,-4.2822
-4.5569,-3.7275
-3.7633,-4.5035
-3.7633,-4.3414
-3.7633,-4.1275
-4.987,-5.8084
-4.987,-5.4959
-4.987,-5.4341
-4.987,-5.1887
-0.8361,-1.5843
-6.8181,-6.9473
-6.8181,-6.2669
-6.8181,-6.6941
-6.8181,-6.0913
-5.0872,-4.5035
-5.0872,-5.4936
-5.0872,-4.3414
-5.0872,-5.3316
-5.0872,-4.8058
-4.0185,-4.3171
-4.0185,-3.2608
-4.0185,-3.8649
-4.0185,-4.1131
-4.0185,-3.7616
-4.0185,-3.1941
-4.0185,-4.2822
-4.0185,-4.9161
6.6515,5.9425
6.6515,5.9637
6.6515,5.72
6.6515,6.4699
6.0811,5.3832
6.0811,5.1945
6.0811,6.5377
6.0811,6.3891
6.0811,5.8332
-1.6397,-1.6714
-1.6397,-1.3066
-1.6397,-2.3538
-1.6397,-2.5333
-1.6397,-2.1704
-1.6397,-1.0983
-1.6397,-2.5891
-1.6397,-2.4947
-1.6397,-1.8283
-5.748,-4.9285
-5.748,-5.7779
-5.748,-5.3316
-0.69584,-0.62276
-0.69584,0.19995
-0.69584,-0.94672
-0.69584,-1.3015
-0.69584,-0.20669
-0.69584,0.27155
-0.69584,-0.11362
-0.69584,-0.88084
1.5387,0.82663
1.5387,1.2734
1.5387,1.5948
1.5387,1.2016
-0.39104,0.51552
-0.39104,-0.62276
-0.39104,0.22954
-0.39104,-0.96824
-0.39104,-0.98123
-0.39104,-0.079687
-6.0913,-6.4005
-6.0913,-5.4317
-6.0913,-5.4959
-6.0913,-6.2669
-6.0913,-5.7779
-6.0913,-5.7645
-6.0913,-6.6941
-6.0913,-6.8181
-6.0913,-6.4655
-6.0913,-6.1508
-4.9161,-4.3171
-4.9161,-4.9834
-4.9161,-4.669
-4.9161,-5.2883
-4.9161,-4.0185
-6.4655,-6.4005
-6.4655,-5.8084
-6.4655,-6.9473
-6.4655,-7.4391
-6.4655,-6.6941
-6.4655,-6.5681
-6.4655,-6.0133
-6.4655,-6.9787
-6.4655,-6.0913
-6.4655,-6.1508
-0.079687,0.51552
-0.079687,-0.62276
-0.079687,0.19995
-0.079687,0.6825
-0.079687,0.22954
-0.079687,-0.20669
-0.079687,-0.98123
-0.079687,-0.39104
6.0051,6.0686
6.0051,6.4293
0.54773,1.041
0.54773,0.45154
-3.0013,-3.2608
-3.0013,-3.8649
-3.0013,-2.7508
-3.0013,-3.2343
-3.0013,-2.3538
-3.0013,-2.1662
-3.0013,-2.5333
-3.0013,-3.1941
-3.0013,-2.1704
-3.0013,-2.4947
4.4052,4.992
4.4052,5.2245
4.4052,4.8039
4.4052,4.6087
6.4373,5.607
6.4373,5.9222
6.4373,6.9853
6.4373,6.4699
-6.1508,-6.4005
-6.1508,-5.8084
-6.1508,-5.4959
-6.1508,-6.9473
-6.1508,-5.7645
-6.1508,-5.4341
-6.1508,-6.6941
-6.1508,-6.5681
-6.1508,-6.0133
-6.1508,-6.0913
-6.1508,-6.4655
-4.1275,-4.5035
-4.1275,-3.5228
-4.1275,-4.9285
-4.1275,-4.8058
-4.1275,-4.6926
-4.1275,-3.7633
-0.88084,-0.94672
-0.88084,-0.26068
-0.88084,-0.11362
-0.88084,-0.69584
0.58299,0.41893
0.58299,1.1033
0.58299,1.4304
0.58299,0.11348
-6.5437,-6.6841
6.4293,6.1062
6.4293,6.86
6.4293,6.0051
6.4293,7.0154
6.5811,6.3291
6.5811,5.6179
6.5811,5.733
6.5811,7.2811
6.5811,6.4013
6.5811,6.207
6.5811,7.4029
-1.8283,-1.3066
-1.8283,-1.5843
-1.8283,-2.3538
-1.8283,-2.1662
-1.8283,-2.1704
-1.8283,-1.0983
-1.8283,-2.4947
-1.8283,-1.9755
-1.8283,-1.6397
7.0154,6.0686
7.0154,7.6154
7.0154,6.4293
