3.4385,4.1934
3.4385,3.9379
3.4385,3.0777
3.4385,3.3301
3.4385,4.1424
3.4385,3.8797
3.4385,4.1465
3.4385,3.8924
3.4385,4.3948
3.4385,3.7082
-3.2533,-3.0828
-3.2533,-3.7946
-3.2533,-3.6698
-3.2533,-3.9721
-3.2533,-2.8715
-3.2533,-2.6962
-3.2533,-3.0937
-3.2533,-2.4876
-3.2533,-4.0364
-3.2533,-4.0384
-3.2533,-2.8839
-3.2533,-3.3829
-4.0263,-3.3293
-4.0263,-4.2314
-4.0263,-4.6334
-4.0263,-3.6698
-4.0263,-3.9715
-4.0263,-3.4368
-4.0263,-3.8137
-4.0263,-3.9403
-4.0263,-3.3127
-4.0263,-3.9732
-4.0263,-4.3561
-3.3293,-4.0263
-3.3293,-3.0501
-3.3293,-2.8199
-3.3293,-3.4368
-3.3293,-3.8137
-3.3293,-3.9403
-3.3293,-3.3127
-3.3293,-3.9732
1.6928,2.3501
1.6928,1.8127
1.6928,1.4532
1.6928,2.2679
4.958,4.222
4.958,4.4053
4.958,5.3845
4.958,5.5184
4.958,5.1435
4.958,4.9117
4.958,5.2452
4.958,4.6195
4.958,4.7286
4.958,4.5452
4.958,5.4236
4.222,4.958
4.222,4.4053
4.222,5.0961
4.222,3.9379
4.222,5.1435
4.222,3.8797
4.222,4.1465
4.222,4.9117
4.222,3.8472
4.222,4.6195
4.222,4.7286
4.222,4.3884
4.222,4.5452
-4.6767,-3.9721
-4.6767,-5.0257
-4.6767,-4.9455
-4.6767,-4.2805
-4.6767,-4.0364
-4.6767,-4.0384
6.9408,6.156
6.9408,6.8829
6.9408,5.9685
5.3301,5.6858
5.3301,5.4236
5.3301,5.0961
5.3301,4.5711
5.3301,5.0604
5.3301,4.6746
5.3301,4.6315
5.3301,5.0753
5.3301,5.1435
5.3301,5.706
5.3301,4.8765
5.3301,4.757
5.3301,4.9117
5.3301,4.6195
5.3301,4.7286
5.3301,4.3884
5.3301,5.7658
5.3301,4.8357
6.156,6.9408
6.156,5.2286
6.156,5.9174
6.156,6.2626
6.156,5.499
6.156,6.564
6.156,5.2709
6.156,6.8829
6.156,5.2647
6.156,5.9685
-4.2314,-4.0263
-4.2314,-3.6698
-4.2314,-4.9616
-4.2314,-3.9715
-4.2314,-3.4368
-4.2314,-3.8137
-4.2314,-4.2805
-4.2314,-3.3127
-4.2314,-3.9732
-4.2314,-4.6531
-4.2314,-4.3561
-3.0828,-3.2533
-3.0828,-3.7946
-3.0828,-3.6698
-3.0828,-2.8715
-3.0828,-3.0501
-3.0828,-2.6962
-3.0828,-3.4368
-3.0828,-3.0937
-3.0828,-2.4876
-3.0828,-4.0364
-3.0828,-4.0384
-3.0828,-2.8839
-3.0828,-3.3829
-0.76547,-0.83388
-0.76547,-0.82363
-0.76547,-0.58444
-0.76547,-1.5837
-0.76547,-1.6438
-0.76547,-1.4231
-0.76547,-0.015185
-0.76547,-1.4075
-0.76547,-0.010111
-1.6179,-0.83388
-1.6179,-1.5837
-1.6179,-1.9914
5.2286,6.156
5.2286,4.2369
5.2286,5.9174
5.2286,5.499
5.2286,5.038
5.2286,5.2709
5.2286,5.2647
5.2286,5.062
5.2286,5.9685
5.2286,4.3615
4.4053,4.958
4.4053,4.222
4.4053,5.0961
4.4053,4.5711
4.4053,3.9379
4.4053,4.6746
4.4053,4.3877
4.4053,5.1435
4.4053,4.1424
4.4053,3.8797
4.4053,4.1465
4.4053,4.3948
4.4053,4.9117
4.4053,3.8472
4.4053,4.6195
4.4053,4.7286
4.4053,4.3884
4.2369,5.2286
4.2369,4.505
4.2369,5.038
4.2369,5.062
4.2369,4.3615
5.3845,4.958
5.3845,5.5184
5.3845,5.4236
5.3845,5.0961
5.3845,6.1415
5.3845,5.1435
5.3845,4.9117
5.3845,5.2452
5.3845,4.6195
5.3845,4.5452
5.3845,5.4236
-2.6766,-2.4258
-2.6766,-2.4216
-2.6766,-2.5591
-2.6766,-2.8105
-2.6766,-2.2889
-4.6334,-4.0263
-4.6334,-4.8552
-4.6334,-3.8137
-4.6334,-3.9403
-4.6334,-5.1073
-4.6334,-4.3561
-3.7946,-3.2533
-3.7946,-3.0828
-3.7946,-3.6698
-3.7946,-3.0501
-3.7946,-3.9715
-3.7946,-3.4368
-3.7946,-3.0937
-3.7946,-4.2805
-3.7946,-3.3127
-3.7946,-4.0364
-3.7946,-4.6531
-3.7946,-4.0384
-3.7946,-2.8839
-3.7946,-3.3829
-5.8565,-6.443
-5.8565,-6.7813
-5.8565,-5.433
-5.8565,-5.7278
-5.8565,-6.3082
-5.8565,-5.9158
-5.8565,-5.2749
-5.8565,-5.7187
-5.8565,-5.0743
-5.8565,-6.1137
-5.8565,-5.7891
-6.443,-5.8565
-6.443,-6.7813
-6.443,-5.7278
-6.443,-6.3082
-6.443,-7.084
-6.443,-6.7196
-6.443,-6.1137
4.1745,3.2553
4.1745,3.9587
-0.83388,-0.76547
-0.83388,-1.6179
-0.83388,-1.5837
-0.83388,-1.4231
-0.83388,-0.015185
-2.2522,-3.0501
-2.2522,-2.8199
-2.2522,-2.6962
-2.2522,-2.8839
2.3501,1.6928
2.3501,1.8127
2.3501,2.9882
2.3501,2.2679
-9.0097,-9.6209
-9.0097,-8.6794
-9.0097,-8.8009
-9.0097,-9.5788
5.5184,4.958
5.5184,5.3845
5.5184,5.6858
5.5184,5.4236
5.5184,5.0961
5.5184,6.1415
5.5184,5.1435
5.5184,6.2753
5.5184,4.9117
5.5184,5.2452
5.5184,4.6195
-6.7813,-5.8565
-6.7813,-6.443
-6.7813,-6.3082
-6.7813,-7.084
-6.7813,-6.7196
-6.7813,-7.4803
4.5705,4.505
4.5705,5.4806
4.5705,3.8239
4.5705,3.6015
4.5705,4.7157
4.5705,5.2647
4.5705,4.3615
0.057593,-0.61541
0.057593,-0.58444
0.057593,-0.010111
-2.6204,-2.6831
-2.6204,-2.2801
-2.6204,-1.9914
6.4496,5.6858
6.4496,5.706
6.4496,6.2753
6.4496,5.7658
5.6858,5.3301
5.6858,5.5184
5.6858,6.4496
5.6858,5.4236
5.6858,5.0961
5.6858,6.1415
5.6858,5.0753
5.6858,5.1435
5.6858,5.706
5.6858,4.8765
5.6858,6.2753
5.6858,4.9117
5.6858,4.7286
5.6858,5.7658
3.7173,2.8168
3.7173,3.8239
3.7173,2.9824
5.4236,5.3301
5.4236,5.3845
5.4236,5.5184
5.4236,5.6858
5.4236,5.0961
5.4236,6.1415
5.4236,4.6746
5.4236,5.0753
5.4236,5.1435
5.4236,5.706
5.4236,4.8765
5.4236,6.2753
5.4236,4.9117
5.4236,4.6195
5.4236,4.7286
5.4236,5.7658
3.4119,3.2553
3.4119,2.9882
-5.433,-5.8565
-5.433,-6.3082
-5.433,-5.9158
-5.433,-5.2749
-5.433,-5.7187
-5.433,-4.9427
-5.433,-5.0743
-5.433,-4.8319
-5.433,-5.7891
-5.433,-4.9542
5.0961,4.222
5.0961,5.3301
5.0961,4.4053
5.0961,5.3845
5.0961,5.5184
5.0961,5.6858
5.0961,5.4236
5.0961,4.5711
5.0961,5.0604
5.0961,4.6746
5.0961,4.3877
5.0961,4.6315
5.0961,5.0753
5.0961,5.1435
5.0961,5.706
5.0961,4.8765
5.0961,4.1465
5.0961,4.9117
5.0961,4.6195
5.0961,4.7286
5.0961,4.3884
5.0961,4.8357
-2.4258,-2.6766
-2.4258,-2.4216
-2.4258,-1.827
-2.4258,-2.5591
-2.4258,-2.8105
-2.4258,-1.9557
-2.4258,-1.6286
-2.4258,-1.5567
-2.4258,-2.2889
-2.4258,-1.6481
-9.6903,-9.6922
5.6855,6.2626
5.6855,5.499
5.6855,6.564
5.6855,5.4806
5.6855,5.2709
5.6855,5.2647
-0.82363,-0.76547
-0.82363,-1.2025
-0.82363,-0.58444
-0.82363,-1.6286
-0.82363,-1.4231
-0.82363,-1.4075
-0.82363,-0.010111
5.9174,6.156
5.9174,5.2286
5.9174,6.2626
5.9174,5.499
5.9174,5.038
5.9174,5.2709
5.9174,6.8829
5.9174,5.2647
5.9174,5.062
5.9174,5.9685
-5.8683,-6.321
-5.8683,-5.9158
-5.8683,-6.5405
-5.8683,-5.7187
-5.8683,-5.3466
-3.6698,-3.2533
-3.6698,-4.0263
-3.6698,-4.2314
-3.6698,-3.0828
-3.6698,-3.7946
-3.6698,-3.0501
-3.6698,-3.9715
-3.6698,-3.4368
-3.6698,-3.0937
-3.6698,-4.2805
-3.6698,-3.3127
-3.6698,-3.9732
-3.6698,-4.6531
-3.6698,-4.0384
-3.6698,-2.8839
-3.6698,-4.3561
-3.5557,-3.9721
-3.5557,-2.8715
-1.2025,-0.82363
-1.2025,-0.58444
-1.2025,-0.9533
-1.2025,-1.9557
-1.2025,-1.6286
-1.2025,-1.5567
-1.2025,-1.4231
-1.2025,-1.4075
-1.2025,-1.6481
4.1934,3.4385
4.1934,4.2145
4.1934,4.5711
4.1934,5.0074
4.1934,5.0604
4.1934,4.6746
4.1934,4.5389
4.1934,4.3877
4.1934,4.6315
4.1934,4.1424
4.1934,3.8924
4.1934,4.3948
4.1934,4.757
4.1934,4.5104
4.1934,3.7082
4.1934,4.8357
-3.9721,-3.2533
-3.9721,-4.6767
-3.9721,-3.5557
-3.9721,-4.0364
-3.9721,-4.0384
-3.9721,-3.3829
4.2145,4.1934
4.2145,5.0074
4.2145,4.5389
4.2145,3.4232
4.2145,3.8924
4.2145,4.3948
4.2145,4.757
4.2145,4.5104
4.2145,3.7082
-6.93,-6.321
-6.93,-6.5405
-6.93,-6.7196
-2.4216,-2.6766
-2.4216,-2.4258
-2.4216,-2.6831
-2.4216,-3.3051
-2.4216,-2.2801
-2.4216,-2.8105
-2.4216,-1.9557
-2.4216,-1.6286
-2.4216,-2.2889
-2.4216,-1.6481
-2.6831,-2.6204
-2.6831,-2.4216
-2.6831,-3.3051
-2.6831,-2.2801
-2.6831,-1.9557
-2.6831,-1.9914
3.3614,3.8239
3.3614,3.6015
-5.0257,-4.6767
-5.0257,-4.9616
-5.0257,-4.9455
-5.0257,-4.2805
-5.0257,-4.6531
-5.0257,-4.0384
4.5711,5.3301
4.5711,4.4053
4.5711,5.0961
4.5711,4.1934
4.5711,3.9379
4.5711,5.0604
4.5711,4.6746
4.5711,4.3877
4.5711,4.6315
4.5711,5.0753
4.5711,5.1435
4.5711,4.1424
4.5711,4.8765
4.5711,3.8797
4.5711,4.1465
4.5711,4.3948
4.5711,4.757
4.5711,4.9117
4.5711,4.6195
4.5711,4.7286
4.5711,4.3884
4.5711,4.8357
3.9379,3.4385
3.9379,4.222
3.9379,4.4053
3.9379,4.5711
3.9379,4.6746
3.9379,4.3877
3.9379,4.6315
3.9379,3.3301
3.9379,4.1424
3.9379,4.8765
3.9379,3.8797
3.9379,4.1465
3.9379,3.8924
3.9379,4.3948
3.9379,4.757
3.9379,3.8472
3.9379,4.7286
3.9379,4.3884
3.9379,3.7082
3.9379,4.8357
6.2626,6.156
6.2626,5.6855
6.2626,5.9174
6.2626,5.499
6.2626,6.564
6.2626,5.4806
6.2626,6.8829
6.2626,5.2647
-1.9511,-2.4876
3.0777,3.4385
3.0777,3.4232
3.0777,3.8924
3.0777,3.3896
3.0777,3.7082
-4.9616,-4.2314
-4.9616,-5.0257
-4.9616,-4.2805
-4.9616,-5.1073
-4.9616,-4.6531
-4.9616,-4.3561
2.8168,3.7173
6.1415,5.3845
6.1415,5.5184
6.1415,5.6858
6.1415,5.4236
6.1415,6.2753
6.1415,5.2452
-4.4137,-4.5082
-4.4137,-5.2749
-4.4137,-4.0905
-4.4137,-5.0743
-4.4137,-4.8319
-4.4137,-4.9542
-4.4137,-4.322
5.0074,4.1934
5.0074,4.2145
5.0074,5.0604
5.0074,4.5389
5.0074,4.6315
5.0074,5.0753
5.0074,4.757
5.0074,4.5104
5.0074,5.5622
5.0074,4.8357
-2.8715,-3.2533
-2.8715,-3.0828
-2.8715,-3.5557
-2.8715,-2.4876
-2.8715,-3.3829
-6.321,-5.8683
-6.321,-6.93
-6.321,-6.5405
-6.321,-5.3466
-9.6209,-9.0097
-9.6209,-9.3166
-9.6209,-9.5788
5.0604,5.3301
5.0604,5.0961
5.0604,4.1934
5.0604,4.5711
5.0604,5.0074
5.0604,4.6746
5.0604,4.5389
5.0604,4.3877
5.0604,4.6315
5.0604,5.0753
5.0604,4.1424
5.0604,5.706
5.0604,4.8765
5.0604,4.3948
5.0604,4.757
5.0604,5.5622
5.0604,4.3884
5.0604,5.7658
5.0604,4.8357
-4.8552,-4.6334
-3.0501,-3.3293
-3.0501,-3.0828
-3.0501,-3.7946
-3.0501,-2.2522
-3.0501,-3.6698
-3.0501,-2.8199
-3.0501,-2.6962
-3.0501,-3.9715
-3.0501,-3.4368
-3.0501,-3.0937
-3.0501,-3.3127
-3.0501,-2.8839
-2.8199,-3.3293
-2.8199,-2.2522
-2.8199,-3.0501
-2.8199,-2.6962
-2.8199,-3.4368
-2.8199,-3.3127
4.6746,5.3301
4.6746,4.4053
4.6746,5.4236
4.6746,5.0961
4.6746,4.1934
4.6746,4.5711
4.6746,3.9379
4.6746,5.0604
4.6746,4.3877
4.6746,4.6315
4.6746,5.0753
4.6746,5.1435
4.6746,4.1424
4.6746,4.8765
4.6746,3.8797
4.6746,4.1465
4.6746,4.3948
4.6746,4.757
4.6746,4.9117
4.6746,4.6195
4.6746,4.7286
4.6746,4.3884
4.6746,4.8357
4.505,4.2369
4.505,4.5705
4.505,5.499
4.505,5.038
4.505,5.2709
4.505,3.8239
4.505,3.6015
4.505,4.7157
4.505,5.2647
4.505,4.3615
5.499,6.156
5.499,5.2286
5.499,5.6855
5.499,5.9174
5.499,6.2626
5.499,4.505
5.499,5.4806
5.499,5.038
5.499,5.2709
5.499,5.2647
4.5389,4.1934
4.5389,4.2145
4.5389,5.0074
4.5389,5.0604
4.5389,4.3877
4.5389,4.6315
4.5389,5.0753
4.5389,3.8924
4.5389,4.3948
4.5389,4.757
4.5389,4.5104
4.5389,3.7082
4.5389,4.8357
4.3877,4.4053
4.3877,5.0961
4.3877,4.1934
4.3877,4.5711
4.3877,3.9379
4.3877,5.0604
4.3877,4.6746
4.3877,4.5389
4.3877,4.6315
4.3877,5.0753
4.3877,4.1424
4.3877,4.8765
4.3877,3.8797
4.3877,4.1465
4.3877,3.8924
4.3877,4.3948
4.3877,4.757
4.3877,4.7286
4.3877,4.3884
4.3877,3.7082
4.3877,4.8357
6.564,6.156
6.564,5.6855
6.564,6.2626
2.2894,2.6549
2.2894,2.2679
-5.7278,-5.8565
-5.7278,-6.443
-5.7278,-5.1569
-5.7278,-5.2749
-5.7278,-4.8319
-5.7278,-6.1137
3.2553,4.1745
3.2553,3.4119
3.2553,2.6549
3.2553,2.9882
3.2553,3.3896
3.2553,2.2679
-2.6962,-3.2533
-2.6962,-3.0828
-2.6962,-2.2522
-2.6962,-3.0501
-2.6962,-2.8199
-2.6962,-2.0494
-2.6962,-3.4368
-2.6962,-3.0937
-2.6962,-2.4876
-2.6962,-2.8839
-2.6962,-3.3829
4.6315,5.3301
4.6315,5.0961
4.6315,4.1934
4.6315,4.5711
4.6315,3.9379
4.6315,5.0074
4.6315,5.0604
4.6315,4.6746
4.6315,4.5389
4.6315,4.3877
4.6315,5.0753
4.6315,4.1424
4.6315,4.8765
4.6315,3.8797
4.6315,4.1465
4.6315,3.8924
4.6315,4.3948
4.6315,4.757
4.6315,4.7286
4.6315,4.3884
4.6315,4.8357
-4.5082,-4.4137
-4.5082,-4.6418
-4.5082,-4.0905
-4.5082,-4.9427
-4.5082,-5.0743
-4.5082,-3.6754
-4.5082,-4.9542
-6.3082,-5.8565
-6.3082,-6.443
-6.3082,-6.7813
-6.3082,-5.433
-6.3082,-5.9158
-6.3082,-6.5405
-6.3082,-5.7187
-6.3082,-6.7196
-6.3082,-5.7891
-0.61541,0.057593
-0.61541,-0.58444
-0.61541,-0.9533
-0.61541,-1.5567
5.4806,4.5705
5.4806,5.6855
5.4806,6.2626
5.4806,5.499
5.4806,5.038
5.4806,5.2709
5.4806,4.7157
5.4806,5.2647
-5.1569,-5.7278
-5.1569,-4.8319
-5.1569,-6.0846
-5.9158,-5.8565
-5.9158,-5.433
-5.9158,-5.8683
-5.9158,-6.3082
-5.9158,-6.5405
-5.9158,-5.7187
-5.9158,-5.3466
-5.9158,-4.9427
-5.9158,-6.7196
-5.9158,-5.7891
-3.3051,-2.4216
-3.3051,-2.6831
-3.3051,-2.8105
5.0753,5.3301
5.0753,5.6858
5.0753,5.4236
5.0753,5.0961
5.0753,4.5711
5.0753,5.0074
5.0753,5.0604
5.0753,4.6746
5.0753,4.5389
5.0753,4.3877
5.0753,4.6315
5.0753,4.1424
5.0753,5.706
5.0753,4.8765
5.0753,4.3948
5.0753,4.757
5.0753,5.5622
5.0753,4.3884
5.0753,5.7658
5.0753,4.8357
-0.58444,-0.76547
-0.58444,0.057593
-0.58444,-0.82363
-0.58444,-1.2025
-0.58444,-0.61541
-0.58444,-0.9533
-0.58444,-0.010111
5.1435,4.958
5.1435,4.222
5.1435,5.3301
5.1435,4.4053
5.1435,5.3845
5.1435,5.5184
5.1435,5.6858
5.1435,5.4236
5.1435,5.0961
5.1435,4.5711
5.1435,4.6746
5.1435,5.706
5.1435,4.8765
5.1435,4.9117
5.1435,5.2452
5.1435,4.6195
5.1435,4.7286
5.1435,4.3884
-1.5837,-0.76547
-1.5837,-1.6179
-1.5837,-0.83388
-1.5837,-2.2801
-1.5837,-1.9557
-1.5837,-1.6438
-1.5837,-1.4231
-1.5837,-1.9914
-1.5837,-1.4075
3.3301,3.4385
3.3301,3.9379
3.3301,4.1424
3.3301,3.8797
3.3301,4.1465
3.3301,3.8472
2.6549,2.2894
2.6549,3.2553
2.6549,2.9882
2.6549,3.3896
2.6549,2.2679
5.038,5.2286
5.038,4.2369
5.038,5.9174
5.038,4.505
5.038,5.499
5.038,5.4806
5.038,5.2709
5.038,5.2647
5.038,5.062
5.038,4.3615
-6.5405,-5.8683
-6.5405,-6.93
-6.5405,-6.321
-6.5405,-6.3082
-6.5405,-5.9158
-6.5405,-5.7187
-6.5405,-6.7196
-6.5405,-5.7891
1.8127,1.6928
1.8127,2.3501
-8.6794,-9.0097
-8.6794,-8.467
-8.6794,-9.5788
5.2709,6.156
5.2709,5.2286
5.2709,5.6855
5.2709,5.9174
5.2709,4.505
5.2709,5.499
5.2709,5.4806
5.2709,5.038
5.2709,5.2647
5.2709,5.062
5.2709,4.3615
6.8829,6.9408
6.8829,6.156
6.8829,5.9174
6.8829,6.2626
-2.2801,-2.6204
-2.2801,-2.4216
-2.2801,-2.6831
-2.2801,-1.5837
-2.2801,-1.9557
-2.2801,-1.6286
-2.2801,-1.6438
-2.2801,-1.4231
-2.2801,-1.9914
-2.2801,-1.4075
-1.827,-2.4258
-1.827,-2.5591
-1.827,-1.5567
-1.827,-2.2889
-1.827,-1.6481
4.1424,3.4385
4.1424,4.4053
4.1424,4.1934
4.1424,4.5711
4.1424,3.9379
4.1424,5.0604
4.1424,4.6746
4.1424,4.3877
4.1424,4.6315
4.1424,5.0753
4.1424,3.3301
4.1424,4.8765
4.1424,3.8797
4.1424,4.1465
4.1424,3.8924
4.1424,4.3948
4.1424,4.757
4.1424,4.7286
4.1424,4.3884
4.1424,3.7082
4.1424,4.8357
-7.084,-6.443
-7.084,-6.7813
-7.084,-6.1137
5.706,5.3301
5.706,6.4496
5.706,5.6858
5.706,5.4236
5.706,5.0961
5.706,5.0604
5.706,5.0753
5.706,5.1435
5.706,4.8765
5.706,6.2753
5.706,5.5622
5.706,5.7658
5.706,4.8357
-2.5591,-2.6766
-2.5591,-2.4258
-2.5591,-1.827
-2.5591,-2.2889
-4.9455,-4.6767
-4.9455,-5.0257
-4.9455,-4.2805
-4.9455,-4.0364
-4.9455,-4.6531
-4.9455,-4.0384
-5.2749,-5.8565
-5.2749,-5.433
-5.2749,-4.4137
-5.2749,-5.7278
-5.2749,-5.0743
-5.2749,-4.8319
-5.2749,-6.1137
-5.2749,-4.9542
1.4532,1.6928
1.4532,2.2679
3.4232,4.2145
3.4232,3.0777
3.4232,3.8924
3.4232,3.3896
3.4232,3.7082
3.4232,3.9587
3.8239,4.5705
3.8239,3.7173
3.8239,3.3614
3.8239,4.505
3.8239,2.9824
3.8239,3.6015
3.8239,4.7157
-5.7187,-5.8565
-5.7187,-5.433
-5.7187,-5.8683
-5.7187,-6.3082
-5.7187,-5.9158
-5.7187,-6.5405
-5.7187,-5.3466
-5.7187,-4.9427
-5.7187,-5.7891
-5.7187,-4.9542
4.8765,5.3301
4.8765,5.6858
4.8765,5.4236
4.8765,5.0961
4.8765,4.5711
4.8765,3.9379
4.8765,5.0604
4.8765,4.6746
4.8765,4.3877
4.8765,4.6315
4.8765,5.0753
4.8765,5.1435
4.8765,4.1424
4.8765,5.706
4.8765,4.1465
4.8765,4.3948
4.8765,4.757
4.8765,4.9117
4.8765,5.5622
4.8765,4.7286
4.8765,4.3884
4.8765,5.7658
4.8765,4.8357
-2.8105,-2.6766
-2.8105,-2.4258
-2.8105,-2.4216
-2.8105,-3.3051
-2.8105,-2.2889
-3.9715,-4.0263
-3.9715,-4.2314
-3.9715,-3.7946
-3.9715,-3.6698
-3.9715,-3.0501
-3.9715,-3.4368
-3.9715,-3.0937
-3.9715,-4.2805
-3.9715,-3.3127
-3.9715,-4.0364
-3.9715,-3.9732
-3.9715,-4.6531
-3.9715,-4.0384
-3.9715,-4.3561
2.9824,3.7173
2.9824,3.8239
2.9824,3.6015
3.8797,3.4385
3.8797,4.222
3.8797,4.4053
3.8797,4.5711
3.8797,3.9379
3.8797,4.6746
3.8797,4.3877
3.8797,4.6315
3.8797,3.3301
3.8797,4.1424
3.8797,4.1465
3.8797,4.3948
3.8797,3.8472
3.8797,4.7286
3.8797,4.3884
3.8797,3.7082
-0.9533,-1.2025
-0.9533,-0.61541
-0.9533,-0.58444
-0.9533,-1.6286
-0.9533,-1.5567
-0.9533,-1.6481
-4.6418,-4.5082
-4.6418,-5.3466
-4.6418,-4.9427
-4.6418,-4.9542
-1.9557,-2.4258
-1.9557,-1.2025
-1.9557,-2.4216
-1.9557,-2.6831
-1.9557,-1.5837
-1.9557,-2.2801
-1.9557,-1.6286
-1.9557,-1.6438
-1.9557,-1.5567
-1.9557,-1.4231
-1.9557,-1.9914
-1.9557,-1.4075
-1.9557,-2.2889
-1.9557,-1.6481
-8.467,-8.6794
-8.467,-9.3166
4.1465,3.4385
4.1465,4.222
4.1465,4.4053
4.1465,5.0961
4.1465,4.5711
4.1465,3.9379
4.1465,4.6746
4.1465,4.3877
4.1465,4.6315
4.1465,3.3301
4.1465,4.1424
4.1465,4.8765
4.1465,3.8797
4.1465,4.3948
4.1465,4.757
4.1465,4.9117
4.1465,3.8472
4.1465,4.6195
4.1465,4.7286
4.1465,4.3884
4.1465,3.7082
4.1465,4.8357
6.2753,5.5184
6.2753,6.4496
6.2753,5.6858
6.2753,5.4236
6.2753,6.1415
6.2753,5.706
-1.6286,-2.4258
-1.6286,-0.82363
-1.6286,-1.2025
-1.6286,-2.4216
-1.6286,-2.2801
-1.6286,-0.9533
-1.6286,-1.9557
-1.6286,-1.6438
-1.6286,-1.5567
-1.6286,-1.4231
-1.6286,-1.4075
-1.6286,-2.2889
-1.6286,-1.6481
3.8924,3.4385
3.8924,4.1934
3.8924,4.2145
3.8924,3.9379
3.8924,3.0777
3.8924,4.5389
3.8924,4.3877
3.8924,4.6315
3.8924,4.1424
3.8924,3.4232
3.8924,4.3948
3.8924,4.757
3.8924,3.7082
-2.0494,-2.6962
-2.0494,-2.4876
-2.0494,-2.8839
-1.6438,-0.76547
-1.6438,-1.5837
-1.6438,-2.2801
-1.6438,-1.9557
-1.6438,-1.6286
-1.6438,-1.4231
-1.6438,-1.9914
-1.6438,-1.4075
-5.3466,-5.8683
-5.3466,-6.321
-5.3466,-5.9158
-5.3466,-5.7187
-5.3466,-4.6418
-5.3466,-4.9427
-9.6922,-9.6903
-1.5567,-2.4258
-1.5567,-1.2025
-1.5567,-0.61541
-1.5567,-1.827
-1.5567,-0.9533
-1.5567,-1.9557
-1.5567,-1.6286
-1.5567,-2.2889
-1.5567,-1.6481
3.6015,4.5705
3.6015,3.3614
3.6015,4.505
3.6015,3.8239
3.6015,2.9824
3.6015,4.3615
4.3948,3.4385
4.3948,4.4053
4.3948,4.1934
4.3948,4.2145
4.3948,4.5711
4.3948,3.9379
4.3948,5.0604
4.3948,4.6746
4.3948,4.5389
4.3948,4.3877
4.3948,4.6315
4.3948,5.0753
4.3948,4.1424
4.3948,4.8765
4.3948,3.8797
4.3948,4.1465
4.3948,3.8924
4.3948,4.757
4.3948,4.7286
4.3948,4.3884
4.3948,3.7082
4.3948,4.8357
-4.0905,-4.4137
-4.0905,-4.5082
-4.0905,-5.0743
-4.0905,-3.6754
-4.0905,-4.9542
-4.9427,-5.433
-4.9427,-4.5082
-4.9427,-5.9158
-4.9427,-5.7187
-4.9427,-4.6418
-4.9427,-5.3466
-4.9427,-5.0743
-4.9427,-5.7891
-4.9427,-4.9542
2.9882,2.3501
2.9882,3.4119
2.9882,3.2553
2.9882,2.6549
2.9882,2.2679
-8.8009,-9.0097
-5.0743,-5.8565
-5.0743,-5.433
-5.0743,-4.4137
-5.0743,-4.5082
-5.0743,-5.2749
-5.0743,-4.0905
-5.0743,-4.9427
-5.0743,-4.8319
-5.0743,-5.7891
-5.0743,-4.9542
4.757,5.3301
4.757,4.1934
4.757,4.2145
4.757,4.5711
4.757,3.9379
4.757,5.0074
4.757,5.0604
4.757,4.6746
4.757,4.5389
4.757,4.3877
4.757,4.6315
4.757,5.0753
4.757,4.1424
4.757,4.8765
4.757,4.1465
4.757,3.8924
4.757,4.3948
4.757,5.5622
4.757,4.3884
4.757,4.8357
4.9117,4.958
4.9117,4.222
4.9117,5.3301
4.9117,4.4053
4.9117,5.3845
4.9117,5.5184
4.9117,5.6858
4.9117,5.4236
4.9117,5.0961
4.9117,4.5711
4.9117,4.6746
4.9117,5.1435
4.9117,4.8765
4.9117,4.1465
4.9117,5.2452
4.9117,4.6195
4.9117,4.7286
4.9117,4.3884
-3.4368,-4.0263
-3.4368,-3.3293
-3.4368,-4.2314
-3.4368,-3.0828
-3.4368,-3.7946
-3.4368,-3.6698
-3.4368,-3.0501
-3.4368,-2.8199
-3.4368,-2.6962
-3.4368,-3.9715
-3.4368,-3.0937
-3.4368,-3.8137
-3.4368,-4.2805
-3.4368,-3.3127
-3.4368,-3.9732
-3.4368,-4.0384
-3.4368,-2.8839
-3.0937,-3.2533
-3.0937,-3.0828
-3.0937,-3.7946
-3.0937,-3.6698
-3.0937,-3.0501
-3.0937,-2.6962
-3.0937,-3.9715
-3.0937,-3.4368
-3.0937,-3.3127
-3.0937,-4.0384
-3.0937,-2.8839
-3.0937,-3.3829
4.5104,4.1934
4.5104,4.2145
4.5104,5.0074
4.5104,4.5389
4.5104,3.9587
3.8472,4.222
3.8472,4.4053
3.8472,3.9379
3.8472,3.3301
3.8472,3.8797
3.8472,4.1465
3.8472,4.6195
3.8472,4.7286
3.8472,4.3884
-3.6754,-4.5082
-3.6754,-4.0905
-9.3166,-9.6209
-9.3166,-8.467
-3.8137,-4.0263
-3.8137,-3.3293
-3.8137,-4.2314
-3.8137,-4.6334
-3.8137,-3.4368
-3.8137,-3.9403
-3.8137,-3.3127
-3.8137,-3.9732
-3.8137,-4.3561
-3.9403,-4.0263
-3.9403,-3.3293
-3.9403,-4.6334
-3.9403,-3.8137
-2.4876,-3.2533
-2.4876,-3.0828
-2.4876,-1.9511
-2.4876,-2.8715
-2.4876,-2.6962
-2.4876,-2.0494
-2.4876,-2.8839
-2.4876,-3.3829
-6.7196,-6.443
-6.7196,-6.7813
-6.7196,-6.93
-6.7196,-6.3082
-6.7196,-5.9158
-6.7196,-6.5405
-6.7196,-5.7891
-6.7196,-7.4803
-1.4231,-0.76547
-1.4231,-0.83388
-1.4231,-0.82363
-1.4231,-1.2025
-1.4231,-1.5837
-1.4231,-2.2801
-1.4231,-1.9557
-1.4231,-1.6286
-1.4231,-1.6438
-1.4231,-1.9914
-1.4231,-1.4075
-4.2805,-4.6767
-4.2805,-4.2314
-4.2805,-3.7946
-4.2805,-3.6698
-4.2805,-5.0257
-4.2805,-4.9616
-4.2805,-4.9455
-4.2805,-3.9715
-4.2805,-3.4368
-4.2805,-4.0364
-4.2805,-4.6531
-4.2805,-4.0384
5.2452,4.958
5.2452,5.3845
5.2452,5.5184
5.2452,6.1415
5.2452,5.1435
5.2452,4.9117
5.2452,4.6195
5.2452,4.5452
5.2452,5.4236
4.7157,4.5705
4.7157,4.505
4.7157,5.4806
4.7157,3.8239
4.6195,4.958
4.6195,4.222
4.6195,5.3301
4.6195,4.4053
4.6195,5.3845
4.6195,5.5184
4.6195,5.4236
4.6195,5.0961
4.6195,4.5711
4.6195,4.6746
4.6195,5.1435
4.6195,4.1465
4.6195,4.9117
4.6195,3.8472
4.6195,5.2452
4.6195,4.7286
4.6195,4.3884
4.6195,4.5452
-4.8319,-5.433
-4.8319,-4.4137
-4.8319,-5.7278
-4.8319,-5.1569
-4.8319,-5.2749
-4.8319,-5.0743
-4.8319,-4.322
5.2647,6.156
5.2647,5.2286
5.2647,4.5705
5.2647,5.6855
5.2647,5.9174
5.2647,6.2626
5.2647,4.505
5.2647,5.499
5.2647,5.4806
5.2647,5.038
5.2647,5.2709
5.2647,4.3615
5.5622,5.0074
5.5622,5.0604
5.5622,5.0753
5.5622,5.706
5.5622,4.8765
5.5622,4.757
5.5622,5.7658
5.5622,4.8357
3.3896,3.0777
3.3896,3.2553
3.3896,2.6549
3.3896,3.4232
3.3896,3.9587
5.062,5.2286
5.062,4.2369
5.062,5.9174
5.062,5.038
5.062,5.2709
5.062,5.9685
-1.9914,-1.6179
-1.9914,-2.6204
-1.9914,-2.6831
-1.9914,-1.5837
-1.9914,-2.2801
-1.9914,-1.9557
-1.9914,-1.6438
-1.9914,-1.4231
-1.9914,-1.4075
-6.0846,-5.1569
4.7286,4.958
4.7286,4.222
4.7286,5.3301
4.7286,4.4053
4.7286,5.6858
4.7286,5.4236
4.7286,5.0961
4.7286,4.5711
4.7286,3.9379
4.7286,4.6746
4.7286,4.3877
4.7286,4.6315
4.7286,5.1435
4.7286,4.1424
4.7286,4.8765
4.7286,3.8797
4.7286,4.1465
4.7286,4.3948
4.7286,4.9117
4.7286,3.8472
4.7286,4.6195
4.7286,4.3884
-5.1073,-4.6334
-5.1073,-4.9616
-5.1073,-4.3561
-3.3127,-4.0263
-3.3127,-3.3293
-3.3127,-4.2314
-3.3127,-3.7946
-3.3127,-3.6698
-3.3127,-3.0501
-3.3127,-2.8199
-3.3127,-3.9715
-3.3127,-3.4368
-3.3127,-3.0937
-3.3127,-3.8137
-3.3127,-3.9732
4.3884,4.222
4.3884,5.3301
4.3884,4.4053
4.3884,5.0961
4.3884,4.5711
4.3884,3.9379
4.3884,5.0604
4.3884,4.6746
4.3884,4.3877
4.3884,4.6315
4.3884,5.0753
4.3884,5.1435
4.3884,4.1424
4.3884,4.8765
4.3884,3.8797
4.3884,4.1465
4.3884,4.3948
4.3884,4.757
4.3884,4.9117
4.3884,3.8472
4.3884,4.6195
4.3884,4.7286
4.3884,4.8357
-4.0364,-3.2533
-4.0364,-4.6767
-4.0364,-3.0828
-4.0364,-3.7946
-4.0364,-3.9721
-4.0364,-4.9455
-4.0364,-3.9715
-4.0364,-4.2805
-4.0364,-4.0384
-4.0364,-3.3829
-3.9732,-4.0263
-3.9732,-3.3293
-3.9732,-4.2314
-3.9732,-3.6698
-3.9732,-3.9715
-3.9732,-3.4368
-3.9732,-3.8137
-3.9732,-3.3127
-3.9732,-4.6531
-3.9732,-4.3561
4.5452,4.958
4.5452,4.222
4.5452,5.3845
4.5452,5.2452
4.5452,4.6195
5.9685,6.9408
5.9685,6.156
5.9685,5.2286
5.9685,5.9174
5.9685,5.062
-9.5788,-9.0097
-9.5788,-9.6209
-9.5788,-8.6794
3.7082,3.4385
3.7082,4.1934
3.7082,4.2145
3.7082,3.9379
3.7082,3.0777
3.7082,4.5389
3.7082,4.3877
3.7082,4.1424
3.7082,3.4232
3.7082,3.8797
3.7082,4.1465
3.7082,3.8924
3.7082,4.3948
-4.6531,-4.2314
-4.6531,-3.7946
-4.6531,-3.6698
-4.6531,-5.0257
-4.6531,-4.9616
-4.6531,-4.9455
-4.6531,-3.9715
-4.6531,-4.2805
-4.6531,-3.9732
-4.6531,-4.0384
-4.6531,-4.3561
-6.1137,-5.8565
-6.1137,-6.443
-6.1137,-5.7278
-6.1137,-7.084
-6.1137,-5.2749
-5.7891,-5.8565
-5.7891,-5.433
-5.7891,-6.3082
-5.7891,-5.9158
-5.7891,-6.5405
-5.7891,-5.7187
-5.7891,-4.9427
-5.7891,-5.0743
-5.7891,-6.7196
-5.7891,-4.9542
-7.4803,-6.7813
-7.4803,-6.7196
-4.0384,-3.2533
-4.0384,-4.6767
-4.0384,-3.0828
-4.0384,-3.7946
-4.0384,-3.6698
-4.0384,-3.9721
-4.0384,-5.0257
-4.0384,-4.9455
-4.0384,-3.9715
-4.0384,-3.4368
-4.0384,-3.0937
-4.0384,-4.2805
-4.0384,-4.0364
-4.0384,-4.6531
-4.0384,-3.3829
5.4236,4.958
5.4236,5.3845
5.4236,5.2452
-2.8839,-3.2533
-2.8839,-3.0828
-2.8839,-3.7946
-2.8839,-2.2522
-2.8839,-3.6698
-2.8839,-3.0501
-2.8839,-2.6962
-2.8839,-2.0494
-2.8839,-3.4368
-2.8839,-3.0937
-2.8839,-2.4876
-2.8839,-3.3829
-4.9542,-5.433
-4.9542,-4.4137
-4.9542,-4.5082
-4.9542,-5.2749
-4.9542,-5.7187
-4.9542,-4.6418
-4.9542,-4.0905
-4.9542,-4.9427
-4.9542,-5.0743
-4.9542,-5.7891
-0.015185,-0.76547
-0.015185,-0.83388
-0.015185,-0.010111
2.2679,1.6928
2.2679,2.3501
2.2679,2.2894
2.2679,3.2553
2.2679,2.6549
2.2679,1.4532
2.2679,2.9882
5.7658,5.3301
5.7658,6.4496
5.7658,5.6858
5.7658,5.4236
5.7658,5.0604
5.7658,5.0753
5.7658,5.706
5.7658,4.8765
5.7658,5.5622
5.7658,4.8357
-1.4075,-0.76547
-1.4075,-0.82363
-1.4075,-1.2025
-1.4075,-1.5837
-1.4075,-2.2801
-1.4075,-1.9557
-1.4075,-1.6286
-1.4075,-1.6438
-1.4075,-1.4231
-1.4075,-1.9914
-1.4075,-1.6481
4.3615,5.2286
4.3615,4.2369
4.3615,4.5705
4.3615,4.505
4.3615,5.038
4.3615,5.2709
4.3615,3.6015
4.3615,5.2647
-3.3829,-3.2533
-3.3829,-3.0828
-3.3829,-3.7946
-3.3829,-3.9721
-3.3829,-2.8715
-3.3829,-2.6962
-3.3829,-3.0937
-3.3829,-2.4876
-3.3829,-4.0364
-3.3829,-4.0384
-3.3829,-2.8839
-4.3561,-4.0263
-4.3561,-4.2314
-4.3561,-4.6334
-4.3561,-3.6698
-4.3561,-4.9616
-4.3561,-3.9715
-4.3561,-3.8137
-4.3561,-5.1073
-4.3561,-3.9732
-4.3561,-4.6531
-4.322,-4.4137
-4.322,-4.8319
3.9587,4.1745
3.9587,3.4232
3.9587,4.5104
3.9587,3.3896
-0.010111,-0.76547
-0.010111,0.057593
-0.010111,-0.82363
-0.010111,-0.58444
-0.010111,-0.015185
-2.2889,-2.6766
-2.2889,-2.4258
-2.2889,-2.4216
-2.2889,-1.827
-2.2889,-2.5591
-2.2889,-2.8105
-2.2889,-1.9557
-2.2889,-1.6286
-2.2889,-1.5567
-2.2889,-1.6481
4.8357,5.3301
4.8357,5.0961
4.8357,4.1934
4.8357,4.5711
4.8357,3.9379
4.8357,5.0074
4.8357,5.0604
4.8357,4.6746
4.8357,4.5389
4.8357,4.3877
4.8357,4.6315
4.8357,5.0753
4.8357,4.1424
4.8357,5.706
4.8357,4.8765
4.8357,4.1465
4.8357,4.3948
4.8357,4.757
4.8357,5.5622
4.8357,4.3884
4.8357,5.7658
-1.6481,-2.4258
-1.6481,-1.2025
-1.6481,-2.4216
-1.6481,-1.827
-1.6481,-0.9533
-1.6481,-1.9557
-1.6481,-1.6286
-1.6481,-1.5567
-1.6481,-1.4075
-1.6481,-2.2889
-9.6209,-10
9.7367,10
-9.5788,-10
9.7367,10
