5.0514,5.0653
5.0514,4.2676
5.0514,5.8384
5.0514,5.3509
5.0514,5.5489
5.0514,4.6285
5.0514,4.9418
5.0514,5.7844
5.0514,4.9405
-2.768,-3.0768
-2.768,-2.5923
-2.768,-3.4209
-2.768,-2.991
-2.768,-2.9043
-2.768,-2.1287
-2.768,-2.693
-5.147,-4.8737
-5.147,-4.3688
-5.147,-5.2581
-5.147,-4.5452
-5.147,-4.6014
-5.147,-4.3927
-5.147,-5.5108
-3.8476,-3.7344
-3.8476,-3.0768
-3.8476,-3.4209
-3.8476,-3.7913
-3.8476,-4.6176
-3.8476,-3.8793
-3.8476,-3.966
-3.8476,-3.4265
2.86,3.4916
2.86,3.7274
2.86,3.6267
3.866,3.8181
3.866,4.005
3.866,4.5897
2.9593,3.8672
2.9593,2.999
2.9593,3.8181
-3.7344,-3.8476
-3.7344,-3.4209
-3.7344,-3.4265
5.818,5.2211
5.818,5.236
5.818,5.296
5.818,5.8317
5.818,6.1639
5.818,6.1039
5.818,5.1096
5.2497,4.6724
5.2497,4.7149
5.2497,5.8516
5.2497,4.6095
5.2497,5.1828
5.2497,5.3509
5.2497,5.1615
5.2497,5.5779
5.2497,4.3192
5.2497,5.2136
5.2497,5.8671
4.5955,5.2211
4.5955,5.1518
4.5955,4.2834
4.5955,5.1096
-4.8737,-5.147
-4.8737,-4.1284
-4.8737,-5.6476
-4.8737,-4.8979
-4.8737,-4.6176
-4.8737,-4.6014
-4.8737,-5.5108
-3.0768,-2.768
-3.0768,-3.8476
-3.0768,-3.4209
-3.0768,-2.991
-3.0768,-3.7913
-3.0768,-2.9043
-3.0768,-2.1287
-3.0768,-3.8793
-3.0768,-3.966
-3.0768,-2.693
-1.68,-2.2158
-1.68,-1.1677
-1.68,-1.4886
-1.68,-2.5788
-1.68,-1.9064
-1.68,-2.5644
-1.68,-0.98085
-1.68,-0.90159
-3.2239,-2.2975
-3.2239,-3.1754
-3.2239,-2.5066
-3.2239,-3.1967
-3.2239,-3.0711
-3.2239,-3.3133
-3.2239,-3.3871
-3.2239,-4.1186
-3.2239,-4.0199
-3.2239,-2.3544
-3.2239,-2.3076
-3.2239,-2.6936
5.2211,5.818
5.2211,4.5955
5.2211,5.1518
5.2211,5.236
5.2211,5.296
5.2211,5.8317
5.2211,6.1639
5.2211,5.1096
3.8672,2.9593
3.8672,4.7149
3.8672,4.6095
3.8672,3.5098
3.8672,3.9494
3.8672,2.999
3.8672,3.8181
3.8672,4.3192
3.8672,4.005
5.1518,4.5955
5.1518,5.2211
5.1518,5.9536
5.1518,5.8317
4.6724,5.2497
4.6724,5.1828
4.6724,3.9494
4.6724,4.308
4.6724,5.3509
4.6724,5.1615
4.6724,5.5779
4.6724,4.3192
4.6724,4.6285
4.6724,4.2605
4.6724,4.9418
-2.2975,-3.2239
-2.2975,-3.1754
-2.2975,-1.3386
-2.2975,-2.5066
-2.2975,-2.2158
-2.2975,-3.1967
-2.2975,-1.5787
-2.2975,-3.0711
-2.2975,-1.3847
-2.2975,-2.1408
-2.2975,-1.4685
-2.2975,-1.552
-2.2975,-1.4549
-2.2975,-2.3544
-2.2975,-2.3076
-2.2975,-2.6936
-5.2251,-6.0174
-5.2251,-5.2581
-5.2251,-5.7896
-5.2251,-4.5452
-5.2251,-4.4883
-5.2251,-4.8772
-5.2251,-5.7936
-2.5923,-2.768
-2.5923,-3.4209
-2.5923,-1.7714
-2.5923,-2.693
-2.5923,-3.4265
-6.0174,-5.2251
-6.0174,-6.165
-6.0174,-5.2581
-6.0174,-6.2265
-6.0174,-6.4906
-6.0174,-5.7936
-6.0174,-5.5108
-4.9987,-4.8642
-4.9987,-5.7884
-4.9987,-4.6564
-4.9987,-4.8876
-4.9987,-5.3943
5.1534,4.2879
-3.1754,-3.2239
-3.1754,-2.2975
-3.1754,-2.5066
-3.1754,-3.1967
-3.1754,-3.0711
-3.1754,-3.1171
-3.1754,-3.3133
-3.1754,-3.3871
-3.1754,-4.1186
-3.1754,-4.0199
-3.1754,-2.3544
-3.1754,-2.3076
-3.1754,-2.6936
-2.0772,-2.991
-2.0772,-2.9043
-2.0772,-2.1287
3.2886,3.5838
3.2886,3.4916
3.2886,3.9896
3.2886,2.8992
3.2886,3.7238
3.2886,4.2879
3.2886,3.8114
-9.1296,-9.2564
-9.1296,-9.8311
-9.1296,-8.7894
-9.1296,-9.4386
-9.1296,-8.9057
-9.1296,-8.4743
4.7149,5.2497
4.7149,3.8672
4.7149,4.6095
4.7149,5.1828
4.7149,3.8181
4.7149,5.1615
4.7149,4.3192
4.7149,4.8473
4.7149,5.2136
4.7149,4.005
-5.3395,-4.417
-5.3395,-4.5708
-5.3395,-5.7896
5.236,5.818
5.236,5.2211
5.236,5.6168
5.236,4.8781
5.236,5.296
5.236,4.2834
5.236,6.1039
5.236,4.4712
5.236,5.1096
-1.3386,-2.2975
-1.3386,-2.2158
-1.3386,-1.5787
-1.3386,-1.3847
-1.3386,-1.4886
-1.3386,-1.4685
-1.3386,-1.552
-1.3386,-1.4549
-1.3386,-2.3076
-1.3386,-0.559
-1.3386,-0.98085
-2.5066,-3.2239
-2.5066,-2.2975
-2.5066,-3.1754
-2.5066,-2.2158
-2.5066,-1.5787
-2.5066,-3.0711
-2.5066,-3.3133
-2.5066,-3.3871
-2.5066,-1.9064
-2.5066,-2.5644
-2.5066,-2.3544
-2.5066,-2.3076
-2.5066,-2.6936
7.6171,6.6914
6.6914,7.6171
6.6914,6.1931
6.6914,6.3823
6.6914,7.0013
6.6914,6.5738
6.6914,5.8671
6.6914,5.7844
3.5838,3.2886
3.5838,3.9896
3.5838,3.7238
5.8516,5.2497
5.8516,5.1828
5.8516,5.1615
5.8516,6.3823
5.8516,5.7385
5.8516,5.2136
3.4916,2.86
3.4916,3.2886
3.4916,3.7274
3.4916,2.8992
3.4916,3.855
3.4916,3.8114
-3.5612,-4.417
-3.5612,-4.5708
-3.5612,-3.7952
-3.5612,-2.8032
-3.5612,-3.7196
-3.5612,-3.5098
-3.5612,-4.0822
-3.5612,-3.0508
-3.5612,-3.601
-3.422,-2.8889
-3.422,-2.8032
-3.422,-3.7216
-3.422,-3.4655
-3.422,-2.6834
-3.422,-4.0822
-2.2158,-1.68
-2.2158,-2.2975
-2.2158,-1.3386
-2.2158,-2.5066
-2.2158,-1.5787
-2.2158,-1.4886
-2.2158,-2.8388
-2.2158,-2.5788
-2.2158,-1.9064
-2.2158,-1.552
-2.2158,-1.4549
-2.2158,-2.5644
-2.2158,-2.3076
-2.2158,-2.6936
5.6168,5.236
5.6168,6.2994
5.6168,4.8781
5.6168,5.296
-1.1677,-1.68
-1.1677,-1.4886
-1.1677,-0.9466
-1.1677,-0.90159
6.2994,5.6168
6.2994,6.1039
-3.1967,-3.2239
-3.1967,-2.2975
-3.1967,-3.1754
-3.1967,-3.0711
-3.1967,-3.1171
-3.1967,-3.3133
-3.1967,-4.1186
-3.1967,-4.0199
-3.1967,-2.3544
-4.3688,-5.147
-4.3688,-4.1284
-4.3688,-5.2581
-4.3688,-4.5452
-4.3688,-3.7216
-4.3688,-4.6014
-4.3688,-3.4655
-4.3688,-4.4883
-4.3688,-4.0822
-4.3688,-4.3927
-4.3688,-3.7656
-2.9117,-3.4265
-1.5787,-2.2975
-1.5787,-1.3386
-1.5787,-2.5066
-1.5787,-2.2158
-1.5787,-1.3847
-1.5787,-1.4886
-1.5787,-1.4685
-1.5787,-1.9064
-1.5787,-1.552
-1.5787,-1.4549
-1.5787,-2.3076
-1.5787,-0.98085
5.0653,5.0514
5.0653,4.2676
5.0653,5.8384
5.0653,4.308
5.0653,5.3509
5.0653,5.5489
5.0653,4.6285
5.0653,4.9418
5.0653,5.7844
-3.4209,-2.768
-3.4209,-3.8476
-3.4209,-3.7344
-3.4209,-3.0768
-3.4209,-2.5923
-3.4209,-3.7913
-3.4209,-2.9043
-3.4209,-3.8793
-3.4209,-3.966
-3.4209,-2.693
-3.4209,-3.4265
6.3798,5.5489
6.3798,6.6376
6.3798,6.0219
-6.5126,-5.7884
-3.0711,-3.2239
-3.0711,-2.2975
-3.0711,-3.1754
-3.0711,-2.5066
-3.0711,-3.1967
-3.0711,-3.1171
-3.0711,-3.3133
-3.0711,-2.1408
-3.0711,-4.0199
-3.0711,-2.3544
-3.0711,-2.3076
-3.0711,-2.6936
-1.3847,-2.2975
-1.3847,-1.3386
-1.3847,-1.5787
-1.3847,-1.4685
-1.3847,-1.552
-1.3847,-1.4549
-1.3847,-2.3076
-0.12362,-0.08102
-0.12362,-0.559
-0.12362,-0.98085
-0.12362,-0.90159
-4.1284,-4.8737
-4.1284,-4.3688
-4.1284,-3.7913
-4.1284,-3.1854
-4.1284,-4.5452
-4.1284,-4.6014
-4.1284,-3.4655
-4.1284,-3.8793
-4.1284,-3.966
-4.1284,-4.3927
-4.1284,-3.7656
4.6095,5.2497
4.6095,3.8672
4.6095,4.7149
4.6095,5.1828
4.6095,3.9494
4.6095,3.8181
4.6095,5.1615
4.6095,4.3192
4.6095,4.8473
4.6095,4.2605
4.6095,5.2136
4.6095,4.005
3.5098,3.8672
3.5098,3.9494
3.5098,2.999
3.5098,3.8181
3.5098,4.3192
3.5098,4.2605
3.5098,3.5284
3.5098,4.005
5.9536,5.1518
5.9536,5.8317
5.9536,6.7981
-2.991,-2.768
-2.991,-3.0768
-2.991,-2.0772
-2.991,-3.7913
-2.991,-3.1854
-2.991,-2.9043
-2.991,-3.4655
-2.991,-3.7656
5.3665,5.5489
5.3665,6.0219
5.3665,4.9405
-5.6476,-4.8737
-5.6476,-6.165
-5.6476,-4.8979
-5.6476,-5.5108
3.9896,3.2886
3.9896,3.5838
3.9896,3.7238
3.9896,4.6262
3.9896,4.2879
3.9896,3.8114
5.1828,5.2497
5.1828,4.6724
5.1828,4.7149
5.1828,5.8516
5.1828,4.6095
5.1828,5.3509
5.1828,5.1615
5.1828,5.5779
5.1828,4.3192
5.1828,4.6285
5.1828,4.2605
5.1828,5.8671
-4.417,-5.3395
-4.417,-3.5612
-4.417,-4.5708
-4.417,-3.7952
-4.417,-3.7196
4.3852,3.6267
4.3852,4.9405
-1.7714,-2.5923
-1.7714,-2.693
-4.8642,-4.9987
-4.8642,-5.7884
-4.8642,-4.1186
-4.8642,-4.6564
-4.8642,-4.0199
-4.8642,-4.8876
-8.3558,-9.2564
-8.3558,-8.9057
-8.3558,-8.4743
4.2676,5.0514
4.2676,5.0653
4.2676,3.9573
4.2676,4.9418
4.2676,4.9405
-6.165,-6.0174
-6.165,-5.6476
-6.165,-6.2265
-6.165,-5.5108
-3.7913,-3.8476
-3.7913,-3.0768
-3.7913,-3.4209
-3.7913,-4.1284
-3.7913,-2.991
-3.7913,-4.6176
-3.7913,-2.9043
-3.7913,-3.8793
-3.7913,-3.966
-3.7913,-3.7656
-9.2564,-9.1296
-9.2564,-8.3558
-9.2564,-9.8311
-9.2564,-9.7812
-9.2564,-8.9057
3.9494,3.8672
3.9494,4.6724
3.9494,4.6095
3.9494,3.5098
3.9494,4.308
3.9494,4.3192
3.9494,4.2605
3.9494,3.5284
3.9494,4.005
6.1931,6.6914
6.1931,5.8384
6.1931,5.5489
6.1931,7.0013
6.1931,6.6376
6.1931,6.5738
6.1931,6.0219
6.1931,5.7844
4.8781,5.236
4.8781,5.6168
4.8781,5.296
4.8781,4.4712
4.8781,4.6262
5.8384,5.0514
5.8384,5.0653
5.8384,6.1931
5.8384,5.3509
5.8384,5.5779
5.8384,5.5489
5.8384,4.9418
5.8384,6.0219
5.8384,5.7844
3.7274,2.86
3.7274,3.4916
3.7274,3.6267
3.7274,4.6655
3.7274,3.855
3.7274,3.8114
4.308,4.6724
4.308,5.0653
4.308,3.9494
4.308,4.6285
4.308,3.9573
4.308,4.2605
4.308,3.5284
4.308,4.9418
5.296,5.818
5.296,5.2211
5.296,5.236
5.296,5.6168
5.296,4.8781
5.296,6.1039
5.296,4.4712
5.296,5.1096
-2.6253,-3.2885
-2.6253,-2.0423
-2.6253,-3.0508
-2.8889,-3.422
-2.8889,-2.8032
-2.8889,-3.5098
-2.8889,-3.7216
-2.8889,-2.6834
-2.8889,-1.9492
-2.8889,-3.601
-3.1171,-3.1754
-3.1171,-3.1967
-3.1171,-3.0711
-3.1171,-3.8901
-3.1171,-2.3544
-3.1854,-4.1284
-3.1854,-2.991
-3.1854,-2.9043
-3.1854,-3.4655
-3.1854,-2.6834
-3.1854,-3.7656
5.3509,5.0514
5.3509,5.2497
5.3509,4.6724
5.3509,5.0653
5.3509,5.1828
5.3509,5.8384
5.3509,5.1615
5.3509,5.5779
5.3509,4.6285
5.3509,5.8671
5.3509,4.9418
5.3509,5.7844
-3.2885,-2.6253
-3.2885,-3.7952
-3.2885,-3.0508
-5.2581,-5.147
-5.2581,-5.2251
-5.2581,-6.0174
-5.2581,-4.3688
-5.2581,-4.5452
-5.2581,-4.3927
-5.2581,-5.7936
-5.2581,-5.5108
-1.4886,-1.68
-1.4886,-1.3386
-1.4886,-2.2158
-1.4886,-1.1677
-1.4886,-1.5787
-1.4886,-1.9064
-1.4886,-1.4549
-1.4886,-0.559
-1.4886,-0.98085
-1.4886,-0.90159
5.8317,5.818
5.8317,5.2211
5.8317,5.1518
5.8317,5.9536
5.8317,6.1639
5.8317,6.1039
-4.5708,-5.3395
-4.5708,-3.5612
-4.5708,-4.417
-4.5708,-3.7196
-4.5708,-4.4883
-4.5708,-4.8772
-4.5708,-4.0822
-4.5708,-3.601
-3.7952,-3.5612
-3.7952,-4.417
-3.7952,-3.2885
-3.7952,-4.2384
-3.7952,-3.7196
-3.7952,-3.0508
-3.3133,-3.2239
-3.3133,-3.1754
-3.3133,-2.5066
-3.3133,-3.1967
-3.3133,-3.0711
-3.3133,-3.3871
-3.3133,-4.1186
-3.3133,-4.0199
-3.3133,-2.6936
2.999,2.9593
2.999,3.8672
2.999,3.5098
-0.9466,-1.1677
-0.9466,-0.08102
-0.9466,-0.90159
3.8181,3.866
3.8181,2.9593
3.8181,3.8672
3.8181,4.7149
3.8181,4.6095
3.8181,3.5098
3.8181,4.005
-2.1408,-2.2975
-2.1408,-3.0711
-2.1408,-1.4685
-2.1408,-1.552
-2.1408,-2.3544
5.1615,5.2497
5.1615,4.6724
5.1615,4.7149
5.1615,5.8516
5.1615,4.6095
5.1615,5.1828
5.1615,5.3509
5.1615,5.5779
5.1615,4.3192
5.1615,4.2605
5.1615,5.2136
5.1615,5.8671
2.8992,3.2886
2.8992,3.4916
4.2834,4.5955
4.2834,5.236
4.2834,4.4712
4.2834,5.1096
4.2834,3.9387
-5.7896,-5.2251
-5.7896,-5.3395
-5.7896,-6.4906
-5.7896,-5.7936
-2.0378,-2.593
-2.0378,-2.0423
-9.8311,-9.1296
-9.8311,-9.2564
-9.8311,-9.7812
-9.8311,-9.4386
-8.7894,-9.1296
-8.7894,-9.4386
-8.7894,-8.4743
6.1639,5.818
6.1639,5.2211
6.1639,5.8317
6.1639,6.1039
6.1639,7.0409
6.1039,5.818
6.1039,5.236
6.1039,6.2994
6.1039,5.296
6.1039,5.8317
6.1039,6.1639
6.1039,5.1096
-1.4685,-2.2975
-1.4685,-1.3386
-1.4685,-1.5787
-1.4685,-1.3847
-1.4685,-2.1408
-1.4685,-1.552
-1.4685,-1.4549
-1.4685,-2.3544
-1.4685,-2.3076
-2.8388,-2.2158
-2.8388,-2.5788
-2.8388,-3.3871
-2.8388,-2.5644
-2.8388,-2.6936
5.5779,5.2497
5.5779,4.6724
5.5779,5.1828
5.5779,5.8384
5.5779,5.3509
5.5779,5.1615
5.5779,6.3823
5.5779,4.6285
5.5779,5.8671
5.5779,5.7844
-4.5452,-5.147
-4.5452,-5.2251
-4.5452,-4.3688
-4.5452,-4.1284
-4.5452,-5.2581
-4.5452,-3.7216
-4.5452,-4.6014
-4.5452,-4.4883
-4.5452,-4.8772
-4.5452,-4.0822
-4.5452,-4.3927
6.3823,6.6914
6.3823,5.8516
6.3823,5.5779
6.3823,6.5738
6.3823,5.8671
-2.5788,-1.68
-2.5788,-2.2158
-2.5788,-2.8388
-2.5788,-1.9064
-2.5788,-2.5644
-2.5788,-2.6936
-4.8979,-4.8737
-4.8979,-5.6476
-4.8979,-4.6176
-4.8979,-4.6014
-4.8979,-3.966
-4.2384,-3.7952
-2.8032,-3.5612
-2.8032,-3.422
-2.8032,-2.8889
-2.8032,-3.7196
-2.8032,-2.593
-2.8032,-3.5098
-2.8032,-1.9492
-2.8032,-3.601
3.6267,2.86
3.6267,4.3852
3.6267,3.7274
3.6267,3.855
4.4712,5.236
4.4712,4.8781
4.4712,5.296
4.4712,4.2834
4.4712,3.7238
4.4712,4.6262
4.4712,5.1096
4.4712,3.9387
-5.7884,-4.9987
-5.7884,-6.5126
-5.7884,-4.8642
-5.7884,-6.3893
-5.7884,-5.3943
5.5489,5.0514
5.5489,5.0653
5.5489,6.3798
5.5489,5.3665
5.5489,6.1931
5.5489,5.8384
5.5489,4.9418
5.5489,6.0219
5.5489,4.9405
-3.3871,-3.2239
-3.3871,-3.1754
-3.3871,-2.5066
-3.3871,-3.3133
-3.3871,-2.8388
-3.3871,-2.6936
-4.6176,-3.8476
-4.6176,-4.8737
-4.6176,-3.7913
-4.6176,-4.8979
-4.6176,-3.8793
-4.6176,-3.966
3.7238,3.2886
3.7238,3.5838
3.7238,3.9896
3.7238,4.4712
3.7238,4.6262
3.7238,3.9387
4.3192,5.2497
4.3192,3.8672
4.3192,4.6724
4.3192,4.7149
4.3192,4.6095
4.3192,3.5098
4.3192,5.1828
4.3192,3.9494
4.3192,5.1615
4.3192,4.6285
4.3192,4.2605
4.3192,4.005
-1.9064,-1.68
-1.9064,-2.5066
-1.9064,-2.2158
-1.9064,-1.5787
-1.9064,-1.4886
-1.9064,-2.5788
-1.9064,-1.4549
-1.9064,-2.5644
-1.9064,-2.3076
-1.9064,-0.98085
-1.9064,-2.6936
-3.7196,-3.5612
-3.7196,-4.417
-3.7196,-4.5708
-3.7196,-3.7952
-3.7196,-2.8032
-3.7196,-3.5098
-3.7196,-4.4883
-3.7196,-4.0822
-3.7196,-3.601
-1.552,-2.2975
-1.552,-1.3386
-1.552,-2.2158
-1.552,-1.5787
-1.552,-1.3847
-1.552,-2.1408
-1.552,-1.4685
-1.552,-1.4549
-1.552,-2.3544
-1.552,-2.3076
-9.7812,-9.2564
-9.7812,-9.8311
-9.7812,-8.9057
4.8473,4.7149
4.8473,4.6095
4.8473,5.7385
4.8473,5.2136
4.8473,4.005
4.8473,4.5897
7.0013,6.6914
7.0013,6.1931
7.0013,6.6376
7.0013,6.5738
-1.4549,-2.2975
-1.4549,-1.3386
-1.4549,-2.2158
-1.4549,-1.5787
-1.4549,-1.3847
-1.4549,-1.4886
-1.4549,-1.4685
-1.4549,-1.9064
-1.4549,-1.552
-1.4549,-2.3076
-1.4549,-0.98085
6.6376,6.3798
6.6376,6.1931
6.6376,7.0013
6.6376,6.0219
-2.9043,-2.768
-2.9043,-3.0768
-2.9043,-2.0772
-2.9043,-3.4209
-2.9043,-2.991
-2.9043,-3.7913
-2.9043,-3.1854
-2.9043,-2.1287
-2.9043,-3.8793
-4.1186,-3.2239
-4.1186,-3.1754
-4.1186,-3.1967
-4.1186,-4.8642
-4.1186,-3.3133
-4.1186,-4.0199
-4.1186,-4.8876
-3.8901,-3.1171
-3.8901,-4.6564
-3.8901,-4.0199
-2.5644,-1.68
-2.5644,-2.5066
-2.5644,-2.2158
-2.5644,-2.8388
-2.5644,-2.5788
-2.5644,-1.9064
-2.5644,-2.6936
4.6262,3.9896
4.6262,4.8781
4.6262,4.4712
4.6262,3.7238
4.6262,4.2879
4.6285,5.0514
4.6285,4.6724
4.6285,5.0653
4.6285,5.1828
4.6285,4.308
4.6285,5.3509
4.6285,5.5779
4.6285,4.3192
4.6285,4.2605
4.6285,4.9418
-2.593,-2.0378
-2.593,-2.8032
-2.593,-3.5098
-2.593,-3.0508
-3.5098,-3.5612
-3.5098,-2.8889
-3.5098,-2.8032
-3.5098,-3.7196
-3.5098,-2.593
-3.5098,-4.0822
-3.5098,-3.0508
-3.5098,-3.601
4.2879,5.1534
4.2879,3.2886
4.2879,3.9896
4.2879,4.6262
4.2879,3.855
4.2879,3.8114
-9.4386,-9.1296
-9.4386,-9.8311
-9.4386,-8.7894
-4.6564,-4.9987
-4.6564,-4.8642
-4.6564,-3.8901
-4.6564,-4.0199
-4.6564,-4.8876
-4.6564,-5.3943
3.9573,4.2676
3.9573,4.308
3.9573,3.5284
3.9573,4.9418
4.2605,4.6724
4.2605,4.6095
4.2605,3.5098
4.2605,5.1828
4.2605,3.9494
4.2605,4.308
4.2605,5.1615
4.2605,4.3192
4.2605,4.6285
4.2605,3.5284
-3.7216,-3.422
-3.7216,-4.3688
-3.7216,-2.8889
-3.7216,-4.5452
-3.7216,-3.4655
-3.7216,-4.4883
-3.7216,-4.0822
-3.7216,-4.3927
-3.7216,-3.601
-4.6014,-5.147
-4.6014,-4.8737
-4.6014,-4.3688
-4.6014,-4.1284
-4.6014,-4.5452
-4.6014,-4.8979
-4.6014,-3.966
-4.6014,-4.3927
-4.6014,-3.7656
4.6655,3.7274
4.6655,3.855
5.7385,5.8516
5.7385,4.8473
5.7385,5.2136
-2.0423,-2.6253
-2.0423,-2.0378
-8.9057,-9.1296
-8.9057,-8.3558
-8.9057,-9.2564
-8.9057,-9.7812
-8.9057,-8.4743
-3.4655,-3.422
-3.4655,-4.3688
-3.4655,-4.1284
-3.4655,-2.991
-3.4655,-3.1854
-3.4655,-3.7216
-3.4655,-2.6834
-3.4655,-4.3927
-3.4655,-3.7656
-4.4883,-5.2251
-4.4883,-4.3688
-4.4883,-4.5708
-4.4883,-4.5452
-4.4883,-3.7196
-4.4883,-3.7216
-4.4883,-4.8772
-4.4883,-4.0822
-4.4883,-3.601
-2.1287,-2.768
-2.1287,-3.0768
-2.1287,-2.0772
-2.1287,-2.9043
-6.3893,-5.7884
-4.0199,-3.2239
-4.0199,-3.1754
-4.0199,-3.1967
-4.0199,-3.0711
-4.0199,-4.8642
-4.0199,-3.3133
-4.0199,-4.1186
-4.0199,-3.8901
-4.0199,-4.6564
-4.0199,-4.8876
-3.8793,-3.8476
-3.8793,-3.0768
-3.8793,-3.4209
-3.8793,-4.1284
-3.8793,-3.7913
-3.8793,-4.6176
-3.8793,-2.9043
-3.8793,-3.966
-3.8793,-3.7656
5.2136,5.2497
5.2136,4.7149
5.2136,5.8516
5.2136,4.6095
5.2136,5.1615
5.2136,4.8473
5.2136,5.7385
5.1096,5.818
5.1096,4.5955
5.1096,5.2211
5.1096,5.236
5.1096,5.296
5.1096,4.2834
5.1096,6.1039
5.1096,4.4712
3.5284,3.5098
3.5284,3.9494
3.5284,4.308
3.5284,3.9573
3.5284,4.2605
-4.8876,-4.9987
-4.8876,-4.8642
-4.8876,-4.1186
-4.8876,-4.6564
-4.8876,-4.0199
3.9387,4.2834
3.9387,4.4712
3.9387,3.7238
6.5738,6.6914
6.5738,6.1931
6.5738,6.3823
6.5738,7.0013
6.5738,5.8671
6.5738,5.7844
3.855,3.4916
3.855,3.7274
3.855,3.6267
3.855,4.2879
3.855,4.6655
3.855,3.8114
6.7981,5.9536
-2.3544,-3.2239
-2.3544,-2.2975
-2.3544,-3.1754
-2.3544,-2.5066
-2.3544,-3.1967
-2.3544,-3.0711
-2.3544,-3.1171
-2.3544,-2.1408
-2.3544,-1.4685
-2.3544,-1.552
-2.3544,-2.3076
-6.2265,-6.0174
-6.2265,-6.165
-6.2265,-6.4906
-6.2265,-5.7936
4.005,3.866
4.005,3.8672
4.005,4.7149
4.005,4.6095
4.005,3.5098
4.005,3.9494
4.005,3.8181
4.005,4.3192
4.005,4.8473
-4.8772,-5.2251
-4.8772,-4.5708
-4.8772,-4.5452
-4.8772,-4.4883
-4.8772,-4.0822
-4.8772,-5.7936
-2.6834,-3.422
-2.6834,-2.8889
-2.6834,-3.1854
-2.6834,-3.4655
5.8671,5.2497
5.8671,6.6914
5.8671,5.1828
5.8671,5.3509
5.8671,5.1615
5.8671,5.5779
5.8671,6.3823
5.8671,6.5738
5.8671,5.7844
-3.966,-3.8476
-3.966,-3.0768
-3.966,-3.4209
-3.966,-4.1284
-3.966,-3.7913
-3.966,-4.8979
-3.966,-4.6176
-3.966,-4.6014
-3.966,-3.8793
-3.966,-3.7656
-4.0822,-3.5612
-4.0822,-3.422
-4.0822,-4.3688
-4.0822,-4.5708
-4.0822,-4.5452
-4.0822,-3.7196
-4.0822,-3.5098
-4.0822,-3.7216
-4.0822,-4.4883
-4.0822,-4.8772
-4.0822,-4.3927
-4.0822,-3.601
4.5897,3.866
4.5897,4.8473
7.0409,6.1639
-8.4743,-9.1296
-8.4743,-8.3558
-8.4743,-8.7894
-8.4743,-8.9057
4.9418,5.0514
4.9418,4.6724
4.9418,5.0653
4.9418,4.2676
4.9418,5.8384
4.9418,4.308
4.9418,5.3509
4.9418,5.5489
4.9418,4.6285
4.9418,3.9573
4.9418,5.7844
-4.3927,-5.147
-4.3927,-4.3688
-4.3927,-4.1284
-4.3927,-5.2581
-4.3927,-4.5452
-4.3927,-3.7216
-4.3927,-4.6014
-4.3927,-3.4655
-4.3927,-4.0822
-4.3927,-3.7656
-3.0508,-3.5612
-3.0508,-2.6253
-3.0508,-3.2885
-3.0508,-3.7952
-3.0508,-2.593
-3.0508,-3.5098
-3.0508,-3.601
-5.3943,-4.9987
-5.3943,-5.7884
-5.3943,-4.6564
-6.4906,-6.0174
-6.4906,-5.7896
-6.4906,-6.2265
-6.4906,-5.7936
-2.693,-2.768
-2.693,-3.0768
-2.693,-2.5923
-2.693,-3.4209
-2.693,-1.7714
-2.693,-3.4265
6.0219,6.3798
6.0219,5.3665
6.0219,6.1931
6.0219,5.8384
6.0219,5.5489
6.0219,6.6376
6.0219,5.7844
-3.4265,-3.8476
-3.4265,-3.7344
-3.4265,-2.5923
-3.4265,-2.9117
-3.4265,-3.4209
-3.4265,-2.693
-5.7936,-5.2251
-5.7936,-6.0174
-5.7936,-5.2581
-5.7936,-5.7896
-5.7936,-6.2265
-5.7936,-4.8772
-5.7936,-6.4906
-0.08102,-0.12362
-0.08102,-0.9466
-0.08102,-0.90159
-1.9492,-2.8889
-1.9492,-2.8032
5.7844,5.0514
5.7844,6.6914
5.7844,5.0653
5.7844,6.1931
5.7844,5.8384
5.7844,5.3509
5.7844,5.5779
5.7844,6.5738
5.7844,5.8671
5.7844,4.9418
5.7844,6.0219
-2.3076,-3.2239
-2.3076,-2.2975
-2.3076,-3.1754
-2.3076,-1.3386
-2.3076,-2.5066
-2.3076,-2.2158
-2.3076,-1.5787
-2.3076,-3.0711
-2.3076,-1.3847
-2.3076,-1.4685
-2.3076,-1.9064
-2.3076,-1.552
-2.3076,-1.4549
-2.3076,-2.3544
-2.3076,-2.6936
-0.559,-1.3386
-0.559,-0.12362
-0.559,-1.4886
-0.559,-0.98085
-3.7656,-4.3688
-3.7656,-4.1284
-3.7656,-2.991
-3.7656,-3.7913
-3.7656,-3.1854
-3.7656,-4.6014
-3.7656,-3.4655
-3.7656,-3.8793
-3.7656,-3.966
-3.7656,-4.3927
-5.5108,-5.147
-5.5108,-4.8737
-5.5108,-6.0174
-5.5108,-5.6476
-5.5108,-6.165
-5.5108,-5.2581
-3.601,-3.5612
-3.601,-2.8889
-3.601,-4.5708
-3.601,-2.8032
-3.601,-3.7196
-3.601,-3.5098
-3.601,-3.7216
-3.601,-4.4883
-3.601,-4.0822
-3.601,-3.0508
3.8114,3.2886
3.8114,3.4916
3.8114,3.9896
3.8114,3.7274
3.8114,4.2879
3.8114,3.855
-0.98085,-1.68
-0.98085,-1.3386
-0.98085,-1.5787
-0.98085,-0.12362
-0.98085,-1.4886
-0.98085,-1.9064
-0.98085,-1.4549
-0.98085,-0.559
-0.98085,-0.90159
-2.6936,-3.2239
-2.6936,-2.2975
-2.6936,-3.1754
-2.6936,-2.5066
-2.6936,-2.2158
-2.6936,-3.0711
-2.6936,-3.3133
-2.6936,-2.8388
-2.6936,-2.5788
-2.6936,-3.3871
-2.6936,-1.9064
-2.6936,-2.5644
-2.6936,-2.3076
4.9405,5.0514
4.9405,5.3665
4.9405,4.3852
4.9405,4.2676
4.9405,5.5489
-0.90159,-1.68
-0.90159,-1.1677
-0.90159,-0.12362
-0.90159,-1.4886
-0.90159,-0.9466
-0.90159,-0.08102
-0.90159,-0.98085
