5.1656,5.1365
5.1656,5.1356
5.1656,5.7306
5.1656,5.8875
5.1656,4.9556
5.1656,5.5837
5.1656,6.0949
-2.0606,-2.6135
-2.0606,-2.0657
-2.0606,-1.8928
-2.0606,-1.3428
-6.3464,-6.9122
-6.3464,-6.1169
-6.3464,-7.2185
-6.3464,-5.9389
-6.3464,-5.8051
-2.5838,-1.9984
-2.5838,-2.994
-2.5838,-2.0265
-2.5838,-1.8928
-2.5838,-3.1041
-2.5838,-2.986
2.044,2.5315
2.044,1.6609
2.044,2.8659
2.044,2.655
4.1532,3.9334
4.1532,4.7014
3.0817,2.9007
-4.132,-3.88
-4.132,-5.0276
-4.132,-4.6096
7.2187,6.5089
7.2187,6.7209
5.4404,6.2726
5.4404,5.1182
6.1846,5.9209
6.1846,5.4619
6.1846,6.7209
6.1846,6.7446
-6.9122,-6.3464
-6.9122,-6.1169
-1.9984,-2.5838
-1.9984,-2.0657
-1.9984,-2.0265
-1.9984,-1.8928
-1.9984,-1.329
0.20453,1.0388
0.20453,0.034399
0.20453,1.1363
-2.7596,-2.9646
-2.7596,-2.5474
-2.7596,-2.9983
-2.7596,-1.8203
-2.7596,-2.8524
-2.7596,-2.0487
5.1926,4.5282
5.1926,5.5835
5.1926,5.9209
5.1926,4.848
3.9383,3.6982
3.9383,3.9334
3.9383,4.2521
3.9383,3.1598
3.9383,3.8996
3.9383,4.7636
5.3018,5.5785
4.6642,4.2962
4.6642,4.5425
4.6642,5.3384
4.6642,4.2521
-2.3277,-1.6511
-2.3277,-2.5555
-2.3277,-1.7596
-2.3277,-2.6032
-2.3277,-2.9602
-5.8483,-6.7048
-2.994,-2.5838
-2.994,-2.6135
-2.994,-2.0657
-2.994,-3.1041
-2.994,-2.986
-2.994,-3.3891
-6.1689,-6.2085
-6.1689,-5.4299
-6.1689,-6.6388
-6.2637,-5.2552
-6.2637,-6.4273
4.3332,3.7678
4.3332,3.4252
-2.9646,-2.7596
-2.9646,-2.5474
-2.9646,-2.9983
-2.9646,-2.8524
-2.9646,-2.0487
-2.9646,-3.5804
-1.0099,-1.8928
2.0869,2.6023
2.0869,2.5315
2.0869,3.0113
2.0869,1.6609
-7.4915,-7.4195
-7.4915,-8.1708
-7.4915,-6.9001
-7.4915,-7.9754
4.8887,4.2962
4.8887,5.3384
4.8887,4.2521
4.8887,5.2015
4.8887,4.7636
-5.305,-6.2085
4.5282,5.1926
4.5282,4.042
4.5282,4.4259
-0.099592,-0.087719
-0.099592,0.034399
-0.099592,-0.34736
-0.099592,-0.96173
-2.5474,-2.7596
-2.5474,-2.9646
-2.5474,-2.8524
-2.5474,-2.0487
-2.5474,-1.7596
-2.5474,-2.6032
-2.5474,-2.9602
7.8944,7.0035
6.7061,5.8875
6.7061,5.8726
6.7061,6.6751
6.7061,6.3218
6.7061,7.4326
6.7061,6.715
6.7061,6.9375
2.6023,2.0869
2.6023,3.0113
2.6023,2.7812
6.0672,5.2015
2.5315,2.044
2.5315,2.0869
2.5315,3.0113
2.5315,2.9328
2.5315,1.6609
2.5315,2.7838
2.5315,2.655
-3.4375,-4.377
-3.4375,-3.3872
-3.4375,-3.1863
-3.4375,-4.1409
-3.4375,-3.0605
-1.3576,-2.1682
-1.3576,-1.2449
-1.2082,-0.91094
-1.2082,-0.34736
-1.2082,-1.8025
-1.2082,-0.96173
5.5835,5.1926
1.2186,2.1355
1.2186,1.0388
1.2186,1.7248
1.2186,1.1363
6.5089,7.2187
6.5089,5.9209
-4.4347,-4.3213
-4.4347,-3.9947
-4.4347,-5.2552
-4.4347,-3.4358
-6.1169,-6.3464
-6.1169,-6.9122
-6.1169,-5.6551
-6.1169,-5.8051
-2.6135,-2.0606
-2.6135,-2.994
-2.6135,-2.0657
-2.6135,-2.986
-2.6135,-3.3891
-0.087719,-0.099592
-0.087719,0.034399
-0.087719,-0.34736
-0.087719,0.85172
5.1365,5.1656
5.1365,5.1356
5.1365,5.7306
5.1365,5.8875
5.1365,4.9556
5.1365,5.5837
-3.88,-4.132
-3.88,-4.6096
-3.88,-3.3891
6.254,5.7306
6.254,6.6499
6.254,5.7462
6.254,6.0949
-7.7882,-7.4016
-7.7882,-8.2944
-7.7882,-7.0276
-2.9983,-2.7596
-2.9983,-2.9646
-2.9983,-2.8524
-2.9983,-3.5804
-2.9983,-3.9947
-2.9983,-3.4358
-1.6511,-2.3277
-1.6511,-2.0487
-1.6511,-1.7596
-1.6511,-2.6032
-1.6511,-0.96173
2.1355,1.2186
2.1355,1.6475
2.1355,1.7248
2.1355,1.1363
-5.0276,-4.132
-5.0276,-5.0762
-5.0276,-4.6096
-5.0276,-5.8051
4.2962,4.6642
4.2962,4.8887
4.2962,3.6982
4.2962,4.2521
4.2962,3.5436
3.6982,3.9383
3.6982,4.2962
3.6982,4.2521
3.6982,3.1598
3.6982,3.5436
3.6982,3.8996
6.3701,5.5785
6.3701,6.7446
-0.82992,-1.6963
5.1356,5.1656
5.1356,5.1365
5.1356,5.7306
5.1356,5.7462
-7.2185,-6.3464
3.0113,2.0869
3.0113,2.6023
3.0113,2.5315
3.0113,2.7812
3.0113,3.4252
3.0113,2.7838
3.0113,2.655
7.0035,7.8944
7.0035,6.2726
7.0035,6.6751
-3.1598,-3.0973
-3.1598,-3.7261
-3.1598,-2.7634
-3.1598,-3.1863
-3.1598,-2.2579
-2.0657,-2.0606
-2.0657,-1.9984
-2.0657,-2.994
-2.0657,-2.6135
-2.0657,-1.8928
-2.0657,-1.3428
-2.0657,-2.986
-4.3213,-4.4347
-4.3213,-5.2552
-4.3213,-3.4358
-7.7817,-7.4195
-7.7817,-8.1708
5.7306,5.1656
5.7306,5.1365
5.7306,6.254
5.7306,5.1356
5.7306,5.8875
5.7306,6.3218
5.7306,5.7462
5.7306,6.0949
-2.0265,-2.5838
-2.0265,-1.9984
-2.0265,-1.6963
-2.0265,-1.329
-2.0265,-2.3428
-7.4195,-7.4915
-7.4195,-7.7817
-7.4195,-8.1708
-7.4195,-6.9001
-7.4195,-6.5805
5.8875,5.1656
5.8875,6.7061
5.8875,5.1365
5.8875,5.7306
5.8875,5.8726
5.8875,6.3218
5.8875,6.715
5.8875,4.9556
5.8875,5.5837
5.8875,6.0949
3.3743,4.042
3.3743,3.6022
6.6499,6.254
2.9328,2.5315
2.9328,2.8659
2.9328,3.8116
2.9328,2.7838
2.9328,2.655
4.5425,4.6642
5.9209,6.1846
5.9209,5.1926
5.9209,6.5089
5.9209,5.4619
5.9209,6.7209
-2.0199,-1.1298
-2.0199,-1.5479
-2.0199,-2.7634
-2.0199,-2.2579
-2.0199,-2.3846
-2.1788,-1.5479
-2.1788,-2.1682
-2.1788,-2.3846
-2.1788,-1.2449
-1.8203,-2.7596
-1.8203,-2.0487
-1.6963,-0.82992
-1.6963,-2.0265
-1.6963,-2.3428
-1.6963,-1.3541
-1.6963,-2.3756
5.8726,6.7061
5.8726,5.8875
5.8726,6.2726
5.8726,6.6751
5.8726,6.3218
5.8726,5.1182
5.8726,6.715
5.8726,5.5837
-3.0973,-3.1598
-3.0973,-2.2579
-6.2085,-6.1689
-6.2085,-5.305
-6.2085,-5.4299
-6.2085,-6.6388
-6.2085,-7.0257
-2.5555,-2.3277
-2.5555,-3.3693
-2.5555,-2.6032
5.4619,6.1846
5.4619,5.9209
-4.377,-3.4375
-4.377,-3.7261
-4.377,-3.3872
-4.377,-4.1409
-3.7261,-3.1598
-3.7261,-4.377
-3.7261,-4.4093
-3.7261,-3.3872
-3.7261,-2.7634
-3.7261,-3.1863
-2.8524,-2.7596
-2.8524,-2.9646
-2.8524,-2.5474
-2.8524,-2.9983
-2.8524,-2.0487
-2.8524,-3.5804
2.9007,3.0817
2.9007,3.1598
2.9007,3.8996
1.0388,0.20453
1.0388,1.2186
1.0388,1.7248
1.0388,0.85172
1.0388,1.1363
3.9334,4.1532
3.9334,3.9383
3.9334,4.2521
3.9334,4.7014
3.9334,3.8996
3.9334,4.7636
-2.0487,-2.7596
-2.0487,-2.9646
-2.0487,-2.5474
-2.0487,-1.6511
-2.0487,-1.8203
-2.0487,-2.8524
-2.0487,-1.7596
-2.0487,-2.6032
5.3384,4.6642
5.3384,4.8887
1.6609,2.044
1.6609,2.0869
1.6609,2.5315
4.042,4.5282
4.042,3.3743
4.042,4.4259
4.042,4.848
-5.4299,-6.1689
-5.4299,-6.2085
-1.1298,-2.0199
-1.1298,-1.5479
-8.1708,-7.4915
-8.1708,-7.7817
-8.1708,-7.4195
-8.1708,-8.4374
5.5785,5.3018
5.5785,6.3701
6.7209,7.2187
6.7209,6.1846
6.7209,5.9209
6.7209,6.7446
-1.7596,-2.3277
-1.7596,-2.5474
-1.7596,-1.6511
-1.7596,-2.0487
-1.7596,-2.6032
-3.3693,-2.5555
-3.3693,-3.5691
-3.3693,-2.6032
-3.3693,-2.9602
6.2726,5.4404
6.2726,7.0035
6.2726,5.8726
6.2726,6.6751
6.2726,6.715
-6.7048,-5.8483
-6.7048,-7.344
-6.7048,-6.3933
6.6751,6.7061
6.6751,7.0035
6.6751,5.8726
6.6751,6.2726
6.6751,7.4326
6.6751,6.715
-3.5691,-3.3693
-3.5691,-2.9602
-5.6551,-6.1169
-5.6551,-5.8051
-4.4093,-3.7261
-1.5479,-2.0199
-1.5479,-2.1788
-1.5479,-1.1298
-1.5479,-2.3846
-1.5479,-1.2449
2.8659,2.044
2.8659,2.9328
3.6022,3.3743
3.6022,2.7812
3.6022,3.7678
3.6022,4.4259
-7.4016,-7.7882
-7.4016,-6.4273
6.3218,6.7061
6.3218,5.7306
6.3218,5.8875
6.3218,5.8726
6.3218,6.715
6.3218,6.9375
6.3218,6.0949
-3.5804,-2.9646
-3.5804,-2.9983
-3.5804,-2.8524
-3.5804,-3.9947
-3.5804,-2.9602
-5.0762,-5.0276
-5.0762,-5.9389
2.7812,2.6023
2.7812,3.0113
2.7812,3.6022
2.7812,3.7678
4.2521,3.9383
4.2521,4.6642
4.2521,4.8887
4.2521,4.2962
4.2521,3.6982
4.2521,3.9334
4.2521,3.8996
4.2521,4.7636
-0.91094,-1.2082
-0.91094,0.034399
-0.91094,-0.34736
-0.91094,-1.8025
-3.3872,-3.4375
-3.3872,-4.377
-3.3872,-3.7261
-3.3872,-2.7634
-3.3872,-3.1863
-3.3872,-4.1409
-3.3872,-3.0605
0.034399,0.20453
0.034399,-0.099592
0.034399,-0.087719
0.034399,-0.91094
0.034399,-0.34736
0.034399,0.85172
-8.4374,-8.1708
-8.4374,-7.9754
4.7014,4.1532
4.7014,3.9334
4.7014,5.6206
4.7014,4.7636
7.4326,6.7061
7.4326,6.6751
7.4326,6.715
7.4326,7.7575
-0.34736,-0.099592
-0.34736,-1.2082
-0.34736,-0.087719
-0.34736,-0.91094
-0.34736,0.034399
5.7462,6.254
5.7462,5.1356
5.7462,5.7306
-1.8928,-2.0606
-1.8928,-2.5838
-1.8928,-1.9984
-1.8928,-1.0099
-1.8928,-2.0657
-3.9947,-4.4347
-3.9947,-2.9983
-3.9947,-3.5804
-5.2552,-6.2637
-5.2552,-4.4347
-5.2552,-4.3213
-1.8025,-1.2082
-1.8025,-0.91094
3.7678,4.3332
3.7678,3.6022
3.7678,2.7812
3.7678,3.4252
4.5656,5.1182
4.5656,4.9556
-2.7634,-3.1598
-2.7634,-2.0199
-2.7634,-3.7261
-2.7634,-3.3872
-2.7634,-3.1863
-2.7634,-2.2579
-2.7634,-2.3846
-3.1863,-3.4375
-3.1863,-3.1598
-3.1863,-3.7261
-3.1863,-3.3872
-3.1863,-2.7634
-3.1863,-2.3846
-3.1863,-3.0605
3.4252,4.3332
3.4252,3.0113
3.4252,3.7678
-6.9001,-7.4915
-6.9001,-7.4195
-6.9001,-6.5805
-6.4273,-6.2637
-6.4273,-7.4016
5.1182,5.4404
5.1182,5.8726
5.1182,4.5656
5.1182,4.9556
5.1182,5.5837
3.1598,3.9383
3.1598,3.6982
3.1598,2.9007
-2.1682,-1.3576
-2.1682,-2.1788
-2.1682,-3.0605
-1.329,-1.9984
-1.329,-2.0265
3.8116,2.9328
5.6206,4.7014
5.6206,5.2015
-2.2579,-3.1598
-2.2579,-2.0199
-2.2579,-3.0973
-2.2579,-2.7634
-7.9754,-7.4915
-7.9754,-8.4374
-3.1041,-2.5838
-3.1041,-2.994
-4.1409,-3.4375
-4.1409,-4.377
-4.1409,-3.3872
-1.3428,-2.0606
-1.3428,-2.0657
-8.2944,-7.7882
-3.4358,-4.4347
-3.4358,-2.9983
-3.4358,-4.3213
-3.4358,-3.1051
-2.3428,-2.0265
-2.3428,-1.6963
-2.3428,-2.3756
5.2015,4.8887
5.2015,6.0672
5.2015,5.6206
5.2015,4.7636
4.4259,4.5282
4.4259,4.042
4.4259,3.6022
3.5436,4.2962
3.5436,3.6982
-3.1051,-3.4358
4.848,5.1926
4.848,4.042
6.715,6.7061
6.715,5.8875
6.715,5.8726
6.715,6.2726
6.715,6.6751
6.715,6.3218
6.715,7.4326
2.7838,2.5315
2.7838,3.0113
2.7838,2.9328
2.7838,2.655
-2.6032,-2.3277
-2.6032,-2.5474
-2.6032,-1.6511
-2.6032,-2.5555
-2.6032,-2.0487
-2.6032,-1.7596
-2.6032,-3.3693
-2.6032,-2.9602
-6.6388,-6.1689
-6.6388,-6.2085
-6.6388,-7.2429
3.8996,3.9383
3.8996,3.6982
3.8996,2.9007
3.8996,3.9334
3.8996,4.2521
3.8996,4.7636
-7.344,-6.7048
-7.344,-6.3933
-1.3541,-1.6963
6.9375,6.7061
6.9375,6.3218
6.9375,6.0949
-4.6096,-4.132
-4.6096,-3.88
-4.6096,-5.0276
-5.9389,-6.3464
-5.9389,-5.0762
4.7636,3.9383
4.7636,4.8887
4.7636,3.9334
4.7636,4.2521
4.7636,4.7014
4.7636,5.2015
4.7636,3.8996
6.7446,6.1846
6.7446,6.3701
6.7446,6.7209
-6.5805,-7.4195
-6.5805,-6.9001
4.9556,5.1656
4.9556,5.1365
4.9556,5.8875
4.9556,4.5656
4.9556,5.1182
4.9556,5.5837
-5.8051,-6.3464
-5.8051,-6.1169
-5.8051,-5.0276
-5.8051,-5.6551
-2.3846,-2.0199
-2.3846,-2.1788
-2.3846,-1.5479
-2.3846,-2.7634
-2.3846,-3.1863
-7.0276,-7.7882
-7.2429,-6.6388
-7.2429,-7.0257
-2.986,-2.5838
-2.986,-2.994
-2.986,-2.6135
-2.986,-2.0657
-2.986,-3.3891
7.7575,7.4326
-3.3891,-2.994
-3.3891,-2.6135
-3.3891,-3.88
-3.3891,-2.986
-7.0257,-6.2085
-7.0257,-7.2429
1.6475,2.1355
1.6475,1.1363
-1.2449,-1.3576
-1.2449,-2.1788
-1.2449,-1.5479
5.5837,5.1656
5.5837,5.1365
5.5837,5.8875
5.5837,5.8726
5.5837,5.1182
5.5837,4.9556
-0.96173,-0.099592
-0.96173,-1.2082
-0.96173,-1.6511
1.7248,1.2186
1.7248,2.1355
1.7248,1.0388
1.7248,0.85172
-2.3756,-1.6963
-2.3756,-2.3428
-6.3933,-6.7048
-6.3933,-7.344
-3.0605,-3.4375
-3.0605,-3.3872
-3.0605,-3.1863
-3.0605,-2.1682
2.655,2.044
2.655,2.5315
2.655,3.0113
2.655,2.9328
2.655,2.7838
0.85172,-0.087719
0.85172,1.0388
0.85172,0.034399
0.85172,1.7248
-2.9602,-2.3277
-2.9602,-2.5474
-2.9602,-3.3693
-2.9602,-3.5691
-2.9602,-3.5804
-2.9602,-2.6032
6.0949,5.1656
6.0949,6.254
6.0949,5.7306
6.0949,5.8875
6.0949,6.3218
6.0949,6.9375
1.1363,0.20453
1.1363,1.2186
1.1363,2.1355
1.1363,1.0388
1.1363,1.6475
