3.949,3.2284
3.949,4.2104
3.949,4.6924
3.949,4.6403
3.949,4.574
-2.8083,-2.0918
-2.8083,-1.8633
-2.8083,-3.5664
-2.8083,-2.6242
-2.8083,-3.6736
-2.8083,-2.6421
-2.8083,-2.3679
-2.8083,-2.7787
-2.8083,-2.8412
-2.8083,-2.9896
-2.8083,-3.6466
-2.8083,-2.5296
-5.4527,-6.115
-5.4527,-5.8868
-1.0672,-1.8633
-1.0672,-1.8168
-1.0672,-0.14708
-1.0672,-0.97575
-1.0672,-1.6297
-1.0672,-1.9337
-1.0672,-1.0906
3.4043,4.3022
3.4043,3.8597
3.4043,3.3794
3.4043,2.5995
3.4043,3.0583
3.4043,2.5896
3.4043,3.5985
3.4043,3.7037
3.4043,2.5106
3.4043,3.2421
5.2498,4.5824
5.2498,4.3036
5.2498,5.6434
5.2498,4.9125
5.2498,5.8077
5.2498,4.7161
5.2498,4.7701
5.2498,5.0036
4.5824,5.2498
4.5824,4.3036
4.5824,4.5713
4.5824,4.9125
4.5824,4.7161
4.5824,3.9324
4.5824,4.5512
4.5824,4.7701
4.5824,5.0036
4.5824,4.2338
-4.54,-3.6736
-4.54,-4.5196
-4.54,-3.6466
6.3062,5.9084
6.3062,6.2325
6.3062,5.6353
6.3062,5.5188
6.3062,6.5203
5.0617,4.5713
5.0617,5.6605
5.0617,4.9125
5.0617,4.7161
5.0617,5.2514
5.0617,5.4415
5.0617,4.5512
5.0617,4.3789
5.0617,4.3065
5.0617,4.2778
5.0617,4.8843
5.0617,5.2259
5.0617,5.3845
5.9084,6.3062
5.9084,5.6353
5.9084,5.5188
5.9084,6.5203
5.9084,4.9487
5.9084,5.7042
-6.115,-5.4527
-6.115,-6.3477
-6.115,-5.8868
-2.464,-2.6242
-2.464,-2.6421
-2.464,-1.6297
-2.464,-2.7787
-2.464,-2.8412
-2.464,-1.7039
-2.464,-2.5296
-0.86742,-0.68634
-0.86742,-1.4867
-0.86742,-0.66774
-0.86742,-1.5775
-0.86742,-1.4497
-0.86742,-1.5108
-0.86742,0.078733
-0.86742,-0.74514
-0.5815,-0.68634
-0.5815,-0.66774
-0.5815,0.20499
5.629,5.2259
5.629,6.2325
5.629,5.5188
4.3036,5.2498
4.3036,4.5824
4.3036,3.9324
4.3036,4.2338
5.1086,4.2222
5.1086,4.9487
5.1086,4.6045
5.1086,5.7042
6.0812,6.4606
6.0812,5.6434
6.0812,5.8077
6.0812,5.2514
6.0812,6.3459
6.0812,5.4415
6.0812,6.1413
6.0812,6.1881
6.0812,5.3845
-3.4055,-3.3498
-3.4055,-2.5075
-3.4055,-2.4534
-3.4055,-4.3325
-3.4055,-3.081
-3.4055,-3.2393
-5.1568,-5.2413
-5.1568,-5.6984
-5.1568,-6.1318
-2.0918,-2.8083
-2.0918,-1.8633
-2.0918,-2.6242
-2.0918,-1.8168
-2.0918,-2.6421
-2.0918,-1.6297
-2.0918,-2.3679
-2.0918,-2.7787
-2.0918,-2.8412
-2.0918,-2.9896
-2.0918,-1.9337
-2.0918,-2.5296
-7.304,-6.6483
-7.304,-7.0235
-7.304,-6.3527
-7.304,-7.1657
-5.4436,-5.126
-5.4436,-5.4114
-5.4436,-6.0615
-5.4436,-5.5263
-5.4436,-5.071
-5.4436,-5.3678
-5.4436,-6.2828
-5.4436,-4.6113
-5.4436,-5.6918
-5.4436,-5.5812
4.3022,3.4043
4.3022,3.8597
4.3022,3.9408
4.3022,4.622
4.3022,3.5985
4.3022,3.7037
4.3022,4.2565
4.3022,4.5163
4.3022,4.2183
4.3022,4.1725
-0.68634,-0.86742
-0.68634,-0.5815
-0.68634,-1.4867
-0.68634,-0.66774
-0.68634,-1.4497
-0.68634,-1.5108
-0.68634,0.20499
-0.68634,0.15035
-0.68634,-1.574
-1.8633,-2.8083
-1.8633,-1.0672
-1.8633,-2.0918
-1.8633,-1.8168
-1.8633,-0.97575
-1.8633,-2.6421
-1.8633,-1.6297
-1.8633,-2.3679
-1.8633,-1.7039
-1.8633,-1.9337
-1.8633,-2.5296
-1.8633,-1.0906
3.8597,3.4043
3.8597,4.3022
3.8597,3.3794
3.8597,3.9408
3.8597,4.622
3.8597,3.5985
3.8597,3.7037
3.8597,4.1725
3.8597,3.2421
-8.0117,-8.1437
4.5713,4.5824
4.5713,5.0617
4.5713,4.9125
4.5713,4.1342
4.5713,4.7161
4.5713,3.9324
4.5713,5.4415
4.5713,4.5512
4.5713,4.3789
4.5713,4.3065
4.5713,4.7701
4.5713,3.6766
4.5713,5.0036
4.5713,4.2338
-6.0465,-6.7004
-6.0465,-5.5263
-6.0465,-5.6445
-6.0465,-5.2413
-6.0465,-6.3753
-6.0465,-5.4431
-6.0465,-6.5286
-6.0465,-6.2965
5.2259,5.629
5.2259,5.6353
5.2259,5.5188
5.2259,4.6961
5.2259,4.8862
5.2259,4.6618
5.2259,4.6309
1.1008,1.1836
1.1008,0.20499
-1.4867,-0.86742
-1.4867,-0.68634
-1.4867,-0.66774
-1.4867,-2.4408
-1.4867,-1.5775
-1.4867,-1.4497
-1.4867,-2.1028
-1.4867,-1.5108
-1.4867,-1.6804
-1.4867,-1.574
6.4606,6.0812
6.4606,5.6434
6.4606,6.3459
6.4606,6.1413
6.4606,6.1881
5.6605,5.0617
5.6605,5.1358
5.6605,4.9732
5.6605,5.2514
5.6605,6.3459
5.6605,6.1413
5.6605,4.8843
5.6605,5.2259
5.6605,4.9233
5.6605,6.1881
5.6605,5.9079
5.6605,5.3845
5.6605,5.2023
3.3794,3.4043
3.3794,3.8597
3.3794,2.5995
3.3794,2.5896
3.3794,3.5985
3.3794,3.7037
3.3794,3.3571
3.3794,4.2183
5.6434,5.2498
5.6434,6.0812
5.6434,6.4606
5.6434,4.9125
5.6434,5.8077
5.6434,4.7161
5.6434,5.2514
5.6434,5.4415
5.6434,6.1413
5.6434,4.7701
5.6434,5.0036
5.6434,5.3845
3.2284,3.949
3.2284,3.8211
3.2284,3.9408
3.2284,3.0583
3.2284,4.0133
3.2284,2.983
-5.126,-5.4436
-5.126,-5.4114
-5.126,-6.0615
-5.126,-5.5263
-5.126,-5.071
-5.126,-4.6113
-5.126,-4.4681
-5.126,-5.4431
-5.126,-4.3622
-5.126,-4.4559
-5.126,-5.6918
-5.126,-5.2248
3.5532,4.1342
3.5532,3.9324
3.5532,4.5512
3.5532,4.3789
3.5532,4.3065
3.5532,3.6766
-3.3498,-3.4055
-3.3498,-2.5075
-3.3498,-2.6907
-3.3498,-2.4408
-3.3498,-2.4534
-3.3498,-3.081
-3.3498,-3.2393
6.2325,6.3062
6.2325,5.629
6.2325,5.6353
6.2325,5.5188
6.2325,6.5203
0.81379,1.1836
0.81379,0.078733
5.6353,6.3062
5.6353,5.9084
5.6353,5.2259
5.6353,6.2325
5.6353,5.5188
5.6353,4.6961
5.6353,4.8862
5.6353,4.6618
5.6353,6.5203
5.6353,4.9487
5.6353,5.7042
-6.0357,-5.3678
-6.0357,-6.3527
-6.0357,-5.5812
-3.5664,-2.8083
-3.5664,-3.6736
-3.5664,-2.6421
-3.5664,-2.8412
-3.5664,-2.9896
-3.5664,-3.6466
-2.6242,-2.8083
-2.6242,-2.464
-2.6242,-2.0918
-2.6242,-3.5735
-2.6242,-1.8168
-2.6242,-2.6421
-2.6242,-1.6297
-2.6242,-2.7787
-2.6242,-2.8412
-2.6242,-1.7039
-2.6242,-2.5296
-0.66774,-0.86742
-0.66774,-0.5815
-0.66774,-0.68634
-0.66774,-1.4867
-0.66774,-1.5775
-0.66774,-1.4497
-0.66774,-1.5108
-0.66774,0.20499
-0.66774,0.15035
-0.66774,-1.574
-0.66774,0.078733
-0.66774,-0.74514
4.9444,4.2104
4.9444,5.1358
4.9444,4.2565
4.9444,5.0784
4.9444,5.0916
4.9444,4.574
-3.6736,-2.8083
-3.6736,-4.54
-3.6736,-3.5664
-3.6736,-4.5196
-3.6736,-3.5735
-3.6736,-2.7787
-3.6736,-2.8412
-3.6736,-3.6466
5.8339,5.1358
5.8339,4.9732
5.8339,5.0784
5.8339,5.9079
5.8339,5.2023
-6.6483,-7.304
-6.6483,-6.0615
-6.6483,-6.2828
-6.6483,-7.0235
-6.6483,-6.3527
-6.6483,-6.3252
-6.6483,-7.1657
-2.5075,-3.4055
-2.5075,-3.3498
-2.5075,-2.6907
-2.5075,-2.4408
-2.5075,-1.5775
-2.5075,-2.4534
-2.5075,-2.3433
-2.5075,-2.1028
-2.5075,-1.5108
-2.5075,-1.6804
-2.5075,-1.574
-2.5075,-3.2393
-2.6907,-3.3498
-2.6907,-2.5075
-2.6907,-2.4408
-2.6907,-2.4534
-4.5196,-4.54
-4.5196,-3.6736
-4.5196,-3.5735
4.9125,5.2498
4.9125,4.5824
4.9125,5.0617
4.9125,4.5713
4.9125,5.6434
4.9125,4.1342
4.9125,5.8077
4.9125,4.7161
4.9125,5.2514
4.9125,5.4415
4.9125,4.5512
4.9125,4.3789
4.9125,4.3065
4.9125,4.7701
4.9125,5.0036
4.9125,4.8843
4.1342,4.5713
4.1342,3.5532
4.1342,4.9125
4.1342,4.7161
4.1342,4.5512
4.1342,4.3789
4.1342,4.3065
4.1342,4.7701
4.1342,3.6766
4.1342,4.2778
4.1342,4.8843
4.2222,5.1086
4.2222,4.9487
4.2222,4.6045
4.2222,3.7597
-1.69,-2.3679
-1.69,-1.9337
-1.69,-1.0906
3.8211,3.2284
3.8211,4.2104
3.8211,3.9408
3.8211,3.0583
3.8211,3.5985
3.8211,4.2565
3.8211,4.0133
3.8211,4.1725
3.8211,2.983
3.8211,3.2421
-6.3477,-6.115
-6.3477,-5.8868
-6.3477,-5.6984
-6.3477,-7.0919
-6.3477,-6.1318
2.5995,3.4043
2.5995,3.3794
2.5995,2.5896
2.5995,2.5106
2.5995,3.2421
5.8077,5.2498
5.8077,6.0812
5.8077,5.6434
5.8077,4.9125
5.8077,5.4415
5.8077,6.1413
5.8077,5.0036
-5.4114,-5.4436
-5.4114,-5.126
-5.4114,-6.0615
-5.4114,-5.5263
-5.4114,-5.071
-5.4114,-5.4431
-5.4114,-6.3252
-5.4114,-5.6918
-5.4114,-5.2248
-5.4114,-6.2965
4.2104,3.949
4.2104,4.9444
4.2104,3.8211
4.2104,4.6924
4.2104,4.9732
4.2104,4.6403
4.2104,5.0784
4.2104,4.0133
4.2104,4.574
-3.5735,-2.6242
-3.5735,-3.6736
-3.5735,-4.5196
-3.5735,-2.7787
-3.5735,-2.8412
-3.5735,-3.6466
-6.0615,-5.4436
-6.0615,-5.126
-6.0615,-6.6483
-6.0615,-5.4114
-6.0615,-5.5263
-6.0615,-6.2828
-6.0615,-6.3527
-6.0615,-6.3252
-6.0615,-5.6918
-6.0615,-6.5286
-6.0615,-6.2965
-8.6607,-9.0426
-8.6607,-7.6923
-8.6607,-8.1437
-8.6607,-9.0798
4.6924,3.949
4.6924,4.2104
4.6924,5.1358
4.6924,4.9732
4.6924,4.6403
4.6924,4.2778
4.6924,4.8843
4.6924,5.2259
4.6924,4.9233
4.6924,4.574
4.6924,5.2023
-6.7004,-6.0465
-6.7004,-6.3753
-6.7004,-6.2897
-6.7004,-6.1318
-1.8168,-1.0672
-1.8168,-2.0918
-1.8168,-1.8633
-1.8168,-2.6242
-1.8168,-0.97575
-1.8168,-2.6421
-1.8168,-1.6297
-1.8168,-2.7787
-1.8168,-1.7039
-1.8168,-1.9337
-1.8168,-2.5296
-9.0426,-8.6607
-9.0426,-8.1332
-0.14708,-1.0672
-0.14708,-0.97575
5.1358,5.6605
5.1358,4.9444
5.1358,5.8339
5.1358,4.6924
5.1358,4.9732
5.1358,4.6403
5.1358,5.0784
5.1358,4.9233
5.1358,4.574
5.1358,5.9079
5.1358,5.2023
3.6895,4.6618
3.6895,3.7597
3.9408,4.3022
3.9408,3.8597
3.9408,3.2284
3.9408,3.8211
3.9408,4.622
3.9408,3.0583
3.9408,3.5985
3.9408,4.2565
3.9408,4.0133
3.9408,4.1725
3.9408,2.983
3.9408,3.2421
4.622,4.3022
4.622,3.8597
4.622,3.9408
4.622,4.2565
4.622,4.5163
4.622,4.1725
4.622,5.0916
4.7161,5.2498
4.7161,4.5824
4.7161,5.0617
4.7161,4.5713
4.7161,5.6434
4.7161,4.9125
4.7161,4.1342
4.7161,3.9324
4.7161,5.2514
4.7161,5.4415
4.7161,4.5512
4.7161,4.3789
4.7161,4.3065
4.7161,4.7701
4.7161,5.0036
4.7161,4.2338
5.5188,6.3062
5.5188,5.9084
5.5188,5.629
5.5188,5.2259
5.5188,6.2325
5.5188,5.6353
5.5188,4.6961
5.5188,4.8862
5.5188,4.6618
5.5188,6.5203
5.5188,5.7042
3.0583,3.4043
3.0583,3.2284
3.0583,3.8211
3.0583,3.9408
3.0583,2.5896
3.0583,3.5985
3.0583,2.5106
3.0583,2.983
3.0583,3.2421
-5.5263,-5.4436
-5.5263,-6.0465
-5.5263,-5.126
-5.5263,-5.4114
-5.5263,-6.0615
-5.5263,-6.3753
-5.5263,-5.4431
-5.5263,-6.3252
-5.5263,-5.6918
-5.5263,-6.5286
-5.5263,-5.2248
-5.5263,-6.2965
2.5896,3.4043
2.5896,3.3794
2.5896,2.5995
2.5896,3.0583
2.5896,2.5106
2.5896,3.2421
-0.97575,-1.0672
-0.97575,-1.8633
-0.97575,-1.8168
-0.97575,-0.14708
-0.97575,-1.6297
-0.97575,-1.0906
4.9732,5.6605
4.9732,5.8339
4.9732,4.2104
4.9732,4.6924
4.9732,5.1358
4.9732,4.6403
4.9732,5.0784
4.9732,5.2259
4.9732,4.9233
4.9732,4.574
4.9732,5.9079
4.9732,5.2023
-5.071,-5.4436
-5.071,-5.126
-5.071,-5.4114
-5.071,-5.3678
-5.071,-4.6113
-5.071,-4.4681
-5.071,-4.4559
-5.071,-5.6918
-5.071,-5.5812
-5.6445,-6.0465
-5.6445,-5.2413
-5.6445,-6.3753
-5.6445,-5.4431
-5.6445,-6.2897
-5.6445,-4.6962
-2.6826,-3.6538
-2.6826,-3.081
-2.6826,-2.3433
-2.6826,-2.1028
-2.6826,-1.7687
-2.6826,-3.2393
4.6961,5.2259
4.6961,5.6353
4.6961,5.5188
4.6961,4.8862
4.6961,4.6618
4.6961,4.9487
4.6961,4.6045
-4.4452,-5.4431
-4.4452,-4.3622
-4.4452,-4.4559
-4.4452,-5.2248
-4.4452,-4.6962
-5.3678,-5.4436
-5.3678,-6.0357
-5.3678,-5.071
-5.3678,-4.4681
-5.3678,-6.3527
-5.3678,-5.5812
-2.4408,-1.4867
-2.4408,-3.3498
-2.4408,-2.5075
-2.4408,-2.6907
-2.4408,-2.4534
-2.4408,-2.3433
-2.4408,-2.1028
-2.4408,-1.5108
-2.4408,-1.6804
-2.4408,-1.574
3.2239,3.9324
3.2239,3.6766
1.1836,1.1008
1.1836,0.81379
3.9324,4.5824
3.9324,4.3036
3.9324,4.5713
3.9324,3.5532
3.9324,4.7161
3.9324,3.2239
3.9324,4.5512
3.9324,4.3065
3.9324,4.7701
3.9324,3.6766
3.9324,4.2338
-1.5775,-0.86742
-1.5775,-1.4867
-1.5775,-0.66774
-1.5775,-2.5075
-1.5775,-2.4534
-1.5775,-1.4497
-1.5775,-2.3433
-1.5775,-2.1028
-1.5775,-1.5108
-1.5775,-1.7687
-1.5775,-1.6804
-1.5775,-1.574
5.2514,5.0617
5.2514,6.0812
5.2514,5.6605
5.2514,5.6434
5.2514,4.9125
5.2514,4.7161
5.2514,5.4415
5.2514,4.5512
5.2514,4.3789
5.2514,6.1413
5.2514,4.8843
5.2514,5.2259
5.2514,6.1881
5.2514,5.3845
3.5985,3.4043
3.5985,4.3022
3.5985,3.8597
3.5985,3.3794
3.5985,3.8211
3.5985,3.9408
3.5985,3.0583
3.5985,3.7037
3.5985,4.2565
3.5985,4.0133
3.5985,4.1725
3.5985,2.983
3.5985,3.2421
4.8862,5.2259
4.8862,5.6353
4.8862,5.5188
4.8862,4.6961
4.8862,4.6618
4.8862,4.9487
4.8862,4.6045
4.8862,5.7042
-6.2828,-5.4436
-6.2828,-6.6483
-6.2828,-6.0615
-6.2828,-6.3527
-6.2828,-6.3252
-6.2828,-5.6918
-6.2828,-6.5286
-6.2828,-7.1657
3.7037,3.4043
3.7037,4.3022
3.7037,3.8597
3.7037,3.3794
3.7037,3.5985
3.7037,4.5163
3.7037,3.3571
3.7037,4.2183
3.7037,3.2421
-9.7924,-9.0798
-7.6923,-8.6607
-7.6923,-8.1437
-7.6923,-8.1332
4.6618,5.2259
4.6618,5.6353
4.6618,3.6895
4.6618,5.5188
4.6618,4.6961
4.6618,4.8862
4.6618,4.6309
4.6618,4.9487
4.6618,4.6045
6.5203,6.3062
6.5203,5.9084
6.5203,6.2325
6.5203,5.6353
6.5203,5.5188
-2.4534,-3.4055
-2.4534,-3.3498
-2.4534,-2.5075
-2.4534,-2.6907
-2.4534,-2.4408
-2.4534,-1.5775
-2.4534,-3.081
-2.4534,-1.4497
-2.4534,-2.3433
-2.4534,-2.1028
-2.4534,-3.2393
-3.6538,-2.6826
-3.6538,-3.081
6.3459,6.0812
6.3459,6.4606
6.3459,5.6605
6.3459,6.1413
6.3459,6.1881
6.3459,5.9079
6.3459,5.3845
-5.2413,-5.1568
-5.2413,-6.0465
-5.2413,-5.6445
-5.2413,-4.6962
5.4415,5.0617
5.4415,6.0812
5.4415,4.5713
5.4415,5.6434
5.4415,4.9125
5.4415,5.8077
5.4415,4.7161
5.4415,5.2514
5.4415,4.5512
5.4415,6.1413
5.4415,4.7701
5.4415,5.0036
5.4415,4.8843
5.4415,5.2259
5.4415,6.1881
5.4415,5.3845
-4.3325,-3.4055
-2.6421,-2.8083
-2.6421,-2.464
-2.6421,-2.0918
-2.6421,-1.8633
-2.6421,-3.5664
-2.6421,-2.6242
-2.6421,-1.8168
-2.6421,-2.3679
-2.6421,-2.7787
-2.6421,-2.8412
-2.6421,-2.9896
-2.6421,-3.6466
-2.6421,-1.9337
-2.6421,-2.5296
-6.3753,-6.0465
-6.3753,-6.7004
-6.3753,-5.5263
-6.3753,-5.6445
-6.3753,-5.4431
-6.3753,-6.3252
-6.3753,-6.5286
-6.3753,-6.2965
2.5106,3.4043
2.5106,2.5995
2.5106,3.0583
2.5106,2.5896
2.5106,2.983
2.5106,3.2421
4.2565,4.3022
4.2565,4.9444
4.2565,3.8211
4.2565,3.9408
4.2565,4.622
4.2565,3.5985
4.2565,4.0133
4.2565,4.1725
4.2565,5.0916
4.2565,4.574
4.5163,4.3022
4.5163,4.622
4.5163,3.7037
4.5163,4.2183
-7.0235,-7.304
-7.0235,-6.6483
-7.0235,-6.3527
4.6403,3.949
4.6403,4.2104
4.6403,4.6924
4.6403,5.1358
4.6403,4.9732
4.6403,4.2778
4.6403,4.8843
4.6403,5.2259
4.6403,4.9233
4.6403,5.2023
-3.081,-3.4055
-3.081,-3.3498
-3.081,-2.6826
-3.081,-2.4534
-3.081,-3.6538
-3.081,-2.3433
-3.081,-2.1028
-3.081,-3.2393
-5.8868,-5.4527
-5.8868,-6.115
-5.8868,-6.3477
-5.8868,-5.6984
3.3571,3.3794
3.3571,3.7037
3.3571,4.2183
4.5512,4.5824
4.5512,5.0617
4.5512,4.5713
4.5512,3.5532
4.5512,4.9125
4.5512,4.1342
4.5512,4.7161
4.5512,3.9324
4.5512,5.2514
4.5512,5.4415
4.5512,4.3789
4.5512,4.3065
4.5512,4.7701
4.5512,5.0036
4.5512,4.8843
-1.4497,-0.86742
-1.4497,-0.68634
-1.4497,-1.4867
-1.4497,-0.66774
-1.4497,-1.5775
-1.4497,-2.4534
-1.4497,-2.3433
-1.4497,-2.1028
-1.4497,-1.5108
-1.4497,-1.7687
-1.4497,-1.6804
-1.4497,-1.574
-1.4497,-0.74514
-4.6113,-5.4436
-4.6113,-5.126
-4.6113,-5.071
-4.6113,-4.4681
-4.6113,-4.3622
-4.6113,-4.4559
-2.3433,-2.5075
-2.3433,-2.6826
-2.3433,-2.4408
-2.3433,-1.5775
-2.3433,-2.4534
-2.3433,-3.081
-2.3433,-1.4497
-2.3433,-2.1028
-2.3433,-1.7687
-2.3433,-3.2393
-9.0665,-9.0798
4.3789,5.0617
4.3789,4.5713
4.3789,3.5532
4.3789,4.9125
4.3789,4.1342
4.3789,4.7161
4.3789,5.2514
4.3789,4.5512
4.3789,4.3065
4.3789,4.7701
4.3789,4.2778
4.3789,5.0036
4.3789,4.8843
6.1413,6.0812
6.1413,6.4606
6.1413,5.6605
6.1413,5.6434
6.1413,5.8077
6.1413,5.2514
6.1413,6.3459
6.1413,5.4415
6.1413,6.1881
6.1413,5.3845
-2.1028,-1.4867
-2.1028,-2.5075
-2.1028,-2.6826
-2.1028,-2.4408
-2.1028,-1.5775
-2.1028,-2.4534
-2.1028,-3.081
-2.1028,-1.4497
-2.1028,-2.3433
-2.1028,-1.5108
-2.1028,-1.7687
5.0784,4.9444
5.0784,5.8339
5.0784,4.2104
5.0784,5.1358
5.0784,4.9732
5.0784,4.574
-1.6297,-1.0672
-1.6297,-2.464
-1.6297,-2.0918
-1.6297,-1.8633
-1.6297,-2.6242
-1.6297,-1.8168
-1.6297,-0.97575
-1.6297,-1.7039
-1.6297,-2.5296
-1.5108,-0.86742
-1.5108,-0.68634
-1.5108,-1.4867
-1.5108,-0.66774
-1.5108,-2.5075
-1.5108,-2.4408
-1.5108,-1.5775
-1.5108,-1.4497
-1.5108,-2.1028
-1.5108,-1.6804
-1.5108,-1.574
-4.4681,-5.126
-4.4681,-5.071
-4.4681,-5.3678
-4.4681,-4.6113
-4.4681,-4.4559
-1.7687,-2.6826
-1.7687,-1.5775
-1.7687,-1.4497
-1.7687,-2.3433
-1.7687,-2.1028
4.2183,4.3022
4.2183,3.3794
4.2183,3.7037
4.2183,4.5163
4.2183,3.3571
4.3065,5.0617
4.3065,4.5713
4.3065,3.5532
4.3065,4.9125
4.3065,4.1342
4.3065,4.7161
4.3065,3.9324
4.3065,4.5512
4.3065,4.3789
4.3065,4.7701
4.3065,3.6766
4.3065,4.2778
4.3065,5.0036
4.3065,4.8843
-5.4431,-6.0465
-5.4431,-5.126
-5.4431,-5.4114
-5.4431,-5.5263
-5.4431,-5.6445
-5.4431,-4.4452
-5.4431,-6.3753
-5.4431,-5.6918
-5.4431,-5.2248
-5.4431,-6.2965
-4.3622,-5.126
-4.3622,-4.4452
-4.3622,-4.6113
-4.3622,-4.4559
-4.3622,-5.2248
4.0133,3.2284
4.0133,3.8211
4.0133,4.2104
4.0133,3.9408
4.0133,3.5985
4.0133,4.2565
4.0133,4.1725
4.0133,4.574
-8.1437,-8.0117
-8.1437,-8.6607
-8.1437,-7.6923
-8.1437,-9.0798
-6.3527,-7.304
-6.3527,-6.0357
-6.3527,-6.6483
-6.3527,-6.0615
-6.3527,-5.3678
-6.3527,-6.2828
-6.3527,-7.0235
-6.3527,-5.5812
4.7701,5.2498
4.7701,4.5824
4.7701,4.5713
4.7701,5.6434
4.7701,4.9125
4.7701,4.1342
4.7701,4.7161
4.7701,3.9324
4.7701,5.4415
4.7701,4.5512
4.7701,4.3789
4.7701,4.3065
4.7701,5.0036
4.7701,4.2338
3.6766,4.5713
3.6766,3.5532
3.6766,4.1342
3.6766,3.2239
3.6766,3.9324
3.6766,4.3065
3.6766,4.2338
-2.3679,-2.8083
-2.3679,-2.0918
-2.3679,-1.8633
-2.3679,-1.69
-2.3679,-2.6421
-2.3679,-2.9896
-2.3679,-1.9337
-2.7787,-2.8083
-2.7787,-2.464
-2.7787,-2.0918
-2.7787,-2.6242
-2.7787,-3.6736
-2.7787,-3.5735
-2.7787,-1.8168
-2.7787,-2.6421
-2.7787,-2.8412
-2.7787,-3.6466
-2.7787,-2.5296
4.1725,4.3022
4.1725,3.8597
4.1725,3.8211
4.1725,3.9408
4.1725,4.622
4.1725,3.5985
4.1725,4.2565
4.1725,4.0133
4.1725,5.0916
4.1725,4.574
4.2778,5.0617
4.2778,4.1342
4.2778,4.6924
4.2778,4.6403
4.2778,4.3789
4.2778,4.3065
4.2778,4.8843
4.2778,5.2259
4.2778,4.9233
-4.4559,-5.126
-4.4559,-5.071
-4.4559,-4.4452
-4.4559,-4.6113
-4.4559,-4.4681
-4.4559,-4.3622
-4.4559,-5.2248
-9.0798,-8.6607
-9.0798,-9.7924
-9.0798,-9.0665
-9.0798,-8.1437
-2.8412,-2.8083
-2.8412,-2.464
-2.8412,-2.0918
-2.8412,-3.5664
-2.8412,-2.6242
-2.8412,-3.6736
-2.8412,-3.5735
-2.8412,-2.6421
-2.8412,-2.7787
-2.8412,-2.9896
-2.8412,-3.6466
-2.8412,-2.5296
-5.6984,-5.1568
-5.6984,-6.3477
-5.6984,-5.8868
-5.6984,-6.1318
-1.7039,-2.464
-1.7039,-1.8633
-1.7039,-2.6242
-1.7039,-1.8168
-1.7039,-1.6297
-1.7039,-2.5296
-6.3252,-6.6483
-6.3252,-5.4114
-6.3252,-6.0615
-6.3252,-5.5263
-6.3252,-6.2828
-6.3252,-6.3753
-6.3252,-5.6918
-6.3252,-6.5286
-6.3252,-7.1657
-6.3252,-6.2965
0.20499,-0.5815
0.20499,-0.68634
0.20499,1.1008
0.20499,-0.66774
0.20499,0.15035
0.20499,0.078733
-2.9896,-2.8083
-2.9896,-2.0918
-2.9896,-3.5664
-2.9896,-2.6421
-2.9896,-2.3679
-2.9896,-2.8412
-2.9896,-3.6466
5.0036,5.2498
5.0036,4.5824
5.0036,4.5713
5.0036,5.6434
5.0036,4.9125
5.0036,5.8077
5.0036,4.7161
5.0036,5.4415
5.0036,4.5512
5.0036,4.3789
5.0036,4.3065
5.0036,4.7701
5.0036,4.2338
4.6309,5.2259
4.6309,4.6618
4.8843,5.0617
4.8843,5.6605
4.8843,4.9125
4.8843,4.1342
4.8843,4.6924
4.8843,5.2514
4.8843,5.4415
4.8843,4.6403
4.8843,4.5512
4.8843,4.3789
4.8843,4.3065
4.8843,4.2778
4.8843,5.2259
4.8843,4.9233
4.8843,5.3845
4.8843,5.2023
-5.6918,-5.4436
-5.6918,-5.126
-5.6918,-5.4114
-5.6918,-6.0615
-5.6918,-5.5263
-5.6918,-5.071
-5.6918,-6.2828
-5.6918,-5.4431
-5.6918,-6.3252
-5.6918,-5.2248
-5.6918,-5.5812
4.9487,5.9084
4.9487,5.1086
4.9487,5.6353
4.9487,4.2222
4.9487,4.6961
4.9487,4.8862
4.9487,4.6618
4.9487,4.6045
4.9487,5.7042
5.2259,5.0617
5.2259,5.6605
5.2259,4.6924
5.2259,4.9732
5.2259,5.2514
5.2259,5.4415
5.2259,4.6403
5.2259,4.2778
5.2259,4.8843
5.2259,4.9233
5.2259,6.1881
5.2259,5.9079
5.2259,5.3845
5.2259,5.2023
5.0916,4.9444
5.0916,4.622
5.0916,4.2565
5.0916,4.1725
4.6045,5.1086
4.6045,4.2222
4.6045,4.6961
4.6045,4.8862
4.6045,4.6618
4.6045,4.9487
4.6045,3.7597
-1.6804,-1.4867
-1.6804,-2.5075
-1.6804,-2.4408
-1.6804,-1.5775
-1.6804,-1.4497
-1.6804,-1.5108
-1.6804,-1.574
-6.5286,-6.0465
-6.5286,-6.0615
-6.5286,-5.5263
-6.5286,-6.2828
-6.5286,-6.3753
-6.5286,-6.3252
-6.5286,-7.1657
-6.5286,-6.2965
4.2338,4.5824
4.2338,4.3036
4.2338,4.5713
4.2338,4.7161
4.2338,3.9324
4.2338,4.7701
4.2338,3.6766
4.2338,5.0036
-7.0919,-6.3477
-7.0919,-6.2897
-0.58142,-1.0906
4.9233,5.6605
4.9233,4.6924
4.9233,5.1358
4.9233,4.9732
4.9233,4.6403
4.9233,4.2778
4.9233,4.8843
4.9233,5.2259
4.9233,5.9079
4.9233,5.2023
-3.6466,-2.8083
-3.6466,-4.54
-3.6466,-3.5664
-3.6466,-3.6736
-3.6466,-3.5735
-3.6466,-2.6421
-3.6466,-2.7787
-3.6466,-2.8412
-3.6466,-2.9896
-6.2897,-6.7004
-6.2897,-5.6445
-6.2897,-7.0919
-6.2897,-6.1318
6.1881,6.0812
6.1881,6.4606
6.1881,5.6605
6.1881,5.2514
6.1881,6.3459
6.1881,5.4415
6.1881,6.1413
6.1881,5.2259
6.1881,5.9079
6.1881,5.3845
5.7042,5.9084
5.7042,5.1086
5.7042,5.6353
5.7042,5.5188
5.7042,4.8862
5.7042,4.9487
-8.1332,-9.0426
-8.1332,-7.6923
4.574,3.949
4.574,4.9444
4.574,4.2104
4.574,4.6924
4.574,5.1358
4.574,4.9732
4.574,4.2565
4.574,5.0784
4.574,4.0133
4.574,4.1725
-5.2248,-5.126
-5.2248,-5.4114
-5.2248,-5.5263
-5.2248,-4.4452
-5.2248,-5.4431
-5.2248,-4.3622
-5.2248,-4.4559
-5.2248,-5.6918
-5.2248,-4.6962
-5.5812,-5.4436
-5.5812,-6.0357
-5.5812,-5.071
-5.5812,-5.3678
-5.5812,-6.3527
-5.5812,-5.6918
-7.1657,-7.304
-7.1657,-6.6483
-7.1657,-6.2828
-7.1657,-6.3252
-7.1657,-6.5286
-1.9337,-1.0672
-1.9337,-2.0918
-1.9337,-1.8633
-1.9337,-1.69
-1.9337,-1.8168
-1.9337,-2.6421
-1.9337,-2.3679
-1.9337,-1.0906
5.9079,5.6605
5.9079,5.8339
5.9079,5.1358
5.9079,4.9732
5.9079,6.3459
5.9079,5.2259
5.9079,4.9233
5.9079,6.1881
5.9079,5.3845
5.9079,5.2023
-2.5296,-2.8083
-2.5296,-2.464
-2.5296,-2.0918
-2.5296,-1.8633
-2.5296,-2.6242
-2.5296,-1.8168
-2.5296,-2.6421
-2.5296,-1.6297
-2.5296,-2.7787
-2.5296,-2.8412
-2.5296,-1.7039
-6.2965,-6.0465
-6.2965,-5.4114
-6.2965,-6.0615
-6.2965,-5.5263
-6.2965,-6.3753
-6.2965,-5.4431
-6.2965,-6.3252
-6.2965,-6.5286
0.15035,-0.68634
0.15035,-0.66774
0.15035,0.20499
0.15035,0.078733
2.983,3.2284
2.983,3.8211
2.983,3.9408
2.983,3.0583
2.983,3.5985
2.983,2.5106
2.983,3.2421
5.3845,5.0617
5.3845,6.0812
5.3845,5.6605
5.3845,5.6434
5.3845,5.2514
5.3845,6.3459
5.3845,5.4415
5.3845,6.1413
5.3845,4.8843
5.3845,5.2259
5.3845,6.1881
5.3845,5.9079
5.3845,5.2023
-1.574,-0.68634
-1.574,-1.4867
-1.574,-0.66774
-1.574,-2.5075
-1.574,-2.4408
-1.574,-1.5775
-1.574,-1.4497
-1.574,-1.5108
-1.574,-1.6804
3.7597,4.2222
3.7597,3.6895
3.7597,4.6045
-1.0906,-1.0672
-1.0906,-1.8633
-1.0906,-1.69
-1.0906,-0.97575
-1.0906,-0.58142
-1.0906,-1.9337
-6.1318,-5.1568
-6.1318,-6.3477
-6.1318,-6.7004
-6.1318,-5.6984
-6.1318,-6.2897
-4.6962,-5.6445
-4.6962,-4.4452
-4.6962,-5.2413
-4.6962,-5.2248
3.2421,3.4043
3.2421,3.8597
3.2421,3.8211
3.2421,2.5995
3.2421,3.9408
3.2421,3.0583
3.2421,2.5896
3.2421,3.5985
3.2421,3.7037
3.2421,2.5106
3.2421,2.983
0.078733,-0.86742
0.078733,0.81379
0.078733,-0.66774
0.078733,0.20499
0.078733,0.15035
0.078733,-0.74514
-3.2393,-3.4055
-3.2393,-3.3498
-3.2393,-2.5075
-3.2393,-2.6826
-3.2393,-2.4534
-3.2393,-3.081
-3.2393,-2.3433
5.2023,5.6605
5.2023,5.8339
5.2023,4.6924
5.2023,5.1358
5.2023,4.9732
5.2023,4.6403
5.2023,4.8843
5.2023,5.2259
5.2023,4.9233
5.2023,5.9079
5.2023,5.3845
-0.74514,-0.86742
-0.74514,-0.66774
-0.74514,-1.4497
-0.74514,0.078733
-9.3418,-10
9.8047,10
