-0.8535,-0.48619
-0.8535,-1.281
-0.8535,-0.15366
-6.9268,-6.6579
-6.9268,-5.9817
-6.9268,-6.1135
-6.9268,-6.8215
-6.9268,-6.8369
-6.9268,-6.2063
-5.3704,-5.6059
-5.3704,-4.6227
-5.0635,-5.9817
-5.0635,-5.2504
-5.0635,-5.2718
-5.0635,-5.1131
-5.0635,-5.7741
-5.0635,-4.2807
-5.0635,-5.2974
1.8208,2.0492
1.8208,2.6667
1.8208,1.4701
-5.1663,-5.7351
-5.1663,-6.0952
-5.1663,-4.6888
-5.1663,-5.0123
-5.1663,-4.9413
-5.1663,-4.5181
-5.1663,-5.2381
-5.1663,-4.6924
-5.1663,-5.3601
-5.1663,-5.5199
-5.1663,-4.8213
-5.1663,-4.4111
-5.7351,-5.1663
-5.7351,-6.0952
-5.7351,-5.0123
-5.7351,-4.9413
-5.7351,-6.5679
-5.7351,-5.2381
-5.7351,-5.3601
-5.7351,-5.5199
-5.7351,-4.8213
-5.7351,-5.6288
-6.6221,-5.755
-6.6221,-6.9102
5.2346,5.3567
5.2346,5.0019
5.2346,5.5478
5.2346,5.8666
5.2346,5.8722
-4.0948,-4.6888
-4.0948,-4.9413
-4.0948,-4.5181
-4.0948,-4.6924
-4.0948,-3.7731
-4.0948,-4.1317
-4.0948,-4.4111
-4.0948,-3.8937
-4.0948,-3.7383
6.2389,5.5478
6.2389,5.8666
6.2389,6.3464
6.2389,5.8722
6.2389,6.7535
-5.6059,-5.3704
-6.6579,-6.9268
-6.6579,-6.015
-6.6579,-5.9817
-6.6579,-6.8369
-6.6579,-5.7741
-6.6579,-6.0062
-6.6579,-6.7352
7.1611,6.7214
7.1611,7.5988
3.8426,4.2687
3.8426,4.7899
3.8426,4.7523
3.8426,3.3841
3.8426,4.3131
4.5102,5.3567
4.5102,5.0019
4.5102,5.2
-6.0952,-5.1663
-6.0952,-5.7351
-6.0952,-5.3601
-6.0952,-5.5199
-6.0952,-5.6288
7.2759,6.7741
7.2759,6.4651
-4.1339,-4.6924
-4.1339,-3.7453
-4.1339,-4.4111
-4.1339,-3.8937
6.3832,6.1371
6.3832,7.2351
6.3832,7.0661
6.3832,6.2396
6.3832,6.3841
-2.6955,-2.7172
-2.6955,-3.6042
-6.015,-6.6579
-6.015,-5.9817
-6.015,-6.1135
-6.015,-5.2718
-6.015,-5.1131
-6.015,-6.8369
-6.015,-5.7741
-6.015,-6.0062
-6.015,-6.7352
0.69671,0.11528
0.69671,1.3266
0.69671,0.24412
0.69671,0.57894
0.69671,1.4919
0.69671,0.96535
0.69671,1.3753
0.69671,0.063833
0.11528,0.69671
0.11528,0.60845
0.11528,-0.82383
0.11528,0.24412
0.11528,0.57894
0.11528,-0.26476
0.11528,-0.47642
0.11528,0.063833
0.11528,-0.37604
1.5161,2.0895
1.5161,1.2717
1.5161,1.0025
1.5161,0.67675
4.2687,3.8426
4.2687,4.7899
4.2687,5.0104
4.2687,3.3841
-5.9817,-6.9268
-5.9817,-5.0635
-5.9817,-6.6579
-5.9817,-6.015
-5.9817,-5.2504
-5.9817,-6.1135
-5.9817,-5.2718
-5.9817,-6.8369
-5.9817,-6.2063
-5.9817,-5.7741
2.0492,1.8208
2.0492,2.3639
2.0492,2.8183
2.0492,2.0895
2.0492,2.6667
2.0492,1.4701
2.0492,1.2717
2.0492,1.1851
7.7754,6.9037
7.7754,7.4311
7.7754,6.9487
-4.6888,-5.1663
-4.6888,-4.0948
-4.6888,-5.0123
-4.6888,-4.9413
-4.6888,-4.5181
-4.6888,-4.6924
-4.6888,-5.3601
-4.6888,-5.5199
-4.6888,-3.7731
-4.6888,-4.1317
-4.6888,-4.8213
-4.6888,-4.4111
-1.1273,-1.5889
-1.1273,-1.1818
-1.1273,-0.82383
-1.1273,-0.26476
-1.1273,-0.47642
-1.1273,-0.29145
-1.1273,-0.37604
5.3567,5.2346
5.3567,4.5102
5.3567,5.0019
5.3567,5.5478
5.3567,5.2942
5.3567,5.8666
5.3567,6.0253
5.3567,5.2
5.3567,6.2048
5.9115,6.5607
5.9115,6.5413
4.7899,3.8426
4.7899,4.2687
4.7899,5.172
4.7899,5.3912
4.7899,5.0104
4.7899,5.6008
4.7899,5.7512
4.7899,4.7523
4.7899,4.3131
4.7899,5.3428
-3.9179,-4.7221
-3.9179,-3.7453
-3.9179,-3.456
-1.5518,-1.0141
-1.5518,-0.71373
-1.5518,-1.8229
2.3639,2.0492
2.3639,2.8183
2.3639,2.0895
2.3639,2.6603
2.3639,3.1797
-4.7221,-3.9179
0.26657,1.0025
0.26657,0.67675
0.50364,-0.075158
0.50364,0.60845
0.50364,-0.2065
0.50364,0.70999
0.50364,0.20853
0.50364,0.96554
0.50364,-0.29145
-4.3984,-4.5181
-4.3984,-5.2381
-4.3984,-3.7731
-4.3984,-4.1317
-4.3984,-4.7843
-4.3984,-4.8213
6.1371,6.3832
6.1371,5.172
6.1371,5.3912
6.1371,5.3183
6.1371,7.0661
6.1371,6.2396
6.1371,6.3841
-7.1931,-7.1331
-7.1931,-8.0685
5.0019,5.2346
5.0019,4.5102
5.0019,5.3567
5.0019,5.5478
5.0019,5.8666
5.0019,5.8722
7.2268,6.5607
7.2268,6.5413
5.5478,5.2346
5.5478,6.2389
5.5478,5.3567
5.5478,5.0019
5.5478,5.8666
5.5478,6.0253
5.5478,6.3464
5.5478,5.2
5.5478,6.2048
-5.755,-6.6221
-7.1396,-6.1787
-7.1396,-6.8396
-7.1396,-6.7352
6.0498,6.7214
0.25116,0.26924
0.25116,0.035319
0.25116,-0.15366
0.25116,-0.63307
-6.1787,-7.1396
-6.1787,-5.9977
-6.1787,-6.8396
-6.1787,-6.0062
-6.1787,-6.7352
0.26924,0.25116
0.26924,-0.71373
0.26924,-0.46758
1.0239,0.96535
5.172,4.7899
5.172,6.1371
5.172,5.3912
5.172,5.3183
5.172,5.6008
5.172,4.7523
5.172,4.3131
5.3912,4.7899
5.3912,6.1371
5.3912,5.172
5.3912,5.3183
5.3912,5.6008
5.3912,6.2396
5.3912,6.1091
5.3912,5.7512
5.3912,4.7523
6.5543,6.5607
6.5543,6.1797
-6.9102,-6.6221
-6.9102,-6.8396
-5.0123,-5.1663
-5.0123,-5.7351
-5.0123,-4.6888
-5.0123,-4.9413
-5.0123,-4.5181
-5.0123,-5.2381
-5.0123,-5.3601
-5.0123,-5.5199
-5.0123,-4.1317
-5.0123,-4.8213
-5.0123,-5.6288
-4.9413,-5.1663
-4.9413,-5.7351
-4.9413,-4.0948
-4.9413,-4.6888
-4.9413,-5.0123
-4.9413,-4.5181
-4.9413,-5.2381
-4.9413,-4.6924
-4.9413,-5.3601
-4.9413,-5.5199
-4.9413,-4.1317
-4.9413,-4.8213
-4.9413,-4.4111
6.7741,7.2759
6.7741,6.4651
6.7741,6.233
6.7741,6.2048
6.7741,6.1797
-5.2504,-5.0635
-5.2504,-5.9817
-5.2504,-6.1135
-5.2504,-5.2718
-5.2504,-6.2063
-5.2504,-4.2807
-5.2504,-5.2974
0.59838,0.91106
0.59838,0.28686
0.59838,0.035319
0.59838,1.0025
0.59838,-0.15366
-4.4079,-4.6227
-4.4079,-3.6059
2.8183,2.0492
2.8183,2.3639
2.8183,2.6667
2.8183,3.1797
-0.075158,0.50364
-0.075158,0.60845
-0.075158,-0.2065
-0.075158,0.70999
-0.075158,0.24412
-0.075158,0.57894
-0.075158,-0.26476
-0.075158,-0.47642
-0.075158,-0.29145
-0.075158,-0.86051
-0.48619,-0.8535
-0.48619,-0.76527
-0.48619,-1.281
-0.48619,0.28686
-0.48619,0.035319
-0.48619,-0.15366
-7.7911,-6.8369
0.60845,0.11528
0.60845,0.50364
0.60845,-0.075158
0.60845,-0.2065
0.60845,0.70999
0.60845,1.3266
0.60845,0.24412
0.60845,0.57894
0.60845,-0.26476
0.60845,0.96554
0.60845,-0.29145
0.60845,1.3753
6.9037,7.7754
6.9037,6.3674
6.9037,7.4311
6.9037,6.9487
6.9037,6.4781
-1.0141,-1.5518
-1.0141,-0.76527
-1.0141,-1.281
-1.0141,-0.71373
-1.0141,-1.8229
-1.0141,-0.63307
-1.5889,-1.1273
-1.5889,-0.82383
-6.1135,-6.9268
-6.1135,-6.015
-6.1135,-5.9817
-6.1135,-5.2504
-6.1135,-5.2718
-6.1135,-6.8369
-6.1135,-6.2063
-6.1135,-5.2974
6.3674,6.9037
6.3674,6.1185
6.3674,6.9487
6.3674,6.4781
-5.9169,-6.2063
-5.9169,-5.2974
-0.76527,-0.48619
-0.76527,-1.0141
-0.76527,-1.281
-0.76527,-0.71373
-0.76527,0.035319
-0.76527,-0.15366
-0.76527,-0.63307
5.2942,5.3567
5.2942,6.0253
5.2942,5.2
5.2942,6.233
5.2942,6.2048
0.91106,0.59838
0.91106,0.28686
0.91106,0.035319
2.0895,1.5161
2.0895,2.0492
2.0895,2.3639
2.0895,2.6603
2.0895,1.2717
2.0895,1.1851
-4.5181,-5.1663
-4.5181,-4.0948
-4.5181,-4.6888
-4.5181,-4.3984
-4.5181,-5.0123
-4.5181,-4.9413
-4.5181,-5.2381
-4.5181,-5.3601
-4.5181,-3.7731
-4.5181,-4.1317
-4.5181,-4.7843
-4.5181,-4.8213
-4.5181,-4.4111
5.8666,5.2346
5.8666,6.2389
5.8666,5.3567
5.8666,5.0019
5.8666,5.5478
5.8666,6.0253
5.8666,6.3464
5.8666,5.8722
5.8666,5.2
5.8666,6.2048
5.8666,6.7535
-0.2065,0.50364
-0.2065,-0.075158
-0.2065,0.60845
-0.2065,0.70999
-0.2065,0.24412
-0.2065,-0.26476
-0.2065,-0.52096
-0.2065,0.20853
-0.2065,-0.29145
-0.2065,-0.86051
2.6667,1.8208
2.6667,2.0492
2.6667,2.8183
-5.2718,-5.0635
-5.2718,-6.015
-5.2718,-5.9817
-5.2718,-5.2504
-5.2718,-6.1135
-5.2718,-5.1131
-5.2718,-5.7741
-5.2718,-5.2974
-1.281,-0.8535
-1.281,-0.48619
-1.281,-1.0141
-1.281,-0.76527
-1.281,-1.8229
-1.281,-0.63307
0.70999,0.50364
0.70999,-0.075158
0.70999,0.60845
0.70999,-0.2065
0.70999,1.3266
0.70999,0.24412
0.70999,0.57894
0.70999,-0.26476
0.70999,0.96554
-1.1818,-1.1273
-1.1818,-1.2703
-1.1818,-0.82383
-1.1818,-0.26476
-1.1818,-0.47642
-1.1818,-0.29145
-1.1818,-0.86051
8.0125,7.0661
6.0253,5.3567
6.0253,5.5478
6.0253,5.2942
6.0253,5.8666
6.0253,6.3464
6.0253,6.4651
6.0253,5.2
6.0253,6.233
6.0253,6.2048
-1.2703,-1.1818
-1.2703,-0.52096
-1.2703,-0.86051
1.3266,0.69671
1.3266,0.60845
1.3266,0.70999
1.3266,0.57894
1.3266,1.9118
1.3266,0.96554
1.3266,1.3753
5.3183,6.1371
5.3183,5.172
5.3183,5.3912
-6.5679,-5.7351
-6.5679,-5.6288
6.5607,5.9115
6.5607,7.2268
6.5607,6.5543
6.5607,6.5413
-5.2381,-5.1663
-5.2381,-5.7351
-5.2381,-4.3984
-5.2381,-5.0123
-5.2381,-4.9413
-5.2381,-4.5181
-5.2381,-4.7843
-5.2381,-4.8213
-5.2381,-5.6288
5.0104,4.2687
5.0104,4.7899
5.0104,5.6008
5.0104,5.7512
5.0104,4.7523
5.0104,5.3428
-4.6924,-5.1663
-4.6924,-4.0948
-4.6924,-4.1339
-4.6924,-4.6888
-4.6924,-4.9413
-4.6924,-5.3601
-4.6924,-5.5199
-4.6924,-5.0081
-4.6924,-4.4111
-4.6924,-3.8937
1.4701,1.8208
1.4701,2.0492
1.4701,0.70639
1.4701,1.0062
1.4701,1.2717
1.4701,1.1851
6.3464,6.2389
6.3464,5.5478
6.3464,5.8666
6.3464,6.0253
6.3464,6.4651
6.3464,6.233
6.3464,6.2048
6.3464,6.7535
-0.82383,0.11528
-0.82383,-1.1273
-0.82383,-1.5889
-0.82383,-1.1818
-0.82383,-0.26476
-0.82383,-0.47642
-0.82383,-0.29145
-0.82383,-0.37604
0.70639,1.4701
0.70639,1.2717
0.70639,1.1851
0.70639,0.1952
6.1185,6.3674
6.1185,6.9487
7.4311,7.7754
7.4311,6.9037
7.4311,6.4781
6.4651,7.2759
6.4651,6.7741
6.4651,6.0253
6.4651,6.3464
6.4651,6.233
6.4651,6.2048
6.4651,6.7535
5.8722,5.2346
5.8722,6.2389
5.8722,5.0019
5.8722,5.8666
5.6008,4.7899
5.6008,5.172
5.6008,5.3912
5.6008,5.0104
5.6008,6.2396
5.6008,6.1091
5.6008,5.7512
5.6008,4.7523
5.6008,6.3841
7.2351,6.3832
7.2351,7.0661
7.2351,6.5926
7.2351,6.3841
-3.1028,-3.8937
-2.7172,-2.6955
-2.7172,-3.6042
-3.7453,-4.1339
-3.7453,-3.9179
-3.7453,-3.456
7.0661,6.3832
7.0661,6.1371
7.0661,8.0125
7.0661,7.2351
7.0661,6.3841
-5.9977,-6.1787
-5.9977,-6.8396
0.24412,0.69671
0.24412,0.11528
0.24412,-0.075158
0.24412,0.60845
0.24412,-0.2065
0.24412,0.70999
0.24412,0.57894
0.24412,-0.26476
0.24412,-0.47642
0.24412,-0.29145
0.24412,-0.37604
1.0062,1.4701
0.28686,0.59838
0.28686,-0.48619
0.28686,0.91106
0.28686,1.0025
0.28686,-0.15366
2.6603,2.3639
2.6603,2.0895
2.6603,3.1797
2.6603,3.6112
2.0361,1.4919
-0.71373,-1.5518
-0.71373,0.26924
-0.71373,-1.0141
-0.71373,-0.76527
-0.71373,-0.46758
-0.71373,-0.63307
6.2396,6.3832
6.2396,6.1371
6.2396,5.3912
6.2396,5.6008
6.2396,6.1091
6.2396,5.7512
6.2396,6.5926
6.2396,6.3841
-4.6227,-5.3704
-4.6227,-4.4079
-4.6227,-3.902
3.1797,2.3639
3.1797,2.8183
3.1797,2.6603
3.1797,3.6112
-5.3601,-5.1663
-5.3601,-5.7351
-5.3601,-6.0952
-5.3601,-4.6888
-5.3601,-5.0123
-5.3601,-4.9413
-5.3601,-4.5181
-5.3601,-4.6924
-5.3601,-5.5199
-5.3601,-5.0081
-5.3601,-4.8213
6.3544,6.1091
6.3544,6.5926
0.57894,0.69671
0.57894,0.11528
0.57894,-0.075158
0.57894,0.60845
0.57894,0.70999
0.57894,1.3266
0.57894,0.24412
0.57894,0.96554
0.57894,1.3753
6.1091,5.3912
6.1091,5.6008
6.1091,6.2396
6.1091,6.3544
6.1091,5.7512
6.1091,6.5926
6.1091,6.3841
7.2524,6.9487
7.2524,6.5364
-5.5199,-5.1663
-5.5199,-5.7351
-5.5199,-6.0952
-5.5199,-4.6888
-5.5199,-5.0123
-5.5199,-4.9413
-5.5199,-4.6924
-5.5199,-5.3601
-5.5199,-5.0081
-5.5199,-4.8213
-3.456,-3.9179
-3.456,-3.7453
-3.456,-2.707
5.7512,4.7899
5.7512,5.3912
5.7512,5.0104
5.7512,5.6008
5.7512,6.2396
5.7512,6.1091
5.7512,6.5926
5.7512,5.3428
0.035319,0.25116
0.035319,0.59838
0.035319,-0.48619
0.035319,-0.76527
0.035319,0.91106
0.035319,-0.15366
0.035319,-0.63307
-6.8215,-6.9268
-6.8215,-6.2063
4.7523,3.8426
4.7523,4.7899
4.7523,5.172
4.7523,5.3912
4.7523,5.0104
4.7523,5.6008
4.7523,4.3131
1.9118,1.3266
1.9118,0.96554
-7.1331,-7.1931
-7.1331,-8.0685
6.5926,7.2351
6.5926,6.2396
6.5926,6.3544
6.5926,6.1091
6.5926,5.7512
6.5926,6.3841
3.6112,2.6603
3.6112,3.1797
-3.7731,-4.0948
-3.7731,-4.6888
-3.7731,-4.3984
-3.7731,-4.5181
-3.7731,-4.1317
-3.7731,-3.7383
-0.26476,0.11528
-0.26476,-1.1273
-0.26476,-0.075158
-0.26476,0.60845
-0.26476,-0.2065
-0.26476,0.70999
-0.26476,-1.1818
-0.26476,-0.82383
-0.26476,0.24412
-0.26476,-0.47642
-0.26476,-0.29145
-0.26476,-0.86051
-0.52096,-0.2065
-0.52096,-1.2703
-0.52096,0.20853
-0.52096,-0.86051
1.2717,1.5161
1.2717,2.0492
1.2717,2.0895
1.2717,1.4701
1.2717,0.70639
1.2717,1.1851
1.2717,0.67675
6.9487,7.7754
6.9487,6.9037
6.9487,6.3674
6.9487,6.1185
6.9487,7.2524
1.4919,0.69671
1.4919,2.0361
1.4919,0.96535
1.4919,1.3753
-4.1317,-4.0948
-4.1317,-4.6888
-4.1317,-4.3984
-4.1317,-5.0123
-4.1317,-4.9413
-4.1317,-4.5181
-4.1317,-3.7731
-4.1317,-4.8213
-4.1317,-4.4111
-4.1317,-3.7383
-4.7843,-4.3984
-4.7843,-4.5181
-4.7843,-5.2381
-4.7843,-4.8213
-4.7843,-5.6288
-5.1131,-5.0635
-5.1131,-6.015
-5.1131,-5.2718
-5.1131,-5.1115
-5.1131,-5.7741
-6.8369,-6.9268
-6.8369,-6.6579
-6.8369,-6.015
-6.8369,-5.9817
-6.8369,-7.7911
-6.8369,-6.1135
-6.8369,-6.7352
1.1851,2.0492
1.1851,2.0895
1.1851,1.4701
1.1851,0.70639
1.1851,1.2717
1.1851,0.67675
-5.0081,-4.6924
-5.0081,-5.3601
-5.0081,-5.5199
-5.0081,-4.4111
0.20853,0.50364
0.20853,-0.2065
0.20853,-0.52096
6.5364,7.2524
-5.1115,-5.1131
-5.1115,-6.0062
-3.74,-3.6042
-3.74,-3.902
-6.2063,-6.9268
-6.2063,-5.9817
-6.2063,-5.2504
-6.2063,-6.1135
-6.2063,-5.9169
-6.2063,-6.8215
-6.2063,-5.2974
0.96535,0.69671
0.96535,1.0239
0.96535,1.4919
0.96535,0.063833
3.3841,3.8426
3.3841,4.2687
-5.7741,-5.0635
-5.7741,-6.6579
-5.7741,-6.015
-5.7741,-5.9817
-5.7741,-5.2718
-5.7741,-5.1131
-5.7741,-6.0062
-4.8213,-5.1663
-4.8213,-5.7351
-4.8213,-4.6888
-4.8213,-4.3984
-4.8213,-5.0123
-4.8213,-4.9413
-4.8213,-4.5181
-4.8213,-5.2381
-4.8213,-5.3601
-4.8213,-5.5199
-4.8213,-4.1317
-4.8213,-4.7843
5.2,4.5102
5.2,5.3567
5.2,5.5478
5.2,5.2942
5.2,5.8666
5.2,6.0253
-4.4111,-5.1663
-4.4111,-4.0948
-4.4111,-4.1339
-4.4111,-4.6888
-4.4111,-4.9413
-4.4111,-4.5181
-4.4111,-4.6924
-4.4111,-4.1317
-4.4111,-5.0081
-4.4111,-3.8937
-4.4111,-3.7383
0.96554,0.50364
0.96554,0.60845
0.96554,0.70999
0.96554,1.3266
0.96554,0.57894
0.96554,1.9118
6.233,6.7741
6.233,5.2942
6.233,6.0253
6.233,6.3464
6.233,6.4651
6.233,6.2048
6.233,6.1797
-1.8229,-1.5518
-1.8229,-1.0141
-1.8229,-1.281
1.0025,1.5161
1.0025,0.26657
1.0025,0.59838
1.0025,0.28686
1.0025,0.67675
6.2048,5.3567
6.2048,5.5478
6.2048,6.7741
6.2048,5.2942
6.2048,5.8666
6.2048,6.0253
6.2048,6.3464
6.2048,6.4651
6.2048,6.233
4.3131,3.8426
4.3131,4.7899
4.3131,5.172
4.3131,4.7523
-0.47642,0.11528
-0.47642,-1.1273
-0.47642,-0.075158
-0.47642,-1.1818
-0.47642,-0.82383
-0.47642,0.24412
-0.47642,-0.26476
-0.47642,-0.29145
-0.47642,-0.37604
-5.6288,-5.7351
-5.6288,-6.0952
-5.6288,-5.0123
-5.6288,-6.5679
-5.6288,-5.2381
-5.6288,-4.7843
-3.6059,-4.4079
-4.2807,-5.0635
-4.2807,-5.2504
-0.46758,0.26924
-0.46758,-0.71373
-6.8396,-7.1396
-6.8396,-6.1787
-6.8396,-6.9102
-6.8396,-5.9977
-3.6042,-2.6955
-3.6042,-2.7172
-3.6042,-3.74
-3.6042,-3.902
-3.8937,-4.0948
-3.8937,-4.1339
-3.8937,-4.6924
-3.8937,-3.1028
-3.8937,-4.4111
-3.8937,-3.7383
6.7535,6.2389
6.7535,5.8666
6.7535,6.3464
6.7535,6.4651
6.4781,6.9037
6.4781,6.3674
6.4781,7.4311
-0.15366,-0.8535
-0.15366,0.25116
-0.15366,0.59838
-0.15366,-0.48619
-0.15366,-0.76527
-0.15366,0.28686
-0.15366,0.035319
-0.15366,-0.63307
-0.29145,-1.1273
-0.29145,0.50364
-0.29145,-0.075158
-0.29145,0.60845
-0.29145,-0.2065
-0.29145,-1.1818
-0.29145,-0.82383
-0.29145,0.24412
-0.29145,-0.26476
-0.29145,-0.47642
-0.29145,-0.86051
1.3753,0.69671
1.3753,0.60845
1.3753,1.3266
1.3753,0.57894
1.3753,1.4919
0.063833,0.69671
0.063833,0.11528
0.063833,0.96535
0.063833,-0.37604
-6.0062,-6.6579
-6.0062,-6.015
-6.0062,-6.1787
-6.0062,-5.1115
-6.0062,-5.7741
-6.0062,-6.7352
-2.707,-3.456
-6.7352,-6.6579
-6.7352,-6.015
-6.7352,-7.1396
-6.7352,-6.1787
-6.7352,-6.8369
-6.7352,-6.0062
-0.37604,0.11528
-0.37604,-1.1273
-0.37604,-0.82383
-0.37604,0.24412
-0.37604,-0.47642
-0.37604,0.063833
6.7214,7.1611
6.7214,6.0498
6.7214,6.5413
6.7214,7.5988
0.1952,0.70639
-3.7383,-4.0948
-3.7383,-3.7731
-3.7383,-4.1317
-3.7383,-4.4111
-3.7383,-3.8937
5.3428,4.7899
5.3428,5.0104
5.3428,5.7512
6.1797,6.5543
6.1797,6.7741
6.1797,6.233
-5.2974,-5.0635
-5.2974,-5.2504
-5.2974,-6.1135
-5.2974,-5.9169
-5.2974,-5.2718
-5.2974,-6.2063
-3.902,-4.6227
-3.902,-3.74
-3.902,-3.6042
-0.86051,-0.075158
-0.86051,-0.2065
-0.86051,-1.1818
-0.86051,-1.2703
-0.86051,-0.26476
-0.86051,-0.52096
-0.86051,-0.29145
0.67675,1.5161
0.67675,0.26657
0.67675,1.2717
0.67675,1.1851
0.67675,1.0025
-8.0685,-7.1931
-8.0685,-7.1331
6.5413,5.9115
6.5413,7.2268
6.5413,6.5607
6.5413,6.7214
6.3841,6.3832
6.3841,6.1371
6.3841,5.6008
6.3841,7.2351
6.3841,7.0661
6.3841,6.2396
6.3841,6.1091
6.3841,6.5926
-0.63307,0.25116
-0.63307,-1.0141
-0.63307,-0.76527
-0.63307,-1.281
-0.63307,-0.71373
-0.63307,0.035319
-0.63307,-0.15366
7.5988,7.1611
7.5988,6.7214
