4.6212,4.6934
4.6212,5.3055
4.6212,4.8471
-2.2812,-2.4058
-6.4334,-6.8566
-6.4334,-5.9814
-6.4334,-6.2804
-1.6623,-1.0982
-1.6623,-1.5037
-1.6623,-1.4201
-1.6623,-2.0529
-1.6623,-0.7701
1.6574,2.4906
1.6574,1.313
1.6574,1.1719
1.6574,1.9257
1.6574,2.4784
4.0044,3.9691
4.0044,4.0289
4.0044,4.0134
4.0044,4.2223
4.0044,3.2206
4.0044,4.8952
4.0044,4.3443
4.0044,3.0986
4.0044,3.875
4.0044,3.482
3.7527,3.9691
3.7527,2.803
3.7527,3.2206
3.7527,3.482
-5.1925,-5.9814
-5.1925,-4.4592
-5.1925,-5.3944
-5.1925,-5.4242
7.1133,6.5442
7.1133,6.3069
7.1133,6.2654
7.1133,7.2101
4.7027,4.0134
4.7027,3.8971
4.7027,4.8952
4.7027,4.1421
4.7027,4.027
4.7027,3.875
4.7027,4.8164
4.7027,5.5176
4.7027,5
6.5442,7.1133
6.5442,6.2654
6.5442,5.9293
6.5442,5.879
6.5442,7.2101
6.5442,6.6299
-6.8566,-6.4334
-6.8566,-5.9814
-1.9107,-2.1689
-1.9107,-2.4058
-1.9107,-1.4468
-1.9107,-1.7706
-1.9107,-2.8975
-0.098962,0.84912
-2.0104,-1.1938
-2.0104,-1.94
-2.0104,-2.3589
5.3188,5.2303
5.3188,6.3069
5.3188,5.9293
3.9691,4.0044
3.9691,3.7527
3.9691,4.0289
3.9691,4.2223
3.9691,3.2206
3.9691,4.3443
3.9691,4.7655
3.9691,3.482
4.5779,4.9494
5.867,5.5176
-2.7837,-2.5256
-2.7837,-3.0885
-2.7837,-2.9475
-2.7837,-3.6825
-2.7837,-2.8522
-2.7837,-2.4233
-5.9788,-6.9408
-5.9788,-6.5536
-2.1689,-1.9107
-2.1689,-1.4468
-2.1689,-1.7706
-2.1689,-3.0326
-2.1689,-2.0529
-6.6626,-6.3767
-6.6626,-5.7456
-6.6626,-6.8948
-6.6626,-5.9158
-6.3767,-6.6626
-6.3767,-5.7456
-6.3767,-5.8031
-6.3767,-5.9148
-6.3767,-5.9158
-6.3767,-6.7517
3.1812,2.6078
3.1812,2.5699
3.1812,3.5126
-1.1938,-2.0104
-1.1938,-1.94
-1.1938,-1.6631
-1.1938,-1.1772
-1.1938,-1.2443
-0.90966,-1.0982
-0.90966,-1.4468
-0.90966,-0.9116
-0.90966,-0.7701
2.0108,1.8223
2.0108,2.5699
2.0108,1.313
2.0108,2.4784
-7.3902,-6.8755
-7.3902,-7.7881
-7.3902,-8.1665
4.0289,4.0044
4.0289,3.9691
4.0289,4.0134
4.0289,4.2223
4.0289,3.8971
4.0289,3.2206
4.0289,4.8952
4.0289,4.3443
4.0289,3.0986
4.0289,3.875
4.0289,4.8164
4.0289,3.482
-5.4908,-5.7905
-5.4908,-4.5728
5.2303,5.3188
5.2303,5.9293
5.2303,5.879
5.2303,4.3631
5.2303,5.6053
1.1816,1.4972
-1.94,-2.0104
-1.94,-1.1938
-1.94,-2.0681
-1.94,-1.6631
-1.94,-2.4264
-1.94,-2.3589
-1.94,-1.2443
7.446,8.356
7.446,6.6219
7.446,7.1931
7.446,7.9627
6.5424,5.6387
6.5424,5.7904
6.5424,5.6606
6.5424,5.7408
2.6078,3.1812
2.6078,1.8223
2.6078,2.5699
2.6078,2.4134
7.9582,8.356
2.4906,1.6574
2.4906,1.9257
2.4906,2.4784
2.4906,2.9113
2.4906,3.2193
-3.1904,-4.1113
-3.1904,-3.728
3.1293,4.0134
3.1293,3.8971
3.1293,3.0986
3.1293,3.875
-2.5256,-2.7837
-2.5256,-2.0681
-2.5256,-3.0885
-2.5256,-2.4264
-2.5256,-2.8522
-2.5256,-1.8451
-2.5256,-2.4233
8.3832,9.0452
6.3069,7.1133
6.3069,5.3188
6.3069,6.2654
6.3069,5.9293
1.8116,1.4972
1.8116,0.84912
6.2654,7.1133
6.2654,6.5442
6.2654,6.3069
6.2654,5.9293
6.2654,5.879
6.2654,7.2101
6.2654,5.6053
6.2654,6.6299
-5.7922,-5.0049
-5.7922,-6.323
-5.7922,-5.9158
-5.9814,-6.4334
-5.9814,-5.1925
-5.9814,-6.8566
-5.9814,-5.4242
-5.9814,-6.312
-3.2965,-2.4058
-3.2965,-2.8975
-3.2965,-3.6232
0.2304,0.93015
5.715,6.299
5.715,5.7904
5.715,6.0325
5.715,5.1909
5.715,4.8471
5.715,5.7408
-4.4592,-5.1925
-4.4592,-5.3944
-4.4592,-5.4242
-4.4592,-4.3953
-4.4592,-3.6232
6.299,5.715
6.299,5.7904
6.299,5.7408
-6.9554,-6.784
-6.9554,-6.323
-6.9554,-6.8948
-2.8281,-2.0681
-2.8281,-3.0885
-2.8281,-2.4264
-2.8281,-2.8522
-2.8281,-2.9588
-2.8281,-2.3589
-2.0681,-1.94
-2.0681,-2.5256
-2.0681,-2.8281
-2.0681,-1.6631
-2.0681,-2.4264
-2.0681,-2.8522
-2.0681,-1.4793
-2.0681,-1.8451
-2.0681,-1.2443
2.2507,1.4972
-5.3944,-5.1925
-5.3944,-4.4592
-5.3944,-5.4242
-5.3944,-4.3953
-5.3944,-6.312
4.0134,4.0044
4.0134,4.7027
4.0134,4.0289
4.0134,3.1293
4.0134,4.2223
4.0134,3.8971
4.0134,4.8952
4.0134,4.3443
4.0134,4.027
4.0134,3.0986
4.0134,3.875
4.0134,4.8164
4.2223,4.0044
4.2223,3.9691
4.2223,4.0289
4.2223,4.0134
4.2223,4.8952
4.2223,4.3443
4.2223,4.7655
4.2223,5.147
4.2223,3.875
4.2223,4.8164
4.2223,3.482
4.9494,4.5779
4.9494,5.7425
4.9494,5.6053
4.9494,5.7077
-1.0982,-1.6623
-1.0982,-0.90966
-1.0982,-1.4468
-1.0982,-1.5037
-1.0982,-1.4201
-1.0982,-0.70512
-1.0982,-0.7701
4.4683,3.8551
4.4683,5.1909
4.4683,3.7659
4.4683,4.8471
-7.2059,-6.2804
-7.2059,-7.5442
1.8223,2.0108
1.8223,2.6078
1.8223,2.4134
8.356,7.446
8.356,7.9582
8.356,7.9627
-4.1113,-3.1904
-4.1113,-4.8831
-4.1113,-4.682
-4.1113,-4.1019
-4.1113,-3.728
-4.1113,-3.4451
4.6934,4.6212
4.6934,5.6387
4.6934,5.3055
4.6934,3.8551
4.6934,5.1909
4.6934,4.8471
-2.4058,-2.2812
-2.4058,-1.9107
-2.4058,-3.2965
-2.4058,-1.5162
-2.4058,-1.7706
-2.4058,-2.8975
-4.8831,-4.1113
-4.8831,-5.7456
-4.8831,-5.2762
-4.8831,-5.1077
-4.8831,-4.1019
-4.8831,-4.7147
-6.8755,-7.3902
-6.8755,-7.4475
-6.8755,-6.657
5.6387,6.5424
5.6387,4.6934
5.6387,5.7904
5.6387,5.3055
5.6387,5.6606
5.6387,5.7408
-6.3018,-6.5735
-1.4468,-1.9107
-1.4468,-2.1689
-1.4468,-0.90966
-1.4468,-1.0982
-1.4468,-1.5037
-1.4468,-1.7706
-1.4468,-2.0529
-7.7104,-7.4475
5.7904,6.5424
5.7904,5.715
5.7904,6.299
5.7904,5.6387
5.7904,5.3055
5.7904,5.6606
5.7904,5.1909
5.7904,5.7408
3.4345,3.2157
6.0325,5.715
2.5699,3.1812
2.5699,2.0108
2.5699,2.6078
2.5699,2.4784
2.5699,2.9113
3.8971,4.7027
3.8971,4.0289
3.8971,3.1293
3.8971,4.0134
3.8971,4.1421
3.8971,4.027
3.8971,3.875
5.9293,6.5442
5.9293,5.3188
5.9293,5.2303
5.9293,6.3069
5.9293,6.2654
5.9293,5.6053
-4.682,-4.1113
-4.682,-5.2762
-4.682,-5.1077
-4.682,-3.728
-4.682,-4.9344
-4.682,-3.8812
1.313,1.6574
1.313,2.0108
1.313,1.1719
-1.5037,-1.6623
-1.5037,-1.0982
-1.5037,-1.4468
-1.5037,-1.4201
-1.5037,-2.0529
-1.5037,-0.7701
5.3055,4.6212
5.3055,4.6934
5.3055,5.6387
5.3055,5.7904
5.3055,5.6606
5.3055,5.9212
5.3055,5.7408
-4.0816,-5.0049
-4.0816,-3.4451
-4.0816,-4.7147
-5.7905,-5.4908
-5.7905,-5.8031
-5.7905,-5.9148
-5.7905,-4.9344
-5.7905,-6.5735
-3.7962,-2.9475
-3.7962,-3.6825
5.879,6.5442
5.879,5.2303
5.879,6.2654
5.879,5.6053
5.879,5.7077
5.879,6.6299
-4.5728,-5.4908
-4.5728,-3.8812
-5.7456,-6.6626
-5.7456,-6.3767
-5.7456,-4.8831
-5.7456,-5.2762
-5.7456,-5.1077
-5.7456,-5.9158
-3.0885,-2.7837
-3.0885,-2.5256
-3.0885,-2.8281
-3.0885,-2.4264
-3.0885,-2.8522
-3.0885,-2.9588
2.803,3.7527
2.803,3.2206
2.803,3.482
1.4972,1.1816
1.4972,1.8116
1.4972,2.2507
1.4972,0.93015
3.2206,4.0044
3.2206,3.7527
3.2206,3.9691
3.2206,4.0289
3.2206,2.803
3.2206,3.0986
3.2206,3.482
-1.6631,-1.1938
-1.6631,-1.94
-1.6631,-2.0681
-1.6631,-2.4264
-1.6631,-1.8451
-1.6631,-2.3589
-1.6631,-1.2443
4.8952,4.0044
4.8952,4.7027
4.8952,4.0289
4.8952,4.0134
4.8952,4.2223
4.8952,4.3443
4.8952,5.147
4.8952,4.8164
4.8952,5.5176
1.1719,1.6574
1.1719,1.313
1.1719,0.71305
4.3631,5.2303
-5.8031,-6.3767
-5.8031,-5.7905
-5.8031,-5.2762
-5.8031,-5.9148
-5.8031,-4.9344
-5.8031,-6.7517
1.9257,1.6574
1.9257,2.4906
1.9257,1.4333
-7.7881,-7.3902
-7.7881,-8.1665
-7.7881,-7.4475
-7.7881,-8.5057
5.7425,4.9494
5.7425,5.7077
7.2101,7.1133
7.2101,6.5442
7.2101,6.2654
7.2101,6.6299
-2.4264,-1.94
-2.4264,-2.5256
-2.4264,-2.8281
-2.4264,-2.0681
-2.4264,-3.0885
-2.4264,-1.6631
-2.4264,-2.8522
-2.4264,-1.8451
-2.4264,-2.3589
-2.9475,-2.7837
-2.9475,-3.7962
-2.9475,-3.6825
-2.9475,-2.4233
6.0762,6.6219
6.0762,5.9212
-6.9408,-5.9788
-6.9408,-6.5536
6.6219,7.446
6.6219,6.0762
6.6219,7.1931
-3.6825,-2.7837
-3.6825,-3.7962
-3.6825,-2.9475
-3.6825,-2.8522
-5.4242,-5.1925
-5.4242,-5.9814
-5.4242,-4.4592
-5.4242,-5.3944
-5.4242,-6.312
-5.2762,-4.8831
-5.2762,-4.682
-5.2762,-5.7456
-5.2762,-5.8031
-5.2762,-5.1077
-5.2762,-5.9148
-5.2762,-4.9344
0.71305,1.1719
0.71305,1.4333
3.8551,4.4683
3.8551,4.6934
3.8551,4.8471
3.8551,3.2193
3.5126,3.1812
3.5126,3.2157
3.5126,4.2538
-6.784,-6.9554
5.6606,6.5424
5.6606,5.6387
5.6606,5.7904
5.6606,5.3055
5.6606,5.9212
5.6606,5.7408
-2.8522,-2.7837
-2.8522,-2.5256
-2.8522,-2.8281
-2.8522,-2.0681
-2.8522,-3.0885
-2.8522,-2.4264
-2.8522,-3.6825
-2.8522,-2.4233
-6.2804,-6.4334
-6.2804,-7.2059
-6.2804,-6.5524
2.4134,2.6078
2.4134,1.8223
2.4134,3.2157
4.3443,4.0044
4.3443,3.9691
4.3443,4.0289
4.3443,4.0134
4.3443,4.2223
4.3443,4.8952
4.3443,4.7655
4.3443,5.147
4.3443,3.482
-0.94849,-1.4793
-0.94849,-1.8143
-5.1077,-4.8831
-5.1077,-4.682
-5.1077,-5.7456
-5.1077,-5.2762
-5.1077,-4.1019
-5.1077,-4.7147
-5.1077,-5.9148
-1.4793,-2.0681
-1.4793,-0.94849
-1.4793,-1.8451
-1.4793,-1.2443
-8.1665,-7.3902
-8.1665,-7.7881
-8.1665,-8.5057
4.7655,3.9691
4.7655,4.2223
4.7655,4.3443
4.7655,5.147
7.1931,7.446
7.1931,6.6219
-1.8451,-2.5256
-1.8451,-2.0681
-1.8451,-1.6631
-1.8451,-2.4264
-1.8451,-1.4793
-1.8451,-1.2443
-1.8451,-2.4233
5.1909,5.715
5.1909,4.4683
5.1909,4.6934
5.1909,5.7904
5.1909,4.8471
5.1909,5.7408
-1.5162,-2.4058
-1.5162,-0.9116
-2.9588,-2.8281
-2.9588,-3.0885
-2.9588,-2.3589
-5.0049,-5.7922
-5.0049,-4.0816
-5.0049,-4.7147
-1.8143,-0.94849
-1.8143,-2.4233
3.2157,3.4345
3.2157,3.5126
3.2157,2.4134
4.1421,4.7027
4.1421,3.8971
4.1421,4.027
4.1421,5
-4.1019,-4.1113
-4.1019,-4.8831
-4.1019,-5.1077
-4.1019,-3.728
-4.1019,-3.4451
-4.1019,-4.7147
-3.728,-3.1904
-3.728,-4.1113
-3.728,-4.682
-3.728,-4.1019
-3.728,-3.8812
2.4784,1.6574
2.4784,2.0108
2.4784,2.4906
2.4784,2.5699
2.4784,2.9113
-7.4475,-6.8755
-7.4475,-7.7104
-7.4475,-7.7881
-7.4475,-6.657
-6.323,-5.7922
-6.323,-6.9554
-6.323,-6.8948
-6.323,-5.9158
4.027,4.7027
4.027,4.0134
4.027,3.8971
4.027,4.1421
4.027,3.875
3.0986,4.0044
3.0986,4.0289
3.0986,3.1293
3.0986,4.0134
3.0986,3.2206
3.0986,3.875
3.0986,3.482
-1.4201,-1.6623
-1.4201,-1.0982
-1.4201,-1.5037
-1.4201,-0.70512
-1.7706,-1.9107
-1.7706,-2.1689
-1.7706,-2.4058
-1.7706,-1.4468
-1.7706,-0.9116
2.9113,2.4906
2.9113,2.5699
2.9113,2.4784
2.9113,3.7659
2.9113,3.2193
5.147,4.2223
5.147,4.8952
5.147,4.3443
5.147,4.7655
5.147,4.8164
-3.4451,-4.1113
-3.4451,-4.0816
-3.4451,-4.1019
-8.5057,-7.7881
-8.5057,-8.1665
-3.0326,-2.1689
-0.9116,-0.90966
-0.9116,-1.5162
-0.9116,-1.7706
-6.8948,-6.6626
-6.8948,-6.9554
-6.8948,-6.323
-6.8948,-5.9158
-1.1772,-1.1938
-2.0529,-1.6623
-2.0529,-2.1689
-2.0529,-1.4468
-2.0529,-1.5037
3.875,4.0044
3.875,4.7027
3.875,4.0289
3.875,3.1293
3.875,4.0134
3.875,4.2223
3.875,3.8971
3.875,4.027
3.875,3.0986
3.875,4.8164
4.2538,3.5126
4.8164,4.7027
4.8164,4.0289
4.8164,4.0134
4.8164,4.2223
4.8164,4.8952
4.8164,5.147
4.8164,3.875
4.8164,5.5176
-4.7147,-4.8831
-4.7147,-4.0816
-4.7147,-5.1077
-4.7147,-5.0049
-4.7147,-4.1019
5.6053,5.2303
5.6053,6.2654
5.6053,4.9494
5.6053,5.9293
5.6053,5.879
5.6053,5.7077
5.9212,5.3055
5.9212,6.0762
5.9212,5.6606
3.7659,4.4683
3.7659,2.9113
3.7659,3.2193
5.7077,4.9494
5.7077,5.879
5.7077,5.7425
5.7077,5.6053
5.7077,6.6299
-2.3589,-2.0104
-2.3589,-1.94
-2.3589,-2.8281
-2.3589,-1.6631
-2.3589,-2.4264
-2.3589,-2.9588
-5.9148,-6.3767
-5.9148,-5.7905
-5.9148,-5.8031
-5.9148,-5.2762
-5.9148,-5.1077
-5.9148,-6.7517
3.482,4.0044
3.482,3.7527
3.482,3.9691
3.482,4.0289
3.482,4.2223
3.482,2.803
3.482,3.2206
3.482,4.3443
3.482,3.0986
-7.5442,-7.2059
-7.5442,-6.5524
-0.70512,-1.0982
-0.70512,-1.4201
-0.70512,-0.7701
-4.3953,-4.4592
-4.3953,-5.3944
-6.5536,-5.9788
-6.5536,-6.9408
-6.5536,-6.5524
5.5176,4.7027
5.5176,5.867
5.5176,4.8952
5.5176,4.8164
5.5176,5
6.6299,6.5442
6.6299,6.2654
6.6299,5.879
6.6299,7.2101
6.6299,5.7077
-6.657,-6.8755
-6.657,-7.4475
4.8471,4.6212
4.8471,5.715
4.8471,4.4683
4.8471,4.6934
4.8471,3.8551
4.8471,5.1909
4.8471,5.7408
-6.312,-5.9814
-6.312,-5.3944
-6.312,-5.4242
-4.9344,-4.682
-4.9344,-5.7905
-4.9344,-5.8031
-4.9344,-5.2762
-5.9158,-6.6626
-5.9158,-6.3767
-5.9158,-5.7922
-5.9158,-5.7456
-5.9158,-6.323
-5.9158,-6.8948
-6.7517,-6.3767
-6.7517,-5.8031
-6.7517,-5.9148
-6.7517,-6.5735
-2.8975,-1.9107
-2.8975,-3.2965
-2.8975,-2.4058
-2.8975,-3.6232
7.9627,7.446
7.9627,8.356
-3.6232,-3.2965
-3.6232,-4.4592
-3.6232,-2.8975
-6.5735,-6.3018
-6.5735,-5.7905
-6.5735,-6.7517
0.84912,-0.098962
0.84912,1.8116
0.84912,0.93015
0.84912,0.93217
1.4333,1.9257
1.4333,0.71305
5,4.7027
5,4.1421
5,5.5176
-1.2443,-1.1938
-1.2443,-1.94
-1.2443,-2.0681
-1.2443,-1.6631
-1.2443,-1.4793
-1.2443,-1.8451
-0.7701,-1.6623
-0.7701,-0.90966
-0.7701,-1.0982
-0.7701,-1.5037
-0.7701,-0.70512
-6.5524,-6.2804
-6.5524,-7.5442
-6.5524,-6.5536
-3.8812,-4.682
-3.8812,-4.5728
-3.8812,-3.728
3.2193,2.4906
3.2193,3.8551
3.2193,2.9113
3.2193,3.7659
9.0452,8.3832
0.93015,0.2304
0.93015,1.4972
0.93015,0.84912
-2.4233,-2.7837
-2.4233,-2.5256
-2.4233,-2.9475
-2.4233,-2.8522
-2.4233,-1.8451
-2.4233,-1.8143
5.7408,6.5424
5.7408,5.715
5.7408,6.299
5.7408,5.6387
5.7408,5.7904
5.7408,5.3055
5.7408,5.6606
5.7408,5.1909
5.7408,4.8471
0.93217,0.84912
