4.2875,4.261
4.2875,4.2742
4.2875,4.965
4.2875,3.9473
4.2875,4.1678
4.2875,4.9125
4.2875,4.0645
4.2875,5.2032
4.2875,5.1729
4.2875,4.7994
4.2875,4.9378
4.2875,4.9047
4.2875,4.4478
4.2875,4.1422
4.2875,4.0587
4.2875,5.1338
-4.2965,-3.7166
-4.2965,-4.0027
-4.2965,-4.1551
-4.2965,-3.47
-3.868,-3.3356
-3.868,-4.5562
-3.868,-3.2583
-3.868,-4.0027
-3.868,-4.1551
-3.868,-4.2071
-3.868,-3.0743
-3.868,-3.5924
-2.9303,-3.3356
-2.9303,-3.903
-2.9303,-2.3109
-2.9303,-2.7479
-0.27624,-1.0942
-0.27624,-1.0859
-0.27624,-0.68396
-0.27624,-0.76376
-0.27624,-0.41769
5.4178,4.965
5.4178,5.2795
5.4178,6.1533
5.4178,6.1171
5.4178,5.1729
5.4178,5.8024
5.4178,5.04
5.4178,4.563
5.4178,5.0218
5.4178,5.9219
5.4178,5.206
4.261,4.2875
4.261,4.2742
4.261,4.327
4.261,4.965
4.261,3.9473
4.261,4.9125
4.261,4.0645
4.261,5.1729
4.261,3.3826
4.261,5.04
4.261,4.7994
4.261,3.2716
4.261,4.9378
4.261,4.9047
4.261,4.4478
4.261,4.1422
4.261,4.0935
4.261,4.0587
-3.3356,-3.868
-3.3356,-2.9303
-3.3356,-2.7523
-3.3356,-4.2071
-3.3356,-3.0743
-3.3356,-3.5924
-3.3356,-3.903
-3.3356,-2.7479
7.2071,6.4899
7.2071,6.5097
4.2742,4.2875
4.2742,4.261
4.2742,4.327
4.2742,4.965
4.2742,3.9473
4.2742,4.0645
4.2742,5.1729
4.2742,3.3826
4.2742,4.1308
4.2742,5.04
4.2742,3.4757
4.2742,4.9378
4.2742,4.9047
4.2742,4.4478
4.2742,5.0218
4.2742,4.0935
6.2165,6.3143
6.2165,6.4899
6.2165,5.4414
6.2165,5.4089
6.2165,5.3728
6.2165,6.0563
-5.1464,-4.5562
-5.1464,-5.3662
-5.1464,-4.2071
-5.1464,-4.944
-5.1464,-4.6097
-2.7646,-3.7166
-2.7646,-2.3912
-2.7646,-3.2583
-2.7646,-2.2924
-2.7646,-2.0256
-2.7646,-2.9566
-2.7646,-3.47
-2.7646,-3.0247
-1.0942,-0.27624
-1.0942,-1.0859
-1.0942,-1.1596
-1.0942,-0.68396
-1.0942,-1.5765
-1.0942,-1.657
-1.0942,-1.3791
-1.0942,-1.8486
-1.0942,-0.76376
-1.0942,-1.6801
-2.2132,-1.6973
-2.2132,-2.7424
-2.2132,-1.6801
-2.2132,-2.0247
5.5739,6.3143
5.5739,5.1134
5.5739,5.4414
5.5739,4.69
5.5739,5.3728
4.327,4.261
4.327,4.2742
4.327,4.965
4.327,5.2795
4.327,4.0645
4.327,4.1308
4.327,5.04
4.327,3.4757
4.327,4.4478
4.327,4.563
4.327,5.0218
4.327,4.0935
4.327,5.206
4.3776,4.5015
4.3776,3.5259
4.3776,4.6327
4.3776,4.1175
4.3776,5.1994
4.3776,4.5986
4.965,4.2875
4.965,5.4178
4.965,4.261
4.965,4.2742
4.965,4.327
4.965,5.2795
4.965,4.9125
4.965,4.0645
4.965,5.2032
4.965,5.1729
4.965,5.8024
4.965,5.04
4.965,4.9378
4.965,4.9047
4.965,4.4478
4.965,5.0218
4.965,5.9219
4.965,4.0935
4.965,5.7088
4.965,5.1338
-2.2166,-1.5268
-2.2166,-2.2711
-2.2166,-2.7233
-2.2166,-1.9526
-2.2166,-1.8104
-2.2166,-1.3142
-5.1284,-4.7307
-5.1284,-5.4542
-5.1284,-5.9849
-3.7166,-4.2965
-3.7166,-2.7646
-3.7166,-3.2583
-3.7166,-3.47
-3.7166,-3.0247
-7.4838,-7.2853
-7.4838,-6.5594
-7.4838,-7.5388
-7.4838,-6.5548
-7.4838,-8.0315
-6.7386,-7.2853
-6.7386,-6.7117
-6.7386,-6.5594
-6.7386,-5.9539
-6.7386,-7.2461
-6.7386,-6.1808
-6.7386,-6.5548
4.2387,3.5021
-1.6973,-2.2132
-1.6973,-1.1387
-1.6973,-1.1596
-1.6973,-1.5765
-1.6973,-1.6801
-1.6973,-2.0247
-1.1128,-1.7081
-1.1128,-1.4644
-1.1128,-1.9795
-1.1387,-1.6973
-1.1387,-1.1596
-1.1387,-0.55758
-1.1387,-1.6801
-8.6098,-8.0537
-8.6098,-9.1482
5.2795,5.4178
5.2795,4.327
5.2795,4.965
5.2795,6.1533
5.2795,6.1171
5.2795,5.1729
5.2795,5.8024
5.2795,5.04
5.2795,4.9378
5.2795,4.9047
5.2795,4.4478
5.2795,5.0218
5.2795,5.9219
5.2795,5.206
5.2795,5.7088
-4.5958,-4.8561
-4.5958,-4.7307
-4.5958,-5.2651
-4.5958,-4.7791
-4.5958,-3.9358
4.3671,4.5015
4.3671,3.7157
4.3671,4.6327
4.3671,4.1175
4.3671,5.1134
4.3671,4.69
4.5015,4.3776
4.5015,4.3671
4.5015,3.7157
4.5015,4.6327
4.5015,4.1175
4.5015,5.1134
4.5015,5.1994
4.5015,5.4089
4.5015,4.69
4.5015,5.3728
-2.2971,-2.2711
-2.2971,-2.769
-2.2971,-1.5765
-2.2971,-2.1246
-2.2971,-2.7424
-2.2971,-1.8486
-2.2971,-1.6801
-2.2971,-2.0247
6.9021,6.0886
6.9021,6.7926
6.9021,6.6057
6.0886,6.9021
6.0886,5.9691
6.0886,6.1171
6.0886,5.2032
6.0886,5.1729
6.0886,5.8024
6.0886,5.8132
6.0886,6.7926
6.0886,5.9219
6.0886,6.6057
6.0886,5.7088
6.0886,5.9006
3.2327,2.7541
3.2327,2.6586
3.2327,3.2618
3.2327,4.1107
3.2327,3.4531
6.1533,5.4178
6.1533,5.2795
6.1533,6.1171
6.1533,5.8024
6.1533,6.7926
6.1533,5.9219
6.1533,5.206
2.7541,3.2327
2.7541,1.9485
2.7541,2.6586
2.7541,3.2618
2.7541,2.2799
-5.5879,-4.8561
-5.5879,-5.2651
-5.5879,-5.6565
-5.5879,-5.6059
-5.5879,-5.9539
-5.5879,-5.4328
-5.5879,-4.7791
-5.5879,-5.8699
-5.5879,-6.1808
-5.5879,-6.5548
3.9473,4.2875
3.9473,4.261
3.9473,4.2742
3.9473,4.1678
3.9473,4.9125
3.9473,3.2464
3.9473,4.0645
3.9473,3.3112
3.9473,3.3826
3.9473,4.7994
3.9473,3.2716
3.9473,4.9047
3.9473,4.4478
3.9473,4.1422
3.9473,4.0587
-1.5268,-2.2166
-1.5268,-1.1166
-1.5268,-1.9526
-1.5268,-1.8104
-1.5268,-1.3142
-1.5268,-1.657
-1.5268,-1.0032
-9.7319,-9.6577
7.1337,6.3143
3.7157,4.3671
3.7157,4.5015
3.7157,4.1175
6.3143,6.2165
6.3143,5.5739
6.3143,7.1337
6.3143,6.4899
6.3143,5.4414
6.3143,6.0563
-5.8739,-6.0759
-5.8739,-5.2657
-4.5562,-3.868
-4.5562,-5.1464
-4.5562,-4.0027
-4.5562,-4.1551
-4.5562,-4.2071
-4.5562,-3.5924
-4.5562,-4.944
-4.5562,-4.9832
-2.3912,-2.7646
-2.3912,-2.2924
-2.3912,-2.0256
-2.3912,-2.9566
-2.3912,-1.4644
-2.3912,-2.1122
-2.3912,-3.0247
-2.3912,-1.9795
-1.0859,-0.27624
-1.0859,-1.0942
-1.0859,-0.68396
-1.0859,-1.5765
-1.0859,-1.3142
-1.0859,-1.657
-1.0859,-1.3791
-1.0859,-1.8486
-1.0859,-0.41769
-1.0859,-1.0032
4.1678,4.2875
4.1678,3.9473
4.1678,4.936
4.1678,4.8292
4.1678,3.3112
4.1678,4.7994
4.1678,5.1145
4.1678,4.1422
4.1678,4.0587
-3.2583,-3.868
-3.2583,-2.7646
-3.2583,-3.7166
-3.2583,-4.0027
-3.2583,-2.2924
-3.2583,-2.9566
-3.2583,-2.7523
-3.2583,-4.1551
-3.2583,-3.0743
-3.2583,-3.5924
-3.2583,-3.47
-3.2583,-2.7479
5.9691,6.0886
5.9691,5.8132
5.9691,5.1145
5.9691,5.7387
5.9691,6.6057
5.9691,5.7088
5.9691,5.9006
5.9691,5.1338
-7.2853,-7.4838
-7.2853,-6.7386
-7.2853,-6.7117
-7.2853,-6.5594
-7.2853,-7.5388
-7.2853,-7.2461
-7.2853,-6.5548
-7.2853,-8.0315
-2.9643,-2.2711
-2.9643,-2.7233
-2.9643,-2.769
-2.9643,-2.1246
-2.2711,-2.2166
-2.2711,-2.2971
-2.2711,-2.9643
-2.2711,-2.7233
-2.2711,-2.769
-2.2711,-2.1246
-2.2711,-1.8104
-2.2711,-1.657
-2.2711,-1.3791
-2.2711,-1.8486
3.5259,4.3776
3.5259,4.1175
-4.0027,-4.2965
-4.0027,-3.868
-4.0027,-4.5562
-4.0027,-3.2583
-4.0027,-4.1551
-4.0027,-3.0743
-4.0027,-3.5924
-4.0027,-3.47
-4.0027,-4.9832
4.9125,4.2875
4.9125,4.261
4.9125,4.965
4.9125,3.9473
4.9125,4.8292
4.9125,5.2032
4.9125,5.1729
4.9125,5.04
4.9125,5.8132
4.9125,4.7994
4.9125,5.1145
4.9125,4.9378
4.9125,4.9047
4.9125,4.4478
4.9125,4.1422
4.9125,4.0587
4.9125,5.7088
4.9125,5.9006
4.9125,5.1338
3.2464,3.9473
3.2464,4.0645
3.2464,3.3112
3.2464,3.3826
3.2464,3.2716
3.2464,4.1422
3.2464,4.0587
4.6327,4.3776
4.6327,4.3671
4.6327,4.5015
4.6327,4.1175
4.6327,5.1134
4.6327,5.1994
4.6327,5.4089
4.6327,5.3728
4.6327,4.5986
-2.2924,-2.7646
-2.2924,-2.3912
-2.2924,-3.2583
-2.2924,-2.9566
-2.2924,-2.7523
-2.2924,-1.7081
-2.2924,-1.4644
-2.2924,-3.0743
-2.2924,-2.1122
-2.2924,-1.9795
4.936,4.1678
4.936,4.8292
4.936,4.7994
4.936,5.1145
4.936,5.7387
-5.3662,-5.1464
-5.3662,-4.6097
1.9485,2.7541
1.9485,2.6586
1.9485,2.1362
1.9485,2.2799
6.1171,5.4178
6.1171,5.2795
6.1171,6.0886
6.1171,6.1533
6.1171,5.8024
6.1171,6.7926
6.1171,5.9219
6.1171,5.7088
-4.8561,-4.5958
-4.8561,-5.5879
-4.8561,-5.2651
-4.8561,-5.6565
-4.8561,-5.4328
-4.8561,-4.7791
4.0645,4.2875
4.0645,4.261
4.0645,4.2742
4.0645,4.327
4.0645,4.965
4.0645,3.9473
4.0645,3.2464
4.0645,3.3826
4.0645,3.2716
4.0645,3.4757
4.0645,4.9378
4.0645,4.9047
4.0645,4.4478
4.0645,4.1422
4.0645,4.0935
4.0645,4.0587
-2.0256,-2.7646
-2.0256,-2.3912
-2.0256,-1.4644
-2.0256,-3.0247
-6.7117,-6.7386
-6.7117,-7.2853
-6.7117,-5.9539
-6.7117,-6.0759
-6.7117,-7.4033
-6.7117,-7.2461
-6.7117,-6.1808
-6.7117,-6.4342
4.8292,4.1678
4.8292,4.9125
4.8292,4.936
4.8292,5.2032
4.8292,4.7994
4.8292,5.1145
4.8292,5.7387
4.8292,4.1422
4.8292,4.0587
4.8292,5.1338
-6.5812,-6.5594
-6.5812,-7.5388
-6.5812,-5.6059
-6.5812,-5.8699
-6.5812,-5.9849
-6.5812,-6.5548
-6.5812,-5.9177
-2.9566,-2.7646
-2.9566,-2.3912
-2.9566,-3.2583
-2.9566,-2.2924
-2.9566,-2.7523
-2.9566,-3.0743
-2.9566,-2.1122
-2.9566,-3.47
-2.9566,-2.7479
-2.9566,-1.9795
-8.0537,-8.6098
-8.0537,-8.9738
-2.7523,-3.3356
-2.7523,-3.2583
-2.7523,-2.2924
-2.7523,-2.9566
-2.7523,-3.0743
-2.7523,-2.1122
-2.7523,-3.5924
-2.7523,-2.3109
-2.7523,-2.7479
-2.7523,-1.9795
5.2032,4.2875
5.2032,4.965
5.2032,6.0886
5.2032,4.9125
5.2032,4.8292
5.2032,5.1729
5.2032,5.8024
5.2032,5.04
5.2032,5.8132
5.2032,4.7994
5.2032,5.1145
5.2032,4.9378
5.2032,4.9047
5.2032,5.9219
5.2032,5.7088
5.2032,5.9006
5.2032,5.1338
4.1175,4.3776
4.1175,4.3671
4.1175,4.5015
4.1175,3.7157
4.1175,3.5259
4.1175,4.6327
5.1134,5.5739
5.1134,4.3671
5.1134,4.5015
5.1134,4.6327
5.1134,5.4414
5.1134,5.1994
5.1134,5.4089
5.1134,4.69
5.1134,5.3728
2.6586,3.2327
2.6586,2.7541
2.6586,1.9485
2.6586,2.1362
2.6586,3.4531
2.6586,2.6758
3.3112,3.9473
3.3112,4.1678
3.3112,3.2464
3.3112,3.2716
3.3112,4.1422
3.3112,4.0587
6.4899,7.2071
6.4899,6.2165
6.4899,6.3143
6.4899,6.5097
6.4899,6.0563
1.3831,2.1362
-4.7307,-5.1284
-4.7307,-4.5958
-4.7307,-5.2651
-4.7307,-5.6059
-4.7307,-5.4542
-1.1596,-1.0942
-1.1596,-1.6973
-1.1596,-1.1387
-1.1596,-1.5765
-1.1596,-1.3791
-1.1596,-0.55758
-1.1596,-0.76376
-1.1596,-1.6801
-1.1596,-2.0247
-1.7081,-1.1128
-1.7081,-2.2924
-1.7081,-2.1122
-1.7081,-1.8057
-1.7081,-2.3109
-1.7081,-1.9795
5.1729,4.2875
5.1729,5.4178
5.1729,4.261
5.1729,4.2742
5.1729,4.965
5.1729,5.2795
5.1729,6.0886
5.1729,4.9125
5.1729,5.2032
5.1729,5.8024
5.1729,5.04
5.1729,4.7994
5.1729,4.9378
5.1729,4.9047
5.1729,4.4478
5.1729,5.0218
5.1729,5.9219
5.1729,5.7088
5.1729,5.9006
5.1729,5.1338
-3.8444,-4.7791
-3.8444,-3.9358
-5.2651,-4.5958
-5.2651,-5.5879
-5.2651,-4.8561
-5.2651,-4.7307
-5.2651,-5.6059
-5.2651,-5.8699
-5.2651,-5.4542
-5.2651,-5.9177
-2.7233,-2.2166
-2.7233,-2.9643
-2.7233,-2.2711
-2.7233,-1.8104
5.4414,6.2165
5.4414,5.5739
5.4414,6.3143
5.4414,5.1134
5.4414,5.4089
5.4414,4.69
5.4414,5.3728
-5.6565,-5.5879
-5.6565,-4.8561
-5.6565,-5.9539
-5.6565,-5.4328
-5.6565,-4.7791
-5.6565,-5.8699
-5.6565,-5.3906
-5.6565,-6.1808
-6.5594,-7.4838
-6.5594,-6.7386
-6.5594,-7.2853
-6.5594,-6.5812
-6.5594,-5.6059
-6.5594,-5.8699
-6.5594,-6.1808
-6.5594,-6.5548
-6.5594,-5.9177
-2.769,-2.2971
-2.769,-2.9643
-2.769,-2.2711
-2.769,-2.1246
-2.769,-2.7424
-2.769,-1.8486
3.3826,4.261
3.3826,4.2742
3.3826,3.9473
3.3826,3.2464
3.3826,4.0645
3.3826,3.2716
3.3826,3.4757
3.3826,4.0935
-0.68396,-0.27624
-0.68396,-1.0942
-0.68396,-1.0859
-0.68396,-1.657
-0.68396,-1.3791
-0.68396,-0.76376
-0.68396,-0.41769
-0.68396,-1.0032
4.1308,4.2742
4.1308,4.327
4.1308,3.4757
4.1308,4.4478
4.1308,4.563
4.1308,5.0218
4.1308,4.0935
-1.5765,-1.0942
-1.5765,-1.6973
-1.5765,-2.2971
-1.5765,-1.0859
-1.5765,-1.1596
-1.5765,-2.1246
-1.5765,-1.657
-1.5765,-1.3791
-1.5765,-1.8486
-1.5765,-0.76376
-1.5765,-1.6801
-1.5765,-2.0247
5.8024,5.4178
5.8024,4.965
5.8024,5.2795
5.8024,6.0886
5.8024,6.1533
5.8024,6.1171
5.8024,5.2032
5.8024,5.1729
5.8024,5.04
5.8024,5.8132
5.8024,6.7926
5.8024,4.9378
5.8024,4.9047
5.8024,5.9219
5.8024,5.7088
5.8024,5.9006
5.8024,5.1338
2.5398,2.1362
2.5398,1.9364
2.5398,3.0936
2.5398,2.6758
2.5398,3.1362
5.1994,4.3776
5.1994,4.5015
5.1994,4.6327
5.1994,5.1134
5.1994,5.4089
5.1994,5.3728
5.1994,5.6454
5.1994,6.0563
5.1994,4.5986
-7.5388,-7.4838
-7.5388,-7.2853
-7.5388,-6.5812
2.1362,1.9485
2.1362,2.6586
2.1362,1.3831
2.1362,2.5398
2.1362,2.6758
-9.8776,-8.9738
-9.8776,-9.1482
5.4089,6.2165
5.4089,4.5015
5.4089,4.6327
5.4089,5.1134
5.4089,5.4414
5.4089,5.1994
5.4089,5.3728
5.4089,5.6454
5.4089,6.0563
6.5097,7.2071
6.5097,6.4899
6.5097,5.6454
6.5097,6.0563
-2.1246,-2.2971
-2.1246,-2.9643
-2.1246,-2.2711
-2.1246,-2.769
-2.1246,-1.5765
-2.1246,-1.8104
-2.1246,-1.657
-2.1246,-1.3791
-2.1246,-1.8486
-2.1246,-2.0247
-1.1166,-1.5268
-1.1166,-1.9526
-1.1166,-0.47359
5.04,5.4178
5.04,4.261
5.04,4.2742
5.04,4.327
5.04,4.965
5.04,5.2795
5.04,4.9125
5.04,5.2032
5.04,5.1729
5.04,5.8024
5.04,4.9378
5.04,4.9047
5.04,4.4478
5.04,5.0218
5.04,5.9219
5.04,4.0935
5.04,5.206
5.04,5.7088
-5.6059,-5.5879
-5.6059,-6.5812
-5.6059,-4.7307
-5.6059,-5.2651
-5.6059,-6.5594
-5.6059,-5.8699
-5.6059,-5.4542
-5.6059,-5.9849
-5.6059,-5.9177
5.8132,6.0886
5.8132,5.9691
5.8132,4.9125
5.8132,5.2032
5.8132,5.8024
5.8132,5.1145
5.8132,5.7387
5.8132,6.6057
5.8132,5.7088
5.8132,5.9006
5.8132,5.1338
-1.9526,-2.2166
-1.9526,-1.5268
-1.9526,-1.1166
-4.1551,-4.2965
-4.1551,-3.868
-4.1551,-4.5562
-4.1551,-3.2583
-4.1551,-4.0027
-4.1551,-3.5924
-4.1551,-3.47
-4.1551,-4.9832
-5.9539,-6.7386
-5.9539,-5.5879
-5.9539,-6.7117
-5.9539,-5.6565
-5.9539,-6.0759
-5.9539,-5.4328
-5.9539,-5.3906
-5.9539,-6.1808
-5.9539,-6.5548
-5.9539,-6.4342
1.9364,2.5398
4.7994,4.2875
4.7994,4.261
4.7994,3.9473
4.7994,4.1678
4.7994,4.9125
4.7994,4.936
4.7994,4.8292
4.7994,5.2032
4.7994,5.1729
4.7994,5.1145
4.7994,4.9378
4.7994,4.9047
4.7994,4.1422
4.7994,4.0587
4.7994,5.1338
3.2618,3.2327
3.2618,2.7541
3.2618,2.2799
-6.0759,-5.8739
-6.0759,-6.7117
-6.0759,-5.9539
-6.0759,-5.4328
-6.0759,-5.2657
-6.0759,-5.3906
-6.0759,-6.4342
5.1145,4.1678
5.1145,5.9691
5.1145,4.9125
5.1145,4.936
5.1145,4.8292
5.1145,5.2032
5.1145,5.8132
5.1145,4.7994
5.1145,5.7387
5.1145,4.9378
5.1145,4.9047
5.1145,5.7088
5.1145,5.9006
5.1145,5.1338
-1.8104,-2.2166
-1.8104,-1.5268
-1.8104,-2.2711
-1.8104,-2.7233
-1.8104,-2.1246
-1.8104,-1.3142
-1.8104,-1.657
-1.8104,-1.3791
-1.8104,-1.8486
-1.8104,-1.0032
-4.2071,-3.868
-4.2071,-3.3356
-4.2071,-5.1464
-4.2071,-4.5562
-4.2071,-3.5924
-4.2071,-3.903
-4.2071,-4.944
-4.2071,-4.6097
2.2799,2.7541
2.2799,1.9485
2.2799,3.2618
3.2716,4.261
3.2716,3.9473
3.2716,3.2464
3.2716,4.0645
3.2716,3.3112
3.2716,3.3826
3.2716,3.4757
3.2716,4.0935
-1.3142,-2.2166
-1.3142,-1.5268
-1.3142,-1.0859
-1.3142,-1.8104
-1.3142,-1.657
-1.3142,-1.3791
-1.3142,-0.41769
-1.3142,-1.0032
-5.4328,-5.5879
-5.4328,-4.8561
-5.4328,-5.6565
-5.4328,-5.9539
-5.4328,-6.0759
-5.4328,-4.6407
-5.4328,-4.7791
-5.4328,-5.2657
-5.4328,-5.3906
-5.4328,-6.1808
-1.657,-1.0942
-1.657,-1.5268
-1.657,-1.0859
-1.657,-2.2711
-1.657,-0.68396
-1.657,-1.5765
-1.657,-2.1246
-1.657,-1.8104
-1.657,-1.3142
-1.657,-1.3791
-1.657,-1.8486
-1.657,-1.0032
-9.7117,-9.1482
3.4757,4.2742
3.4757,4.327
3.4757,4.0645
3.4757,3.3826
3.4757,4.1308
3.4757,3.2716
3.4757,4.0935
6.7926,6.9021
6.7926,6.0886
6.7926,6.1533
6.7926,6.1171
6.7926,5.8024
6.7926,5.9219
6.7926,6.6057
-1.3791,-1.0942
-1.3791,-1.0859
-1.3791,-2.2711
-1.3791,-1.1596
-1.3791,-0.68396
-1.3791,-1.5765
-1.3791,-2.1246
-1.3791,-1.8104
-1.3791,-1.3142
-1.3791,-1.657
-1.3791,-1.8486
-1.3791,-0.76376
-1.3791,-1.6801
-1.3791,-1.0032
5.7387,5.9691
5.7387,4.936
5.7387,4.8292
5.7387,5.8132
5.7387,5.1145
5.7387,5.9006
5.7387,5.1338
-1.4644,-1.1128
-1.4644,-2.3912
-1.4644,-2.2924
-1.4644,-2.0256
-1.4644,-1.9795
-2.7424,-2.2132
-2.7424,-2.2971
-2.7424,-2.769
-2.7424,-2.0247
-4.6407,-5.4328
-4.6407,-4.7791
-4.6407,-5.2657
-4.6407,-5.3906
-9.6577,-9.7319
-1.8486,-1.0942
-1.8486,-2.2971
-1.8486,-1.0859
-1.8486,-2.2711
-1.8486,-2.769
-1.8486,-1.5765
-1.8486,-2.1246
-1.8486,-1.8104
-1.8486,-1.657
-1.8486,-1.3791
-1.8486,-1.6801
-1.8486,-2.0247
4.1107,3.2327
4.1107,3.4531
4.1107,3.5021
4.9378,4.2875
4.9378,4.261
4.9378,4.2742
4.9378,4.965
4.9378,5.2795
4.9378,4.9125
4.9378,4.0645
4.9378,5.2032
4.9378,5.1729
4.9378,5.8024
4.9378,5.04
4.9378,4.7994
4.9378,5.1145
4.9378,4.9047
4.9378,4.4478
4.9378,5.0218
4.9378,4.1422
4.9378,5.7088
4.9378,5.1338
-4.7791,-4.5958
-4.7791,-5.5879
-4.7791,-4.8561
-4.7791,-3.8444
-4.7791,-5.6565
-4.7791,-5.4328
-4.7791,-4.6407
-4.7791,-5.3906
-5.8699,-5.5879
-5.8699,-6.5812
-5.8699,-5.2651
-5.8699,-5.6565
-5.8699,-6.5594
-5.8699,-5.6059
-5.8699,-6.1808
-5.8699,-6.5548
-5.8699,-5.9177
3.4531,3.2327
3.4531,2.6586
3.4531,4.1107
3.4531,3.5021
3.4531,3.0936
3.4531,2.6758
-8.9738,-8.0537
-8.9738,-9.8776
-8.9738,-9.1482
-8.9738,-8.8811
-7.4033,-6.7117
-7.4033,-7.2461
-7.4033,-6.4342
4.9047,4.2875
4.9047,4.261
4.9047,4.2742
4.9047,4.965
4.9047,5.2795
4.9047,3.9473
4.9047,4.9125
4.9047,4.0645
4.9047,5.2032
4.9047,5.1729
4.9047,5.8024
4.9047,5.04
4.9047,4.7994
4.9047,5.1145
4.9047,4.9378
4.9047,4.4478
4.9047,4.1422
4.9047,5.7088
4.9047,5.1338
4.4478,4.2875
4.4478,4.261
4.4478,4.2742
4.4478,4.327
4.4478,4.965
4.4478,5.2795
4.4478,3.9473
4.4478,4.9125
4.4478,4.0645
4.4478,5.1729
4.4478,4.1308
4.4478,5.04
4.4478,4.9378
4.4478,4.9047
4.4478,5.0218
4.4478,4.0935
-3.0743,-3.868
-3.0743,-3.3356
-3.0743,-3.2583
-3.0743,-4.0027
-3.0743,-2.2924
-3.0743,-2.9566
-3.0743,-2.7523
-3.0743,-2.1122
-3.0743,-3.5924
-3.0743,-3.47
-3.0743,-2.7479
-2.1122,-2.3912
-2.1122,-2.2924
-2.1122,-2.9566
-2.1122,-2.7523
-2.1122,-1.7081
-2.1122,-3.0743
-2.1122,-2.3109
-2.1122,-2.7479
-2.1122,-1.9795
3.5021,4.2387
3.5021,4.1107
3.5021,3.4531
3.5021,3.0936
3.5021,2.6758
4.563,5.4178
4.563,4.327
4.563,4.1308
4.563,5.0218
4.563,4.0935
4.563,5.206
-5.2657,-5.8739
-5.2657,-6.0759
-5.2657,-5.4328
-5.2657,-4.6407
-5.2657,-5.3906
-9.1482,-8.6098
-9.1482,-9.8776
-9.1482,-9.7117
-9.1482,-8.9738
-3.5924,-3.868
-3.5924,-3.3356
-3.5924,-4.5562
-3.5924,-3.2583
-3.5924,-4.0027
-3.5924,-2.7523
-3.5924,-4.1551
-3.5924,-4.2071
-3.5924,-3.0743
-3.5924,-3.903
-3.5924,-2.7479
-5.4542,-5.1284
-5.4542,-4.7307
-5.4542,-5.2651
-5.4542,-5.6059
-5.4542,-5.9849
-5.4542,-5.9177
-1.8057,-1.7081
-1.8057,-2.3109
-7.2461,-6.7386
-7.2461,-7.2853
-7.2461,-6.7117
-7.2461,-7.4033
-7.2461,-8.0315
-0.55758,-1.1387
-0.55758,-1.1596
-0.55758,-0.76376
-3.903,-2.9303
-3.903,-3.3356
-3.903,-4.2071
-3.903,-3.5924
-3.903,-4.6097
5.0218,5.4178
5.0218,4.2742
5.0218,4.327
5.0218,4.965
5.0218,5.2795
5.0218,5.1729
5.0218,4.1308
5.0218,5.04
5.0218,4.9378
5.0218,4.4478
5.0218,4.563
5.0218,4.0935
5.0218,5.206
4.69,5.5739
4.69,4.3671
4.69,4.5015
4.69,5.1134
4.69,5.4414
4.1422,4.2875
4.1422,4.261
4.1422,3.9473
4.1422,4.1678
4.1422,4.9125
4.1422,3.2464
4.1422,4.0645
4.1422,4.8292
4.1422,3.3112
4.1422,4.7994
4.1422,4.9378
4.1422,4.9047
4.1422,4.0587
4.1422,5.1338
-5.3906,-5.6565
-5.3906,-5.9539
-5.3906,-6.0759
-5.3906,-5.4328
-5.3906,-4.6407
-5.3906,-4.7791
-5.3906,-5.2657
5.3728,6.2165
5.3728,5.5739
5.3728,4.5015
5.3728,4.6327
5.3728,5.1134
5.3728,5.4414
5.3728,5.1994
5.3728,5.4089
5.3728,6.0563
5.9219,5.4178
5.9219,4.965
5.9219,5.2795
5.9219,6.0886
5.9219,6.1533
5.9219,6.1171
5.9219,5.2032
5.9219,5.1729
5.9219,5.8024
5.9219,5.04
5.9219,6.7926
5.9219,5.7088
5.9219,5.9006
3.0936,2.5398
3.0936,3.4531
3.0936,3.5021
3.0936,2.6758
3.0936,3.1362
5.6454,5.1994
5.6454,5.4089
5.6454,6.5097
5.6454,6.0563
-0.76376,-0.27624
-0.76376,-1.0942
-0.76376,-1.1596
-0.76376,-0.68396
-0.76376,-1.5765
-0.76376,-1.3791
-0.76376,-0.55758
-0.76376,-1.6801
-6.1808,-6.7386
-6.1808,-5.5879
-6.1808,-6.7117
-6.1808,-5.6565
-6.1808,-6.5594
-6.1808,-5.9539
-6.1808,-5.4328
-6.1808,-5.8699
-6.1808,-6.5548
4.0935,4.261
4.0935,4.2742
4.0935,4.327
4.0935,4.965
4.0935,4.0645
4.0935,3.3826
4.0935,4.1308
4.0935,5.04
4.0935,3.2716
4.0935,3.4757
4.0935,4.4478
4.0935,4.563
4.0935,5.0218
-5.9849,-5.1284
-5.9849,-6.5812
-5.9849,-5.6059
-5.9849,-5.4542
-5.9849,-5.9177
-2.3109,-2.9303
-2.3109,-2.7523
-2.3109,-1.7081
-2.3109,-2.1122
-2.3109,-1.8057
-2.3109,-2.7479
6.6057,6.9021
6.6057,6.0886
6.6057,5.9691
6.6057,5.8132
6.6057,6.7926
6.6057,5.9006
-3.47,-4.2965
-3.47,-2.7646
-3.47,-3.7166
-3.47,-3.2583
-3.47,-4.0027
-3.47,-2.9566
-3.47,-4.1551
-3.47,-3.0743
-3.47,-3.0247
-4.944,-5.1464
-4.944,-4.5562
-4.944,-4.2071
-4.944,-4.9832
-4.944,-4.6097
5.206,5.4178
5.206,4.327
5.206,5.2795
5.206,6.1533
5.206,5.04
5.206,4.563
5.206,5.0218
6.0563,6.2165
6.0563,6.3143
6.0563,6.4899
6.0563,5.1994
6.0563,5.4089
6.0563,6.5097
6.0563,5.3728
6.0563,5.6454
-8.8811,-8.9738
4.0587,4.2875
4.0587,4.261
4.0587,3.9473
4.0587,4.1678
4.0587,4.9125
4.0587,3.2464
4.0587,4.0645
4.0587,4.8292
4.0587,3.3112
4.0587,4.7994
4.0587,4.1422
-4.9832,-4.5562
-4.9832,-4.0027
-4.9832,-4.1551
-4.9832,-4.944
-6.5548,-7.4838
-6.5548,-6.7386
-6.5548,-5.5879
-6.5548,-7.2853
-6.5548,-6.5812
-6.5548,-6.5594
-6.5548,-5.9539
-6.5548,-5.8699
-6.5548,-6.1808
-6.4342,-6.7117
-6.4342,-5.9539
-6.4342,-6.0759
-6.4342,-7.4033
-8.0315,-7.4838
-8.0315,-7.2853
-8.0315,-7.2461
-2.7479,-2.9303
-2.7479,-3.3356
-2.7479,-3.2583
-2.7479,-2.9566
-2.7479,-2.7523
-2.7479,-3.0743
-2.7479,-2.1122
-2.7479,-3.5924
-2.7479,-2.3109
5.7088,4.965
5.7088,5.2795
5.7088,6.0886
5.7088,5.9691
5.7088,4.9125
5.7088,6.1171
5.7088,5.2032
5.7088,5.1729
5.7088,5.8024
5.7088,5.04
5.7088,5.8132
5.7088,5.1145
5.7088,4.9378
5.7088,4.9047
5.7088,5.9219
5.7088,5.9006
5.7088,5.1338
-3.0247,-2.7646
-3.0247,-3.7166
-3.0247,-2.3912
-3.0247,-2.0256
-3.0247,-3.47
-5.9177,-6.5812
-5.9177,-5.2651
-5.9177,-6.5594
-5.9177,-5.6059
-5.9177,-5.8699
-5.9177,-5.4542
-5.9177,-5.9849
-1.6801,-1.0942
-1.6801,-2.2132
-1.6801,-1.6973
-1.6801,-1.1387
-1.6801,-2.2971
-1.6801,-1.1596
-1.6801,-1.5765
-1.6801,-1.3791
-1.6801,-1.8486
-1.6801,-0.76376
-1.6801,-2.0247
2.6758,2.6586
2.6758,2.5398
2.6758,2.1362
2.6758,3.4531
2.6758,3.5021
2.6758,3.0936
5.9006,6.0886
5.9006,5.9691
5.9006,4.9125
5.9006,5.2032
5.9006,5.1729
5.9006,5.8024
5.9006,5.8132
5.9006,5.1145
5.9006,5.7387
5.9006,5.9219
5.9006,6.6057
5.9006,5.7088
5.9006,5.1338
-2.0247,-2.2132
-2.0247,-1.6973
-2.0247,-2.2971
-2.0247,-1.1596
-2.0247,-1.5765
-2.0247,-2.1246
-2.0247,-2.7424
-2.0247,-1.8486
-2.0247,-1.6801
4.5986,4.3776
4.5986,4.6327
4.5986,5.1994
-1.9795,-1.1128
-1.9795,-2.3912
-1.9795,-2.2924
-1.9795,-2.9566
-1.9795,-2.7523
-1.9795,-1.7081
-1.9795,-1.4644
-1.9795,-2.1122
-4.6097,-5.1464
-4.6097,-5.3662
-4.6097,-4.2071
-4.6097,-3.903
-4.6097,-4.944
-3.9358,-4.5958
-3.9358,-3.8444
3.1362,2.5398
3.1362,3.0936
-0.41769,-0.27624
-0.41769,-1.0859
-0.41769,-0.68396
-0.41769,-1.3142
-0.41769,-1.0032
-0.41769,-0.47359
-1.0032,-1.5268
-1.0032,-1.0859
-1.0032,-0.68396
-1.0032,-1.8104
-1.0032,-1.3142
-1.0032,-1.657
-1.0032,-1.3791
-1.0032,-0.41769
-1.0032,-0.47359
5.1338,4.2875
5.1338,4.965
5.1338,5.9691
5.1338,4.9125
5.1338,4.8292
5.1338,5.2032
5.1338,5.1729
5.1338,5.8024
5.1338,5.8132
5.1338,4.7994
5.1338,5.1145
5.1338,5.7387
5.1338,4.9378
5.1338,4.9047
5.1338,4.1422
5.1338,5.7088
5.1338,5.9006
-0.47359,-1.1166
-0.47359,-0.41769
-0.47359,-1.0032
-9.6577,-10
9.5288,10
