4.7913,5.3423
4.7913,5.6331
4.7913,4.9948
-5.6183,-6.2792
-5.6183,-6.3916
-5.6183,-5.1858
-5.6183,-5.2156
-5.6183,-5.4356
-2.4813,-2.888
-2.4813,-1.9887
-2.4813,-1.4833
-2.4813,-3.2421
-2.4813,-2.863
-2.4813,-2.4777
-2.4813,-1.9642
0.66403,1.2504
0.66403,1.4567
0.66403,1.2864
4.7196,4.1567
4.7196,4.5145
4.7196,4.8881
4.7196,3.9746
4.7196,5.4756
4.7196,4.8991
3.7009,4.1567
3.7009,3.1067
-4.4761,-4.3327
-4.4761,-5.2156
7.4184,6.839
7.4184,6.8731
3.8423,4.5145
3.8423,3.4897
3.8423,4.641
3.8423,2.9215
3.8423,3.676
3.8423,3.9746
3.8423,3.8768
3.8423,3.6748
6.839,7.4184
6.839,6.1512
6.839,6.365
6.839,7.392
-6.2792,-5.6183
-6.2792,-6.3916
-6.2792,-5.4356
-1.8829,-1.9887
-1.8829,-1.5617
-1.8829,-1.5768
-1.8829,-2.4777
-1.8829,-2.5829
-0.31361,-1.2591
-1.6009,-1.1616
4.935,4.2905
4.935,5.396
4.1567,4.7196
4.1567,3.7009
4.1567,3.676
4.1567,4.8881
4.1567,3.9746
5.032,4.5145
5.032,5.8319
5.032,4.641
5.032,5.6014
5.032,4.5628
5.032,4.8991
5.032,5.4019
-2.3106,-1.7383
-2.3106,-2.0731
-2.3106,-2.8854
-2.3106,-2.9788
-2.3106,-1.6204
-2.3106,-2.5978
-5.9874,-5.7542
-5.9874,-6.6756
-2.888,-2.4813
-2.888,-3.3442
-2.888,-1.9887
-2.888,-3.2421
-2.888,-2.4777
-2.888,-2.5829
-6.6895,-6.1309
-6.6895,-7.4742
-6.6895,-5.898
-6.6895,-6.2205
-6.6895,-6.8437
-6.1309,-6.6895
-6.1309,-5.4784
-6.1309,-5.9728
-6.1309,-5.898
-6.1309,-6.2205
3.4348,2.8858
3.4348,2.9326
-1.1616,-1.6009
-1.1616,-1.3197
-1.1616,-0.2541
-1.1616,-1.7507
-1.1616,-0.72533
-1.1616,-0.88133
-0.70564,-0.74701
-0.70564,-1.5768
-0.70564,-0.88441
0.20219,-0.72533
-7.3709,-8.1446
-7.3709,-6.9302
-7.3709,-8.1695
4.5145,4.7196
4.5145,3.8423
4.5145,5.032
4.5145,4.641
4.5145,3.676
4.5145,3.9746
4.5145,4.8991
4.5145,3.8768
4.5145,3.6748
-4.5672,-4.058
-4.5672,-4.2523
-4.5672,-5.345
-4.5672,-4.9103
-4.5672,-3.7726
4.2905,4.935
4.2905,4.3087
4.2905,3.6162
-1.3197,-1.1616
-1.3197,-1.7507
-1.3197,-1.739
-1.3197,-1.2173
-1.3197,-2.1013
-1.3197,-0.88133
7.214,6.3512
7.214,7.562
7.214,6.6854
7.214,6.7281
6.3512,7.214
6.3512,5.3423
6.3512,6.0524
6.3512,6.2186
6.3512,5.6331
6.3512,6.6854
2.3921,2.3497
2.3921,1.9657
2.3921,2.1314
2.3921,2.9326
5.8319,5.032
5.8319,5.6014
5.8319,6.6311
5.8319,5.4019
2.192,2.3497
2.192,1.9657
2.192,1.4567
2.192,2.9398
2.192,1.2864
-4.058,-4.5672
-4.058,-4.9103
-4.058,-4.2072
-4.058,-4.884
-4.058,-3.7726
3.4897,3.8423
3.4897,2.8456
3.4897,3.8768
-1.7383,-2.3106
-1.7383,-2.0731
-1.7383,-1.2591
-1.7383,-1.6204
-1.7383,-1.2173
-1.7383,-2.5978
8.2685,8.852
6.8731,7.4184
6.8731,6.1512
1.6555,1.5921
1.6555,0.72913
1.6555,1.239
6.1512,6.839
6.1512,6.8731
6.1512,5.396
6.1512,6.365
6.1512,5.2761
-5.7255,-6.4162
-6.3916,-5.6183
-6.3916,-6.2792
-6.3916,-5.8225
-3.3442,-2.888
-3.3442,-2.5829
-0.69821,-1.6204
-0.69821,-1.2173
-0.69821,-0.88133
5.6068,6.4213
5.6068,5.4803
5.6068,4.8079
5.6068,5.8175
5.6068,6.0199
5.6068,4.9948
-4.3327,-4.4761
-4.3327,-5.1858
-4.3327,-5.2156
-4.3327,-4.5072
6.4213,5.6068
6.4213,5.4803
6.4213,6.0199
-6.8081,-6.4162
-6.8081,-7.546
-6.8081,-6.2205
-2.7172,-2.0731
-2.7172,-3.1105
-2.7172,-2.475
-2.7172,-2.9788
-2.7172,-2.5044
-2.7172,-2.1013
-2.0731,-2.3106
-2.0731,-1.7383
-2.0731,-2.7172
-2.0731,-1.7507
-2.0731,-2.475
-2.0731,-2.9788
-2.0731,-1.6204
-2.0731,-1.739
-2.0731,-1.2173
-2.0731,-2.1013
-2.0731,-2.5978
2.5035,1.5921
2.5035,3.2319
-5.1858,-5.6183
-5.1858,-4.3327
-5.1858,-5.2156
-5.1858,-4.5072
-5.1858,-5.8225
4.641,3.8423
4.641,5.032
4.641,4.5145
4.641,5.6014
4.641,4.5628
4.641,4.8991
4.641,3.8768
2.9215,3.8423
2.9215,2.8456
2.9215,3.676
2.9215,2.9542
2.9215,3.6748
5.9074,6.2086
-0.74701,-0.70564
-0.74701,-1.4833
5.4803,5.6068
5.4803,6.4213
5.4803,6.0199
1.2504,0.66403
1.2504,1.4567
1.2504,2.1314
7.562,7.214
7.562,6.7281
4.8079,5.6068
4.8079,4.9948
-2.4253,-1.5617
-2.4253,-2.5829
-5.1181,-5.4784
-5.1181,-4.2155
-5.1181,-4.884
6.4383,5.8175
6.4383,6.2186
6.4383,5.6331
6.4383,6.0199
6.4383,6.6854
6.4383,6.8269
-5.7542,-5.9874
-5.7542,-6.2029
-5.7542,-4.829
-5.7542,-6.6756
-1.9887,-2.4813
-1.9887,-1.8829
-1.9887,-2.888
-1.9887,-1.4833
-1.9887,-1.5768
-1.9887,-2.4777
-1.9887,-1.9642
-6.8009,-6.1881
-6.8009,-6.9302
-6.8009,-7.4157
5.8175,5.6068
5.8175,6.4383
5.8175,6.2186
5.8175,5.6331
5.8175,6.0199
5.8175,4.9948
3.2652,3.2319
5.396,4.935
5.396,6.1512
5.396,5.2761
2.3497,2.3921
2.3497,2.192
2.3497,1.9657
2.3497,1.4567
2.3497,2.1314
2.3497,2.9326
2.8456,3.4897
2.8456,2.9215
2.8456,3.6748
6.365,6.839
6.365,6.1512
6.365,5.8936
-4.2523,-4.5672
-4.2523,-3.7726
-0.2541,-1.1616
-0.2541,-0.72533
-1.4833,-2.4813
-1.4833,-0.74701
-1.4833,-1.9887
-1.4833,-1.0421
-1.4833,-1.9642
5.3423,4.7913
5.3423,6.3512
5.3423,6.0524
5.3423,6.2186
5.3423,5.6331
-5.345,-4.5672
-5.345,-5.3153
-5.345,-5.7783
-5.345,-4.9103
-3.6202,-3.5805
-3.6202,-2.9788
5.8936,6.365
5.8936,6.2086
5.8936,5.2761
-5.3153,-5.345
-5.3153,-6.2029
-5.3153,-4.829
-5.1344,-5.7783
-5.1344,-5.4784
-5.1344,-5.9728
-5.1344,-4.9103
-5.1344,-4.2072
-5.1344,-5.898
-5.1344,-4.884
-3.1105,-2.7172
-3.1105,-2.475
-3.1105,-2.9788
-3.1105,-2.5044
3.1067,3.7009
3.1067,2.9542
1.5921,1.6555
1.5921,2.5035
1.5921,0.96408
3.676,3.8423
3.676,4.1567
3.676,4.5145
3.676,2.9215
3.676,2.9542
3.676,3.9746
3.676,3.6748
-1.7507,-1.1616
-1.7507,-1.3197
-1.7507,-2.0731
-1.7507,-2.475
-1.7507,-1.739
-1.7507,-2.5044
-1.7507,-2.1013
-1.7507,-0.88133
5.6014,5.032
5.6014,5.8319
5.6014,4.641
5.6014,5.4756
5.6014,4.8991
5.6014,6.2016
1.9657,2.3921
1.9657,2.192
1.9657,2.3497
1.9657,1.4567
1.9657,2.9326
4.3087,4.2905
4.3087,5.2761
-5.7783,-5.345
-5.7783,-5.1344
-5.7783,-5.9728
-5.7783,-4.9103
-5.7783,-5.898
-5.7783,-6.4044
1.4567,0.66403
1.4567,2.192
1.4567,1.2504
1.4567,2.3497
1.4567,1.9657
1.4567,1.2864
-7.7945,-6.9302
-7.7945,-8.1695
-7.7945,-7.4157
-6.1881,-6.8009
6.2086,5.9074
6.2086,5.8936
6.2086,6.8441
7.392,6.839
7.392,6.8441
-2.475,-2.7172
-2.475,-2.0731
-2.475,-3.1105
-2.475,-1.7507
-2.475,-2.9788
-2.475,-1.6204
-2.475,-1.739
-2.475,-2.1013
-2.475,-2.5978
-2.8854,-2.3106
-2.8854,-3.5805
-2.8854,-2.5978
6.0524,6.3512
6.0524,5.3423
6.0524,6.2186
6.0524,6.7281
6.0524,5.4019
-6.2029,-5.7542
-6.2029,-5.3153
6.2186,6.3512
6.2186,6.4383
6.2186,5.8175
6.2186,5.3423
6.2186,6.0524
6.2186,5.6331
6.2186,6.6854
-3.5805,-3.6202
-3.5805,-2.8854
-5.2156,-5.6183
-5.2156,-4.4761
-5.2156,-4.3327
-5.2156,-5.1858
-5.2156,-5.4356
-5.4784,-6.1309
-5.4784,-5.1181
-5.4784,-5.1344
-5.4784,-5.898
-5.4784,-4.884
-5.4784,-6.2205
0.29812,1.2864
2.8858,3.4348
2.8858,3.8715
-6.4162,-5.7255
-6.4162,-6.8081
5.6331,4.7913
5.6331,6.3512
5.6331,6.4383
5.6331,5.8175
5.6331,5.3423
5.6331,6.2186
5.6331,4.9948
-2.9788,-2.3106
-2.9788,-2.7172
-2.9788,-2.0731
-2.9788,-3.6202
-2.9788,-3.1105
-2.9788,-2.475
-2.9788,-2.5978
-5.4356,-5.6183
-5.4356,-6.2792
-5.4356,-5.2156
2.1314,2.3921
2.1314,1.2504
2.1314,2.3497
2.9542,2.9215
2.9542,3.1067
2.9542,3.676
-1.2591,-0.31361
-1.2591,-1.7383
-1.2591,-1.6204
-1.2591,-1.2173
-5.9728,-6.1309
-5.9728,-5.1344
-5.9728,-5.7783
-5.9728,-5.898
-5.9728,-6.8437
-5.9728,-6.4044
-1.6204,-2.3106
-1.6204,-1.7383
-1.6204,-0.69821
-1.6204,-2.0731
-1.6204,-2.475
-1.6204,-1.2591
-1.6204,-1.739
-1.6204,-1.2173
-8.1446,-7.3709
-8.1446,-8.1695
4.8881,4.7196
4.8881,4.1567
4.8881,5.4756
6.6311,5.8319
6.6311,6.7281
-1.739,-1.3197
-1.739,-2.0731
-1.739,-1.7507
-1.739,-2.475
-1.739,-1.6204
-1.739,-1.2173
-1.739,-2.1013
6.0199,5.6068
6.0199,6.4213
6.0199,5.4803
6.0199,6.4383
6.0199,5.8175
6.0199,6.8269
-1.5617,-1.8829
-1.5617,-2.4253
-1.5617,-0.88441
-2.5044,-2.7172
-2.5044,-3.1105
-2.5044,-1.7507
-2.5044,-2.1013
-1.2173,-1.3197
-1.2173,-1.7383
-1.2173,-0.69821
-1.2173,-2.0731
-1.2173,-1.2591
-1.2173,-1.6204
-1.2173,-1.739
3.8715,2.8858
3.8715,3.6162
4.4086,4.5628
-3.5341,-4.2155
-4.9103,-4.5672
-4.9103,-4.058
-4.9103,-5.345
-4.9103,-5.1344
-4.9103,-5.7783
-4.9103,-4.884
2.9326,3.4348
2.9326,2.3921
2.9326,2.3497
2.9326,1.9657
2.9326,3.4197
-6.9302,-7.3709
-6.9302,-6.8009
-6.9302,-7.7945
-7.546,-6.8081
4.5628,5.032
4.5628,4.641
4.5628,4.4086
4.5628,3.8768
4.5628,5.4019
3.9746,4.7196
3.9746,3.8423
3.9746,4.1567
3.9746,4.5145
3.9746,3.676
3.9746,3.6748
-1.9461,-2.863
-1.9461,-1.0421
-1.9461,-1.9642
-1.5768,-1.8829
-1.5768,-0.70564
-1.5768,-1.9887
-1.5768,-2.4777
3.4197,2.9326
3.4197,2.9398
5.4756,4.7196
5.4756,5.6014
5.4756,4.8881
5.4756,4.8991
5.4756,6.2016
-4.2072,-4.058
-4.2072,-5.1344
-4.2072,-4.2155
-4.2072,-4.884
-8.1695,-7.3709
-8.1695,-7.7945
-8.1695,-8.1446
-3.2421,-2.4813
-3.2421,-2.888
-3.2421,-2.863
-3.2421,-2.4777
-4.829,-5.7542
-4.829,-5.3153
-0.88441,-0.70564
-0.88441,-1.5617
-7.4742,-6.6895
-0.72533,-1.1616
-0.72533,0.20219
-0.72533,-0.2541
-2.863,-2.4813
-2.863,-1.9461
-2.863,-3.2421
4.8991,4.7196
4.8991,5.032
4.8991,4.5145
4.8991,4.641
4.8991,5.6014
4.8991,5.4756
3.6162,4.2905
3.6162,3.8715
3.8768,3.8423
3.8768,4.5145
3.8768,3.4897
3.8768,4.641
3.8768,4.5628
3.8768,3.6748
-4.2155,-5.1181
-4.2155,-3.5341
-4.2155,-4.2072
5.2761,6.1512
5.2761,5.396
5.2761,5.8936
5.2761,4.3087
6.6854,7.214
6.6854,6.3512
6.6854,6.4383
6.6854,6.2186
6.6854,7.3729
2.9398,2.192
2.9398,3.4197
2.9398,3.7791
-2.1013,-1.3197
-2.1013,-2.7172
-2.1013,-2.0731
-2.1013,-1.7507
-2.1013,-2.475
-2.1013,-1.739
-2.1013,-2.5044
-5.898,-6.6895
-5.898,-6.1309
-5.898,-5.1344
-5.898,-5.7783
-5.898,-5.4784
-5.898,-5.9728
-5.898,-6.8437
3.6748,3.8423
3.6748,4.5145
3.6748,2.9215
3.6748,2.8456
3.6748,3.676
3.6748,3.9746
3.6748,3.8768
-6.6756,-5.9874
-6.6756,-5.7542
-6.6756,-6.9521
-1.0421,-1.4833
-1.0421,-1.9461
7.3729,6.6854
7.3729,6.8269
-4.5072,-4.3327
-4.5072,-5.1858
-6.2767,-6.9521
6.2016,5.6014
6.2016,5.4756
6.8441,6.2086
6.8441,7.392
-7.4157,-6.8009
-7.4157,-7.7945
4.9948,4.7913
4.9948,5.6068
4.9948,4.8079
4.9948,5.8175
4.9948,5.6331
-5.8225,-6.3916
-5.8225,-5.1858
-4.884,-4.058
-4.884,-5.1181
-4.884,-5.1344
-4.884,-5.4784
-4.884,-4.9103
-4.884,-4.2072
-6.2205,-6.6895
-6.2205,-6.1309
-6.2205,-6.8081
-6.2205,-5.4784
-6.8437,-6.6895
-6.8437,-5.9728
-6.8437,-5.898
-2.4777,-2.4813
-2.4777,-1.8829
-2.4777,-2.888
-2.4777,-1.9887
-2.4777,-1.5768
-2.4777,-3.2421
-2.4777,-2.5829
6.7281,7.214
6.7281,7.562
6.7281,6.0524
6.7281,6.6311
-2.5829,-1.8829
-2.5829,-2.888
-2.5829,-3.3442
-2.5829,-2.4253
-2.5829,-2.4777
-6.4044,-5.7783
-6.4044,-5.9728
0.72913,1.6555
0.72913,1.239
1.2864,0.66403
1.2864,2.192
1.2864,1.4567
1.2864,0.29812
5.4019,5.032
5.4019,5.8319
5.4019,6.0524
5.4019,4.5628
-0.88133,-1.1616
-0.88133,-1.3197
-0.88133,-0.69821
-0.88133,-1.7507
3.2319,2.5035
3.2319,3.2652
-1.9642,-2.4813
-1.9642,-1.9887
-1.9642,-1.4833
-1.9642,-1.9461
-6.9521,-6.6756
-6.9521,-6.2767
-3.7726,-4.5672
-3.7726,-4.058
-3.7726,-4.2523
3.7791,2.9398
8.852,8.2685
0.96408,1.5921
-2.5978,-2.3106
-2.5978,-1.7383
-2.5978,-2.0731
-2.5978,-2.475
-2.5978,-2.8854
-2.5978,-2.9788
6.8269,6.4383
6.8269,6.0199
6.8269,7.3729
1.239,1.6555
1.239,0.72913
