-1.5231,-1.3174
-1.5231,-2.0936
-1.5231,-2.1724
-1.5231,-2.2648
-1.5231,-0.74714
-1.5231,-1.0668
-1.5231,-2.4832
-1.5231,-1.6776
-7.3838,-6.9679
-7.3838,-6.8501
-4.4387,-4.9211
-4.4387,-4.6319
-4.4387,-3.7903
-4.4387,-4.2075
-4.4387,-3.4963
-4.4387,-3.9537
-4.4387,-4.4379
-5.286,-5.8124
-5.286,-6.2117
-5.286,-5.8772
-5.286,-5.5438
-5.286,-5.169
-3.8172,-4.0588
-3.8172,-3.9986
-3.8172,-3.4458
-3.8172,-4.7312
-3.8172,-3.5656
-3.8172,-3.7293
-3.8172,-2.9528
-3.8172,-3.7148
-3.8172,-4.6288
-4.1288,-4.572
-4.1288,-4.0588
-4.1288,-3.9986
-4.1288,-3.6733
-4.1288,-5.054
-4.1288,-3.2706
-4.1288,-3.3562
-4.1288,-4.0942
-4.1288,-3.7148
-5.4273,-4.8038
-5.4273,-5.1672
-5.4273,-5.7956
-5.4273,-6.0845
-5.4273,-4.8953
5.4058,4.9367
5.4058,5.8108
5.4058,4.8415
5.4058,5.976
-2.9575,-2.9998
-2.9575,-2.1724
-2.9575,-2.2648
-2.9575,-3.0035
-2.9575,-2.0449
-2.9575,-2.6229
-2.9575,-2.0446
-2.9575,-3.2706
-2.9575,-3.7293
-2.9575,-3.3562
-2.9575,-2.9528
-2.9575,-3.7148
-2.9575,-2.6654
5.0907,4.2998
5.0907,4.7597
5.0907,4.9367
5.0907,5.4782
5.0907,4.4793
5.0907,5.8108
5.0907,4.5444
5.0907,5.7394
-4.9211,-4.4387
-4.9211,-5.1672
-4.9211,-4.6319
-4.9211,-4.2075
-4.9211,-5.5766
-4.9211,-4.4379
-5.8124,-5.286
-5.8124,-6.2117
-5.8124,-5.7956
-5.8124,-5.8772
-5.8124,-5.169
-5.8124,-6.2771
6.4742,6.1594
6.4742,6.9234
3.6934,3.5308
3.6934,4.4358
3.6934,4.3262
4.2998,5.0907
4.2998,4.7597
4.2998,4.9367
4.2998,3.9376
4.2998,4.4793
4.2998,4.8149
4.2998,3.658
4.2998,4.5444
-4.572,-4.1288
-4.572,-4.0588
-4.572,-3.9986
-4.572,-4.7312
-4.572,-3.6733
-4.572,-5.054
-4.572,-5.0055
-4.572,-4.0942
-4.572,-3.7148
-4.0588,-3.8172
-4.0588,-4.1288
-4.0588,-4.572
-4.0588,-3.9986
-4.0588,-4.7312
-4.0588,-3.6733
-4.0588,-5.0055
-4.0588,-3.7293
-4.0588,-3.3562
-4.0588,-3.7148
6.2924,5.5038
6.2924,6.8567
6.2924,6.0939
6.2924,6.184
-3.1914,-2.5662
-3.1914,-3.3878
-3.1914,-3.4963
-3.1914,-3.9537
-4.8038,-5.4273
-4.8038,-5.1672
-4.8038,-4.2075
-4.8038,-4.2751
-4.8038,-4.4379
-0.27512,0.51592
-0.27512,-1.0911
-0.27512,0.10179
-0.27512,-0.48716
-0.27512,-0.074615
-0.27512,-0.027144
-0.27512,-0.38074
-0.27512,-1.0952
-0.27512,-0.76183
0.51592,-0.27512
0.51592,0.50261
0.51592,0.64552
0.51592,0.10179
0.51592,1.1927
0.51592,-0.074615
0.51592,1.1472
0.51592,-0.027144
0.51592,1.3459
2.0272,2.0481
2.0272,1.2848
3.5884,3.5308
3.5884,2.9448
3.5884,4.2494
3.5884,4.3283
-6.5076,-6.2117
-6.5076,-6.7268
-6.5076,-6.1078
-6.5076,-6.8501
-6.5076,-5.8488
-6.5076,-5.8772
-6.5076,-5.5438
-6.5076,-6.2771
6.3048,6.7723
6.3048,6.8531
6.3048,5.5783
-3.9986,-3.8172
-3.9986,-4.1288
-3.9986,-4.572
-3.9986,-4.0588
-3.9986,-3.4458
-3.9986,-4.7312
-3.9986,-3.7293
-3.9986,-3.3562
-3.9986,-3.7148
-3.9986,-4.6288
-1.8148,-2.5662
-1.8148,-1.0911
-1.8148,-1.1121
-1.8148,-1.6025
-1.8148,-1.2791
-1.8148,-1.0952
-1.8148,-2.1759
3.9363,4.355
3.9363,4.8149
3.9363,3.0053
3.9363,3.2552
3.9363,3.658
3.9363,4.5444
5.9172,6.918
5.9172,6.2763
4.5193,5.1116
4.5193,5.185
4.5193,5.4233
4.5193,4.4769
4.5193,5.2962
4.5193,4.4358
4.5193,4.3283
4.5193,4.3262
-3.4458,-3.8172
-3.4458,-3.9986
-3.4458,-2.6229
-3.4458,-3.5656
-3.4458,-3.7293
-3.4458,-2.9528
-3.4458,-3.7148
-3.4458,-2.6654
-1.8131,-2.6229
-1.8131,-2.0446
-1.8131,-0.96613
-1.8131,-2.6654
-1.8131,-1.8639
2.0481,2.0272
2.0481,1.8839
2.0481,2.3358
2.0481,3.0053
2.0481,1.1278
2.0481,1.2848
-4.7312,-3.8172
-4.7312,-4.572
-4.7312,-4.0588
-4.7312,-3.9986
-4.7312,-5.0055
-4.7312,-4.6288
1.8839,2.0481
1.8839,2.1266
1.8839,2.3358
1.8839,1.4861
1.8839,1.1278
1.8839,1.2848
-1.7041,-1.0241
-1.7041,-1.2791
-1.7041,-2.1759
-2.9998,-2.9575
-2.9998,-2.0936
-2.9998,-2.1724
-2.9998,-2.8325
-2.9998,-2.2648
-2.9998,-3.0035
-2.9998,-3.6733
-2.9998,-2.0449
-2.9998,-2.5671
-2.9998,-2.4832
-2.9998,-3.2706
-2.9998,-3.3562
-2.9998,-2.9528
-2.9998,-3.7148
-2.9998,-2.6654
6.1594,6.4742
6.1594,6.0366
6.1594,5.2971
6.1594,5.2962
6.1594,7.0838
6.1594,6.184
4.7597,5.0907
4.7597,4.2998
4.7597,5.4782
4.7597,5.1951
4.7597,4.8149
4.7597,4.5444
4.7597,5.7394
7.3188,6.918
7.3188,6.9234
4.9367,5.4058
4.9367,5.0907
4.9367,4.2998
4.9367,5.4782
4.9367,4.4793
4.9367,5.8108
4.9367,4.8415
2.3765,1.9186
2.3765,1.9061
-5.1672,-5.4273
-5.1672,-4.9211
-5.1672,-4.8038
-5.1672,-5.5766
-5.1672,-4.4379
-6.2117,-5.286
-6.2117,-5.8124
-6.2117,-6.5076
-6.2117,-6.9679
-6.2117,-6.1078
-6.2117,-6.8501
-6.2117,-5.8772
-6.2117,-6.2771
5.1116,4.5193
5.1116,5.4233
5.1116,4.4769
5.1116,6.0366
5.1116,5.2971
5.1116,5.2962
5.1116,4.3283
-1.3174,-1.5231
-1.3174,-0.41963
-1.3174,-2.0936
-1.3174,-2.1724
-1.3174,-2.2648
-1.3174,-2.0449
-1.3174,-1.0668
-1.3174,-1.6776
-5.7956,-5.4273
-5.7956,-5.8124
-5.7956,-4.8953
-5.7956,-6.3215
-5.7956,-5.169
-5.7956,-6.2771
-0.9652,-1.0668
-0.9652,-0.96613
-0.9652,-1.8639
1.0186,0.50261
1.0186,1.9186
1.0186,1.1927
1.0186,0.3507
5.0571,5.185
5.0571,5.5038
5.0571,4.4358
5.185,4.5193
5.185,5.0571
5.185,5.4233
5.185,5.5038
5.185,6.0939
5.185,5.2962
5.185,4.4358
5.185,4.3262
6.9721,6.918
-6.0845,-5.4273
-3.5578,-3.1916
-3.5578,-2.8325
-3.5578,-3.6733
-3.5578,-4.2097
-3.5578,-3.2706
-3.5578,-4.0942
-3.1916,-3.5578
-3.1916,-2.8325
-3.1916,-3.6733
-3.1916,-2.5671
-3.1916,-2.4832
-3.1916,-3.2706
5.4782,5.0907
5.4782,4.7597
5.4782,4.9367
5.4782,5.8108
5.4782,4.5444
5.4782,6.1646
5.4782,5.7394
-6.7268,-6.5076
-6.7268,-6.1078
-6.7268,-6.288
-6.7268,-6.8501
-6.7268,-5.8488
-6.7268,-7.4873
-6.7268,-6.5999
-0.41963,-1.3174
-0.41963,-0.74714
-0.41963,-1.0668
-0.41963,0.12856
-4.6319,-4.4387
-4.6319,-4.9211
-4.6319,-3.7903
2.1266,1.8839
2.1266,2.3358
2.1266,1.4861
2.1266,2.8289
-4.4416,-3.5656
-4.4416,-4.6288
2.8738,3.5308
0.92124,1.2848
-6.9679,-7.3838
-6.9679,-6.2117
-6.9679,-6.3215
-6.9679,-6.2771
0.50261,0.51592
0.50261,1.0186
0.50261,0.10179
0.50261,1.1927
0.50261,0.3507
0.50261,-0.027144
0.50261,-0.38074
0.50261,1.3459
1.9186,2.3765
1.9186,1.0186
1.9186,1.1927
1.9186,1.3459
-2.0936,-1.5231
-2.0936,-2.9998
-2.0936,-1.3174
-2.0936,-2.1724
-2.0936,-2.2648
-2.0936,-3.0035
-2.0936,-2.0449
-2.0936,-2.0446
-2.0936,-2.5671
-2.0936,-2.4832
-2.0936,-1.8639
-2.5662,-3.1914
-2.5662,-1.8148
-2.5662,-1.6025
-2.5662,-3.4963
-6.1078,-6.5076
-6.1078,-6.2117
-6.1078,-6.7268
-6.1078,-6.8501
-6.1078,-5.8488
-6.1078,-5.8772
-6.1078,-5.5438
5.5698,5.5783
5.5698,6.5502
-7.3024,-6.5999
-2.1724,-1.5231
-2.1724,-2.9575
-2.1724,-2.9998
-2.1724,-1.3174
-2.1724,-2.0936
-2.1724,-2.2648
-2.1724,-3.0035
-2.1724,-2.0449
-2.1724,-2.0446
-2.1724,-2.5671
-2.1724,-2.4832
-2.1724,-2.6654
-2.1724,-1.8639
4.355,3.9363
4.355,5.1951
4.355,4.8149
3.9376,4.2998
3.9376,4.4793
3.9376,3.658
3.9376,4.5444
2.3358,2.0481
2.3358,1.8839
2.3358,2.1266
2.3358,2.8289
-2.8325,-2.9998
-2.8325,-3.5578
-2.8325,-3.1916
-2.8325,-2.2648
-2.8325,-2.5671
-2.8325,-2.4832
-2.8325,-3.2706
4.4793,5.0907
4.4793,4.2998
4.4793,4.9367
4.4793,3.9376
4.4793,4.8415
2.2387,1.6407
2.2387,2.84
-1.0911,-0.27512
-1.0911,-1.8148
-1.0911,-1.0241
-1.0911,-0.48716
-1.0911,-1.2791
-1.0911,-1.0952
-1.0911,-0.76183
1.6407,2.2387
-6.288,-6.7268
-6.288,-5.8488
-6.288,-6.5999
-2.2648,-1.5231
-2.2648,-2.9575
-2.2648,-2.9998
-2.2648,-1.3174
-2.2648,-2.0936
-2.2648,-2.1724
-2.2648,-2.8325
-2.2648,-3.0035
-2.2648,-2.0449
-2.2648,-2.0446
-2.2648,-2.5671
-2.2648,-2.4832
-2.2648,-3.2706
-2.2648,-1.6776
-2.2648,-1.8639
3.5308,3.6934
3.5308,3.5884
3.5308,2.8738
3.5308,4.4769
3.5308,4.3283
3.5308,4.3262
-1.1121,-1.8148
-1.1121,-1.6025
-1.1121,-0.38074
-1.1121,-1.0952
-1.1121,-0.38417
-1.1121,-0.76183
5.1951,4.7597
5.1951,4.355
5.1951,4.8149
5.1951,4.5444
5.1951,5.7394
-1.0241,-1.7041
-1.0241,-1.0911
-1.0241,-0.48716
-1.0241,-0.37443
-1.0241,-1.2791
0.64552,0.51592
0.64552,-0.074615
0.64552,1.1472
5.4233,4.5193
5.4233,5.1116
5.4233,5.185
5.4233,4.4769
5.4233,5.5038
5.4233,6.0366
5.4233,5.2962
5.4233,6.184
-4.8142,-4.2097
-4.8142,-5.054
-4.8142,-4.0942
6.918,5.9172
6.918,7.3188
6.918,6.9721
6.918,6.2763
-3.0035,-2.9575
-3.0035,-2.9998
-3.0035,-2.0936
-3.0035,-2.1724
-3.0035,-2.2648
-3.0035,-3.6733
-3.0035,-2.0449
-3.0035,-2.0446
-3.0035,-2.4832
-3.0035,-3.2706
-3.0035,-3.7293
-3.0035,-3.3562
-3.0035,-2.9528
-3.0035,-3.7148
-3.0035,-2.6654
4.4769,4.5193
4.4769,5.1116
4.4769,3.5308
4.4769,5.4233
4.4769,5.2962
4.4769,4.4358
4.4769,4.2494
4.4769,4.3283
4.4769,4.3262
-3.6733,-4.1288
-3.6733,-4.572
-3.6733,-4.0588
-3.6733,-2.9998
-3.6733,-3.5578
-3.6733,-3.1916
-3.6733,-3.0035
-3.6733,-3.2706
-3.6733,-3.3562
-3.6733,-4.0942
-3.6733,-3.7148
1.4861,1.8839
1.4861,2.1266
1.4861,1.1278
4.8149,4.2998
4.8149,3.9363
4.8149,4.7597
4.8149,4.355
4.8149,5.1951
4.8149,4.5444
0.10179,-0.27512
0.10179,0.51592
0.10179,0.50261
0.10179,0.3507
0.10179,-0.027144
0.10179,-0.38074
0.10179,-0.76183
2.84,2.2387
6.7723,6.3048
6.8531,6.3048
6.8531,7.4573
6.8531,6.5502
5.8108,5.4058
5.8108,5.0907
5.8108,4.9367
5.8108,5.4782
5.8108,6.1646
4.8415,5.4058
4.8415,4.9367
4.8415,4.4793
5.5038,6.2924
5.5038,5.0571
5.5038,5.185
5.5038,5.4233
5.5038,6.0939
5.5038,6.0366
5.5038,5.2962
5.5038,6.184
6.8567,6.2924
6.8567,7.0838
6.8567,6.184
-2.0449,-2.9575
-2.0449,-2.9998
-2.0449,-1.3174
-2.0449,-2.0936
-2.0449,-2.1724
-2.0449,-2.2648
-2.0449,-3.0035
-2.0449,-2.0446
-2.0449,-1.0668
-2.0449,-2.4832
-2.0449,-2.6654
-2.0449,-1.8639
-1.6025,-1.8148
-1.6025,-2.5662
-1.6025,-1.1121
-1.6025,-1.0952
-1.6025,-0.76183
-2.6229,-2.9575
-2.6229,-3.4458
-2.6229,-1.8131
-2.6229,-2.0446
-2.6229,-2.9528
-2.6229,-2.6654
-2.6229,-1.8639
-4.8953,-5.4273
-4.8953,-5.7956
-4.8953,-4.2751
-4.8953,-5.169
-0.48716,-0.27512
-0.48716,-1.0911
-0.48716,-1.0241
-0.48716,-0.37443
-0.48716,-1.2791
-0.48716,-0.074615
-0.48716,-0.027144
-0.48716,-1.0952
-0.74714,-1.5231
-0.74714,-0.41963
-0.74714,-1.6776
-0.74714,0.12856
3.0053,3.9363
3.0053,2.0481
3.0053,3.2552
3.0053,3.658
1.1927,0.51592
1.1927,1.0186
1.1927,0.50261
1.1927,1.9186
1.1927,1.1472
1.1927,0.3507
1.1927,1.3459
-2.0446,-2.9575
-2.0446,-1.8131
-2.0446,-2.0936
-2.0446,-2.1724
-2.0446,-2.2648
-2.0446,-3.0035
-2.0446,-2.0449
-2.0446,-2.6229
-2.0446,-1.0668
-2.0446,-2.9528
-2.0446,-2.6654
-2.0446,-1.8639
6.0939,6.2924
6.0939,5.185
6.0939,5.5038
-3.7903,-4.4387
-3.7903,-4.6319
-3.7903,-3.4963
2.8289,2.1266
2.8289,2.3358
2.8289,3.2552
-4.2097,-3.5578
-4.2097,-4.8142
-4.2097,-4.0942
6.0366,6.1594
6.0366,5.1116
6.0366,5.4233
6.0366,5.5038
6.0366,5.2971
6.0366,5.2962
6.0366,6.184
-0.37443,-1.0241
-0.37443,-0.48716
-0.37443,-0.074615
5.2971,6.1594
5.2971,5.1116
5.2971,6.0366
5.2971,5.2962
7.4573,6.8531
7.4573,7.7467
-5.054,-4.1288
-5.054,-4.572
-5.054,-4.8142
-5.054,-5.0055
-5.054,-4.0942
-3.5656,-3.8172
-3.5656,-3.4458
-3.5656,-4.4416
-3.5656,-3.7293
5.2962,4.5193
5.2962,6.1594
5.2962,5.1116
5.2962,5.185
5.2962,5.4233
5.2962,4.4769
5.2962,5.5038
5.2962,6.0366
5.2962,5.2971
5.2962,6.184
-1.0668,-1.5231
-1.0668,-1.3174
-1.0668,-0.9652
-1.0668,-0.41963
-1.0668,-2.0449
-1.0668,-2.0446
-1.0668,-1.8639
-6.8501,-7.3838
-6.8501,-6.5076
-6.8501,-6.2117
-6.8501,-6.7268
-6.8501,-6.1078
-6.8501,-7.4873
-6.8501,-6.2771
4.4358,3.6934
4.4358,4.5193
4.4358,5.0571
4.4358,5.185
4.4358,4.4769
4.4358,4.3262
1.9061,2.3765
1.9061,1.1472
1.9061,1.3459
7.0838,6.1594
7.0838,6.8567
7.0838,6.184
3.2552,3.9363
3.2552,3.0053
3.2552,2.8289
-2.5671,-2.9998
-2.5671,-3.1916
-2.5671,-2.0936
-2.5671,-2.1724
-2.5671,-2.8325
-2.5671,-2.2648
-2.5671,-2.4832
-2.5671,-3.2706
-2.5671,-1.6776
-1.2791,-1.8148
-1.2791,-1.7041
-1.2791,-1.0911
-1.2791,-1.0241
-1.2791,-0.48716
-1.2791,-1.0952
-1.2791,-2.1759
-0.074615,-0.27512
-0.074615,0.51592
-0.074615,0.64552
-0.074615,-0.48716
-0.074615,-0.37443
-0.074615,-0.027144
1.1278,2.0481
1.1278,1.8839
1.1278,1.4861
1.1278,1.2848
1.1278,0.49844
5.5783,6.3048
5.5783,5.5698
1.1472,0.51592
1.1472,0.64552
1.1472,1.1927
1.1472,1.9061
1.1472,1.3459
-2.4832,-1.5231
-2.4832,-2.9998
-2.4832,-3.1916
-2.4832,-2.0936
-2.4832,-2.1724
-2.4832,-2.8325
-2.4832,-2.2648
-2.4832,-3.0035
-2.4832,-2.0449
-2.4832,-2.5671
-2.4832,-3.2706
-2.4832,-1.6776
-3.2706,-4.1288
-3.2706,-2.9575
-3.2706,-2.9998
-3.2706,-3.5578
-3.2706,-3.1916
-3.2706,-2.8325
-3.2706,-2.2648
-3.2706,-3.0035
-3.2706,-3.6733
-3.2706,-2.5671
-3.2706,-2.4832
-3.2706,-3.3562
-3.2706,-4.0942
-5.8488,-6.5076
-5.8488,-6.7268
-5.8488,-6.1078
-5.8488,-6.288
-5.8488,-5.5438
-5.8772,-5.286
-5.8772,-5.8124
-5.8772,-6.5076
-5.8772,-6.2117
-5.8772,-6.1078
-5.8772,-5.5438
-5.8772,-6.2771
1.2848,2.0272
1.2848,2.0481
1.2848,1.8839
1.2848,0.92124
1.2848,1.1278
-5.0055,-4.572
-5.0055,-4.0588
-5.0055,-4.7312
-5.0055,-5.054
-5.0055,-4.6288
2.9448,3.5884
7.7467,7.4573
-4.2075,-4.4387
-4.2075,-4.9211
-4.2075,-4.8038
-4.2075,-3.3878
-4.2075,-3.9537
-4.2075,-4.4379
-3.3878,-3.1914
-3.3878,-4.2075
-3.3878,-4.2751
-3.3878,-3.9537
-7.4873,-6.7268
-7.4873,-6.8501
0.3507,1.0186
0.3507,0.50261
0.3507,0.10179
0.3507,1.1927
0.3507,-0.38074
0.3507,-0.38417
4.2494,3.5884
4.2494,4.4769
4.2494,4.3283
-4.2751,-4.8038
-4.2751,-4.8953
-4.2751,-3.3878
-3.7293,-3.8172
-3.7293,-2.9575
-3.7293,-4.0588
-3.7293,-3.9986
-3.7293,-3.4458
-3.7293,-3.0035
-3.7293,-3.5656
-3.7293,-3.3562
-3.7293,-2.9528
-3.7293,-3.7148
3.658,4.2998
3.658,3.9363
3.658,3.9376
3.658,3.0053
3.658,4.5444
-3.3562,-4.1288
-3.3562,-2.9575
-3.3562,-4.0588
-3.3562,-3.9986
-3.3562,-2.9998
-3.3562,-3.0035
-3.3562,-3.6733
-3.3562,-3.2706
-3.3562,-3.7293
-3.3562,-2.9528
-3.3562,-4.0942
-3.3562,-3.7148
-0.027144,-0.27512
-0.027144,0.51592
-0.027144,0.50261
-0.027144,0.10179
-0.027144,-0.48716
-0.027144,-0.074615
-0.027144,-0.38074
-0.027144,-0.76183
4.5444,5.0907
4.5444,4.2998
4.5444,3.9363
4.5444,4.7597
4.5444,5.4782
4.5444,3.9376
4.5444,5.1951
4.5444,4.8149
4.5444,3.658
-2.9528,-3.8172
-2.9528,-2.9575
-2.9528,-3.4458
-2.9528,-2.9998
-2.9528,-3.0035
-2.9528,-2.6229
-2.9528,-2.0446
-2.9528,-3.7293
-2.9528,-3.3562
-2.9528,-3.7148
-2.9528,-2.6654
0.49844,1.1278
0.49844,0.12856
6.1646,5.4782
6.1646,5.8108
6.1646,5.7394
4.3283,3.5884
4.3283,4.5193
4.3283,5.1116
4.3283,3.5308
4.3283,4.4769
4.3283,4.2494
4.3283,4.3262
-0.38074,-0.27512
-0.38074,0.50261
-0.38074,-1.1121
-0.38074,0.10179
-0.38074,0.3507
-0.38074,-0.027144
-0.38074,-1.0952
-0.38074,-0.38417
-0.38074,-0.76183
-4.0942,-4.1288
-4.0942,-4.572
-4.0942,-3.5578
-4.0942,-4.8142
-4.0942,-3.6733
-4.0942,-4.2097
-4.0942,-5.054
-4.0942,-3.2706
-4.0942,-3.3562
-3.4963,-4.4387
-3.4963,-3.1914
-3.4963,-2.5662
-3.4963,-3.7903
-3.4963,-3.9537
-5.5438,-5.286
-5.5438,-6.5076
-5.5438,-6.1078
-5.5438,-5.8488
-5.5438,-5.8772
-0.96613,-1.8131
-0.96613,-0.9652
-6.3215,-5.7956
-6.3215,-6.9679
-6.3215,-6.2771
-3.9537,-4.4387
-3.9537,-3.1914
-3.9537,-4.2075
-3.9537,-3.3878
-3.9537,-3.4963
-3.9537,-4.4379
-3.7148,-3.8172
-3.7148,-4.1288
-3.7148,-2.9575
-3.7148,-4.572
-3.7148,-4.0588
-3.7148,-3.9986
-3.7148,-3.4458
-3.7148,-2.9998
-3.7148,-3.0035
-3.7148,-3.6733
-3.7148,-3.7293
-3.7148,-3.3562
-3.7148,-2.9528
5.976,5.4058
6.5502,5.5698
6.5502,6.8531
-1.6776,-1.5231
-1.6776,-1.3174
-1.6776,-2.2648
-1.6776,-0.74714
-1.6776,-2.5671
-1.6776,-2.4832
-5.5766,-4.9211
-5.5766,-5.1672
-1.0952,-0.27512
-1.0952,-1.8148
-1.0952,-1.0911
-1.0952,-1.1121
-1.0952,-1.6025
-1.0952,-0.48716
-1.0952,-1.2791
-1.0952,-0.38074
-1.0952,-0.76183
1.3459,0.51592
1.3459,0.50261
1.3459,1.9186
1.3459,1.1927
1.3459,1.9061
1.3459,1.1472
-0.38417,-1.1121
-0.38417,0.3507
-0.38417,-0.38074
-0.38417,-0.76183
-5.169,-5.286
-5.169,-5.8124
-5.169,-5.7956
-5.169,-4.8953
-4.6288,-3.8172
-4.6288,-3.9986
-4.6288,-4.7312
-4.6288,-4.4416
-4.6288,-5.0055
-6.2771,-5.8124
-6.2771,-6.5076
-6.2771,-6.2117
-6.2771,-5.7956
-6.2771,-6.9679
-6.2771,-6.8501
-6.2771,-5.8772
-6.2771,-6.3215
-0.76183,-0.27512
-0.76183,-1.0911
-0.76183,-1.1121
-0.76183,0.10179
-0.76183,-1.6025
-0.76183,-0.027144
-0.76183,-0.38074
-0.76183,-1.0952
-0.76183,-0.38417
6.1883,6.2763
6.1883,6.9234
-2.6654,-2.9575
-2.6654,-3.4458
-2.6654,-1.8131
-2.6654,-2.9998
-2.6654,-2.1724
-2.6654,-3.0035
-2.6654,-2.0449
-2.6654,-2.6229
-2.6654,-2.0446
-2.6654,-2.9528
-2.6654,-1.8639
4.3262,3.6934
4.3262,4.5193
4.3262,5.185
4.3262,3.5308
4.3262,4.4769
4.3262,4.4358
4.3262,4.3283
5.7394,5.0907
5.7394,4.7597
5.7394,5.4782
5.7394,5.1951
5.7394,6.1646
-6.5999,-6.7268
-6.5999,-7.3024
-6.5999,-6.288
-4.4379,-4.4387
-4.4379,-4.9211
-4.4379,-4.8038
-4.4379,-5.1672
-4.4379,-4.2075
-4.4379,-3.9537
-2.1759,-1.8148
-2.1759,-1.7041
-2.1759,-1.2791
0.12856,-0.41963
0.12856,-0.74714
0.12856,0.49844
6.2763,5.9172
6.2763,6.918
6.2763,6.1883
6.184,6.2924
6.184,6.1594
6.184,5.4233
6.184,5.5038
6.184,6.8567
6.184,6.0366
6.184,5.2962
6.184,7.0838
-1.8639,-1.8131
-1.8639,-0.9652
-1.8639,-2.0936
-1.8639,-2.1724
-1.8639,-2.2648
-1.8639,-2.0449
-1.8639,-2.6229
-1.8639,-2.0446
-1.8639,-1.0668
-1.8639,-2.6654
6.9234,6.4742
6.9234,7.3188
6.9234,6.1883
