-1.9083,-2.7123
-1.9083,-2.597
-1.9083,-1.698
-1.9083,-2.3653
-7.5953,-6.8772
-7.5953,-7.0226
-7.5953,-6.7911
-7.5953,-7.6244
-6.076,-5.7447
-6.076,-5.9136
-6.076,-5.5167
-6.076,-5.8908
-6.076,-5.3719
-6.076,-6.1351
-6.076,-6.3063
-6.076,-6.7911
-6.076,-6.5352
-6.076,-5.7618
-4.2271,-4.9132
-4.2271,-4.9642
-4.2271,-4.8146
-0.62735,-0.90531
-3.9988,-4.0774
-3.9988,-3.5284
-3.9988,-3.6983
-3.9988,-4.3354
-3.9988,-4.4084
-3.9988,-3.2237
-3.9988,-3.5058
-3.9988,-4.3811
-2.7486,-2.7123
-2.7486,-2.6807
-2.7486,-3.5284
-2.7486,-2.6122
-2.7486,-2.9813
-2.7486,-3.2237
-2.7486,-3.5058
-2.7486,-2.3653
-6.8772,-7.5953
-6.8772,-6.8427
-6.8772,-6.1351
-6.8772,-6.3063
-6.8772,-6.7911
-3.8178,-3.5424
-3.8178,-4.4291
-3.8178,-3.4179
-3.8178,-2.9579
-3.8178,-4.0774
-3.8178,-3.5284
3.8702,3.7811
3.8702,3.68
3.8702,4.0763
3.8702,3.4394
3.8702,3.2454
3.8702,4.5723
-5.7447,-6.076
-5.7447,-5.8422
-5.7447,-5.9136
-5.7447,-5.5167
-5.7447,-4.9642
-5.7447,-5.1862
-5.7447,-6.1351
-5.7447,-6.3063
-5.7447,-4.9613
-4.9132,-4.2271
-4.9132,-5.5167
-4.9132,-4.9642
-4.9132,-4.8146
-4.9132,-5.8908
-4.9132,-5.3719
-4.9132,-5.4207
-4.9132,-5.7618
6.8008,6.3149
6.8008,5.8829
6.8008,7.4685
6.8008,6.1729
6.8008,6.871
6.8008,6.9341
6.8008,6.2882
4.1371,4.9723
4.1371,4.2731
4.1371,4.6217
3.7811,3.8702
3.7811,3.68
3.7811,4.2266
3.7811,2.9949
3.7811,3.4394
3.7811,3.2454
3.7811,4.5723
-3.4473,-3.6983
-3.4473,-2.597
-3.4473,-4.3354
-3.4473,-3.2237
7.6582,7.4685
7.6582,6.9341
7.6582,7.1529
-4.6755,-4.4291
-4.6755,-4.0774
-4.6755,-4.3811
6.3454,5.3906
6.3454,6.4868
6.3454,5.9828
6.3454,6.3223
6.3454,5.8204
6.3454,6.7977
6.3454,6.0715
-3.9851,-4.9613
-7.0226,-7.5953
-7.0226,-7.4266
-7.0226,-6.4979
-7.0226,-6.7911
-7.0226,-6.5352
-7.0226,-7.6244
0.81546,1.1185
0.81546,1.3948
0.81546,0.17806
0.81546,0.39957
0.81546,0.8969
0.81546,0.84085
1.1185,0.81546
1.1185,1.8921
1.1185,1.8544
1.1185,1.2386
1.1185,1.3948
1.1185,0.39957
1.1185,1.6808
1.1185,0.84085
1.5131,1.9613
1.5131,0.92386
1.5131,1.6694
1.5131,2.1796
1.5131,1.8573
1.5131,0.83443
5.3906,6.3454
5.3906,4.9723
5.3906,5.3143
5.3906,5.9828
5.3906,5.8204
5.3906,5.24
5.3906,4.6217
5.3906,6.0715
-6.4532,-6.4979
-6.4532,-5.619
-6.4532,-7.1493
-6.4532,-6.0652
-6.4532,-5.4772
2.5164,1.6857
2.5164,2.3377
2.5164,3.3814
4.7367,4.8249
4.7367,3.8517
-3.5424,-3.8178
-3.5424,-4.4291
-3.5424,-2.9579
1.8823,2.5474
1.8823,2.7004
1.8823,1.8544
1.8823,1.9308
1.8823,1.2386
1.8823,1.6955
1.8823,1.4545
1.8823,2.3044
1.8823,1.0964
2.6114,1.9613
2.6114,2.3377
2.6114,2.9949
2.6114,2.609
2.6114,2.1796
2.6114,2.9826
2.6114,3.2454
5.9174,5.9876
5.9174,6.7562
5.6373,5.9876
5.6373,5.8829
5.6373,5.5551
5.6373,6.1729
5.6373,4.9043
5.6373,5.2012
5.6373,5.2566
5.6373,6.2882
-2.2505,-1.8468
-2.2505,-2.9579
-2.2505,-1.6582
-2.2505,-2.6502
-1.8468,-2.2505
-1.8468,-1.6628
-1.8468,-2.6807
-1.8468,-1.1101
-1.8468,-1.6582
-1.8468,-2.6502
-1.8468,-1.9579
-1.8468,-1.0468
1.9613,1.5131
1.9613,2.6114
1.9613,2.3377
1.9613,1.6694
1.9613,2.1796
-4.4291,-3.8178
-4.4291,-4.6755
-4.4291,-3.5424
1.6857,2.5164
1.6857,1.0463
1.6857,2.3377
1.6857,1.6694
1.6857,0.92471
0.712,0.6726
0.712,1.2386
0.712,1.4545
0.712,0.10286
0.712,1.0964
0.712,0.84085
-2.4817,-1.87
-2.4817,-1.596
6.4868,6.3454
6.4868,6.3149
6.4868,5.9828
6.4868,7.3298
6.4868,6.7977
6.4868,6.871
6.4868,6.0715
3.0605,3.8959
3.0605,2.9949
3.0605,2.609
3.0605,3.4394
5.9876,5.9174
5.9876,5.6373
5.9876,6.6742
5.9876,6.1729
5.9876,5.2566
5.9876,6.2882
3.8959,3.0605
3.8959,4.2266
2.5474,1.8823
2.5474,2.7004
2.5474,1.8544
2.5474,1.9308
2.5474,2.1611
2.5474,2.8805
2.5474,2.9827
2.5474,2.3044
-5.8422,-5.7447
-5.8422,-5.1862
-5.8422,-6.1351
-5.8422,-4.8835
-5.9136,-6.076
-5.9136,-5.7447
-5.9136,-5.5167
-5.9136,-4.9642
-5.9136,-5.8908
-5.9136,-5.3719
-5.9136,-6.1351
-5.9136,-6.3063
-5.9136,-6.7911
-5.9136,-4.9613
6.3149,6.8008
6.3149,6.4868
6.3149,5.9828
6.3149,5.8829
6.3149,5.5551
6.3149,6.1729
6.3149,6.871
6.3149,6.0715
-1.6628,-1.8468
-1.6628,-0.7086
-1.6628,-2.6122
-1.6628,-1.0886
-1.6628,-0.72407
-1.6628,-1.9579
-1.6628,-1.698
-1.6628,-2.3653
-1.6628,-1.0468
-5.5167,-6.076
-5.5167,-5.7447
-5.5167,-4.9132
-5.5167,-5.9136
-5.5167,-4.9642
-5.5167,-5.8908
-5.5167,-5.3719
-5.5167,-6.3063
-5.5167,-5.7618
-5.5167,-4.9613
0.18612,-0.14859
0.18612,-0.74333
0.18612,0.92386
0.18612,0.68552
0.18612,-0.03531
0.18612,0.83443
0.18612,-0.14396
0.18612,-0.7193
1.8921,1.1185
1.8921,2.455
1.8921,1.8544
1.8921,2.1611
1.8921,1.8366
1.8921,1.3948
1.8921,1.6808
4.9723,4.1371
4.9723,5.3906
4.9723,5.3143
4.9723,4.9
4.9723,5.5551
4.9723,4.6217
5.3143,5.3906
5.3143,4.9723
5.3143,4.9
5.3143,5.9828
5.3143,5.8829
5.3143,5.5551
5.3143,5.2012
5.3143,6.0715
7.8297,7.1529
-6.8427,-6.8772
-6.8427,-6.1351
-6.8427,-6.3063
-2.7123,-1.9083
-2.7123,-2.7486
-2.7123,-2.6122
-2.7123,-2.597
-2.7123,-2.9813
-2.7123,-3.2237
-2.7123,-3.5058
-2.7123,-2.3653
-0.86283,-1.0886
-0.86283,-0.72407
-0.86283,-0.79471
-0.86283,-0.0059653
4.5216,4.0763
-1.87,-2.4817
-1.87,-1.596
1.0463,1.6857
1.0463,0.92386
1.0463,1.6694
1.0463,0.68552
1.0463,0.92471
1.0463,0.11833
-4.9642,-4.2271
-4.9642,-5.7447
-4.9642,-4.9132
-4.9642,-5.9136
-4.9642,-5.5167
-4.9642,-5.3719
-4.9642,-4.9613
2.3377,2.5164
2.3377,2.6114
2.3377,1.9613
2.3377,1.6857
2.3377,1.6694
2.3377,2.9826
-3.4179,-3.8178
-3.4179,-2.9579
-3.4179,-2.6807
-3.4179,-4.0774
-3.4179,-3.5284
-3.4179,-2.6122
-3.4179,-2.6502
-3.4179,-2.9813
2.7004,1.8823
2.7004,2.5474
2.7004,3.6195
2.7004,2.7788
2.7004,2.9827
2.7004,2.3044
-0.14859,0.18612
-0.14859,-0.74333
-0.14859,-0.7086
-0.14859,0.68552
-0.14859,-0.03531
-0.14859,-0.14396
-0.14859,-0.7193
-0.14859,0.11833
-0.14859,-1.0468
-7.4266,-7.0226
-7.4266,-6.4979
-7.4266,-7.1493
-7.4266,-6.5352
-7.4266,-7.6244
3.6195,2.7004
3.6195,2.9827
2.455,1.8921
2.455,2.9356
2.455,2.1611
2.455,2.8805
2.455,3.0795
2.455,1.6808
-0.74333,0.18612
-0.74333,-0.14859
-0.74333,-0.7086
-0.74333,-1.1101
-0.74333,-1.0886
-0.74333,-0.72407
-0.74333,-0.03531
-0.74333,-0.14396
-0.74333,-0.7193
-0.74333,-1.0468
-5.1862,-5.7447
-5.1862,-5.8422
-5.1862,-6.1351
-5.1862,-4.9613
-5.1862,-4.8835
-6.4979,-7.0226
-6.4979,-6.4532
-6.4979,-7.4266
-6.4979,-7.1493
-6.4979,-6.5352
-6.4979,-5.7618
-6.4979,-6.0652
2.9356,2.455
2.9356,3.8517
2.9356,3.8613
2.9356,3.0795
-4.8146,-4.2271
-4.8146,-4.9132
-4.8146,-5.3719
-4.8146,-5.4207
-4.8146,-5.4772
-0.7086,-1.6628
-0.7086,-0.14859
-0.7086,-0.74333
-0.7086,-1.1101
-0.7086,-1.0886
-0.7086,-0.72407
-0.7086,-0.03531
-0.7086,-0.79471
-0.7086,0.11833
-0.7086,-1.0468
3.68,3.8702
3.68,3.7811
3.68,4.0763
3.68,3.3814
3.68,2.9826
3.68,3.2454
0.92386,1.5131
0.92386,0.18612
0.92386,1.0463
0.92386,1.6694
0.92386,0.68552
0.92386,0.83443
1.6694,1.5131
1.6694,1.9613
1.6694,1.6857
1.6694,1.0463
1.6694,2.3377
1.6694,0.92386
1.6694,0.68552
-2.9579,-3.8178
-2.9579,-3.5424
-2.9579,-2.2505
-2.9579,-3.4179
-2.9579,-2.6807
-2.9579,-2.6502
4.2266,3.7811
4.2266,3.8959
4.2266,3.4394
-1.7052,-1.8175
-1.7052,-1.2767
-1.7052,-1.596
-1.7052,-2.4246
1.013,0.99211
4.9,4.9723
4.9,5.3143
4.9,4.2731
4.9,5.8829
4.9,5.5551
4.9,4.9043
4.9,5.2012
-5.8908,-6.076
-5.8908,-4.9132
-5.8908,-5.9136
-5.8908,-5.5167
-5.8908,-5.3719
-5.8908,-5.4207
-5.8908,-6.3063
-5.8908,-6.7911
-5.8908,-6.5352
-5.8908,-5.7618
-5.8908,-6.0652
-2.6807,-2.7486
-2.6807,-1.8468
-2.6807,-3.4179
-2.6807,-2.9579
-2.6807,-3.5284
-2.6807,-2.6122
-2.6807,-2.6502
-2.6807,-2.9813
-2.6807,-1.9579
-2.6807,-2.3653
2.7788,2.7004
2.7788,1.9191
2.7788,2.3044
1.8544,1.1185
1.8544,1.8823
1.8544,2.5474
1.8544,1.8921
1.8544,1.9308
1.8544,2.1611
1.8544,1.2386
1.8544,1.4545
1.8544,2.3044
1.8544,1.6808
5.9828,6.3454
5.9828,5.3906
5.9828,6.4868
5.9828,6.3149
5.9828,5.3143
5.9828,5.8204
5.9828,6.7977
5.9828,5.5551
5.9828,6.0715
2.9949,3.7811
2.9949,2.6114
2.9949,3.0605
2.9949,2.609
2.9949,3.4394
2.9949,2.1796
2.9949,3.2454
1.9308,1.8823
1.9308,2.5474
1.9308,1.8544
1.9308,2.1611
1.9308,1.2386
1.9308,1.4545
1.9308,2.3044
1.9308,1.6808
0.6726,0.712
0.6726,1.4545
0.6726,0.99211
0.6726,0.10286
0.6726,1.0964
0.6726,0.1285
6.3223,6.3454
6.3223,5.8204
6.3223,6.7977
-4.0774,-3.9988
-4.0774,-3.8178
-4.0774,-4.6755
-4.0774,-3.4179
-4.0774,-3.5284
-4.0774,-4.4084
-4.0774,-3.5058
-4.0774,-4.3811
6.6742,5.9876
6.6742,6.7562
6.6742,6.9341
6.6742,7.1529
6.6742,6.2882
-3.5284,-3.9988
-3.5284,-2.7486
-3.5284,-3.8178
-3.5284,-3.4179
-3.5284,-2.6807
-3.5284,-4.0774
-3.5284,-2.6122
-3.5284,-2.9813
-3.5284,-3.5058
-3.5284,-4.3811
4.2731,4.1371
4.2731,4.9
-3.6983,-3.9988
-3.6983,-3.4473
-3.6983,-4.3354
-3.6983,-4.4084
-3.6983,-3.2237
-3.6983,-3.5058
0.68552,0.18612
0.68552,1.0463
0.68552,-0.14859
0.68552,0.92386
0.68552,1.6694
0.68552,-0.03531
0.68552,0.92471
0.68552,0.83443
0.68552,0.11833
4.0763,3.8702
4.0763,4.5216
4.0763,3.68
4.0763,3.3814
4.0763,4.5723
2.1611,2.5474
2.1611,1.8921
2.1611,2.455
2.1611,1.8544
2.1611,1.9308
2.1611,2.8805
2.1611,1.6808
-1.8175,-1.7052
-1.8175,-1.2767
-1.8175,-2.4246
4.8249,4.7367
4.8249,3.8613
2.8805,2.5474
2.8805,2.455
2.8805,2.1611
2.8805,3.6137
2.8805,2.9827
2.8805,3.0795
2.609,2.6114
2.609,3.0605
2.609,2.9949
2.609,3.4394
2.609,2.1796
2.609,1.8573
2.609,3.2454
3.4394,3.8702
3.4394,3.7811
3.4394,3.0605
3.4394,4.2266
3.4394,2.9949
3.4394,2.609
3.4394,3.2454
5.8829,6.8008
5.8829,5.6373
5.8829,6.3149
5.8829,5.3143
5.8829,4.9
5.8829,5.5551
5.8829,6.1729
5.8829,5.2012
5.8829,6.0715
5.8829,6.2882
7.3298,6.4868
7.3298,6.7977
7.3298,7.4685
7.3298,6.871
-2.6122,-2.7486
-2.6122,-1.6628
-2.6122,-2.7123
-2.6122,-3.4179
-2.6122,-2.6807
-2.6122,-3.5284
-2.6122,-2.6502
-2.6122,-2.9813
-2.6122,-1.9579
-2.6122,-2.3653
1.2386,1.1185
1.2386,1.8823
1.2386,0.712
1.2386,1.8544
1.2386,1.9308
1.2386,1.4545
1.2386,1.0964
1.2386,1.6808
1.2386,0.84085
-1.1101,-1.8468
-1.1101,-0.74333
-1.1101,-0.7086
-1.1101,-1.6582
-1.1101,-0.7193
-1.1101,-1.0468
5.8204,6.3454
5.8204,5.3906
5.8204,5.9828
5.8204,6.3223
5.8204,5.24
5.8204,6.0715
-5.3719,-6.076
-5.3719,-4.9132
-5.3719,-5.9136
-5.3719,-5.5167
-5.3719,-4.9642
-5.3719,-4.8146
-5.3719,-5.8908
-5.3719,-5.4207
-5.3719,-5.7618
-5.3719,-6.0652
1.6955,1.8823
1.6955,1.4545
1.6955,0.99211
1.6955,1.9191
1.6955,2.3044
1.6955,1.0964
-1.2767,-1.7052
-1.2767,-1.8175
-1.0886,-1.6628
-1.0886,-0.86283
-1.0886,-0.74333
-1.0886,-0.7086
-1.0886,-0.72407
-1.0886,-0.79471
-1.0886,-1.698
-1.0886,-1.0468
2.1796,1.5131
2.1796,2.6114
2.1796,1.9613
2.1796,2.9949
2.1796,2.609
2.1796,1.8573
1.8366,1.8921
1.8366,1.3948
1.8366,0.8969
-0.72407,-1.6628
-0.72407,-0.86283
-0.72407,-0.74333
-0.72407,-0.7086
-0.72407,-1.0886
-0.72407,-0.03531
-0.72407,-0.79471
-0.72407,-0.0059653
-0.72407,-1.698
-0.72407,0.11833
-0.72407,-1.0468
6.7977,6.3454
6.7977,6.4868
6.7977,5.9828
6.7977,6.3223
6.7977,7.3298
6.7977,6.0715
-6.1351,-6.076
-6.1351,-6.8772
-6.1351,-5.7447
-6.1351,-5.8422
-6.1351,-5.9136
-6.1351,-6.8427
-6.1351,-5.1862
-6.1351,-6.3063
3.3814,2.5164
3.3814,3.68
3.3814,4.0763
3.3814,2.9826
-2.597,-1.9083
-2.597,-3.4473
-2.597,-2.7123
-2.597,-3.2237
7.4685,6.8008
7.4685,7.6582
7.4685,7.3298
7.4685,6.871
7.4685,6.9341
1.4545,1.8823
1.4545,0.712
1.4545,1.8544
1.4545,1.9308
1.4545,0.6726
1.4545,1.2386
1.4545,1.6955
1.4545,2.3044
1.4545,1.0964
1.4545,0.84085
5.5551,5.6373
5.5551,6.3149
5.5551,4.9723
5.5551,5.3143
5.5551,4.9
5.5551,5.9828
5.5551,5.8829
5.5551,6.1729
5.5551,5.2012
5.5551,6.0715
-4.3354,-3.9988
-4.3354,-3.4473
-4.3354,-3.6983
-4.3354,-5.017
-4.3354,-4.4084
-1.6582,-2.2505
-1.6582,-1.8468
-1.6582,-1.1101
-1.6582,-1.9579
-1.6582,-0.7193
6.1729,6.8008
6.1729,5.6373
6.1729,5.9876
6.1729,6.3149
6.1729,5.8829
6.1729,5.5551
6.1729,6.871
6.1729,6.9341
6.1729,5.2012
6.1729,6.2882
-0.03531,0.18612
-0.03531,-0.14859
-0.03531,-0.74333
-0.03531,-0.7086
-0.03531,0.68552
-0.03531,-0.72407
-0.03531,-0.0059653
-0.03531,0.11833
-5.619,-6.4532
-5.619,-5.4772
5.24,5.3906
5.24,5.8204
5.24,4.6217
3.6137,2.8805
3.6137,3.8517
3.6137,2.9827
3.6137,3.0795
6.871,6.8008
6.871,6.4868
6.871,6.3149
6.871,7.3298
6.871,7.4685
6.871,6.1729
6.871,6.9341
6.871,6.0715
1.8573,1.5131
1.8573,2.609
1.8573,2.1796
-0.79471,-0.86283
-0.79471,-0.7086
-0.79471,-1.0886
-0.79471,-0.72407
-0.79471,-0.0059653
-0.79471,-1.698
0.99211,1.013
0.99211,0.6726
0.99211,1.6955
0.99211,1.9191
0.99211,1.0964
0.99211,0.1285
0.10286,0.712
0.10286,0.6726
0.10286,-0.041254
0.10286,0.84085
0.92471,1.6857
0.92471,1.0463
0.92471,0.68552
0.92471,-0.0059653
0.92471,0.11833
3.8517,4.7367
3.8517,2.9356
3.8517,3.6137
3.8517,3.8613
3.8517,3.0795
2.9827,2.5474
2.9827,2.7004
2.9827,3.6195
2.9827,2.8805
2.9827,3.6137
2.9827,2.3044
-2.6502,-2.2505
-2.6502,-1.8468
-2.6502,-3.4179
-2.6502,-2.9579
-2.6502,-2.6807
-2.6502,-2.6122
-2.6502,-2.9813
-2.6502,-1.9579
-2.9813,-2.7486
-2.9813,-2.7123
-2.9813,-3.4179
-2.9813,-2.6807
-2.9813,-3.5284
-2.9813,-2.6122
-2.9813,-2.6502
-2.9813,-3.2237
-2.9813,-3.5058
-2.9813,-2.3653
-0.90531,-0.62735
-0.90531,-1.596
-5.4207,-4.9132
-5.4207,-4.8146
-5.4207,-5.8908
-5.4207,-5.3719
-5.4207,-5.7618
-5.4207,-6.0652
-5.4207,-5.4772
0.83443,1.5131
0.83443,0.18612
0.83443,0.92386
0.83443,0.68552
0.83443,-0.14396
-5.017,-4.3354
-5.017,-4.4084
-5.017,-4.3811
1.9191,2.7788
1.9191,1.6955
1.9191,0.99211
3.8613,2.9356
3.8613,4.8249
3.8613,3.8517
-6.3063,-6.076
-6.3063,-6.8772
-6.3063,-5.7447
-6.3063,-5.9136
-6.3063,-5.5167
-6.3063,-6.8427
-6.3063,-5.8908
-6.3063,-6.1351
-6.3063,-6.7911
-0.041254,0.10286
-0.041254,0.39957
-0.041254,0.84085
-7.1493,-6.4532
-7.1493,-7.4266
-7.1493,-6.4979
1.3948,0.81546
1.3948,1.1185
1.3948,1.8921
1.3948,1.8366
1.3948,1.6808
1.3948,0.8969
4.9043,5.6373
4.9043,4.9
4.9043,5.2012
4.9043,5.2566
-6.7911,-7.5953
-6.7911,-6.076
-6.7911,-6.8772
-6.7911,-7.0226
-6.7911,-5.9136
-6.7911,-5.8908
-6.7911,-6.3063
-6.7911,-6.5352
-6.7911,-7.6244
-4.4084,-3.9988
-4.4084,-4.0774
-4.4084,-3.6983
-4.4084,-4.3354
-4.4084,-5.017
-4.4084,-3.5058
-4.4084,-4.3811
2.9826,2.6114
2.9826,2.3377
2.9826,3.68
2.9826,3.3814
2.9826,3.2454
-3.2237,-3.9988
-3.2237,-2.7486
-3.2237,-3.4473
-3.2237,-2.7123
-3.2237,-3.6983
-3.2237,-2.597
-3.2237,-2.9813
-3.2237,-3.5058
2.3044,1.8823
2.3044,2.5474
2.3044,2.7004
2.3044,2.7788
2.3044,1.8544
2.3044,1.9308
2.3044,1.6955
2.3044,1.4545
2.3044,2.9827
3.2454,3.8702
3.2454,3.7811
3.2454,2.6114
3.2454,3.68
3.2454,2.9949
3.2454,2.609
3.2454,3.4394
3.2454,2.9826
-1.9579,-1.8468
-1.9579,-1.6628
-1.9579,-2.6807
-1.9579,-2.6122
-1.9579,-1.6582
-1.9579,-2.6502
-1.9579,-1.698
-1.9579,-2.3653
-1.9579,-1.0468
-0.0059653,-0.86283
-0.0059653,-0.72407
-0.0059653,-0.03531
-0.0059653,-0.79471
-0.0059653,0.92471
-0.0059653,0.11833
6.7562,5.9174
6.7562,6.6742
6.7562,7.1529
4.6217,4.1371
4.6217,5.3906
4.6217,4.9723
4.6217,5.24
0.17806,0.81546
0.17806,0.39957
0.17806,0.8969
-3.5058,-3.9988
-3.5058,-2.7486
-3.5058,-2.7123
-3.5058,-4.0774
-3.5058,-3.5284
-3.5058,-3.6983
-3.5058,-2.9813
-3.5058,-4.4084
-3.5058,-3.2237
-3.5058,-4.3811
0.39957,0.81546
0.39957,1.1185
0.39957,-0.041254
0.39957,0.17806
0.39957,0.84085
-1.596,-2.4817
-1.596,-1.87
-1.596,-1.7052
-1.596,-0.90531
-0.14396,0.18612
-0.14396,-0.14859
-0.14396,-0.74333
-0.14396,0.83443
-0.14396,-0.7193
-6.5352,-6.076
-6.5352,-7.0226
-6.5352,-7.4266
-6.5352,-6.4979
-6.5352,-5.8908
-6.5352,-6.7911
-6.5352,-5.7618
-6.5352,-6.0652
-5.7618,-6.076
-5.7618,-4.9132
-5.7618,-5.5167
-5.7618,-6.4979
-5.7618,-5.8908
-5.7618,-5.3719
-5.7618,-5.4207
-5.7618,-6.5352
-5.7618,-6.0652
-5.7618,-5.4772
-4.3811,-3.9988
-4.3811,-4.6755
-4.3811,-4.0774
-4.3811,-3.5284
-4.3811,-5.017
-4.3811,-4.4084
-4.3811,-3.5058
4.5723,3.8702
4.5723,3.7811
4.5723,4.0763
3.0795,2.455
3.0795,2.9356
3.0795,2.8805
3.0795,3.6137
3.0795,3.8517
-1.698,-1.9083
-1.698,-1.6628
-1.698,-1.0886
-1.698,-0.72407
-1.698,-0.79471
-1.698,-1.9579
-1.698,-2.3653
-4.9613,-5.7447
-4.9613,-3.9851
-4.9613,-5.9136
-4.9613,-5.5167
-4.9613,-4.9642
-4.9613,-5.1862
1.0964,1.8823
1.0964,0.712
1.0964,0.6726
1.0964,1.2386
1.0964,1.6955
1.0964,1.4545
1.0964,0.99211
1.6808,1.1185
1.6808,1.8921
1.6808,2.455
1.6808,1.8544
1.6808,1.9308
1.6808,2.1611
1.6808,1.2386
1.6808,1.3948
1.6808,0.84085
0.8969,0.81546
0.8969,1.8366
0.8969,1.3948
0.8969,0.17806
-6.0652,-6.4532
-6.0652,-6.4979
-6.0652,-5.8908
-6.0652,-5.3719
-6.0652,-5.4207
-6.0652,-6.5352
-6.0652,-5.7618
-6.0652,-5.4772
-0.7193,0.18612
-0.7193,-0.14859
-0.7193,-0.74333
-0.7193,-1.1101
-0.7193,-1.6582
-0.7193,-0.14396
-0.7193,-1.0468
-7.6244,-7.5953
-7.6244,-7.0226
-7.6244,-7.4266
-7.6244,-6.7911
0.84085,0.81546
0.84085,1.1185
0.84085,0.712
0.84085,1.2386
0.84085,1.4545
0.84085,0.10286
0.84085,-0.041254
0.84085,0.39957
0.84085,1.6808
6.9341,6.8008
6.9341,7.6582
6.9341,6.6742
6.9341,7.4685
6.9341,6.1729
6.9341,6.871
6.9341,6.2882
-2.4246,-1.7052
-2.4246,-1.8175
-2.3653,-1.9083
-2.3653,-2.7486
-2.3653,-1.6628
-2.3653,-2.7123
-2.3653,-2.6807
-2.3653,-2.6122
-2.3653,-2.9813
-2.3653,-1.9579
-2.3653,-1.698
5.2012,5.6373
5.2012,5.3143
5.2012,4.9
5.2012,5.8829
5.2012,5.5551
5.2012,6.1729
5.2012,4.9043
5.2012,5.2566
7.1529,7.6582
7.1529,7.8297
7.1529,6.6742
7.1529,6.7562
-5.4772,-6.4532
-5.4772,-4.8146
-5.4772,-5.619
-5.4772,-5.4207
-5.4772,-5.7618
-5.4772,-6.0652
-4.8835,-5.8422
-4.8835,-5.1862
0.1285,0.6726
0.1285,0.99211
0.11833,1.0463
0.11833,-0.14859
0.11833,-0.7086
0.11833,0.68552
0.11833,-0.72407
0.11833,-0.03531
0.11833,0.92471
0.11833,-0.0059653
5.2566,5.6373
5.2566,5.9876
5.2566,4.9043
5.2566,5.2012
6.0715,6.3454
6.0715,5.3906
6.0715,6.4868
6.0715,6.3149
6.0715,5.3143
6.0715,5.9828
6.0715,5.8829
6.0715,5.8204
6.0715,6.7977
6.0715,5.5551
6.0715,6.871
-1.0468,-1.8468
-1.0468,-1.6628
-1.0468,-0.14859
-1.0468,-0.74333
-1.0468,-0.7086
-1.0468,-1.1101
-1.0468,-1.0886
-1.0468,-0.72407
-1.0468,-1.9579
-1.0468,-0.7193
6.2882,6.8008
6.2882,5.6373
6.2882,5.9876
6.2882,6.6742
6.2882,5.8829
6.2882,6.1729
6.2882,6.9341
