-1.358,-1.103
-1.358,-1.3357
-7.3088,-6.6211
-7.3088,-7.601
-7.3088,-6.5195
-5.1602,-4.3874
-5.1602,-5.6654
-4.6415,-4.7328
-4.6415,-5.3919
-4.6415,-5.2029
-4.6415,-4.5345
1.7538,1.3619
1.7538,0.9139
-4.3738,-5.022
-4.3738,-3.7551
-4.3738,-5.2609
-4.3738,-3.9566
-4.3738,-4.5509
-4.3738,-3.9232
-4.3738,-5.1741
-4.3738,-4.0136
-4.3738,-4.7863
-4.3738,-4.2112
-4.3738,-4.3927
-5.022,-4.3738
-5.022,-5.2609
-5.022,-4.5509
-5.022,-5.1741
-5.022,-6.0013
-5.022,-4.7863
-5.022,-4.2112
-5.022,-4.3927
-4.7328,-4.6415
-4.7328,-5.3919
-4.7328,-5.4323
-4.7328,-4.6331
5.5573,4.8931
5.5573,5.9584
-3.7551,-4.3738
-3.7551,-3.9566
-3.7551,-3.1465
-3.7551,-3.1152
-3.7551,-3.9232
-3.7551,-4.2112
-3.7551,-3.3387
-3.7551,-4.3927
5.7409,5.2492
5.7409,4.8931
5.7409,5.9874
5.7409,5.2579
5.7409,6.437
5.7409,5.9584
-7.5815,-7.0022
-7.5815,-6.7024
6.4074,5.7106
6.4074,6.9744
3.8965,4.298
3.8965,4.6594
5.2492,5.7409
5.2492,6.129
5.2492,5.9874
5.2492,4.862
5.2492,5.2579
5.2492,5.3449
5.2492,4.4175
-5.2609,-4.3738
-5.2609,-5.022
-5.2609,-4.5509
-5.2609,-5.1741
-5.2609,-6.0013
-5.2609,-6.161
-5.2609,-4.9129
7.3012,6.5563
-3.9566,-4.3738
-3.9566,-3.7551
-3.9566,-4.5509
-3.9566,-3.1465
-3.9566,-4.0136
-3.9566,-4.2112
-3.9566,-3.3387
-3.9566,-3.2561
6.2935,6.2358
6.2935,5.6433
6.2935,5.9456
6.2935,5.4327
6.2935,7.2001
6.2935,5.9122
6.2935,6.576
-3.0485,-2.5286
-3.0485,-3.0947
-3.0485,-3.8999
-5.3919,-4.6415
-5.3919,-4.7328
-5.3919,-5.9727
-5.3919,-5.4323
-5.3919,-5.2029
-5.3919,-5.6514
1.5531,2.2199
1.5531,0.96119
1.5531,0.55873
1.5531,1.4172
1.5531,0.98065
1.5531,1.9204
0.20771,0.96119
0.20771,0.15782
0.20771,0.55873
0.20771,-0.75742
0.20771,-0.25302
0.20771,0.98065
0.20771,-0.20891
0.20771,-0.34869
0.20771,0.35319
2.49,2.1303
2.49,1.831
2.49,3.1005
4.298,3.8965
4.298,4.9048
4.298,5.0829
4.298,4.7593
4.298,5.1539
-5.1062,-5.8694
-5.1062,-5.5871
-5.1062,-4.758
-5.1062,-5.7589
1.5732,1.3619
1.5732,2.1614
1.5732,1.831
1.5732,1.068
1.5732,0.78239
7.0487,6.1895
-4.5509,-4.3738
-4.5509,-5.022
-4.5509,-5.2609
-4.5509,-3.9566
-4.5509,-4.0136
-4.5509,-4.2112
-4.5509,-4.9129
-0.92987,-0.70924
-0.92987,-1.6113
-0.92987,-1.4144
-0.92987,-0.75742
-0.92987,-0.25302
-0.92987,-0.20891
6.129,5.2492
6.129,5.9874
6.129,5.3449
6.129,6.9777
6.129,6.2343
6.5563,7.3012
6.5563,6.9154
4.9048,4.298
4.9048,5.6433
4.9048,5.0829
4.9048,4.6594
4.9048,4.3457
4.9048,5.1539
-2.9518,-3.4825
-2.9518,-3.8579
-2.9518,-2.6545
-2.9518,-2.9346
-2.9518,-2.1945
-1.9206,-1.4118
-1.9206,-1.8612
-1.9206,-2.1945
-1.9206,-0.94129
2.1303,2.49
2.1303,1.831
2.1303,1.2745
-3.4825,-2.9518
-3.4825,-3.8579
-3.4825,-2.6545
-3.4825,-4.0136
-3.4825,-3.2561
-3.4825,-2.8587
1.3619,1.7538
1.3619,1.5732
1.3619,2.1614
1.3619,1.068
1.3619,0.51584
-0.70924,-0.92987
-0.70924,0.19139
-0.70924,-1.4144
-0.70924,0.15782
-0.70924,-0.054473
-0.70924,-0.25302
-0.70924,-0.75464
-3.1465,-3.7551
-3.1465,-3.9566
-3.1465,-3.1152
-3.1465,-3.9232
-3.1465,-2.1752
-3.1465,-2.4648
-3.1465,-3.3387
-3.1465,-2.8587
6.2358,6.2935
6.2358,5.4327
6.2358,7.2001
6.2358,7.1184
6.2358,5.9122
6.2358,6.576
-6.8639,-6.4292
4.2917,4.8931
4.2917,4.862
4.2917,5.2579
4.2917,4.4175
7.6456,6.9154
7.6456,6.9744
4.8931,5.5573
4.8931,5.7409
4.8931,4.2917
4.8931,5.2579
4.8931,4.4175
2.2199,1.5531
2.2199,1.4172
2.2199,1.9204
-5.0042,-5.7075
-5.0042,-4.6331
-5.0042,-4.3874
-5.0042,-5.6654
-6.6211,-7.3088
-6.6211,-5.9727
-6.6211,-6.1112
-6.6211,-7.0022
-6.6211,-5.9202
-6.6211,-5.6514
-6.6211,-6.3938
6.3204,5.6433
6.3204,5.9456
6.3204,6.4927
6.3204,5.6973
6.3204,7.2503
6.3204,6.576
-0.61309,-0.10883
-0.61309,0.037416
-0.61309,-1.103
-0.61309,-0.31268
-0.61309,-0.60991
-0.61309,-1.3357
-0.61309,-1.2849
-5.9727,-5.3919
-5.9727,-6.6211
-5.9727,-6.5195
-5.9727,-5.6514
-5.9727,-6.3938
-0.10883,-0.61309
-0.10883,-0.60991
-0.10883,-0.94129
0.96119,1.5531
0.96119,0.20771
0.96119,0.55873
0.96119,1.4172
0.96119,0.59061
0.96119,0.98065
0.96119,0.35319
5.6433,6.2935
5.6433,4.9048
5.6433,6.3204
5.6433,5.9456
5.6433,5.1609
5.6433,5.4327
5.6433,4.6594
5.6433,5.1539
5.6433,6.576
5.9456,6.2935
5.9456,6.3204
5.9456,5.6433
5.9456,5.4327
5.9456,5.6973
5.9456,5.1539
5.9456,6.576
7.0551,6.9777
7.0551,6.2343
-5.7075,-5.0042
-5.7075,-5.4323
-5.7075,-5.6654
-4.8148,-4.2236
-4.8148,-5.3487
-4.8148,-4.7863
-4.8148,-4.3927
-4.2236,-4.8148
-4.2236,-3.9232
-4.2236,-4.3927
5.9874,5.7409
5.9874,5.2492
5.9874,6.129
5.9874,5.2579
5.9874,6.437
-6.1112,-6.6211
-6.1112,-7.0022
-6.1112,-5.9202
-6.1112,-6.4305
-6.1112,-5.5871
-6.1112,-6.7024
-6.1112,-6.3938
-6.1112,-5.7589
0.037416,-0.61309
0.037416,-0.31268
0.037416,-0.60991
-3.7841,-3.0947
-3.7841,-4.3874
2.1614,1.5732
2.1614,1.3619
2.1614,1.831
2.1614,2.6333
-3.8579,-2.9518
-3.8579,-3.4825
0.19139,-0.70924
0.19139,1.0812
0.19139,0.15782
0.19139,-0.054473
0.19139,0.8848
0.19139,-0.25302
0.19139,0.2036
-1.103,-1.358
-1.103,-0.61309
-1.103,-1.8672
-1.103,-1.4118
-1.103,-0.60991
-1.103,-1.3357
-1.103,-1.2849
-7.601,-7.3088
-7.601,-7.0022
1.0812,0.19139
1.0812,0.15782
1.0812,0.55873
1.0812,0.8848
1.0812,0.98065
1.0812,1.9204
2.2225,1.4206
-1.8672,-1.103
-1.8672,-1.4118
-1.8672,-1.8612
-1.8672,-2.188
-1.8672,-2.6545
-1.8672,-2.1752
-1.8672,-2.4648
-1.8672,-1.3357
-1.8672,-2.8587
-1.8672,-1.2849
-1.9345,-1.6113
-1.9345,-1.1101
-1.9345,-2.5286
-7.0022,-7.5815
-7.0022,-6.6211
-7.0022,-6.1112
-7.0022,-7.601
-7.0022,-6.7024
-7.0022,-6.3938
6.1022,6.1895
6.1022,5.7572
6.1022,5.1788
-5.8694,-5.1062
-5.8694,-6.4305
-5.8694,-5.7589
-1.4118,-1.9206
-1.4118,-1.103
-1.4118,-1.8672
-1.4118,-1.8612
-1.4118,-0.60991
-1.4118,-2.1945
-1.4118,-0.94129
-1.4118,-1.2849
4.3463,5.2572
4.3463,3.5038
4.3463,4.1747
4.862,5.2492
4.862,4.2917
4.862,5.2579
4.862,5.3449
4.862,4.1747
4.862,4.4175
1.831,2.49
1.831,1.5732
1.831,2.1303
1.831,2.1614
1.831,1.2745
-3.1152,-3.7551
-3.1152,-3.1465
-3.1152,-3.9232
5.2579,5.7409
5.2579,5.2492
5.2579,4.2917
5.2579,4.8931
5.2579,5.9874
5.2579,4.862
5.2579,4.4175
0.9139,1.7538
0.9139,0.38754
-1.5629,-1.4144
-1.5629,-0.75464
-1.5629,-2.3696
2.6333,2.1614
2.6333,3.1005
-5.9202,-6.6211
-5.9202,-6.1112
-5.9202,-5.2029
-5.9202,-5.5871
-5.9202,-6.7024
-5.9202,-5.6514
-5.9202,-6.3938
-5.9202,-5.7589
-1.8612,-1.9206
-1.8612,-1.8672
-1.8612,-1.4118
-1.8612,-2.188
-1.8612,-2.6545
-1.8612,-2.1945
-1.8612,-1.2849
0.81537,-0.054473
0.81537,0.8848
0.81537,0.2036
-1.6113,-0.92987
-1.6113,-1.9345
-1.6113,-1.4144
-1.6113,-2.5286
-1.6113,-2.3696
7.9154,7.2001
5.3449,5.2492
5.3449,6.129
5.3449,4.862
5.3449,5.2572
-1.4144,-0.92987
-1.4144,-0.70924
-1.4144,-1.5629
-1.4144,-1.6113
-1.4144,-0.75464
-1.4144,-2.3696
0.15782,0.20771
0.15782,-0.70924
0.15782,0.19139
0.15782,1.0812
0.15782,0.55873
0.15782,-0.054473
0.15782,0.8848
0.15782,-0.25302
0.15782,0.98065
0.15782,-0.20891
5.1609,5.6433
5.1609,5.4327
5.1609,5.9122
5.1609,4.6594
5.1609,4.3457
-5.9088,-5.1741
-5.9088,-5.3487
-5.9088,-6.0013
6.1033,5.7106
6.1033,6.9744
-3.9232,-4.3738
-3.9232,-3.7551
-3.9232,-3.1465
-3.9232,-4.2236
-3.9232,-3.1152
-3.9232,-4.7863
-3.9232,-4.3927
5.0829,4.298
5.0829,4.9048
5.0829,5.6973
5.0829,5.5956
5.0829,4.7593
5.0829,5.1539
-5.1741,-4.3738
-5.1741,-5.022
-5.1741,-5.2609
-5.1741,-5.9088
-5.1741,-5.3487
-5.1741,-6.0013
-5.1741,-4.7863
-5.1741,-4.3927
1.068,1.5732
1.068,1.3619
1.068,0.51584
1.068,0.78239
5.2572,4.3463
5.2572,5.3449
5.2572,6.2343
0.55873,1.5531
0.55873,0.20771
0.55873,0.96119
0.55873,1.0812
0.55873,0.15782
0.55873,0.98065
0.55873,-0.20891
0.55873,0.35319
-0.050031,0.51584
-0.050031,0.78239
5.705,6.1895
5.705,5.7572
5.705,6.7079
6.1895,7.0487
6.1895,6.1022
6.1895,5.705
6.1895,5.7572
6.1895,6.7079
6.9777,6.129
6.9777,7.0551
6.437,5.7409
6.437,5.9874
6.437,5.9584
5.4327,6.2935
5.4327,6.2358
5.4327,5.6433
5.4327,5.9456
5.4327,5.1609
5.4327,5.9122
5.4327,4.6594
7.2001,6.2935
7.2001,6.2358
7.2001,7.9154
7.2001,7.1184
7.2001,6.576
-2.188,-1.8672
-2.188,-1.8612
-2.188,-2.6545
-2.188,-2.1752
-2.188,-2.4648
-2.188,-1.3357
-2.188,-2.8587
-1.1101,-1.9345
-1.1101,-0.75742
-1.1101,-0.20891
-1.1101,-0.34869
-2.6545,-2.9518
-2.6545,-3.4825
-2.6545,-1.8672
-2.6545,-1.8612
-2.6545,-2.188
-2.6545,-2.1945
-2.6545,-3.2561
-2.6545,-2.8587
7.1184,6.2358
7.1184,7.2001
-5.4323,-4.7328
-5.4323,-5.3919
-5.4323,-5.7075
-5.4323,-4.6331
-0.75742,0.20771
-0.75742,-0.92987
-0.75742,-1.1101
-0.75742,-0.25302
-0.75742,-0.20891
-0.75742,-0.34869
0.51584,1.3619
0.51584,1.068
0.51584,-0.050031
0.51584,0.38754
-0.31268,-0.61309
-0.31268,0.037416
-0.31268,0.18312
3.5038,4.3463
3.5038,3.1005
3.5038,3.1116
1.4206,2.2225
1.4206,1.4172
1.4206,0.59061
-2.1752,-3.1465
-2.1752,-1.8672
-2.1752,-2.188
-2.1752,-2.4648
-2.1752,-1.3357
-2.1752,-2.8587
5.9122,6.2935
5.9122,6.2358
5.9122,5.1609
5.9122,5.4327
-4.6331,-4.7328
-4.6331,-5.0042
-4.6331,-5.4323
-4.6331,-3.7104
-4.6331,-3.8999
3.1005,2.49
3.1005,2.6333
3.1005,3.5038
-5.3487,-4.8148
-5.3487,-5.9088
-5.3487,-5.1741
-5.3487,-4.7863
6.4927,6.3204
6.4927,5.6973
6.4927,5.5956
-0.054473,-0.70924
-0.054473,0.19139
-0.054473,0.81537
-0.054473,0.15782
-0.054473,0.8848
-0.054473,-0.25302
-0.054473,-0.75464
-0.054473,0.2036
-0.054473,-0.42692
5.6973,6.3204
5.6973,5.9456
5.6973,5.0829
5.6973,6.4927
5.6973,5.5956
5.6973,5.1539
-6.0013,-5.022
-6.0013,-5.2609
-6.0013,-5.9088
-6.0013,-5.1741
-6.0013,-6.161
-2.9346,-2.9518
5.5956,5.0829
5.5956,6.4927
5.5956,5.6973
5.5956,4.7593
-0.60991,-0.61309
-0.60991,-0.10883
-0.60991,0.037416
-0.60991,-1.103
-0.60991,-1.4118
-0.60991,-0.94129
-0.60991,-1.2849
-6.4305,-6.1112
-6.4305,-5.8694
-6.4305,-6.7024
-6.4305,-5.7589
4.6594,3.8965
4.6594,4.9048
4.6594,5.6433
4.6594,5.1609
4.6594,5.4327
4.6594,4.3457
4.6594,5.1539
0.8848,0.19139
0.8848,1.0812
0.8848,0.81537
0.8848,0.15782
0.8848,-0.054473
0.8848,0.2036
7.2503,6.3204
7.2503,6.576
3.1116,3.5038
-2.4648,-3.1465
-2.4648,-1.8672
-2.4648,-2.188
-2.4648,-2.1752
-2.4648,-3.3387
-2.4648,-2.8587
-0.25302,0.20771
-0.25302,-0.92987
-0.25302,-0.70924
-0.25302,0.19139
-0.25302,0.15782
-0.25302,-0.75742
-0.25302,-0.054473
-0.25302,-0.20891
-0.75464,-0.70924
-0.75464,-1.5629
-0.75464,-1.4144
-0.75464,-0.054473
-0.75464,0.2036
-0.75464,-0.42692
1.2745,2.1303
1.2745,1.831
1.2745,0.78239
1.2745,0.8832
5.7572,6.1022
5.7572,5.705
5.7572,6.1895
5.7572,5.1788
1.4172,1.5531
1.4172,2.2199
1.4172,0.96119
1.4172,1.4206
1.4172,0.59061
-4.0136,-4.3738
-4.0136,-3.9566
-4.0136,-4.5509
-4.0136,-3.4825
-4.0136,-4.2112
-4.0136,-4.9129
-4.0136,-3.2561
-4.7863,-4.3738
-4.7863,-5.022
-4.7863,-4.8148
-4.7863,-3.9232
-4.7863,-5.1741
-4.7863,-5.3487
-4.7863,-4.3927
-5.2029,-4.6415
-5.2029,-5.3919
-5.2029,-5.9202
-5.2029,-5.5871
-5.2029,-4.5345
-5.2029,-4.758
-5.2029,-5.6514
-5.5871,-5.1062
-5.5871,-6.1112
-5.5871,-5.9202
-5.5871,-5.2029
-5.5871,-4.758
-5.5871,-5.6514
-5.5871,-6.3938
-5.5871,-5.7589
0.78239,1.5732
0.78239,1.068
0.78239,-0.050031
0.78239,1.2745
0.78239,0.18312
-6.161,-5.2609
-6.161,-6.0013
0.2036,0.19139
0.2036,0.81537
0.2036,-0.054473
0.2036,0.8848
0.2036,-0.75464
0.2036,-0.42692
6.7079,5.705
6.7079,6.1895
-3.7104,-4.6331
-3.7104,-3.8999
-2.5286,-3.0485
-2.5286,-1.9345
-2.5286,-1.6113
-2.5286,-2.3696
-6.7024,-7.5815
-6.7024,-6.1112
-6.7024,-7.0022
-6.7024,-5.9202
-6.7024,-6.4305
-6.7024,-5.7589
0.59061,0.96119
0.59061,1.4206
0.59061,1.4172
0.59061,-0.34869
0.59061,0.35319
4.7593,4.298
4.7593,5.0829
4.7593,5.5956
-4.5345,-4.6415
-4.5345,-5.2029
-4.5345,-4.758
-4.2112,-4.3738
-4.2112,-5.022
-4.2112,-3.7551
-4.2112,-3.9566
-4.2112,-4.5509
-4.2112,-4.0136
-4.2112,-3.3387
4.1747,4.3463
4.1747,4.862
4.1747,4.4175
-3.3387,-3.7551
-3.3387,-3.9566
-3.3387,-3.1465
-3.3387,-2.4648
-3.3387,-4.2112
-3.3387,-3.2561
-3.3387,-2.8587
0.98065,1.5531
0.98065,0.20771
0.98065,0.96119
0.98065,1.0812
0.98065,0.15782
0.98065,0.55873
0.98065,1.9204
4.4175,5.2492
4.4175,4.2917
4.4175,4.8931
4.4175,4.862
4.4175,5.2579
4.4175,4.1747
-2.1945,-2.9518
-2.1945,-1.9206
-2.1945,-1.4118
-2.1945,-1.8612
-2.1945,-2.6545
0.8832,1.2745
5.9584,5.5573
5.9584,5.7409
5.9584,6.437
4.3457,4.9048
4.3457,5.1609
4.3457,4.6594
-0.20891,0.20771
-0.20891,-0.92987
-0.20891,0.15782
-0.20891,0.55873
-0.20891,-1.1101
-0.20891,-0.75742
-0.20891,-0.25302
-0.20891,-0.34869
-0.20891,0.35319
-4.3927,-4.3738
-4.3927,-5.022
-4.3927,-3.7551
-4.3927,-4.8148
-4.3927,-4.2236
-4.3927,-3.9232
-4.3927,-5.1741
-4.3927,-4.7863
-3.0947,-3.0485
-3.0947,-3.7841
-4.758,-5.1062
-4.758,-5.2029
-4.758,-5.5871
-4.758,-4.5345
-0.94129,-1.9206
-0.94129,-0.10883
-0.94129,-1.4118
-0.94129,-0.60991
-0.94129,-1.2849
-6.5195,-7.3088
-6.5195,-5.9727
-4.3874,-5.1602
-4.3874,-5.0042
-4.3874,-3.7841
-4.3874,-3.8999
-4.9129,-5.2609
-4.9129,-4.5509
-4.9129,-4.0136
5.1788,6.1022
5.1788,5.7572
-1.3357,-1.358
-1.3357,-0.61309
-1.3357,-1.103
-1.3357,-1.8672
-1.3357,-2.188
-1.3357,-2.1752
-5.6654,-5.1602
-5.6654,-5.0042
-5.6654,-5.7075
-0.42692,-0.054473
-0.42692,-0.75464
-0.42692,0.2036
1.9204,1.5531
1.9204,2.2199
1.9204,1.0812
1.9204,0.98065
-0.34869,0.20771
-0.34869,-1.1101
-0.34869,-0.75742
-0.34869,0.59061
-0.34869,-0.20891
-0.34869,0.35319
-5.6514,-5.3919
-5.6514,-6.6211
-5.6514,-5.9727
-5.6514,-5.9202
-5.6514,-5.2029
-5.6514,-5.5871
-5.6514,-6.3938
-3.2561,-3.9566
-3.2561,-3.4825
-3.2561,-2.6545
-3.2561,-4.0136
-3.2561,-3.3387
-3.2561,-2.8587
-6.3938,-6.6211
-6.3938,-5.9727
-6.3938,-6.1112
-6.3938,-7.0022
-6.3938,-5.9202
-6.3938,-5.5871
-6.3938,-5.6514
0.35319,0.20771
0.35319,0.96119
0.35319,0.55873
0.35319,0.59061
0.35319,-0.20891
0.35319,-0.34869
5.7106,6.4074
5.7106,6.1033
0.38754,0.9139
0.38754,0.51584
-2.8587,-3.4825
-2.8587,-3.1465
-2.8587,-1.8672
-2.8587,-2.188
-2.8587,-2.6545
-2.8587,-2.1752
-2.8587,-2.4648
-2.8587,-3.3387
-2.8587,-3.2561
5.1539,4.298
5.1539,4.9048
5.1539,5.6433
5.1539,5.9456
5.1539,5.0829
5.1539,5.6973
5.1539,4.6594
6.2343,6.129
6.2343,7.0551
6.2343,5.2572
-5.7589,-5.1062
-5.7589,-6.1112
-5.7589,-5.8694
-5.7589,-5.9202
-5.7589,-6.4305
-5.7589,-5.5871
-5.7589,-6.7024
-3.8999,-3.0485
-3.8999,-4.6331
-3.8999,-3.7104
-3.8999,-4.3874
-2.3696,-1.5629
-2.3696,-1.6113
-2.3696,-1.4144
-2.3696,-2.5286
0.18312,-0.31268
0.18312,0.78239
-6.4292,-6.8639
6.9154,6.5563
6.9154,7.6456
6.576,6.2935
6.576,6.2358
6.576,6.3204
6.576,5.6433
6.576,5.9456
6.576,7.2001
6.576,7.2503
-1.2849,-0.61309
-1.2849,-1.103
-1.2849,-1.8672
-1.2849,-1.4118
-1.2849,-1.8612
-1.2849,-0.60991
-1.2849,-0.94129
6.9744,6.4074
6.9744,7.6456
6.9744,6.1033
