-2.3082,-3.2782
-2.3082,-2.9357
-2.3082,-2.6431
-2.3082,-1.3397
-2.3082,-1.3837
-2.3082,-3.0624
-2.3082,-1.8628
-2.3082,-1.849
-2.3082,-2.2314
-6.4514,-6.1862
-6.4514,-5.7701
-6.4514,-5.912
-6.4514,-7.0912
-6.4514,-6.2251
-6.4514,-6.3367
-5.4767,-6.1862
-5.4767,-5.1024
-5.4767,-5.0874
-5.4767,-6.0781
-5.4767,-5.7701
-5.4767,-5.12
-5.4767,-5.1284
-5.4767,-5.9936
-5.7171,-6.1074
-5.7171,-5.0626
-5.7171,-6.1957
-5.7171,-5.4446
-5.7171,-5.912
-5.7171,-5.2714
-5.7171,-5.1806
-5.7171,-6.1734
-5.7171,-6.2251
-5.7171,-6.3367
0.63622,1.1989
0.63622,0.21301
0.63622,1.0676
0.63622,1.3662
0.63622,0.3109
0.63622,-0.34265
-4.5671,-3.8934
-4.5671,-4.8831
-4.5671,-4.9694
-4.5671,-4.293
-4.5671,-4.1543
-4.8198,-3.9539
-4.8198,-4.8831
-4.8198,-3.9722
-6.1862,-6.4514
-6.1862,-5.4767
-6.1862,-6.0781
-6.1862,-5.7701
-6.1862,-5.912
-6.1862,-7.0912
-6.1862,-6.2251
5.0469,5.5986
-3.7405,-2.876
-3.7405,-4.5839
-3.7405,-3.2712
-3.7405,-3.7358
-3.7405,-3.7464
-3.7405,-2.8493
-3.7405,-3.1969
-3.7405,-4.1543
5.7963,6.5065
5.7963,5.9331
5.7963,4.8793
5.7963,5.1513
5.7963,5.5085
-6.3094,-6.0781
-6.3094,-5.3961
-6.3094,-5.9936
-5.1024,-5.4767
-5.1024,-5.0874
-5.1024,-4.3938
-5.1024,-5.7701
-5.1024,-5.12
-5.1024,-4.4866
-5.1024,-5.2714
-5.1024,-5.1806
6.9739,6.3913
6.9739,6.6271
6.9739,7.1621
6.9739,6.3128
6.9739,6.4381
6.9739,7.2618
6.9739,6.1596
6.9739,6.1218
6.9739,6.8972
3.3845,3.4147
3.3845,2.4383
3.3845,3.4317
3.3845,4.2094
4.0434,4.8114
4.0434,3.6839
4.0434,3.9947
4.0434,4.375
4.0434,4.6932
4.0434,4.8793
-3.8961,-3.2782
-3.8961,-3.8934
-3.8961,-2.9357
-3.8961,-3.4809
-3.8961,-3.478
-3.8961,-3.9539
-3.8961,-2.9716
-3.8961,-4.293
-3.8961,-3.9722
6.5065,5.7963
6.5065,5.5085
-3.2782,-2.3082
-3.2782,-3.8961
-3.2782,-3.8934
-3.2782,-3.2712
-3.2782,-2.9357
-3.2782,-3.4809
-3.2782,-3.9539
-3.2782,-2.6431
-3.2782,-3.0624
-3.2782,-2.9716
-3.2782,-3.9722
5.2819,4.5342
5.2819,5.1816
5.2819,4.5454
5.2819,6.1293
5.2819,5.538
5.2819,5.3509
-5.0874,-5.4767
-5.0874,-5.1024
-5.0874,-4.3938
-5.0874,-5.12
-5.0874,-4.294
-5.0874,-5.3961
-5.0874,-5.1284
-5.0874,-5.9936
-5.0874,-4.6257
-4.3938,-5.1024
-4.3938,-5.0874
-4.3938,-5.12
-4.3938,-4.294
-4.3938,-4.4866
-4.3938,-5.1284
1.2846,1.3118
1.2846,1.5753
1.2846,1.6299
1.2846,1.6584
1.2846,0.72382
1.2846,0.75222
1.2846,1.162
1.2846,1.4691
1.2846,1.4286
1.2846,0.46492
1.2846,1.655
1.2846,1.4859
1.2846,0.93528
1.2846,0.40497
1.3118,1.2846
1.3118,1.5753
1.3118,1.6584
1.3118,0.72382
1.3118,0.75222
1.3118,1.162
1.3118,1.4691
1.3118,1.4286
1.3118,0.46492
1.3118,1.655
1.3118,1.4859
1.3118,0.93528
1.3118,1.4975
1.3118,0.40497
3.0774,2.9472
3.0774,3.6839
3.0774,3.9947
3.4147,3.3845
3.4147,4.1785
3.4147,4.2094
3.4147,3.0754
-6.1074,-5.7171
-6.1074,-6.1957
-6.1074,-5.2087
-6.1074,-5.4446
-6.1074,-6.8165
-6.1074,-6.1734
-6.1074,-6.3367
2.1554,1.1989
2.1554,1.7928
7.8556,7.063
-3.8934,-4.5671
-3.8934,-3.8961
-3.8934,-3.2782
-3.8934,-3.2712
-3.8934,-3.7358
-3.8934,-3.4809
-3.8934,-3.9539
-3.8934,-3.7464
-3.8934,-3.0624
-3.8934,-4.293
-3.8934,-3.9722
-3.8934,-4.1543
1.5753,1.2846
1.5753,1.3118
1.5753,1.6299
1.5753,1.6584
1.5753,0.75222
1.5753,1.162
1.5753,2.3064
1.5753,1.4691
1.5753,2.4877
1.5753,2.0076
1.5753,1.4286
1.5753,1.655
1.5753,1.4859
1.5753,0.93528
4.8114,4.0434
4.8114,3.9947
4.8114,4.5781
4.8114,4.6932
4.8114,4.0474
4.8114,4.8793
4.8114,5.1513
4.8114,5.5085
6.3913,6.9739
6.3913,6.1461
6.3913,6.6271
6.3913,6.3128
6.3913,6.4381
6.3913,7.2618
6.3913,6.2078
6.3913,6.1596
6.3913,6.1218
4.5342,5.2819
4.5342,5.1816
4.5342,4.5454
4.5342,4.1785
4.5342,4.2094
-2.876,-3.7405
-2.876,-2.0532
-2.876,-3.7358
-2.876,-3.7464
-2.876,-2.8493
-2.876,-2.6431
-2.876,-3.1969
-2.876,-2.0616
-2.876,-2.4905
-2.0532,-2.876
-2.0532,-1.8628
-2.0532,-2.0616
-2.0532,-1.282
-2.0532,-2.4905
2.9472,3.0774
-4.5839,-3.7405
-4.5839,-4.9694
1.1989,0.63622
1.1989,2.1554
1.1989,0.21301
1.1989,1.0676
1.1989,1.3662
1.1989,1.1216
1.1989,0.94714
1.1989,0.3109
1.1989,1.0747
-0.1301,0.75222
-0.1301,0.083513
-0.1301,-0.042256
-0.1301,0.46492
-0.1301,0.060761
5.4965,6.1461
5.4965,6.3128
5.4965,5.0737
5.4965,6.1596
5.4965,5.2975
5.4965,5.9907
5.4965,6.1218
5.4965,5.3509
-7.3091,-7.9814
3.6839,4.0434
3.6839,3.0774
3.6839,3.9947
3.6839,4.375
3.6839,3.0845
6.8269,6.6271
6.8269,7.1621
6.8269,5.8951
6.8269,6.8972
3.9947,4.0434
3.9947,3.0774
3.9947,4.8114
3.9947,3.6839
3.9947,4.0474
3.9947,4.8793
1.6351,1.6299
1.6351,1.4658
1.6351,2.4383
1.6351,1.9093
1.6351,1.162
1.6351,0.66444
1.6351,2.0076
1.6351,1.1664
1.6351,1.6023
1.6351,2.4381
1.6351,1.3675
-6.0781,-5.4767
-6.0781,-6.1862
-6.0781,-6.3094
-6.0781,-6.9444
-6.0781,-5.9936
-6.9443,-7.1648
-6.9443,-7.0912
-6.9443,-6.2251
-6.9443,-6.3367
6.1461,6.3913
6.1461,5.4965
6.1461,6.6271
6.1461,6.3128
6.1461,6.4381
6.1461,5.538
6.1461,6.2078
6.1461,6.1596
6.1461,5.2975
6.1461,6.1218
6.1461,5.3509
-0.67667,-0.69144
-0.67667,-0.081321
-0.67667,-1.4749
-0.67667,-0.92913
-0.67667,-1.3837
-0.67667,0.11564
-0.67667,-0.18512
-0.67667,-0.68379
-0.67667,-1.282
-5.7701,-6.4514
-5.7701,-5.4767
-5.7701,-6.1862
-5.7701,-5.1024
-5.7701,-5.12
-5.7701,-5.912
-5.7701,-5.2714
-5.7701,-5.1806
-5.7701,-6.2251
-0.69144,-0.67667
-0.69144,-1.4749
-0.69144,-0.92913
-0.69144,0.11564
-0.69144,-0.18512
-0.69144,-0.68379
-0.69144,-1.282
-0.69144,-0.9592
0.36261,0.72382
5.1816,5.2819
5.1816,4.5342
5.1816,5.144
5.1816,5.538
4.5454,5.2819
4.5454,4.5342
4.5454,4.5498
4.5454,4.2094
4.5454,5.2975
4.5454,5.3509
6.6271,6.9739
6.6271,6.3913
6.6271,6.8269
6.6271,6.1461
6.6271,7.1621
6.6271,6.3128
6.6271,6.4381
6.6271,7.2618
6.6271,6.1596
6.6271,5.9907
6.6271,6.1218
6.6271,6.8972
-5.12,-5.4767
-5.12,-5.1024
-5.12,-5.0874
-5.12,-4.3938
-5.12,-5.7701
-5.12,-4.294
-5.12,-4.4866
-5.12,-5.1284
-5.12,-5.9936
-3.2712,-3.7405
-3.2712,-3.2782
-3.2712,-3.8934
-3.2712,-3.7358
-3.2712,-3.4809
-3.2712,-3.7464
-3.2712,-2.8493
-3.2712,-2.6431
-3.2712,-3.0624
-3.2712,-4.1543
-3.2712,-2.4905
-2.9357,-2.3082
-2.9357,-3.8961
-2.9357,-3.2782
-2.9357,-3.4809
-2.9357,-3.0624
-2.9357,-2.9716
-2.9357,-2.2314
6.5981,5.9331
-5.0626,-5.7171
-5.0626,-5.2087
-5.0626,-5.4446
-5.0626,-4.4968
-5.0626,-5.1806
0.21301,0.63622
0.21301,1.1989
0.21301,-0.081321
0.21301,0.40616
0.21301,1.0676
0.21301,1.1216
0.21301,0.94714
0.21301,0.3109
0.21301,0.11564
0.21301,1.0747
-5.3743,-5.3961
-5.3743,-5.1284
-5.3743,-4.6257
1.7928,2.1554
1.7928,1.0747
-3.7358,-3.7405
-3.7358,-3.8934
-3.7358,-2.876
-3.7358,-3.2712
-3.7358,-3.4809
-3.7358,-3.7464
-3.7358,-2.8493
-3.7358,-3.1969
-3.7358,-4.1543
1.6299,1.2846
1.6299,1.5753
1.6299,1.6351
1.6299,1.6584
1.6299,1.4658
1.6299,0.87336
1.6299,1.9093
1.6299,0.75222
1.6299,1.162
1.6299,2.3064
1.6299,1.4691
1.6299,2.0076
1.6299,1.1664
1.6299,1.6023
1.6299,2.4381
1.6299,1.3675
1.6299,0.93528
-0.52324,-0.081321
-0.52324,-0.92913
-0.52324,-1.3397
-0.52324,0.3109
-0.52324,-0.34265
-7.1648,-6.9443
-7.1648,-6.3367
1.6584,1.2846
1.6584,1.3118
1.6584,1.5753
1.6584,1.6299
1.6584,1.9093
1.6584,1.162
1.6584,2.3064
1.6584,1.4691
1.6584,2.4877
1.6584,2.0076
1.6584,1.4286
1.6584,1.655
1.6584,1.4859
1.6584,0.93528
6.8624,7.063
6.8624,6.7609
6.8624,5.956
-0.081321,-0.67667
-0.081321,0.21301
-0.081321,-0.52324
-0.081321,-0.92913
-0.081321,0.3109
-0.081321,0.11564
-0.081321,-0.68379
-0.081321,-0.34265
-4.057,-4.294
-4.057,-4.6257
-6.1957,-5.7171
-6.1957,-6.1074
-6.1957,-5.4446
-6.1957,-6.8165
-6.1957,-6.1734
-6.1957,-6.3367
7.063,7.8556
7.063,6.8624
7.063,6.7609
-5.2087,-6.1074
-5.2087,-5.0626
-5.2087,-5.4446
-5.2087,-5.641
-5.2087,-6.1734
-1.4749,-0.67667
-1.4749,-0.69144
-1.4749,-1.3837
-1.4749,-1.8628
-1.4749,-1.849
-1.4749,-2.0616
-1.4749,-0.68379
-1.4749,-1.282
3.5213,4.0474
0.40616,0.21301
0.40616,0.94714
0.40616,0.11564
0.40616,1.0747
0.40616,-0.18512
1.0676,0.63622
1.0676,1.1989
1.0676,0.21301
1.0676,1.3662
1.0676,1.1216
1.0676,0.94714
1.0676,0.3109
1.0676,1.0747
-3.4809,-3.8961
-3.4809,-3.2782
-3.4809,-3.8934
-3.4809,-3.2712
-3.4809,-2.9357
-3.4809,-3.7358
-3.4809,-3.9539
-3.4809,-3.7464
-3.4809,-2.8493
-3.4809,-2.6431
-3.4809,-3.0624
-3.4809,-4.293
-3.4809,-4.1543
3.8444,4.375
1.4658,1.6351
1.4658,1.6299
1.4658,0.87336
1.4658,1.9093
1.4658,1.162
1.4658,0.66444
1.4658,1.1664
1.4658,1.6023
1.4658,1.3675
0.87336,1.6299
0.87336,1.4658
0.87336,0.75222
0.87336,1.162
0.87336,0.66444
0.87336,0.39987
0.87336,0.083513
0.87336,1.1664
0.87336,-0.042256
0.87336,0.46492
0.87336,1.3675
0.87336,0.93528
0.87336,0.060761
2.4383,3.3845
2.4383,1.6351
2.4383,1.6023
2.4383,2.4381
-5.4446,-5.7171
-5.4446,-6.1074
-5.4446,-5.0626
-5.4446,-6.1957
-5.4446,-5.2087
-5.4446,-5.912
-5.4446,-5.1806
-5.4446,-6.1734
-5.4446,-6.3367
-0.92913,-0.67667
-0.92913,-0.69144
-0.92913,-0.52324
-0.92913,-0.081321
-0.92913,-1.3397
-0.92913,-1.3837
-0.92913,-0.68379
-0.92913,-0.34265
1.9093,1.6351
1.9093,1.6299
1.9093,1.6584
1.9093,1.4658
1.9093,1.162
1.9093,2.3064
1.9093,1.4691
1.9093,2.0076
1.9093,1.1664
1.9093,1.6023
1.9093,2.4381
1.9093,1.3675
0.72382,1.2846
0.72382,1.3118
0.72382,0.36261
0.72382,1.4286
0.72382,0.46492
0.72382,1.4859
0.72382,1.4975
0.72382,0.40497
6.1293,5.2819
6.1293,6.4381
6.1293,5.538
6.1293,6.2078
4.375,4.0434
4.375,3.6839
4.375,3.8444
4.375,4.6932
4.375,5.1513
0.75222,1.2846
0.75222,1.3118
0.75222,1.5753
0.75222,-0.1301
0.75222,1.6299
0.75222,0.87336
0.75222,1.162
0.75222,0.66444
0.75222,1.4691
0.75222,0.083513
0.75222,1.1664
0.75222,-0.042256
0.75222,1.4286
0.75222,0.46492
0.75222,0.93528
0.75222,0.40497
0.75222,0.060761
1.162,1.2846
1.162,1.3118
1.162,1.5753
1.162,1.6351
1.162,1.6299
1.162,1.6584
1.162,1.4658
1.162,0.87336
1.162,1.9093
1.162,0.75222
1.162,0.66444
1.162,1.4691
1.162,2.0076
1.162,1.1664
1.162,1.4286
1.162,0.46492
1.162,0.93528
5.144,5.1816
5.144,4.1785
-3.478,-3.8961
-3.478,-3.9539
-3.478,-2.9716
-3.478,-3.9722
7.1621,6.9739
7.1621,6.8269
7.1621,6.6271
7.1621,6.8972
-3.9539,-4.8198
-3.9539,-3.8961
-3.9539,-3.2782
-3.9539,-3.8934
-3.9539,-3.4809
-3.9539,-3.478
-3.9539,-4.293
-3.9539,-3.9722
3.4317,3.3845
3.4317,4.2094
-3.7464,-3.7405
-3.7464,-3.8934
-3.7464,-2.876
-3.7464,-3.2712
-3.7464,-3.7358
-3.7464,-3.4809
-3.7464,-2.8493
-3.7464,-3.1969
-3.7464,-4.1543
1.3662,0.63622
1.3662,1.1989
1.3662,1.0676
1.3662,1.1216
4.5781,4.8114
4.5781,4.0474
2.3064,1.5753
2.3064,1.6299
2.3064,1.6584
2.3064,1.9093
2.3064,1.4691
2.3064,2.4877
2.3064,2.0076
2.3064,2.4381
2.3064,3.0754
0.66444,1.6351
0.66444,1.4658
0.66444,0.87336
0.66444,0.75222
0.66444,1.162
0.66444,0.39987
0.66444,0.083513
0.66444,1.1664
0.66444,-0.042256
0.66444,1.6023
0.66444,1.3675
0.66444,0.93528
0.66444,0.060761
6.971,6.7609
6.971,6.0409
6.7609,6.8624
6.7609,7.063
6.7609,6.971
6.7609,6.0409
6.7609,5.956
5.9331,5.7963
5.9331,6.5981
5.9331,5.1513
5.9331,5.5986
4.6932,4.0434
4.6932,4.8114
4.6932,4.375
4.6932,4.8793
4.6932,5.1513
4.5498,4.5454
4.5498,4.2094
4.5498,5.2975
4.5498,5.3509
6.3128,6.9739
6.3128,6.3913
6.3128,5.4965
6.3128,6.1461
6.3128,6.6271
6.3128,6.4381
6.3128,7.2618
6.3128,6.2078
6.3128,6.1596
6.3128,6.1218
6.3128,5.3509
-2.8493,-3.7405
-2.8493,-2.876
-2.8493,-3.2712
-2.8493,-3.7358
-2.8493,-3.4809
-2.8493,-3.7464
-2.8493,-2.6431
-2.8493,-3.0624
-2.8493,-3.1969
-2.8493,-1.8628
-2.8493,-2.4905
-4.294,-5.0874
-4.294,-4.3938
-4.294,-5.12
-4.294,-4.057
-4.294,-5.1284
-2.6431,-2.3082
-2.6431,-3.2782
-2.6431,-2.876
-2.6431,-3.2712
-2.6431,-3.4809
-2.6431,-2.8493
-2.6431,-3.0624
-2.6431,-1.8628
-2.6431,-1.849
-2.6431,-2.2314
-2.6431,-2.4905
6.4381,6.9739
6.4381,6.3913
6.4381,6.1461
6.4381,6.6271
6.4381,6.1293
6.4381,6.3128
6.4381,7.2618
6.4381,6.2078
6.4381,6.1596
-6.9444,-6.0781
-6.9444,-5.9936
1.4691,1.2846
1.4691,1.3118
1.4691,1.5753
1.4691,1.6299
1.4691,1.6584
1.4691,1.9093
1.4691,0.75222
1.4691,1.162
1.4691,2.3064
1.4691,2.0076
1.4691,1.1664
1.4691,1.4286
1.4691,0.46492
1.4691,1.655
1.4691,1.4859
1.4691,0.93528
0.39987,0.87336
0.39987,0.66444
0.39987,0.083513
0.39987,1.3675
0.39987,0.060761
-1.3397,-2.3082
-1.3397,-0.52324
-1.3397,-0.92913
-1.3397,-1.3837
-1.3397,-1.849
-1.3397,-2.2314
4.0474,4.8114
4.0474,3.9947
4.0474,3.5213
4.0474,4.5781
2.4877,1.5753
2.4877,1.6584
2.4877,2.3064
2.4877,2.0076
2.4877,1.655
-1.3837,-2.3082
-1.3837,-0.67667
-1.3837,-1.4749
-1.3837,-0.92913
-1.3837,-1.3397
-1.3837,-1.8628
-1.3837,-1.849
-1.3837,-2.2314
-1.3837,-0.68379
5.538,5.2819
5.538,6.1461
5.538,5.1816
5.538,6.1293
5.538,6.2078
5.538,6.1596
5.538,5.3509
-5.3961,-6.3094
-5.3961,-5.0874
-5.3961,-5.3743
-5.3961,-5.1284
-5.3961,-5.9936
-5.3961,-4.6257
1.1216,1.1989
1.1216,0.21301
1.1216,1.0676
1.1216,1.3662
1.1216,0.94714
1.1216,0.3109
1.1216,1.0747
-3.0624,-2.3082
-3.0624,-3.2782
-3.0624,-3.8934
-3.0624,-3.2712
-3.0624,-2.9357
-3.0624,-3.4809
-3.0624,-2.8493
-3.0624,-2.6431
-3.0624,-2.2314
-3.0624,-2.4905
7.2618,6.9739
7.2618,6.3913
7.2618,6.6271
7.2618,6.3128
7.2618,6.4381
0.083513,-0.1301
0.083513,0.87336
0.083513,0.75222
0.083513,0.66444
0.083513,0.39987
0.083513,-0.042256
0.083513,0.93528
0.083513,0.060761
6.2078,6.3913
6.2078,6.1461
6.2078,6.1293
6.2078,6.3128
6.2078,6.4381
6.2078,5.538
6.2078,6.1596
6.2078,5.3509
-4.8831,-4.5671
-4.8831,-4.8198
-4.8831,-4.293
-3.1969,-3.7405
-3.1969,-2.876
-3.1969,-3.7358
-3.1969,-3.7464
-3.1969,-2.8493
5.0737,5.4965
5.0737,5.8951
5.0737,5.9907
0.94714,1.1989
0.94714,0.21301
0.94714,0.40616
0.94714,1.0676
0.94714,1.1216
0.94714,0.3109
0.94714,0.11564
0.94714,1.0747
-6.8165,-6.1074
-6.8165,-6.1957
-6.8165,-6.1734
4.1785,3.4147
4.1785,4.5342
4.1785,5.144
2.0076,1.5753
2.0076,1.6351
2.0076,1.6299
2.0076,1.6584
2.0076,1.9093
2.0076,1.162
2.0076,2.3064
2.0076,1.4691
2.0076,2.4877
2.0076,1.1664
2.0076,1.655
2.0076,2.4381
6.1596,6.9739
6.1596,6.3913
6.1596,5.4965
6.1596,6.1461
6.1596,6.6271
6.1596,6.3128
6.1596,6.4381
6.1596,5.538
6.1596,6.2078
6.1596,5.2975
6.1596,6.1218
6.1596,5.3509
3.0845,3.6839
-1.8628,-2.3082
-1.8628,-2.0532
-1.8628,-1.4749
-1.8628,-2.8493
-1.8628,-2.6431
-1.8628,-1.3837
-1.8628,-1.849
-1.8628,-2.0616
-1.8628,-1.282
-1.8628,-2.4905
1.1664,1.6351
1.1664,1.6299
1.1664,1.4658
1.1664,0.87336
1.1664,1.9093
1.1664,0.75222
1.1664,1.162
1.1664,0.66444
1.1664,1.4691
1.1664,2.0076
1.1664,1.6023
1.1664,1.3675
1.1664,0.93528
-0.042256,-0.1301
-0.042256,0.87336
-0.042256,0.75222
-0.042256,0.66444
-0.042256,0.083513
-0.042256,0.46492
-0.042256,0.93528
-0.042256,0.060761
0.3109,0.63622
0.3109,1.1989
0.3109,0.21301
0.3109,-0.52324
0.3109,-0.081321
0.3109,1.0676
0.3109,1.1216
0.3109,0.94714
0.3109,0.11564
0.3109,-0.34265
6.0409,6.971
6.0409,6.7609
1.4286,1.2846
1.4286,1.3118
1.4286,1.5753
1.4286,1.6584
1.4286,0.72382
1.4286,0.75222
1.4286,1.162
1.4286,1.4691
1.4286,0.46492
1.4286,1.655
1.4286,1.4859
1.4286,0.93528
1.4286,1.4975
-1.849,-2.3082
-1.849,-1.4749
-1.849,-2.6431
-1.849,-1.3397
-1.849,-1.3837
-1.849,-1.8628
-1.849,-2.2314
-1.849,-1.282
-1.849,-2.4905
-2.9716,-3.8961
-2.9716,-3.2782
-2.9716,-2.9357
-2.9716,-3.478
-4.4968,-5.0626
-4.4968,-5.1806
-5.912,-6.4514
-5.912,-5.7171
-5.912,-6.1862
-5.912,-5.7701
-5.912,-5.4446
-5.912,-5.2714
-5.912,-5.1806
-5.912,-6.2251
-5.912,-6.3367
0.11564,-0.67667
0.11564,-0.69144
0.11564,0.21301
0.11564,-0.081321
0.11564,0.40616
0.11564,0.94714
0.11564,0.3109
0.11564,1.0747
0.11564,-0.18512
0.11564,-0.68379
-4.9694,-4.5671
-4.9694,-4.5839
-4.9694,-4.293
-4.9694,-4.1543
1.6023,1.6351
1.6023,1.6299
1.6023,1.4658
1.6023,2.4383
1.6023,1.9093
1.6023,0.66444
1.6023,1.1664
1.6023,2.4381
1.6023,1.3675
-4.4866,-5.1024
-4.4866,-4.3938
-4.4866,-5.12
-4.4866,-5.2714
-4.4866,-5.1806
0.46492,1.2846
0.46492,1.3118
0.46492,-0.1301
0.46492,0.87336
0.46492,0.72382
0.46492,0.75222
0.46492,1.162
0.46492,1.4691
0.46492,-0.042256
0.46492,1.4286
0.46492,0.93528
0.46492,0.40497
0.46492,0.060761
-5.641,-5.2087
1.655,1.2846
1.655,1.3118
1.655,1.5753
1.655,1.6584
1.655,1.4691
1.655,2.4877
1.655,2.0076
1.655,1.4286
1.655,1.4859
1.655,1.4975
2.4381,1.6351
2.4381,1.6299
2.4381,2.4383
2.4381,1.9093
2.4381,2.3064
2.4381,2.0076
2.4381,1.6023
2.4381,3.0754
-5.2714,-5.7171
-5.2714,-5.1024
-5.2714,-5.7701
-5.2714,-5.912
-5.2714,-4.4866
-5.2714,-5.1806
-5.2714,-6.2251
-4.293,-4.5671
-4.293,-3.8961
-4.293,-3.8934
-4.293,-3.4809
-4.293,-3.9539
-4.293,-4.8831
-4.293,-4.9694
-4.293,-3.9722
-4.293,-4.1543
4.8793,5.7963
4.8793,4.0434
4.8793,4.8114
4.8793,3.9947
4.8793,4.6932
4.8793,5.1513
4.8793,5.5085
-2.2314,-2.3082
-2.2314,-2.9357
-2.2314,-2.6431
-2.2314,-1.3397
-2.2314,-1.3837
-2.2314,-3.0624
-2.2314,-1.849
1.3675,1.6351
1.3675,1.6299
1.3675,1.4658
1.3675,0.87336
1.3675,1.9093
1.3675,0.66444
1.3675,0.39987
1.3675,1.1664
1.3675,1.6023
5.1513,5.7963
5.1513,4.8114
5.1513,4.375
5.1513,5.9331
5.1513,4.6932
5.1513,4.8793
5.1513,5.5986
-2.0616,-2.876
-2.0616,-2.0532
-2.0616,-1.4749
-2.0616,-1.8628
-2.0616,-1.282
-2.0616,-2.4905
1.0747,1.1989
1.0747,0.21301
1.0747,1.7928
1.0747,0.40616
1.0747,1.0676
1.0747,1.1216
1.0747,0.94714
1.0747,0.11564
5.5085,5.7963
5.5085,6.5065
5.5085,4.8114
5.5085,4.8793
4.2094,3.3845
4.2094,3.4147
4.2094,4.5342
4.2094,4.5454
4.2094,3.4317
4.2094,4.5498
1.4859,1.2846
1.4859,1.3118
1.4859,1.5753
1.4859,1.6584
1.4859,0.72382
1.4859,1.4691
1.4859,1.4286
1.4859,1.655
1.4859,1.4975
-3.9722,-4.8198
-3.9722,-3.8961
-3.9722,-3.2782
-3.9722,-3.8934
-3.9722,-3.478
-3.9722,-3.9539
-3.9722,-4.293
-5.1806,-5.7171
-5.1806,-5.1024
-5.1806,-5.7701
-5.1806,-5.0626
-5.1806,-5.4446
-5.1806,-4.4968
-5.1806,-5.912
-5.1806,-4.4866
-5.1806,-5.2714
-0.18512,-0.67667
-0.18512,-0.69144
-0.18512,0.40616
-0.18512,0.11564
-0.18512,-0.68379
-0.18512,-0.9592
-7.0912,-6.4514
-7.0912,-6.1862
-7.0912,-6.9443
-7.0912,-6.2251
-5.1284,-5.4767
-5.1284,-5.0874
-5.1284,-4.3938
-5.1284,-5.12
-5.1284,-5.3743
-5.1284,-4.294
-5.1284,-5.3961
-5.1284,-5.9936
-5.1284,-4.6257
-4.1543,-4.5671
-4.1543,-3.7405
-4.1543,-3.8934
-4.1543,-3.2712
-4.1543,-3.7358
-4.1543,-3.4809
-4.1543,-3.7464
-4.1543,-4.9694
-4.1543,-4.293
5.5986,5.0469
5.5986,5.9331
5.5986,5.1513
5.956,6.8624
5.956,6.7609
-0.68379,-0.67667
-0.68379,-0.69144
-0.68379,-0.081321
-0.68379,-1.4749
-0.68379,-0.92913
-0.68379,-1.3837
-0.68379,0.11564
-0.68379,-0.18512
-0.68379,-1.282
-5.9936,-5.4767
-5.9936,-6.3094
-5.9936,-5.0874
-5.9936,-6.0781
-5.9936,-5.12
-5.9936,-6.9444
-5.9936,-5.3961
-5.9936,-5.1284
0.93528,1.2846
0.93528,1.3118
0.93528,1.5753
0.93528,1.6299
0.93528,1.6584
0.93528,0.87336
0.93528,0.75222
0.93528,1.162
0.93528,0.66444
0.93528,1.4691
0.93528,0.083513
0.93528,1.1664
0.93528,-0.042256
0.93528,1.4286
0.93528,0.46492
0.93528,0.060761
1.4975,1.3118
1.4975,0.72382
1.4975,1.4286
1.4975,1.655
1.4975,1.4859
0.40497,1.2846
0.40497,1.3118
0.40497,0.72382
0.40497,0.75222
0.40497,0.46492
-6.1734,-5.7171
-6.1734,-6.1074
-6.1734,-6.1957
-6.1734,-5.2087
-6.1734,-5.4446
-6.1734,-6.8165
-6.1734,-6.3367
-1.282,-2.0532
-1.282,-0.67667
-1.282,-0.69144
-1.282,-1.4749
-1.282,-1.8628
-1.282,-1.849
-1.282,-2.0616
-1.282,-0.68379
-1.282,-0.9592
-6.2251,-6.4514
-6.2251,-5.7171
-6.2251,-6.1862
-6.2251,-6.9443
-6.2251,-5.7701
-6.2251,-5.912
-6.2251,-5.2714
-6.2251,-7.0912
-6.2251,-6.3367
3.0754,3.4147
3.0754,2.3064
3.0754,2.4381
5.8951,6.8269
5.8951,5.0737
5.8951,5.9907
5.8951,6.1218
-2.4905,-2.876
-2.4905,-2.0532
-2.4905,-3.2712
-2.4905,-2.8493
-2.4905,-2.6431
-2.4905,-3.0624
-2.4905,-1.8628
-2.4905,-1.849
-2.4905,-2.0616
5.2975,5.4965
5.2975,6.1461
5.2975,4.5454
5.2975,4.5498
5.2975,6.1596
5.2975,5.9907
5.2975,6.1218
5.2975,5.3509
5.9907,5.4965
5.9907,6.6271
5.9907,5.0737
5.9907,5.8951
5.9907,5.2975
5.9907,6.1218
-6.3367,-6.4514
-6.3367,-5.7171
-6.3367,-6.1074
-6.3367,-6.9443
-6.3367,-7.1648
-6.3367,-6.1957
-6.3367,-5.4446
-6.3367,-5.912
-6.3367,-6.1734
-6.3367,-6.2251
-4.6257,-5.0874
-4.6257,-5.3743
-4.6257,-4.057
-4.6257,-5.3961
-4.6257,-5.1284
0.060761,-0.1301
0.060761,0.87336
0.060761,0.75222
0.060761,0.66444
0.060761,0.39987
0.060761,0.083513
0.060761,-0.042256
0.060761,0.46492
0.060761,0.93528
-0.34265,0.63622
-0.34265,-0.52324
-0.34265,-0.081321
-0.34265,-0.92913
-0.34265,0.3109
-7.9814,-7.3091
6.1218,6.9739
6.1218,6.3913
6.1218,5.4965
6.1218,6.1461
6.1218,6.6271
6.1218,6.3128
6.1218,6.1596
6.1218,5.8951
6.1218,5.2975
6.1218,5.9907
5.3509,5.2819
5.3509,5.4965
5.3509,6.1461
5.3509,4.5454
5.3509,4.5498
5.3509,6.3128
5.3509,5.538
5.3509,6.2078
5.3509,6.1596
5.3509,5.2975
-0.9592,-0.69144
-0.9592,-0.18512
-0.9592,-1.282
6.8972,6.9739
6.8972,6.8269
6.8972,6.6271
6.8972,7.1621
6.971,7.7928
7.8225,7.7928
