-1.3635,-1.323
-7.3075,-8.0848
-7.3075,-6.4277
-7.3075,-6.587
-7.3075,-6.8042
-6.178,-6.6833
-6.178,-5.374
-6.178,-6.2427
-5.2607,-5.7873
-5.2607,-5.2923
-5.2607,-4.656
0.29172,1.0954
0.29172,0.97797
0.29172,0.58315
-6.9544,-7.1614
-6.9544,-6.0738
-6.9544,-6.1653
-6.9544,-6.5829
-7.1614,-6.9544
-7.1614,-6.8809
-6.6638,-6.7332
-6.6638,-5.7572
-6.6638,-7.4428
5.5409,5.8625
5.5409,6.3444
-3.3463,-4.223
-3.3463,-3.2478
-3.3463,-2.4067
6.4805,5.8625
6.4805,7.0845
-6.6833,-6.178
-6.6833,-7.2169
-5.7873,-5.2607
-5.7873,-6.1705
-5.7873,-5.7299
-5.7873,-6.587
7.1796,6.4534
7.1796,6.3382
7.1796,6.9614
3.3759,3.6457
-6.0738,-6.9544
-6.0738,-5.1508
-6.0738,-6.1653
-6.0738,-5.353
-6.0738,-5.9818
-6.0738,-5.9744
-6.0738,-5.5097
7.9604,7.7715
7.9604,7.0222
-4.223,-3.3463
-4.223,-5.1508
-4.223,-5.0585
-4.223,-4.22
-4.223,-4.6851
6.1648,6.2551
6.1648,5.2604
6.1648,5.4444
6.1648,6.6394
6.1648,5.416
-3.9096,-4.5009
-5.8171,-6.4277
-5.8171,-5.7572
-5.8171,-5.7299
-1.0373,-1.3197
-1.0373,-0.97051
-1.0373,-0.62863
-1.0373,-0.22689
-1.0373,-0.62402
1.7858,1.8808
2.6479,2.1444
3.6457,3.3759
3.6457,4.4376
-7.0295,-6.8258
1.9826,2.9533
7.5692,6.5909
-5.1508,-6.0738
-5.1508,-4.223
-5.1508,-5.0585
-5.1508,-4.6851
-5.1508,-5.353
-5.1508,-5.9744
-5.1508,-5.5097
-1.3197,-1.0373
-1.3197,-0.62863
-1.3197,-1.2573
-1.3197,-0.62402
4.5157,4.4302
4.5157,4.3916
4.5157,5.1
6.3662,6.9614
4.4376,3.6457
4.4376,4.6145
4.4376,4.4351
4.4376,5.416
-3.3683,-2.3752
-1.7898,-1.1499
-1.7898,-0.79229
-1.7898,-1.7185
3.4013,2.9533
-5.2089,-4.6851
-5.2089,-6.1518
-5.2089,-5.5097
1.0954,0.29172
1.0954,1.2476
1.0954,0.97797
1.0954,0.58315
-0.36494,0.051811
-0.36494,-0.62863
-0.36494,-0.3105
-0.36494,-0.059425
-0.36494,-0.89679
6.2551,6.1648
6.2551,6.4534
6.2551,5.4444
6.2551,7.0821
6.2551,7.1283
-8.0514,-8.3624
-8.0514,-9.0087
7.7562,7.5132
7.7562,7.6779
7.7562,8.6673
7.7562,6.9471
7.7562,7.6611
5.8625,5.5409
5.8625,6.4805
5.8625,6.3444
-7.2169,-6.6833
-7.2169,-7.1088
-8.0848,-7.3075
6.4534,7.1796
6.4534,6.2551
6.4534,7.0821
6.4534,6.3382
6.4534,6.2712
-0.1244,0.30607
-0.1244,-0.29116
-0.1244,-0.46442
-6.4277,-7.3075
-6.4277,-5.8171
-6.4277,-5.7299
-6.4277,-6.587
-6.4277,-6.8042
-0.064951,0.30607
-0.064951,-0.99599
-0.064951,-0.46442
1.4467,2.0324
1.4467,1.4635
1.4467,1.0657
1.4467,0.4737
4.6145,4.4376
4.6145,4.679
4.6145,3.6504
4.6145,5.5288
5.2604,6.1648
5.2604,4.4351
5.2604,5.4444
5.2604,5.416
7.5132,7.7562
7.5132,6.9471
-6.7332,-6.6638
-6.7332,-7.4892
-6.7332,-6.2427
-6.7332,-7.1088
-5.0585,-4.223
-5.0585,-5.1508
-5.0585,-4.22
-5.0585,-5.353
-5.0585,-4.5464
-5.0585,-5.9744
-5.563,-5.353
-5.563,-6.3038
7.7715,7.9604
7.7715,7.0845
7.7715,7.4803
-4.552,-4.5228
-4.552,-3.7012
0.79164,1.1131
0.79164,0.87871
-5.374,-6.178
-5.374,-4.5073
2.1444,2.6479
2.1444,1.2476
2.1444,1.5495
0.051811,-0.36494
0.051811,0.7573
0.051811,-0.3578
0.051811,-0.89679
1.1026,1.118
1.1026,0.87871
-7.3801,-6.8258
-7.3801,-6.587
6.5819,6.2209
6.5819,6.9189
6.5819,6.5909
0.30607,-0.1244
0.30607,-0.064951
0.30607,1.1131
0.30607,-0.46442
-2.8979,-3.7615
-5.2923,-5.2607
-5.2923,-4.5228
-5.2923,-6.1705
6.2209,6.5819
6.2209,6.5909
6.2209,5.4546
-1.1499,-1.7898
-1.1499,-1.323
-1.1499,-0.79229
-1.1499,-1.7185
-1.1499,-0.29116
-1.1499,-0.46442
4.4302,4.5157
4.4302,5.1422
4.4302,3.8219
4.4302,4.3916
1.2476,1.0954
1.2476,2.1444
1.2476,1.118
1.2476,1.5495
1.2476,0.58315
-4.22,-4.223
-4.22,-5.0585
-4.22,-4.5464
4.9642,5.1
-1.0918,-0.30515
-1.2346,-0.3578
-1.2346,-0.89679
-4.5228,-4.552
-4.5228,-5.2923
-4.5228,-3.7012
-4.5228,-4.2706
-1.323,-1.3635
-1.323,-1.1499
-1.323,-2.2035
0.78258,1.0964
-0.97051,-1.0373
-0.97051,-0.62402
-0.97051,-0.15888
7.0723,6.505
-0.62863,-1.0373
-0.62863,-1.3197
-0.62863,-0.36494
-0.62863,-0.22689
-0.62863,-0.3105
-0.62863,-0.059425
-0.62863,-1.2573
0.5921,-0.22689
0.5921,0.7573
0.5921,-0.059425
4.679,4.6145
4.679,5.5288
-6.8809,-7.1614
-6.8809,-6.1653
-6.8809,-6.3038
7.6779,7.7562
7.6779,6.9614
7.6779,7.6611
-6.1653,-6.9544
-6.1653,-6.0738
-6.1653,-6.8809
-6.1653,-5.353
-6.1653,-6.3038
-6.1653,-5.9818
-6.1653,-5.9744
4.4351,4.4376
4.4351,5.2604
-4.6851,-4.223
-4.6851,-5.1508
-4.6851,-5.2089
-4.6851,-5.5097
0.97797,0.29172
0.97797,1.0954
5.1422,4.4302
-0.22689,-1.0373
-0.22689,-0.62863
-0.22689,0.5921
-0.22689,0.27735
-0.22689,-0.3105
-0.22689,-0.059425
-0.22689,-0.62402
-0.30515,-1.0918
-0.30515,-0.3578
6.9189,6.5819
6.9189,7.8173
4.6087,5.4546
7.0845,6.4805
7.0845,7.7715
7.0845,7.0222
6.3444,5.5409
6.3444,5.8625
5.4444,6.1648
5.4444,6.2551
5.4444,5.2604
5.4444,5.416
6.505,7.0723
6.505,6.6394
6.505,5.6808
6.505,5.5288
-2.2035,-1.323
-2.2035,-2.4067
-3.7615,-2.8979
-3.7615,-4.5073
-3.7615,-4.5009
6.6394,6.1648
6.6394,6.505
-7.4892,-6.7332
-7.4892,-7.1088
0.27735,-0.22689
0.27735,-0.62402
3.8219,4.4302
3.8219,3.4015
2.0324,1.4467
2.0324,1.8808
2.0324,1.0657
-0.79229,-1.7898
-0.79229,-1.1499
-0.79229,-1.7185
-0.79229,-0.99599
-0.79229,-0.46442
5.6808,6.505
5.6808,5.5288
-5.7572,-6.6638
-5.7572,-5.8171
2.9533,1.9826
2.9533,3.4013
-5.353,-6.0738
-5.353,-5.1508
-5.353,-5.0585
-5.353,-5.563
-5.353,-6.1653
-5.353,-6.3038
-5.353,-4.5464
-5.353,-5.9744
7.0821,6.2551
7.0821,6.4534
7.0821,6.2712
7.0821,7.1283
-0.3105,-0.36494
-0.3105,-0.62863
-0.3105,-0.22689
-0.3105,-0.059425
6.3382,7.1796
6.3382,6.4534
6.3382,6.2712
6.3382,6.9614
7.8173,6.9189
-6.5829,-6.9544
-6.5829,-6.1518
-6.5829,-5.9818
-2.3752,-3.3683
6.2712,6.4534
6.2712,7.0821
6.2712,6.3382
1.1131,0.79164
1.1131,0.30607
-6.8258,-7.0295
-6.8258,-7.3801
-6.8258,-6.1705
3.6504,4.6145
-8.3624,-8.0514
-8.3624,-9.0087
7.1283,6.2551
7.1283,7.0821
3.4015,3.8219
3.4015,4.3916
-2.1938,-2.4067
0.7573,0.051811
0.7573,0.5921
0.7573,-0.059425
0.7573,1.0964
-0.059425,-0.36494
-0.059425,-0.62863
-0.059425,0.5921
-0.059425,-0.22689
-0.059425,-0.3105
-0.059425,0.7573
1.118,1.1026
1.118,1.2476
1.118,1.5495
6.5909,7.5692
6.5909,6.5819
6.5909,6.2209
1.8808,1.7858
1.8808,2.0324
-3.2478,-3.3463
-6.3038,-5.563
-6.3038,-6.8809
-6.3038,-6.1653
-6.3038,-5.353
-6.3038,-5.9744
-3.5328,-3.7012
-3.5328,-4.2706
-6.1705,-5.7873
-6.1705,-5.2923
-6.1705,-6.8258
1.5495,2.1444
1.5495,1.2476
1.5495,1.118
-6.1518,-5.2089
-6.1518,-6.5829
-6.1518,-5.9818
-0.3578,0.051811
-0.3578,-1.2346
-0.3578,-0.30515
-5.7299,-5.7873
-5.7299,-5.8171
-5.7299,-6.4277
-1.2573,-1.3197
-1.2573,-0.62863
1.4635,1.4467
-4.656,-5.2607
-4.656,-4.2706
-5.9818,-6.0738
-5.9818,-6.1653
-5.9818,-6.5829
-5.9818,-6.1518
-5.9818,-5.9744
-5.9818,-5.5097
4.3916,4.5157
4.3916,4.4302
4.3916,3.4015
-4.5464,-5.0585
-4.5464,-4.22
-4.5464,-5.353
1.0964,0.78258
1.0964,0.7573
5.1,4.5157
5.1,4.9642
-1.7185,-1.7898
-1.7185,-1.1499
-1.7185,-0.79229
-1.7185,-0.99599
0.58315,0.29172
0.58315,1.0954
0.58315,1.2476
7.0222,7.9604
7.0222,7.0845
5.416,6.1648
5.416,4.4376
5.416,5.2604
5.416,5.4444
5.416,5.5288
-0.62402,-1.0373
-0.62402,-1.3197
-0.62402,-0.97051
-0.62402,-0.22689
-0.62402,0.27735
-5.9744,-6.0738
-5.9744,-5.1508
-5.9744,-5.0585
-5.9744,-6.1653
-5.9744,-5.353
-5.9744,-6.3038
-5.9744,-5.9818
-5.9744,-5.5097
-4.5073,-5.374
-4.5073,-3.7615
-3.7012,-4.552
-3.7012,-4.5228
-3.7012,-3.5328
-0.99599,-0.064951
-0.99599,-0.79229
-0.99599,-1.7185
-0.99599,-0.46442
-7.4428,-6.6638
-7.4428,-6.8042
-6.2427,-6.178
-6.2427,-6.7332
-6.2427,-7.1088
-5.5097,-6.0738
-5.5097,-5.1508
-5.5097,-5.2089
-5.5097,-4.6851
-5.5097,-5.9818
-5.5097,-5.9744
7.4803,7.7715
5.4546,6.2209
5.4546,4.6087
-0.29116,-0.1244
-0.29116,-1.1499
-0.29116,-0.46442
-7.1088,-7.2169
-7.1088,-6.7332
-7.1088,-7.4892
-7.1088,-6.2427
-0.89679,-0.36494
-0.89679,0.051811
-0.89679,-1.2346
1.0657,1.4467
1.0657,2.0324
1.0657,0.4737
0.4737,1.4467
0.4737,1.0657
0.4737,-0.15888
-6.587,-7.3075
-6.587,-5.7873
-6.587,-6.4277
-6.587,-7.3801
-6.8042,-7.3075
-6.8042,-6.4277
-6.8042,-7.4428
-0.15888,-0.97051
-0.15888,0.4737
8.6673,7.7562
-2.4067,-3.3463
-2.4067,-2.2035
-2.4067,-2.1938
6.9471,7.7562
6.9471,7.5132
6.9471,7.6611
-4.2706,-4.5228
-4.2706,-3.5328
-4.2706,-4.656
-4.5009,-3.9096
-4.5009,-3.7615
0.87871,0.79164
0.87871,1.1026
-9.0087,-8.0514
-9.0087,-8.3624
6.9614,7.1796
6.9614,6.3662
6.9614,7.6779
6.9614,6.3382
5.5288,4.6145
5.5288,4.679
5.5288,6.505
5.5288,5.6808
5.5288,5.416
-0.46442,-0.1244
-0.46442,-0.064951
-0.46442,0.30607
-0.46442,-1.1499
-0.46442,-0.79229
-0.46442,-0.99599
-0.46442,-0.29116
7.6611,7.7562
7.6611,7.6779
7.6611,6.9471
