4.3387,4.3405
4.3387,3.9447
4.3387,5.1508
4.3387,3.6853
4.3387,4.792
4.3387,4.6145
4.3387,5.0185
4.3387,4.3118
-3.3712,-2.7513
-3.3712,-3.6462
-3.3712,-4.3234
-3.3712,-3.8448
-3.3712,-3.213
-3.3712,-3.3752
-3.3712,-4.3597
-3.3712,-2.6685
-3.3712,-3.0759
-4.0321,-3.6462
-4.0321,-4.0514
-4.0321,-4.3234
-4.0321,-3.7856
-4.0321,-4.671
-4.0321,-3.213
-4.0321,-3.1218
-4.0321,-3.1886
-4.0321,-4.3597
-2.7513,-3.3712
-2.7513,-3.6462
-2.7513,-1.9146
-2.7513,-2.6301
-2.7513,-1.956
-2.7513,-2.2265
-2.7513,-3.213
-2.7513,-3.1218
-2.7513,-2.0201
-2.7513,-2.6685
-2.7513,-3.0759
3.9268,4.6599
3.9268,3.8501
3.9268,4.8395
3.9268,4.1852
3.9268,4.8188
3.9268,4.0813
3.9268,4.8819
5.4259,5.5978
5.4259,4.701
5.4259,5.9131
5.4259,5.5503
5.4259,5.5237
5.4259,5.1068
5.4259,4.5939
5.4259,4.8989
3.2643,3.777
3.2643,3.7594
3.2643,4.1805
3.2643,3.9255
-3.6462,-3.3712
-3.6462,-4.0321
-3.6462,-2.7513
-3.6462,-4.3234
-3.6462,-3.8448
-3.6462,-3.7856
-3.6462,-3.213
-3.6462,-4.3597
-3.6462,-3.0759
7.1394,6.6975
7.1394,6.1615
5.5978,5.4259
5.5978,4.701
5.5978,5.9131
5.5978,4.9223
5.5978,5.5503
5.5978,4.6876
5.5978,5.5237
5.5978,5.4333
5.5978,6.3018
5.5978,4.8989
5.5237,5.3291
5.5237,6.1386
5.5237,6.1264
5.5237,5.7725
5.5237,4.8789
-5.2526,-5.7891
-5.2526,-4.4163
-5.2526,-5.0161
-5.2526,-4.3597
-4.0514,-4.0321
-4.0514,-4.5233
-4.0514,-3.7856
-4.0514,-4.7252
-4.0514,-4.671
-4.0514,-3.1218
-4.0514,-3.1886
-1.79,-1.8925
-1.79,-2.0621
-1.79,-1.0092
-1.79,-2.1237
-1.79,-2.435
-1.79,-1.2976
-1.79,-1.0938
-3.568,-3.4913
-3.568,-3.9578
-3.568,-2.9835
-3.568,-2.6601
-3.568,-4.5041
-3.568,-3.7441
-3.568,-4.2061
-3.568,-3.3113
5.8939,5.4052
5.8939,5.0263
5.8939,6.6975
5.8939,6.1615
5.8939,5.7746
5.8939,5.9811
3.777,3.2643
3.777,4.3405
3.777,4.701
3.777,3.9447
3.777,4.6876
3.777,2.7923
3.777,3.7594
3.777,3.9255
5.3291,5.5237
5.3291,6.1386
4.3405,4.3387
4.3405,3.777
4.3405,4.701
4.3405,4.9223
4.3405,3.9447
4.3405,4.6876
4.3405,3.7594
4.3405,5.1508
4.3405,4.6145
4.3405,4.3118
4.3405,3.9255
-2.515,-1.8925
-2.515,-2.3719
-2.515,-2.0621
-2.515,-3.1322
-2.515,-2.1237
-2.515,-1.9696
-2.515,-2.9571
-2.515,-2.0096
-2.515,-1.853
-2.515,-1.9728
-5.1985,-5.7891
-5.1985,-5.4566
-5.1985,-4.7252
-5.1985,-4.671
-5.1985,-5.0161
-5.1985,-5.7459
-4.5233,-4.0514
-4.5233,-5.4566
-4.5233,-4.7252
-4.5233,-4.671
-4.9605,-5.0966
-4.9605,-4.9878
-4.9605,-4.902
-4.9605,-5.5606
-4.9605,-4.5003
-4.9605,-4.2612
-4.9605,-4.7815
-4.9605,-5.8995
-4.9605,-4.0153
-4.9605,-4.8294
-4.9605,-4.8269
-4.9605,-3.9979
-4.9605,-5.0456
-4.9605,-4.9742
-4.9605,-5.9118
-4.9605,-5.3305
-5.0966,-4.9605
-5.0966,-4.9878
-5.0966,-4.902
-5.0966,-5.5606
-5.0966,-4.5003
-5.0966,-4.2612
-5.0966,-4.7815
-5.0966,-5.8995
-5.0966,-4.8294
-5.0966,-4.8269
-5.0966,-5.0456
-5.0966,-4.9742
-5.0966,-5.9118
-5.0966,-5.3305
4.961,4.6629
4.961,4.7941
4.961,5.0263
4.961,5.3336
4.961,4.1276
4.961,5.7746
-3.4913,-3.568
-3.4913,-3.9578
-3.4913,-2.9835
-3.4913,-3.7081
-3.4913,-2.6601
-3.4913,-3.7441
-3.4913,-4.2061
-3.4913,-3.3113
-1.9146,-2.7513
-1.9146,-2.6301
-1.9146,-1.956
-1.9146,-2.2265
-1.9146,-1.2507
-1.9146,-1.395
-1.9146,-2.0201
-1.9146,-2.6685
4.6629,4.961
4.6629,4.7941
4.6629,5.3336
4.6629,4.1852
4.6629,4.8188
-9.1209,-8.3811
-9.1209,-8.6148
-9.1209,-9.5307
-9.1209,-8.5254
-9.1209,-9.7337
4.701,5.4259
4.701,5.5978
4.701,3.777
4.701,4.3405
4.701,4.9223
4.701,5.5503
4.701,4.6876
4.701,3.7594
4.701,5.5237
4.701,4.6145
4.701,4.5939
4.701,3.9255
4.701,4.8989
-4.9878,-4.9605
-4.9878,-5.0966
-4.9878,-4.902
-4.9878,-4.5041
-4.9878,-4.7815
-4.9878,-5.8995
-4.9878,-4.2061
-4.9878,-4.8294
-4.9878,-4.8269
-4.9878,-3.9979
-4.9878,-5.0456
5.2004,5.4052
5.2004,5.0263
5.2004,6.1264
5.2004,5.7725
5.2004,6.1615
5.2004,4.6481
5.2004,5.0443
5.2004,5.9811
-1.8925,-1.79
-1.8925,-2.515
-1.8925,-2.0621
-1.8925,-1.0092
-1.8925,-2.1237
-1.8925,-1.9696
-1.8925,-2.0096
-1.8925,-1.853
-1.8925,-1.2976
-1.8925,-1.4001
-1.8925,-0.90596
-1.8925,-1.1113
-2.3719,-2.515
-2.3719,-3.1322
-2.3719,-1.7386
-2.3719,-1.9044
-2.3719,-2.9571
-2.3719,-2.0096
-2.3719,-1.4001
-2.3719,-1.9728
5.9734,6.1561
5.9734,5.5503
5.9734,5.5237
5.9734,5.4333
5.9734,5.1508
5.9734,6.3018
5.9734,6.0188
5.9734,5.481
6.1561,5.9734
6.1561,5.362
6.1561,6.0188
6.1561,5.481
4.7941,4.961
4.7941,4.6629
4.7941,5.0263
4.7941,4.1276
5.9131,5.4259
5.9131,5.5978
5.9131,5.5237
4.6599,3.9268
4.6599,4.4497
4.6599,4.8395
4.6599,4.1852
4.6599,4.8188
4.6599,5.0154
4.6599,4.0813
4.6599,4.8878
4.6599,4.8819
-4.6441,-4.2679
-4.6441,-4.5003
-4.6441,-4.559
-4.6441,-4.2233
-4.6441,-5.0924
-4.6441,-4.9742
-4.6441,-5.3305
-4.6441,-4.3785
-1.0714,-0.21844
-1.0714,-1.853
-1.0714,-1.4001
-1.0714,-0.90596
-1.0714,-1.1113
-1.0714,-1.9728
5.4052,5.8939
5.4052,5.2004
5.4052,5.0263
5.4052,6.1615
5.4052,4.6481
5.4052,5.7746
5.4052,5.0443
5.4052,5.9811
-0.15275,-1.0092
-0.15275,-0.21844
-0.15275,-0.90596
5.0263,5.8939
5.0263,4.961
5.0263,5.2004
5.0263,4.7941
5.0263,5.4052
5.0263,4.1276
5.0263,4.6481
5.0263,5.7746
-3.2945,-3.3097
-3.2945,-2.9835
-3.2945,-3.7081
-3.2945,-4.2612
-3.2945,-4.0834
-3.2945,-3.6668
-3.2945,-4.0153
-3.2945,-3.0989
-3.2945,-3.9979
-3.2945,-3.1495
-4.3234,-3.3712
-4.3234,-4.0321
-4.3234,-3.6462
-4.3234,-3.8448
-4.3234,-3.7856
-4.3234,-4.4163
-4.3234,-4.671
-4.3234,-5.0161
-4.3234,-4.3597
-2.5911,-2.012
-2.5911,-3.3752
-2.5911,-2.6685
-2.0621,-1.79
-2.0621,-2.515
-2.0621,-1.8925
-2.0621,-2.9495
-2.0621,-2.1237
-2.0621,-1.9696
-2.0621,-2.9571
-2.0621,-2.435
-2.0621,-2.0096
-2.0621,-1.853
-2.0621,-1.2976
4.5348,4.4678
4.5348,4.3159
4.5348,4.4497
4.5348,5.1885
4.5348,3.5939
4.5348,4.792
4.5348,5.362
4.5348,4.8878
4.5348,4.3892
4.5348,4.5868
4.5348,5.1745
-3.8448,-3.3712
-3.8448,-3.6462
-3.8448,-4.3234
-3.8448,-4.4163
-3.8448,-3.3752
-3.8448,-4.3597
-3.8448,-3.0759
4.4678,4.5348
4.4678,3.8501
4.4678,4.3159
4.4678,4.4497
4.4678,5.1885
4.4678,3.5939
4.4678,4.792
4.4678,5.362
4.4678,4.8878
4.4678,4.3892
4.4678,4.5868
4.4678,5.1745
-6.104,-5.5606
-6.104,-5.9118
-6.104,-5.3305
-3.1322,-2.515
-3.1322,-2.3719
-3.1322,-3.5337
-3.1322,-2.9571
-3.1322,-3.7441
-3.1322,-2.9647
-1.7386,-2.3719
-1.7386,-1.9044
-1.7386,-1.9728
-1.0092,-1.79
-1.0092,-1.8925
-1.0092,-0.15275
-1.0092,-0.53431
-1.0092,-1.2976
-1.0092,-0.90596
-1.0092,-1.1113
-3.7856,-4.0321
-3.7856,-3.6462
-3.7856,-4.0514
-3.7856,-4.3234
-3.7856,-4.671
-3.7856,-3.213
-3.7856,-3.1218
-3.7856,-3.1886
4.9223,5.5978
4.9223,4.3405
4.9223,4.701
4.9223,3.9447
4.9223,5.5503
4.9223,4.6876
4.9223,5.5237
4.9223,5.4333
4.9223,5.1508
4.9223,4.6145
4.9223,5.481
3.9447,4.3387
3.9447,3.777
3.9447,4.3405
3.9447,4.9223
3.9447,4.6876
3.9447,3.7594
3.9447,4.6145
3.9447,3.402
3.9447,4.3118
3.9447,3.9255
6.1386,5.5237
6.1386,5.3291
6.1386,5.7725
-2.6301,-2.7513
-2.6301,-1.9146
-2.6301,-1.9485
-2.6301,-2.2265
-2.6301,-3.213
-2.6301,-3.1218
-2.6301,-3.1886
-2.6301,-2.0201
-2.6301,-3.0759
3.8501,3.9268
3.8501,4.4678
3.8501,4.3159
3.8501,4.4497
3.8501,4.0813
-5.7891,-5.2526
-5.7891,-5.1985
-5.7891,-5.0161
-5.7891,-5.7459
5.3336,4.961
5.3336,4.6629
5.3336,5.0154
5.5503,5.4259
5.5503,5.5978
5.5503,4.701
5.5503,5.9734
5.5503,4.9223
5.5503,4.6876
5.5503,5.5237
5.5503,5.4333
5.5503,5.1508
5.5503,6.3018
-3.9578,-3.568
-3.9578,-3.4913
-3.9578,-4.902
-3.9578,-2.9835
-3.9578,-3.7081
-3.9578,-4.2612
-3.9578,-4.5041
-3.9578,-4.7815
-3.9578,-4.2061
-3.9578,-4.0153
-3.9578,-4.8294
-3.9578,-4.8269
-3.9578,-3.9979
-3.9578,-3.3113
4.3159,4.5348
4.3159,4.4678
4.3159,3.8501
4.3159,4.4497
4.3159,3.5939
4.3159,3.6853
4.3159,4.792
4.3159,4.8878
4.3159,4.3892
4.3159,4.5868
-2.012,-2.5911
-2.012,-1.956
-2.012,-1.2507
-2.012,-2.0201
-2.012,-2.6685
-4.902,-4.9605
-4.902,-5.0966
-4.902,-4.9878
-4.902,-3.9578
-4.902,-5.5606
-4.902,-4.5003
-4.902,-4.2612
-4.902,-4.7815
-4.902,-4.2061
-4.902,-4.0153
-4.902,-4.8294
-4.902,-4.8269
-4.902,-3.9979
-4.902,-5.0456
-4.902,-4.9742
-8.3811,-9.1209
-8.3811,-8.6148
-8.3811,-8.5254
4.4497,4.6599
4.4497,4.5348
4.4497,4.4678
4.4497,3.8501
4.4497,4.3159
4.4497,4.8395
4.4497,4.8188
4.4497,4.0813
4.4497,4.8878
4.4497,4.8819
4.4497,5.3745
4.4497,4.3892
4.4497,4.5868
4.4497,5.1745
-5.4566,-5.1985
-5.4566,-4.5233
-5.4566,-4.7252
-5.4566,-5.7459
-1.956,-2.7513
-1.956,-1.9146
-1.956,-2.012
-1.956,-1.2507
-1.956,-2.0201
-1.956,-2.6685
-8.6148,-9.1209
-8.6148,-8.3811
-8.6148,-9.5307
-8.6148,-8.5254
-8.6148,-8.4385
-1.9485,-2.6301
-1.9485,-2.2265
-1.9485,-2.3942
-1.9485,-1.395
5.1885,4.5348
5.1885,4.4678
5.1885,5.1508
5.1885,4.792
5.1885,5.362
5.1885,5.0185
5.1885,6.0188
5.1885,4.3892
5.1885,5.6197
5.1885,5.481
5.1885,4.5868
4.1276,4.961
4.1276,4.7941
4.1276,5.0263
4.1276,4.6481
5.786,4.8395
5.786,4.8188
5.786,5.0154
5.786,4.8819
5.786,5.3745
4.8395,3.9268
4.8395,4.6599
4.8395,4.4497
4.8395,5.786
4.8395,4.8188
4.8395,5.0154
4.8395,4.0813
4.8395,4.8878
4.8395,4.8819
4.8395,5.3745
4.6876,5.5978
4.6876,3.777
4.6876,4.3405
4.6876,4.701
4.6876,4.9223
4.6876,3.9447
4.6876,5.5503
4.6876,5.5237
4.6876,5.4333
4.6876,5.1508
4.6876,4.6145
4.6876,4.5939
4.6876,3.9255
4.6876,4.8989
6.6975,7.1394
6.6975,5.8939
6.6975,5.7746
-3.3097,-3.2945
-3.3097,-4.2679
-3.3097,-3.7081
-3.3097,-4.2612
-3.3097,-4.0834
-3.3097,-3.6668
-3.3097,-4.0153
-3.3097,-3.0989
-3.3097,-3.1495
-4.2679,-4.6441
-4.2679,-3.3097
-4.2679,-4.5003
-4.2679,-4.2612
-4.2679,-4.0834
-4.2679,-4.7815
-4.2679,-3.6668
-4.2679,-4.559
-4.2679,-4.0153
-4.2679,-4.2233
-4.2679,-4.8294
-4.2679,-5.0924
-4.2679,-3.9979
-4.2679,-4.9742
-4.2679,-4.3785
-2.9835,-3.568
-2.9835,-3.4913
-2.9835,-3.2945
-2.9835,-3.9578
-2.9835,-3.7081
-2.9835,-3.1495
-2.9835,-3.3113
-2.2265,-2.7513
-2.2265,-1.9146
-2.2265,-2.6301
-2.2265,-1.9485
-2.2265,-2.3942
-2.2265,-1.395
-2.2265,-3.1218
-2.2265,-3.1886
-2.2265,-2.0201
3.5939,4.5348
3.5939,4.4678
3.5939,4.3159
3.5939,3.6853
3.5939,4.3892
3.5939,4.5868
-3.7081,-3.4913
-3.7081,-3.2945
-3.7081,-3.9578
-3.7081,-3.3097
-3.7081,-2.9835
-3.7081,-4.2612
-3.7081,-4.0834
-3.7081,-4.2061
-3.7081,-4.0153
-3.7081,-3.0989
-3.7081,-3.9979
-3.7081,-3.1495
-5.5606,-4.9605
-5.5606,-5.0966
-5.5606,-6.104
-5.5606,-4.902
-5.5606,-4.8294
-5.5606,-5.0924
-5.5606,-5.0456
-5.5606,-4.9742
-5.5606,-5.9118
-5.5606,-5.3305
-2.9495,-2.0621
-2.9495,-2.1237
-2.9495,-2.9571
-2.9495,-2.435
6.1264,5.5237
6.1264,5.2004
6.1264,5.7725
6.1264,6.1615
6.1264,5.9811
6.1264,6.8649
-4.5003,-4.9605
-4.5003,-5.0966
-4.5003,-4.6441
-4.5003,-4.902
-4.5003,-4.2679
-4.5003,-4.2612
-4.5003,-4.0834
-4.5003,-4.7815
-4.5003,-3.6668
-4.5003,-4.559
-4.5003,-4.0153
-4.5003,-4.2233
-4.5003,-4.8294
-4.5003,-5.0924
-4.5003,-4.8269
-4.5003,-4.9742
-4.5003,-5.3305
-4.5003,-4.3785
-4.2612,-4.9605
-4.2612,-5.0966
-4.2612,-3.2945
-4.2612,-3.9578
-4.2612,-4.902
-4.2612,-3.3097
-4.2612,-4.2679
-4.2612,-3.7081
-4.2612,-4.5003
-4.2612,-4.0834
-4.2612,-4.7815
-4.2612,-4.0153
-4.2612,-4.8294
-4.2612,-4.8269
-4.2612,-3.9979
-4.2612,-4.9742
-3.5337,-3.1322
-3.5337,-2.9571
2.7923,3.777
2.7923,3.7594
-0.53431,-1.0092
-0.53431,-1.0938
3.7594,3.2643
3.7594,3.777
3.7594,4.3405
3.7594,4.701
3.7594,3.9447
3.7594,2.7923
3.7594,4.5939
3.7594,3.9255
-2.6601,-3.568
-2.6601,-3.4913
-2.6601,-1.9044
-2.6601,-2.9647
-2.6601,-3.3113
5.5237,5.4259
5.5237,5.5978
5.5237,4.701
5.5237,5.9734
5.5237,5.9131
5.5237,4.9223
5.5237,5.5503
5.5237,4.6876
5.5237,5.4333
5.5237,6.3018
5.5237,4.8989
4.1852,3.9268
4.1852,4.6629
4.1852,4.6599
4.1852,4.8188
4.0762,4.6481
4.0762,5.0443
-4.5041,-3.568
-4.5041,-4.9878
-4.5041,-3.9578
-4.5041,-4.2061
-4.5041,-4.8269
-4.0834,-3.2945
-4.0834,-3.3097
-4.0834,-4.2679
-4.0834,-3.7081
-4.0834,-4.5003
-4.0834,-4.2612
-4.0834,-3.6668
-4.0834,-4.0153
-4.0834,-4.2233
-4.0834,-3.0989
-4.0834,-3.9979
-4.0834,-4.9742
-4.0834,-4.3785
-9.5307,-9.1209
-9.5307,-8.6148
-8.5254,-9.1209
-8.5254,-8.3811
-8.5254,-8.6148
-8.5254,-8.4385
5.7725,5.5237
5.7725,5.2004
5.7725,6.1386
5.7725,6.1264
5.7725,6.1615
5.7725,5.0443
5.7725,4.8789
6.1615,7.1394
6.1615,5.8939
6.1615,5.2004
6.1615,5.4052
6.1615,6.1264
6.1615,5.7725
6.1615,5.9811
-1.9044,-2.3719
-1.9044,-1.7386
-1.9044,-2.6601
-1.9044,-1.9728
-2.1237,-1.79
-2.1237,-2.515
-2.1237,-1.8925
-2.1237,-2.0621
-2.1237,-2.9495
-2.1237,-1.9696
-2.1237,-2.9571
-2.1237,-2.435
-2.1237,-2.0096
-2.1237,-1.853
-2.1237,-1.2976
5.4333,5.5978
5.4333,5.9734
5.4333,4.9223
5.4333,5.5503
5.4333,4.6876
5.4333,5.5237
5.4333,5.1508
5.4333,4.6145
5.4333,6.3018
5.4333,5.0185
5.4333,5.481
-4.7252,-4.0514
-4.7252,-5.1985
-4.7252,-4.5233
-4.7252,-5.4566
-4.7252,-4.671
5.1508,4.3387
5.1508,4.3405
5.1508,5.9734
5.1508,4.9223
5.1508,5.5503
5.1508,5.1885
5.1508,4.6876
5.1508,5.4333
5.1508,4.792
5.1508,4.6145
5.1508,5.0185
5.1508,4.3118
5.1508,5.481
-1.9696,-2.515
-1.9696,-1.8925
-1.9696,-2.0621
-1.9696,-2.1237
-1.9696,-2.0096
-1.9696,-1.853
-1.9696,-1.2976
-1.9696,-1.4001
-1.9696,-1.1113
-1.9696,-1.9728
-4.4163,-5.2526
-4.4163,-4.3234
-4.4163,-3.8448
-4.4163,-4.3597
-4.7815,-4.9605
-4.7815,-5.0966
-4.7815,-4.9878
-4.7815,-3.9578
-4.7815,-4.902
-4.7815,-4.2679
-4.7815,-4.5003
-4.7815,-4.2612
-4.7815,-4.2061
-4.7815,-4.0153
-4.7815,-4.8294
-4.7815,-4.8269
-4.7815,-3.9979
-4.7815,-5.0456
-4.7815,-4.9742
-3.6668,-3.2945
-3.6668,-3.3097
-3.6668,-4.2679
-3.6668,-4.5003
-3.6668,-4.0834
-3.6668,-4.559
-3.6668,-4.2233
-3.6668,-3.0989
-3.6668,-4.3785
3.6853,4.3387
3.6853,4.3159
3.6853,3.5939
3.6853,4.3118
3.6853,4.3892
4.6481,5.2004
4.6481,5.4052
4.6481,5.0263
4.6481,4.1276
4.6481,4.0762
4.6481,5.0443
-5.8995,-4.9605
-5.8995,-5.0966
-5.8995,-4.9878
-5.8995,-5.0456
-5.8995,-5.9118
4.792,4.3387
4.792,4.5348
4.792,4.4678
4.792,4.3159
4.792,5.1885
4.792,5.1508
4.792,5.362
4.792,5.0185
4.792,4.3118
4.792,4.3892
4.792,5.481
4.792,4.5868
-2.9571,-2.515
-2.9571,-2.3719
-2.9571,-2.0621
-2.9571,-3.1322
-2.9571,-2.9495
-2.9571,-3.5337
-2.9571,-2.1237
-2.9571,-2.0096
-4.671,-4.0321
-4.671,-4.0514
-4.671,-5.1985
-4.671,-4.5233
-4.671,-4.3234
-4.671,-3.7856
-4.671,-4.7252
-4.671,-5.0161
-4.671,-4.3597
4.8188,3.9268
4.8188,4.6629
4.8188,4.6599
4.8188,4.4497
4.8188,5.786
4.8188,4.8395
4.8188,4.1852
4.8188,5.0154
4.8188,4.0813
4.8188,4.8878
4.8188,4.8819
4.6145,4.3387
4.6145,4.3405
4.6145,4.701
4.6145,4.9223
4.6145,3.9447
4.6145,4.6876
4.6145,5.4333
4.6145,5.1508
4.6145,5.0185
4.6145,4.3118
4.6145,5.481
-2.435,-1.79
-2.435,-2.0621
-2.435,-2.9495
-2.435,-2.1237
-4.559,-4.6441
-4.559,-4.2679
-4.559,-4.5003
-4.559,-3.6668
-4.559,-4.2233
-4.559,-5.0924
-4.559,-4.9742
-4.559,-4.3785
-2.0096,-2.515
-2.0096,-1.8925
-2.0096,-2.3719
-2.0096,-2.0621
-2.0096,-2.1237
-2.0096,-1.9696
-2.0096,-2.9571
-2.0096,-1.853
-2.0096,-1.4001
-2.0096,-1.1113
-2.0096,-1.9728
-9.7337,-9.1209
4.1805,3.2643
4.1805,5.1068
4.1805,4.5939
4.1805,4.8989
6.3018,5.5978
6.3018,5.9734
6.3018,5.5503
6.3018,5.5237
6.3018,5.4333
-0.21844,-1.0714
-0.21844,-0.15275
-0.21844,-0.90596
-0.21844,-1.1113
5.0154,4.6599
5.0154,5.3336
5.0154,5.786
5.0154,4.8395
5.0154,4.8188
5.0154,4.8878
5.0154,4.8819
-1.2507,-1.9146
-1.2507,-2.012
-1.2507,-1.956
-3.7441,-3.568
-3.7441,-3.4913
-3.7441,-3.1322
-3.7441,-2.9647
-3.7441,-3.3113
-4.2061,-3.568
-4.2061,-3.4913
-4.2061,-4.9878
-4.2061,-3.9578
-4.2061,-4.902
-4.2061,-3.7081
-4.2061,-4.5041
-4.2061,-4.7815
-4.2061,-4.0153
-4.2061,-4.8294
-4.2061,-4.8269
-4.2061,-3.9979
-4.2061,-5.0456
-4.2061,-3.3113
-1.853,-2.515
-1.853,-1.8925
-1.853,-1.0714
-1.853,-2.0621
-1.853,-2.1237
-1.853,-1.9696
-1.853,-2.0096
-1.853,-1.2976
-1.853,-1.4001
-1.853,-0.90596
-1.853,-1.1113
-1.853,-1.9728
5.7746,5.8939
5.7746,4.961
5.7746,5.4052
5.7746,5.0263
5.7746,6.6975
5.362,6.1561
5.362,4.5348
5.362,4.4678
5.362,5.1885
5.362,4.792
5.362,5.0185
5.362,6.0188
5.362,5.6197
5.362,4.5868
-4.0153,-4.9605
-4.0153,-3.2945
-4.0153,-3.9578
-4.0153,-4.902
-4.0153,-3.3097
-4.0153,-4.2679
-4.0153,-3.7081
-4.0153,-4.5003
-4.0153,-4.2612
-4.0153,-4.0834
-4.0153,-4.7815
-4.0153,-4.2061
-4.0153,-4.8294
-4.0153,-3.0989
-4.0153,-4.8269
-4.0153,-3.9979
-4.0153,-3.1495
-4.2233,-4.6441
-4.2233,-4.2679
-4.2233,-4.5003
-4.2233,-4.0834
-4.2233,-3.6668
-4.2233,-4.559
-4.2233,-4.3785
4.0813,3.9268
4.0813,4.6599
4.0813,3.8501
4.0813,4.4497
4.0813,4.8395
4.0813,4.8188
4.0813,4.8878
4.0813,4.8819
-4.8294,-4.9605
-4.8294,-5.0966
-4.8294,-4.9878
-4.8294,-3.9578
-4.8294,-4.902
-4.8294,-4.2679
-4.8294,-5.5606
-4.8294,-4.5003
-4.8294,-4.2612
-4.8294,-4.7815
-4.8294,-4.2061
-4.8294,-4.0153
-4.8294,-4.8269
-4.8294,-3.9979
-4.8294,-5.0456
-4.8294,-4.9742
5.0185,4.3387
5.0185,5.1885
5.0185,5.4333
5.0185,5.1508
5.0185,4.792
5.0185,4.6145
5.0185,5.362
5.0185,4.3118
5.0185,6.0188
5.0185,5.481
3.402,3.9447
-2.3942,-1.9485
-2.3942,-2.2265
-2.3942,-3.1218
-2.3942,-3.1886
-3.213,-3.3712
-3.213,-4.0321
-3.213,-2.7513
-3.213,-3.6462
-3.213,-3.7856
-3.213,-2.6301
-3.213,-3.1218
-3.213,-3.1886
-3.213,-2.6685
-3.213,-3.0759
4.8878,4.6599
4.8878,4.5348
4.8878,4.4678
4.8878,4.3159
4.8878,4.4497
4.8878,4.8395
4.8878,4.8188
4.8878,5.0154
4.8878,4.0813
4.8878,4.8819
4.8878,5.3745
4.8878,4.3892
4.8878,5.6197
4.8878,4.5868
4.8878,5.1745
5.1068,5.4259
5.1068,4.1805
5.1068,4.5939
5.1068,4.8989
-3.0989,-3.2945
-3.0989,-3.3097
-3.0989,-3.7081
-3.0989,-4.0834
-3.0989,-3.6668
-3.0989,-4.0153
-3.0989,-3.1495
-3.5344,-3.1886
-5.0924,-4.6441
-5.0924,-4.2679
-5.0924,-5.5606
-5.0924,-4.5003
-5.0924,-4.559
-5.0924,-4.9742
-5.0924,-5.3305
-5.0924,-4.3785
-1.395,-1.9146
-1.395,-1.9485
-1.395,-2.2265
-1.395,-2.0201
-4.8269,-4.9605
-4.8269,-5.0966
-4.8269,-4.9878
-4.8269,-3.9578
-4.8269,-4.902
-4.8269,-4.5003
-4.8269,-4.2612
-4.8269,-4.5041
-4.8269,-4.7815
-4.8269,-4.2061
-4.8269,-4.0153
-4.8269,-4.8294
-4.8269,-3.9979
-4.8269,-5.0456
-4.8269,-4.9742
-3.9979,-4.9605
-3.9979,-4.9878
-3.9979,-3.2945
-3.9979,-3.9578
-3.9979,-4.902
-3.9979,-4.2679
-3.9979,-3.7081
-3.9979,-4.2612
-3.9979,-4.0834
-3.9979,-4.7815
-3.9979,-4.2061
-3.9979,-4.0153
-3.9979,-4.8294
-3.9979,-4.8269
-3.9979,-3.1495
-3.1218,-4.0321
-3.1218,-2.7513
-3.1218,-4.0514
-3.1218,-3.7856
-3.1218,-2.6301
-3.1218,-2.2265
-3.1218,-2.3942
-3.1218,-3.213
-3.1218,-3.1886
4.5939,5.4259
4.5939,4.701
4.5939,4.6876
4.5939,3.7594
4.5939,4.1805
4.5939,5.1068
4.5939,3.9255
4.5939,4.8989
5.0443,5.2004
5.0443,5.4052
5.0443,4.0762
5.0443,5.7725
5.0443,4.6481
5.0443,4.8789
4.3118,4.3387
4.3118,4.3405
4.3118,3.9447
4.3118,5.1508
4.3118,3.6853
4.3118,4.792
4.3118,4.6145
4.3118,5.0185
-3.1495,-3.2945
-3.1495,-3.3097
-3.1495,-2.9835
-3.1495,-3.7081
-3.1495,-4.0153
-3.1495,-3.0989
-3.1495,-3.9979
5.9811,5.8939
5.9811,5.2004
5.9811,5.4052
5.9811,6.1264
5.9811,6.1615
6.0188,5.9734
6.0188,6.1561
6.0188,5.1885
6.0188,5.362
6.0188,5.0185
6.0188,5.481
4.8819,3.9268
4.8819,4.6599
4.8819,4.4497
4.8819,5.786
4.8819,4.8395
4.8819,4.8188
4.8819,5.0154
4.8819,4.0813
4.8819,4.8878
4.8789,5.5237
4.8789,5.7725
4.8789,5.0443
-2.9647,-3.1322
-2.9647,-2.6601
-2.9647,-3.7441
-5.0456,-4.9605
-5.0456,-5.0966
-5.0456,-4.9878
-5.0456,-4.902
-5.0456,-5.5606
-5.0456,-4.7815
-5.0456,-5.8995
-5.0456,-4.2061
-5.0456,-4.8294
-5.0456,-4.8269
-5.0456,-4.9742
-5.0456,-5.9118
3.9255,3.2643
3.9255,3.777
3.9255,4.3405
3.9255,4.701
3.9255,3.9447
3.9255,4.6876
3.9255,3.7594
3.9255,4.5939
-3.1886,-4.0321
-3.1886,-4.0514
-3.1886,-3.7856
-3.1886,-2.6301
-3.1886,-2.2265
-3.1886,-2.3942
-3.1886,-3.213
-3.1886,-3.5344
-3.1886,-3.1218
5.3745,4.4497
5.3745,5.786
5.3745,4.8395
5.3745,4.8878
5.3745,5.6197
5.3745,5.1745
-3.3752,-3.3712
-3.3752,-2.5911
-3.3752,-3.8448
-3.3752,-2.6685
-3.3752,-3.0759
-5.0161,-5.2526
-5.0161,-5.1985
-5.0161,-4.3234
-5.0161,-5.7891
-5.0161,-4.671
-5.0161,-4.3597
4.8989,5.4259
4.8989,5.5978
4.8989,4.701
4.8989,4.6876
4.8989,5.5237
4.8989,4.1805
4.8989,5.1068
4.8989,4.5939
6.8649,6.1264
-8.4385,-8.6148
-8.4385,-8.5254
4.3892,4.5348
4.3892,4.4678
4.3892,4.3159
4.3892,4.4497
4.3892,5.1885
4.3892,3.5939
4.3892,3.6853
4.3892,4.792
4.3892,4.8878
4.3892,4.5868
-4.3597,-3.3712
-4.3597,-4.0321
-4.3597,-3.6462
-4.3597,-5.2526
-4.3597,-4.3234
-4.3597,-3.8448
-4.3597,-4.4163
-4.3597,-4.671
-4.3597,-5.0161
-4.9742,-4.9605
-4.9742,-5.0966
-4.9742,-4.6441
-4.9742,-4.902
-4.9742,-4.2679
-4.9742,-5.5606
-4.9742,-4.5003
-4.9742,-4.2612
-4.9742,-4.0834
-4.9742,-4.7815
-4.9742,-4.559
-4.9742,-4.8294
-4.9742,-5.0924
-4.9742,-4.8269
-4.9742,-5.0456
-4.9742,-5.3305
-5.9118,-4.9605
-5.9118,-5.0966
-5.9118,-6.104
-5.9118,-5.5606
-5.9118,-5.8995
-5.9118,-5.0456
-5.9118,-5.3305
-5.3305,-4.9605
-5.3305,-5.0966
-5.3305,-4.6441
-5.3305,-6.104
-5.3305,-5.5606
-5.3305,-4.5003
-5.3305,-5.0924
-5.3305,-4.9742
-5.3305,-5.9118
-2.0201,-2.7513
-2.0201,-1.9146
-2.0201,-2.6301
-2.0201,-2.012
-2.0201,-1.956
-2.0201,-2.2265
-2.0201,-1.395
-2.0201,-2.6685
5.6197,5.1885
5.6197,5.362
5.6197,4.8878
5.6197,5.3745
5.6197,5.1745
-2.6685,-3.3712
-2.6685,-2.7513
-2.6685,-1.9146
-2.6685,-2.5911
-2.6685,-2.012
-2.6685,-1.956
-2.6685,-3.213
-2.6685,-3.3752
-2.6685,-2.0201
-2.6685,-3.0759
-3.3113,-3.568
-3.3113,-3.4913
-3.3113,-3.9578
-3.3113,-2.9835
-3.3113,-2.6601
-3.3113,-3.7441
-3.3113,-4.2061
-1.2976,-1.79
-1.2976,-1.8925
-1.2976,-2.0621
-1.2976,-1.0092
-1.2976,-2.1237
-1.2976,-1.9696
-1.2976,-1.853
-1.2976,-0.90596
-1.2976,-1.1113
-1.2976,-1.0938
5.481,5.9734
5.481,6.1561
5.481,4.9223
5.481,5.1885
5.481,5.4333
5.481,5.1508
5.481,4.792
5.481,4.6145
5.481,5.0185
5.481,6.0188
-1.4001,-1.8925
-1.4001,-2.3719
-1.4001,-1.0714
-1.4001,-1.9696
-1.4001,-2.0096
-1.4001,-1.853
-1.4001,-1.1113
-1.4001,-1.9728
-0.90596,-1.8925
-0.90596,-1.0714
-0.90596,-0.15275
-0.90596,-1.0092
-0.90596,-0.21844
-0.90596,-1.853
-0.90596,-1.2976
-0.90596,-1.1113
-3.0759,-3.3712
-3.0759,-2.7513
-3.0759,-3.6462
-3.0759,-3.8448
-3.0759,-2.6301
-3.0759,-3.213
-3.0759,-3.3752
-3.0759,-2.6685
-5.7459,-5.1985
-5.7459,-5.7891
-5.7459,-5.4566
-4.3785,-4.6441
-4.3785,-4.2679
-4.3785,-4.5003
-4.3785,-4.0834
-4.3785,-3.6668
-4.3785,-4.559
-4.3785,-4.2233
-4.3785,-5.0924
4.5868,4.5348
4.5868,4.4678
4.5868,4.3159
4.5868,4.4497
4.5868,5.1885
4.5868,3.5939
4.5868,4.792
4.5868,5.362
4.5868,4.8878
4.5868,4.3892
4.5868,5.1745
-1.1113,-1.8925
-1.1113,-1.0714
-1.1113,-1.0092
-1.1113,-1.9696
-1.1113,-2.0096
-1.1113,-0.21844
-1.1113,-1.853
-1.1113,-1.2976
-1.1113,-1.4001
-1.1113,-0.90596
-1.9728,-2.515
-1.9728,-2.3719
-1.9728,-1.0714
-1.9728,-1.7386
-1.9728,-1.9044
-1.9728,-1.9696
-1.9728,-2.0096
-1.9728,-1.853
-1.9728,-1.4001
5.1745,4.5348
5.1745,4.4678
5.1745,4.4497
5.1745,4.8878
5.1745,5.3745
5.1745,5.6197
5.1745,4.5868
-1.0938,-1.79
-1.0938,-0.53431
-1.0938,-1.2976
-9.5307,-10
9.8105,10
