4.314,3.4788
4.314,4.4386
4.314,5.0322
4.314,4.3692
4.314,3.9684
4.314,4.9486
4.314,4.5644
4.314,5.1294
4.314,4.786
4.314,4.6642
4.314,4.7095
4.314,4.1965
4.314,4.0586
4.314,4.4073
4.314,3.8132
-1.689,-2.6099
-1.689,-1.9243
-1.689,-2.3516
-1.689,-1.9296
-1.689,-1.6598
-1.689,-0.9343
-1.689,-1.5721
-2.8963,-3.453
-2.8963,-3.0737
-2.8963,-2.4482
3.3608,3.5738
3.3608,2.7435
3.3608,4.3248
3.3608,3.7148
5.6569,4.754
5.6569,4.891
5.6569,4.85
5.6569,5.3564
5.6569,5.4853
5.6569,6.1255
5.6569,5.9136
5.6569,5.0682
5.6569,5.2585
5.6569,5.1595
5.6569,6.0331
4.754,5.6569
4.754,4.891
4.754,4.2713
4.754,4.85
4.754,5.3564
4.754,4.3692
4.754,4.5644
4.754,4.0958
4.754,4.0125
4.754,4.5151
4.754,5.4853
4.754,5.0682
4.754,5.2585
4.754,5.1595
4.754,4.6223
4.754,5.2297
-3.453,-2.8963
-3.453,-3.6931
-3.453,-4.224
6.6935,5.947
6.6935,6.3196
6.6935,6.2477
6.6935,7.0754
6.6935,5.9064
6.6935,6.9261
4.891,5.6569
4.891,4.754
4.891,4.2713
4.891,5.3564
4.891,5.6724
4.891,4.3692
4.891,4.9486
4.891,4.5644
4.891,4.0958
4.891,4.5151
4.891,4.786
4.891,5.4853
4.891,4.6642
4.891,4.1965
4.891,5.0682
4.891,5.1595
4.891,4.4073
4.891,5.2297
5.947,6.6935
5.947,5.3251
5.947,6.59
5.947,5.5449
5.947,6.3196
5.947,6.2477
-4.6094,-4.9527
-4.6094,-4.224
-3.5311,-2.6099
-3.5311,-3.0737
-3.5311,-3.5752
-3.5311,-3.6931
-3.5311,-2.7294
-3.5311,-3.6192
-1.009,-0.93171
-1.009,-1.1762
-1.009,-1.5134
-1.009,-0.5165
-1.009,-1.9738
-1.009,-0.15249
-1.009,-1.7441
-1.009,-1.326
-1.009,-1.2217
-2.5448,-1.7657
-2.5448,-2.889
-2.5448,-1.8837
-2.5448,-2.1074
-2.5448,-2.3932
-2.5448,-1.8736
5.3251,5.947
5.3251,5.5449
5.3251,4.8219
5.3251,5.0152
5.3251,4.59
5.3251,5.4235
5.3251,5.7785
4.2713,4.754
4.2713,4.891
4.2713,4.85
4.2713,4.3692
4.2713,4.0958
4.2713,4.0125
4.2713,4.5151
4.2713,3.8327
4.2713,5.0682
4.2713,3.634
4.2713,4.6223
-0.93171,-1.009
-0.93171,-1.1762
-0.93171,-1.5134
-0.93171,-0.15249
-0.93171,-1.7441
-0.93171,-1.326
-0.93171,-1.5883
-0.93171,-0.36404
-0.93171,-0.64143
-0.93171,-1.2217
4.85,5.6569
4.85,4.754
4.85,4.2713
4.85,5.3564
4.85,4.0125
4.85,4.5151
4.85,5.0682
4.85,5.2585
4.85,4.6223
-2.7047,-2.2447
-2.7047,-2.889
-2.7047,-1.9738
-2.7047,-2.3932
-2.7047,-2.741
-2.7047,-1.7441
-2.7047,-2.2999
-2.7047,-3.0645
-2.7047,-2.0757
-4.8452,-4.4625
-4.8452,-5.2962
-4.8452,-4.963
-4.8452,-4.1356
-4.8452,-5.4845
-4.8452,-5.2364
-2.6099,-1.689
-2.6099,-3.5311
-2.6099,-3.5752
-2.6099,-1.9243
-2.6099,-2.8589
-2.6099,-2.3516
-2.6099,-1.9296
-2.6099,-2.7294
-6.646,-5.8053
-6.646,-6.341
-6.646,-6.0946
-6.646,-6.8336
-6.646,-6.9299
-6.646,-7.493
-6.646,-6.5467
-6.646,-7.4634
-6.646,-6.566
-5.8053,-6.646
-5.8053,-6.341
-5.8053,-5.8886
-5.8053,-6.0946
-5.8053,-5.6834
-5.8053,-5.2136
-5.8053,-5.8612
-5.8053,-5.5914
-5.8053,-5.5115
-5.8053,-6.5467
-5.8053,-4.8908
4.668,3.9648
4.668,4.588
4.668,4.164
4.668,4.6429
-0.80505,-1.4269
-0.80505,-0.75715
-0.80505,-1.1452
-3.0737,-2.8963
-3.0737,-3.5311
-3.0737,-3.6931
-3.0737,-2.4482
-3.0737,-2.7294
3.9648,4.668
3.9648,3.5738
3.9648,3.5373
3.9648,3.3843
3.9648,4.164
-8.6643,-9.3916
-8.6643,-8.1656
-8.6643,-9.1607
5.3564,5.6569
5.3564,4.754
5.3564,4.891
5.3564,4.85
5.3564,5.9136
5.3564,5.0682
5.3564,5.2585
5.3564,5.1595
5.3564,4.6223
5.3564,6.0331
-5.9463,-6.3457
-5.9463,-5.8886
-5.9463,-5.6834
-5.9463,-6.1125
-5.9463,-5.8612
-5.9463,-5.2962
-5.9463,-6.6268
-5.9463,-4.963
-5.9463,-5.5914
-5.9463,-5.4845
-5.9463,-6.566
4.3052,4.8219
4.3052,5.0152
4.3052,4.59
4.3052,3.7148
0.1501,-0.36404
0.1501,-0.75715
-1.7657,-2.5448
-1.7657,-1.5134
-1.7657,-1.8837
-1.7657,-2.1074
-1.7657,-1.4269
-1.7657,-1.5883
-1.7657,-1.1452
-1.7657,-1.8736
6.6711,7.5783
5.6724,4.891
5.6724,4.9486
5.6724,5.1294
5.6724,4.786
5.6724,5.4853
5.6724,6.1255
5.6724,6.0908
5.6724,5.1595
5.6724,5.2297
5.6724,5.3949
3.5738,3.3608
3.5738,3.9648
3.5738,2.7891
3.5738,3.5373
3.5738,2.7435
3.5738,4.3248
5.6176,5.2585
5.6176,6.0331
3.7129,3.8053
3.7129,4.5024
3.7129,4.1501
3.7129,3.3742
3.7129,3.4657
3.7129,3.0182
-6.3457,-5.9463
-6.3457,-5.8886
-6.3457,-7.2025
-6.3457,-6.1125
-6.3457,-6.6268
-6.3457,-5.4845
-6.3457,-7.1092
-6.3457,-6.4992
-6.3457,-6.566
3.4788,4.314
3.4788,3.9684
3.4788,3.3742
3.4788,3.5888
3.4788,4.1965
3.4788,3.1976
3.4788,4.0586
3.4788,3.8132
-2.2447,-2.7047
-2.2447,-1.5134
-2.2447,-2.889
-2.2447,-1.8837
-2.2447,-1.9738
-2.2447,-2.1074
-2.2447,-2.3932
-2.2447,-1.7441
-2.2447,-2.2999
-2.2447,-1.326
-2.2447,-3.0645
-2.2447,-2.0757
6.1824,6.59
6.1824,5.4235
6.1824,5.3348
6.1824,5.7785
-1.1762,-1.009
-1.1762,-0.93171
-1.1762,-1.5134
-1.1762,-1.8837
-1.1762,-2.1074
-1.1762,-1.7441
-1.1762,-1.326
-1.1762,-1.5883
-1.1762,-0.36404
-1.1762,-0.75715
-1.1762,-1.1452
-1.1762,-0.64143
6.59,5.947
6.59,6.1824
6.59,6.3196
6.59,7.0754
6.59,5.7785
-5.1312,-4.7638
-5.1312,-5.5115
-5.1312,-5.9894
-4.9527,-4.6094
-4.9527,-5.0147
-4.9527,-4.224
-3.5752,-3.5311
-3.5752,-2.6099
-3.5752,-2.8589
-3.5752,-2.7294
-3.5752,-3.6192
-1.5134,-1.009
-1.5134,-0.93171
-1.5134,-1.7657
-1.5134,-2.2447
-1.5134,-1.1762
-1.5134,-1.8837
-1.5134,-2.1074
-1.5134,-2.3932
-1.5134,-1.7441
-1.5134,-1.326
-1.5134,-1.5883
-1.5134,-0.75715
-1.5134,-1.1452
-1.5134,-0.64143
-1.5134,-2.0757
4.4386,4.314
4.4386,5.0322
4.4386,3.8053
4.4386,4.5024
4.4386,4.9486
4.4386,5.1294
4.4386,4.6642
4.4386,4.7095
4.4386,4.0586
4.4386,3.8132
-3.6931,-3.453
-3.6931,-3.5311
-3.6931,-3.0737
-3.6931,-4.453
5.0322,4.314
5.0322,4.4386
5.0322,4.5024
5.0322,5.6652
5.0322,5.1294
5.0322,4.7095
5.0322,5.3949
-6.341,-6.646
-6.341,-5.8053
-6.341,-5.8886
-6.341,-6.0946
-6.341,-6.8336
-6.341,-5.8612
-6.341,-6.9299
-6.341,-5.5914
-6.341,-5.5115
-6.341,-6.5467
-6.341,-6.566
-2.889,-2.5448
-2.889,-2.7047
-2.889,-2.2447
-2.889,-2.1074
-2.889,-2.3932
-2.889,-3.0645
-1.8837,-2.5448
-1.8837,-1.7657
-1.8837,-2.2447
-1.8837,-1.1762
-1.8837,-1.5134
-1.8837,-2.1074
-1.8837,-2.3932
-1.8837,-1.7441
-1.8837,-2.2999
-1.8837,-1.326
-1.8837,-1.5883
-1.8837,-2.0757
-0.5165,-1.009
-0.5165,-1.4941
-0.5165,-1.2217
-5.0147,-4.9527
-5.0147,-4.453
4.3692,4.314
4.3692,4.754
4.3692,4.891
4.3692,4.2713
4.3692,3.9684
4.3692,4.9486
4.3692,4.5644
4.3692,4.0958
4.3692,4.5151
4.3692,4.786
4.3692,4.6642
4.3692,3.8327
4.3692,3.5888
4.3692,4.1965
4.3692,5.0682
4.3692,5.1595
4.3692,4.4073
4.3692,5.2297
3.9684,4.314
3.9684,3.4788
3.9684,4.3692
3.9684,4.5644
3.9684,4.0958
3.9684,4.786
3.9684,4.6642
3.9684,3.8327
3.9684,3.5888
3.9684,4.1965
3.9684,3.1976
3.9684,4.0586
3.9684,4.4073
3.9684,3.8132
5.5449,5.947
5.5449,5.3251
5.5449,5.0152
5.5449,6.3196
5.5449,6.2477
5.5449,5.9064
5.5449,4.9506
-1.9243,-1.689
-1.9243,-2.6099
-1.9243,-2.3516
-1.9243,-1.9296
-1.9243,-1.6598
-1.9243,-2.4482
-1.9243,-2.7294
-1.9243,-1.5721
3.8053,3.7129
3.8053,4.4386
3.8053,4.5024
3.8053,3.3742
3.8053,4.0586
-4.4625,-4.8452
-4.4625,-5.2364
2.7891,3.5738
2.7891,3.5373
2.7891,3.3843
2.7891,2.7435
2.7891,2.3425
2.7891,2.9054
7.5783,6.6711
7.5783,8.2785
-5.8886,-5.8053
-5.8886,-5.9463
-5.8886,-6.3457
-5.8886,-6.341
-5.8886,-5.6834
-5.8886,-4.9416
-5.8886,-5.8612
-5.8886,-5.2962
-5.8886,-6.6268
-5.8886,-5.5914
-5.8886,-5.4845
-5.8886,-6.5467
-5.8886,-6.566
4.5024,3.7129
4.5024,4.4386
4.5024,5.0322
4.5024,3.8053
4.5024,4.1501
-2.8589,-2.6099
-2.8589,-3.5752
-2.8589,-2.3516
-2.8589,-2.7294
-2.8589,-3.6192
-6.0946,-6.646
-6.0946,-5.8053
-6.0946,-6.341
-6.0946,-6.8336
-6.0946,-5.2136
-6.0946,-5.5115
-6.0946,-6.5467
-6.0946,-5.9894
-6.8336,-6.646
-6.8336,-6.341
-6.8336,-6.0946
-6.8336,-7.493
-6.8336,-5.9894
-6.8336,-7.4634
4.9486,4.314
4.9486,4.891
4.9486,5.6724
4.9486,4.4386
4.9486,4.3692
4.9486,5.6652
4.9486,4.5644
4.9486,5.1294
4.9486,4.786
4.9486,5.4853
4.9486,4.6642
4.9486,4.7095
4.9486,4.1965
4.9486,5.1595
4.9486,4.4073
4.9486,5.2297
4.9486,5.3949
-7.2025,-6.3457
-7.2025,-6.6268
-7.2025,-7.1092
-7.2025,-6.4992
-2.3516,-1.689
-2.3516,-2.6099
-2.3516,-1.9243
-2.3516,-2.8589
-2.3516,-1.6598
-9.9471,-9.3916
-9.9471,-9.1607
-0.894,-0.67357
-0.894,-1.156
-0.894,-1.5721
5.6652,5.0322
5.6652,4.9486
5.6652,5.1294
5.6652,4.7095
5.6652,5.3949
4.8219,5.3251
4.8219,4.3052
4.8219,5.0152
4.8219,5.4235
4.8219,4.3248
4.8219,5.3348
5.0152,5.3251
5.0152,4.3052
5.0152,5.5449
5.0152,4.8219
5.0152,4.59
5.0152,5.4235
5.0152,5.7785
3.5373,3.9648
3.5373,3.5738
3.5373,2.7891
3.5373,3.3843
3.5373,2.7435
3.5373,2.9054
3.5373,4.164
4.5644,4.314
4.5644,4.754
4.5644,4.891
4.5644,4.3692
4.5644,3.9684
4.5644,4.9486
4.5644,5.1294
4.5644,4.0958
4.5644,4.5151
4.5644,4.786
4.5644,5.4853
4.5644,4.6642
4.5644,3.8327
4.5644,3.5888
4.5644,4.1965
4.5644,5.0682
4.5644,5.1595
4.5644,4.4073
4.5644,5.2297
6.3196,6.6935
6.3196,5.947
6.3196,6.59
6.3196,5.5449
6.3196,7.0754
6.3196,5.7785
3.3843,3.9648
3.3843,2.7891
3.3843,3.5373
3.3843,2.9054
3.3843,4.1501
3.3843,4.164
3.3843,3.4657
-5.6834,-5.8053
-5.6834,-5.9463
-5.6834,-5.8886
-5.6834,-5.2136
-5.6834,-4.9416
-5.6834,-5.8612
-5.6834,-5.2962
-5.6834,-4.963
-5.6834,-5.5914
-5.6834,-5.4845
-5.6834,-6.5467
-5.6834,-6.566
2.7435,3.3608
2.7435,3.5738
2.7435,2.7891
2.7435,3.5373
-1.9296,-1.689
-1.9296,-2.6099
-1.9296,-1.9243
-1.9296,-1.8394
-1.9296,-2.4482
-1.9296,-2.7294
-1.9296,-1.5721
5.1294,4.314
5.1294,5.6724
5.1294,4.4386
5.1294,5.0322
5.1294,4.9486
5.1294,5.6652
5.1294,4.5644
5.1294,4.786
5.1294,5.4853
5.1294,4.6642
5.1294,4.7095
5.1294,4.4073
5.1294,5.2297
5.1294,5.3949
-5.2136,-5.8053
-5.2136,-6.0946
-5.2136,-5.6834
-5.2136,-4.9416
-5.2136,-5.8612
-5.2136,-4.7638
-5.2136,-5.5914
-5.2136,-4.6153
-5.2136,-5.5115
-5.2136,-4.2272
-5.2136,-4.8908
-6.1125,-5.9463
-6.1125,-6.3457
-6.1125,-6.6268
-6.1125,-5.4845
-6.1125,-6.4992
-6.1125,-5.2364
-6.1125,-5.6159
-1.9738,-1.009
-1.9738,-2.7047
-1.9738,-2.2447
-1.9738,-2.0783
-1.9738,-2.741
-1.9738,-1.7441
-1.9738,-2.2999
-1.9738,-1.326
-1.9738,-1.4941
-1.9738,-2.0757
-1.9738,-1.2217
4.59,5.3251
4.59,4.3052
4.59,5.0152
4.59,4.9506
-4.9416,-5.8886
-4.9416,-5.6834
-4.9416,-5.2136
-4.9416,-5.8612
-4.9416,-5.2962
-4.9416,-4.963
-4.9416,-5.5914
-4.9416,-4.6153
-4.9416,-4.8908
-5.8612,-5.8053
-5.8612,-5.9463
-5.8612,-6.341
-5.8612,-5.8886
-5.8612,-5.6834
-5.8612,-5.2136
-5.8612,-4.9416
-5.8612,-5.2962
-5.8612,-6.6268
-5.8612,-5.5914
-5.8612,-6.5467
-5.8612,-6.566
-2.1074,-2.5448
-2.1074,-1.7657
-2.1074,-2.2447
-2.1074,-1.1762
-2.1074,-1.5134
-2.1074,-2.889
-2.1074,-1.8837
-2.1074,-1.4269
-2.1074,-2.3932
-2.1074,-1.5883
-2.1074,-1.8736
4.0958,4.754
4.0958,4.891
4.0958,4.2713
4.0958,4.3692
4.0958,3.9684
4.0958,4.5644
4.0958,4.0125
4.0958,4.5151
4.0958,4.786
4.0958,4.6642
4.0958,3.8327
4.0958,3.5888
4.0958,4.1965
4.0958,3.634
4.0958,4.4073
-0.15249,-1.009
-0.15249,-0.93171
-0.15249,-0.36404
4.0125,4.754
4.0125,4.2713
4.0125,4.85
4.0125,4.0958
4.0125,4.5151
4.0125,3.8327
4.0125,3.634
4.0125,4.6223
-1.4269,-0.80505
-1.4269,-1.7657
-1.4269,-2.1074
-1.4269,-1.5883
-1.4269,-0.75715
-1.4269,-1.1452
-1.4269,-1.8736
4.5151,4.754
4.5151,4.891
4.5151,4.2713
4.5151,4.85
4.5151,4.3692
4.5151,4.5644
4.5151,4.0958
4.5151,4.0125
4.5151,3.8327
4.5151,4.1965
4.5151,5.0682
4.5151,3.634
4.5151,5.1595
4.5151,4.4073
4.5151,5.2297
2.3425,2.7891
2.3425,2.9054
5.4235,5.3251
5.4235,6.1824
5.4235,4.8219
5.4235,5.0152
5.4235,5.3348
5.4235,5.7785
-6.9299,-6.646
-6.9299,-6.341
-6.9299,-6.6268
-6.9299,-7.6403
-6.9299,-7.1092
-6.9299,-6.5467
-6.9299,-7.4634
-6.9299,-6.566
2.9054,2.7891
2.9054,3.5373
2.9054,3.3843
2.9054,2.3425
2.9054,3.4657
2.9054,3.0182
-9.3916,-8.6643
-9.3916,-9.9471
-9.3916,-9.1607
-8.1656,-8.6643
-8.1656,-8.8866
6.2477,6.6935
6.2477,5.947
6.2477,5.5449
6.2477,5.9064
6.2477,6.9261
7.0754,6.6935
7.0754,6.59
7.0754,6.3196
-2.3932,-2.5448
-2.3932,-2.7047
-2.3932,-2.2447
-2.3932,-1.5134
-2.3932,-2.889
-2.3932,-1.8837
-2.3932,-2.1074
-2.3932,-1.5883
-2.3932,-3.0645
-2.3932,-2.0757
-2.0783,-1.9738
-2.0783,-2.741
-2.0783,-2.2999
-2.0783,-1.4941
4.786,4.314
4.786,4.891
4.786,5.6724
4.786,4.3692
4.786,3.9684
4.786,4.9486
4.786,4.5644
4.786,5.1294
4.786,4.0958
4.786,5.4853
4.786,4.6642
4.786,4.7095
4.786,4.1965
4.786,5.1595
4.786,4.4073
4.786,5.2297
4.786,5.3949
-5.2962,-4.8452
-5.2962,-5.9463
-5.2962,-5.8886
-5.2962,-5.6834
-5.2962,-4.9416
-5.2962,-5.8612
-5.2962,-4.963
-5.2962,-5.5914
-5.2962,-4.6153
-5.2962,-5.4845
5.4853,5.6569
5.4853,4.754
5.4853,4.891
5.4853,5.6724
5.4853,4.9486
5.4853,4.5644
5.4853,5.1294
5.4853,4.786
5.4853,6.1255
5.4853,5.9136
5.4853,5.0682
5.4853,6.0908
5.4853,5.1595
5.4853,5.2297
-2.741,-2.7047
-2.741,-1.9738
-2.741,-2.0783
-2.741,-2.2999
-4.453,-3.6931
-4.453,-5.0147
-4.453,-4.5849
-6.6268,-5.9463
-6.6268,-6.3457
-6.6268,-5.8886
-6.6268,-7.2025
-6.6268,-6.1125
-6.6268,-5.8612
-6.6268,-6.9299
-6.6268,-7.1092
-6.6268,-6.5467
-6.6268,-6.566
4.1501,3.7129
4.1501,4.5024
4.1501,3.3843
4.1501,4.164
4.1501,4.6429
4.1501,3.4657
3.3742,3.7129
3.3742,3.4788
3.3742,3.8053
3.3742,4.0586
3.3742,3.8132
4.3248,3.3608
4.3248,3.5738
4.3248,4.8219
4.3248,3.7148
4.3248,4.588
-7.6403,-6.9299
-7.6403,-7.493
-7.6403,-7.1092
-7.6403,-7.8916
-7.6403,-7.4634
4.6642,4.314
4.6642,4.891
4.6642,4.4386
4.6642,4.3692
4.6642,3.9684
4.6642,4.9486
4.6642,4.5644
4.6642,5.1294
4.6642,4.0958
4.6642,4.786
4.6642,4.7095
4.6642,4.1965
4.6642,4.0586
4.6642,4.4073
4.6642,3.8132
4.6642,5.2297
4.6642,5.3949
-1.7441,-1.009
-1.7441,-0.93171
-1.7441,-2.7047
-1.7441,-2.2447
-1.7441,-1.1762
-1.7441,-1.5134
-1.7441,-1.8837
-1.7441,-1.9738
-1.7441,-2.2999
-1.7441,-1.326
-1.7441,-1.4941
-1.7441,-2.0757
-1.7441,-1.2217
-5.6909,-5.6159
3.7148,3.3608
3.7148,4.3052
3.7148,4.3248
3.8327,4.2713
3.8327,4.3692
3.8327,3.9684
3.8327,4.5644
3.8327,4.0958
3.8327,4.0125
3.8327,4.5151
3.8327,3.5888
3.8327,4.1965
3.8327,3.634
3.8327,3.1976
3.8327,4.4073
-2.2999,-2.7047
-2.2999,-2.2447
-2.2999,-1.8837
-2.2999,-1.9738
-2.2999,-2.0783
-2.2999,-2.741
-2.2999,-1.7441
-2.2999,-3.0645
-2.2999,-2.0757
-4.963,-4.8452
-4.963,-5.9463
-4.963,-5.6834
-4.963,-4.9416
-4.963,-5.2962
-4.963,-5.5914
-4.963,-4.6153
-4.963,-4.1356
-4.963,-5.4845
-1.326,-1.009
-1.326,-0.93171
-1.326,-2.2447
-1.326,-1.1762
-1.326,-1.5134
-1.326,-1.8837
-1.326,-1.9738
-1.326,-1.7441
-1.326,-1.5883
-1.326,-0.64143
-1.326,-2.0757
-1.326,-1.2217
3.5888,3.4788
3.5888,4.3692
3.5888,3.9684
3.5888,4.5644
3.5888,4.0958
3.5888,3.8327
3.5888,4.1965
3.5888,3.634
3.5888,3.1976
3.5888,4.4073
6.1255,5.6569
6.1255,5.6724
6.1255,5.4853
6.1255,5.9136
6.1255,6.0908
6.1255,5.1595
-1.5883,-0.93171
-1.5883,-1.7657
-1.5883,-1.1762
-1.5883,-1.5134
-1.5883,-1.8837
-1.5883,-2.1074
-1.5883,-1.4269
-1.5883,-2.3932
-1.5883,-1.326
-1.5883,-0.75715
-1.5883,-1.1452
-1.5883,-0.64143
4.7095,4.314
4.7095,4.4386
4.7095,5.0322
4.7095,4.9486
4.7095,5.6652
4.7095,5.1294
4.7095,4.786
4.7095,4.6642
4.7095,4.0586
4.7095,4.4073
4.7095,3.8132
4.7095,5.3949
-0.67357,-0.894
-0.67357,-0.9343
-0.67357,-1.5721
-3.0645,-2.7047
-3.0645,-2.2447
-3.0645,-2.889
-3.0645,-2.3932
-3.0645,-2.2999
-4.7638,-5.1312
-4.7638,-5.2136
-4.7638,-5.5115
-4.7638,-4.2272
-4.7638,-4.8908
8.2785,7.5783
8.2785,8.6071
-1.4941,-0.5165
-1.4941,-1.9738
-1.4941,-2.0783
-1.4941,-1.7441
-1.4941,-1.2217
4.588,4.668
4.588,4.3248
4.588,5.3348
4.1965,4.314
4.1965,4.891
4.1965,3.4788
4.1965,4.3692
4.1965,3.9684
4.1965,4.9486
4.1965,4.5644
4.1965,4.0958
4.1965,4.5151
4.1965,4.786
4.1965,4.6642
4.1965,3.8327
4.1965,3.5888
4.1965,4.0586
4.1965,4.4073
4.1965,3.8132
-5.5914,-5.8053
-5.5914,-5.9463
-5.5914,-6.341
-5.5914,-5.8886
-5.5914,-5.6834
-5.5914,-5.2136
-5.5914,-4.9416
-5.5914,-5.8612
-5.5914,-5.2962
-5.5914,-4.963
-5.5914,-4.6153
-5.5914,-5.5115
-5.5914,-6.5467
-5.5914,-4.8908
-4.6153,-5.2136
-4.6153,-4.9416
-4.6153,-5.2962
-4.6153,-4.963
-4.6153,-5.5914
-4.6153,-4.1356
-4.6153,-4.2272
-4.6153,-4.8908
4.164,4.668
4.164,3.9648
4.164,3.5373
4.164,3.3843
4.164,4.1501
4.164,4.6429
4.164,3.4657
-8.8866,-8.1656
-8.8866,-9.1607
-7.493,-6.646
-7.493,-6.8336
-7.493,-7.6403
-7.493,-7.4634
5.9136,5.6569
5.9136,5.3564
5.9136,5.4853
5.9136,6.1255
5.9136,5.0682
5.9136,5.2585
5.9136,5.1595
5.9136,6.0331
5.0682,5.6569
5.0682,4.754
5.0682,4.891
5.0682,4.2713
5.0682,4.85
5.0682,5.3564
5.0682,4.3692
5.0682,4.5644
5.0682,4.5151
5.0682,5.4853
5.0682,5.9136
5.0682,5.2585
5.0682,5.1595
5.0682,5.2297
-1.8394,-1.9296
-1.8394,-2.4482
-1.8394,-1.156
-1.8394,-1.5721
-1.6598,-1.689
-1.6598,-1.9243
-1.6598,-2.3516
-1.6598,-0.9343
-1.6598,-1.5721
4.6429,4.668
4.6429,4.1501
4.6429,4.164
3.634,4.2713
3.634,4.0958
3.634,4.0125
3.634,4.5151
3.634,3.8327
3.634,3.5888
-5.5115,-5.8053
-5.5115,-5.1312
-5.5115,-6.341
-5.5115,-6.0946
-5.5115,-5.2136
-5.5115,-4.7638
-5.5115,-5.5914
-5.5115,-5.9894
-5.5115,-4.8908
-9.1607,-8.6643
-9.1607,-9.9471
-9.1607,-9.3916
-9.1607,-8.8866
-4.1356,-4.8452
-4.1356,-4.963
-4.1356,-4.6153
-5.4845,-4.8452
-5.4845,-5.9463
-5.4845,-6.3457
-5.4845,-5.8886
-5.4845,-5.6834
-5.4845,-6.1125
-5.4845,-5.2962
-5.4845,-4.963
-5.4845,-5.2364
-5.4845,-5.6159
-0.9343,-1.689
-0.9343,-0.67357
-0.9343,-1.6598
-0.9343,-1.5721
-7.1092,-6.3457
-7.1092,-7.2025
-7.1092,-6.9299
-7.1092,-6.6268
-7.1092,-7.6403
-7.1092,-6.5467
-7.1092,-7.8916
-7.1092,-7.4634
-7.1092,-6.566
-0.36404,-0.93171
-0.36404,0.1501
-0.36404,-1.1762
-0.36404,-0.15249
-0.36404,-0.75715
-0.36404,-1.1452
-0.36404,-0.64143
-2.4482,-2.8963
-2.4482,-3.0737
-2.4482,-1.9243
-2.4482,-1.9296
-2.4482,-1.8394
-2.4482,-2.7294
5.2585,5.6569
5.2585,4.754
5.2585,4.85
5.2585,5.3564
5.2585,5.6176
5.2585,5.9136
5.2585,5.0682
5.2585,4.6223
5.2585,6.0331
5.3348,6.1824
5.3348,4.8219
5.3348,5.4235
5.3348,4.588
5.3348,5.7785
3.1976,3.4788
3.1976,3.9684
3.1976,3.8327
3.1976,3.5888
3.1976,3.8132
-6.5467,-6.646
-6.5467,-5.8053
-6.5467,-6.341
-6.5467,-5.8886
-6.5467,-6.0946
-6.5467,-5.6834
-6.5467,-5.8612
-6.5467,-6.9299
-6.5467,-6.6268
-6.5467,-5.5914
-6.5467,-7.1092
-6.5467,-7.4634
-6.5467,-6.566
5.7785,5.3251
5.7785,6.1824
5.7785,6.59
5.7785,5.0152
5.7785,6.3196
5.7785,5.4235
5.7785,5.3348
6.0908,5.6724
6.0908,5.4853
6.0908,6.1255
6.0908,5.2297
6.0908,5.3949
4.0586,4.314
4.0586,3.4788
4.0586,4.4386
4.0586,3.9684
4.0586,3.8053
4.0586,3.3742
4.0586,4.6642
4.0586,4.7095
4.0586,4.1965
4.0586,4.4073
4.0586,3.8132
5.9064,6.6935
5.9064,5.5449
5.9064,6.2477
-0.75715,-0.80505
-0.75715,0.1501
-0.75715,-1.1762
-0.75715,-1.5134
-0.75715,-1.4269
-0.75715,-1.5883
-0.75715,-0.36404
-0.75715,-1.1452
-0.75715,-0.64143
-7.8916,-7.6403
-7.8916,-7.1092
5.1595,5.6569
5.1595,4.754
5.1595,4.891
5.1595,5.3564
5.1595,5.6724
5.1595,4.3692
5.1595,4.9486
5.1595,4.5644
5.1595,4.5151
5.1595,4.786
5.1595,5.4853
5.1595,6.1255
5.1595,5.9136
5.1595,5.0682
5.1595,5.2297
-6.4992,-6.3457
-6.4992,-7.2025
-6.4992,-6.1125
-6.4992,-5.6159
-1.156,-0.894
-1.156,-1.8394
-1.156,-1.5721
4.4073,4.314
4.4073,4.891
4.4073,4.3692
4.4073,3.9684
4.4073,4.9486
4.4073,4.5644
4.4073,5.1294
4.4073,4.0958
4.4073,4.5151
4.4073,4.786
4.4073,4.6642
4.4073,3.8327
4.4073,3.5888
4.4073,4.7095
4.4073,4.1965
4.4073,4.0586
4.4073,3.8132
4.4073,5.2297
-4.5849,-4.453
-5.2364,-4.8452
-5.2364,-4.4625
-5.2364,-6.1125
-5.2364,-5.4845
-5.2364,-5.6159
4.6223,4.754
4.6223,4.2713
4.6223,4.85
4.6223,5.3564
4.6223,4.0125
4.6223,5.2585
6.9261,6.6935
6.9261,6.2477
3.8132,4.314
3.8132,3.4788
3.8132,4.4386
3.8132,3.9684
3.8132,3.3742
3.8132,4.6642
3.8132,4.7095
3.8132,4.1965
3.8132,3.1976
3.8132,4.0586
3.8132,4.4073
-4.224,-3.453
-4.224,-4.6094
-4.224,-4.9527
-4.2272,-5.2136
-4.2272,-4.7638
-4.2272,-4.6153
-4.2272,-4.8908
-5.9894,-5.1312
-5.9894,-6.0946
-5.9894,-6.8336
-5.9894,-5.5115
-7.4634,-6.646
-7.4634,-6.8336
-7.4634,-6.9299
-7.4634,-7.6403
-7.4634,-7.493
-7.4634,-7.1092
-7.4634,-6.5467
-2.7294,-3.5311
-2.7294,-2.6099
-2.7294,-3.0737
-2.7294,-3.5752
-2.7294,-1.9243
-2.7294,-2.8589
-2.7294,-1.9296
-2.7294,-2.4482
6.0331,5.6569
6.0331,5.3564
6.0331,5.6176
6.0331,5.9136
6.0331,5.2585
-3.6192,-3.5311
-3.6192,-3.5752
-3.6192,-2.8589
-6.566,-6.646
-6.566,-5.9463
-6.566,-6.3457
-6.566,-6.341
-6.566,-5.8886
-6.566,-5.6834
-6.566,-5.8612
-6.566,-6.9299
-6.566,-6.6268
-6.566,-7.1092
-6.566,-6.5467
-1.1452,-0.80505
-1.1452,-1.7657
-1.1452,-1.1762
-1.1452,-1.5134
-1.1452,-1.4269
-1.1452,-1.5883
-1.1452,-0.36404
-1.1452,-0.75715
-1.1452,-1.8736
-1.1452,-0.64143
3.4657,3.7129
3.4657,3.3843
3.4657,2.9054
3.4657,4.1501
3.4657,4.164
3.4657,3.0182
5.2297,4.754
5.2297,4.891
5.2297,5.6724
5.2297,4.3692
5.2297,4.9486
5.2297,4.5644
5.2297,5.1294
5.2297,4.5151
5.2297,4.786
5.2297,5.4853
5.2297,4.6642
5.2297,5.0682
5.2297,6.0908
5.2297,5.1595
5.2297,4.4073
5.2297,5.3949
-1.8736,-2.5448
-1.8736,-1.7657
-1.8736,-2.1074
-1.8736,-1.4269
-1.8736,-1.1452
4.9506,5.5449
4.9506,4.59
-1.5721,-1.689
-1.5721,-1.9243
-1.5721,-0.894
-1.5721,-1.9296
-1.5721,-0.67357
-1.5721,-1.8394
-1.5721,-1.6598
-1.5721,-0.9343
-1.5721,-1.156
-5.6159,-6.1125
-5.6159,-5.6909
-5.6159,-5.4845
-5.6159,-6.4992
-5.6159,-5.2364
-4.8908,-5.8053
-4.8908,-5.2136
-4.8908,-4.9416
-4.8908,-4.7638
-4.8908,-5.5914
-4.8908,-4.6153
-4.8908,-5.5115
-4.8908,-4.2272
3.0182,3.7129
3.0182,2.9054
3.0182,3.4657
8.6071,8.2785
-0.64143,-0.93171
-0.64143,-1.1762
-0.64143,-1.5134
-0.64143,-1.326
-0.64143,-1.5883
-0.64143,-0.36404
-0.64143,-0.75715
-0.64143,-1.1452
-2.0757,-2.7047
-2.0757,-2.2447
-2.0757,-1.5134
-2.0757,-1.8837
-2.0757,-1.9738
-2.0757,-2.3932
-2.0757,-1.7441
-2.0757,-2.2999
-2.0757,-1.326
-2.0757,-1.2217
5.3949,5.6724
5.3949,5.0322
5.3949,4.9486
5.3949,5.6652
5.3949,5.1294
5.3949,4.786
5.3949,4.6642
5.3949,4.7095
5.3949,6.0908
5.3949,5.2297
-1.2217,-1.009
-1.2217,-0.93171
-1.2217,-0.5165
-1.2217,-1.9738
-1.2217,-1.7441
-1.2217,-1.326
-1.2217,-1.4941
-1.2217,-2.0757
