4.2085,4.6264
4.2085,4.9975
4.2085,3.7012
-3.493,-3.1803
-3.493,-2.5877
-5.6731,-5.2152
-5.6731,-5.9609
-5.6731,-6.4493
-5.6731,-5.5031
-5.6731,-5.0743
-5.6731,-6.0967
-3.4186,-2.7846
-3.4186,-3.9892
-3.4186,-3.0138
-3.4186,-3.3309
-3.4186,-3.7452
-3.4186,-4.0584
-3.4186,-3.6437
4.1177,3.3628
4.1177,4.6264
4.1177,3.9754
4.1177,4.8447
4.1177,4.4694
4.1177,3.7012
5.4392,5.3491
5.4392,5.214
5.4392,4.9814
5.4392,4.7036
5.4392,5.2404
5.4392,5.5334
5.4392,4.7611
5.4392,5.9508
5.4392,5.9901
5.4392,5.8402
4.7191,5.3491
4.7191,5.214
4.7191,4.109
4.7191,4.7036
4.7191,4.7611
4.7191,5.006
4.7191,4.2835
-5.2152,-5.6731
-5.2152,-5.9609
-5.2152,-4.5677
-5.2152,-4.9266
-5.2152,-4.6122
-5.2152,-5.0743
-5.2152,-5.5831
6.6631,6.2362
6.6631,5.8255
6.6631,6.1797
4.5446,5.0983
4.5446,4.9814
4.5446,3.9754
4.5446,4.7036
4.5446,5.2404
4.5446,5.5334
4.5446,4.7611
4.5446,4.4694
4.5446,4.0854
4.5446,4.2733
5.7145,5.0561
5.7145,5.5482
5.7145,5.6551
5.7145,6.1797
5.7145,5.1169
-5.9609,-5.6731
-5.9609,-5.2152
-5.9609,-6.4493
-5.9609,-5.5831
-2.7846,-3.4186
-2.7846,-3.0138
-2.7846,-2.3468
-2.7846,-3.3309
-2.7846,-2.4662
-1.7926,-2.6025
-1.7926,-1.7146
-1.7926,-1.713
-1.7926,-2.4388
-1.7926,-1.1369
-1.7926,-2.4968
-3.7431,-4.4406
-3.7431,-3.3744
5.9248,6.2362
5.9248,5.494
5.9248,6.0251
5.9248,5.2595
5.3491,5.4392
5.3491,4.7191
5.3491,5.214
5.3491,5.8752
5.3491,5.006
5.3491,5.8402
5.0983,4.5446
5.0983,4.9814
5.0983,6.0881
5.0983,5.2404
5.0983,5.5334
5.0983,5.6992
5.0983,4.8447
5.0983,4.4694
5.0983,5.4201
-3.6854,-3.0154
-3.6854,-4.6138
-3.6854,-3.1167
-3.6854,-3.8645
-3.6854,-3.6416
-3.6854,-4.393
-4.8403,-4.5677
-4.8403,-5.5031
-4.8403,-4.1803
-4.8403,-4.8965
-4.8403,-5.0743
-4.8403,-4.362
-4.8403,-5.2957
-4.5677,-5.2152
-4.5677,-4.8403
-4.5677,-3.9892
-4.5677,-4.6122
-4.5677,-5.0743
-4.5677,-4.362
-4.5677,-3.7452
-4.5677,-4.0584
-6.273,-5.9003
-6.273,-6.9123
-5.7435,-6.2919
-5.7435,-5.4005
4.9128,5.2268
4.9128,4.3823
4.9128,4.3191
4.9128,5.493
4.9128,5.0853
4.9128,3.9194
-2.5495,-1.7558
-2.5495,-3.043
-2.5495,-2.4206
-1.4501,-1.7341
-1.4501,-1.8101
3.8214,2.8812
3.8214,4.053
3.8214,4.3823
3.8214,4.7103
3.8214,3.9194
-5.3995,-4.6138
-5.3995,-6.2267
-5.3995,-5.2803
5.214,5.4392
5.214,4.7191
5.214,5.3491
5.214,4.7036
5.214,5.2404
5.214,4.7611
5.214,5.9901
5.214,4.2835
5.214,5.8402
-4.2709,-4.1803
-4.2709,-4.8965
-4.2709,-3.3178
4.5526,4.053
4.5526,4.6155
4.5526,5.0718
4.5526,4.1189
4.5526,5.2595
4.5526,4.7103
3.9212,4.4815
3.9212,4.5575
3.9212,3.9861
-2.5341,-1.5552
-2.5341,-2.6025
-2.5341,-3.3744
-2.5341,-1.7146
-2.5341,-3.1167
6.2498,6.4808
6.2498,6.0881
6.2498,5.9772
6.2498,5.5334
6.2498,5.6992
6.2498,5.9508
6.2498,7.0933
6.2498,6.728
7.3432,7.0933
7.3432,6.728
3.3526,4.1189
3.3526,3.286
3.3526,3.9028
6.4808,6.2498
6.4808,6.5086
6.4808,5.9508
6.4808,7.0933
6.4808,5.9901
6.4808,7.2383
2.8812,3.8214
-2.8179,-2.4398
-2.8179,-2.1404
3.3628,4.1177
3.3628,3.3995
3.3628,3.9754
-3.0154,-3.6854
-3.0154,-3.8645
-3.0154,-2.4388
-3.0154,-2.8679
-3.0154,-2.4968
6.5086,6.4808
6.5086,5.8752
6.5086,5.9901
6.5086,5.8402
6.5086,7.2383
6.2362,6.6631
6.2362,5.9248
6.2362,5.494
6.2362,5.8255
4.4815,3.9212
4.4815,5.0561
5.494,5.9248
5.494,6.2362
5.494,4.6155
5.494,5.0718
5.494,5.5482
5.494,5.8255
5.494,5.0972
5.494,5.2595
-4.4061,-4.9335
-6.4493,-5.6731
-6.4493,-5.9609
-6.4493,-6.0967
-6.4493,-6.8425
-4.2286,-4.9266
-4.2286,-4.6122
-4.2286,-4.0584
-4.2286,-3.6437
-1.5552,-2.5341
-1.5552,-1.7146
5.2268,4.9128
5.2268,6.2075
5.2268,5.0508
5.2268,4.3191
5.2268,5.493
-3.9892,-3.4186
-3.9892,-4.5677
-3.9892,-4.6122
-3.9892,-3.3309
-3.9892,-4.362
-3.9892,-3.7452
-3.9892,-4.0584
-3.9892,-3.6437
6.2075,5.2268
-6.9759,-7.2237
-6.9759,-6.5661
-6.9759,-7.1425
-6.9759,-6.2598
-4.4406,-3.7431
-4.4406,-4.9335
-4.4406,-4.4656
-4.4406,-5.3259
-2.6025,-1.7926
-2.6025,-2.5341
-2.6025,-3.3744
-2.6025,-1.7146
-2.6025,-3.1167
-2.6025,-2.4968
4.5575,3.9212
4.5575,5.0561
4.5575,4.5848
4.5575,5.1169
4.5575,3.9861
-4.9266,-5.2152
-4.9266,-4.2286
-4.9266,-4.6122
-4.9266,-5.2325
-4.9266,-5.5831
-4.9266,-4.0584
4.9814,5.4392
4.9814,4.5446
4.9814,5.0983
4.9814,5.2404
4.9814,5.5334
4.9814,5.6992
4.9814,4.7611
4.9814,4.4694
4.9814,4.2733
3.3995,3.3628
3.3995,3.9754
3.3995,3.6134
3.3995,4.0854
3.3995,4.2733
5.0561,5.7145
5.0561,4.4815
5.0561,4.5575
5.0561,5.6551
5.0561,5.1169
-1.7341,-1.4501
-1.7341,-2.3468
6.0251,5.9248
6.0251,5.493
6.0251,5.0853
-7.1919,-6.8398
-7.1919,-6.4651
4.053,3.8214
4.053,4.5526
4.053,4.1189
4.053,3.286
4.053,4.7103
6.0881,5.0983
6.0881,6.2498
6.0881,5.9772
6.0881,5.5334
6.0881,5.6992
6.0881,5.9508
6.0881,5.7242
6.0881,6.728
6.0881,5.4201
6.0881,6.5516
-1.7895,-1.7558
-1.7895,-1.2416
-1.7895,-2.3871
-1.7895,-1.2756
-1.7895,-2.4206
-1.7895,-1.7678
5.0508,5.2268
5.0508,5.6933
5.0508,4.3152
-3.0138,-3.4186
-3.0138,-2.7846
-3.0138,-2.3468
-3.0138,-3.1803
-3.0138,-2.4612
-3.0138,-3.6437
-6.2919,-5.7435
-6.2919,-7.1425
-6.2919,-6.2598
-6.5394,-7.2237
-6.5394,-6.2267
-6.5394,-6.0123
-6.5394,-6.5661
5.6933,5.0508
5.6933,4.9975
5.6933,6.269
-5.5031,-5.6731
-5.5031,-4.8403
-5.5031,-5.9248
-5.5031,-5.0743
-5.5031,-5.2957
-5.5031,-6.0967
-1.8101,-1.4501
-1.8101,-2.4612
-1.8101,-2.5877
-7.2237,-6.9759
-7.2237,-6.5394
-7.2237,-6.5661
4.109,4.7191
4.109,3.6134
4.109,5.006
4.109,4.2835
4.6264,4.2085
4.6264,4.1177
4.6264,5.4616
4.6264,4.8447
4.6264,5.3078
4.6264,3.7012
4.6155,4.5526
4.6155,5.494
4.6155,5.0718
4.6155,5.0972
4.6155,4.1189
4.6155,3.9028
4.6155,4.5848
5.0718,4.5526
5.0718,5.494
5.0718,4.6155
5.0718,5.0972
5.0718,4.1189
5.0718,5.2595
5.0718,4.7103
4.3823,4.9128
4.3823,3.8214
4.3823,4.3191
4.3823,5.0853
4.3823,4.7103
4.3823,3.9194
3.9754,4.1177
3.9754,4.5446
3.9754,3.3628
3.9754,3.3995
3.9754,4.4694
3.9754,4.0854
3.9754,4.2733
5.5482,5.7145
5.5482,5.494
5.5482,5.8255
5.5482,5.0972
5.5482,6.1797
5.5482,4.5848
5.5482,5.1169
-0.73138,-1.5297
-0.73138,-0.71888
-1.5297,-0.73138
-1.5297,-2.4398
-1.5297,-2.1404
-1.5297,-1.7678
-1.7558,-2.5495
-1.7558,-1.7895
-1.7558,-1.2756
-1.7558,-2.4206
-2.3468,-2.7846
-2.3468,-1.7341
-2.3468,-3.0138
-2.3468,-2.4612
5.9772,6.2498
5.9772,6.0881
5.9772,5.6992
5.9772,5.3078
5.9772,5.7242
5.9772,6.728
5.9772,5.4201
5.9772,6.5516
-0.63047,-1.2416
-0.63047,-1.2756
-5.6059,-4.8965
-5.6059,-5.9248
-5.6059,-5.9003
-5.6059,-5.2957
-5.6059,-6.1744
-4.6138,-3.6854
-4.6138,-5.3995
-4.6138,-3.8645
-4.6138,-4.393
5.8255,6.6631
5.8255,6.2362
5.8255,5.494
5.8255,5.5482
5.8255,5.0972
5.8255,6.1797
5.8255,5.1169
-4.1803,-4.8403
-4.1803,-4.2709
-4.1803,-4.8965
-4.1803,-4.362
-4.1803,-3.7452
-4.1803,-3.3178
-2.4398,-2.8179
-2.4398,-1.5297
-2.4398,-3.1229
-2.4398,-2.3871
-2.4398,-1.7678
-3.3744,-3.7431
-3.3744,-2.5341
-3.3744,-2.6025
-3.3744,-3.1167
-3.3744,-3.6416
3.6134,3.3995
3.6134,4.109
3.6134,4.0854
3.6134,4.2835
-0.32183,-1.1369
-0.32183,-0.83034
4.7036,5.4392
4.7036,4.7191
4.7036,4.5446
4.7036,5.214
4.7036,5.2404
4.7036,4.7611
4.7036,4.0854
4.7036,4.2733
4.7036,4.2835
-1.7146,-1.7926
-1.7146,-2.5341
-1.7146,-1.5552
-1.7146,-2.6025
-1.7146,-0.83034
5.2404,5.4392
5.2404,4.5446
5.2404,5.0983
5.2404,5.214
5.2404,4.9814
5.2404,4.7036
5.2404,5.5334
5.2404,5.6992
5.2404,4.7611
5.2404,5.9508
5.2404,5.9901
5.2404,4.2733
4.3191,4.9128
4.3191,5.2268
4.3191,4.3823
4.3191,3.9194
5.0972,5.494
5.0972,4.6155
5.0972,5.0718
5.0972,5.5482
5.0972,5.8255
5.0972,4.5848
5.0972,5.1169
-4.8965,-4.8403
-4.8965,-4.2709
-4.8965,-5.6059
-4.8965,-4.1803
-4.8965,-5.2957
-0.71888,-0.73138
-0.71888,-1.2416
-6.2267,-5.3995
-6.2267,-6.5394
-6.2267,-6.0123
-4.9335,-4.4061
-4.9335,-4.4406
-4.9335,-5.4005
-4.9335,-5.5939
-4.9335,-5.3259
5.6551,5.7145
5.6551,5.0561
6.1797,6.6631
6.1797,5.7145
6.1797,5.5482
6.1797,5.8255
6.1797,6.8043
-3.1167,-3.6854
-3.1167,-2.5341
-3.1167,-2.6025
-3.1167,-3.3744
-3.1167,-3.6416
-3.1167,-2.4968
-3.8906,-3.8645
5.5334,5.4392
5.5334,4.5446
5.5334,5.0983
5.5334,6.2498
5.5334,4.9814
5.5334,6.0881
5.5334,5.2404
5.5334,5.6992
5.5334,4.7611
5.5334,5.9508
5.5334,5.9901
-5.9248,-5.5031
-5.9248,-5.6059
-5.9248,-5.2957
-5.9248,-6.4651
-5.9248,-6.0967
-5.9248,-6.1744
5.6992,5.0983
5.6992,6.2498
5.6992,4.9814
5.6992,6.0881
5.6992,5.9772
5.6992,5.2404
5.6992,5.5334
5.6992,5.9508
5.6992,5.4201
-3.8645,-3.6854
-3.8645,-3.0154
-3.8645,-4.6138
-3.8645,-3.8906
-4.6122,-5.2152
-4.6122,-4.5677
-4.6122,-4.2286
-4.6122,-3.9892
-4.6122,-4.9266
-4.6122,-5.0743
-4.6122,-4.362
-4.6122,-4.0584
-5.9003,-6.273
-5.9003,-5.6059
-5.9003,-6.1744
-1.2416,-1.7895
-1.2416,-0.63047
-1.2416,-0.71888
-1.2416,-1.2756
-1.2416,-1.7678
4.9975,4.2085
4.9975,5.6933
4.9975,5.4616
4.1189,4.5526
4.1189,3.3526
4.1189,4.053
4.1189,4.6155
4.1189,5.0718
4.1189,3.286
4.1189,3.9028
4.1189,4.5848
-6.0123,-6.5394
-6.0123,-6.2267
-6.0123,-5.2803
-6.0123,-6.5661
-6.0123,-5.5939
-6.0123,-5.3259
-6.0123,-6.2598
5.4616,4.6264
5.4616,4.9975
5.4616,5.3078
5.4616,6.269
5.4616,5.7242
-5.2803,-5.3995
-5.2803,-6.0123
-5.2803,-4.4656
-5.2803,-5.3259
-5.2803,-4.393
-5.0743,-5.6731
-5.0743,-5.2152
-5.0743,-4.8403
-5.0743,-4.5677
-5.0743,-5.5031
-5.0743,-4.6122
-5.0743,-4.362
3.286,3.3526
3.286,4.053
3.286,4.1189
4.7611,5.4392
4.7611,4.7191
4.7611,4.5446
4.7611,5.214
4.7611,4.9814
4.7611,4.7036
4.7611,5.2404
4.7611,5.5334
4.7611,4.0854
4.7611,4.2733
4.7611,4.2835
-1.9189,-1.713
-1.9189,-2.4388
-3.1229,-2.4398
-3.1229,-2.3871
-3.1229,-3.043
-3.1229,-2.4206
-1.713,-1.7926
-1.713,-1.9189
-1.713,-2.4388
-1.713,-1.1369
-1.713,-2.4968
5.8752,5.3491
5.8752,6.5086
5.8752,5.006
5.8752,5.8402
5.9508,5.4392
5.9508,6.2498
5.9508,6.4808
5.9508,6.0881
5.9508,5.2404
5.9508,5.5334
5.9508,5.6992
5.9508,5.9901
5.9508,5.8402
-2.4388,-1.7926
-2.4388,-3.0154
-2.4388,-1.9189
-2.4388,-1.713
-2.4388,-2.8679
-2.4388,-2.4968
5.493,4.9128
5.493,5.2268
5.493,6.0251
5.493,5.0853
-3.1803,-3.493
-3.1803,-3.0138
-3.1803,-2.4612
-3.1803,-2.5877
-3.1803,-3.6437
-4.4656,-4.4406
-4.4656,-5.2803
-4.4656,-3.6416
-4.4656,-5.3259
-4.4656,-4.393
-5.4005,-5.7435
-5.4005,-4.9335
-5.4005,-5.5939
-5.4005,-6.2598
7.0933,6.2498
7.0933,7.3432
7.0933,6.4808
7.0933,6.728
7.0933,7.2383
-2.8679,-3.0154
-2.8679,-2.4388
5.2595,5.9248
5.2595,4.5526
5.2595,5.494
5.2595,5.0718
5.2595,5.0853
5.2595,4.7103
4.8447,4.1177
4.8447,5.0983
4.8447,4.6264
4.8447,4.4694
4.8447,5.3078
4.8447,5.7242
4.8447,5.4201
-2.3871,-1.7895
-2.3871,-2.4398
-2.3871,-3.1229
-2.3871,-3.043
-2.3871,-2.4206
-2.3871,-1.7678
-2.1404,-2.8179
-2.1404,-1.5297
5.0853,4.9128
5.0853,6.0251
5.0853,4.3823
5.0853,5.493
5.0853,5.2595
5.0853,4.7103
-6.5661,-6.9759
-6.5661,-6.5394
-6.5661,-7.2237
-6.5661,-6.0123
-6.5661,-6.2598
-5.5939,-4.9335
-5.5939,-6.0123
-5.5939,-5.4005
-5.5939,-5.3259
-5.5939,-6.2598
4.4694,4.1177
4.4694,4.5446
4.4694,5.0983
4.4694,4.9814
4.4694,3.9754
4.4694,4.8447
4.4694,4.2733
4.0854,4.5446
4.0854,3.3995
4.0854,3.9754
4.0854,3.6134
4.0854,4.7036
4.0854,4.7611
4.0854,4.2733
4.0854,4.2835
-3.3309,-3.4186
-3.3309,-2.7846
-3.3309,-3.9892
-3.3309,-3.7452
-3.3309,-2.4662
-3.3309,-3.1674
-2.4612,-3.0138
-2.4612,-1.8101
-2.4612,-2.3468
-2.4612,-3.1803
-2.4612,-2.5877
4.7103,3.8214
4.7103,4.5526
4.7103,4.053
4.7103,5.0718
4.7103,4.3823
4.7103,5.2595
4.7103,5.0853
5.9901,5.4392
5.9901,5.214
5.9901,6.4808
5.9901,6.5086
5.9901,5.2404
5.9901,5.5334
5.9901,5.9508
5.9901,5.8402
-1.2756,-1.7895
-1.2756,-1.7558
-1.2756,-0.63047
-1.2756,-1.2416
-4.362,-4.8403
-4.362,-4.5677
-4.362,-3.9892
-4.362,-4.1803
-4.362,-4.6122
-4.362,-5.0743
-4.362,-3.7452
-5.2957,-4.8403
-5.2957,-5.5031
-5.2957,-5.6059
-5.2957,-4.8965
-5.2957,-5.9248
-5.2957,-6.1744
-2.5877,-3.493
-2.5877,-1.8101
-2.5877,-3.1803
-2.5877,-2.4612
-7.1425,-6.9759
-7.1425,-6.2919
-3.043,-2.5495
-3.043,-3.1229
-3.043,-2.3871
-3.043,-2.4206
-3.7452,-3.4186
-3.7452,-4.5677
-3.7452,-3.9892
-3.7452,-4.1803
-3.7452,-3.3309
-3.7452,-4.362
-3.7452,-3.1674
5.006,4.7191
5.006,5.3491
5.006,4.109
5.006,5.8752
3.9028,3.3526
3.9028,4.6155
3.9028,4.1189
3.9028,4.5848
3.9028,3.9861
4.2733,4.5446
4.2733,4.9814
4.2733,3.3995
4.2733,3.9754
4.2733,4.7036
4.2733,5.2404
4.2733,4.7611
4.2733,4.4694
4.2733,4.0854
4.2733,4.2835
-2.4206,-2.5495
-2.4206,-1.7895
-2.4206,-1.7558
-2.4206,-3.1229
-2.4206,-2.3871
-2.4206,-3.043
4.5848,4.5575
4.5848,4.6155
4.5848,5.5482
4.5848,5.0972
4.5848,4.1189
4.5848,3.9028
4.5848,5.1169
4.5848,3.9861
5.3078,4.6264
5.3078,5.9772
5.3078,5.4616
5.3078,4.8447
5.3078,5.7242
5.3078,5.4201
3.9194,4.9128
3.9194,3.8214
3.9194,4.3823
3.9194,4.3191
5.1169,5.7145
5.1169,4.5575
5.1169,5.0561
5.1169,5.5482
5.1169,5.8255
5.1169,5.0972
5.1169,4.5848
-3.6416,-3.6854
-3.6416,-3.3744
-3.6416,-3.1167
-3.6416,-4.4656
-3.6416,-4.393
-6.8398,-7.1919
-6.8398,-6.4651
-6.8398,-6.1744
-6.8398,-6.9123
4.2835,4.7191
4.2835,5.214
4.2835,4.109
4.2835,3.6134
4.2835,4.7036
4.2835,4.7611
4.2835,4.0854
4.2835,4.2733
-6.4651,-7.1919
-6.4651,-5.9248
-6.4651,-6.8398
-6.4651,-6.0967
-6.4651,-6.1744
-6.4651,-6.8425
-3.3178,-4.2709
-3.3178,-4.1803
-3.3178,-3.1674
6.269,5.6933
6.269,5.4616
6.269,5.7242
6.269,6.5516
-5.2325,-4.9266
-5.2325,-5.5831
-6.0967,-5.6731
-6.0967,-6.4493
-6.0967,-5.5031
-6.0967,-5.9248
-6.0967,-6.4651
-6.0967,-6.8425
5.8402,5.4392
5.8402,5.3491
5.8402,5.214
5.8402,6.5086
5.8402,5.8752
5.8402,5.9508
5.8402,5.9901
6.8043,6.1797
-5.3259,-4.4406
-5.3259,-4.9335
-5.3259,-6.0123
-5.3259,-5.2803
-5.3259,-4.4656
-5.3259,-5.5939
5.7242,6.0881
5.7242,5.9772
5.7242,5.4616
5.7242,4.8447
5.7242,5.3078
5.7242,6.269
5.7242,5.4201
5.7242,6.5516
-5.5831,-5.2152
-5.5831,-5.9609
-5.5831,-4.9266
-5.5831,-5.2325
-1.7678,-1.7895
-1.7678,-1.5297
-1.7678,-2.4398
-1.7678,-1.2416
-1.7678,-2.3871
-6.2598,-6.9759
-6.2598,-6.2919
-6.2598,-6.0123
-6.2598,-5.4005
-6.2598,-6.5661
-6.2598,-5.5939
-6.1744,-5.6059
-6.1744,-5.9248
-6.1744,-5.9003
-6.1744,-5.2957
-6.1744,-6.8398
-6.1744,-6.4651
-6.1744,-6.9123
-4.0584,-3.4186
-4.0584,-4.5677
-4.0584,-4.2286
-4.0584,-3.9892
-4.0584,-4.9266
-4.0584,-4.6122
-4.0584,-3.6437
6.728,6.2498
6.728,7.3432
6.728,6.0881
6.728,5.9772
6.728,7.0933
6.728,6.5516
-3.6437,-3.4186
-3.6437,-4.2286
-3.6437,-3.9892
-3.6437,-3.0138
-3.6437,-3.1803
-3.6437,-4.0584
-6.9123,-6.273
-6.9123,-6.8398
-6.9123,-6.1744
-1.1369,-1.7926
-1.1369,-0.32183
-1.1369,-1.713
-1.1369,-0.83034
-1.1369,-0.79277
3.7012,4.2085
3.7012,4.1177
3.7012,4.6264
5.4201,5.0983
5.4201,6.0881
5.4201,5.9772
5.4201,5.6992
5.4201,4.8447
5.4201,5.3078
5.4201,5.7242
-2.4968,-1.7926
-2.4968,-3.0154
-2.4968,-2.6025
-2.4968,-3.1167
-2.4968,-1.713
-2.4968,-2.4388
3.9861,3.9212
3.9861,4.5575
3.9861,3.9028
3.9861,4.5848
-2.4662,-2.7846
-2.4662,-3.3309
-2.4662,-3.1674
-6.8425,-6.4493
-6.8425,-6.4651
-6.8425,-6.0967
-3.1674,-3.3309
-3.1674,-3.7452
-3.1674,-3.3178
-3.1674,-2.4662
4.3152,5.0508
7.2383,6.4808
7.2383,6.5086
7.2383,7.0933
-0.83034,-0.32183
-0.83034,-1.7146
-0.83034,-1.1369
-4.393,-3.6854
-4.393,-4.6138
-4.393,-5.2803
-4.393,-4.4656
-4.393,-3.6416
6.5516,6.0881
6.5516,5.9772
6.5516,6.269
6.5516,5.7242
6.5516,6.728
-0.79277,-1.1369
