-1.1351,-1.1473
-7.2868,-6.8312
-7.2868,-6.9764
-5.1417,-5.6541
-5.1417,-5.7413
-5.1417,-4.7623
-5.1417,-4.6107
-5.2503,-5.7117
-5.2503,-4.5472
-5.2503,-4.6144
-5.2503,-5.6674
-2.3662,-2.2358
-2.3662,-3.1203
-2.3662,-2.6156
-4.6181,-4.5812
-4.6181,-3.894
-4.6181,-4.5428
-4.6181,-5.3576
-6.557,-5.848
-6.557,-7.1097
-6.557,-6.1638
-6.557,-6.5248
-5.6541,-5.1417
-5.6541,-4.9555
-5.6541,-5.4518
-5.6541,-6.2882
-5.6541,-6.1859
-5.6541,-4.7623
4.899,4.8676
4.899,5.7882
-3.1493,-3.0007
-3.1493,-3.8989
-3.1493,-2.2358
-3.1493,-3.1203
6.0528,7.0595
6.0528,5.5614
6.0528,6.5965
6.0528,5.3829
6.0528,6.3149
-5.7413,-5.1417
-5.7413,-5.6143
-5.7413,-6.2882
-5.7413,-6.6521
-5.7117,-5.2503
-5.7117,-6.3899
-5.7117,-5.5083
-5.7117,-6.3862
6.9157,6.2402
6.9157,7.6013
6.9157,6.508
2.8213,2.1042
-5.848,-6.557
-5.848,-5.5503
-5.848,-5.3545
-5.848,-6.5248
-5.848,-5.4151
-3.0007,-3.1493
-3.0007,-2.1881
-3.0007,-3.894
-3.0007,-3.0093
-3.0007,-2.0559
5.8034,6.5823
5.8034,5.35
5.8034,5.3071
5.8034,5.549
5.8034,6.3864
5.8034,4.831
-4.112,-4.0137
-4.112,-4.7623
-4.112,-3.8399
-4.112,-3.5245
-4.9555,-5.6541
-4.9555,-5.4518
-4.9555,-4.7623
-4.9555,-4.479
-1.2456,-1.7981
-1.2456,-0.73209
-1.2456,-1.9897
1.75,2.3874
1.75,2.4151
1.9079,2.6926
1.9079,1.4491
1.9079,1.6679
1.9079,2.5291
2.818,2.0547
-6.4545,-5.5508
-6.4545,-6.3862
2.1416,2.6926
2.1416,1.4472
2.1416,1.6679
7.1137,6.8037
-5.5503,-5.848
-5.5503,-4.8531
-5.5503,-4.5812
-5.5503,-6.2518
-5.5503,-5.4151
-1.7981,-1.2456
-1.7981,-2.3209
4.3949,3.8748
4.3949,4.6668
4.3949,5.1583
4.3949,3.9452
5.0757,5.6275
4.6812,5.35
4.6812,5.549
-3.6521,-3.4561
-3.6521,-3.894
-3.6521,-3.0093
-3.6521,-4.5428
-2.5628,-3.4561
-2.5628,-3.0093
3.9339,3.6127
3.9339,3.1895
-5.3469,-4.5428
-5.3469,-5.9082
-5.3469,-6.0398
-0.28624,0.2669
-0.28624,-0.67227
-0.28624,-0.01312
-3.512,-4.4705
-3.512,-4.0687
-3.512,-3.1203
-3.512,-2.6156
6.5823,5.8034
6.5823,6.8108
6.5823,6.9199
6.5823,5.9064
-6.6403,-5.9082
-6.6403,-6.0398
-6.6403,-6.7394
3.9099,4.8676
3.9099,3.8748
6.4992,5.6275
4.8676,4.899
4.8676,3.9099
4.8676,4.6668
4.8676,5.5614
2.9681,2.3874
2.9681,3.6674
-5.6143,-5.7413
-5.6143,-4.7335
-6.8312,-7.2868
-6.8312,-6.1859
-6.8312,-6.2022
6.2402,6.9157
6.2402,5.8762
0.88187,1.4429
-5.4518,-5.6541
-5.4518,-4.9555
-5.4518,-6.1859
-5.4518,-4.6144
-5.4518,-5.6674
-5.4518,-4.479
0.49275,0.39638
0.49275,-0.44354
2.8975,3.5024
2.8975,2.4151
5.0627,6.0458
5.0627,4.4457
5.0627,5.6921
5.35,5.8034
5.35,4.6812
5.35,5.2795
5.35,5.549
5.35,5.9064
5.9292,5.1583
5.9292,6.3149
5.9292,5.6275
-6.2882,-5.6541
-6.2882,-5.7413
-6.2882,-7.0501
-6.2882,-6.6521
-3.8989,-3.1493
-3.8989,-4.0687
-3.8989,-4.8531
-3.8989,-4.5812
-3.8989,-3.894
-4.4705,-3.512
-4.4705,-4.4522
7.0595,6.0528
7.0595,6.5965
-4.7489,-5.5508
-4.7489,-4.1399
-4.7489,-4.7793
2.1042,2.8213
2.1042,1.4491
2.1042,2.5291
-4.5452,-4.7335
2.6926,1.9079
2.6926,2.1416
2.6926,3.6127
2.6926,3.1895
2.6926,2.5291
-3.4561,-3.6521
-3.4561,-2.5628
-3.4561,-4.181
1.406,2.0547
1.406,1.2782
1.406,0.74089
1.406,1.7823
1.406,0.94727
1.4491,1.9079
1.4491,2.1042
1.4491,1.6679
1.4491,0.87986
-6.3899,-5.7117
-6.3899,-6.9764
-6.3899,-6.3862
-6.3899,-6.2022
2.3874,1.75
2.3874,2.9681
2.3874,2.9697
5.3021,5.1
0.39638,0.49275
0.39638,-0.54037
0.39638,-0.44354
-4.0137,-4.112
-4.0137,-3.5245
-4.0137,-3.5245
-4.0137,-3.8378
-4.0137,-4.6107
-5.5508,-6.4545
-5.5508,-4.7489
-5.5508,-5.5083
5.1,5.3021
5.1,4.1437
-7.1097,-6.557
-7.1097,-6.1638
-1.1473,-1.1351
-1.1473,-0.54037
-1.1473,-1.4674
-1.1473,-0.21053
-1.1473,-2.0559
4.719,5.1583
4.719,5.6275
3.8748,4.3949
3.8748,3.9099
3.8748,4.6668
1.4472,2.1416
1.4472,0.9991
-4.0687,-3.512
-4.0687,-3.8989
-4.0687,-4.8405
-4.0687,-3.1203
-4.0687,-4.4522
4.6668,4.3949
4.6668,4.8676
4.6668,3.8748
4.6668,5.3829
-0.59494,-0.2434
-0.59494,0.053927
-0.2434,-0.59494
-0.2434,0.36055
-0.2434,0.56294
-0.2434,-0.67227
-0.2434,-0.01312
2.0547,2.818
2.0547,1.406
2.0547,1.2782
-5.5083,-5.7117
-5.5083,-5.5508
-5.5083,-6.3862
-5.5083,-4.7793
-2.1881,-3.0007
-2.1881,-3.0093
-2.1881,-1.4674
-2.1881,-2.0559
1.2782,1.406
1.2782,2.0547
1.2782,0.74089
-2.9675,-2.9556
-2.9675,-2.3209
-2.9675,-3.5245
-2.9675,-3.5245
-2.9675,-3.0409
-2.9675,-2.5637
6.8037,7.1137
6.8037,6.8108
6.8037,6.3864
6.8037,6.0458
5.5614,6.0528
5.5614,4.8676
5.5614,5.7882
5.5614,5.3829
-2.9556,-2.9675
-2.9556,-2.3209
-2.9556,-3.8399
-2.9556,-3.5245
1.0118,0.56294
1.0118,1.7823
1.0118,0.94727
5.3071,5.8034
5.3071,4.4457
5.3071,4.831
5.3071,5.6921
-6.1638,-6.557
-6.1638,-7.1097
-6.1638,-5.3545
-4.8531,-5.5503
-4.8531,-3.8989
-4.8531,-4.5812
-4.8531,-4.8405
-4.8531,-5.4151
5.2795,5.35
5.2795,5.8762
5.2795,5.9064
-4.5812,-4.6181
-4.5812,-5.5503
-4.5812,-3.8989
-4.5812,-4.8531
-4.5812,-3.894
-4.5812,-4.8405
0.9991,1.4472
0.9991,1.6679
0.9991,0.33245
5.1583,4.3949
5.1583,5.9292
5.1583,4.719
5.1583,5.3829
-2.3209,-1.7981
-2.3209,-2.9675
-2.3209,-2.9556
-2.3209,-1.9897
0.053927,-0.59494
0.053927,0.36055
0.053927,0.74089
6.1853,6.9736
3.6674,2.9681
3.6674,2.9697
3.6674,3.3805
3.6674,4.1437
6.5965,6.0528
6.5965,7.0595
6.5965,5.7882
5.7882,4.899
5.7882,5.5614
5.7882,6.5965
5.549,5.8034
5.549,4.6812
5.549,5.35
5.549,4.831
5.549,5.9064
6.8108,6.5823
6.8108,6.8037
6.8108,6.3864
-3.894,-4.6181
-3.894,-3.0007
-3.894,-3.6521
-3.894,-3.8989
-3.894,-4.5812
-3.894,-3.0093
-3.5245,-4.0137
-3.5245,-2.9675
-3.5245,-3.5245
-3.5245,-3.0409
-3.5245,-3.8378
-3.0093,-3.0007
-3.0093,-3.6521
-3.0093,-2.5628
-3.0093,-2.1881
-3.0093,-3.894
6.3864,5.8034
6.3864,6.8037
6.3864,6.8108
6.3864,5.6921
-6.1859,-5.6541
-6.1859,-6.8312
-6.1859,-5.4518
-0.73209,-1.2456
0.36055,-0.2434
0.36055,0.053927
0.36055,0.56294
0.36055,0.74089
0.36055,0.94727
-0.10674,-0.21053
3.6127,3.9339
3.6127,2.6926
3.6127,3.9452
3.5024,2.8975
3.5024,3.3805
-0.54037,0.39638
-0.54037,-1.1473
-0.54037,-1.4674
-0.54037,-0.44354
-0.54037,-0.21053
6.0458,5.0627
6.0458,6.8037
6.0458,5.6921
-4.7623,-5.1417
-4.7623,-5.6541
-4.7623,-4.112
-4.7623,-4.9555
-4.7623,-4.6107
3.1895,3.9339
3.1895,2.6926
-4.8405,-4.0687
-4.8405,-4.8531
-4.8405,-4.5812
-4.8405,-5.3545
-4.8405,-4.4522
-4.8405,-5.4151
7.6013,6.9157
7.6013,6.9199
0.2669,-0.28624
6.508,6.9157
6.508,5.8762
6.508,6.9199
6.508,5.9064
6.9736,6.1853
6.9736,6.2883
-6.2518,-5.5503
-6.2518,-6.0398
-6.2518,-5.3576
-4.5428,-4.6181
-4.5428,-3.6521
-4.5428,-5.3469
-4.5428,-5.3576
-4.5428,-4.181
5.8762,6.2402
5.8762,5.2795
5.8762,6.508
1.4429,0.88187
-6.9764,-7.2868
-6.9764,-6.3899
-6.9764,-6.3862
4.4457,5.0627
4.4457,5.3071
4.4457,4.831
2.9697,2.3874
2.9697,3.6674
2.9697,3.3805
2.9697,2.4151
-5.9082,-5.3469
-5.9082,-6.6403
-5.9082,-6.7394
6.9199,6.5823
6.9199,7.6013
6.9199,6.508
3.2031,2.5291
3.2031,3.9452
-2.2358,-2.3662
-2.2358,-3.1493
-2.2358,-3.1203
-2.2358,-2.0559
0.56294,-0.2434
0.56294,1.0118
0.56294,0.36055
0.56294,0.94727
0.56294,-0.01312
-0.67227,-0.28624
-0.67227,-0.2434
-0.67227,-0.01312
1.6679,1.9079
1.6679,2.1416
1.6679,1.4491
1.6679,0.9991
6.2883,6.9736
3.3805,3.6674
3.3805,3.5024
3.3805,2.9697
3.3805,4.1437
-3.1203,-2.3662
-3.1203,-3.1493
-3.1203,-3.512
-3.1203,-4.0687
-3.1203,-2.2358
-5.3545,-5.848
-5.3545,-6.1638
-5.3545,-4.8405
-5.3545,-4.4522
-5.3545,-5.4151
-4.5472,-5.2503
-4.5472,-4.7793
-6.3862,-5.7117
-6.3862,-6.4545
-6.3862,-6.3899
-6.3862,-5.5083
-6.3862,-6.9764
2.5291,1.9079
2.5291,2.1042
2.5291,2.6926
2.5291,3.2031
-6.0398,-5.3469
-6.0398,-6.6403
-6.0398,-6.2518
-6.0398,-5.3576
0.74089,1.406
0.74089,1.2782
0.74089,0.053927
0.74089,0.36055
0.74089,0.94727
-3.8399,-4.112
-3.8399,-2.9556
-3.8399,-4.479
-3.5245,-4.112
-3.5245,-4.0137
-3.5245,-2.9675
-3.5245,-2.9556
-3.5245,-3.5245
1.8077,2.4151
1.7823,1.406
1.7823,1.0118
1.7823,0.94727
-4.6144,-5.2503
-4.6144,-5.4518
-4.6144,-4.479
-6.5248,-6.557
-6.5248,-5.848
3.9452,4.3949
3.9452,3.6127
3.9452,3.2031
-4.4522,-4.4705
-4.4522,-4.0687
-4.4522,-4.8405
-4.4522,-5.3545
0.94727,1.406
0.94727,1.0118
0.94727,0.36055
0.94727,0.56294
0.94727,0.74089
0.94727,1.7823
5.3829,6.0528
5.3829,4.6668
5.3829,5.5614
5.3829,5.1583
5.3829,6.3149
-1.4674,-1.1473
-1.4674,-2.1881
-1.4674,-0.54037
-1.4674,-1.4836
0.33245,0.9991
0.33245,0.87986
6.3149,6.0528
6.3149,5.9292
6.3149,5.3829
4.831,5.8034
4.831,5.3071
4.831,5.549
4.831,4.4457
-3.0409,-2.9675
-3.0409,-3.5245
-3.0409,-3.8378
-3.0409,-2.5637
-5.4151,-5.848
-5.4151,-5.5503
-5.4151,-4.8531
-5.4151,-4.8405
-5.4151,-5.3545
-3.8378,-4.0137
-3.8378,-3.5245
-3.8378,-3.0409
-3.8378,-4.6107
-3.8378,-4.7335
-4.1399,-4.7489
-4.1399,-4.7793
-0.44354,0.49275
-0.44354,0.39638
-0.44354,-0.54037
-7.0501,-6.2882
-4.6107,-5.1417
-4.6107,-4.0137
-4.6107,-4.7623
-4.6107,-3.8378
-4.6107,-4.7335
-5.3576,-4.6181
-5.3576,-6.2518
-5.3576,-4.5428
-5.3576,-6.0398
4.1437,5.1
4.1437,3.6674
4.1437,3.3805
-0.21053,-1.1473
-0.21053,-0.10674
-0.21053,-0.54037
-6.6521,-5.7413
-6.6521,-6.2882
-0.01312,-0.28624
-0.01312,-0.2434
-0.01312,0.56294
-0.01312,-0.67227
2.4151,1.75
2.4151,2.8975
2.4151,2.9697
2.4151,1.8077
-1.9897,-1.2456
-1.9897,-2.3209
-1.9897,-2.5637
-5.6674,-5.2503
-5.6674,-5.4518
-5.6674,-6.2022
-4.181,-3.4561
-4.181,-4.5428
-6.2022,-6.8312
-6.2022,-6.3899
-6.2022,-5.6674
-2.5637,-2.9675
-2.5637,-3.0409
-2.5637,-1.9897
7.9131,7.1813
-2.6156,-2.3662
-2.6156,-3.512
-2.0559,-3.0007
-2.0559,-1.1473
-2.0559,-2.1881
-2.0559,-2.2358
5.9064,6.5823
5.9064,5.35
5.9064,5.2795
5.9064,5.549
5.9064,6.508
5.6275,5.0757
5.6275,6.4992
5.6275,5.9292
5.6275,4.719
-4.7793,-4.7489
-4.7793,-5.5083
-4.7793,-4.5472
-4.7793,-4.1399
-4.7335,-5.6143
-4.7335,-4.5452
-4.7335,-3.8378
-4.7335,-4.6107
-4.479,-4.9555
-4.479,-5.4518
-4.479,-3.8399
-4.479,-4.6144
0.87986,1.4491
0.87986,0.33245
-6.7394,-6.6403
-6.7394,-5.9082
7.1813,7.9131
5.6921,5.0627
5.6921,5.3071
5.6921,6.3864
5.6921,6.0458
-1.4836,-1.4674
