3.2884,3.6404
3.2884,4.1443
3.2884,3.0173
3.2884,3.7885
3.2884,4.0683
3.2884,3.7829
-3.4393,-3.372
-3.4393,-3.5263
-3.4393,-3.5867
-3.4393,-2.9847
-3.4393,-4.0599
-3.4393,-3.1553
-3.4393,-3.843
-3.4393,-3.2283
-3.4393,-3.0845
-3.4393,-4.3906
-3.4393,-4.326
-3.4393,-3.2508
-3.4393,-3.6169
-3.4393,-4.1289
-4.1967,-4.5647
-4.1967,-3.9748
-4.1967,-3.5867
-4.1967,-4.96
-4.1967,-4.2666
-4.1967,-3.843
-4.1967,-3.5564
-4.1967,-3.4138
-4.1967,-4.853
-4.1967,-4.1289
-3.372,-3.4393
-3.372,-3.5263
-3.372,-4.3082
-3.372,-2.9847
-3.372,-4.0599
-3.372,-2.6392
-3.372,-3.1553
-3.372,-3.8162
-3.372,-2.9211
-3.372,-3.0845
-3.372,-3.4431
-3.372,-4.326
-3.372,-3.2508
-3.372,-3.6169
2.7726,3.0706
2.7726,3.467
2.7726,3.5712
2.7726,2.5509
2.7726,3.4416
2.7726,3.0173
2.7726,3.3487
2.7726,2.2544
5.9706,5.3511
5.9706,5.5434
5.9706,6.372
5.9706,5.7602
5.9706,6.3121
5.9706,5.5924
5.9706,5.32
5.9706,5.4325
5.9706,5.2884
4.9333,5.3511
4.9333,5.0382
4.9333,5.5434
4.9333,5.7602
4.9333,4.7772
4.9333,4.5345
4.9333,4.0055
4.9333,4.2626
4.9333,4.5908
4.9333,4.1813
4.9333,5.1961
4.9333,5.5924
4.9333,5.054
4.9333,4.3575
4.9333,5.32
4.9333,5.4325
4.9333,4.629
4.9333,5.2884
-4.5647,-4.1967
-4.5647,-3.9748
-4.5647,-4.96
-4.5647,-4.0599
-4.5647,-3.843
-4.5647,-5.1323
-4.5647,-4.3906
-4.5647,-4.853
-4.5647,-4.1289
7.1099,6.7492
7.1099,7.0102
5.3511,5.9706
5.3511,4.9333
5.3511,5.5434
5.3511,5.7602
5.3511,4.7772
5.3511,4.5345
5.3511,4.5908
5.3511,5.1961
5.3511,5.5924
5.3511,5.054
5.3511,5.32
5.3511,5.4325
5.3511,5.8949
5.3511,4.629
5.3511,5.0468
5.3511,5.2884
5.3511,5.7346
6.1501,5.3802
6.1501,5.9889
6.1501,6.0899
6.1501,5.3
6.1501,6.7492
6.1501,7.0102
6.1501,6.072
-3.9748,-4.1967
-3.9748,-4.5647
-3.9748,-3.5867
-3.9748,-4.2666
-3.9748,-3.843
-3.9748,-3.2283
-3.9748,-3.5564
-3.9748,-3.4138
-3.9748,-4.1289
-3.5263,-3.4393
-3.5263,-3.372
-3.5263,-3.5867
-3.5263,-4.3082
-3.5263,-2.9847
-3.5263,-4.0599
-3.5263,-2.6392
-3.5263,-3.1553
-3.5263,-3.8162
-3.5263,-2.9211
-3.5263,-3.0845
-3.5263,-4.3906
-3.5263,-3.4431
-3.5263,-4.326
-3.5263,-3.2508
-3.5263,-3.6169
-1.2448,-0.94115
-1.2448,-1.3325
-1.2448,-1.6579
-1.2448,-1.8691
-1.2448,-0.76729
-1.2448,-1.5889
-1.2448,-0.30433
-1.2448,-0.53244
-1.2448,-1.0213
-0.94115,-1.2448
-0.94115,-1.6579
-0.94115,-1.5889
-0.94115,-0.30433
-0.94115,-0.53244
5.3802,6.1501
5.3802,4.9426
5.3802,5.9889
5.3802,6.0899
5.3802,5.2467
5.3802,5.3
5.3802,5.0162
5.3802,4.9558
5.3802,4.4787
3.9304,4.0055
3.9304,4.2626
3.9304,4.5908
3.9304,4.1813
3.9304,3.7885
3.9304,3.5676
3.9304,4.3575
3.9304,4.629
4.9426,5.3802
4.9426,4.4787
5.0382,4.9333
5.0382,5.5434
5.0382,5.7297
5.0382,4.2626
5.0382,4.5908
5.0382,5.5924
5.0382,4.3575
5.0382,5.32
5.0382,4.629
5.0382,5.2884
5.0382,4.7978
-1.6355,-1.3325
-1.6355,-1.4474
-1.6355,-0.77635
-1.6355,-1.8691
-1.6355,-1.7849
-1.6355,-0.76729
-1.6355,-2.0052
-1.6355,-1.8937
-1.6355,-2.2491
-1.6355,-1.223
-1.6355,-1.5664
-1.6355,-1.0213
-5.9096,-6.6216
-5.9096,-5.6881
-3.5867,-3.4393
-3.5867,-4.1967
-3.5867,-3.9748
-3.5867,-3.5263
-3.5867,-2.9847
-3.5867,-4.0599
-3.5867,-3.1553
-3.5867,-3.843
-3.5867,-3.2283
-3.5867,-3.0845
-3.5867,-4.3906
-3.5867,-2.9395
-3.5867,-3.5564
-3.5867,-3.4138
-3.5867,-3.2508
-3.5867,-3.6169
-3.5867,-4.1289
-6.0251,-6.5908
-6.0251,-5.4458
-6.0251,-5.9135
-6.0251,-6.6216
-6.0251,-5.6881
-6.0251,-5.9841
-6.0251,-6.3977
-6.0251,-5.2677
-6.0251,-6.8399
-5.6096,-5.6973
-5.6096,-5.7721
-5.6096,-5.1508
-5.6096,-6.2535
-5.6096,-6.0198
-5.6096,-4.7327
4.1684,3.214
4.1684,3.5449
4.1684,3.7285
4.1684,4.2376
-1.3325,-1.2448
-1.3325,-1.6355
-1.3325,-1.4474
-1.3325,-1.8691
-1.3325,-2.3064
-1.3325,-0.76729
-1.3325,-1.8937
-1.3325,-1.5889
-1.3325,-2.2491
-1.3325,-0.53244
-1.3325,-1.5664
-1.3325,-1.0213
-2.4537,-2.9847
-2.4537,-3.2283
-2.4537,-3.0845
-2.4537,-2.3527
-2.4537,-2.9395
-2.4537,-3.4138
3.214,4.1684
3.214,3.5449
3.214,2.4593
3.214,2.5509
3.214,3.363
3.214,2.8777
-8.5784,-8.9477
-8.5784,-8.0287
-8.5784,-9.0801
5.5434,5.9706
5.5434,4.9333
5.5434,5.3511
5.5434,5.0382
5.5434,6.3121
5.5434,5.7297
5.5434,4.5908
5.5434,5.5924
5.5434,5.32
5.5434,5.2884
-6.5908,-6.0251
-6.5908,-5.9135
-6.5908,-6.6216
-6.5908,-5.6881
-6.5908,-6.3977
-6.5908,-6.8176
-6.5908,-6.8399
-6.5908,-7.5054
5.2447,4.9084
5.2447,5.2467
5.2447,5.7686
-0.244,-0.83271
-0.244,-0.77635
-0.244,-0.76729
-0.244,-0.17889
-0.244,-1.0213
-1.6579,-1.2448
-1.6579,-0.94115
-1.6579,-1.5889
-1.6579,-2.1732
-1.6579,-2.0525
6.372,5.9706
6.372,5.7602
6.372,6.3121
6.372,5.5924
6.372,5.7346
5.7602,5.9706
5.7602,4.9333
5.7602,5.3511
5.7602,6.372
5.7602,4.7772
5.7602,5.1961
5.7602,5.5924
5.7602,5.054
5.7602,5.4325
5.7602,5.8949
5.7602,5.7346
3.5449,4.1684
3.5449,3.214
3.5449,3.0706
3.5449,3.5712
3.5449,2.8777
3.5449,4.2376
6.3121,5.9706
6.3121,5.5434
6.3121,6.372
6.3121,5.7297
6.3121,5.5924
6.3121,5.32
3.0706,2.7726
3.0706,3.5449
3.0706,2.4593
3.0706,3.5712
3.0706,2.5509
3.0706,3.4416
3.0706,2.2544
-5.4458,-6.0251
-5.4458,-5.9135
-5.4458,-4.7813
-5.4458,-5.6881
-5.4458,-5.2677
-5.4458,-4.789
4.7772,4.9333
4.7772,5.3511
4.7772,5.7602
4.7772,4.5345
4.7772,4.1443
4.7772,4.4546
4.7772,4.2725
4.7772,4.0055
4.7772,4.7262
4.7772,4.2626
4.7772,4.5908
4.7772,4.1813
4.7772,5.1961
4.7772,4.5515
4.7772,5.054
4.7772,5.4325
4.7772,4.629
4.7772,5.0468
4.7772,5.2884
4.7772,4.8474
-1.4474,-1.6355
-1.4474,-1.3325
-1.4474,-0.83271
-1.4474,-0.77635
-1.4474,-1.7849
-1.4474,-0.76729
-1.4474,-2.0052
-1.4474,-1.8937
-1.4474,-1.223
-1.4474,-1.5664
-1.4474,-1.0213
4.9084,5.2447
4.9084,4.1623
4.9084,5.2467
4.9084,5.7686
4.9084,5.3
4.9084,5.0162
4.9084,4.0984
4.9084,4.9558
-0.83271,-0.244
-0.83271,-1.4474
-0.83271,-0.77635
-0.83271,-1.223
5.9889,6.1501
5.9889,5.3802
5.9889,6.0899
5.9889,5.2467
5.9889,5.7686
5.9889,5.3
5.9889,5.0162
5.9889,6.7492
5.9889,6.072
-4.1748,-4.789
-4.1748,-4.8273
-4.96,-4.1967
-4.96,-4.5647
-4.96,-4.2666
-2.8125,-2.9211
-2.8125,-3.4431
-0.77635,-1.6355
-0.77635,-0.244
-0.77635,-1.4474
-0.77635,-0.83271
-0.77635,-0.76729
-0.77635,-1.223
-0.77635,-1.5664
-0.77635,-1.0213
3.6404,3.2884
3.6404,4.1443
3.6404,4.4546
3.6404,4.2725
3.6404,4.0055
3.6404,4.1813
3.6404,3.7885
3.6404,4.0683
3.6404,4.5515
3.6404,4.2132
3.6404,3.7829
-4.3082,-3.372
-4.3082,-3.5263
-4.3082,-4.0599
-4.3082,-3.8162
-4.3082,-4.3906
-4.3082,-3.4431
-4.3082,-4.326
-4.3082,-3.6169
4.7357,4.3243
4.7357,5.3535
4.7357,5.0362
4.7357,4.0683
4.7357,4.8433
4.7357,4.2132
4.7357,4.0885
4.7357,4.8474
-7.0038,-6.5449
-7.0038,-6.8176
-7.0038,-6.2535
-7.0038,-6.8399
-7.0038,-6.8821
-7.0038,-7.6522
-7.0038,-7.381
-1.8691,-1.2448
-1.8691,-1.6355
-1.8691,-1.3325
-1.8691,-2.3064
-1.8691,-2.6256
-1.8691,-2.0052
-1.8691,-1.8937
-1.8691,-1.5889
-1.8691,-2.2491
-1.8691,-2.1732
-1.8691,-1.5664
-1.8691,-1.0213
-2.3064,-1.3325
-2.3064,-1.8691
-2.3064,-2.9357
-2.3064,-2.6256
-2.3064,-1.8937
-2.3064,-1.5889
-2.3064,-2.2491
-2.3064,-2.1732
-2.3064,-2.0525
-2.3064,-3.2094
3.7057,4.4787
-2.9847,-3.4393
-2.9847,-3.372
-2.9847,-3.5263
-2.9847,-3.5867
-2.9847,-2.4537
-2.9847,-2.3013
-2.9847,-2.6392
-2.9847,-3.1553
-2.9847,-3.2283
-2.9847,-3.0845
-2.9847,-2.3527
-2.9847,-2.9395
-2.9847,-3.2508
-2.9847,-3.6169
4.5345,4.9333
4.5345,5.3511
4.5345,4.7772
4.5345,4.1443
4.5345,4.4546
4.5345,4.2725
4.5345,4.0055
4.5345,4.7262
4.5345,4.2626
4.5345,4.5908
4.5345,4.1813
4.5345,5.1961
4.5345,5.0362
4.5345,3.7885
4.5345,4.5515
4.5345,4.8433
4.5345,5.054
4.5345,5.4325
4.5345,4.629
4.5345,5.0468
4.5345,4.8474
4.1443,3.2884
4.1443,4.7772
4.1443,3.6404
4.1443,4.5345
4.1443,4.4546
4.1443,4.2725
4.1443,4.0055
4.1443,4.7262
4.1443,4.2626
4.1443,4.1813
4.1443,3.7885
4.1443,3.5676
4.1443,4.5515
4.1443,4.8433
4.1443,5.054
4.1443,4.629
4.1443,3.7829
4.1443,4.8474
6.0899,6.1501
6.0899,5.3802
6.0899,5.9889
6.0899,5.3
6.0899,7.0102
-1.9126,-2.3013
-1.9126,-2.6392
3.467,2.7726
3.467,4.3243
3.467,3.4416
3.467,3.0173
3.467,3.3487
3.467,4.0683
3.467,4.2132
3.467,3.7829
3.467,4.0885
-4.2666,-4.1967
-4.2666,-3.9748
-4.2666,-4.96
-4.2666,-3.8192
-4.2666,-3.5564
2.4593,3.214
2.4593,3.0706
2.4593,2.0697
2.4593,2.5509
2.4593,1.5705
2.4593,2.8777
5.7297,5.0382
5.7297,5.5434
5.7297,6.3121
5.7297,5.32
5.7297,5.2884
5.7297,4.7978
-5.9135,-6.0251
-5.9135,-6.5908
-5.9135,-5.4458
-5.9135,-5.6973
-5.9135,-5.9841
-5.9135,-6.3977
-5.9135,-5.2677
-5.9135,-6.5449
-5.9135,-5.1664
-5.9135,-5.7287
-5.9135,-6.8176
-5.9135,-6.8399
-5.9135,-5.994
4.3243,4.7357
4.3243,3.467
4.3243,3.3487
4.3243,5.0362
4.3243,4.0683
4.3243,4.8433
4.3243,4.2132
4.3243,3.7829
4.3243,4.0885
-2.3013,-2.9847
-2.3013,-1.9126
-2.3013,-2.6392
-2.3013,-3.1553
-2.3013,-2.9211
-2.3013,-3.0845
-2.3013,-2.3527
-5.6973,-5.6096
-5.6973,-5.9135
-5.6973,-5.1508
-5.6973,-5.9841
-5.6973,-6.5449
-5.6973,-5.1664
-5.6973,-5.7287
-5.6973,-6.2535
-5.6973,-4.8273
-5.6973,-6.0198
-5.6973,-5.994
-5.7721,-5.6096
-5.7721,-6.6773
-5.7721,-6.0198
5.3535,4.7357
5.3535,4.7262
5.3535,5.0362
5.3535,4.5515
5.3535,4.8433
5.3535,5.4325
5.3535,5.8949
5.3535,5.0468
5.3535,5.7346
5.3535,4.8474
-6.6216,-5.9096
-6.6216,-6.0251
-6.6216,-6.5908
-4.0599,-3.4393
-4.0599,-3.372
-4.0599,-4.5647
-4.0599,-3.5263
-4.0599,-3.5867
-4.0599,-4.3082
-4.0599,-3.843
-4.0599,-3.2283
-4.0599,-3.0845
-4.0599,-4.3906
-4.0599,-4.326
-4.0599,-3.4138
-4.0599,-3.2508
-4.0599,-3.6169
-4.0599,-4.1289
-8.9477,-8.5784
-8.9477,-9.6179
-8.9477,-9.0801
-2.6392,-3.372
-2.6392,-3.5263
-2.6392,-2.9847
-2.6392,-1.9126
-2.6392,-2.3013
-2.6392,-3.1553
-2.6392,-2.9211
-2.6392,-3.0845
-2.6392,-3.4431
4.4546,4.7772
4.4546,3.6404
4.4546,4.5345
4.4546,4.1443
4.4546,4.2725
4.4546,4.0055
4.4546,4.7262
4.4546,4.1813
4.4546,5.1961
4.4546,5.0362
4.4546,3.7885
4.4546,4.0683
4.4546,4.5515
4.4546,4.8433
4.4546,5.054
4.4546,4.2132
4.4546,4.629
4.4546,5.0468
4.4546,3.7829
4.4546,4.8474
4.1623,4.9084
4.1623,5.0162
4.1623,4.0984
4.1623,4.9558
4.1623,4.4787
5.2467,5.3802
5.2467,5.2447
5.2467,4.9084
5.2467,5.9889
5.2467,5.7686
5.2467,5.3
5.2467,5.0162
5.2467,4.9558
5.2467,6.072
3.5712,2.7726
3.5712,3.5449
3.5712,3.0706
3.5712,3.4416
3.5712,4.2376
3.5712,4.5409
3.5712,4.0885
4.2725,4.7772
4.2725,3.6404
4.2725,4.5345
4.2725,4.1443
4.2725,4.4546
4.2725,4.0055
4.2725,4.7262
4.2725,4.1813
4.2725,5.0362
4.2725,3.7885
4.2725,4.0683
4.2725,4.5515
4.2725,4.8433
4.2725,4.2132
4.2725,5.0468
4.2725,3.7829
4.2725,4.8474
5.7686,5.2447
5.7686,4.9084
5.7686,5.9889
5.7686,5.2467
5.7686,6.4602
5.7686,6.072
2.0697,2.4593
2.0697,2.8777
-4.7813,-5.4458
-4.7813,-5.6881
2.5509,2.7726
2.5509,3.214
2.5509,3.0706
2.5509,2.4593
2.5509,1.5705
-3.1553,-3.4393
-3.1553,-3.372
-3.1553,-3.5263
-3.1553,-3.5867
-3.1553,-2.9847
-3.1553,-2.3013
-3.1553,-2.6392
-3.1553,-2.9211
-3.1553,-3.0845
-3.1553,-2.3527
-3.1553,-3.4431
-3.1553,-3.2508
-3.1553,-3.6169
4.0055,4.9333
4.0055,3.9304
4.0055,4.7772
4.0055,3.6404
4.0055,4.5345
4.0055,4.1443
4.0055,4.4546
4.0055,4.2725
4.0055,4.7262
4.0055,4.2626
4.0055,4.5908
4.0055,4.1813
4.0055,3.7885
4.0055,3.5676
4.0055,4.5515
4.0055,4.629
-5.1508,-5.6096
-5.1508,-5.6973
-5.1508,-5.1664
-5.1508,-5.7287
-5.1508,-4.8273
-5.1508,-6.0198
-5.1508,-5.994
-5.1508,-4.7327
-5.6881,-5.9096
-5.6881,-6.0251
-5.6881,-6.5908
-5.6881,-5.4458
-5.6881,-4.7813
-5.6881,-5.2677
-1.7849,-1.6355
-1.7849,-1.4474
-1.7849,-1.9747
-1.7849,-2.5045
-1.7849,-2.0052
-1.7849,-1.8937
-1.7849,-1.223
-1.7849,-1.5664
5.3,6.1501
5.3,5.3802
5.3,4.9084
5.3,5.9889
5.3,6.0899
5.3,5.2467
5.3,5.0162
5.3,4.9558
5.3,6.072
5.3,4.4787
-3.843,-3.4393
-3.843,-4.1967
-3.843,-4.5647
-3.843,-3.9748
-3.843,-3.5867
-3.843,-4.0599
-3.843,-3.2283
-3.843,-4.3906
-3.843,-2.9395
-3.843,-3.5564
-3.843,-3.4138
-3.843,-3.2508
-3.843,-3.6169
-3.843,-4.1289
-5.9841,-6.0251
-5.9841,-5.9135
-5.9841,-5.6973
-5.9841,-6.3977
-5.9841,-5.2677
-5.9841,-6.5449
-5.9841,-5.1664
-5.9841,-5.7287
-5.9841,-6.8176
-5.9841,-6.2535
-5.9841,-6.8399
-5.9841,-5.994
-2.7914,-2.6256
-2.7914,-2.5045
-2.7914,-2.0052
-2.7914,-1.8937
-2.7914,-3.2094
4.7262,4.7772
4.7262,4.5345
4.7262,4.1443
4.7262,5.3535
4.7262,4.4546
4.7262,4.2725
4.7262,4.0055
4.7262,4.1813
4.7262,5.1961
4.7262,5.0362
4.7262,4.0683
4.7262,4.5515
4.7262,4.8433
4.7262,5.054
4.7262,5.4325
4.7262,4.2132
4.7262,5.0468
4.7262,4.8474
-0.76729,-1.2448
-0.76729,-1.6355
-0.76729,-1.3325
-0.76729,-0.244
-0.76729,-1.4474
-0.76729,-0.77635
-0.76729,-0.17889
-0.76729,-0.53244
-0.76729,-1.5664
-0.76729,-1.0213
4.2626,4.9333
4.2626,3.9304
4.2626,5.0382
4.2626,4.7772
4.2626,4.5345
4.2626,4.1443
4.2626,4.0055
4.2626,4.5908
4.2626,4.1813
4.2626,3.7885
4.2626,3.5676
4.2626,5.054
4.2626,4.3575
4.2626,4.629
-2.9357,-2.3064
-2.9357,-2.1732
-2.9357,-2.0525
-2.9357,-3.2094
4.5908,4.9333
4.5908,5.3511
4.5908,3.9304
4.5908,5.0382
4.5908,5.5434
4.5908,4.7772
4.5908,4.5345
4.5908,4.0055
4.5908,4.2626
4.5908,4.1813
4.5908,5.1961
4.5908,5.5924
4.5908,5.054
4.5908,4.3575
4.5908,5.32
4.5908,4.629
4.5908,5.2884
1.5705,2.4593
1.5705,2.5509
5.0162,5.3802
5.0162,4.9084
5.0162,5.9889
5.0162,4.1623
5.0162,5.2467
5.0162,5.3
5.0162,4.9558
5.0162,4.4787
-6.3977,-6.0251
-6.3977,-6.5908
-6.3977,-5.9135
-6.3977,-5.9841
-6.3977,-6.5449
-6.3977,-5.7287
-6.3977,-6.8176
-6.3977,-6.8399
-6.3977,-5.994
3.4416,2.7726
3.4416,3.0706
3.4416,3.467
3.4416,3.5712
3.4416,3.3487
3.4416,4.0885
-9.5445,-8.8028
-9.5445,-9.0801
-8.0287,-8.5784
-8.0287,-8.8028
6.7492,7.1099
6.7492,6.1501
6.7492,5.9889
6.7492,6.4602
6.7492,6.072
6.4602,5.7686
6.4602,6.7492
6.4602,6.072
-2.6256,-1.8691
-2.6256,-2.3064
-2.6256,-2.7914
-2.6256,-2.0052
-2.6256,-1.8937
-2.6256,-2.2491
-2.6256,-3.2094
-1.9747,-1.7849
-1.9747,-2.5045
-1.9747,-1.223
4.1813,4.9333
4.1813,3.9304
4.1813,4.7772
4.1813,3.6404
4.1813,4.5345
4.1813,4.1443
4.1813,4.4546
4.1813,4.2725
4.1813,4.0055
4.1813,4.7262
4.1813,4.2626
4.1813,4.5908
4.1813,3.7885
4.1813,3.5676
4.1813,4.5515
4.1813,5.054
4.1813,4.629
4.1813,4.8474
-5.2677,-6.0251
-5.2677,-5.4458
-5.2677,-5.9135
-5.2677,-5.6881
-5.2677,-5.9841
-5.2677,-4.789
-5.2677,-5.1664
-5.2677,-5.7287
-5.2677,-4.8273
5.1961,4.9333
5.1961,5.3511
5.1961,5.7602
5.1961,4.7772
5.1961,4.5345
5.1961,4.4546
5.1961,4.7262
5.1961,4.5908
5.1961,5.5924
5.1961,4.5515
5.1961,4.8433
5.1961,5.054
5.1961,5.4325
5.1961,5.8949
5.1961,4.629
5.1961,5.0468
5.1961,5.7346
5.1961,4.8474
-2.5045,-1.7849
-2.5045,-2.7914
-2.5045,-1.9747
-2.5045,-2.0052
-2.5045,-1.8937
-5.1323,-4.5647
-5.1323,-4.3906
-5.1323,-4.326
-5.1323,-4.853
-6.5449,-7.0038
-6.5449,-5.9135
-6.5449,-5.6973
-6.5449,-5.9841
-6.5449,-6.3977
-6.5449,-5.7287
-6.5449,-6.8176
-6.5449,-6.2535
-6.5449,-6.0198
-6.5449,-6.8399
-6.5449,-6.8821
-6.5449,-5.994
3.0173,3.2884
3.0173,2.7726
3.0173,3.467
3.0173,3.3487
3.0173,3.7829
3.0173,2.2544
3.3487,2.7726
3.3487,3.467
3.3487,4.3243
3.3487,3.4416
3.3487,3.0173
3.3487,4.0683
3.3487,4.2132
3.3487,3.7829
3.3487,4.0885
3.363,3.214
3.363,2.8777
3.363,3.7285
-6.6773,-5.7721
-6.6773,-6.2535
-6.6773,-6.0198
-6.6773,-6.8821
-6.6773,-7.381
5.0362,4.7357
5.0362,4.5345
5.0362,4.3243
5.0362,5.3535
5.0362,4.4546
5.0362,4.2725
5.0362,4.7262
5.0362,4.0683
5.0362,4.5515
5.0362,4.8433
5.0362,5.8949
5.0362,4.2132
5.0362,5.0468
5.0362,4.8474
-2.0052,-1.6355
-2.0052,-1.4474
-2.0052,-1.8691
-2.0052,-1.7849
-2.0052,-2.7914
-2.0052,-2.6256
-2.0052,-2.5045
-2.0052,-1.8937
-2.0052,-2.2491
-2.0052,-1.5664
-3.8162,-3.372
-3.8162,-3.5263
-3.8162,-4.3082
-3.8162,-2.9211
-3.8162,-3.4431
-3.8162,-4.326
-3.8162,-3.6169
2.8777,3.214
2.8777,3.5449
2.8777,2.4593
2.8777,2.0697
2.8777,3.363
3.7885,3.2884
3.7885,3.9304
3.7885,3.6404
3.7885,4.5345
3.7885,4.1443
3.7885,4.4546
3.7885,4.2725
3.7885,4.0055
3.7885,4.2626
3.7885,4.1813
3.7885,3.5676
3.7885,4.5515
3.7885,3.7829
-1.8937,-1.6355
-1.8937,-1.3325
-1.8937,-1.4474
-1.8937,-1.8691
-1.8937,-2.3064
-1.8937,-1.7849
-1.8937,-2.7914
-1.8937,-2.6256
-1.8937,-2.5045
-1.8937,-2.0052
-1.8937,-2.2491
-1.8937,-1.5664
-1.8937,-1.0213
-4.789,-5.4458
-4.789,-4.1748
-4.789,-5.2677
-4.789,-5.1664
-4.789,-4.8273
-1.5889,-1.2448
-1.5889,-0.94115
-1.5889,-1.3325
-1.5889,-1.6579
-1.5889,-1.8691
-1.5889,-2.3064
-1.5889,-2.2491
-1.5889,-2.1732
-1.5889,-2.0525
-1.5889,-1.5664
-1.5889,-1.0213
-9.6179,-8.9477
-9.6179,-9.0801
3.5676,3.9304
3.5676,4.1443
3.5676,4.0055
3.5676,4.2626
3.5676,4.1813
3.5676,3.7885
5.5924,5.9706
5.5924,4.9333
5.5924,5.3511
5.5924,5.0382
5.5924,5.5434
5.5924,6.372
5.5924,5.7602
5.5924,6.3121
5.5924,4.5908
5.5924,5.1961
5.5924,5.054
5.5924,5.32
5.5924,5.4325
5.5924,5.2884
-2.2491,-1.6355
-2.2491,-1.3325
-2.2491,-1.8691
-2.2491,-2.3064
-2.2491,-2.6256
-2.2491,-2.0052
-2.2491,-1.8937
-2.2491,-1.5889
-2.2491,-2.1732
-2.2491,-3.2094
-2.2491,-1.5664
4.0683,3.2884
4.0683,3.6404
4.0683,4.7357
4.0683,3.467
4.0683,4.3243
4.0683,4.4546
4.0683,4.2725
4.0683,4.7262
4.0683,3.3487
4.0683,5.0362
4.0683,4.5515
4.0683,4.8433
4.0683,4.2132
4.0683,3.7829
4.0683,4.8474
-2.9211,-3.372
-2.9211,-3.5263
-2.9211,-2.8125
-2.9211,-2.3013
-2.9211,-2.6392
-2.9211,-3.1553
-2.9211,-3.8162
-2.9211,-3.4431
-2.1732,-1.6579
-2.1732,-1.8691
-2.1732,-2.3064
-2.1732,-2.9357
-2.1732,-1.5889
-2.1732,-2.2491
-2.1732,-2.0525
-5.1664,-5.9135
-5.1664,-5.6973
-5.1664,-5.1508
-5.1664,-5.9841
-5.1664,-5.2677
-5.1664,-4.789
-5.1664,-5.7287
-5.1664,-4.8273
-5.1664,-5.994
-1.223,-1.6355
-1.223,-1.4474
-1.223,-0.83271
-1.223,-0.77635
-1.223,-1.7849
-1.223,-1.9747
3.7285,4.1684
3.7285,3.363
4.5515,4.7772
4.5515,3.6404
4.5515,4.5345
4.5515,4.1443
4.5515,5.3535
4.5515,4.4546
4.5515,4.2725
4.5515,4.0055
4.5515,4.7262
4.5515,4.1813
4.5515,5.1961
4.5515,5.0362
4.5515,3.7885
4.5515,4.0683
4.5515,4.8433
4.5515,5.054
4.5515,5.4325
4.5515,4.2132
4.5515,5.0468
4.5515,3.7829
4.5515,4.8474
-5.7287,-5.9135
-5.7287,-5.6973
-5.7287,-5.1508
-5.7287,-5.9841
-5.7287,-6.3977
-5.7287,-5.2677
-5.7287,-6.5449
-5.7287,-5.1664
-5.7287,-6.2535
-5.7287,-4.8273
-5.7287,-5.994
-6.8176,-6.5908
-6.8176,-7.0038
-6.8176,-5.9135
-6.8176,-5.9841
-6.8176,-6.3977
-6.8176,-6.5449
-6.8176,-6.8399
-6.8176,-6.8821
-6.8176,-5.994
-6.8176,-7.6522
4.2376,4.1684
4.2376,3.5449
4.2376,3.5712
4.2376,4.5409
-8.8028,-9.5445
-8.8028,-8.0287
-8.8028,-9.0801
-6.2535,-5.6096
-6.2535,-7.0038
-6.2535,-5.6973
-6.2535,-5.9841
-6.2535,-6.5449
-6.2535,-6.6773
-6.2535,-5.7287
-6.2535,-6.0198
-6.2535,-6.8821
-6.2535,-5.994
4.8433,4.7357
4.8433,4.5345
4.8433,4.1443
4.8433,4.3243
4.8433,5.3535
4.8433,4.4546
4.8433,4.2725
4.8433,4.7262
4.8433,5.1961
4.8433,5.0362
4.8433,4.0683
4.8433,4.5515
4.8433,5.4325
4.8433,4.2132
4.8433,5.0468
4.8433,4.8474
5.054,4.9333
5.054,5.3511
5.054,5.7602
5.054,4.7772
5.054,4.5345
5.054,4.1443
5.054,4.4546
5.054,4.7262
5.054,4.2626
5.054,4.5908
5.054,4.1813
5.054,5.1961
5.054,5.5924
5.054,4.5515
5.054,5.4325
5.054,4.629
5.054,5.0468
5.054,5.2884
5.054,5.7346
5.054,4.8474
-3.2283,-3.4393
-3.2283,-3.9748
-3.2283,-3.5867
-3.2283,-2.4537
-3.2283,-2.9847
-3.2283,-4.0599
-3.2283,-3.843
-3.2283,-3.0845
-3.2283,-2.9395
-3.2283,-3.5564
-3.2283,-3.4138
-3.2283,-3.2508
-3.2283,-4.1289
-3.0845,-3.4393
-3.0845,-3.372
-3.0845,-3.5263
-3.0845,-3.5867
-3.0845,-2.4537
-3.0845,-2.9847
-3.0845,-2.3013
-3.0845,-4.0599
-3.0845,-2.6392
-3.0845,-3.1553
-3.0845,-3.2283
-3.0845,-2.3527
-3.0845,-2.9395
-3.0845,-3.4138
-3.0845,-3.2508
-3.0845,-3.6169
4.5409,3.5712
4.5409,4.2376
4.5409,4.0885
4.3575,4.9333
4.3575,3.9304
4.3575,5.0382
4.3575,4.2626
4.3575,4.5908
4.3575,5.32
4.3575,4.629
4.3575,5.2884
4.3575,4.7978
-4.8273,-4.1748
-4.8273,-5.6973
-4.8273,-5.1508
-4.8273,-5.2677
-4.8273,-4.789
-4.8273,-5.1664
-4.8273,-5.7287
-4.8273,-4.7327
-3.0121,-2.9395
-3.0121,-3.5564
-3.0121,-3.4138
-3.8192,-4.2666
-3.8192,-3.5564
-2.3527,-2.4537
-2.3527,-2.9847
-2.3527,-2.3013
-2.3527,-3.1553
-2.3527,-3.0845
-2.3527,-2.9395
-2.3527,-3.2508
-6.0198,-5.6096
-6.0198,-5.6973
-6.0198,-5.7721
-6.0198,-5.1508
-6.0198,-6.5449
-6.0198,-6.6773
-6.0198,-6.2535
-6.0198,-6.8821
-6.0198,-5.994
-0.17889,-0.244
-0.17889,-0.76729
-0.17889,-0.30433
-0.17889,-0.53244
-0.17889,-1.0213
-4.3906,-3.4393
-4.3906,-4.5647
-4.3906,-3.5263
-4.3906,-3.5867
-4.3906,-4.3082
-4.3906,-4.0599
-4.3906,-3.843
-4.3906,-5.1323
-4.3906,-4.326
-4.3906,-3.6169
-4.3906,-4.853
-4.3906,-4.1289
5.32,5.9706
5.32,4.9333
5.32,5.3511
5.32,5.0382
5.32,5.5434
5.32,6.3121
5.32,5.7297
5.32,4.5908
5.32,5.5924
5.32,4.3575
5.32,5.2884
5.32,4.7978
4.0984,4.9084
4.0984,4.1623
4.0984,4.9558
5.4325,5.9706
5.4325,4.9333
5.4325,5.3511
5.4325,5.7602
5.4325,4.7772
5.4325,4.5345
5.4325,5.3535
5.4325,4.7262
5.4325,5.1961
5.4325,5.5924
5.4325,4.5515
5.4325,4.8433
5.4325,5.054
5.4325,5.8949
5.4325,4.629
5.4325,5.0468
5.4325,5.7346
5.4325,4.8474
-6.8399,-6.0251
-6.8399,-6.5908
-6.8399,-7.0038
-6.8399,-5.9135
-6.8399,-5.9841
-6.8399,-6.3977
-6.8399,-6.5449
-6.8399,-6.8176
-6.8399,-7.5054
-6.8399,-7.6522
4.9558,5.3802
4.9558,4.9084
4.9558,4.1623
4.9558,5.2467
4.9558,5.3
4.9558,5.0162
4.9558,4.0984
4.9558,4.4787
5.8949,5.3511
5.8949,5.7602
5.8949,5.3535
5.8949,5.1961
5.8949,5.0362
5.8949,5.4325
5.8949,5.0468
5.8949,5.7346
4.2132,3.6404
4.2132,4.7357
4.2132,3.467
4.2132,4.3243
4.2132,4.4546
4.2132,4.2725
4.2132,4.7262
4.2132,3.3487
4.2132,5.0362
4.2132,4.0683
4.2132,4.5515
4.2132,4.8433
4.2132,3.7829
4.2132,4.0885
4.2132,4.8474
7.0102,7.1099
7.0102,6.1501
7.0102,6.0899
-2.0525,-1.6579
-2.0525,-2.3064
-2.0525,-2.9357
-2.0525,-1.5889
-2.0525,-2.1732
-6.8821,-7.0038
-6.8821,-6.5449
-6.8821,-6.6773
-6.8821,-6.8176
-6.8821,-6.2535
-6.8821,-6.0198
-6.8821,-7.381
4.629,4.9333
4.629,5.3511
4.629,3.9304
4.629,5.0382
4.629,4.7772
4.629,4.5345
4.629,4.1443
4.629,4.4546
4.629,4.0055
4.629,4.2626
4.629,4.5908
4.629,4.1813
4.629,5.1961
4.629,5.054
4.629,4.3575
4.629,5.4325
4.629,5.2884
-7.5054,-6.5908
-7.5054,-6.8399
-7.5054,-7.6522
-2.9395,-3.5867
-2.9395,-2.4537
-2.9395,-2.9847
-2.9395,-3.843
-2.9395,-3.2283
-2.9395,-3.0845
-2.9395,-3.0121
-2.9395,-2.3527
-2.9395,-3.5564
-2.9395,-3.4138
-2.9395,-3.2508
5.0468,5.3511
5.0468,4.7772
5.0468,4.5345
5.0468,5.3535
5.0468,4.4546
5.0468,4.2725
5.0468,4.7262
5.0468,5.1961
5.0468,5.0362
5.0468,4.5515
5.0468,4.8433
5.0468,5.054
5.0468,5.4325
5.0468,5.8949
5.0468,5.7346
5.0468,4.8474
-3.4431,-3.372
-3.4431,-3.5263
-3.4431,-2.8125
-3.4431,-4.3082
-3.4431,-2.6392
-3.4431,-3.1553
-3.4431,-3.8162
-3.4431,-2.9211
-3.4431,-3.6169
-3.5564,-4.1967
-3.5564,-3.9748
-3.5564,-3.5867
-3.5564,-4.2666
-3.5564,-3.843
-3.5564,-3.2283
-3.5564,-3.0121
-3.5564,-3.8192
-3.5564,-2.9395
-3.5564,-3.4138
5.2884,5.9706
5.2884,4.9333
5.2884,5.3511
5.2884,5.0382
5.2884,5.5434
5.2884,4.7772
5.2884,5.7297
5.2884,4.5908
5.2884,5.5924
5.2884,5.054
5.2884,4.3575
5.2884,5.32
5.2884,4.629
5.2884,4.7978
6.072,6.1501
6.072,5.9889
6.072,5.2467
6.072,5.7686
6.072,5.3
6.072,6.7492
6.072,6.4602
-9.0801,-8.5784
-9.0801,-8.9477
-9.0801,-9.5445
-9.0801,-9.6179
-9.0801,-8.8028
3.7829,3.2884
3.7829,3.6404
3.7829,4.1443
3.7829,3.467
3.7829,4.3243
3.7829,4.4546
3.7829,4.2725
3.7829,3.0173
3.7829,3.3487
3.7829,3.7885
3.7829,4.0683
3.7829,4.5515
3.7829,4.2132
-4.326,-3.4393
-4.326,-3.372
-4.326,-3.5263
-4.326,-4.3082
-4.326,-4.0599
-4.326,-5.1323
-4.326,-3.8162
-4.326,-4.3906
-4.326,-3.6169
-4.326,-4.1289
-5.994,-5.9135
-5.994,-5.6973
-5.994,-5.1508
-5.994,-5.9841
-5.994,-6.3977
-5.994,-6.5449
-5.994,-5.1664
-5.994,-5.7287
-5.994,-6.8176
-5.994,-6.2535
-5.994,-6.0198
-4.7327,-5.6096
-4.7327,-5.1508
-4.7327,-4.8273
-7.6522,-7.0038
-7.6522,-6.8176
-7.6522,-6.8399
-7.6522,-7.5054
-3.4138,-4.1967
-3.4138,-3.9748
-3.4138,-3.5867
-3.4138,-2.4537
-3.4138,-4.0599
-3.4138,-3.843
-3.4138,-3.2283
-3.4138,-3.0845
-3.4138,-3.0121
-3.4138,-2.9395
-3.4138,-3.5564
-3.4138,-3.2508
-3.4138,-4.1289
4.7978,5.0382
4.7978,5.7297
4.7978,4.3575
4.7978,5.32
4.7978,5.2884
-3.2508,-3.4393
-3.2508,-3.372
-3.2508,-3.5263
-3.2508,-3.5867
-3.2508,-2.9847
-3.2508,-4.0599
-3.2508,-3.1553
-3.2508,-3.843
-3.2508,-3.2283
-3.2508,-3.0845
-3.2508,-2.3527
-3.2508,-2.9395
-3.2508,-3.4138
-3.2508,-3.6169
-3.2508,-4.1289
-7.381,-7.0038
-7.381,-6.6773
-7.381,-6.8821
-0.30433,-1.2448
-0.30433,-0.94115
-0.30433,-0.17889
-0.30433,-0.53244
2.2544,2.7726
2.2544,3.0706
2.2544,3.0173
5.7346,5.3511
5.7346,6.372
5.7346,5.7602
5.7346,5.3535
5.7346,5.1961
5.7346,5.054
5.7346,5.4325
5.7346,5.8949
5.7346,5.0468
5.7346,4.8474
-3.2094,-2.3064
-3.2094,-2.7914
-3.2094,-2.9357
-3.2094,-2.6256
-3.2094,-2.2491
4.4787,5.3802
4.4787,4.9426
4.4787,3.7057
4.4787,4.1623
4.4787,5.3
4.4787,5.0162
4.4787,4.9558
-3.6169,-3.4393
-3.6169,-3.372
-3.6169,-3.5263
-3.6169,-3.5867
-3.6169,-4.3082
-3.6169,-2.9847
-3.6169,-4.0599
-3.6169,-3.1553
-3.6169,-3.843
-3.6169,-3.8162
-3.6169,-3.0845
-3.6169,-4.3906
-3.6169,-3.4431
-3.6169,-4.326
-3.6169,-3.2508
-3.6169,-4.1289
-4.853,-4.1967
-4.853,-4.5647
-4.853,-5.1323
-4.853,-4.3906
-4.853,-4.1289
-4.1289,-3.4393
-4.1289,-4.1967
-4.1289,-4.5647
-4.1289,-3.9748
-4.1289,-3.5867
-4.1289,-4.0599
-4.1289,-3.843
-4.1289,-3.2283
-4.1289,-4.3906
-4.1289,-4.326
-4.1289,-3.4138
-4.1289,-3.2508
-4.1289,-3.6169
-4.1289,-4.853
4.0885,4.7357
4.0885,3.467
4.0885,4.3243
4.0885,3.5712
4.0885,3.4416
4.0885,3.3487
4.0885,4.5409
4.0885,4.2132
-0.53244,-1.2448
-0.53244,-0.94115
-0.53244,-1.3325
-0.53244,-0.76729
-0.53244,-0.17889
-0.53244,-0.30433
-0.53244,-1.0213
-1.5664,-1.6355
-1.5664,-1.3325
-1.5664,-1.4474
-1.5664,-0.77635
-1.5664,-1.8691
-1.5664,-1.7849
-1.5664,-0.76729
-1.5664,-2.0052
-1.5664,-1.8937
-1.5664,-1.5889
-1.5664,-2.2491
-1.5664,-1.0213
4.8474,4.7772
4.8474,4.7357
4.8474,4.5345
4.8474,4.1443
4.8474,5.3535
4.8474,4.4546
4.8474,4.2725
4.8474,4.7262
4.8474,4.1813
4.8474,5.1961
4.8474,5.0362
4.8474,4.0683
4.8474,4.5515
4.8474,4.8433
4.8474,5.054
4.8474,5.4325
4.8474,4.2132
4.8474,5.0468
4.8474,5.7346
-1.0213,-1.2448
-1.0213,-1.6355
-1.0213,-1.3325
-1.0213,-0.244
-1.0213,-1.4474
-1.0213,-0.77635
-1.0213,-1.8691
-1.0213,-0.76729
-1.0213,-1.8937
-1.0213,-1.5889
-1.0213,-0.17889
-1.0213,-0.53244
-1.0213,-1.5664
-9.7898,-10
9.8997,10
-9.5445,-10
9.6246,10
