4.5872,4.8894
4.5872,5.0418
4.5872,3.968
4.5872,4.7328
4.5872,3.8295
4.5872,3.9178
4.5872,5.0479
4.5872,4.1078
4.5872,4.3645
4.5872,4.5935
4.5872,5.28
4.5872,4.9109
-2.3153,-1.8333
-2.3153,-3.1075
-2.3153,-2.6008
-2.3153,-2.815
-2.3153,-1.8775
-2.3153,-3.0145
-2.3153,-2.2978
-2.3153,-2.1337
-5.0658,-5.3937
-5.0658,-5.5661
-5.0658,-4.3592
-5.0658,-4.6476
-3.3804,-3.9264
-3.3804,-3.1075
-3.3804,-2.815
-3.3804,-4.128
-3.3804,-3.0145
-3.3804,-3.6479
-3.3804,-3.5279
-3.3804,-3.4328
-3.3804,-2.584
-3.3804,-3.1788
2.0446,2.4244
5.144,5.4716
5.144,4.2757
5.144,4.9089
5.144,4.3372
5.144,4.937
4.0395,3.3402
4.0395,4.5756
4.0395,4.6154
4.0395,3.968
4.0395,3.7949
4.0395,4.1986
4.0395,4.9089
4.0395,4.3372
4.0395,4.937
-3.9264,-3.3804
-3.9264,-4.7939
-3.9264,-4.128
-3.9264,-3.0145
-3.9264,-3.6479
-3.9264,-4.4915
-3.9264,-3.5279
-3.9264,-4.3592
-3.9264,-3.4328
-3.9264,-3.1788
6.6139,5.6746
6.6139,6.6175
6.6139,6.1193
4.8894,4.5872
4.8894,5.0418
4.8894,4.6154
4.8894,3.968
4.8894,5.0479
4.8894,5.6321
4.8894,4.1986
4.8894,5.6405
4.8894,5.5234
4.8894,5.8228
4.8894,4.5935
4.8894,5.28
4.8894,4.9109
5.6746,6.6139
5.6746,5.8028
5.6746,6.1753
5.6746,4.9269
5.6746,6.1193
5.6746,5.3838
5.6746,5.3074
5.6746,4.9074
-5.3937,-5.0658
-5.3937,-4.4915
-1.8333,-2.3153
-1.8333,-1.1708
-1.8333,-2.6008
-1.8333,-1.8775
-1.8333,-2.2978
-1.8333,-1.533
-1.8333,-2.1337
-1.8333,-1.1517
-0.58177,-1.4019
-0.58177,-0.46683
-1.5372,-2.0947
-1.5372,-1.6654
5.5253,6.2156
5.5253,5.8028
5.5253,5.1497
5.5253,6.1753
5.5253,4.9189
5.5253,5.212
5.5253,5.3838
3.3402,4.0395
3.3402,3.968
3.3402,2.7162
3.3402,3.7949
3.3402,4.1986
3.3402,3.2616
4.0021,4.4896
4.0021,4.9074
5.9887,6.6171
5.9887,5.9864
5.9887,5.9324
5.9887,5.4716
5.9887,5.0479
5.9887,5.6321
5.9887,5.6405
5.9887,5.5234
5.9887,5.8228
-3.2378,-2.7721
-3.2378,-2.6138
-3.2378,-3.0526
-3.2378,-2.3029
-3.2378,-3.1178
-3.2378,-3.7367
-3.2378,-2.654
-5.0046,-5.5661
-5.0046,-4.6476
-3.1075,-2.3153
-3.1075,-3.3804
-3.1075,-2.6008
-3.1075,-2.815
-3.1075,-3.0145
-3.1075,-2.2978
-3.1075,-3.4328
-3.1075,-3.8146
-3.1075,-3.1623
-6.4545,-7.1582
-6.4545,-5.8676
-6.4545,-6.3852
-6.4545,-5.8639
-6.4545,-6.685
-6.4545,-5.8603
-5.2265,-5.1144
-5.2265,-4.5917
-5.2265,-5.8434
-5.2265,-4.3118
-5.2265,-5.8639
-5.2265,-4.8934
-5.2265,-5.368
-5.2265,-5.8603
4.1052,3.3521
4.1052,4.7902
4.1052,3.6812
4.1052,4.1874
4.1052,3.7324
4.1052,3.8971
4.1052,4.3227
4.1052,4.7582
-1.3252,-2.3029
-1.3252,-1.4019
-1.3252,-1.9771
-1.3252,-1.6802
-1.3252,-1.209
-1.3252,-0.46683
-1.1708,-1.8333
-1.1708,-1.8775
-1.1708,-1.6621
-1.1708,-2.1337
-1.1708,-1.1517
3.3521,4.1052
3.3521,3.1076
3.3521,2.4501
3.3521,3.129
3.3521,2.4244
3.3521,3.6812
3.3521,2.7787
3.3521,3.7324
4.5756,4.0395
4.5756,4.6154
4.5756,3.968
4.5756,5.4716
4.5756,3.7949
4.5756,5.0479
4.5756,4.1986
4.5756,4.9089
4.5756,4.3372
4.5756,4.937
-6.279,-6.8582
-6.279,-5.8876
-6.279,-5.4523
-6.279,-6.2848
-6.279,-5.8882
-6.279,-6.3295
4.1146,3.6268
4.1146,4.4917
4.1146,4.4543
4.1146,4.9189
4.1146,4.3923
3.6268,4.1146
3.6268,4.4917
3.6268,4.4896
-2.5756,-2.0947
-2.5756,-2.4913
6.6171,5.9887
6.6171,5.6405
6.6171,5.8228
5.9864,5.9887
5.9864,5.5207
5.9864,5.6321
5.9864,5.6405
5.9864,5.8228
5.9864,6.5234
5.9864,6.2352
5.9864,5.28
3.1804,3.129
5.9324,5.9887
5.9324,5.4716
5.9324,5.5234
3.1076,3.3521
3.1076,2.4244
3.1076,3.0944
3.1076,3.6812
3.1076,2.7787
3.1076,3.7324
3.1076,3.8971
-6.8582,-6.279
-6.8582,-7.1903
-6.8582,-7.5311
-6.8582,-6.2848
-6.8582,-6.6664
5.0418,4.5872
5.0418,4.8894
5.0418,5.0479
5.0418,5.6321
5.0418,5.6405
5.0418,5.5234
5.0418,5.8228
5.0418,4.5935
5.0418,5.28
5.0418,4.9109
-2.7721,-3.2378
-2.7721,-2.1138
-2.7721,-2.6138
-2.7721,-3.0526
-2.7721,-2.3029
-2.7721,-3.1178
-2.7721,-1.9771
-2.7721,-3.7367
-2.7721,-2.654
6.2156,5.5253
6.2156,6.1753
6.6175,6.6139
6.6175,5.8028
6.6175,6.1753
-5.5993,-4.723
-5.5993,-5.343
-4.7939,-3.9264
-4.7939,-4.128
-4.7939,-4.4915
-2.6008,-2.3153
-2.6008,-1.8333
-2.6008,-3.1075
-2.6008,-2.299
-2.6008,-3.0145
-2.6008,-2.2978
-2.6008,-3.1623
-2.1138,-2.7721
-2.1138,-2.3029
-2.1138,-2.4015
-2.1138,-3.1178
-2.1138,-1.4019
-2.1138,-1.9771
-2.1138,-2.654
4.702,5.2439
4.702,4.7902
4.702,4.7678
4.702,4.7328
4.702,3.8971
4.702,4.3227
4.702,4.1122
4.702,5.25
-2.815,-2.3153
-2.815,-3.3804
-2.815,-3.1075
-2.815,-1.8775
-2.815,-3.0145
-2.815,-2.2978
-2.815,-3.6479
-2.815,-2.2198
-2.815,-2.1337
-2.815,-3.5279
-2.815,-3.4328
-2.815,-2.584
-2.815,-3.1788
5.2439,4.702
5.2439,4.7902
5.2439,4.7678
5.2439,5.8619
5.2439,6.0148
5.2439,5.25
-7.1582,-6.4545
-7.1582,-7.7095
-7.1582,-6.685
-3.3913,-2.6138
-3.3913,-3.0526
-3.3913,-2.4913
-2.6138,-3.2378
-2.6138,-2.7721
-2.6138,-3.3913
-2.6138,-3.0526
-2.6138,-2.0947
-2.6138,-2.3029
-2.6138,-1.9771
-2.6138,-1.6802
-2.6138,-2.4913
4.4917,4.1146
4.4917,3.6268
4.4917,5.1497
4.4917,4.9269
4.4917,4.4896
4.4917,4.9189
4.4917,5.3838
4.4917,5.3074
4.4917,4.9074
-4.128,-3.3804
-4.128,-3.9264
-4.128,-4.7939
-4.128,-3.6479
-4.128,-4.4915
-4.128,-3.4328
-4.128,-3.8146
4.6154,4.0395
4.6154,4.8894
4.6154,4.5756
4.6154,3.968
4.6154,5.4716
4.6154,5.0479
4.6154,4.1986
4.6154,5.5234
4.6154,4.9089
4.6154,4.5935
4.6154,4.937
3.968,4.5872
3.968,4.0395
3.968,4.8894
3.968,3.3402
3.968,4.5756
3.968,4.6154
3.968,3.8295
3.968,4.1986
3.968,3.2616
3.968,4.5935
5.8028,5.6746
5.8028,5.5253
5.8028,6.6175
5.8028,5.1497
5.8028,6.1753
5.8028,4.9269
5.8028,4.9189
5.8028,6.1193
5.8028,5.3838
5.8028,5.3074
-1.8775,-2.3153
-1.8775,-1.8333
-1.8775,-1.1708
-1.8775,-2.815
-1.8775,-1.6621
-1.8775,-2.2978
-1.8775,-2.2198
-1.8775,-2.1337
-1.8775,-1.1517
4.7902,4.1052
4.7902,4.702
4.7902,5.2439
4.7902,3.8971
4.7902,4.3227
4.7902,4.7582
-5.5661,-5.0658
-5.5661,-5.0046
-5.5661,-4.6476
2.4501,3.3521
2.4501,3.129
2.4501,1.9729
2.4501,2.4244
2.4501,2.7787
2.4501,1.623
5.4716,5.144
5.4716,5.9887
5.4716,4.5756
5.4716,5.9324
5.4716,4.6154
5.4716,5.0479
5.4716,5.6405
5.4716,5.5234
5.4716,4.9089
5.4716,4.937
-5.1144,-5.2265
-5.1144,-5.8676
-5.1144,-4.723
-5.1144,-4.5917
-5.1144,-5.8639
-5.1144,-5.343
-5.1144,-5.8603
4.7678,4.702
4.7678,5.2439
4.7678,4.7328
4.7678,5.5207
4.7678,4.3645
4.7678,4.1122
4.7678,5.25
-2.299,-2.6008
-2.299,-2.2978
-2.299,-1.533
-2.299,-3.1623
-5.8676,-6.4545
-5.8676,-5.1144
-5.8676,-6.3852
-5.8676,-5.8639
-5.8676,-5.343
-5.8676,-5.8603
5.8619,5.2439
5.8619,5.5207
5.8619,6.0148
5.8619,6.2352
5.8619,5.25
-7.1903,-6.8582
-7.1903,-6.3295
-3.0145,-2.3153
-3.0145,-3.3804
-3.0145,-3.9264
-3.0145,-3.1075
-3.0145,-2.6008
-3.0145,-2.815
-3.0145,-2.2978
-3.0145,-3.6479
-3.0145,-2.1337
-3.0145,-3.4328
-3.0145,-2.584
-7.55,-8.2889
-7.55,-7.8862
-1.6621,-1.1708
-1.6621,-1.8775
-1.6621,-2.2198
-1.6621,-2.1337
-1.6621,-2.584
4.7328,4.5872
4.7328,4.702
4.7328,4.7678
4.7328,5.5207
4.7328,4.1078
4.7328,4.3645
4.7328,4.1122
4.7328,5.28
4.7328,4.9109
4.7328,5.25
4.4543,4.1146
4.4543,5.1497
4.4543,4.9189
4.4543,4.3923
4.4543,5.212
5.1497,5.5253
5.1497,4.4917
5.1497,5.8028
5.1497,4.4543
5.1497,4.9269
5.1497,4.9189
5.1497,5.212
5.1497,5.3838
3.129,3.3521
3.129,3.1804
3.129,2.4501
3.129,2.7787
3.129,3.7324
3.8295,4.5872
3.8295,3.968
3.8295,3.9178
3.8295,4.1986
3.8295,3.2616
3.8295,4.5935
6.1753,5.6746
6.1753,5.5253
6.1753,6.2156
6.1753,6.6175
6.1753,5.8028
6.1753,5.3838
1.9729,2.4501
1.9729,1.623
-5.1062,-4.2935
-5.1062,-5.8876
-5.1062,-5.8434
-5.1062,-5.4523
-5.1062,-4.8934
-5.1062,-5.368
-5.1062,-5.0605
-5.1062,-4.1527
2.4244,2.0446
2.4244,3.3521
2.4244,3.1076
2.4244,2.4501
2.4244,2.7787
2.4244,1.623
-2.2978,-2.3153
-2.2978,-1.8333
-2.2978,-3.1075
-2.2978,-2.6008
-2.2978,-2.815
-2.2978,-1.8775
-2.2978,-2.299
-2.2978,-3.0145
-2.2978,-1.533
-2.2978,-2.1337
3.9178,4.5872
3.9178,3.8295
3.9178,4.1078
3.9178,4.3645
3.9178,4.5935
3.9178,4.9109
-4.723,-5.5993
-4.723,-5.1144
-4.723,-5.343
-5.2069,-5.8882
-5.2069,-5.0605
-2.9798,-2.4015
4.9269,5.6746
4.9269,4.4917
4.9269,5.8028
4.9269,5.1497
4.9269,4.4896
4.9269,4.9189
4.9269,5.3838
4.9269,5.3074
4.9269,4.9074
-4.2935,-5.1062
-4.2935,-5.0605
-4.2935,-4.1527
-4.5917,-5.2265
-4.5917,-5.1144
-4.5917,-4.3118
-4.5917,-4.8934
-3.0526,-3.2378
-3.0526,-2.7721
-3.0526,-3.3913
-3.0526,-2.6138
-3.0526,-2.3029
-3.0526,-3.7367
-3.0526,-2.4913
2.7162,3.3402
2.7162,3.317
3.7949,4.0395
3.7949,3.3402
3.7949,4.5756
3.7949,4.1986
3.7949,3.317
3.7949,4.2757
3.7949,4.3372
-2.0947,-1.5372
-2.0947,-2.5756
-2.0947,-2.6138
-2.0947,-2.3029
-2.0947,-1.6802
-2.0947,-1.209
-2.0947,-2.4913
-2.0947,-1.6654
5.0479,4.5872
5.0479,4.8894
5.0479,5.9887
5.0479,4.5756
5.0479,5.0418
5.0479,4.6154
5.0479,5.4716
5.0479,4.1986
5.0479,5.6405
5.0479,5.5234
5.0479,5.8228
5.0479,4.9089
5.0479,4.5935
3.0944,3.1076
3.0944,3.6812
3.0944,3.8971
3.0944,3.5323
4.4896,4.0021
4.4896,3.6268
4.4896,4.4917
4.4896,4.9269
4.4896,4.9189
4.4896,5.3074
4.4896,4.9074
-7.5311,-6.8582
-7.5311,-7.7095
3.6812,4.1052
3.6812,3.3521
3.6812,3.1076
3.6812,3.0944
3.6812,3.7324
3.6812,3.8971
3.6812,4.3227
-9.8169,-8.808
-7.2289,-6.3852
4.9189,5.5253
4.9189,4.1146
4.9189,4.4917
4.9189,5.8028
4.9189,4.4543
4.9189,5.1497
4.9189,4.9269
4.9189,4.4896
4.9189,5.3838
6.1193,6.6139
6.1193,5.6746
6.1193,5.8028
6.1193,5.6671
6.1193,5.3074
-2.3029,-3.2378
-2.3029,-1.3252
-2.3029,-2.7721
-2.3029,-2.1138
-2.3029,-2.6138
-2.3029,-3.0526
-2.3029,-2.0947
-2.3029,-1.9771
-2.3029,-1.6802
-2.3029,-2.4913
-2.3029,-2.654
-2.4015,-2.1138
-2.4015,-2.9798
-2.4015,-3.1178
-2.4015,-1.8714
-2.4015,-2.654
5.5207,5.9864
5.5207,4.7678
5.5207,5.8619
5.5207,4.7328
5.5207,5.6321
5.5207,6.2352
5.5207,5.28
5.5207,4.9109
5.5207,5.25
-5.8876,-6.279
-5.8876,-5.1062
-5.8876,-5.8434
-5.8876,-5.4523
-5.8876,-6.2848
-5.8876,-5.368
-5.8876,-6.6664
-5.8876,-5.8603
5.6321,4.8894
5.6321,5.9887
5.6321,5.9864
5.6321,5.0418
5.6321,5.5207
5.6321,5.6405
5.6321,5.5234
5.6321,5.8228
5.6321,6.5234
5.6321,5.28
5.6321,4.9109
-3.8213,-3.1178
-3.8213,-3.7367
-3.6479,-3.3804
-3.6479,-3.9264
-3.6479,-2.815
-3.6479,-4.128
-3.6479,-3.0145
-3.6479,-4.4915
-3.6479,-3.5279
-3.6479,-3.4328
-3.6479,-3.1788
-5.8434,-5.2265
-5.8434,-5.1062
-5.8434,-5.8876
-5.8434,-5.8639
-5.8434,-5.4523
-5.8434,-6.2848
-5.8434,-4.8934
-5.8434,-5.368
-5.8434,-6.6664
-5.8434,-6.685
-5.8434,-5.8603
2.7787,3.3521
2.7787,3.1076
2.7787,2.4501
2.7787,3.129
2.7787,2.4244
2.7787,3.7324
4.1078,4.5872
4.1078,4.7328
4.1078,3.9178
4.1078,4.3645
4.1078,4.9109
4.1874,4.1052
4.1874,3.7324
4.1874,4.7582
-6.3852,-6.4545
-6.3852,-5.8676
-6.3852,-7.2289
4.3645,4.5872
4.3645,4.7678
4.3645,4.7328
4.3645,3.9178
4.3645,4.1078
4.3645,4.1122
4.3645,4.9109
4.3645,5.25
-3.1178,-3.2378
-3.1178,-2.7721
-3.1178,-2.1138
-3.1178,-2.4015
-3.1178,-3.8213
-3.1178,-3.7367
-3.1178,-2.654
-4.4915,-3.9264
-4.4915,-5.3937
-4.4915,-4.7939
-4.4915,-4.128
-4.4915,-3.6479
-4.4915,-3.5279
-4.4915,-4.3592
-4.4915,-3.8825
3.7324,4.1052
3.7324,3.3521
3.7324,3.1076
3.7324,3.129
3.7324,3.6812
3.7324,2.7787
3.7324,4.1874
4.1986,4.0395
4.1986,4.8894
4.1986,3.3402
4.1986,4.5756
4.1986,4.6154
4.1986,3.968
4.1986,3.8295
4.1986,3.7949
4.1986,5.0479
4.1986,3.2616
4.1986,4.9089
4.1986,4.5935
-1.4019,-0.58177
-1.4019,-1.3252
-1.4019,-2.1138
-1.4019,-1.9771
-4.3118,-5.2265
-4.3118,-4.5917
-4.3118,-4.8934
-4.3118,-4.1527
-1.9771,-1.3252
-1.9771,-2.7721
-1.9771,-2.1138
-1.9771,-2.6138
-1.9771,-2.3029
-1.9771,-1.4019
-1.9771,-1.6802
-1.9771,-2.654
3.317,2.7162
3.317,3.7949
3.317,4.2757
5.6405,4.8894
5.6405,5.9887
5.6405,6.6171
5.6405,5.9864
5.6405,5.0418
5.6405,5.4716
5.6405,5.0479
5.6405,5.6321
5.6405,5.5234
5.6405,5.8228
-1.6802,-1.3252
-1.6802,-2.6138
-1.6802,-2.0947
-1.6802,-2.3029
-1.6802,-1.9771
-1.6802,-1.209
-1.6802,-1.6654
6.0148,5.2439
6.0148,5.8619
-1.533,-1.8333
-1.533,-2.299
-1.533,-2.2978
-1.533,-1.1517
-3.7367,-3.2378
-3.7367,-2.7721
-3.7367,-3.0526
-3.7367,-3.8213
-3.7367,-3.1178
-5.8639,-6.4545
-5.8639,-5.2265
-5.8639,-5.1144
-5.8639,-5.8676
-5.8639,-5.8434
-5.8639,-5.368
-5.8639,-6.685
-5.8639,-5.8603
-1.8714,-2.4015
4.3923,4.1146
4.3923,4.4543
4.3923,5.212
5.5234,4.8894
5.5234,5.9887
5.5234,5.9324
5.5234,5.0418
5.5234,4.6154
5.5234,5.4716
5.5234,5.0479
5.5234,5.6321
5.5234,5.6405
5.5234,5.8228
5.5234,4.9089
-5.4523,-6.279
-5.4523,-5.1062
-5.4523,-5.8876
-5.4523,-5.8434
-5.4523,-6.2848
-5.4523,-4.8934
-5.4523,-5.368
-5.4523,-5.8882
-5.4523,-5.0605
-6.2848,-6.279
-6.2848,-6.8582
-6.2848,-5.8876
-6.2848,-5.8434
-6.2848,-5.4523
-6.2848,-5.8882
-6.2848,-6.6664
-6.2848,-6.685
3.8971,4.1052
3.8971,3.1076
3.8971,4.702
3.8971,4.7902
3.8971,3.0944
3.8971,3.6812
3.8971,4.3227
3.8971,4.1122
3.8971,3.5323
-8.2889,-7.55
-8.2889,-8.808
-5.343,-5.5993
-5.343,-5.1144
-5.343,-5.8676
-5.343,-4.723
5.8228,4.8894
5.8228,5.9887
5.8228,6.6171
5.8228,5.9864
5.8228,5.0418
5.8228,5.0479
5.8228,5.6321
5.8228,5.6405
5.8228,5.5234
5.8228,6.5234
5.8228,5.28
3.2616,3.3402
3.2616,3.968
3.2616,3.8295
3.2616,4.1986
-2.2198,-2.815
-2.2198,-1.8775
-2.2198,-1.6621
-2.2198,-2.1337
-2.2198,-2.6398
-2.2198,-2.584
-2.1337,-2.3153
-2.1337,-1.8333
-2.1337,-1.1708
-2.1337,-2.815
-2.1337,-1.8775
-2.1337,-3.0145
-2.1337,-1.6621
-2.1337,-2.2978
-2.1337,-2.2198
-2.1337,-2.584
4.3227,4.1052
4.3227,4.702
4.3227,4.7902
4.3227,3.6812
4.3227,3.8971
4.3227,4.1122
4.2757,5.144
4.2757,3.7949
4.2757,3.317
4.2757,4.3372
4.2757,4.937
-4.8934,-5.2265
-4.8934,-5.1062
-4.8934,-4.5917
-4.8934,-5.8434
-4.8934,-4.3118
-4.8934,-5.4523
-4.8934,-5.368
-4.8934,-4.1527
-8.808,-9.8169
-8.808,-8.2889
-3.5279,-3.3804
-3.5279,-3.9264
-3.5279,-2.815
-3.5279,-3.6479
-3.5279,-4.4915
-3.5279,-4.3592
-3.5279,-3.8825
-3.5279,-2.584
-3.5279,-3.1788
-4.3592,-5.0658
-4.3592,-3.9264
-4.3592,-4.4915
-4.3592,-3.5279
-4.3592,-3.8825
-4.3592,-4.6476
-1.1517,-1.8333
-1.1517,-1.1708
-1.1517,-1.8775
-1.1517,-1.533
-7.7095,-7.1582
-7.7095,-7.5311
-1.209,-1.3252
-1.209,-2.0947
-1.209,-1.6802
-1.209,-1.6654
-3.8825,-4.4915
-3.8825,-3.5279
-3.8825,-4.3592
-3.8825,-3.1788
-3.8825,-4.6476
4.9089,5.144
4.9089,4.0395
4.9089,4.5756
4.9089,4.6154
4.9089,5.4716
4.9089,5.0479
4.9089,4.1986
4.9089,5.5234
4.9089,4.3372
4.9089,4.937
5.212,5.5253
5.212,4.4543
5.212,5.1497
5.212,4.3923
4.5935,4.5872
4.5935,4.8894
4.5935,5.0418
4.5935,4.6154
4.5935,3.968
4.5935,3.8295
4.5935,3.9178
4.5935,5.0479
4.5935,4.1986
4.5935,4.9109
-5.368,-5.2265
-5.368,-5.1062
-5.368,-5.8876
-5.368,-5.8434
-5.368,-5.8639
-5.368,-5.4523
-5.368,-4.8934
-5.368,-5.8603
5.3838,5.6746
5.3838,5.5253
5.3838,4.4917
5.3838,5.8028
5.3838,5.1497
5.3838,6.1753
5.3838,4.9269
5.3838,4.9189
5.3838,5.3074
6.5234,5.9864
6.5234,5.6321
6.5234,5.8228
6.5234,6.2352
4.7582,4.1052
4.7582,4.7902
4.7582,4.1874
5.6671,6.1193
5.6671,4.9074
-2.4913,-2.5756
-2.4913,-3.3913
-2.4913,-2.6138
-2.4913,-3.0526
-2.4913,-2.0947
-2.4913,-2.3029
-2.4913,-1.6654
-5.8882,-6.279
-5.8882,-5.2069
-5.8882,-5.4523
-5.8882,-6.2848
-5.8882,-6.3295
-5.8882,-5.0605
4.3372,5.144
4.3372,4.0395
4.3372,4.5756
4.3372,3.7949
4.3372,4.2757
4.3372,4.9089
4.3372,4.937
-6.3295,-6.279
-6.3295,-7.1903
-6.3295,-5.8882
-6.3295,-6.1044
-2.6398,-2.2198
-2.6398,-2.584
-2.6398,-3.1788
6.2352,5.9864
6.2352,5.8619
6.2352,5.5207
6.2352,6.5234
6.2352,5.25
-3.4328,-3.3804
-3.4328,-3.9264
-3.4328,-3.1075
-3.4328,-2.815
-3.4328,-4.128
-3.4328,-3.0145
-3.4328,-3.6479
-3.4328,-3.8146
-6.1044,-6.3295
4.937,5.144
4.937,4.0395
4.937,4.5756
4.937,4.6154
4.937,5.4716
4.937,4.2757
4.937,4.9089
4.937,4.3372
5.3074,5.6746
5.3074,4.4917
5.3074,5.8028
5.3074,4.9269
5.3074,4.4896
5.3074,6.1193
5.3074,5.3838
5.3074,4.9074
-7.8862,-7.55
4.1122,4.702
4.1122,4.7678
4.1122,4.7328
4.1122,4.3645
4.1122,3.8971
4.1122,4.3227
4.1122,3.5323
-3.8146,-3.1075
-3.8146,-4.128
-3.8146,-3.4328
-3.8146,-3.1623
-5.0605,-5.1062
-5.0605,-5.2069
-5.0605,-4.2935
-5.0605,-5.4523
-5.0605,-5.8882
-6.6664,-6.8582
-6.6664,-5.8876
-6.6664,-5.8434
-6.6664,-6.2848
-6.6664,-6.685
-6.6664,-5.8603
-6.685,-6.4545
-6.685,-7.1582
-6.685,-5.8434
-6.685,-5.8639
-6.685,-6.2848
-6.685,-6.6664
-6.685,-5.8603
-2.584,-3.3804
-2.584,-2.815
-2.584,-3.0145
-2.584,-1.6621
-2.584,-2.2198
-2.584,-2.1337
-2.584,-3.5279
-2.584,-2.6398
-2.584,-3.1788
5.28,4.5872
5.28,4.8894
5.28,5.9864
5.28,5.0418
5.28,4.7328
5.28,5.5207
5.28,5.6321
5.28,5.8228
5.28,4.9109
5.28,5.25
-3.1623,-3.1075
-3.1623,-2.6008
-3.1623,-2.299
-3.1623,-3.8146
-5.8603,-6.4545
-5.8603,-5.2265
-5.8603,-5.1144
-5.8603,-5.8676
-5.8603,-5.8876
-5.8603,-5.8434
-5.8603,-5.8639
-5.8603,-5.368
-5.8603,-6.6664
-5.8603,-6.685
-0.46683,-0.58177
-0.46683,-1.3252
1.623,2.4501
1.623,1.9729
1.623,2.4244
4.9109,4.5872
4.9109,4.8894
4.9109,5.0418
4.9109,4.7328
4.9109,3.9178
4.9109,5.5207
4.9109,5.6321
4.9109,4.1078
4.9109,4.3645
4.9109,4.5935
4.9109,5.28
4.9109,5.25
-1.6654,-1.5372
-1.6654,-2.0947
-1.6654,-1.6802
-1.6654,-1.209
-1.6654,-2.4913
4.9074,5.6746
4.9074,4.0021
4.9074,4.4917
4.9074,4.9269
4.9074,4.4896
4.9074,5.6671
4.9074,5.3074
-3.1788,-3.3804
-3.1788,-3.9264
-3.1788,-2.815
-3.1788,-3.6479
-3.1788,-3.5279
-3.1788,-3.8825
-3.1788,-2.6398
-3.1788,-2.584
-4.6476,-5.0658
-4.6476,-5.0046
-4.6476,-5.5661
-4.6476,-4.3592
-4.6476,-3.8825
-4.1527,-5.1062
-4.1527,-4.2935
-4.1527,-4.3118
-4.1527,-4.8934
3.5323,3.0944
3.5323,3.8971
3.5323,4.1122
1.5511,1.2352
-2.654,-3.2378
-2.654,-2.7721
-2.654,-2.1138
-2.654,-2.3029
-2.654,-2.4015
-2.654,-3.1178
-2.654,-1.9771
5.25,4.702
5.25,5.2439
5.25,4.7678
5.25,5.8619
5.25,4.7328
5.25,5.5207
5.25,4.3645
5.25,6.2352
5.25,5.28
5.25,4.9109
1.2352,1.5511
