4.2099,5.0301
4.2099,4.7769
4.2099,3.8408
4.2099,4.6968
-2.2711,-1.7041
-2.2711,-2.7504
-2.2711,-2.8595
-2.2711,-2.3775
-2.2711,-1.596
-2.2711,-2.7517
-2.2711,-1.8858
-6.5085,-7.2359
-6.5085,-6.3205
-6.5085,-5.885
-3.3572,-3.3659
-3.3572,-3.8178
-3.3572,-2.7517
-3.3572,-2.9083
1.5846,0.81172
1.5846,2.0296
1.5846,2.0408
1.5846,1.5421
1.5846,1.6122
5.0534,4.6356
5.0534,4.3013
5.0534,5.1755
5.0534,4.3502
5.0534,5.2369
5.0534,4.7693
5.0534,5.4025
4.2051,4.6356
4.2051,4.3013
4.2051,3.8986
4.2051,3.7707
4.2051,4.3502
4.2051,4.0115
4.2051,4.7693
4.2051,3.2562
-4.5941,-5.3227
-4.5941,-4.382
6.9459,6.1518
6.9459,6.6137
6.9459,6.5386
4.7458,4.3013
4.7458,3.9095
4.7458,5.1755
4.7458,5.2559
4.7458,4.7693
4.7458,4.4097
6.1518,6.9459
6.1518,5.4644
6.1518,6.6137
6.1518,5.821
6.1518,6.5386
6.1518,5.219
6.1518,5.8059
-7.2359,-6.5085
-1.7041,-2.2711
-1.7041,-0.83678
-1.7041,-1.1689
-1.7041,-2.3775
-1.7041,-1.3507
-1.7041,-2.0595
-1.7041,-1.596
-1.7041,-1.8858
0.50519,1.3469
-1.6169,-0.75584
-1.6169,-1.5714
-1.6169,-0.89088
-1.6169,-2.0938
5.9615,5.6918
5.9615,6.568
5.9615,5.1394
5.9615,5.4644
5.9615,5.821
5.9615,5.1496
4.6356,5.0534
4.6356,4.2051
4.6356,3.7707
4.6356,4.3502
4.6356,4.0115
4.6356,5.2369
4.6356,4.7693
3.1944,2.6448
5.6645,5.8225
5.6645,5.1755
5.6645,6.4757
5.6645,4.8256
5.6645,5.2559
5.6645,6.2187
-2.739,-2.5295
-2.739,-2.5372
-2.739,-3.1933
-2.739,-3.2651
-2.739,-2.2728
-5.7517,-6.1439
-2.7504,-2.2711
-2.7504,-2.8595
-2.7504,-3.3659
-2.7504,-2.3775
-2.7504,-3.596
-2.7504,-2.7517
-2.7504,-1.8858
-6.6138,-6.108
-6.6138,-7.3308
-6.6138,-5.9449
-5.6594,-6.108
-5.6594,-5.1999
-5.6594,-5.2773
-5.6594,-5.1266
-5.6594,-4.9059
-5.6594,-5.9449
3.4944,2.8504
3.4944,3.072
-0.75584,-1.6169
-0.75584,-1.5714
-0.75584,-1.1042
-0.75584,-0.89088
-0.83678,-1.7041
-0.83678,-1.1689
-0.83678,-0.41523
-0.83678,-1.3507
-0.83678,-1.1351
-0.83678,-1.596
-0.83678,-0.74478
2.2879,2.2594
2.2879,1.6477
2.2879,2.4525
2.2879,2.0408
2.2879,1.5421
2.2879,2.8504
-7.9685,-8.9586
-7.9685,-7.3603
4.3013,5.0534
4.3013,4.2051
4.3013,4.7458
4.3013,3.8986
4.3013,3.7578
4.3013,3.7707
4.3013,5.1755
4.3013,4.3502
4.3013,4.7693
4.3013,4.4097
-5.513,-6.1439
-5.513,-4.6418
-5.513,-5.0273
-5.513,-5.8558
-5.513,-5.477
4.5258,5.1394
4.5258,4.4914
4.5258,5.1496
2.4821,2.6448
2.4821,3.312
2.4821,2.1044
-1.5714,-1.6169
-1.5714,-0.75584
-1.5714,-1.916
-1.5714,-1.1042
-1.5714,-1.9616
-1.5714,-2.0938
-1.5714,-0.83885
7.0752,6.2187
6.2117,5.8798
6.2117,5.6594
6.2117,5.9243
6.2117,6.7635
6.2117,6.2187
6.2117,5.4436
2.2594,2.2879
2.2594,1.6477
2.2594,3.0337
2.2594,2.8504
5.8225,5.6645
5.8225,5.1755
5.8225,5.4025
2.6826,2.0296
2.6826,2.6698
2.6826,3.2676
-5.8558,-6.108
-5.8558,-5.2773
-5.8558,-5.1266
-5.8558,-5.8558
-5.8558,-6.5682
-5.8558,-5.477
3.9095,4.7458
3.9095,3.7578
3.9095,3.2748
3.9095,4.4097
-2.5295,-2.739
-2.5295,-2.4814
-2.5295,-3.0487
-2.5295,-1.9616
-2.5295,-3.2651
-2.5295,-1.6209
-2.5295,-2.2728
8.5982,9.3864
8.5982,8.9492
5.6918,5.9615
5.6918,5.1394
5.6918,5.1496
2.6448,3.1944
2.6448,2.4821
2.6448,3.312
2.6448,2.1044
6.568,5.9615
6.568,6.6137
6.568,5.821
-6.2103,-7.0969
-6.2103,-5.4663
-6.3205,-6.5085
-6.3205,-5.8171
-2.8595,-2.2711
-2.8595,-2.7504
-2.8595,-3.596
-1.5102,-0.77893
-1.5102,-1.6209
-1.5102,-1.1242
-1.5102,-1.8804
-1.5102,-2.2728
5.1594,4.4938
5.1594,5.8798
5.1594,5.4051
5.1594,5.5426
5.1594,4.6968
-3.3659,-3.3572
-3.3659,-2.7504
-3.3659,-3.596
-3.3659,-2.7517
-3.3659,-2.9083
6.1106,5.5426
6.1106,6.908
6.1106,6.2692
-6.8345,-7.0969
-6.8345,-6.2624
-6.8345,-7.3308
-2.4814,-2.5295
-2.4814,-1.916
-2.4814,-3.0487
-2.4814,-1.9616
-2.4814,-2.7038
-2.4814,-2.0938
-1.916,-1.5714
-1.916,-2.4814
-1.916,-1.1042
-1.916,-1.9616
-1.916,-1.6209
-1.916,-2.0938
3.312,2.4821
3.312,2.6448
-5.3227,-4.5941
-5.3227,-5.885
3.8986,4.2051
3.8986,4.3013
3.8986,3.7578
3.8986,3.2748
3.8986,3.7707
3.8986,4.3502
3.8986,2.9614
3.8986,4.7693
3.8986,3.2562
3.7578,4.3013
3.7578,3.9095
3.7578,3.8986
3.7578,3.2748
3.7578,4.3502
3.7578,2.9614
3.7578,4.4097
5.2605,4.8501
5.2605,5.219
5.2605,5.8059
5.2605,4.3661
-1.1689,-1.7041
-1.1689,-0.83678
-1.1689,-0.41523
-1.1689,-1.3507
-1.1689,-2.0595
-1.1689,-1.9144
5.0671,5.5426
-6.5553,-5.885
-6.5553,-6.4299
1.6477,2.2879
1.6477,2.2594
1.6477,1.1619
1.6477,1.5421
-4.3497,-4.4965
-4.3497,-5.1999
-4.3497,-5.2773
-4.3497,-4.0664
-4.3497,-4.9059
4.4938,5.1594
4.4938,3.8408
4.4938,3.9545
4.4938,4.6968
-1.7114,-1.1351
-1.7114,-1.8858
-4.9658,-3.9901
-4.9658,-4.4965
-4.9658,-5.1999
5.8798,6.2117
5.8798,5.1594
5.8798,5.0301
5.8798,5.6594
5.8798,5.4051
5.8798,5.5426
5.8798,6.7635
5.8798,6.2692
-6.1439,-5.7517
-6.1439,-5.513
-6.1439,-6.7087
-6.1439,-5.8558
-6.1439,-6.8034
-2.3775,-2.2711
-2.3775,-1.7041
-2.3775,-2.7504
-2.3775,-2.0595
-2.3775,-1.9144
-2.3775,-2.7517
-2.3775,-1.8858
-2.3775,-2.9083
-6.7619,-7.5468
-6.7619,-6.6114
-6.7619,-7.3603
-0.41523,-0.83678
-0.41523,-1.1689
-0.41523,-1.3507
-0.41523,-0.74478
5.0301,4.2099
5.0301,5.8798
5.0301,4.7769
5.0301,5.6594
5.0301,5.4051
5.0301,4.6968
5.0301,5.4436
5.1394,5.9615
5.1394,4.5258
5.1394,5.6918
5.1394,5.4644
5.1394,5.821
5.1394,4.4914
5.1394,4.8501
5.1394,5.1496
5.1394,5.219
5.4644,6.1518
5.4644,5.9615
5.4644,5.1394
5.4644,5.821
5.4644,4.4914
5.4644,4.8501
5.4644,5.219
5.4644,5.8059
2.4525,2.2879
2.4525,2.0408
2.4525,1.5421
2.4525,2.8504
2.4525,2.6698
2.4525,3.072
3.2748,3.9095
3.2748,3.8986
3.2748,3.7578
3.2748,2.9614
6.6137,6.9459
6.6137,6.1518
6.6137,6.568
6.6137,5.821
0.81172,1.5846
-4.6418,-5.513
-4.6418,-5.0273
-4.6418,-3.964
-4.6418,-5.1266
-4.6418,-4.7502
-4.6418,-5.477
-4.6418,-3.9005
1.1619,1.6477
1.1619,1.5421
-1.3507,-1.7041
-1.3507,-0.83678
-1.3507,-1.1689
-1.3507,-0.41523
-1.3507,-2.0595
-1.3507,-1.596
-1.3507,-1.8858
4.7769,4.2099
4.7769,5.0301
4.7769,5.4051
4.7769,4.8256
4.7769,5.4436
-3.9901,-4.9658
-3.9901,-4.4965
-3.9901,-3.3644
-5.0273,-5.513
-5.0273,-4.6418
-2.4714,-2.5372
5.821,6.1518
5.821,5.9615
5.821,6.568
5.821,5.1394
5.821,5.4644
5.821,6.6137
5.821,5.1496
5.821,5.219
-3.964,-4.6418
-3.964,-3.9005
-4.4965,-4.3497
-4.4965,-4.9658
-4.4965,-3.9901
-4.4965,-5.1999
-4.4965,-5.2773
-4.4965,-4.0664
-4.4965,-4.9059
-3.0487,-2.5295
-3.0487,-2.4814
-3.0487,-3.2651
-3.0487,-2.7038
3.4325,3.7707
3.4325,4.0115
3.4325,3.2562
2.1044,2.4821
2.1044,2.6448
2.1044,1.3469
2.1044,1.3594
3.7707,4.2051
3.7707,4.6356
3.7707,4.3013
3.7707,3.8986
3.7707,3.4325
3.7707,4.3502
3.7707,2.9614
3.7707,3.2562
-1.1042,-0.75584
-1.1042,-1.5714
-1.1042,-1.916
-1.1042,-0.83885
5.1755,5.0534
5.1755,4.7458
5.1755,5.6645
5.1755,4.3013
5.1755,5.8225
5.1755,5.2559
5.1755,4.7693
5.1755,4.4097
2.0296,1.5846
2.0296,2.6826
2.0296,2.0408
2.0296,2.6698
2.0296,1.6122
4.4914,4.5258
4.4914,5.1394
4.4914,5.4644
4.4914,4.8501
4.4914,5.219
4.4914,4.3661
-6.108,-6.6138
-6.108,-5.6594
-6.108,-5.8558
-6.108,-5.2773
-6.108,-6.5682
2.0408,1.5846
2.0408,2.2879
2.0408,2.4525
2.0408,2.0296
2.0408,1.5421
2.0408,2.6698
-7.5468,-6.7619
-7.5468,-7.4726
-6.6114,-6.7619
-6.6114,-7.4726
4.8501,5.2605
4.8501,5.1394
4.8501,5.4644
4.8501,4.4914
4.8501,5.219
4.8501,4.3661
6.5386,6.9459
6.5386,6.1518
6.5386,5.8059
-1.9616,-1.5714
-1.9616,-2.5295
-1.9616,-2.4814
-1.9616,-1.916
-1.9616,-1.6209
-1.9616,-1.1242
-1.9616,-2.2728
-2.5372,-2.739
-2.5372,-2.4714
-2.5372,-3.1933
-2.5372,-1.8804
-2.5372,-2.2728
5.6594,6.2117
5.6594,5.8798
5.6594,5.0301
5.6594,5.9243
5.6594,5.4051
5.6594,5.4436
-6.7087,-6.1439
-6.7087,-5.8558
-6.7087,-6.5682
5.9243,6.2117
5.9243,5.6594
5.9243,6.2187
5.9243,5.4436
-3.1933,-2.739
-3.1933,-2.5372
-3.1933,-3.2651
-4.382,-4.5941
-4.382,-3.596
-5.1999,-5.6594
-5.1999,-4.3497
-5.1999,-4.9658
-5.1999,-4.4965
-5.1999,-5.2773
-5.1999,-5.9449
1.5421,1.5846
1.5421,2.2879
1.5421,1.6477
1.5421,2.4525
1.5421,1.1619
1.5421,2.0408
3.8408,4.2099
3.8408,4.4938
3.8408,3.9545
3.8408,4.6968
3.8408,3.2676
3.0337,2.2594
3.0337,2.8504
-7.0969,-6.2103
-7.0969,-6.8345
5.4051,5.1594
5.4051,5.8798
5.4051,5.0301
5.4051,4.7769
5.4051,5.6594
5.4051,5.5426
5.4051,4.6968
-3.2651,-2.739
-3.2651,-2.5295
-3.2651,-3.0487
-3.2651,-3.1933
-3.2651,-2.2728
-5.885,-6.5085
-5.885,-5.3227
-5.885,-6.5553
2.8504,3.4944
2.8504,2.2879
2.8504,2.2594
2.8504,2.4525
2.8504,3.0337
2.8504,3.072
4.3502,5.0534
4.3502,4.2051
4.3502,4.6356
4.3502,4.3013
4.3502,3.8986
4.3502,3.7578
4.3502,3.7707
4.3502,4.7693
-0.77893,-1.5102
-5.2773,-5.6594
-5.2773,-5.8558
-5.2773,-4.3497
-5.2773,-4.4965
-5.2773,-6.108
-5.2773,-5.1999
-5.2773,-5.1266
-5.2773,-4.9059
-1.6209,-2.5295
-1.6209,-1.5102
-1.6209,-1.916
-1.6209,-1.9616
-1.6209,-1.1242
-1.6209,-2.2728
-8.9586,-7.9685
4.0115,4.2051
4.0115,4.6356
4.0115,3.4325
6.4757,5.6645
6.4757,6.2187
-1.1242,-1.5102
-1.1242,-1.9616
-1.1242,-1.6209
-1.1242,-0.83885
5.5426,5.1594
5.5426,6.1106
5.5426,5.0671
5.5426,5.8798
5.5426,5.4051
5.5426,4.6968
5.5426,6.2692
-1.1351,-0.83678
-1.1351,-1.7114
-1.1351,-1.596
-1.1351,-0.74478
-1.1351,-1.8858
-2.7038,-2.4814
-2.7038,-3.0487
-2.7038,-2.0938
-5.4663,-6.2103
-5.4663,-6.2624
9.3864,8.5982
9.3864,8.9492
-1.8804,-1.5102
-1.8804,-2.5372
-1.8804,-2.2728
4.6787,5.1496
4.8256,5.6645
4.8256,4.7769
4.8256,5.2559
4.8256,4.4097
4.8256,5.4436
-4.0664,-4.3497
-4.0664,-4.4965
-4.0664,-4.9059
-4.0664,-3.9005
-5.1266,-5.6594
-5.1266,-5.8558
-5.1266,-4.6418
-5.1266,-5.2773
-5.1266,-4.9059
-5.1266,-4.7502
-5.1266,-5.477
2.6698,2.6826
2.6698,2.4525
2.6698,2.0296
2.6698,2.0408
2.6698,3.072
2.6698,3.2676
-7.3603,-7.9685
-7.3603,-6.7619
-6.2624,-6.8345
-6.2624,-5.4663
-6.2624,-5.9449
5.2559,4.7458
5.2559,5.6645
5.2559,5.1755
5.2559,4.8256
5.2559,5.4436
2.9614,3.8986
2.9614,3.7578
2.9614,3.2748
2.9614,3.7707
2.9614,3.2562
-2.0595,-1.7041
-2.0595,-1.1689
-2.0595,-2.3775
-2.0595,-1.3507
-2.0595,-1.9144
-2.0595,-2.7517
-2.0595,-2.9083
-1.596,-2.2711
-1.596,-1.7041
-1.596,-0.83678
-1.596,-1.3507
-1.596,-1.1351
-1.596,-0.74478
-1.596,-1.8858
3.072,3.4944
3.072,2.4525
3.072,2.8504
3.072,2.6698
3.072,3.2676
5.2369,5.0534
5.2369,4.6356
5.2369,5.4025
-3.3644,-3.9901
-3.8178,-3.3572
-3.8178,-3.5754
-3.8178,-2.9083
-3.5754,-3.8178
-3.5754,-2.7459
-0.74478,-0.83678
-0.74478,-0.41523
-0.74478,-1.1351
-0.74478,-1.596
-7.3308,-6.6138
-7.3308,-6.8345
-0.89088,-1.6169
-0.89088,-0.75584
-2.7459,-3.5754
-2.7459,-1.9144
-2.7459,-2.9083
4.7693,5.0534
4.7693,4.2051
4.7693,4.7458
4.7693,4.6356
4.7693,4.3013
4.7693,3.8986
4.7693,5.1755
4.7693,4.3502
4.7693,5.4025
5.1496,5.9615
5.1496,4.5258
5.1496,5.6918
5.1496,5.1394
5.1496,5.821
5.1496,4.6787
4.4097,4.7458
4.4097,4.3013
4.4097,3.9095
4.4097,3.7578
4.4097,5.1755
4.4097,4.8256
-4.9059,-5.6594
-4.9059,-4.3497
-4.9059,-4.4965
-4.9059,-5.2773
-4.9059,-4.0664
-4.9059,-5.1266
-4.9059,-4.7502
-4.9059,-5.477
5.219,6.1518
5.219,5.2605
5.219,5.1394
5.219,5.4644
5.219,5.821
5.219,4.4914
5.219,4.8501
5.219,5.8059
6.7635,6.2117
6.7635,5.8798
6.7635,6.2692
3.9545,4.4938
3.9545,3.8408
3.9545,3.2676
4.2641,4.3661
-2.0938,-1.6169
-2.0938,-1.5714
-2.0938,-2.4814
-2.0938,-1.916
-2.0938,-2.7038
-5.8558,-5.513
-5.8558,-5.8558
-5.8558,-6.1439
-5.8558,-6.7087
-5.8558,-5.477
3.2562,4.2051
3.2562,3.8986
3.2562,3.4325
3.2562,3.7707
3.2562,2.9614
-6.8034,-6.1439
-1.9144,-1.1689
-1.9144,-2.3775
-1.9144,-2.0595
-1.9144,-2.7459
6.908,6.1106
6.908,6.2692
-3.596,-2.7504
-3.596,-2.8595
-3.596,-3.3659
-3.596,-4.382
-3.596,-2.7517
5.4025,5.0534
5.4025,5.8225
5.4025,5.2369
5.4025,4.7693
5.8059,6.1518
5.8059,5.2605
5.8059,5.4644
5.8059,6.5386
5.8059,5.219
-7.4726,-7.5468
-7.4726,-6.6114
4.6968,4.2099
4.6968,5.1594
4.6968,4.4938
4.6968,5.0301
4.6968,3.8408
4.6968,5.4051
4.6968,5.5426
-5.8171,-6.3205
-4.7502,-4.6418
-4.7502,-5.1266
-4.7502,-4.9059
-4.7502,-5.477
-4.7502,-3.9005
-5.9449,-6.6138
-5.9449,-5.6594
-5.9449,-5.1999
-5.9449,-6.2624
-6.5682,-5.8558
-6.5682,-6.108
-6.5682,-6.7087
-2.7517,-2.2711
-2.7517,-3.3572
-2.7517,-2.7504
-2.7517,-3.3659
-2.7517,-2.3775
-2.7517,-2.0595
-2.7517,-3.596
-2.7517,-2.9083
6.2187,5.6645
6.2187,7.0752
6.2187,6.2117
6.2187,5.9243
6.2187,6.4757
6.2187,5.4436
-1.8858,-2.2711
-1.8858,-1.7041
-1.8858,-2.7504
-1.8858,-1.7114
-1.8858,-2.3775
-1.8858,-1.3507
-1.8858,-1.1351
-1.8858,-1.596
-5.477,-5.513
-5.477,-5.8558
-5.477,-4.6418
-5.477,-5.1266
-5.477,-4.9059
-5.477,-5.8558
-5.477,-4.7502
1.3469,0.50519
1.3469,2.1044
1.3469,1.7675
1.3469,1.3594
1.6122,1.5846
1.6122,2.0296
5.4436,6.2117
5.4436,5.0301
5.4436,4.7769
5.4436,5.6594
5.4436,5.9243
5.4436,4.8256
5.4436,5.2559
5.4436,6.2187
-0.83885,-1.5714
-0.83885,-1.1042
-0.83885,-1.1242
4.3661,5.2605
4.3661,4.4914
4.3661,4.8501
4.3661,4.2641
-2.9083,-3.3572
-2.9083,-3.3659
-2.9083,-2.3775
-2.9083,-2.0595
-2.9083,-3.8178
-2.9083,-2.7459
-2.9083,-2.7517
-6.4299,-6.5553
-3.9005,-4.6418
-3.9005,-3.964
-3.9005,-4.0664
-3.9005,-4.7502
3.2676,2.6826
3.2676,3.8408
3.2676,2.6698
3.2676,3.072
3.2676,3.9545
8.9492,8.5982
8.9492,9.3864
1.7675,1.3469
-2.2728,-2.739
-2.2728,-2.5295
-2.2728,-1.5102
-2.2728,-1.9616
-2.2728,-2.5372
-2.2728,-3.2651
-2.2728,-1.6209
-2.2728,-1.8804
6.2692,6.1106
6.2692,5.8798
6.2692,5.5426
6.2692,6.7635
6.2692,6.908
1.3594,2.1044
1.3594,1.3469
