5.179,4.8005
5.179,5.6328
5.179,6.0961
5.179,5.7039
5.179,4.7012
5.179,4.4127
5.179,4.9083
5.179,4.5607
5.179,4.9267
5.179,5.8016
5.179,5.8294
5.179,5.0794
5.179,5.2274
5.179,5.2202
-2.0767,-2.427
-2.0767,-2.8288
-2.0767,-2.1094
-2.0767,-2.1227
-2.0767,-2.6252
-2.0767,-1.4388
-2.0767,-2.0309
-4.9746,-5.3289
-4.9746,-5.4152
-4.9746,-4.4577
-4.9746,-4.1701
-4.9746,-4.5551
-3.7282,-4.1151
-3.7282,-2.8198
-3.7282,-3.954
-3.7282,-4.4577
-3.7282,-3.2642
-3.7282,-4.1701
-3.7282,-3.3894
-3.7282,-3.1806
-3.7282,-3.4835
2.0643,3.0224
2.0643,2.4673
4.3955,5.128
4.3955,4.9083
4.3955,4.2801
4.3955,4.1479
4.3955,4.1185
3.4016,3.0099
3.4016,4.0971
3.4016,4.1679
3.4016,2.5227
3.4016,3.5365
3.4016,3.9133
3.4016,4.2801
3.4016,2.5991
3.4016,3.373
3.4016,3.3247
3.4016,4.1479
3.4016,3.262
-4.1151,-3.7282
-4.1151,-4.8915
-4.1151,-4.4347
-4.1151,-3.954
-4.1151,-3.3894
-4.1151,-3.7202
-4.1151,-3.1806
-4.1151,-3.4835
6.1305,5.9097
6.1305,6.5193
6.1305,5.5199
4.8005,5.179
4.8005,5.6328
4.8005,4.0971
4.8005,4.7012
4.8005,4.1679
4.8005,4.4127
4.8005,4.0882
4.8005,4.9083
4.8005,4.5607
4.8005,4.9267
4.8005,3.9133
4.8005,4.2801
4.8005,5.8016
4.8005,4.1479
4.8005,5.0794
4.8005,5.2274
4.8005,5.2202
5.9097,6.1305
5.9097,6.6603
5.9097,5.5539
5.9097,5.6393
5.9097,6.1967
5.9097,6.5193
5.9097,5.1837
-5.3289,-4.9746
-5.3289,-4.8915
-5.3289,-4.4577
-2.427,-2.0767
-2.427,-2.7927
-2.427,-2.8288
-2.427,-2.1094
-2.427,-3.1523
-2.427,-2.8198
-2.427,-2.6252
-2.427,-2.0309
-2.427,-3.3894
-2.427,-3.1806
-0.90951,-1.496
-0.90951,-0.83647
-0.90951,-1.6615
-0.90951,-1.0967
-0.90951,-0.18933
-1.7234,-2.1987
-1.7234,-0.9934
-1.7234,-1.7005
5.9784,6.5265
5.9784,6.6603
5.9784,5.2179
5.9784,5.6393
5.9784,6.1967
5.9784,5.4807
5.9784,5.7968
5.9784,5.3
3.0099,3.4016
3.0099,2.5227
3.0099,3.0269
3.0099,3.9133
3.0099,3.373
3.0099,3.3469
3.6549,4.3437
5.6328,5.179
5.6328,4.8005
5.6328,6.0961
5.6328,5.4223
5.6328,4.7012
5.6328,5.128
5.6328,4.9083
5.6328,5.8016
5.6328,5.8294
5.6328,6.2745
5.6328,5.0794
5.6328,5.2274
-2.9031,-2.3111
-2.9031,-2.4321
-2.9031,-3.0234
-2.9031,-2.4548
-2.9031,-3.1399
-2.9031,-3.358
-2.9031,-2.0824
-4.6127,-5.2023
-4.6127,-5.3539
-3.9148,-4.4347
-3.9148,-3.7202
-3.9148,-3.2149
-6.7436,-7.1212
-6.7436,-6.0584
-6.7436,-6.1047
-6.7436,-6.3567
-6.7436,-6.3892
-6.7436,-7.1615
-6.7436,-7.1708
-5.2596,-5.1018
-5.2596,-4.7538
-5.2596,-5.3025
-5.2596,-6.0584
-5.2596,-5.3569
-5.2596,-5.9578
-5.2596,-5.5997
-5.2596,-5.7064
-5.2596,-4.5083
3.5241,3.6245
3.5241,4.0474
3.5241,2.7497
3.5241,3.0848
3.5241,3.392
3.5241,4.2961
3.5241,3.8781
-1.496,-0.90951
-1.496,-2.4321
-1.496,-2.4249
-1.496,-1.6615
-1.496,-1.9918
-1.496,-1.0967
-1.496,-1.2707
-1.496,-1.7005
-1.496,-2.0824
-2.0396,-2.1094
-2.0396,-2.8198
-2.0396,-2.5336
-2.0396,-2.0309
-2.0396,-1.2292
-2.0396,-2.5595
3.0224,2.0643
3.0224,3.8572
3.0224,3.8297
3.0224,3.0269
3.0224,3.1194
3.0224,2.4673
3.0224,3.392
3.0224,3.8781
3.0224,3.4872
-8.9706,-8.0738
4.0971,3.4016
4.0971,4.8005
4.0971,4.7012
4.0971,4.0105
4.0971,4.1679
4.0971,4.4127
4.0971,4.0882
4.0971,3.5365
4.0971,4.9083
4.0971,3.9133
4.0971,4.2801
4.0971,3.373
4.0971,4.1479
4.0971,5.0794
4.0971,4.1185
-5.7405,-6.2829
-5.7405,-5.1018
-5.7405,-5.2023
-5.7405,-5.3569
-5.7405,-6.1957
-5.7405,-6.35
-5.7405,-5.5997
4.7302,4.3591
4.7302,4.3393
4.7302,5.2179
4.7302,5.4807
4.7302,4.8388
4.7302,4.7963
4.7302,5.3
4.3591,4.7302
4.3591,4.3393
4.3591,5.2179
4.3591,4.8388
4.3591,4.7963
4.3591,3.5854
-2.6681,-3.3885
-2.6681,-2.1987
-2.6681,-2.4249
-2.6681,-1.7005
6.0961,5.179
6.0961,5.6328
6.0961,5.8016
6.0961,5.8294
6.0961,6.2745
5.7039,5.179
5.7039,4.9568
5.7039,4.9267
5.7039,5.8016
5.7039,6.2745
5.7039,6.0216
5.7039,5.4112
5.7039,5.2274
5.7039,5.2202
3.6245,3.5241
3.6245,3.0848
5.4223,5.6328
5.4223,5.128
5.4223,4.9083
5.4223,5.8294
3.8572,3.0224
3.8572,4.228
3.8572,4.7596
3.8572,4.0474
3.8572,3.8297
3.8572,3.0269
3.8572,3.1194
3.8572,4.2387
3.8572,4.428
3.8572,3.8781
3.8572,3.4872
3.8572,4.6567
-6.2829,-5.7405
-6.2829,-7.069
-6.2829,-6.4191
-6.2829,-5.3569
-6.2829,-6.7729
-6.2829,-5.9578
-6.2829,-6.1957
-6.2829,-5.5997
4.7012,5.179
4.7012,4.8005
4.7012,5.6328
4.7012,4.0971
4.7012,4.1679
4.7012,5.128
4.7012,4.4127
4.7012,4.0882
4.7012,4.9083
4.7012,4.9267
4.7012,3.9133
4.7012,4.2801
4.7012,4.1479
4.7012,5.0794
4.7012,4.1185
4.7012,5.2274
-2.3111,-2.9031
-2.3111,-1.8734
-2.3111,-2.4321
-2.3111,-2.4548
-2.3111,-1.6615
-2.3111,-1.6536
-2.3111,-2.0824
-9.7731,-9.6625
6.5265,5.9784
6.5265,6.6603
6.5265,5.7968
4.3393,4.7302
4.3393,4.3591
4.3393,4.3437
4.3393,4.8388
4.3393,4.9484
4.3393,5.3
4.3393,3.5854
6.6603,5.9097
6.6603,5.9784
6.6603,6.5265
6.6603,6.1967
6.6603,6.5193
-5.1969,-5.516
-5.1969,-6.002
-4.8915,-4.1151
-4.8915,-5.3289
-4.8915,-4.4347
-4.8915,-3.954
-4.8915,-4.4577
-2.7927,-2.427
-2.7927,-2.1227
-2.7927,-3.1523
-2.7927,-2.6252
-2.7927,-3.2149
-1.8734,-2.3111
-1.8734,-2.4548
-1.8734,-1.6536
-1.8734,-1.3645
4.228,3.8572
4.228,4.7596
4.228,4.0105
4.228,3.8297
4.228,4.9568
4.228,5.0426
4.228,4.5607
4.228,4.2387
4.228,4.428
4.228,3.8781
4.228,3.4872
4.228,4.6567
-2.8288,-2.0767
-2.8288,-2.427
-2.8288,-2.1094
-2.8288,-3.1523
-2.8288,-2.8198
-2.8288,-2.6252
-2.8288,-2.5336
-2.8288,-2.0309
-2.8288,-3.3894
-2.8288,-3.1806
4.7596,3.8572
4.7596,4.228
4.7596,4.0474
4.7596,4.9568
4.7596,5.0426
4.7596,4.428
4.7596,4.2961
4.7596,3.8781
4.7596,5.1929
4.7596,5.4112
-7.9278,-7.1212
-7.9278,-8.3384
-7.9278,-7.1615
-3.3885,-2.6681
-3.3885,-3.0234
-3.3885,-2.4249
-2.4321,-2.9031
-2.4321,-1.496
-2.4321,-2.3111
-2.4321,-3.0234
-2.4321,-2.4249
-2.4321,-1.6615
-2.4321,-1.9918
-2.4321,-2.0824
4.3437,3.6549
4.3437,4.3393
4.3437,4.8388
4.3437,4.9484
4.3437,4.5856
-4.4347,-4.1151
-4.4347,-3.9148
-4.4347,-4.8915
-4.4347,-3.954
-4.4347,-3.7202
4.0105,4.0971
4.0105,4.228
4.0105,4.1679
4.0105,3.8297
4.0105,4.4127
4.0105,4.0882
4.0105,4.5607
4.0105,4.9267
4.0105,3.9133
4.0105,4.2387
4.0105,3.373
4.0105,3.3469
4.0105,3.4872
4.0105,4.6567
4.1679,3.4016
4.1679,4.8005
4.1679,4.0971
4.1679,4.7012
4.1679,4.0105
4.1679,4.4127
4.1679,4.0882
4.1679,3.5365
4.1679,4.5607
4.1679,4.9267
4.1679,3.9133
4.1679,4.2387
4.1679,4.2801
4.1679,3.373
4.1679,4.1479
4.1679,5.0794
5.5539,5.9097
5.5539,5.6393
5.5539,6.1967
5.5539,4.8388
5.5539,4.9484
5.5539,5.3
5.5539,5.1837
-2.1094,-2.0767
-2.1094,-2.427
-2.1094,-2.0396
-2.1094,-2.8288
-2.1094,-2.8198
-2.1094,-2.6252
-2.1094,-1.4388
-2.1094,-2.5336
-2.1094,-2.0309
-2.1094,-1.2292
4.0474,3.5241
4.0474,3.8572
4.0474,4.7596
4.0474,3.1194
4.0474,4.5571
4.0474,3.392
4.0474,4.428
4.0474,4.2961
4.0474,3.8781
-5.4152,-4.9746
-5.4152,-4.5551
2.7497,3.5241
2.7497,3.0848
2.7497,2.5402
2.7497,2.35
2.7497,3.1194
2.7497,2.4673
2.7497,3.392
5.128,4.3955
5.128,5.6328
5.128,5.4223
5.128,4.7012
5.128,4.9083
5.128,4.2801
5.128,5.8294
5.128,5.0794
-5.516,-5.1969
-5.516,-5.3025
-5.516,-6.0584
-5.516,-6.1047
-5.516,-6.3892
-5.516,-5.7064
3.8297,3.0224
3.8297,3.8572
3.8297,4.228
3.8297,4.0105
3.8297,4.4127
3.8297,4.0882
3.8297,3.0269
3.8297,4.5607
3.8297,4.2387
3.8297,4.428
3.8297,3.8781
3.8297,3.3469
3.8297,3.4872
3.8297,4.6567
-2.1227,-2.0767
-2.1227,-2.7927
-2.1227,-2.6252
-7.1212,-6.7436
-7.1212,-7.9278
-7.1212,-6.3892
4.9568,5.7039
4.9568,4.228
4.9568,4.7596
4.9568,5.0426
4.9568,4.4127
4.9568,4.5607
4.9568,4.9267
4.9568,4.2387
4.9568,4.428
4.9568,5.4112
4.9568,5.2274
4.9568,5.2202
4.9568,4.6567
-7.069,-6.2829
-7.069,-6.7729
-7.069,-6.1957
-7.069,-6.35
-3.1523,-2.427
-3.1523,-2.7927
-3.1523,-2.8288
-3.1523,-2.8198
-3.1523,-2.6252
-3.1523,-3.3894
-3.1523,-3.7202
-3.1523,-3.1806
-3.1523,-3.2149
-8.0738,-8.9706
-2.8198,-3.7282
-2.8198,-2.427
-2.8198,-2.0396
-2.8198,-2.8288
-2.8198,-2.1094
-2.8198,-3.1523
-2.8198,-2.5336
-2.8198,-2.0309
-2.8198,-3.2642
-2.8198,-2.5595
-2.8198,-3.3894
-2.8198,-3.1806
-2.8198,-3.4835
5.0426,4.228
5.0426,4.7596
5.0426,4.9568
5.0426,4.5607
5.0426,4.428
5.0426,5.1929
5.0426,5.4112
5.0426,5.2202
5.0426,4.6567
5.2179,5.9784
5.2179,4.7302
5.2179,4.3591
5.2179,5.6393
5.2179,5.4807
5.2179,4.7963
5.2179,5.7968
5.2179,5.3
5.6393,5.9097
5.6393,5.9784
5.6393,5.5539
5.6393,5.2179
5.6393,6.1967
5.6393,5.4807
5.6393,4.8388
5.6393,4.9484
5.6393,5.3
3.0848,3.5241
3.0848,3.6245
3.0848,2.7497
3.0848,2.5402
3.0848,2.35
3.0848,3.392
4.4127,5.179
4.4127,4.8005
4.4127,4.0971
4.4127,4.7012
4.4127,4.0105
4.4127,4.1679
4.4127,3.8297
4.4127,4.9568
4.4127,4.0882
4.4127,4.5607
4.4127,4.9267
4.4127,3.9133
4.4127,4.2387
4.4127,5.0794
4.4127,5.2274
4.4127,5.2202
4.4127,4.6567
6.1967,5.9097
6.1967,5.9784
6.1967,6.6603
6.1967,5.5539
6.1967,5.6393
6.1967,6.5193
6.1967,5.3
2.5402,2.7497
2.5402,3.0848
2.5402,2.35
2.5402,1.9386
-5.1018,-5.2596
-5.1018,-5.7405
-5.1018,-5.2023
-5.1018,-4.7247
-5.1018,-5.3569
-5.1018,-4.3582
-5.1018,-5.5997
-5.1018,-4.5083
2.35,2.7497
2.35,3.0848
2.35,2.5402
2.35,2.4673
2.35,1.9386
-2.6252,-2.0767
-2.6252,-2.427
-2.6252,-2.7927
-2.6252,-2.8288
-2.6252,-2.1094
-2.6252,-2.1227
-2.6252,-3.1523
-2.6252,-3.2149
4.0882,4.8005
4.0882,4.0971
4.0882,4.7012
4.0882,4.0105
4.0882,4.1679
4.0882,3.8297
4.0882,4.4127
4.0882,4.5607
4.0882,4.9267
4.0882,3.9133
4.0882,4.2387
4.0882,3.373
4.0882,4.1479
4.0882,3.3469
4.0882,4.6567
-4.7538,-5.2596
-4.7538,-5.3025
-4.7538,-4.4509
-4.7538,-5.7064
-4.7538,-4.5083
-5.2023,-4.6127
-5.2023,-5.7405
-5.2023,-5.1018
-5.2023,-4.7247
-5.2023,-5.3539
-2.5504,-2.4548
-2.5504,-3.1399
5.4807,5.9784
5.4807,4.7302
5.4807,5.2179
5.4807,5.6393
5.4807,4.8388
5.4807,4.9484
5.4807,5.7968
5.4807,5.3
-4.7247,-5.1018
-4.7247,-5.2023
-4.7247,-5.3569
-4.7247,-4.3582
-5.3025,-5.2596
-5.3025,-5.516
-5.3025,-4.7538
-5.3025,-6.0584
-5.3025,-4.4509
-5.3025,-5.7064
-3.0234,-2.9031
-3.0234,-3.3885
-3.0234,-2.4321
-3.0234,-2.4249
-3.0234,-3.358
2.5227,3.4016
2.5227,3.0099
2.5227,2.5991
2.5227,3.373
-0.83647,-0.90951
-0.83647,-1.6615
-0.83647,-1.6536
-0.83647,-1.3645
-0.83647,-0.18933
3.5365,3.4016
3.5365,4.0971
3.5365,4.1679
3.5365,3.9133
3.5365,4.2801
3.5365,2.5991
3.5365,3.373
3.5365,3.3247
3.5365,4.1479
3.5365,3.262
3.5365,4.1185
-2.1987,-1.7234
-2.1987,-2.6681
-2.1987,-2.4249
-2.1987,-1.9918
-2.1987,-1.2707
-2.1987,-1.7005
4.9083,5.179
4.9083,4.3955
4.9083,4.8005
4.9083,5.6328
4.9083,4.0971
4.9083,5.4223
4.9083,4.7012
4.9083,5.128
4.9083,4.9267
4.9083,4.2801
4.9083,5.8294
4.9083,4.1479
4.9083,5.0794
4.9083,4.1185
3.0269,3.0099
3.0269,3.0224
3.0269,3.8572
3.0269,3.8297
3.0269,3.1194
3.0269,3.3469
3.0269,3.4872
4.8388,4.7302
4.8388,4.3591
4.8388,4.3393
4.8388,4.3437
4.8388,5.5539
4.8388,5.6393
4.8388,5.4807
4.8388,4.9484
4.8388,5.3
-7.6485,-6.7729
-7.6485,-8.3384
-7.6485,-7.1615
-7.6485,-7.1708
3.1194,3.0224
3.1194,3.8572
3.1194,4.0474
3.1194,2.7497
3.1194,3.0269
3.1194,2.4673
3.1194,3.392
3.1194,3.8781
3.1194,3.4872
-9.8016,-8.9076
-6.002,-5.1969
-6.002,-6.1047
4.9484,4.3393
4.9484,4.3437
4.9484,5.5539
4.9484,5.6393
4.9484,5.4807
4.9484,4.8388
4.9484,5.3
4.9484,4.5856
4.9484,5.1837
6.5193,6.1305
6.5193,5.9097
6.5193,6.6603
6.5193,6.1967
-2.4249,-1.496
-2.4249,-2.6681
-2.4249,-3.3885
-2.4249,-2.4321
-2.4249,-3.0234
-2.4249,-2.1987
-2.4249,-1.9918
-2.4249,-2.0824
-2.4548,-2.9031
-2.4548,-2.3111
-2.4548,-1.8734
-2.4548,-2.5504
-2.4548,-3.1399
-2.4548,-2.0824
4.5607,5.179
4.5607,4.8005
4.5607,4.228
4.5607,4.0105
4.5607,4.1679
4.5607,3.8297
4.5607,4.9568
4.5607,5.0426
4.5607,4.4127
4.5607,4.0882
4.5607,4.9267
4.5607,3.9133
4.5607,4.2387
4.5607,4.428
4.5607,5.4112
4.5607,5.2274
4.5607,5.2202
4.5607,4.6567
-6.4191,-6.2829
-6.4191,-6.0584
-6.4191,-6.3567
-6.4191,-6.7729
-6.4191,-5.9578
-6.4191,-5.5997
-6.4191,-7.1615
-6.4191,-7.1708
-6.4191,-5.7064
4.9267,5.179
4.9267,4.8005
4.9267,5.7039
4.9267,4.7012
4.9267,4.0105
4.9267,4.1679
4.9267,4.9568
4.9267,4.4127
4.9267,4.0882
4.9267,4.9083
4.9267,4.5607
4.9267,4.2387
4.9267,5.8016
4.9267,5.0794
4.9267,5.2274
4.9267,5.2202
4.9267,4.6567
-3.1399,-2.9031
-3.1399,-2.5504
-3.1399,-2.4548
-3.954,-3.7282
-3.954,-4.1151
-3.954,-4.8915
-3.954,-4.4347
-3.954,-4.4577
-3.954,-3.3894
-3.954,-3.7202
-3.954,-3.1806
-3.954,-3.4835
-6.0584,-6.7436
-6.0584,-5.2596
-6.0584,-5.516
-6.0584,-5.3025
-6.0584,-6.4191
-6.0584,-6.3567
-6.0584,-6.3892
-6.0584,-5.9578
-6.0584,-5.7064
2.4673,2.0643
2.4673,3.0224
2.4673,2.7497
2.4673,2.35
2.4673,3.1194
2.4673,3.392
3.9133,3.4016
3.9133,4.8005
3.9133,3.0099
3.9133,4.0971
3.9133,4.7012
3.9133,4.0105
3.9133,4.1679
3.9133,4.4127
3.9133,4.0882
3.9133,3.5365
3.9133,4.5607
3.9133,4.2387
3.9133,3.373
3.9133,4.1479
3.9133,3.3469
4.5571,4.0474
4.5571,4.2961
-6.1047,-6.7436
-6.1047,-5.516
-6.1047,-6.002
-6.1047,-6.3892
4.2387,3.8572
4.2387,4.228
4.2387,4.0105
4.2387,4.1679
4.2387,3.8297
4.2387,4.9568
4.2387,4.4127
4.2387,4.0882
4.2387,4.5607
4.2387,4.9267
4.2387,3.9133
4.2387,4.428
4.2387,3.3469
4.2387,5.2202
4.2387,3.4872
4.2387,4.6567
-1.6615,-0.90951
-1.6615,-1.496
-1.6615,-2.3111
-1.6615,-2.4321
-1.6615,-0.83647
-1.6615,-1.6536
-1.6615,-1.9918
-1.6615,-1.0967
-1.6615,-2.0824
-4.4577,-4.9746
-4.4577,-3.7282
-4.4577,-5.3289
-4.4577,-4.8915
-4.4577,-3.954
-4.4577,-4.1701
3.392,3.5241
3.392,3.0224
3.392,4.0474
3.392,2.7497
3.392,3.0848
3.392,3.1194
3.392,2.4673
3.392,4.2961
3.392,3.8781
4.2801,4.3955
4.2801,3.4016
4.2801,4.8005
4.2801,4.0971
4.2801,4.7012
4.2801,4.1679
4.2801,5.128
4.2801,3.5365
4.2801,4.9083
4.2801,4.1479
4.2801,5.0794
4.2801,4.1185
-1.6536,-2.3111
-1.6536,-1.8734
-1.6536,-0.83647
-1.6536,-1.6615
-1.6536,-1.3645
-1.6536,-2.0824
-4.4509,-4.7538
-4.4509,-5.3025
-1.9918,-1.496
-1.9918,-2.4321
-1.9918,-2.1987
-1.9918,-2.4249
-1.9918,-1.6615
-1.9918,-1.0967
-1.9918,-1.2707
-1.9918,-1.7005
-1.9918,-2.0824
2.5991,3.4016
2.5991,2.5227
2.5991,3.5365
2.5991,3.3247
2.5991,3.262
5.8016,5.179
5.8016,4.8005
5.8016,5.6328
5.8016,6.0961
5.8016,5.7039
5.8016,4.9267
5.8016,5.8294
5.8016,6.2745
5.8016,5.0794
5.8016,5.2274
5.8016,5.2202
-1.0967,-0.90951
-1.0967,-1.496
-1.0967,-1.6615
-1.0967,-1.9918
-1.0967,-0.9934
-1.0967,-1.2707
-1.0967,-0.34539
-1.0967,-1.7005
4.428,3.8572
4.428,4.228
4.428,4.7596
4.428,4.0474
4.428,3.8297
4.428,4.9568
4.428,5.0426
4.428,4.5607
4.428,4.2387
4.428,3.8781
4.428,5.1929
4.428,4.6567
-1.4388,-2.0767
-1.4388,-2.1094
-3.358,-2.9031
-3.358,-3.0234
-6.3567,-6.7436
-6.3567,-6.4191
-6.3567,-6.0584
-6.3567,-6.3892
-6.3567,-5.9578
-6.3567,-7.1615
-6.3567,-7.1708
-6.3567,-5.7064
-9.6625,-9.7731
-1.3645,-1.8734
-1.3645,-0.83647
-1.3645,-1.6536
4.7963,4.7302
4.7963,4.3591
4.7963,5.2179
5.8294,5.179
5.8294,5.6328
5.8294,6.0961
5.8294,5.4223
5.8294,5.128
5.8294,4.9083
5.8294,5.8016
5.8294,6.2745
5.8294,5.0794
-5.3569,-5.2596
-5.3569,-5.7405
-5.3569,-6.2829
-5.3569,-5.1018
-5.3569,-4.7247
-5.3569,-5.9578
-5.3569,-5.5997
-5.3569,-5.7064
-5.3569,-4.5083
-6.7729,-6.2829
-6.7729,-7.069
-6.7729,-7.6485
-6.7729,-6.4191
-6.7729,-5.9578
-6.7729,-6.1957
-6.7729,-7.1708
4.2961,3.5241
4.2961,4.7596
4.2961,4.0474
4.2961,4.5571
4.2961,3.392
4.2961,3.8781
-6.3892,-6.7436
-6.3892,-5.516
-6.3892,-7.1212
-6.3892,-6.0584
-6.3892,-6.1047
-6.3892,-6.3567
-6.3892,-7.1615
-6.3892,-5.7064
6.2745,5.6328
6.2745,6.0961
6.2745,5.7039
6.2745,5.8016
6.2745,5.8294
6.2745,6.0216
3.373,3.4016
3.373,3.0099
3.373,4.0971
3.373,4.0105
3.373,4.1679
3.373,4.0882
3.373,2.5227
3.373,3.5365
3.373,3.9133
3.373,4.1479
3.373,3.262
3.373,3.3469
-2.5336,-2.0396
-2.5336,-2.8288
-2.5336,-2.1094
-2.5336,-2.8198
-2.5336,-2.0309
-2.5336,-3.2642
-2.5336,-2.5595
-2.5336,-3.1806
-2.5336,-3.4835
-2.0309,-2.0767
-2.0309,-2.427
-2.0309,-2.0396
-2.0309,-2.8288
-2.0309,-2.1094
-2.0309,-2.8198
-2.0309,-2.5336
-2.0309,-1.2292
3.8781,3.5241
3.8781,3.0224
3.8781,3.8572
3.8781,4.228
3.8781,4.7596
3.8781,4.0474
3.8781,3.8297
3.8781,3.1194
3.8781,3.392
3.8781,4.428
3.8781,4.2961
3.8781,3.4872
3.3247,3.4016
3.3247,3.5365
3.3247,2.5991
3.3247,3.262
3.3247,4.1185
-4.3582,-5.1018
-4.3582,-4.7247
-4.3582,-4.5083
-8.9076,-9.8016
-8.9076,-8.7358
-3.2642,-3.7282
-3.2642,-2.8198
-3.2642,-2.5336
-3.2642,-4.1701
-3.2642,-3.6448
-3.2642,-2.5595
-3.2642,-3.1806
-3.2642,-3.4835
-4.1701,-4.9746
-4.1701,-3.7282
-4.1701,-4.4577
-4.1701,-3.2642
-4.1701,-3.6448
-4.1701,-3.4835
-1.2292,-2.0396
-1.2292,-2.1094
-1.2292,-2.0309
-8.3384,-7.9278
-8.3384,-7.6485
-0.9934,-1.7234
-0.9934,-1.0967
-0.9934,-1.2707
-0.9934,-0.34539
-0.9934,-1.7005
-3.6448,-3.2642
-3.6448,-4.1701
4.1479,4.3955
4.1479,3.4016
4.1479,4.8005
4.1479,4.0971
4.1479,4.7012
4.1479,4.1679
4.1479,4.0882
4.1479,3.5365
4.1479,4.9083
4.1479,3.9133
4.1479,4.2801
4.1479,3.373
4.1479,5.0794
4.1479,3.262
4.1479,4.1185
5.7968,5.9784
5.7968,6.5265
5.7968,5.2179
5.7968,5.4807
5.0794,5.179
5.0794,4.8005
5.0794,5.6328
5.0794,4.0971
5.0794,4.7012
5.0794,4.1679
5.0794,5.128
5.0794,4.4127
5.0794,4.9083
5.0794,4.9267
5.0794,4.2801
5.0794,5.8016
5.0794,5.8294
5.0794,4.1479
5.0794,5.2274
5.0794,5.2202
-5.9578,-5.2596
-5.9578,-6.2829
-5.9578,-6.4191
-5.9578,-6.0584
-5.9578,-6.3567
-5.9578,-5.3569
-5.9578,-6.7729
-5.9578,-5.5997
-5.9578,-5.7064
5.3,5.9784
5.3,4.7302
5.3,4.3393
5.3,5.5539
5.3,5.2179
5.3,5.6393
5.3,6.1967
5.3,5.4807
5.3,4.8388
5.3,4.9484
6.0216,5.7039
6.0216,6.2745
6.0216,5.4112
6.0216,5.2202
5.1929,4.7596
5.1929,5.0426
5.1929,4.428
5.1929,5.4112
5.5199,6.1305
5.5199,5.1837
-1.2707,-1.496
-1.2707,-2.1987
-1.2707,-1.9918
-1.2707,-1.0967
-1.2707,-0.9934
-1.2707,-0.34539
-1.2707,-1.7005
-6.1957,-5.7405
-6.1957,-6.2829
-6.1957,-7.069
-6.1957,-6.7729
-6.1957,-6.35
-6.1957,-5.5997
3.262,3.4016
3.262,3.5365
3.262,2.5991
3.262,3.373
3.262,3.3247
3.262,4.1479
3.262,4.1185
-6.35,-5.7405
-6.35,-7.069
-6.35,-6.1957
-2.5595,-2.0396
-2.5595,-2.8198
-2.5595,-2.5336
-2.5595,-3.2642
5.4112,5.7039
5.4112,4.7596
5.4112,4.9568
5.4112,5.0426
5.4112,4.5607
5.4112,6.0216
5.4112,5.1929
5.4112,5.2202
5.4112,4.6567
-3.3894,-3.7282
-3.3894,-4.1151
-3.3894,-2.427
-3.3894,-2.8288
-3.3894,-3.1523
-3.3894,-2.8198
-3.3894,-3.954
-3.3894,-3.7202
-3.3894,-3.1806
-3.3894,-3.4835
-5.3539,-4.6127
-5.3539,-5.2023
4.1185,4.3955
4.1185,4.0971
4.1185,4.7012
4.1185,3.5365
4.1185,4.9083
4.1185,4.2801
4.1185,3.3247
4.1185,4.1479
4.1185,3.262
4.5856,4.3437
4.5856,4.9484
4.5856,5.1837
-8.7358,-8.9076
3.3469,3.0099
3.3469,4.0105
3.3469,3.8297
3.3469,4.0882
3.3469,3.0269
3.3469,3.9133
3.3469,4.2387
3.3469,3.373
3.3469,3.4872
-3.7202,-4.1151
-3.7202,-3.9148
-3.7202,-4.4347
-3.7202,-3.1523
-3.7202,-3.954
-3.7202,-3.3894
-3.7202,-3.1806
-3.7202,-3.2149
-5.5997,-5.2596
-5.5997,-5.7405
-5.5997,-6.2829
-5.5997,-5.1018
-5.5997,-6.4191
-5.5997,-5.3569
-5.5997,-5.9578
-5.5997,-6.1957
-5.5997,-5.7064
-7.1615,-6.7436
-7.1615,-7.9278
-7.1615,-7.6485
-7.1615,-6.4191
-7.1615,-6.3567
-7.1615,-6.3892
-7.1615,-7.1708
-7.1708,-6.7436
-7.1708,-7.6485
-7.1708,-6.4191
-7.1708,-6.3567
-7.1708,-6.7729
-7.1708,-7.1615
-3.1806,-3.7282
-3.1806,-4.1151
-3.1806,-2.427
-3.1806,-2.8288
-3.1806,-3.1523
-3.1806,-2.8198
-3.1806,-3.954
-3.1806,-2.5336
-3.1806,-3.2642
-3.1806,-3.3894
-3.1806,-3.7202
-3.1806,-3.4835
5.2274,5.179
5.2274,4.8005
5.2274,5.6328
5.2274,5.7039
5.2274,4.7012
5.2274,4.9568
5.2274,4.4127
5.2274,4.5607
5.2274,4.9267
5.2274,5.8016
5.2274,5.0794
5.2274,5.2202
5.2274,4.6567
-3.2149,-3.9148
-3.2149,-2.7927
-3.2149,-3.1523
-3.2149,-2.6252
-3.2149,-3.7202
-5.7064,-5.2596
-5.7064,-5.516
-5.7064,-4.7538
-5.7064,-5.3025
-5.7064,-6.4191
-5.7064,-6.0584
-5.7064,-6.3567
-5.7064,-5.3569
-5.7064,-6.3892
-5.7064,-5.9578
-5.7064,-5.5997
-0.34539,-1.0967
-0.34539,-0.9934
-0.34539,-1.2707
-0.34539,-0.18933
1.9386,2.5402
1.9386,2.35
5.2202,5.179
5.2202,4.8005
5.2202,5.7039
5.2202,4.9568
5.2202,5.0426
5.2202,4.4127
5.2202,4.5607
5.2202,4.9267
5.2202,4.2387
5.2202,5.8016
5.2202,5.0794
5.2202,6.0216
5.2202,5.4112
5.2202,5.2274
5.2202,4.6567
-1.7005,-1.7234
-1.7005,-1.496
-1.7005,-2.6681
-1.7005,-2.1987
-1.7005,-1.9918
-1.7005,-1.0967
-1.7005,-0.9934
-1.7005,-1.2707
5.1837,5.9097
5.1837,5.5539
5.1837,4.9484
5.1837,5.5199
5.1837,4.5856
-3.4835,-3.7282
-3.4835,-4.1151
-3.4835,-2.8198
-3.4835,-3.954
-3.4835,-2.5336
-3.4835,-3.2642
-3.4835,-4.1701
-3.4835,-3.3894
-3.4835,-3.1806
-4.5551,-4.9746
-4.5551,-5.4152
-4.5083,-5.2596
-4.5083,-5.1018
-4.5083,-4.7538
-4.5083,-5.3569
-4.5083,-4.3582
3.4872,3.0224
3.4872,3.8572
3.4872,4.228
3.4872,4.0105
3.4872,3.8297
3.4872,3.0269
3.4872,3.1194
3.4872,4.2387
3.4872,3.8781
3.4872,3.3469
3.5854,4.3591
3.5854,4.3393
-2.0824,-2.9031
-2.0824,-1.496
-2.0824,-2.3111
-2.0824,-2.4321
-2.0824,-2.4249
-2.0824,-2.4548
-2.0824,-1.6615
-2.0824,-1.6536
-2.0824,-1.9918
4.6567,3.8572
4.6567,4.228
4.6567,4.0105
4.6567,3.8297
4.6567,4.9568
4.6567,5.0426
4.6567,4.4127
4.6567,4.0882
4.6567,4.5607
4.6567,4.9267
4.6567,4.2387
4.6567,4.428
4.6567,5.4112
4.6567,5.2274
4.6567,5.2202
-0.18933,-0.90951
-0.18933,-0.83647
-0.18933,-0.34539
-9.6625,-10
9.5187,10
