-1.7956,-2.5
-1.7956,-2.2722
-1.7956,-1.5066
-1.7956,-1.0932
-1.7956,-1.3141
-1.7956,-2.4125
-1.7956,-0.92129
-1.7956,-1.4813
-1.7956,-2.618
-1.7956,-1.7231
-1.7956,-1.9558
-1.7956,-2.1963
-1.7956,-1.5176
-1.7956,-2.3253
-1.7956,-2.6262
-1.7956,-2.0895
-1.7956,-1.9635
-1.7956,-1.5706
-1.7956,-1.5174
-4.85,-5.1191
-4.85,-5.7318
-4.85,-4.6628
-2.903,-2.6337
-2.903,-2.0649
-2.903,-3.6086
-2.903,-3.523
-2.903,-2.5849
-2.903,-2.6532
-2.903,-2.244
-2.903,-2.8782
-2.903,-3.2453
-2.903,-3.5622
-2.903,-2.8329
-2.903,-2.873
-4.2659,-3.9741
-4.2659,-5.0746
-4.2659,-4.6094
-4.2659,-4.3667
-4.2659,-3.523
-4.2659,-5.0389
-4.2659,-4.6978
-4.2659,-4.1903
-4.2659,-3.7974
-4.2659,-3.3748
-4.2659,-5.0087
-4.2659,-3.8063
-4.2659,-3.9521
-0.8992,-0.4897
-0.8992,-1.7457
-0.8992,-1.3141
-0.8992,-0.72534
-0.8992,-1.5539
-0.8992,-0.92129
-0.8992,-1.4813
-0.8992,-0.68804
-0.8992,-1.4129
-0.8992,-0.93182
-0.8992,-1.5174
-4.0537,-3.3971
-4.0537,-4.1797
-4.0537,-4.3043
-4.0537,-3.3462
-4.0537,-3.4722
-2.5,-1.7956
-2.5,-3.3971
-2.5,-3.0329
-2.5,-2.2722
-2.5,-2.4322
-2.5,-2.4125
-2.5,-2.618
-2.5,-1.7231
-2.5,-3.1281
-2.5,-2.7293
-2.5,-1.9558
-2.5,-2.0578
-2.5,-2.6331
-2.5,-2.3253
-2.5,-2.6262
-2.5,-2.0895
-2.5,-1.9635
-2.5,-2.8125
-3.9741,-4.2659
-3.9741,-4.6094
-3.9741,-4.3667
-3.9741,-3.523
-3.9741,-4.6978
-3.9741,-4.1903
-3.9741,-3.0101
-3.9741,-3.7974
-3.9741,-3.1435
-3.9741,-3.3748
-3.9741,-3.8063
-3.9741,-3.9521
6.1192,5.9101
6.1192,5.3777
6.1192,6.7294
6.1192,6.7549
6.1192,5.9814
6.1192,6.4065
6.1192,5.6364
6.1192,5.6719
6.1192,6.163
6.1192,6.1186
6.1192,6.8458
-3.3971,-4.0537
-3.3971,-2.5
-3.3971,-3.0329
-3.3971,-4.1797
-3.3971,-2.618
-3.3971,-3.1281
-3.3971,-3.3462
-3.3971,-2.7293
-3.3971,-2.6262
-3.3971,-3.8013
-3.3971,-2.8125
-3.3971,-3.4722
7.2841,6.7294
7.2841,6.7549
7.2841,6.8458
-2.6337,-2.903
-2.6337,-2.129
-2.6337,-1.6606
-2.6337,-2.0649
-2.6337,-3.6086
-2.6337,-3.523
-2.6337,-2.5849
-2.6337,-3.0101
-2.6337,-1.8012
-2.6337,-1.778
-2.6337,-2.8782
-2.6337,-2.2227
-2.6337,-3.3748
-2.6337,-2.8329
-2.6337,-2.873
-2.6337,-2.6318
-5.1191,-4.85
-5.1191,-5.6072
-5.1191,-4.6978
-5.1191,-5.7318
-5.1191,-4.6628
-5.1191,-5.0087
-5.1191,-4.2008
-5.1191,-5.7618
6.1747,6.8118
6.1747,6.0752
6.1747,5.3783
6.1747,6.0211
4.0957,4.7011
4.0957,4.3179
4.0957,4.9427
5.9101,6.1192
5.9101,4.9632
5.9101,6.7549
5.9101,5.5942
5.9101,5.9814
5.9101,5.6364
5.9101,6.4467
5.9101,5.6719
5.9101,5.2498
5.9101,6.163
5.9101,6.1186
5.9101,6.8458
5.9101,6.0211
-3.0329,-2.5
-3.0329,-3.3971
-3.0329,-2.2722
-3.0329,-2.618
-3.0329,-3.1281
-3.0329,-3.3462
-3.0329,-2.7293
-3.0329,-2.3253
-3.0329,-2.6141
-3.0329,-2.6262
-3.0329,-2.0895
-3.0329,-2.8125
-3.0329,-3.4722
6.8118,6.1747
6.8118,7.1408
-4.1797,-4.0537
-4.1797,-3.3971
-4.1797,-3.3462
-4.1797,-3.8013
6.1201,6.5365
6.1201,5.3526
6.1201,6.0763
6.1201,5.6505
6.1201,5.7986
6.1201,6.33
6.1201,6.4151
6.1201,6.2567
-2.129,-2.6337
-2.129,-1.3671
-2.129,-3.0101
-2.129,-1.8012
-2.129,-2.2227
-2.129,-2.6318
-5.5724,-5.0746
-5.5724,-6.3013
-5.5724,-5.0389
-5.5724,-5.8732
-5.5724,-5.0087
-0.53122,-0.93797
-0.53122,-0.24636
-0.53122,-0.64658
-0.53122,-1.3862
-0.53122,-1.4762
-0.53122,0.25599
-0.93797,-0.53122
-0.93797,-0.83075
-0.93797,-0.24636
-0.93797,-1.778
-0.93797,-1.2396
-0.93797,-1.3862
-0.93797,-1.4762
-0.59516,-1.0932
-0.59516,-0.72534
-0.59516,-0.92129
-0.59516,-1.5176
-0.59516,0.18472
-0.59516,-0.074907
-0.59516,-0.84256
5.858,6.5059
5.858,6.0763
5.858,5.7986
5.858,5.3121
-3.0733,-3.0101
-3.0733,-3.7974
-3.0733,-3.1435
-3.0733,-3.7119
-3.0733,-3.9521
-3.0733,-2.6318
-0.4897,-0.8992
-0.4897,0.17121
-0.4897,-0.2605
-0.4897,-0.72534
-0.4897,-0.68804
-0.4897,0.074709
-0.4897,-1.4129
-0.4897,-0.93182
6.6784,6.4121
6.6784,6.3125
-3.1205,-2.4791
-3.1205,-3.6074
-3.1205,-4.0762
-1.6606,-2.6337
-1.6606,-2.0649
-1.6606,-2.5849
-1.6606,-1.8012
-1.6606,-0.83075
-1.6606,-1.778
-1.6606,-2.2227
-1.6606,-1.2396
4.9295,4.9632
4.9295,5.3777
4.9295,5.6364
4.9295,5.6719
4.9295,5.2498
4.9632,5.9101
4.9632,4.9295
4.9632,5.5942
4.9632,5.6364
4.9632,5.6719
4.9632,5.2498
4.7011,4.0957
4.7011,5.3526
4.7011,5.6505
4.7011,4.9427
4.7011,4.7178
-4.9654,-4.5942
-4.9654,-5.8261
-2.4791,-3.1205
-2.4791,-2.4125
-2.4791,-3.1603
-2.4791,-2.1963
-2.4791,-2.6141
-2.4791,-1.6828
0.17121,-0.4897
0.17121,-0.2605
0.17121,0.52513
0.17121,-0.68804
0.17121,0.98782
0.17121,0.074709
0.17121,0.97932
-4.3043,-4.0537
-4.3043,-3.6074
-4.3043,-3.4722
-0.2605,-0.4897
-0.2605,0.17121
-0.2605,0.52513
-0.2605,-0.93182
-2.0649,-2.903
-2.0649,-2.6337
-2.0649,-1.6606
-2.0649,-2.5849
-2.0649,-2.6532
-2.0649,-1.8012
-2.0649,-2.244
-2.0649,-1.778
-2.0649,-1.2396
-2.0649,-2.8329
-2.0649,-1.3862
-2.0649,-1.4762
-2.0649,-2.873
-2.2722,-1.7956
-2.2722,-2.5
-2.2722,-3.0329
-2.2722,-2.4322
-2.2722,-2.4125
-2.2722,-1.4813
-2.2722,-2.618
-2.2722,-1.7231
-2.2722,-3.1281
-2.2722,-2.7293
-2.2722,-1.9558
-2.2722,-2.1963
-2.2722,-2.0578
-2.2722,-1.5176
-2.2722,-2.3253
-2.2722,-2.6141
-2.2722,-2.6262
-2.2722,-2.0895
-2.2722,-1.9635
-2.2722,-2.8125
-2.2722,-1.5706
6.5365,6.1201
6.5365,5.7338
6.5365,5.6505
6.5365,6.33
6.5365,6.4151
-4.5942,-4.9654
-4.5942,-5.3831
5.3777,6.1192
5.3777,4.9295
5.3777,5.6364
5.3777,5.4279
5.3777,5.6719
5.3777,6.1186
6.0752,6.1747
6.0752,5.5942
6.0752,6.4467
6.0752,5.3783
6.0752,6.0211
6.7294,6.1192
6.7294,7.2841
6.7294,6.4065
6.7294,6.163
6.7294,7.4251
6.7294,6.1186
6.7294,6.8458
1.2273,0.88618
1.2273,1.7911
1.2273,0.71203
1.2273,0.63388
-3.6086,-2.903
-3.6086,-2.6337
-3.6086,-3.523
-3.6086,-3.0101
-3.6086,-3.9168
-3.6086,-2.8782
-3.6086,-3.3748
-3.6086,-3.5622
-3.6086,-2.8329
-3.6086,-3.8063
-3.6086,-2.873
-5.6072,-5.1191
-5.6072,-5.0389
-5.6072,-4.6978
-5.6072,-5.7318
-5.6072,-5.8732
-5.6072,-4.6628
-5.6072,-5.0087
-5.6072,-5.7618
6.5059,5.858
6.5059,6.0763
6.5059,6.9643
-1.5066,-1.7956
-1.5066,-1.0932
-1.5066,-2.4125
-1.5066,-2.1963
-1.5066,-1.5176
-1.5066,-2.3253
-1.5066,-1.9635
-1.5066,-1.6828
-1.5066,-0.84256
-1.5066,-1.5706
-5.0746,-4.2659
-5.0746,-5.5724
-5.0746,-4.6094
-5.0746,-4.3667
-5.0746,-5.0389
-5.0746,-4.6978
-5.0746,-4.1903
-5.0746,-5.0087
-1.0932,-1.7956
-1.0932,-0.59516
-1.0932,-1.5066
-1.0932,-1.3141
-1.0932,-0.72534
-1.0932,-0.92129
-1.0932,-1.4813
-1.0932,-1.7231
-1.0932,-1.5176
-1.0932,-1.9635
-1.0932,-0.84256
-1.0932,-1.5706
-1.0932,-1.5174
1.2391,0.88618
1.2391,0.24738
5.3526,6.1201
5.3526,4.7011
5.3526,5.1585
5.3526,5.6505
5.3526,5.7986
5.3526,6.33
5.3526,4.9427
5.1585,5.3526
5.1585,6.0763
5.1585,4.3179
5.1585,5.7986
5.1585,5.3121
5.1585,4.9427
7.1408,6.8118
7.1408,6.7549
7.1408,6.4467
7.1408,7.1725
-4.6094,-4.2659
-4.6094,-3.9741
-4.6094,-5.0746
-4.6094,-4.3667
-4.6094,-4.1903
-4.6094,-3.9168
-4.6094,-3.8063
-2.4322,-2.5
-2.4322,-2.2722
-2.4322,-1.7457
-2.4322,-1.5539
-2.4322,-1.7231
-2.4322,-3.1281
-2.4322,-1.9558
-2.4322,-2.0578
-2.4322,-2.6331
-2.4322,-2.6262
-2.4322,-2.0895
-2.4322,-2.2887
-2.4322,-2.8125
-2.4322,-3.0229
-2.4322,-1.5174
-1.7457,-0.8992
-1.7457,-2.4322
-1.7457,-1.3141
-1.7457,-1.5539
-1.7457,-1.4813
-1.7457,-1.7231
-1.7457,-1.8565
-1.7457,-1.9558
-1.7457,-2.0578
-1.7457,-2.6331
-1.7457,-2.0895
-1.7457,-2.2887
-1.7457,-1.4129
-1.7457,-1.5174
6.7549,6.1192
6.7549,7.2841
6.7549,5.9101
6.7549,7.1408
6.7549,5.9814
6.7549,6.4467
6.7549,7.1725
6.7549,6.163
6.7549,6.8458
6.7549,6.0211
-4.3667,-4.2659
-4.3667,-3.9741
-4.3667,-5.0746
-4.3667,-4.6094
-4.3667,-3.523
-4.3667,-5.0389
-4.3667,-4.1903
-4.3667,-3.7974
-4.3667,-3.3748
-4.3667,-3.8063
-4.3667,-3.9521
-1.3141,-1.7956
-1.3141,-0.8992
-1.3141,-1.0932
-1.3141,-1.7457
-1.3141,-0.72534
-1.3141,-1.5539
-1.3141,-0.92129
-1.3141,-1.4813
-1.3141,-0.68804
-1.3141,-1.7231
-1.3141,-1.9558
-1.3141,-2.0578
-1.3141,-1.5176
-1.3141,-2.0895
-1.3141,-1.4129
-1.3141,-0.93182
-1.3141,-1.5174
-3.523,-2.903
-3.523,-4.2659
-3.523,-3.9741
-3.523,-2.6337
-3.523,-3.6086
-3.523,-4.3667
-3.523,-4.1903
-3.523,-3.0101
-3.523,-3.7974
-3.523,-3.9168
-3.523,-3.1435
-3.523,-2.8782
-3.523,-3.3748
-3.523,-2.8329
-3.523,-3.8063
-3.523,-3.9521
0.52513,0.17121
0.52513,-0.2605
0.52513,0.98782
0.52513,0.52602
-5.8261,-4.9654
-5.8261,-5.3831
-5.8261,-6.5547
0.10783,-0.0095612
0.10783,-0.83075
0.10783,-0.24636
0.10783,0.71203
0.10783,0.63388
0.10783,-0.59365
-0.72534,-0.8992
-0.72534,-0.59516
-0.72534,-0.4897
-0.72534,-1.0932
-0.72534,-1.3141
-0.72534,-1.5539
-0.72534,-0.92129
-0.72534,-1.4813
-0.72534,-0.68804
-0.72534,-1.7231
-0.72534,0.074709
-0.72534,0.18472
-0.72534,-0.074907
-0.72534,-1.5174
-6.3013,-5.5724
-6.3013,-5.8732
0.88618,1.2273
0.88618,1.2391
0.88618,1.7911
0.88618,0.71203
0.88618,0.25599
5.4282,5.5842
5.4282,6.3125
-1.5539,-0.8992
-1.5539,-2.4322
-1.5539,-1.7457
-1.5539,-1.3141
-1.5539,-0.72534
-1.5539,-0.92129
-1.5539,-1.4813
-1.5539,-0.68804
-1.5539,-1.7231
-1.5539,-1.8565
-1.5539,-1.9558
-1.5539,-2.0578
-1.5539,-2.0895
-1.5539,-2.2887
-1.5539,-1.4129
-1.5539,-0.93182
-1.5539,-1.5174
-2.5849,-2.903
-2.5849,-2.6337
-2.5849,-1.6606
-2.5849,-2.0649
-2.5849,-3.0101
-2.5849,-1.8012
-2.5849,-2.244
-2.5849,-1.778
-2.5849,-2.8782
-2.5849,-2.2227
-2.5849,-2.8329
-2.5849,-2.873
-5.0389,-4.2659
-5.0389,-5.5724
-5.0389,-5.6072
-5.0389,-5.0746
-5.0389,-4.3667
-5.0389,-4.6978
-5.0389,-4.1903
-5.0389,-5.8732
-5.0389,-4.6628
-5.0389,-5.0087
-5.0389,-5.7618
6.4121,6.6784
6.4121,5.5842
6.4121,6.8101
6.4121,6.3125
-4.6978,-4.2659
-4.6978,-3.9741
-4.6978,-5.1191
-4.6978,-5.6072
-4.6978,-5.0746
-4.6978,-5.0389
-4.6978,-4.1903
-4.6978,-3.7974
-4.6978,-4.6628
-4.6978,-5.0087
-4.6978,-4.2008
-4.6978,-3.9521
-2.4125,-1.7956
-2.4125,-2.5
-2.4125,-2.4791
-2.4125,-2.2722
-2.4125,-1.5066
-2.4125,-2.618
-2.4125,-2.7293
-2.4125,-3.1603
-2.4125,-2.1963
-2.4125,-2.3253
-2.4125,-2.6141
-2.4125,-1.9635
-2.4125,-1.6828
-2.4125,-1.5706
5.5942,5.9101
5.5942,4.9632
5.5942,6.0752
5.5942,5.9814
5.5942,6.4467
5.5942,5.6719
5.5942,5.2498
5.5942,5.3783
5.5942,4.8924
5.5942,6.0211
5.9814,6.1192
5.9814,5.9101
5.9814,6.7549
5.9814,5.5942
5.9814,5.6364
5.9814,6.4467
5.9814,5.6719
5.9814,5.2498
5.9814,6.163
5.9814,6.8458
5.9814,6.0211
-0.92129,-1.7956
-0.92129,-0.8992
-0.92129,-0.59516
-0.92129,-1.0932
-0.92129,-1.3141
-0.92129,-0.72534
-0.92129,-1.5539
-0.92129,-1.4813
-0.92129,-0.68804
-0.92129,-1.7231
-0.92129,-1.5176
-0.92129,-0.074907
-0.92129,-1.5706
-0.92129,-1.5174
-1.4813,-1.7956
-1.4813,-0.8992
-1.4813,-2.2722
-1.4813,-1.0932
-1.4813,-1.7457
-1.4813,-1.3141
-1.4813,-0.72534
-1.4813,-1.5539
-1.4813,-0.92129
-1.4813,-0.68804
-1.4813,-1.7231
-1.4813,-1.9558
-1.4813,-2.0578
-1.4813,-1.5176
-1.4813,-2.0895
-1.4813,-1.9635
-1.4813,-1.5706
-1.4813,-1.5174
6.4065,6.1192
6.4065,6.7294
6.4065,7.0072
6.4065,5.4279
6.4065,6.1186
-0.68804,-0.8992
-0.68804,-0.4897
-0.68804,0.17121
-0.68804,-1.3141
-0.68804,-0.72534
-0.68804,-1.5539
-0.68804,-0.92129
-0.68804,-1.4813
-0.68804,0.074709
-0.68804,-0.074907
-0.68804,-1.4129
-0.68804,-0.93182
-0.68804,-1.5174
-1.3671,-2.129
-1.3671,-1.8012
-1.3671,-1.1016
-1.3671,-2.2227
0.98782,0.17121
0.98782,0.52513
0.98782,0.97932
-4.1903,-4.2659
-4.1903,-3.9741
-4.1903,-5.0746
-4.1903,-4.6094
-4.1903,-4.3667
-4.1903,-3.523
-4.1903,-5.0389
-4.1903,-4.6978
-4.1903,-3.7974
-4.1903,-3.3748
-4.1903,-5.0087
-4.1903,-3.8063
-4.1903,-4.2008
-4.1903,-3.9521
-2.618,-1.7956
-2.618,-2.5
-2.618,-3.3971
-2.618,-3.0329
-2.618,-2.2722
-2.618,-2.4125
-2.618,-3.3462
-2.618,-2.7293
-2.618,-3.1603
-2.618,-2.1963
-2.618,-2.3253
-2.618,-2.6141
-2.618,-2.6262
-2.618,-2.0895
-2.618,-1.9635
-2.618,-2.8125
-2.618,-3.4722
-0.24609,-1.1016
-0.24609,0.63388
-0.24609,-0.59365
-2.6532,-2.903
-2.6532,-2.0649
-2.6532,-2.244
-2.6532,-3.2453
-2.6532,-2.873
6.0763,6.1201
6.0763,5.858
6.0763,6.5059
6.0763,5.1585
6.0763,5.7986
6.0763,6.33
6.0763,5.3121
6.0763,6.9643
6.0763,6.2567
5.6364,6.1192
5.6364,5.9101
5.6364,4.9295
5.6364,4.9632
5.6364,5.3777
5.6364,5.9814
5.6364,5.6719
5.6364,6.163
5.6364,6.1186
-3.0101,-3.9741
-3.0101,-2.6337
-3.0101,-2.129
-3.0101,-3.0733
-3.0101,-3.6086
-3.0101,-3.523
-3.0101,-2.5849
-3.0101,-3.7974
-3.0101,-3.1435
-3.0101,-2.8782
-3.0101,-2.2227
-3.0101,-3.3748
-3.0101,-2.8329
-3.0101,-3.8063
-3.0101,-2.6318
-0.0095612,0.10783
-0.0095612,-0.83075
-0.0095612,-0.24636
-0.0095612,0.71203
-0.0095612,0.63388
-0.0095612,-0.59365
-0.0095612,0.25599
5.7338,6.5365
5.7338,5.6505
-1.7231,-1.7956
-1.7231,-2.5
-1.7231,-2.2722
-1.7231,-1.0932
-1.7231,-2.4322
-1.7231,-1.7457
-1.7231,-1.3141
-1.7231,-0.72534
-1.7231,-1.5539
-1.7231,-0.92129
-1.7231,-1.4813
-1.7231,-1.9558
-1.7231,-2.0578
-1.7231,-2.6331
-1.7231,-1.5176
-1.7231,-2.6262
-1.7231,-2.0895
-1.7231,-1.9635
-1.7231,-1.4129
-1.7231,-1.5174
6.4467,5.9101
6.4467,6.0752
6.4467,7.1408
6.4467,6.7549
6.4467,5.5942
6.4467,5.9814
6.4467,7.1725
6.4467,6.163
6.4467,6.8458
6.4467,6.0211
-3.1281,-2.5
-3.1281,-3.3971
-3.1281,-3.0329
-3.1281,-2.2722
-3.1281,-2.4322
-3.1281,-3.3462
-3.1281,-2.6331
-3.1281,-2.6262
-3.1281,-3.8013
-3.1281,-2.8125
-3.1281,-3.0229
4.3179,4.0957
4.3179,5.1585
4.3179,4.9427
4.3179,4.3129
-3.3462,-4.0537
-3.3462,-3.3971
-3.3462,-3.0329
-3.3462,-4.1797
-3.3462,-2.618
-3.3462,-3.1281
-3.3462,-2.7293
-3.3462,-3.1603
-3.3462,-2.6141
-3.3462,-2.8125
-3.3462,-3.4722
0.52602,0.52513
7.1725,7.1408
7.1725,6.7549
7.1725,6.4467
-1.8012,-2.6337
-1.8012,-2.129
-1.8012,-1.6606
-1.8012,-2.0649
-1.8012,-2.5849
-1.8012,-1.3671
-1.8012,-1.1016
-1.8012,-1.778
-1.8012,-2.2227
-1.8012,-1.2396
-1.8565,-1.7457
-1.8565,-1.5539
-1.8565,-1.3162
-1.8565,-2.0578
-1.8565,-2.2887
-1.8565,-1.4129
-1.8565,-0.93182
5.7554,5.5842
5.7554,4.7637
5.5842,5.4282
5.5842,6.4121
5.5842,5.7554
5.5842,6.3125
7.0072,6.4065
7.0072,7.4251
5.4279,5.3777
5.4279,6.4065
5.4279,6.1186
5.6505,6.1201
5.6505,4.7011
5.6505,6.5365
5.6505,5.3526
5.6505,5.7338
5.6505,6.33
5.6505,6.4151
7.1397,7.399
7.1397,6.33
7.1397,6.9643
7.1397,6.2567
-2.7293,-2.5
-2.7293,-3.3971
-2.7293,-3.0329
-2.7293,-2.2722
-2.7293,-2.4125
-2.7293,-2.618
-2.7293,-3.3462
-2.7293,-3.1603
-2.7293,-2.1963
-2.7293,-2.3253
-2.7293,-2.6141
-2.7293,-1.9635
-2.7293,-2.8125
-2.7293,-3.4722
-2.244,-2.903
-2.244,-2.0649
-2.244,-2.5849
-2.244,-2.6532
-2.244,-1.778
-2.244,-1.3862
-2.244,-1.4762
-2.244,-2.873
-3.1603,-2.4791
-3.1603,-2.4125
-3.1603,-2.618
-3.1603,-3.3462
-3.1603,-2.7293
-3.1603,-3.6074
-3.1603,-2.6141
-3.1603,-3.4722
7.399,7.1397
7.399,6.4151
-3.7974,-4.2659
-3.7974,-3.9741
-3.7974,-3.0733
-3.7974,-4.3667
-3.7974,-3.523
-3.7974,-4.6978
-3.7974,-4.1903
-3.7974,-3.0101
-3.7974,-3.1435
-3.7974,-3.7119
-3.7974,-3.3748
-3.7974,-4.2008
-3.7974,-3.9521
-0.83075,-0.93797
-0.83075,-1.6606
-0.83075,0.10783
-0.83075,-0.0095612
-0.83075,-0.24636
-0.83075,-1.778
-0.83075,-0.59365
-0.83075,-1.2396
-1.3162,-1.8565
-1.3162,-1.4129
-1.3162,-0.93182
-1.9558,-1.7956
-1.9558,-2.5
-1.9558,-2.2722
-1.9558,-2.4322
-1.9558,-1.7457
-1.9558,-1.3141
-1.9558,-1.5539
-1.9558,-1.4813
-1.9558,-1.7231
-1.9558,-2.0578
-1.9558,-2.6331
-1.9558,-2.6262
-1.9558,-2.0895
-1.9558,-1.9635
-1.9558,-2.2887
-1.9558,-1.4129
-1.9558,-1.5174
0.074709,-0.4897
0.074709,0.17121
0.074709,-0.72534
0.074709,-0.68804
0.074709,0.97932
0.074709,0.18472
0.074709,-0.074907
1.7911,1.2273
1.7911,0.88618
-2.1963,-1.7956
-2.1963,-2.4791
-2.1963,-2.2722
-2.1963,-1.5066
-2.1963,-2.4125
-2.1963,-2.618
-2.1963,-2.7293
-2.1963,-1.5176
-2.1963,-2.3253
-2.1963,-2.6141
-2.1963,-1.9635
-2.1963,-1.6828
-2.1963,-1.5706
5.7986,6.1201
5.7986,5.858
5.7986,5.3526
5.7986,5.1585
5.7986,6.0763
5.7986,6.33
5.7986,5.3121
5.7986,4.9427
5.7986,6.2567
-3.9168,-3.6086
-3.9168,-4.6094
-3.9168,-3.523
-3.9168,-3.5622
-3.9168,-3.8063
0.97932,0.17121
0.97932,0.98782
0.97932,0.074709
-2.0578,-2.5
-2.0578,-2.2722
-2.0578,-2.4322
-2.0578,-1.7457
-2.0578,-1.3141
-2.0578,-1.5539
-2.0578,-1.4813
-2.0578,-1.7231
-2.0578,-1.8565
-2.0578,-1.9558
-2.0578,-2.6331
-2.0578,-2.6262
-2.0578,-2.0895
-2.0578,-2.2887
-2.0578,-3.0229
-2.0578,-1.4129
-2.0578,-1.5174
6.33,6.1201
6.33,6.5365
6.33,5.3526
6.33,6.0763
6.33,5.6505
6.33,7.1397
6.33,5.7986
6.33,6.4151
6.33,6.2567
-0.24636,-0.53122
-0.24636,-0.93797
-0.24636,0.10783
-0.24636,-0.0095612
-0.24636,-0.83075
-0.24636,0.71203
-0.24636,0.25599
5.3121,5.858
5.3121,5.1585
5.3121,6.0763
5.3121,5.7986
5.3121,4.9427
5.3121,4.8245
7.556,6.8101
-2.6331,-2.5
-2.6331,-2.4322
-2.6331,-1.7457
-2.6331,-1.7231
-2.6331,-3.1281
-2.6331,-1.9558
-2.6331,-2.0578
-2.6331,-2.6262
-2.6331,-2.0895
-2.6331,-2.2887
-2.6331,-2.8125
-2.6331,-3.0229
-3.6074,-3.1205
-3.6074,-4.3043
-3.6074,-3.1603
-3.6074,-4.0762
4.9427,4.0957
4.9427,4.7011
4.9427,5.3526
4.9427,5.1585
4.9427,4.3179
4.9427,5.7986
4.9427,5.3121
-1.5176,-1.7956
-1.5176,-0.59516
-1.5176,-2.2722
-1.5176,-1.5066
-1.5176,-1.0932
-1.5176,-1.3141
-1.5176,-0.92129
-1.5176,-1.4813
-1.5176,-1.7231
-1.5176,-2.1963
-1.5176,-2.3253
-1.5176,-2.0895
-1.5176,-1.9635
-1.5176,-0.84256
-1.5176,-1.5706
-1.5176,-1.5174
-5.7318,-4.85
-5.7318,-5.1191
-5.7318,-5.6072
-5.7318,-5.7618
4.7178,4.7011
0.71203,1.2273
0.71203,0.10783
0.71203,0.88618
0.71203,-0.0095612
0.71203,-0.24636
0.71203,0.25599
-5.3831,-4.5942
-5.3831,-5.8261
6.9643,6.5059
6.9643,6.0763
6.9643,7.1397
6.9643,6.2567
5.6719,6.1192
5.6719,5.9101
5.6719,4.9295
5.6719,4.9632
5.6719,5.3777
5.6719,5.5942
5.6719,5.9814
5.6719,5.6364
5.6719,5.2498
5.6719,6.163
5.6719,6.1186
-2.3253,-1.7956
-2.3253,-2.5
-2.3253,-3.0329
-2.3253,-2.2722
-2.3253,-1.5066
-2.3253,-2.4125
-2.3253,-2.618
-2.3253,-2.7293
-2.3253,-2.1963
-2.3253,-1.5176
-2.3253,-2.6141
-2.3253,-2.0895
-2.3253,-1.9635
-2.3253,-2.8125
-2.3253,-1.5706
-1.1016,-1.3671
-1.1016,-0.24609
-1.1016,-1.8012
-1.1016,-0.59365
-1.1016,-1.2396
-1.778,-2.6337
-1.778,-0.93797
-1.778,-1.6606
-1.778,-2.0649
-1.778,-2.5849
-1.778,-1.8012
-1.778,-2.244
-1.778,-0.83075
-1.778,-1.2396
-1.778,-1.4762
0.18472,-0.59516
0.18472,-0.72534
0.18472,0.074709
0.18472,-0.074907
4.7637,5.7554
0.63388,1.2273
0.63388,0.10783
0.63388,-0.24609
0.63388,-0.0095612
-2.6141,-3.0329
-2.6141,-2.4791
-2.6141,-2.2722
-2.6141,-2.4125
-2.6141,-2.618
-2.6141,-3.3462
-2.6141,-2.7293
-2.6141,-3.1603
-2.6141,-2.1963
-2.6141,-2.3253
-2.6141,-1.9635
-2.6141,-3.4722
-2.6262,-1.7956
-2.6262,-2.5
-2.6262,-3.3971
-2.6262,-3.0329
-2.6262,-2.2722
-2.6262,-2.4322
-2.6262,-2.618
-2.6262,-1.7231
-2.6262,-3.1281
-2.6262,-1.9558
-2.6262,-2.0578
-2.6262,-2.6331
-2.6262,-2.0895
-2.6262,-1.9635
-2.6262,-2.8125
-2.6262,-3.0229
-3.1435,-3.9741
-3.1435,-3.0733
-3.1435,-3.523
-3.1435,-3.0101
-3.1435,-3.7974
-3.1435,-3.3748
-3.1435,-3.9521
-3.1435,-2.6318
-5.8732,-5.5724
-5.8732,-5.6072
-5.8732,-6.3013
-5.8732,-5.0389
-5.8732,-5.0087
-5.8732,-5.7618
-0.074907,-0.59516
-0.074907,-0.72534
-0.074907,-0.92129
-0.074907,-0.68804
-0.074907,0.074709
-0.074907,0.18472
-2.0895,-1.7956
-2.0895,-2.5
-2.0895,-3.0329
-2.0895,-2.2722
-2.0895,-2.4322
-2.0895,-1.7457
-2.0895,-1.3141
-2.0895,-1.5539
-2.0895,-1.4813
-2.0895,-2.618
-2.0895,-1.7231
-2.0895,-1.9558
-2.0895,-2.0578
-2.0895,-2.6331
-2.0895,-1.5176
-2.0895,-2.3253
-2.0895,-2.6262
-2.0895,-1.9635
-2.0895,-2.8125
-2.0895,-1.5706
-2.0895,-1.5174
-0.59365,0.10783
-0.59365,-0.24609
-0.59365,-0.0095612
-0.59365,-0.83075
-0.59365,-1.1016
-0.59365,-1.2396
6.8101,6.4121
6.8101,7.556
-2.8782,-2.903
-2.8782,-2.6337
-2.8782,-3.6086
-2.8782,-3.523
-2.8782,-2.5849
-2.8782,-3.0101
-2.8782,-2.2227
-2.8782,-3.3748
-2.8782,-2.8329
-2.8782,-3.8063
-2.8782,-2.873
-2.8782,-2.6318
-2.2227,-2.6337
-2.2227,-2.129
-2.2227,-1.6606
-2.2227,-2.5849
-2.2227,-1.3671
-2.2227,-3.0101
-2.2227,-1.8012
-2.2227,-2.8782
-2.2227,-2.8329
-2.2227,-2.6318
-3.7119,-3.0733
-3.7119,-3.7974
-3.7119,-4.6628
-3.7119,-4.2008
-3.7119,-3.9521
-0.64658,-0.53122
-0.64658,-1.3862
-0.64658,0.24738
4.8245,5.3121
4.8245,4.3129
-3.3748,-4.2659
-3.3748,-3.9741
-3.3748,-2.6337
-3.3748,-3.6086
-3.3748,-4.3667
-3.3748,-3.523
-3.3748,-4.1903
-3.3748,-3.0101
-3.3748,-3.7974
-3.3748,-3.1435
-3.3748,-2.8782
-3.3748,-2.8329
-3.3748,-3.8063
-3.3748,-3.9521
-3.3748,-2.6318
-3.8013,-3.3971
-3.8013,-4.1797
-3.8013,-3.1281
-3.8013,-3.0229
5.2498,5.9101
5.2498,4.9295
5.2498,4.9632
5.2498,5.5942
5.2498,5.9814
5.2498,5.6719
5.2498,4.8924
5.2498,6.0211
-1.9635,-1.7956
-1.9635,-2.5
-1.9635,-2.2722
-1.9635,-1.5066
-1.9635,-1.0932
-1.9635,-2.4125
-1.9635,-1.4813
-1.9635,-2.618
-1.9635,-1.7231
-1.9635,-2.7293
-1.9635,-1.9558
-1.9635,-2.1963
-1.9635,-1.5176
-1.9635,-2.3253
-1.9635,-2.6141
-1.9635,-2.6262
-1.9635,-2.0895
-1.9635,-2.8125
-1.9635,-1.5706
-1.2396,-0.93797
-1.2396,-1.6606
-1.2396,-2.0649
-1.2396,-1.8012
-1.2396,-0.83075
-1.2396,-1.1016
-1.2396,-1.778
-1.2396,-0.59365
6.163,6.1192
6.163,5.9101
6.163,6.7294
6.163,6.7549
6.163,5.9814
6.163,5.6364
6.163,6.4467
6.163,5.6719
6.163,6.1186
6.163,6.8458
6.163,6.0211
-1.6828,-2.4791
-1.6828,-1.5066
-1.6828,-2.4125
-1.6828,-2.1963
-2.2887,-2.4322
-2.2887,-1.7457
-2.2887,-1.5539
-2.2887,-1.8565
-2.2887,-1.9558
-2.2887,-2.0578
-2.2887,-2.6331
-2.2887,-3.0229
-2.2887,-1.4129
7.4251,6.7294
7.4251,7.0072
4.3129,4.3179
4.3129,4.8245
-3.2453,-2.903
-3.2453,-2.6532
-3.2453,-3.5622
-3.2453,-2.873
-2.8125,-2.5
-2.8125,-3.3971
-2.8125,-3.0329
-2.8125,-2.2722
-2.8125,-2.4322
-2.8125,-2.618
-2.8125,-3.1281
-2.8125,-3.3462
-2.8125,-2.7293
-2.8125,-2.6331
-2.8125,-2.3253
-2.8125,-2.6262
-2.8125,-2.0895
-2.8125,-1.9635
-2.8125,-3.0229
-3.5622,-2.903
-3.5622,-3.6086
-3.5622,-3.9168
-3.5622,-3.2453
-3.5622,-2.8329
-3.5622,-3.8063
-3.5622,-2.873
-4.6628,-4.85
-4.6628,-5.1191
-4.6628,-5.6072
-4.6628,-5.0389
-4.6628,-4.6978
-4.6628,-3.7119
-4.6628,-5.0087
-4.6628,-4.2008
-4.6628,-3.9521
-0.84256,-0.59516
-0.84256,-1.5066
-0.84256,-1.0932
-0.84256,-1.5176
-0.84256,-1.5706
-5.0087,-4.2659
-5.0087,-5.1191
-5.0087,-5.5724
-5.0087,-5.6072
-5.0087,-5.0746
-5.0087,-5.0389
-5.0087,-4.6978
-5.0087,-4.1903
-5.0087,-5.8732
-5.0087,-4.6628
-5.0087,-4.2008
-5.0087,-5.7618
-2.8329,-2.903
-2.8329,-2.6337
-2.8329,-2.0649
-2.8329,-3.6086
-2.8329,-3.523
-2.8329,-2.5849
-2.8329,-3.0101
-2.8329,-2.8782
-2.8329,-2.2227
-2.8329,-3.3748
-2.8329,-3.5622
-2.8329,-2.873
-3.0229,-2.4322
-3.0229,-3.1281
-3.0229,-2.0578
-3.0229,-2.6331
-3.0229,-2.6262
-3.0229,-3.8013
-3.0229,-2.2887
-3.0229,-2.8125
6.1186,6.1192
6.1186,5.9101
6.1186,5.3777
6.1186,6.7294
6.1186,6.4065
6.1186,5.6364
6.1186,5.4279
6.1186,5.6719
6.1186,6.163
6.3125,6.6784
6.3125,5.4282
6.3125,6.4121
6.3125,5.5842
-1.5706,-1.7956
-1.5706,-2.2722
-1.5706,-1.5066
-1.5706,-1.0932
-1.5706,-2.4125
-1.5706,-0.92129
-1.5706,-1.4813
-1.5706,-2.1963
-1.5706,-1.5176
-1.5706,-2.3253
-1.5706,-2.0895
-1.5706,-1.9635
-1.5706,-0.84256
-3.8063,-4.2659
-3.8063,-3.9741
-3.8063,-3.6086
-3.8063,-4.6094
-3.8063,-4.3667
-3.8063,-3.523
-3.8063,-4.1903
-3.8063,-3.0101
-3.8063,-3.9168
-3.8063,-2.8782
-3.8063,-3.3748
-3.8063,-3.5622
-1.3862,-0.53122
-1.3862,-0.93797
-1.3862,-2.0649
-1.3862,-2.244
-1.3862,-0.64658
-1.3862,-1.4762
0.24738,1.2391
0.24738,-0.64658
0.24738,0.25599
-1.4762,-0.53122
-1.4762,-0.93797
-1.4762,-2.0649
-1.4762,-2.244
-1.4762,-1.778
-1.4762,-1.3862
-4.2008,-5.1191
-4.2008,-4.6978
-4.2008,-4.1903
-4.2008,-3.7974
-4.2008,-3.7119
-4.2008,-4.6628
-4.2008,-5.0087
-4.2008,-3.9521
-4.0762,-3.1205
-4.0762,-3.6074
-5.7618,-5.1191
-5.7618,-5.6072
-5.7618,-5.0389
-5.7618,-5.7318
-5.7618,-5.8732
-5.7618,-5.0087
0.25599,-0.53122
0.25599,0.88618
0.25599,-0.0095612
0.25599,-0.24636
0.25599,0.71203
0.25599,0.24738
5.3783,6.1747
5.3783,6.0752
5.3783,5.5942
5.3783,4.8924
-1.4129,-0.8992
-1.4129,-0.4897
-1.4129,-1.7457
-1.4129,-1.3141
-1.4129,-1.5539
-1.4129,-0.68804
-1.4129,-1.7231
-1.4129,-1.8565
-1.4129,-1.3162
-1.4129,-1.9558
-1.4129,-2.0578
-1.4129,-2.2887
-1.4129,-0.93182
-1.4129,-1.5174
-3.4722,-4.0537
-3.4722,-3.3971
-3.4722,-3.0329
-3.4722,-4.3043
-3.4722,-2.618
-3.4722,-3.3462
-3.4722,-2.7293
-3.4722,-3.1603
-3.4722,-2.6141
6.4151,6.1201
6.4151,6.5365
6.4151,5.6505
6.4151,7.399
6.4151,6.33
6.4151,6.2567
6.8458,6.1192
6.8458,7.2841
6.8458,5.9101
6.8458,6.7294
6.8458,6.7549
6.8458,5.9814
6.8458,6.4467
6.8458,6.163
-3.9521,-4.2659
-3.9521,-3.9741
-3.9521,-3.0733
-3.9521,-4.3667
-3.9521,-3.523
-3.9521,-4.6978
-3.9521,-4.1903
-3.9521,-3.7974
-3.9521,-3.1435
-3.9521,-3.7119
-3.9521,-3.3748
-3.9521,-4.6628
-3.9521,-4.2008
-2.873,-2.903
-2.873,-2.6337
-2.873,-2.0649
-2.873,-3.6086
-2.873,-2.5849
-2.873,-2.6532
-2.873,-2.244
-2.873,-2.8782
-2.873,-3.2453
-2.873,-3.5622
-2.873,-2.8329
-2.6318,-2.6337
-2.6318,-2.129
-2.6318,-3.0733
-2.6318,-3.0101
-2.6318,-3.1435
-2.6318,-2.8782
-2.6318,-2.2227
-2.6318,-3.3748
-0.93182,-0.8992
-0.93182,-0.4897
-0.93182,-0.2605
-0.93182,-1.3141
-0.93182,-1.5539
-0.93182,-0.68804
-0.93182,-1.8565
-0.93182,-1.3162
-0.93182,-1.4129
-6.5547,-5.8261
4.8924,5.5942
4.8924,5.2498
4.8924,5.3783
6.2567,6.1201
6.2567,6.0763
6.2567,7.1397
6.2567,5.7986
6.2567,6.33
6.2567,6.9643
6.2567,6.4151
-1.5174,-1.7956
-1.5174,-0.8992
-1.5174,-1.0932
-1.5174,-2.4322
-1.5174,-1.7457
-1.5174,-1.3141
-1.5174,-0.72534
-1.5174,-1.5539
-1.5174,-0.92129
-1.5174,-1.4813
-1.5174,-0.68804
-1.5174,-1.7231
-1.5174,-1.9558
-1.5174,-2.0578
-1.5174,-1.5176
-1.5174,-2.0895
-1.5174,-1.4129
6.0211,6.1747
6.0211,5.9101
6.0211,6.0752
6.0211,6.7549
6.0211,5.5942
6.0211,5.9814
6.0211,6.4467
6.0211,5.2498
6.0211,6.163
