-1.9911,-2.8132
-1.9911,-1.8186
-6.9764,-6.6138
-6.9764,-6.7363
-6.9764,-6.3931
-6.9764,-6.0487
-6.9764,-7.4641
-6.9764,-6.3816
-5.3489,-6.2419
-5.3489,-4.4461
-5.3489,-5.4887
-5.5993,-5.3409
-5.5993,-6.3931
-5.5993,-6.0487
-5.5993,-5.9339
-5.5993,-5.2121
-5.5993,-5.7596
-5.5993,-5.038
-0.065515,0.23041
-0.065515,-0.81469
-0.065515,0.82211
-0.065515,0.098453
-5.3392,-6.0663
-5.3392,-5.3997
-5.3392,-4.9843
-5.3392,-4.9683
-5.3392,-4.6326
-5.3392,-5.7412
-5.3392,-5.6123
-5.3392,-5.1738
-5.3392,-4.8083
-6.0663,-5.3392
-6.0663,-5.3997
-6.0663,-6.5066
-6.0663,-5.7412
-6.0663,-5.1738
-6.0663,-5.6355
-5.8832,-6.2907
-5.8832,-6.1381
-5.8832,-6.3816
5.6775,5.0118
5.6775,5.3066
5.6775,6.0973
5.6775,6.3623
-3.6521,-3.7407
-3.6521,-4.4677
-3.6521,-2.9953
-3.6521,-4.2619
5.9048,5.4995
5.9048,6.1699
5.9048,5.3066
5.9048,5.4581
5.9048,6.6863
5.9048,6.0973
5.9048,6.3623
-5.3409,-5.5993
-5.3409,-5.6283
-5.3409,-6.0487
-5.3409,-5.9339
-5.3409,-5.2121
-5.3409,-5.7596
-5.3409,-4.6619
-5.3409,-5.038
7.0074,6.0288
7.0074,6.6222
7.0074,7.4425
3.7364,4.2409
3.7364,4.6904
3.7364,3.3643
3.7364,4.4557
4.8905,5.4995
4.8905,5.3066
4.8905,5.4581
4.8905,4.3062
4.8905,5.3087
-5.3997,-5.3392
-5.3997,-6.0663
-5.3997,-4.877
-5.3997,-4.9683
-5.3997,-4.6326
-5.3997,-4.7769
-5.3997,-5.7412
-5.3997,-5.1738
-5.3997,-5.6355
-4.3472,-4.9843
-4.3472,-4.6326
-4.3472,-5.1738
-4.3472,-4.8083
-4.3472,-4.0326
6.2249,6.1419
6.2249,5.2979
6.2249,7
6.2249,6.1514
6.2249,6.3268
-2.4895,-1.6713
-2.4895,-2.6413
-5.6283,-5.3409
-5.6283,-6.3931
-5.6283,-6.0487
-5.6283,-6.1381
-5.6283,-5.2351
-5.6283,-5.9281
-5.6283,-6.3816
-5.6283,-5.038
0.45577,0.25545
0.45577,-0.30605
0.45577,1.2914
0.45577,0.67413
0.45577,0.10295
0.45577,0.44236
0.45577,1.2501
0.25545,0.45577
0.25545,0.095899
0.25545,-0.30605
0.25545,0.82465
0.25545,0.67413
0.25545,-0.13881
0.25545,0.10295
0.25545,-0.74954
0.25545,0.11526
0.25545,-0.60403
1.774,2.769
1.774,1.8862
1.774,1.0365
4.2409,3.7364
4.2409,4.6904
4.2409,4.9638
4.2409,3.3643
4.2409,5.2388
-6.6138,-6.9764
-6.6138,-6.3931
-6.6138,-6.0487
-6.6138,-5.9339
-6.6138,-5.7596
-6.6138,-6.7751
2.0015,1.0994
2.0015,2.4665
2.0015,1.5718
7.8473,7.4675
7.8473,7.227
7.8473,7.0441
-4.9843,-5.3392
-4.9843,-4.3472
-4.9843,-4.6326
-4.9843,-5.7412
-4.9843,-5.6123
-4.9843,-5.1738
-4.9843,-4.8083
-0.98284,-1.1455
-0.98284,-1.4981
-0.98284,-1.6713
-0.98284,-0.27662
-0.98284,-0.30605
-0.98284,-0.13881
-0.98284,-0.74954
-0.98284,-0.60403
4.7765,5.7128
4.7765,4.3062
4.7765,5.3087
6.7178,6.8629
6.7178,7.2007
6.7178,6.1638
4.6904,3.7364
4.6904,4.2409
4.6904,5.3624
4.6904,4.9638
4.6904,5.4224
4.6904,4.5044
4.6904,4.4557
4.6904,5.2388
-2.1755,-1.9409
-2.1755,-2.7645
-2.1755,-1.4338
-0.6891,-0.087478
-0.6891,-0.86854
-0.6891,-0.4896
-0.6891,-1.0045
-0.6891,-1.4338
-0.6891,0.065829
2.769,1.774
2.769,3.1642
2.769,3.4202
1.0994,2.0015
1.0994,1.0609
1.0994,1.5718
1.0994,0.23041
1.0994,0.82211
1.0994,1.0365
-1.1455,-0.98284
-1.1455,-1.6713
-1.1455,-0.85755
-1.1455,-0.27662
-1.1455,-0.60403
-3.7407,-3.6521
-3.7407,-4.5881
-3.7407,-4.4677
-3.7407,-2.8132
6.1419,6.2249
6.1419,5.2979
6.1419,5.4224
6.1419,7
6.1419,6.1514
6.1419,6.3268
-6.8914,-6.9444
-6.8914,-7.8227
5.0118,5.6775
5.0118,5.3066
6.8629,6.7178
6.8629,6.3987
5.4995,5.9048
5.4995,4.8905
5.4995,6.1699
5.4995,5.3066
5.4995,5.4581
5.4995,5.3087
5.4995,6.3623
2.3957,2.043
-6.2419,-5.3489
-6.2419,-7.1624
-6.7363,-6.9764
-6.7363,-6.995
-6.7363,-6.3931
-6.7363,-6.0487
-6.7363,-6.1381
-6.7363,-7.4641
-6.7363,-5.9281
-6.7363,-6.3816
6.0288,7.0074
6.0288,6.6222
-0.46367,-0.86854
-0.46367,-0.4896
-0.46367,0.026424
-0.46367,-1.1372
-0.46367,0.0078279
-0.46367,-0.94649
-6.995,-6.7363
-6.995,-6.2907
-6.995,-6.1381
-6.995,-7.4641
-6.995,-6.3816
-0.087478,-0.6891
-0.087478,-1.0045
-0.087478,0.065829
2.043,2.3957
2.043,1.1845
5.1505,5.3624
5.1505,5.2979
5.1505,5.4224
5.1505,6.1514
5.1505,5.6965
5.1505,4.5044
5.1505,4.4557
5.3624,4.6904
5.3624,5.1505
5.3624,4.9638
5.3624,5.4224
5.3624,6.1514
5.3624,6.0684
5.3624,5.6965
5.3624,4.5044
5.3624,4.4557
6.3987,6.8629
6.3987,5.7128
6.3987,6.0726
-7.1624,-6.2419
-4.5881,-3.7407
-4.5881,-4.4677
-4.5881,-4.877
-4.5881,-4.7769
-4.4677,-3.6521
-4.4677,-3.7407
-4.4677,-4.5881
-4.4677,-4.877
-4.4677,-4.9683
-4.4677,-4.6326
-4.4677,-4.7769
-4.4677,-4.2619
6.1699,5.9048
6.1699,5.4995
6.1699,6.5445
6.1699,5.4581
6.1699,6.6863
6.1699,5.3087
6.1699,6.3623
6.1699,6.0726
-4.5775,-5.2121
-4.5775,-4.6619
0.10164,0.0078279
-4.4461,-5.3489
-4.4461,-4.5263
-4.4461,-3.5781
-4.4461,-3.569
2.4665,2.0015
2.4665,1.8862
2.4665,1.5718
2.4665,3.1642
0.095899,0.25545
0.095899,0.073984
0.095899,-0.27662
0.095899,-0.30605
0.095899,0.82465
0.095899,0.67413
0.095899,-0.13881
0.095899,0.10295
0.095899,0.87446
0.095899,0.11526
0.095899,-0.60403
0.80847,0.82211
0.80847,0.098453
-6.3931,-6.9764
-6.3931,-5.5993
-6.3931,-5.6283
-6.3931,-6.6138
-6.3931,-6.7363
-6.3931,-6.0487
-6.3931,-5.9339
-6.3931,-5.7596
-6.3931,-6.7751
-6.3931,-5.9281
1.1084,0.82465
1.1084,0.67413
1.1084,1.9342
1.1084,0.87446
1.1084,0.11526
6.6197,5.8168
6.6197,6.2371
6.6197,7.0441
6.6197,6.4641
-0.86854,-0.6891
-0.86854,-0.46367
-0.86854,-0.4896
-0.86854,0.026424
-0.86854,-1.4316
-0.86854,-1.6985
-0.86854,-1.1372
-0.86854,-1.0045
-0.86854,0.065829
-1.4981,-0.98284
-1.4981,-1.6713
-1.4981,-1.55
-1.4981,-0.74954
-6.0487,-6.9764
-6.0487,-5.5993
-6.0487,-5.3409
-6.0487,-5.6283
-6.0487,-6.6138
-6.0487,-6.7363
-6.0487,-6.3931
-6.0487,-5.7596
-6.0487,-5.9281
-6.0487,-6.3816
5.8168,6.6197
5.8168,6.4641
-5.6112,-5.9339
-5.6112,-6.2637
-5.6112,-5.2121
-0.4896,-0.6891
-0.4896,-0.46367
-0.4896,-0.86854
-0.4896,0.026424
-0.4896,-1.4316
-0.4896,-1.1372
-0.4896,-1.0045
-0.4896,0.065829
6.5445,6.1699
6.5445,6.0726
0.026424,-0.46367
0.026424,-0.86854
0.026424,-0.4896
0.026424,0.0078279
0.026424,0.065829
1.8862,1.774
1.8862,2.4665
1.8862,1.5718
1.8862,1.0365
-4.877,-5.3997
-4.877,-4.5881
-4.877,-4.4677
-4.877,-4.9683
-4.877,-4.7769
-4.877,-5.5344
-4.877,-5.6355
5.3066,5.6775
5.3066,5.9048
5.3066,4.8905
5.3066,5.0118
5.3066,5.4995
5.3066,6.0973
0.17555,0.075383
0.073984,0.095899
0.073984,0.7072
0.073984,-0.27662
0.073984,0.82465
0.073984,-0.13881
0.073984,0.23066
0.073984,0.87446
0.073984,0.11526
0.073984,-0.33301
1.0609,1.0994
1.0609,0.075383
-5.9339,-5.5993
-5.9339,-5.3409
-5.9339,-6.6138
-5.9339,-6.3931
-5.9339,-5.6112
-5.9339,-6.2637
-5.9339,-5.2121
-5.9339,-5.7596
-5.9339,-6.7751
-1.4316,-0.86854
-1.4316,-0.4896
-1.4316,-1.6985
-1.4316,-1.9409
-1.4316,-1.1372
-1.4316,-0.94649
0.7072,0.073984
0.7072,0.23066
0.7072,0.87446
0.7072,0.11526
-1.6713,-2.4895
-1.6713,-0.98284
-1.6713,-1.1455
-1.6713,-1.4981
7.9449,7
5.4581,5.9048
5.4581,4.8905
5.4581,5.4995
5.4581,6.1699
5.4581,5.3087
5.4581,6.0726
-0.85755,-1.1455
-0.85755,-0.27662
-0.85755,-0.33301
-0.27662,-0.98284
-0.27662,-1.1455
-0.27662,0.095899
-0.27662,0.073984
-0.27662,-0.85755
-0.27662,-0.13881
-0.27662,0.11526
-0.27662,-0.60403
-0.27662,-0.33301
5.2979,6.2249
5.2979,6.1419
5.2979,5.1505
5.2979,5.4224
-6.5066,-6.0663
-6.5066,-5.6355
7.2007,6.7178
7.2007,6.6222
7.2007,7.4425
-4.9683,-5.3392
-4.9683,-5.3997
-4.9683,-4.4677
-4.9683,-4.877
-4.9683,-4.6326
-4.9683,-4.7769
-4.9683,-5.1738
-4.9683,-4.2619
-4.9683,-5.6355
4.9638,4.2409
4.9638,4.6904
4.9638,5.3624
4.9638,5.6965
4.9638,4.4557
4.9638,5.2388
-4.6326,-5.3392
-4.6326,-5.3997
-4.6326,-4.3472
-4.6326,-4.9843
-4.6326,-4.4677
-4.6326,-4.9683
-4.6326,-4.7769
-4.6326,-5.1738
-4.6326,-4.2619
-4.6326,-4.0326
1.5718,2.0015
1.5718,1.0994
1.5718,2.4665
1.5718,1.8862
1.5718,1.0365
5.7128,4.7765
5.7128,6.3987
5.7128,6.0726
-0.30605,0.45577
-0.30605,0.25545
-0.30605,-0.98284
-0.30605,0.095899
-0.30605,-0.13881
-0.30605,0.10295
-0.30605,-0.74954
-0.30605,-0.51814
-0.30605,-0.60403
0.23041,-0.065515
0.23041,1.0994
0.23041,0.075383
0.23041,0.82211
0.23041,1.0365
6.2371,6.6197
7.4675,7.8473
7.4675,7.0441
6.6863,5.9048
6.6863,6.1699
6.6863,6.0973
6.6863,6.3623
6.0973,5.6775
6.0973,5.9048
6.0973,5.3066
6.0973,6.6863
6.0973,6.3623
6.0973,6.8719
5.4224,4.6904
5.4224,6.1419
5.4224,5.1505
5.4224,5.3624
5.4224,5.2979
5.4224,6.1514
5.4224,6.0684
5.4224,5.6965
5.4224,4.5044
5.4224,4.4557
5.4224,6.3268
7.1704,7
7.1704,6.6335
7.1704,6.3268
-1.6985,-0.86854
-1.6985,-1.4316
-1.6985,-1.9409
-1.6985,-1.1372
-1.55,-1.4981
-1.9409,-2.1755
-1.9409,-1.4316
-1.9409,-1.6985
-1.9409,-2.7645
-1.9409,-1.0045
-1.9409,-1.4338
7,6.2249
7,6.1419
7,7.9449
7,7.1704
7,6.3268
-6.2907,-5.8832
-6.2907,-6.995
-6.2907,-6.1381
0.82465,0.25545
0.82465,0.095899
0.82465,1.1084
0.82465,0.073984
0.82465,1.2914
0.82465,0.67413
0.82465,-0.13881
0.82465,0.10295
0.82465,0.87446
0.82465,0.11526
0.075383,0.17555
0.075383,1.0609
0.075383,0.23041
-0.81469,-0.065515
-0.81469,0.098453
3.9977,3.1642
3.9977,3.4202
1.2914,0.45577
1.2914,0.82465
1.2914,0.67413
1.2914,1.2501
-1.1372,-0.46367
-1.1372,-0.86854
-1.1372,-0.4896
-1.1372,-1.4316
-1.1372,-1.6985
-1.1372,-1.0045
-1.1372,-0.94649
6.1514,6.2249
6.1514,6.1419
6.1514,5.1505
6.1514,5.3624
6.1514,5.4224
6.1514,6.0684
6.1514,5.6965
6.1514,6.6335
6.1514,6.3268
-5.4887,-5.3489
-5.4887,-4.5263
3.1642,2.769
3.1642,2.4665
3.1642,3.9977
-4.7769,-5.3997
-4.7769,-4.5881
-4.7769,-4.4677
-4.7769,-4.877
-4.7769,-4.9683
-4.7769,-4.6326
-4.7769,-4.2619
-4.7769,-5.6355
6.3452,6.0684
6.3452,6.6335
0.67413,0.45577
0.67413,0.25545
0.67413,0.095899
0.67413,1.1084
0.67413,0.82465
0.67413,1.2914
0.67413,0.10295
0.67413,0.87446
0.67413,0.11526
0.67413,1.2501
6.0684,5.3624
6.0684,5.4224
6.0684,6.1514
6.0684,6.3452
6.0684,5.6965
6.0684,6.6335
6.0684,6.3268
7.227,7.8473
-5.7412,-5.3392
-5.7412,-6.0663
-5.7412,-5.3997
-5.7412,-4.9843
-5.7412,-5.6123
-5.7412,-5.1738
-2.7645,-2.1755
-2.7645,-1.9409
5.6965,5.1505
5.6965,5.3624
5.6965,4.9638
5.6965,5.4224
5.6965,6.1514
5.6965,6.0684
5.6965,6.6335
5.6965,6.3268
0.0078279,-0.46367
0.0078279,0.10164
0.0078279,0.026424
0.0078279,-0.94649
-6.2637,-5.6112
-6.2637,-5.9339
-6.2637,-6.7751
4.5044,4.6904
4.5044,5.1505
4.5044,5.3624
4.5044,5.4224
4.5044,4.4557
1.9342,1.1084
-6.9444,-6.8914
-6.9444,-7.8227
6.6335,7.1704
6.6335,6.1514
6.6335,6.3452
6.6335,6.0684
6.6335,5.6965
6.6335,6.3268
3.4202,2.769
3.4202,3.9977
-2.8132,-1.9911
-2.8132,-3.7407
-0.13881,0.25545
-0.13881,-0.98284
-0.13881,0.095899
-0.13881,0.073984
-0.13881,-0.27662
-0.13881,-0.30605
-0.13881,0.82465
-0.13881,0.11526
-0.13881,-0.60403
-0.13881,-0.33301
0.10295,0.45577
0.10295,0.25545
0.10295,0.095899
0.10295,-0.30605
0.10295,0.82465
0.10295,0.67413
0.10295,-0.74954
0.10295,-0.51814
0.10295,-0.60403
0.82211,-0.065515
0.82211,1.0994
0.82211,0.80847
0.82211,0.23041
0.82211,1.0365
0.82211,0.098453
7.0441,7.8473
7.0441,6.6197
7.0441,7.4675
7.0441,6.4641
0.44236,0.45577
0.44236,1.1845
0.44236,-0.51814
-2.9953,-3.6521
-5.5344,-4.877
-5.5344,-5.6355
-5.2121,-5.5993
-5.2121,-5.3409
-5.2121,-4.5775
-5.2121,-5.6112
-5.2121,-5.9339
-5.2121,-5.7596
-5.2121,-4.6619
-5.7596,-5.5993
-5.7596,-5.3409
-5.7596,-6.6138
-5.7596,-6.3931
-5.7596,-6.0487
-5.7596,-5.9339
-5.7596,-5.2121
-5.7596,-5.038
1.0365,1.774
1.0365,1.0994
1.0365,1.8862
1.0365,1.5718
1.0365,0.23041
1.0365,0.82211
-5.6123,-5.3392
-5.6123,-4.9843
-5.6123,-5.7412
-5.6123,-4.8083
0.23066,0.073984
0.23066,0.7072
0.23066,-0.33301
-6.1381,-5.8832
-6.1381,-5.6283
-6.1381,-6.7363
-6.1381,-6.995
-6.1381,-6.2907
-6.1381,-5.2351
-6.1381,-5.9281
-6.1381,-6.3816
-4.5263,-4.4461
-4.5263,-5.4887
-4.5263,-3.569
-6.7751,-6.6138
-6.7751,-6.3931
-6.7751,-5.9339
-6.7751,-6.2637
1.1845,2.043
1.1845,0.44236
3.3643,3.7364
3.3643,4.2409
-5.2351,-5.6283
-5.2351,-6.1381
-5.2351,-5.9281
-5.2351,-5.038
-5.1738,-5.3392
-5.1738,-6.0663
-5.1738,-5.3997
-5.1738,-4.3472
-5.1738,-4.9843
-5.1738,-4.9683
-5.1738,-4.6326
-5.1738,-5.7412
-5.1738,-4.8083
4.3062,4.8905
4.3062,4.7765
-4.2619,-3.6521
-4.2619,-4.4677
-4.2619,-4.9683
-4.2619,-4.6326
-4.2619,-4.7769
-4.2619,-4.0326
0.87446,0.095899
0.87446,1.1084
0.87446,0.073984
0.87446,0.7072
0.87446,0.82465
0.87446,0.67413
0.87446,0.11526
5.3087,4.8905
5.3087,4.7765
5.3087,5.4995
5.3087,6.1699
5.3087,5.4581
5.3087,6.0726
-1.0045,-0.6891
-1.0045,-0.087478
-1.0045,-0.86854
-1.0045,-0.4896
-1.0045,-1.9409
-1.0045,-1.1372
-1.0045,-1.4338
-1.8186,-1.9911
-1.8186,-0.92894
6.3623,5.6775
6.3623,5.9048
6.3623,5.4995
6.3623,6.1699
6.3623,6.6863
6.3623,6.0973
6.3623,6.8719
4.4557,3.7364
4.4557,4.6904
4.4557,5.1505
4.4557,5.3624
4.4557,4.9638
4.4557,5.4224
4.4557,4.5044
-0.74954,0.25545
-0.74954,-0.98284
-0.74954,-1.4981
-0.74954,-0.30605
-0.74954,0.10295
-0.74954,-0.51814
-0.74954,-0.60403
-5.6355,-6.0663
-5.6355,-5.3997
-5.6355,-4.877
-5.6355,-6.5066
-5.6355,-4.9683
-5.6355,-4.7769
-5.6355,-5.5344
-2.6413,-2.4895
-4.6619,-5.3409
-4.6619,-4.5775
-4.6619,-5.2121
-4.6619,-5.038
-7.4641,-6.9764
-7.4641,-6.7363
-7.4641,-6.995
-3.5781,-4.4461
-3.5781,-3.569
-4.8083,-5.3392
-4.8083,-4.3472
-4.8083,-4.9843
-4.8083,-5.6123
-4.8083,-5.1738
6.8719,6.0973
6.8719,6.3623
6.4641,6.6197
6.4641,5.8168
6.4641,7.0441
-0.94649,-0.46367
-0.94649,-1.4316
-0.94649,-1.1372
-0.94649,0.0078279
0.11526,0.25545
0.11526,0.095899
0.11526,1.1084
0.11526,0.073984
0.11526,0.7072
0.11526,-0.27662
0.11526,0.82465
0.11526,0.67413
0.11526,-0.13881
0.11526,0.87446
0.11526,-0.60403
0.11526,-0.33301
1.2501,0.45577
1.2501,1.2914
1.2501,0.67413
-0.51814,-0.30605
-0.51814,0.10295
-0.51814,0.44236
-0.51814,-0.74954
-5.9281,-5.6283
-5.9281,-6.7363
-5.9281,-6.3931
-5.9281,-6.0487
-5.9281,-6.1381
-5.9281,-5.2351
-5.9281,-6.3816
-1.4338,-2.1755
-1.4338,-0.6891
-1.4338,-1.9409
-1.4338,-1.0045
-6.3816,-6.9764
-6.3816,-5.8832
-6.3816,-5.6283
-6.3816,-6.7363
-6.3816,-6.995
-6.3816,-6.0487
-6.3816,-6.1381
-6.3816,-5.9281
-0.60403,0.25545
-0.60403,-0.98284
-0.60403,-1.1455
-0.60403,0.095899
-0.60403,-0.27662
-0.60403,-0.30605
-0.60403,-0.13881
-0.60403,0.10295
-0.60403,-0.74954
-0.60403,0.11526
6.6222,7.0074
6.6222,6.0288
6.6222,7.2007
6.6222,6.1638
6.6222,7.4425
-0.92894,-1.8186
-4.0326,-4.3472
-4.0326,-4.6326
-4.0326,-4.2619
5.2388,4.2409
5.2388,4.6904
5.2388,4.9638
6.0726,6.3987
6.0726,6.1699
6.0726,6.5445
6.0726,5.4581
6.0726,5.7128
6.0726,5.3087
-5.038,-5.5993
-5.038,-5.3409
-5.038,-5.6283
-5.038,-5.7596
-5.038,-5.2351
-5.038,-4.6619
-3.569,-4.4461
-3.569,-4.5263
-3.569,-3.5781
-0.33301,0.073984
-0.33301,-0.85755
-0.33301,-0.27662
-0.33301,-0.13881
-0.33301,0.23066
-0.33301,0.11526
0.098453,-0.065515
0.098453,0.80847
0.098453,-0.81469
0.098453,0.82211
-7.8227,-6.8914
-7.8227,-6.9444
6.1638,6.7178
6.1638,6.6222
6.3268,6.2249
6.3268,6.1419
6.3268,5.4224
6.3268,7.1704
6.3268,7
6.3268,6.1514
6.3268,6.0684
6.3268,5.6965
6.3268,6.6335
0.065829,-0.6891
0.065829,-0.087478
0.065829,-0.86854
0.065829,-0.4896
0.065829,0.026424
7.4425,7.0074
7.4425,7.2007
7.4425,6.6222
