-1.6217,-2.0041
-1.6217,-0.63399
-1.6217,-1.6916
-1.6217,-0.93569
-1.6217,-1.3722
-1.6217,-2.2905
-1.6217,-1.4189
-6.0369,-6.1027
-6.0369,-5.4055
-6.0369,-5.213
-6.0369,-5.4446
-6.0369,-6.0892
-2.5465,-2.6481
-2.5465,-2.0875
-2.5465,-3.3497
-2.5465,-1.7837
-2.5465,-1.5543
-2.5465,-3.2433
-2.5465,-2.4039
-2.5465,-3.4207
-2.5465,-2.8058
-2.5465,-2.7786
-2.5465,-2.8345
-4.5822,-4.4187
-4.5822,-5.4055
-4.5822,-4.3937
-4.5822,-5.2739
-4.5822,-4.0492
-4.5822,-4.1365
-4.5822,-3.6704
-4.5822,-5.1899
-4.5822,-4.5333
-4.5822,-4.0621
-4.5822,-5.1219
-4.5822,-4.488
1.4937,1.3777
1.4937,2.2973
1.4937,1.2932
-3.4877,-2.8657
-3.4877,-3.8
-3.4877,-3.1374
-3.4877,-2.6502
-3.4877,-3.767
-3.4877,-3.1047
-3.4877,-3.0287
-3.4877,-3.3724
-3.4877,-2.7738
-3.4877,-3.648
-3.4877,-3.9767
-3.4877,-4.2256
-2.8657,-3.4877
-2.8657,-3.4344
-2.8657,-3.8
-2.8657,-2.6502
-2.8657,-3.0968
-2.8657,-2.4053
-2.8657,-1.9173
-2.8657,-2.0094
-2.8657,-2.5098
-2.8657,-3.1047
-2.8657,-2.2489
-2.8657,-2.2254
-2.8657,-3.3724
-2.8657,-2.7738
-2.8657,-2.632
-2.8657,-3.648
-2.8657,-2.6208
-2.8657,-2.2581
-4.4187,-4.5822
-4.4187,-4.8323
-4.4187,-5.4055
-4.4187,-4.3937
-4.4187,-3.878
-4.4187,-5.213
-4.4187,-4.0492
-4.4187,-4.1365
-4.4187,-4.4511
-4.4187,-5.1219
-4.4187,-4.488
3.5395,3.2148
3.5395,3.9916
3.5395,4.2036
3.5395,3.9701
3.5395,3.294
3.5395,2.9524
-2.0041,-1.6217
-2.0041,-2.4053
-2.0041,-2.7847
-2.0041,-1.6916
-2.0041,-2.0094
-2.0041,-2.2489
-2.0041,-2.5267
-2.0041,-2.2254
-2.0041,-1.3722
-2.0041,-2.2905
-2.0041,-1.4189
-2.0041,-2.6208
5.2231,4.6472
5.2231,5.5722
5.2231,5.0203
-2.6481,-2.5465
-2.6481,-1.8399
-2.6481,-3.3497
-2.6481,-3.5329
-2.6481,-1.7837
-2.6481,-2.3099
-2.6481,-2.4039
-2.6481,-3.0406
-2.6481,-2.7786
-2.6481,-2.8345
-2.6481,-1.9278
-6.1027,-6.0369
-6.1027,-5.4055
-6.1027,-7.0046
-6.1027,-5.213
-6.1027,-5.1219
-6.1027,-6.0892
5.8775,5.5062
5.8775,6.2138
5.8775,5.8701
5.8775,5.7221
5.8775,5.1862
5.8775,5.203
5.8775,6.2279
5.8775,6.5112
4.1,4.4138
4.1,4.6796
4.1,4.8742
4.1,4.9469
4.1788,3.2148
4.1788,3.5127
4.1788,3.9916
4.1788,4.2036
4.1788,4.8532
4.1788,3.9701
4.1788,4.0094
4.1788,4.3197
4.1788,5.0203
-3.4344,-2.8657
-3.4344,-3.8
-3.4344,-3.0968
-3.4344,-2.7847
-3.4344,-3.1047
-3.4344,-2.632
-3.4344,-3.648
-3.4344,-3.3899
-3.4344,-2.6208
-3.4344,-3.9767
7.5242,6.8549
7.5242,6.9396
7.5242,7.0341
7.5242,7.5751
-3.8,-3.4877
-3.8,-2.8657
-3.8,-3.4344
-3.8,-4.5891
-3.8,-3.0968
-3.8,-3.1047
-3.8,-3.3724
-3.8,-3.648
-3.8,-3.9767
7.0119,6.744
7.0119,6.9396
7.0119,7.7709
7.0119,7.3834
7.0119,6.5275
7.0119,6.7514
7.0119,7.5751
7.0119,6.5133
-2.0875,-2.5465
-2.0875,-1.1927
-2.0875,-1.7837
-2.0875,-1.5543
-2.0875,-2.4039
-2.0875,-2.8058
-2.0875,-2.7786
-3.64,-3.3497
-3.64,-4.3937
-3.64,-3.5329
-3.64,-4.1365
-3.64,-3.6704
-3.64,-3.4207
-3.64,-4.5333
-3.64,-2.7786
-3.64,-4.0621
-3.64,-2.8345
-0.98172,-1.2378
-0.98172,-1.0384
-0.98172,-0.20524
-0.98172,-1.7264
-0.98172,-0.028616
-0.98172,-0.44838
-0.98172,-0.82674
-1.8399,-2.6481
-1.8399,-1.0796
-1.8399,-1.0384
-1.8399,-1.5103
-1.8399,-1.7837
-1.8399,-2.3099
-1.8399,-1.7287
-1.8399,-0.98039
-1.8399,-1.5543
-1.8399,-2.4039
-1.8399,-1.9278
2.2453,2.4045
2.2453,2.9524
4.4138,4.1
4.4138,5.1862
4.4138,5.203
-4.8323,-4.4187
-4.8323,-5.4055
-4.8323,-3.878
-4.8323,-5.213
-4.8323,-4.0492
-4.8323,-4.4511
-4.8323,-5.4446
-4.8323,-5.1219
1.3777,1.4937
1.3777,2.2973
1.3777,1.1972
1.3777,0.41363
5.5906,5.5976
5.5906,4.6388
5.5906,6.3527
5.5906,5.4977
-3.1374,-3.4877
-3.1374,-2.6719
-3.1374,-2.6502
-3.1374,-3.767
-3.1374,-2.5098
-3.1374,-3.0287
-3.1374,-3.3724
-3.1374,-2.7738
-3.1374,-3.648
-3.1374,-2.2025
-3.1374,-2.2581
-1.2378,-0.98172
-1.2378,-1.0384
-1.2378,-0.82316
-1.2378,-1.7287
-1.2378,-0.98039
-1.2378,-1.7264
-1.2378,-0.44838
-1.2378,-0.66531
3.2148,3.5395
3.2148,4.1788
3.2148,3.5127
3.2148,3.9916
3.2148,3.2052
3.2148,4.2036
3.2148,3.9701
3.2148,4.0094
3.2148,3.294
3.2148,2.4045
3.2148,2.9524
5.5062,5.8775
5.5062,5.1862
5.5062,5.203
5.5062,6.2279
4.9069,4.6796
4.9069,5.762
4.9069,5.3628
4.9069,5.4664
-2.6719,-3.1374
-2.6719,-1.8066
-2.6719,-3.0287
-2.6719,-2.2025
-2.6502,-3.4877
-2.6502,-2.8657
-2.6502,-3.1374
-2.6502,-1.9173
-2.6502,-1.8343
-2.6502,-2.5098
-2.6502,-3.1047
-2.6502,-1.8066
-2.6502,-3.0287
-2.6502,-3.3724
-2.6502,-2.7738
-2.6502,-2.632
-2.6502,-2.2025
-2.6502,-2.2581
3.5127,4.1788
3.5127,3.2148
3.5127,3.2052
3.5127,4.0094
3.5127,2.5641
3.5127,3.3128
3.5127,4.3197
-4.5891,-3.8
-4.5891,-3.648
-4.5891,-3.9767
-4.5891,-4.2256
-0.46538,-0.63399
-0.46538,0.31126
-0.46538,-1.3722
-0.46538,0.41363
-0.46538,0.034551
-0.46538,-1.4189
-0.46538,-0.97174
-0.46538,-1.0148
-0.46538,-0.72174
-1.0796,-1.8399
-1.0796,-1.1927
-1.0796,-1.5103
-1.0796,-1.7837
-1.0796,-0.82316
-1.0796,-0.54397
-1.0796,-0.23461
-1.0796,-0.98039
-1.0796,-1.5543
-1.0796,-0.82767
-3.0968,-2.8657
-3.0968,-3.4344
-3.0968,-3.8
-3.0968,-2.4053
-3.0968,-2.7847
-3.0968,-2.5098
-3.0968,-3.1047
-3.0968,-2.2489
-3.0968,-2.5267
-3.0968,-2.2254
-3.0968,-2.7738
-3.0968,-2.632
-3.0968,-3.3899
-3.0968,-2.6208
-3.0968,-3.9767
6.744,7.0119
6.744,6.2138
6.744,5.8701
6.744,5.7905
6.744,6.9396
6.744,7.0341
6.744,6.5275
6.744,6.7514
6.744,7.5751
6.744,6.5133
6.744,6.5112
3.9916,3.5395
3.9916,4.1788
3.9916,3.2148
3.9916,4.6472
3.9916,4.2036
3.9916,3.9701
3.9916,4.0094
3.9916,3.294
6.2138,5.8775
6.2138,6.744
6.2138,5.8701
6.2138,5.7905
6.2138,6.9396
6.2138,7.0341
6.2138,6.5275
6.2138,5.7221
6.2138,6.5133
6.2138,6.5112
4.4754,4.6472
4.4754,3.9701
4.4754,5.2008
4.4754,3.9737
0.0015317,-0.20524
0.0015317,-0.82316
0.0015317,-0.54397
0.0015317,0.5152
0.0015317,-0.23461
0.0015317,-0.061777
0.0015317,0.59058
0.0015317,-0.66531
0.0015317,0.2943
-3.3497,-2.5465
-3.3497,-2.6481
-3.3497,-3.64
-3.3497,-4.1365
-3.3497,-3.6704
-3.3497,-3.2433
-3.3497,-2.4039
-3.3497,-3.4207
-3.3497,-2.8058
-3.3497,-2.7786
-3.3497,-4.0621
-3.3497,-2.8345
-6.2681,-5.2739
-6.2681,-6.0892
5.8701,5.8775
5.8701,6.744
5.8701,6.2138
5.8701,5.7905
5.8701,5.762
5.8701,6.5275
5.8701,5.3628
5.8701,5.7221
5.8701,5.1862
5.8701,4.9469
5.8701,5.203
5.8701,6.5133
5.8701,6.5112
-0.88057,-1.0125
-0.88057,-1.6269
-0.88057,-1.8343
-0.88057,-1.5437
-0.88057,-0.97174
-0.88057,-0.72174
-0.88057,-1.4759
-5.4055,-6.0369
-5.4055,-4.5822
-5.4055,-4.4187
-5.4055,-6.1027
-5.4055,-4.8323
-5.4055,-5.213
-5.4055,-5.2739
-5.4055,-5.1899
-5.4055,-5.1219
-5.4055,-6.0892
-5.4055,-4.488
-1.0125,-0.88057
-1.0125,-1.6269
-1.0125,-1.8066
-1.0125,-1.5437
-1.0125,-1.4759
1.3879,1.1693
1.3879,0.59058
1.3879,0.694
6.2145,5.7905
6.2145,6.7792
6.2145,5.762
6.2145,6.5275
6.2145,6.7514
6.2145,5.4664
5.7905,6.744
5.7905,6.2138
5.7905,5.8701
5.7905,6.2145
5.7905,5.762
5.7905,6.5275
5.7905,6.7514
5.7905,5.3628
5.7905,5.7221
5.7905,4.8742
5.7905,6.5133
6.8549,7.5242
6.8549,7.0341
6.8549,6.2279
6.8549,6.5112
-4.3937,-4.5822
-4.3937,-4.4187
-4.3937,-3.64
-4.3937,-5.2739
-4.3937,-4.0492
-4.3937,-4.1365
-4.3937,-3.6704
-4.3937,-5.1899
-4.3937,-4.5333
-4.3937,-4.0621
-4.3937,-4.488
-2.4053,-2.8657
-2.4053,-2.0041
-2.4053,-3.0968
-2.4053,-2.7847
-2.4053,-1.6916
-2.4053,-1.9173
-2.4053,-1.8629
-2.4053,-1.8343
-2.4053,-2.0094
-2.4053,-2.5098
-2.4053,-3.1047
-2.4053,-2.2489
-2.4053,-2.5267
-2.4053,-2.2254
-2.4053,-1.761
-2.4053,-2.632
-2.4053,-2.6208
-2.7847,-2.0041
-2.7847,-3.4344
-2.7847,-3.0968
-2.7847,-2.4053
-2.7847,-2.2489
-2.7847,-2.5267
-2.7847,-2.2254
-2.7847,-2.2905
-2.7847,-3.3899
-2.7847,-2.6208
4.6472,5.2231
4.6472,3.9916
4.6472,4.4754
4.6472,4.2036
4.6472,3.9701
4.6472,5.5722
4.6472,5.0203
-3.878,-4.4187
-3.878,-4.8323
-3.878,-4.0492
-3.878,-4.1365
-3.878,-4.4511
-3.878,-3.2433
-3.878,-3.4207
-3.878,-4.488
-0.63399,-1.6217
-0.63399,-0.46538
-0.63399,0.31126
-0.63399,-0.93569
-0.63399,-1.4189
-0.63399,-1.0148
-3.5329,-2.6481
-3.5329,-3.64
-3.5329,-3.6704
-3.5329,-3.0406
-3.5329,-2.7786
-3.5329,-4.0621
-3.5329,-2.8345
2.2973,1.4937
2.2973,1.3777
2.2973,3.2052
2.2973,2.2993
2.2973,2.5641
2.2973,2.4045
-3.767,-3.4877
-3.767,-3.1374
-3.767,-3.0287
-3.767,-3.3724
-3.767,-4.2256
-1.0384,-0.98172
-1.0384,-1.8399
-1.0384,-1.2378
-1.0384,-0.20524
-1.0384,-1.5103
-1.0384,-0.82316
-1.0384,-1.7287
-1.0384,-0.061777
-1.0384,-0.98039
-1.0384,-0.66531
-1.0384,-1.9278
-1.6916,-1.6217
-1.6916,-2.0041
-1.6916,-2.4053
-1.6916,-1.8629
-1.6916,-2.0094
-1.6916,-2.2489
-1.6916,-0.93569
-1.6916,-2.5267
-1.6916,-2.2254
-1.6916,-1.3722
-1.6916,-1.761
-1.6916,-2.2905
-1.6916,-1.4189
-1.6916,-2.6208
-1.6916,-0.97174
-1.6916,-1.0148
-7.0046,-6.1027
-0.20524,-0.98172
-0.20524,0.0015317
-0.20524,-1.0384
-0.20524,-0.82316
-0.20524,0.67995
-0.20524,-0.061777
-0.20524,-0.028616
-0.20524,-0.44838
-0.20524,-0.66531
-0.20524,0.694
-0.20524,0.2943
5.7533,6.5208
5.7533,5.4977
-1.6269,-0.88057
-1.6269,-1.0125
-1.6269,-1.9173
-1.6269,-1.8629
-1.6269,-1.8343
-1.6269,-2.0094
-1.6269,-2.5098
-1.6269,-2.2489
-1.6269,-1.8066
-1.6269,-1.5437
-1.6269,-1.761
-1.6269,-2.2025
-1.6269,-0.97174
-1.6269,-2.2581
-1.6269,-0.72174
-1.6269,-1.4759
-2.6338,-2.3099
-2.6338,-1.7264
-2.6338,-3.0406
-5.213,-6.0369
-5.213,-4.4187
-5.213,-6.1027
-5.213,-4.8323
-5.213,-5.4055
-5.213,-4.4511
-5.213,-5.4446
-5.213,-5.1219
6.3988,5.5976
6.3988,6.3527
-5.2739,-4.5822
-5.2739,-6.2681
-5.2739,-5.4055
-5.2739,-4.3937
-5.2739,-5.1899
-5.2739,-5.1219
-5.2739,-6.0892
-5.2739,-4.488
-1.9173,-2.8657
-1.9173,-2.6502
-1.9173,-2.4053
-1.9173,-1.6269
-1.9173,-1.8629
-1.9173,-1.8343
-1.9173,-2.0094
-1.9173,-2.5098
-1.9173,-2.2489
-1.9173,-1.5437
-1.9173,-2.2254
-1.9173,-1.3722
-1.9173,-1.761
-1.9173,-2.7738
-1.9173,-2.632
-1.9173,-2.2581
-1.9173,-1.4759
3.2052,3.2148
3.2052,3.5127
3.2052,2.2973
3.2052,4.0094
3.2052,2.5641
3.2052,3.3128
3.2052,2.4045
3.2052,2.9524
4.2036,3.5395
4.2036,4.1788
4.2036,3.2148
4.2036,3.9916
4.2036,4.6472
4.2036,4.8532
4.2036,3.9701
4.2036,4.0094
4.2036,5.0203
1.1972,1.3777
-1.8629,-2.4053
-1.8629,-1.6916
-1.8629,-1.6269
-1.8629,-1.9173
-1.8629,-1.8343
-1.8629,-2.0094
-1.8629,-2.5098
-1.8629,-2.2489
-1.8629,-1.5437
-1.8629,-2.2254
-1.8629,-1.3722
-1.8629,-1.761
-1.8629,-2.632
-1.8629,-1.4189
-1.8629,-2.6208
-1.8629,-0.97174
-1.8629,-2.2581
-1.8629,-1.4759
4.8532,4.1788
4.8532,4.2036
4.8532,4.0094
4.8532,4.3197
4.8532,5.0203
-0.25345,-1.1927
-0.25345,-0.54397
-0.25345,0.5152
-0.25345,-0.23461
-0.25345,-0.82767
-1.1927,-2.0875
-1.1927,-1.0796
-1.1927,-0.25345
-1.1927,-1.5543
-1.1927,-0.82767
2.2993,2.2973
2.2993,1.2932
2.2993,2.5641
-4.0492,-4.5822
-4.0492,-4.4187
-4.0492,-4.8323
-4.0492,-4.3937
-4.0492,-3.878
-4.0492,-4.1365
-4.0492,-3.6704
-4.0492,-4.4511
-4.0492,-3.2433
-4.0492,-3.4207
-4.0492,-4.488
-1.8343,-2.6502
-1.8343,-0.88057
-1.8343,-2.4053
-1.8343,-1.6269
-1.8343,-1.9173
-1.8343,-1.8629
-1.8343,-2.0094
-1.8343,-2.5098
-1.8343,-2.2489
-1.8343,-1.5437
-1.8343,-2.2254
-1.8343,-1.761
-1.8343,-2.7738
-1.8343,-2.632
-1.8343,-2.2025
-1.8343,-2.2581
-1.8343,-1.4759
1.1693,1.3879
1.1693,0.5152
1.1693,0.59058
-1.5103,-1.8399
-1.5103,-1.0796
-1.5103,-1.0384
-1.5103,-1.7837
-1.5103,-0.82316
-1.5103,-0.54397
-1.5103,-1.7287
-1.5103,-0.98039
-1.5103,-1.5543
-1.5103,-0.82767
-1.5103,-2.4039
-1.5103,-1.9278
6.9396,7.5242
6.9396,7.0119
6.9396,6.744
6.9396,6.2138
6.9396,7.0341
6.9396,7.7709
6.9396,6.5275
6.9396,6.7514
6.9396,7.5751
6.9396,6.5133
6.9396,6.5112
3.9701,3.5395
3.9701,4.1788
3.9701,3.2148
3.9701,3.9916
3.9701,4.4754
3.9701,4.6472
3.9701,4.2036
3.9701,4.0094
3.9701,3.294
-1.7837,-2.5465
-1.7837,-2.6481
-1.7837,-2.0875
-1.7837,-1.8399
-1.7837,-1.0796
-1.7837,-1.5103
-1.7837,-1.5543
-1.7837,-2.4039
-1.7837,-2.7786
-1.7837,-1.9278
-0.82316,-1.2378
-0.82316,-1.0796
-0.82316,0.0015317
-0.82316,-1.0384
-0.82316,-0.20524
-0.82316,-1.5103
-0.82316,-0.54397
-0.82316,-1.7287
-0.82316,-0.061777
-0.82316,-0.98039
-0.82316,-0.66531
6.7792,6.2145
6.7792,7.3834
6.7792,6.5275
6.7792,6.7514
-2.0094,-2.8657
-2.0094,-2.0041
-2.0094,-2.4053
-2.0094,-1.6916
-2.0094,-1.6269
-2.0094,-1.9173
-2.0094,-1.8629
-2.0094,-1.8343
-2.0094,-2.5098
-2.0094,-2.2489
-2.0094,-2.5267
-2.0094,-2.2254
-2.0094,-1.3722
-2.0094,-1.761
-2.0094,-2.632
-2.0094,-1.4189
-2.0094,-2.6208
-2.0094,-1.4759
7.0341,7.5242
7.0341,6.744
7.0341,6.2138
7.0341,6.8549
7.0341,6.9396
7.0341,7.5751
7.0341,6.5133
7.0341,6.5112
-2.5098,-2.8657
-2.5098,-3.1374
-2.5098,-2.6502
-2.5098,-3.0968
-2.5098,-2.4053
-2.5098,-1.6269
-2.5098,-1.9173
-2.5098,-1.8629
-2.5098,-1.8343
-2.5098,-2.0094
-2.5098,-3.1047
-2.5098,-2.2489
-2.5098,-1.5437
-2.5098,-1.761
-2.5098,-3.3724
-2.5098,-2.7738
-2.5098,-2.632
-2.5098,-2.2025
-2.5098,-2.2581
4.6796,4.1
4.6796,4.9069
4.6796,5.3628
4.6796,4.8742
4.6796,4.9469
-3.1047,-3.4877
-3.1047,-2.8657
-3.1047,-3.4344
-3.1047,-3.8
-3.1047,-2.6502
-3.1047,-3.0968
-3.1047,-2.4053
-3.1047,-2.5098
-3.1047,-2.2489
-3.1047,-3.3724
-3.1047,-2.7738
-3.1047,-2.632
-3.1047,-3.648
-3.1047,-3.3899
-3.1047,-2.6208
-3.1047,-3.9767
1.2932,1.4937
1.2932,2.2993
1.2932,0.31126
4.0094,4.1788
4.0094,3.2148
4.0094,3.5127
4.0094,3.9916
4.0094,3.2052
4.0094,4.2036
4.0094,4.8532
4.0094,3.9701
4.0094,4.3197
-0.54397,-1.0796
-0.54397,0.0015317
-0.54397,-0.25345
-0.54397,-1.5103
-0.54397,-0.82316
-0.54397,-0.23461
-0.54397,-0.061777
-0.54397,-0.98039
-0.54397,-0.82767
-0.54397,-0.66531
0.31126,-0.46538
0.31126,-0.63399
0.31126,1.2932
0.31126,0.41363
5.5976,5.5906
5.5976,6.3988
4.6388,5.5906
4.6388,4.755
4.6388,5.4977
5.5722,5.2231
5.5722,4.6472
5.5722,5.2008
3.294,3.5395
3.294,3.2148
3.294,3.9916
3.294,3.9701
3.294,2.9524
5.762,4.9069
5.762,5.8701
5.762,6.2145
5.762,5.7905
5.762,6.5275
5.762,6.7514
5.762,5.3628
5.762,5.7221
5.762,5.4664
7.7709,7.0119
7.7709,6.9396
7.7709,7.3834
7.7709,7.5751
-2.2489,-2.8657
-2.2489,-2.0041
-2.2489,-3.0968
-2.2489,-2.4053
-2.2489,-2.7847
-2.2489,-1.6916
-2.2489,-1.6269
-2.2489,-1.9173
-2.2489,-1.8629
-2.2489,-1.8343
-2.2489,-2.0094
-2.2489,-2.5098
-2.2489,-3.1047
-2.2489,-2.5267
-2.2489,-2.2254
-2.2489,-1.3722
-2.2489,-1.761
-2.2489,-2.7738
-2.2489,-2.632
-2.2489,-2.6208
-2.2489,-1.4759
-2.3099,-2.6481
-2.3099,-1.8399
-2.3099,-2.6338
-2.3099,-1.7287
-2.3099,-3.0406
-2.3099,-2.8345
-2.3099,-1.9278
-1.8066,-2.6719
-1.8066,-2.6502
-1.8066,-1.0125
-1.8066,-1.6269
-1.8066,-1.5437
-1.8066,-2.2025
-1.8066,-2.2581
7.3834,7.0119
7.3834,6.7792
7.3834,7.7709
7.3834,6.7514
-4.1365,-4.5822
-4.1365,-4.4187
-4.1365,-3.64
-4.1365,-3.3497
-4.1365,-4.3937
-4.1365,-3.878
-4.1365,-4.0492
-4.1365,-3.6704
-4.1365,-3.2433
-4.1365,-3.4207
-4.1365,-4.488
-1.7287,-1.8399
-1.7287,-1.2378
-1.7287,-1.0384
-1.7287,-1.5103
-1.7287,-0.82316
-1.7287,-2.3099
-1.7287,-0.98039
-1.7287,-1.7264
-1.7287,-1.9278
0.5152,0.0015317
0.5152,-0.25345
0.5152,1.1693
0.5152,-0.23461
0.5152,0.59058
-0.93569,-1.6217
-0.93569,-0.63399
-0.93569,-1.6916
-0.93569,-1.4189
2.5641,3.5127
2.5641,2.2973
2.5641,3.2052
2.5641,2.2993
2.5641,3.3128
2.5641,2.4045
0.67995,-0.20524
0.67995,0.15506
0.67995,-0.028616
0.67995,0.694
-1.5437,-0.88057
-1.5437,-1.0125
-1.5437,-1.6269
-1.5437,-1.9173
-1.5437,-1.8629
-1.5437,-1.8343
-1.5437,-2.5098
-1.5437,-1.8066
-1.5437,-1.761
-1.5437,-2.2025
-1.5437,-2.2581
-1.5437,-0.72174
-1.5437,-1.4759
6.5275,7.0119
6.5275,6.744
6.5275,6.2138
6.5275,5.8701
6.5275,6.2145
6.5275,5.7905
6.5275,6.9396
6.5275,6.7792
6.5275,5.762
6.5275,6.7514
6.5275,5.7221
6.5275,6.5133
-3.6704,-4.5822
-3.6704,-3.64
-3.6704,-3.3497
-3.6704,-4.3937
-3.6704,-3.5329
-3.6704,-4.0492
-3.6704,-4.1365
-3.6704,-3.2433
-3.6704,-3.4207
-3.6704,-2.7786
-3.6704,-4.0621
-3.6704,-4.488
-3.6704,-2.8345
3.3128,3.5127
3.3128,3.2052
3.3128,2.5641
-2.5267,-2.0041
-2.5267,-3.0968
-2.5267,-2.4053
-2.5267,-2.7847
-2.5267,-1.6916
-2.5267,-2.0094
-2.5267,-2.2489
-2.5267,-2.2254
-2.5267,-2.2905
-2.5267,-3.3899
-2.5267,-2.6208
6.7514,7.0119
6.7514,6.744
6.7514,6.2145
6.7514,5.7905
6.7514,6.9396
6.7514,6.7792
6.7514,5.762
6.7514,7.3834
6.7514,6.5275
6.7514,6.5133
-0.23461,-1.0796
-0.23461,0.0015317
-0.23461,-0.25345
-0.23461,-0.54397
-0.23461,0.5152
-0.23461,-0.82767
5.3628,4.9069
5.3628,5.8701
5.3628,5.7905
5.3628,4.6796
5.3628,5.762
5.3628,5.7221
5.3628,5.4664
5.3628,4.8742
5.3628,4.9469
5.3628,5.203
6.5208,5.7533
6.5208,6.3527
-2.2254,-2.8657
-2.2254,-2.0041
-2.2254,-3.0968
-2.2254,-2.4053
-2.2254,-2.7847
-2.2254,-1.6916
-2.2254,-1.9173
-2.2254,-1.8629
-2.2254,-1.8343
-2.2254,-2.0094
-2.2254,-2.2489
-2.2254,-2.5267
-2.2254,-1.3722
-2.2254,-1.761
-2.2254,-2.632
-2.2254,-1.4189
-2.2254,-2.6208
-2.2254,-1.4759
-3.0287,-3.4877
-3.0287,-3.1374
-3.0287,-2.6719
-3.0287,-2.6502
-3.0287,-3.767
-3.0287,-3.3724
-3.0287,-2.7738
-3.0287,-2.2025
-3.0287,-2.2581
5.7221,5.8775
5.7221,6.2138
5.7221,5.8701
5.7221,5.7905
5.7221,5.762
5.7221,6.5275
5.7221,5.3628
5.7221,4.8742
5.7221,4.9469
5.7221,5.203
5.7221,6.5133
-1.3722,-1.6217
-1.3722,-2.0041
-1.3722,-0.46538
-1.3722,-1.6916
-1.3722,-1.9173
-1.3722,-1.8629
-1.3722,-2.0094
-1.3722,-2.2489
-1.3722,-2.2254
-1.3722,-1.761
-1.3722,-1.4189
-1.3722,-0.97174
-1.3722,-1.0148
-1.3722,-0.72174
-1.3722,-1.4759
-4.4511,-4.4187
-4.4511,-4.8323
-4.4511,-3.878
-4.4511,-5.213
-4.4511,-4.0492
5.4664,4.9069
5.4664,6.2145
5.4664,5.762
5.4664,5.3628
-0.061777,0.0015317
-0.061777,-1.0384
-0.061777,-0.20524
-0.061777,-0.82316
-0.061777,-0.54397
-0.061777,-0.98039
-0.061777,0.59058
-0.061777,-0.028616
-0.061777,-0.66531
-0.061777,0.694
-0.061777,0.2943
-6.4466,-5.7332
7.5751,7.5242
7.5751,7.0119
7.5751,6.744
7.5751,6.9396
7.5751,7.0341
7.5751,7.7709
2.4045,2.2453
2.4045,3.2148
2.4045,2.2973
2.4045,3.2052
2.4045,2.5641
2.4045,2.9524
-1.761,-2.4053
-1.761,-1.6916
-1.761,-1.6269
-1.761,-1.9173
-1.761,-1.8629
-1.761,-1.8343
-1.761,-2.0094
-1.761,-2.5098
-1.761,-2.2489
-1.761,-1.5437
-1.761,-2.2254
-1.761,-1.3722
-1.761,-2.632
-1.761,-1.4189
-1.761,-2.6208
-1.761,-0.97174
-1.761,-1.0148
-1.761,-1.4759
-0.98039,-1.8399
-0.98039,-1.2378
-0.98039,-1.0796
-0.98039,-1.0384
-0.98039,-1.5103
-0.98039,-0.82316
-0.98039,-0.54397
-0.98039,-1.7287
-0.98039,-0.061777
-0.98039,-0.66531
-0.98039,-1.9278
-1.5543,-2.5465
-1.5543,-2.0875
-1.5543,-1.8399
-1.5543,-1.0796
-1.5543,-1.1927
-1.5543,-1.5103
-1.5543,-1.7837
-1.5543,-0.82767
-1.5543,-2.4039
0.41363,1.3777
0.41363,-0.46538
0.41363,0.31126
0.41363,0.034551
4.755,4.6388
4.755,5.4977
0.15506,0.67995
0.15506,-0.028616
0.15506,-0.44838
0.15506,-0.82674
-3.3724,-3.4877
-3.3724,-2.8657
-3.3724,-3.8
-3.3724,-3.1374
-3.3724,-2.6502
-3.3724,-3.767
-3.3724,-2.5098
-3.3724,-3.1047
-3.3724,-3.0287
-3.3724,-2.7738
-3.3724,-3.648
-3.3724,-4.2256
-2.7738,-3.4877
-2.7738,-2.8657
-2.7738,-3.1374
-2.7738,-2.6502
-2.7738,-3.0968
-2.7738,-1.9173
-2.7738,-1.8343
-2.7738,-2.5098
-2.7738,-3.1047
-2.7738,-2.2489
-2.7738,-3.0287
-2.7738,-3.3724
-2.7738,-2.632
-2.7738,-3.648
-2.7738,-2.2025
-2.7738,-2.2581
-3.2433,-2.5465
-3.2433,-3.3497
-3.2433,-3.878
-3.2433,-4.0492
-3.2433,-4.1365
-3.2433,-3.6704
-3.2433,-3.4207
-3.2433,-2.8058
-5.4446,-6.0369
-5.4446,-4.8323
-5.4446,-5.213
0.034551,-0.46538
0.034551,0.41363
0.034551,-0.72174
-2.632,-2.8657
-2.632,-3.4344
-2.632,-2.6502
-2.632,-3.0968
-2.632,-2.4053
-2.632,-1.9173
-2.632,-1.8629
-2.632,-1.8343
-2.632,-2.0094
-2.632,-2.5098
-2.632,-3.1047
-2.632,-2.2489
-2.632,-2.2254
-2.632,-1.761
-2.632,-2.7738
-2.632,-2.6208
-2.632,-2.2581
-0.82767,-1.0796
-0.82767,-0.25345
-0.82767,-1.1927
-0.82767,-1.5103
-0.82767,-0.54397
-0.82767,-0.23461
-0.82767,-1.5543
6.3527,5.5906
6.3527,6.3988
6.3527,6.5208
6.3527,5.4977
-2.4039,-2.5465
-2.4039,-2.6481
-2.4039,-2.0875
-2.4039,-1.8399
-2.4039,-3.3497
-2.4039,-1.5103
-2.4039,-1.7837
-2.4039,-1.5543
-2.4039,-2.8058
-2.4039,-2.7786
-2.4039,-2.8345
-2.4039,-1.9278
-1.7264,-0.98172
-1.7264,-1.2378
-1.7264,-2.6338
-1.7264,-1.7287
-5.1899,-4.5822
-5.1899,-5.4055
-5.1899,-4.3937
-5.1899,-5.2739
-5.1899,-4.5333
0.59058,0.0015317
0.59058,1.3879
0.59058,1.1693
0.59058,0.5152
0.59058,-0.061777
0.59058,0.694
0.59058,0.2943
5.1862,5.8775
5.1862,4.4138
5.1862,5.5062
5.1862,5.8701
5.1862,4.8742
5.1862,4.9469
5.1862,5.203
-3.4207,-2.5465
-3.4207,-3.64
-3.4207,-3.3497
-3.4207,-3.878
-3.4207,-4.0492
-3.4207,-4.1365
-3.4207,-3.6704
-3.4207,-3.2433
-3.4207,-2.8058
-3.4207,-2.7786
-3.648,-3.4877
-3.648,-2.8657
-3.648,-3.4344
-3.648,-3.8
-3.648,-3.1374
-3.648,-4.5891
-3.648,-3.1047
-3.648,-3.3724
-3.648,-2.7738
-3.648,-3.9767
-3.648,-4.2256
2.9524,3.5395
2.9524,2.2453
2.9524,3.2148
2.9524,3.2052
2.9524,3.294
2.9524,2.4045
-2.2905,-1.6217
-2.2905,-2.0041
-2.2905,-2.7847
-2.2905,-1.6916
-2.2905,-2.5267
-0.028616,-0.98172
-0.028616,-0.20524
-0.028616,0.67995
-0.028616,-0.061777
-0.028616,0.15506
-0.028616,-0.44838
-0.028616,-0.66531
-0.028616,0.694
-0.028616,0.2943
4.3197,4.1788
4.3197,3.5127
4.3197,4.8532
4.3197,4.0094
-2.2025,-3.1374
-2.2025,-2.6719
-2.2025,-2.6502
-2.2025,-1.6269
-2.2025,-1.8343
-2.2025,-2.5098
-2.2025,-1.8066
-2.2025,-1.5437
-2.2025,-3.0287
-2.2025,-2.7738
-2.2025,-2.2581
-1.4189,-1.6217
-1.4189,-2.0041
-1.4189,-0.46538
-1.4189,-0.63399
-1.4189,-1.6916
-1.4189,-1.8629
-1.4189,-2.0094
-1.4189,-0.93569
-1.4189,-2.2254
-1.4189,-1.3722
-1.4189,-1.761
-1.4189,-0.97174
-1.4189,-1.0148
5.2008,4.4754
5.2008,5.5722
4.8742,4.1
4.8742,5.7905
4.8742,4.6796
4.8742,5.3628
4.8742,5.7221
4.8742,5.1862
4.8742,4.9469
4.8742,5.203
-0.44838,-0.98172
-0.44838,-1.2378
-0.44838,-0.20524
-0.44838,0.15506
-0.44838,-0.028616
-0.44838,-0.82674
-3.3899,-3.4344
-3.3899,-3.0968
-3.3899,-2.7847
-3.3899,-3.1047
-3.3899,-2.5267
-3.3899,-2.6208
-3.0406,-2.6481
-3.0406,-3.5329
-3.0406,-2.6338
-3.0406,-2.3099
-3.0406,-2.8345
-2.8058,-2.5465
-2.8058,-2.0875
-2.8058,-3.3497
-2.8058,-3.2433
-2.8058,-2.4039
-2.8058,-3.4207
-2.8058,-2.7786
-2.6208,-2.8657
-2.6208,-2.0041
-2.6208,-3.4344
-2.6208,-3.0968
-2.6208,-2.4053
-2.6208,-2.7847
-2.6208,-1.6916
-2.6208,-1.8629
-2.6208,-2.0094
-2.6208,-3.1047
-2.6208,-2.2489
-2.6208,-2.5267
-2.6208,-2.2254
-2.6208,-1.761
-2.6208,-2.632
-2.6208,-3.3899
-4.5333,-4.5822
-4.5333,-3.64
-4.5333,-4.3937
-4.5333,-5.1899
-4.5333,-4.0621
-2.7786,-2.5465
-2.7786,-2.6481
-2.7786,-2.0875
-2.7786,-3.64
-2.7786,-3.3497
-2.7786,-3.5329
-2.7786,-1.7837
-2.7786,-3.6704
-2.7786,-2.4039
-2.7786,-3.4207
-2.7786,-2.8058
-2.7786,-2.8345
-3.9767,-3.4877
-3.9767,-3.4344
-3.9767,-3.8
-3.9767,-4.5891
-3.9767,-3.0968
-3.9767,-3.1047
-3.9767,-3.648
3.9737,4.4754
5.4977,5.5906
5.4977,5.7533
5.4977,4.6388
5.4977,4.755
5.4977,6.3527
-0.97174,-0.46538
-0.97174,-0.88057
-0.97174,-1.6916
-0.97174,-1.6269
-0.97174,-1.8629
-0.97174,-1.3722
-0.97174,-1.761
-0.97174,-1.4189
-0.97174,-1.0148
-0.97174,-0.72174
-0.97174,-1.4759
-4.0621,-4.5822
-4.0621,-3.64
-4.0621,-3.3497
-4.0621,-4.3937
-4.0621,-3.5329
-4.0621,-3.6704
-4.0621,-4.5333
-0.66531,-1.2378
-0.66531,0.0015317
-0.66531,-1.0384
-0.66531,-0.20524
-0.66531,-0.82316
-0.66531,-0.54397
-0.66531,-0.061777
-0.66531,-0.98039
-0.66531,-0.028616
-0.66531,0.2943
0.694,1.3879
0.694,-0.20524
0.694,0.67995
0.694,-0.061777
0.694,0.59058
0.694,-0.028616
0.694,0.2943
-0.82674,-0.98172
-0.82674,0.15506
-0.82674,-0.44838
-5.1219,-4.5822
-5.1219,-4.4187
-5.1219,-6.1027
-5.1219,-4.8323
-5.1219,-5.4055
-5.1219,-5.213
-5.1219,-5.2739
-5.1219,-4.488
-4.2256,-3.4877
-4.2256,-4.5891
-4.2256,-3.767
-4.2256,-3.3724
-4.2256,-3.648
-6.0892,-6.0369
-6.0892,-6.1027
-6.0892,-6.2681
-6.0892,-5.4055
-6.0892,-5.2739
0.2943,0.0015317
0.2943,-0.20524
0.2943,-0.061777
0.2943,0.59058
0.2943,-0.028616
0.2943,-0.66531
0.2943,0.694
4.9469,4.1
4.9469,5.8701
4.9469,4.6796
4.9469,5.3628
4.9469,5.7221
4.9469,5.1862
4.9469,4.8742
4.9469,5.203
-1.0148,-0.46538
-1.0148,-0.63399
-1.0148,-1.6916
-1.0148,-1.3722
-1.0148,-1.761
-1.0148,-1.4189
-1.0148,-0.97174
-1.0148,-0.72174
-1.0148,-1.4759
-2.2581,-2.8657
-2.2581,-3.1374
-2.2581,-2.6502
-2.2581,-1.6269
-2.2581,-1.9173
-2.2581,-1.8629
-2.2581,-1.8343
-2.2581,-2.5098
-2.2581,-1.8066
-2.2581,-1.5437
-2.2581,-3.0287
-2.2581,-2.7738
-2.2581,-2.632
-2.2581,-2.2025
5.203,5.8775
5.203,4.4138
5.203,5.5062
5.203,5.8701
5.203,5.3628
5.203,5.7221
5.203,5.1862
5.203,4.8742
5.203,4.9469
5.0203,5.2231
5.0203,4.1788
5.0203,4.6472
5.0203,4.2036
5.0203,4.8532
-4.488,-4.5822
-4.488,-4.4187
-4.488,-5.4055
-4.488,-4.3937
-4.488,-3.878
-4.488,-5.2739
-4.488,-4.0492
-4.488,-4.1365
-4.488,-3.6704
-4.488,-5.1219
-2.8345,-2.5465
-2.8345,-2.6481
-2.8345,-3.64
-2.8345,-3.3497
-2.8345,-3.5329
-2.8345,-2.3099
-2.8345,-3.6704
-2.8345,-2.4039
-2.8345,-3.0406
-2.8345,-2.7786
-1.9278,-2.6481
-1.9278,-1.8399
-1.9278,-1.0384
-1.9278,-1.5103
-1.9278,-1.7837
-1.9278,-2.3099
-1.9278,-1.7287
-1.9278,-0.98039
-1.9278,-2.4039
-0.72174,-0.46538
-0.72174,-0.88057
-0.72174,-1.6269
-0.72174,-1.5437
-0.72174,-1.3722
-0.72174,0.034551
-0.72174,-0.97174
-0.72174,-1.0148
-0.72174,-1.4759
-5.7332,-6.4466
6.2279,5.8775
6.2279,5.5062
6.2279,6.8549
6.2279,6.5112
6.5133,7.0119
6.5133,6.744
6.5133,6.2138
6.5133,5.8701
6.5133,5.7905
6.5133,6.9396
6.5133,7.0341
6.5133,6.5275
6.5133,6.7514
6.5133,5.7221
6.5133,6.5112
-1.4759,-0.88057
-1.4759,-1.0125
-1.4759,-1.6269
-1.4759,-1.9173
-1.4759,-1.8629
-1.4759,-1.8343
-1.4759,-2.0094
-1.4759,-2.2489
-1.4759,-1.5437
-1.4759,-2.2254
-1.4759,-1.3722
-1.4759,-1.761
-1.4759,-0.97174
-1.4759,-1.0148
-1.4759,-0.72174
6.5112,5.8775
6.5112,6.744
6.5112,6.2138
6.5112,5.8701
6.5112,6.8549
6.5112,6.9396
6.5112,7.0341
6.5112,6.2279
6.5112,6.5133
-5.8916,-6.0924
-6.4466,-6.0924
