-0.51943,0.34609
-0.51943,-0.66622
-0.51943,0.0078453
-7.4702,-7.6357
-7.4702,-6.9729
-6.103,-6.2569
-6.103,-6.9862
-6.103,-5.1469
-5.649,-6.2091
-5.649,-5.3121
-5.649,-6.2797
-5.649,-5.3092
1.0068,1.6997
1.0068,1.7554
1.0068,0.55842
1.0068,1.2107
1.0068,0.35565
-6.6064,-6.0041
-6.6064,-6.8711
-6.6064,-5.9138
-6.6064,-7.1375
-6.6064,-6.1103
-6.6064,-5.7669
-6.6064,-6.3552
-6.1745,-6.0041
-6.1745,-5.3109
-6.1745,-5.3004
-6.1745,-5.7669
-7.3014,-6.9862
-7.3014,-7.9618
5.7776,5.8319
-4.1216,-4.4788
-4.1216,-4.9995
-4.1216,-4.8597
-4.1216,-3.2784
-4.1216,-4.2613
-4.1216,-4.3996
6.162,5.2469
6.162,6.4071
6.162,5.7439
6.162,5.6681
6.162,5.8319
6.162,5.3607
6.162,6.5955
-6.2569,-6.103
-6.2569,-7.0974
-6.2091,-5.649
-6.2091,-5.3121
-6.2091,-6.9493
-6.2091,-5.763
-6.2091,-6.2797
-6.2091,-6.5045
3.6514,3.9885
3.6514,4.6259
3.6514,4.4683
3.6514,4.5125
5.1832,5.2118
5.1832,4.7364
5.1832,5.7439
5.1832,5.6681
5.1832,5.5539
5.1832,4.5151
5.1832,5.3607
-6.0041,-6.6064
-6.0041,-6.1745
-6.0041,-5.1225
-6.0041,-6.8711
-6.0041,-5.3109
-6.0041,-5.5657
-6.0041,-5.3004
-6.0041,-5.7669
-6.0041,-6.3552
7.5704,7.3091
-5.1225,-6.0041
-5.1225,-4.9995
-5.1225,-4.8597
-5.1225,-5.3109
-5.1225,-5.5657
-5.1225,-5.1599
-5.1225,-5.3004
-5.1225,-5.7669
-5.1225,-4.3996
6.2826,6.2484
6.2826,5.4356
6.2826,5.3225
6.2826,7.1536
6.2826,6.5854
6.2826,6.1244
6.2826,6.4854
-3.2111,-3.0874
-4.4165,-4.6796
-4.4165,-5.3092
0.67736,0.38514
0.67736,0.83018
0.67736,1.6335
0.67736,1.3188
0.67736,-0.056726
0.67736,0.89756
0.38514,0.67736
0.38514,1.3188
0.38514,-0.056726
0.38514,-0.51215
1.7399,2.0438
1.7399,0.90176
3.9885,3.6514
3.9885,4.6259
3.9885,4.6822
3.9885,3.0034
3.9885,4.8435
-5.3121,-5.649
-5.3121,-6.2091
-5.3121,-5.763
-5.3121,-4.7116
-5.3121,-4.6796
1.6997,1.0068
1.6997,2.0438
1.6997,2.4387
1.6997,1.7554
1.6997,1.2107
7.4253,6.5677
7.4253,7.0971
7.4253,7.9442
-6.8711,-6.6064
-6.8711,-6.0041
-6.8711,-6.3552
-1.4702,-2.1797
-1.4702,-0.95673
-1.4702,-0.70063
-1.4702,-1.8825
5.2118,5.1832
5.2118,5.6681
5.2118,4.7461
5.2118,5.5539
5.2118,4.5151
5.2118,5.7348
5.7958,6.4288
4.6259,3.6514
4.6259,3.9885
4.6259,5.2199
4.6259,5.4356
4.6259,4.6822
4.6259,5.3998
4.6259,4.4683
4.6259,4.5125
4.6259,4.8435
-3.3984,-3.5813
-3.3984,-3.029
-1.2973,-0.52543
-1.2973,-1.5394
-1.2973,-1.0254
2.9536,2.6717
2.9536,2.0438
2.9536,2.4387
2.9536,3.4865
-4.387,-3.5813
-4.387,-4.1572
0.28709,1.2107
0.28709,0.35565
-0.47936,0.3285
-0.47936,0.046844
-0.47936,-0.41677
-0.47936,-0.70063
-4.4788,-4.1216
-4.4788,-4.9995
-4.4788,-4.0249
-4.4788,-5.3109
-4.4788,-3.6751
-4.4788,-4.8624
-4.4788,-4.2613
6.2484,6.2826
6.2484,5.4356
6.2484,5.3998
6.2484,6.1244
6.2484,5.6499
6.2484,6.946
6.2484,6.4854
-8.237,-8.8135
4.7364,5.1832
4.7364,5.2469
4.7364,5.6681
4.7364,5.5539
4.7364,4.5151
4.7364,5.3607
7.3351,6.4288
7.3351,7.2763
5.2469,6.162
5.2469,4.7364
5.2469,5.7439
5.2469,5.8319
5.2469,5.3607
1.763,0.83018
1.763,2.5986
1.763,1.9266
1.763,1.6335
1.763,1.3188
1.763,0.89756
-6.9862,-6.103
-6.9862,-7.3014
-6.9862,-7.6846
-6.9862,-7.0974
-7.6357,-7.4702
-7.6357,-6.9493
-7.6357,-6.9729
6.3,6.9094
-0.33118,-0.66622
-0.33118,0.069523
-0.33118,-1.0254
-0.33118,-0.16569
0.66746,0.87264
0.66746,-0.16569
2.354,2.5986
2.354,1.6335
5.2199,4.6259
5.2199,5.4356
5.2199,5.3225
5.2199,5.3998
5.2199,6.1244
5.2199,5.6499
5.2199,4.4683
5.2199,4.5125
5.4356,6.2826
5.4356,4.6259
5.4356,6.2484
5.4356,5.2199
5.4356,5.3225
5.4356,4.6822
5.4356,5.3998
5.4356,6.1244
5.4356,5.8635
5.4356,5.6499
5.4356,4.4683
5.4356,4.5125
6.171,6.4288
-7.6846,-6.9862
-7.6846,-7.9618
-7.6846,-7.0974
-4.9995,-4.1216
-4.9995,-5.1225
-4.9995,-4.4788
-4.9995,-4.8597
-4.9995,-5.3109
-4.9995,-5.3004
-4.9995,-4.2613
-4.9995,-5.7669
-4.9995,-4.3996
-4.8597,-4.1216
-4.8597,-5.1225
-4.8597,-4.9995
-4.8597,-5.3109
-4.8597,-5.5657
-4.8597,-5.1599
-4.8597,-5.3004
-4.8597,-4.2613
-4.8597,-5.7669
-4.8597,-4.3996
6.4071,6.162
6.4071,5.7439
6.4071,5.6681
6.4071,7.2096
6.4071,5.5539
6.4071,7.3091
6.4071,6.5955
-4.7815,-5.6476
-4.7815,-4.7116
0.5139,0.2871
0.5139,0.87264
0.5139,0.069523
-5.1608,-5.1469
-5.1608,-4.409
2.6717,2.9536
2.6717,2.4387
2.6717,1.7554
2.6717,3.4865
-3.5237,-3.029
-3.5237,-4.1572
0.3285,-0.47936
0.3285,0.046844
0.3285,0.58757
0.3285,-0.41677
0.3285,0.49321
0.3285,0.68161
0.34609,-0.51943
0.34609,0.2871
0.34609,1.2249
0.34609,0.0078453
0.34609,0.58518
-6.9493,-6.2091
-6.9493,-7.6357
-6.9493,-7.3088
-6.9493,-6.2797
-6.9493,-6.4174
0.046844,-0.47936
0.046844,0.3285
0.046844,-0.31224
0.046844,0.21866
0.046844,0.68161
0.046844,-0.70063
6.5677,7.4253
6.5677,6.368
6.5677,5.7255
-0.52543,-1.2973
-0.52543,-0.40103
-0.52543,-0.16569
-2.1797,-1.4702
-2.1797,-1.302
-5.763,-6.2091
-5.763,-5.3121
-5.763,-6.5045
5.7754,6.368
-5.6476,-4.7815
0.2871,0.5139
0.2871,0.34609
0.2871,-0.66622
0.2871,0.069523
0.87264,0.66746
0.87264,0.5139
0.87264,0.069523
2.0438,1.7399
2.0438,1.6997
2.0438,2.9536
2.0438,2.4387
2.0438,1.2107
-4.0249,-4.4788
-4.0249,-3.6751
5.7439,6.162
5.7439,5.1832
5.7439,5.2469
5.7439,6.4071
5.7439,5.6681
5.7439,5.8319
5.7439,5.3607
5.7439,6.5955
0.041881,-0.41677
0.041881,0.49321
2.4387,1.6997
2.4387,2.9536
2.4387,2.6717
2.4387,2.0438
2.4387,1.7554
-4.7116,-5.3121
-4.7116,-4.7815
-4.7116,-4.6796
-4.7116,-3.7885
-1.5394,-1.2973
-1.5394,-0.66622
-1.5394,-1.0254
1.2481,0.49321
-0.95673,-1.4702
-0.95673,-0.31224
-0.95673,-0.056726
-0.95673,-0.70063
-0.95673,-1.302
7.5458,7.1536
7.5458,6.5854
5.6681,6.162
5.6681,5.1832
5.6681,5.2118
5.6681,4.7364
5.6681,6.4071
5.6681,5.7439
5.6681,5.5539
5.6681,5.3607
-2.5425,-1.8825
0.83018,0.67736
0.83018,1.763
0.83018,0.21866
0.83018,0.68161
0.83018,-0.056726
0.83018,0.89756
5.3225,6.2826
5.3225,5.2199
5.3225,5.4356
5.3225,5.3998
5.3225,6.1244
5.3225,4.4683
-5.3109,-6.1745
-5.3109,-6.0041
-5.3109,-5.1225
-5.3109,-4.4788
-5.3109,-4.9995
-5.3109,-4.8597
-5.3109,-5.3004
-5.3109,-4.8624
-5.3109,-5.7669
6.4288,5.7958
6.4288,7.3351
6.4288,6.171
6.4288,7.2763
6.4288,6.9094
-5.5657,-6.0041
-5.5657,-5.1225
-5.5657,-4.8597
-5.5657,-5.1599
-5.5657,-5.9138
-5.5657,-6.1103
-5.5657,-5.7669
-5.5657,-6.3552
4.6822,3.9885
4.6822,4.6259
4.6822,5.4356
4.6822,5.3998
4.6822,5.6499
4.6822,4.4683
4.6822,4.5125
4.6822,4.8435
-5.1599,-5.1225
-5.1599,-4.8597
-5.1599,-5.5657
-5.1599,-5.9138
-5.1599,-5.7669
-5.1599,-4.3996
1.7554,1.0068
1.7554,1.6997
1.7554,2.6717
1.7554,2.4387
4.7461,5.2118
4.7461,4.5151
-0.31224,0.046844
-0.31224,-0.95673
-0.31224,0.21866
-0.31224,-0.056726
0.55842,1.0068
7.0971,7.4253
7.0971,7.9442
7.0971,6.368
7.0971,7.0412
7.2096,6.4071
7.2096,7.3091
7.2096,6.5955
5.8319,5.7776
5.8319,6.162
5.8319,5.2469
5.8319,5.7439
5.8319,6.5955
5.3998,4.6259
5.3998,6.2484
5.3998,5.2199
5.3998,5.4356
5.3998,5.3225
5.3998,4.6822
5.3998,5.8635
5.3998,5.6499
5.3998,4.5125
5.3998,4.8435
7.1536,6.2826
7.1536,7.5458
7.1536,6.5854
7.1536,6.4854
-3.5813,-3.3984
-3.5813,-4.387
-3.5813,-3.029
-3.0874,-3.2111
-3.0874,-3.9223
-2.3627,-3.029
6.5854,6.2826
6.5854,7.5458
6.5854,7.1536
6.5854,6.1244
-8.6449,-7.9618
0.21866,0.046844
0.21866,0.83018
0.21866,-0.31224
0.21866,0.68161
0.21866,-0.70063
0.21866,0.89756
-0.34109,0.0078453
-0.34109,0.58518
2.5986,1.763
2.5986,2.354
-0.66622,-0.51943
-0.66622,-0.33118
-0.66622,0.2871
-0.66622,-1.5394
-0.66622,-1.0254
6.1244,6.2826
6.1244,6.2484
6.1244,5.2199
6.1244,5.4356
6.1244,5.3225
6.1244,6.5854
6.1244,6.4854
-5.1469,-6.103
-5.1469,-5.1608
3.4865,2.9536
3.4865,2.6717
-5.3004,-6.1745
-5.3004,-6.0041
-5.3004,-5.1225
-5.3004,-4.9995
-5.3004,-4.8597
-5.3004,-5.3109
-5.3004,-4.8624
-5.3004,-5.7669
6.5737,5.8635
6.5737,6.946
1.2181,1.9266
1.2181,0.58757
1.2181,0.68161
5.8635,5.4356
5.8635,5.3998
5.8635,6.5737
5.8635,5.6499
7.9442,7.4253
7.9442,7.0971
7.9442,7.0412
-5.9138,-6.6064
-5.9138,-5.5657
-5.9138,-5.1599
-5.9138,-6.1103
-5.9138,-6.3552
-3.029,-3.3984
-3.029,-3.5237
-3.029,-3.5813
-3.029,-2.3627
5.6499,6.2484
5.6499,5.2199
5.6499,5.4356
5.6499,4.6822
5.6499,5.3998
5.6499,5.8635
5.6499,4.8435
0.069523,-0.33118
0.069523,0.5139
0.069523,0.2871
0.069523,0.87264
0.069523,-0.16569
-7.3088,-6.9493
-7.3088,-6.5045
4.4683,3.6514
4.4683,4.6259
4.4683,5.2199
4.4683,5.4356
4.4683,5.3225
4.4683,4.6822
4.4683,4.5125
1.9266,1.763
1.9266,1.2181
6.946,6.2484
6.946,6.5737
6.946,6.4854
5.5539,5.1832
5.5539,5.2118
5.5539,4.7364
5.5539,6.4071
5.5539,5.6681
5.5539,5.3607
5.5539,5.7348
-3.6751,-4.4788
-3.6751,-4.0249
-3.6751,-4.2613
0.58757,0.3285
0.58757,1.2181
0.58757,0.49321
0.58757,0.68161
-0.41677,-0.47936
-0.41677,0.3285
-0.41677,0.041881
-0.41677,0.49321
1.2107,1.0068
1.2107,1.6997
1.2107,0.28709
1.2107,2.0438
1.2107,0.90176
6.368,6.5677
6.368,5.7754
6.368,7.0971
1.6335,0.67736
1.6335,1.763
1.6335,2.354
1.6335,1.3188
-3.2784,-4.1216
-4.8624,-4.4788
-4.8624,-5.3109
-4.8624,-5.3004
-4.8624,-4.2613
-4.6796,-4.4165
-4.6796,-5.3121
-4.6796,-4.7116
-6.2797,-5.649
-6.2797,-6.2091
-6.2797,-6.9493
-6.2797,-6.4174
1.2249,0.34609
-7.1375,-6.6064
-7.1375,-6.3552
0.49321,0.3285
0.49321,0.041881
0.49321,1.2481
0.49321,0.58757
0.49321,-0.41677
7.0412,7.0971
7.0412,7.9442
-6.5045,-6.2091
-6.5045,-5.763
-6.5045,-7.3088
1.3188,0.67736
1.3188,0.38514
1.3188,1.763
1.3188,1.6335
1.3188,0.89756
3.0034,3.9885
-6.1103,-6.6064
-6.1103,-5.5657
-6.1103,-5.9138
-6.1103,-5.7669
-6.1103,-6.3552
4.5151,5.1832
4.5151,5.2118
4.5151,4.7364
4.5151,4.7461
-4.2613,-4.1216
-4.2613,-4.4788
-4.2613,-4.9995
-4.2613,-4.8597
-4.2613,-3.6751
-4.2613,-4.8624
0.68161,0.3285
0.68161,0.046844
0.68161,0.83018
0.68161,0.21866
0.68161,1.2181
0.68161,0.58757
5.3607,6.162
5.3607,5.1832
5.3607,4.7364
5.3607,5.2469
5.3607,5.7439
5.3607,5.6681
5.3607,5.5539
-1.0254,-1.2973
-1.0254,-0.33118
-1.0254,-1.5394
-1.0254,-0.66622
0.90176,1.7399
0.90176,1.2107
0.90176,0.58518
7.3091,7.5704
7.3091,6.4071
7.3091,7.2096
4.5125,3.6514
4.5125,4.6259
4.5125,5.2199
4.5125,5.4356
4.5125,4.6822
4.5125,5.3998
4.5125,4.4683
4.5125,4.8435
-0.056726,0.67736
-0.056726,0.38514
-0.056726,-0.95673
-0.056726,0.83018
-0.056726,-0.31224
-0.056726,0.89756
-0.056726,-0.51215
-5.7669,-6.6064
-5.7669,-6.1745
-5.7669,-6.0041
-5.7669,-5.1225
-5.7669,-4.9995
-5.7669,-4.8597
-5.7669,-5.3109
-5.7669,-5.5657
-5.7669,-5.1599
-5.7669,-5.3004
-5.7669,-6.1103
-5.7669,-6.3552
-4.409,-5.1608
-4.409,-3.9223
-3.7885,-4.7116
-0.40103,-0.52543
-0.40103,-0.16569
-7.9618,-7.3014
-7.9618,-7.6846
-7.9618,-8.6449
-3.9223,-3.0874
-3.9223,-4.409
-3.9223,-4.0968
-6.3552,-6.6064
-6.3552,-6.0041
-6.3552,-6.8711
-6.3552,-5.5657
-6.3552,-5.9138
-6.3552,-7.1375
-6.3552,-6.1103
-6.3552,-5.7669
6.5955,6.162
6.5955,6.4071
6.5955,5.7439
6.5955,7.2096
6.5955,5.8319
5.7255,6.5677
0.0078453,-0.51943
0.0078453,0.34609
0.0078453,-0.34109
0.0078453,0.58518
-7.0974,-6.2569
-7.0974,-6.9862
-7.0974,-7.6846
-0.70063,-1.4702
-0.70063,-0.47936
-0.70063,0.046844
-0.70063,-0.95673
-0.70063,0.21866
0.89756,0.67736
0.89756,1.763
0.89756,0.83018
0.89756,0.21866
0.89756,1.3188
0.89756,-0.056726
-0.51215,0.38514
-0.51215,-0.056726
-0.51215,-1.302
-6.4174,-6.9493
-6.4174,-6.2797
-6.4174,-6.9729
-4.1572,-4.387
-4.1572,-3.5237
-6.9729,-7.4702
-6.9729,-7.6357
-6.9729,-6.4174
-1.302,-2.1797
-1.302,-0.95673
-1.302,-0.51215
7.2763,7.3351
7.2763,6.4288
7.2763,6.9094
7.2763,8.1699
0.35565,1.0068
0.35565,0.28709
-4.3996,-4.1216
-4.3996,-5.1225
-4.3996,-4.9995
-4.3996,-4.8597
-4.3996,-5.1599
4.8435,3.9885
4.8435,4.6259
4.8435,4.6822
4.8435,5.3998
4.8435,5.6499
4.8435,4.5125
5.7348,5.2118
5.7348,5.5539
-5.3092,-5.649
-5.3092,-4.4165
-4.0968,-3.9223
-1.8825,-1.4702
-1.8825,-2.5425
0.58518,0.34609
0.58518,-0.34109
0.58518,0.90176
0.58518,0.0078453
-8.8135,-8.237
6.9094,6.3
6.9094,6.4288
6.9094,7.2763
6.4854,6.2826
6.4854,6.2484
6.4854,7.1536
6.4854,6.1244
6.4854,6.946
-0.16569,-0.33118
-0.16569,0.66746
-0.16569,-0.52543
-0.16569,0.069523
-0.16569,-0.40103
8.1699,7.2763
