-2.3091,-1.5981
-2.3091,-3.2057
-2.3091,-2.319
-6.8003,-7.125
-6.8003,-6.3435
-6.8003,-6.1583
-6.8003,-7.0972
-6.8003,-6.2462
-5.619,-5.2752
-5.619,-5.9617
-5.619,-5.432
-5.619,-5.389
-5.619,-6.1382
-5.619,-6.0145
-5.619,-5.1581
-5.683,-5.335
-5.683,-6.1583
-5.683,-5.9284
-5.683,-6.2462
-5.683,-5.3451
0.59468,1.5827
0.59468,1.1135
0.59468,1.0375
-5.1919,-4.3996
-5.1919,-5.2818
-5.1919,-5.1112
-5.7068,-5.8221
-5.7068,-5.2818
-5.7068,-5.7729
-5.7068,-4.8584
-5.7068,-5.1112
-5.7068,-4.7864
-5.2752,-5.619
-5.2752,-5.7075
-5.2752,-4.6242
-5.2752,-5.432
-5.2752,-5.2586
-5.2752,-4.5503
-5.2752,-6.0145
5.4897,4.9231
5.4897,5.5638
5.4897,6.1856
-4.3996,-5.1919
-4.3996,-3.8204
-4.3996,-5.2818
-4.3996,-4.2424
-4.3996,-3.5072
-4.3996,-4.1414
6.499,5.9919
6.499,5.5638
6.499,5.7355
6.499,6.1522
6.499,6.467
6.499,7.1247
-5.9617,-5.619
-5.9617,-5.432
-5.9617,-6.6866
-5.9617,-5.389
-5.9617,-6.1382
-5.9617,-6.0145
-5.9617,-5.1581
-5.7075,-5.2752
-5.7075,-5.8615
-5.7075,-6.3173
-5.7075,-5.2586
-5.7075,-5.2745
-5.7075,-6.0145
-5.7075,-6.2903
6.2698,5.5948
6.2698,6.6261
6.2698,5.7261
6.2698,6.1395
6.2698,5.6019
6.2698,6.1512
3.9482,4.5275
3.9482,4.6184
3.9482,4.7967
4.5671,4.9231
4.5671,5.241
4.5671,5.2991
4.5671,4.6301
-5.8221,-5.7068
-5.8221,-5.2818
-5.8221,-6.749
-5.8221,-5.7729
-5.8221,-6.2339
-5.8221,-5.1112
7.3671,6.467
7.3671,7.1247
7.3671,7.0927
-3.8204,-4.3996
-3.8204,-4.2857
-3.8204,-3.1869
-3.8204,-3.2493
-3.8204,-4.2424
-3.8204,-3.2823
-3.8204,-3.5072
-3.8204,-3.7859
6.2124,5.8375
6.2124,5.6747
6.2124,6.2086
6.2124,5.4084
6.2124,5.3946
6.2124,6.6261
6.2124,6.8241
6.2124,6.1512
-4.6242,-5.2752
-4.6242,-5.432
-4.6242,-4.5741
-4.6242,-4.5503
-5.8615,-5.7075
-5.8615,-6.3435
-5.8615,-5.2745
-5.8615,-6.2903
-5.8615,-5.3451
0.44803,0.74507
0.44803,0.23828
0.44803,0.059702
0.44803,0.62549
0.44803,1.1907
0.44803,0.011932
0.44803,1.2713
0.44803,0.65167
0.74507,0.44803
0.74507,0.059702
0.74507,1.1907
0.74507,1.1692
0.74507,0.011932
0.74507,1.2713
0.74507,-0.031082
0.74507,0.65167
1.6755,1.1808
1.6755,1.8801
1.6755,0.98167
4.5275,3.9482
4.5275,5.121
4.5275,4.0018
4.5275,4.7967
-5.335,-5.683
-5.335,-5.5525
-5.335,-5.9284
-5.335,-6.2462
7.5065,6.8266
7.5065,6.9428
-5.2818,-5.1919
-5.2818,-5.7068
-5.2818,-4.3996
-5.2818,-5.8221
-5.2818,-6.2339
-5.2818,-5.1112
-5.2818,-4.7864
-1.0564,-0.49274
-1.0564,-0.075287
-1.0564,-0.37771
5.2719,5.8092
5.2719,5.0728
5.4497,5.8957
5.4497,5.6019
5.0636,5.8375
5.0636,5.5948
5.0636,5.1611
5.0636,5.6747
5.0636,5.4084
5.0636,5.3946
5.0636,5.121
5.0636,4.6184
5.0636,4.7967
-2.549,-2.0855
-2.549,-3.2493
-2.549,-2.579
-2.549,-1.5862
-2.0855,-2.549
-2.0855,-1.5886
-2.0855,-2.579
-2.0855,-1.5862
-2.0855,-2.319
2.0141,1.5827
2.0141,1.8801
2.0141,2.3222
2.0141,1.1813
-4.2857,-3.8204
-4.2857,-3.7859
1.5827,0.59468
1.5827,2.0141
1.5827,2.2817
1.5827,1.1135
1.5827,1.8035
1.5827,2.3222
1.5827,1.1813
0.06854,0.69534
0.06854,-0.40636
0.06854,0.40372
0.06854,-0.49274
0.06854,0.2028
0.06854,-0.075287
-3.6737,-4.1655
-3.6737,-4.2424
-3.6737,-4.5265
-3.6737,-3.2057
-3.6737,-4.1414
5.8375,6.2124
5.8375,5.0636
5.8375,5.5948
5.8375,5.6747
5.8375,5.4084
5.8375,5.3946
5.8375,6.6261
5.8375,6.1512
-7.9548,-7.0829
4.9231,5.4897
4.9231,4.5671
4.9231,5.241
4.9231,5.5638
7.224,6.6818
5.241,4.5671
5.241,4.9231
5.241,5.9919
5.241,5.2991
5.241,5.5638
5.241,5.7355
5.241,4.6301
2.144,1.4565
2.144,1.2713
-5.9984,-5.2936
-5.9984,-6.1382
-5.9984,-5.1581
-6.7546,-6.3173
-6.7546,-7.125
-6.7546,-6.2903
5.5948,6.2698
5.5948,5.0636
5.5948,5.8375
5.5948,5.4084
5.5948,5.7261
5.5948,5.121
5.5948,4.7967
5.5948,6.1512
-0.5473,0.45842
-0.5473,0.038697
-0.5473,-1.2647
-0.5473,-0.40526
-0.5473,-1.1893
-6.3173,-5.7075
-6.3173,-6.7546
-6.3173,-6.6542
-6.3173,-6.0145
-6.3173,-6.2903
0.050788,-0.40526
0.050788,-0.65645
1.8822,1.1907
1.8822,1.2713
5.1611,5.0636
5.1611,5.6747
5.1611,5.0054
5.1611,5.3946
5.1611,4.2671
5.1611,4.6184
5.6747,6.2124
5.6747,5.0636
5.6747,5.8375
5.6747,5.1611
5.6747,6.2086
5.6747,5.0054
5.6747,5.3946
5.6747,5.8885
6.2718,5.8957
-5.432,-5.619
-5.432,-5.2752
-5.432,-5.9617
-5.432,-4.6242
-5.432,-5.389
-5.432,-6.0145
-3.1869,-3.8204
-3.1869,-3.2823
-3.1869,-2.579
-3.1869,-3.2057
-3.1869,-3.5072
-3.1869,-2.319
-4.1655,-3.6737
-4.1655,-3.8083
-4.1655,-4.5265
-4.1655,-4.8584
-4.1655,-4.6358
5.9919,6.499
5.9919,5.241
5.9919,5.2991
5.9919,5.5638
5.9919,5.7355
5.9919,6.1856
-6.3997,-5.5525
-6.3997,-6.7969
-6.3997,-5.9284
0.45842,-0.5473
0.45842,1.1808
0.45842,0.038697
0.45842,-0.40526
-5.2936,-5.9984
-5.2936,-4.434
-5.2936,-5.389
-5.2936,-6.1382
-5.2936,-5.1581
2.2817,1.5827
2.2817,1.8035
2.2817,2.3222
-3.2493,-3.8204
-3.2493,-2.549
-3.2493,-3.2823
-3.2493,-2.579
-3.2493,-3.7859
0.69534,0.06854
0.69534,1.0863
0.69534,0.40372
0.69534,0.95961
0.69534,0.2028
0.69534,-0.075287
1.1808,1.6755
1.1808,0.45842
1.1808,0.47307
1.1808,0.98167
-7.125,-6.8003
-7.125,-6.7546
-7.125,-6.3435
0.23828,0.44803
0.23828,0.059702
0.23828,0.62549
0.23828,0.40372
0.23828,0.95961
0.23828,-0.075287
0.23828,0.011932
0.23828,-0.37771
6.2491,6.8266
6.2491,6.4143
6.2491,5.8632
-1.049,-1.5886
-1.049,-1.2647
-1.049,-0.40526
-1.049,-1.5862
-1.049,-0.65645
-0.39712,-0.71825
-0.39712,0.011932
-0.39712,-0.031082
-6.3435,-6.8003
-6.3435,-5.8615
-6.3435,-7.125
-6.3435,-6.1583
-5.5525,-5.335
-5.5525,-6.3997
-5.5525,-5.9284
-1.5981,-2.3091
-1.5981,-1.5886
-1.5981,-1.2647
-1.5981,-1.1893
-1.5981,-2.319
5.8092,5.2719
5.8092,5.7355
5.8092,6.1522
5.8092,6.467
5.8092,5.0728
5.2991,4.5671
5.2991,5.241
5.2991,5.9919
5.2991,5.5638
5.2991,5.7355
5.2991,6.1522
5.2991,5.0728
5.2991,4.6301
1.8801,1.6755
1.8801,2.0141
1.8801,2.8356
1.8801,1.0391
1.8801,1.1813
-3.8083,-4.1655
-3.8083,-4.6358
5.5638,5.4897
5.5638,6.499
5.5638,4.9231
5.5638,5.241
5.5638,5.9919
5.5638,5.2991
5.5638,5.7355
5.5638,6.1856
1.4532,1.0375
-0.40636,0.06854
-0.40636,-0.82506
-0.40636,-1.0164
-0.40636,-0.49274
-0.40636,0.2028
5.1164,5.121
5.1164,5.6019
-6.1583,-6.8003
-6.1583,-5.683
-6.1583,-6.3435
-6.1583,-5.9284
-6.1583,-7.0972
-6.1583,-6.2462
-6.1583,-5.3451
-1.5886,-2.0855
-1.5886,-1.049
-1.5886,-1.5981
-1.5886,-1.2647
-1.5886,-1.5862
-1.5886,-2.319
0.8242,1.0863
0.8242,0.2028
0.8242,0.27191
-0.9648,-0.71825
-0.9648,-0.37771
6.2086,6.2124
6.2086,5.6747
6.2086,5.3946
6.2086,7.0861
6.2086,5.8885
6.2086,6.8241
5.7355,6.499
5.7355,5.241
5.7355,5.9919
5.7355,5.8092
5.7355,5.2991
5.7355,5.5638
5.7355,6.1522
5.7355,6.467
5.7355,5.0728
-0.82506,-0.40636
1.0863,0.69534
1.0863,0.8242
1.0863,1.4565
5.0054,5.1611
5.0054,5.6747
5.0054,5.3946
5.0054,5.8885
5.0054,4.2671
-6.749,-5.8221
-6.749,-6.2339
5.8957,5.4497
5.8957,6.2718
5.8957,6.1395
5.8957,5.6019
5.8957,6.6818
-5.7729,-5.7068
-5.7729,-5.8221
-5.7729,-4.8584
-5.7729,-5.2504
5.4084,6.2124
5.4084,5.0636
5.4084,5.8375
5.4084,5.5948
5.4084,5.3946
5.4084,5.7261
5.4084,5.121
5.4084,4.6184
5.4084,4.7967
5.4084,6.1512
-4.2424,-4.3996
-4.2424,-3.8204
-4.2424,-3.6737
-4.2424,-3.5072
-4.2424,-5.1112
-4.2424,-4.1414
-4.2424,-4.7864
1.1135,0.59468
1.1135,1.5827
1.1135,1.8035
1.1135,1.1813
1.1135,1.0375
6.1522,6.499
6.1522,5.8092
6.1522,5.2991
6.1522,5.7355
6.1522,6.467
-0.71825,-0.39712
-0.71825,-0.9648
-0.71825,0.059702
-0.71825,0.011932
0.095519,1.0391
5.9327,6.4143
6.8266,7.5065
6.8266,6.2491
6.8266,6.4143
6.467,6.499
6.467,7.3671
6.467,5.8092
6.467,5.7355
6.467,6.1522
6.467,7.0927
6.1856,5.4897
6.1856,5.9919
6.1856,5.5638
5.3946,6.2124
5.3946,5.0636
5.3946,5.8375
5.3946,5.1611
5.3946,5.6747
5.3946,6.2086
5.3946,5.0054
5.3946,5.4084
5.3946,4.6184
7.0861,6.2086
7.0861,6.8241
-3.2823,-3.8204
-3.2823,-3.1869
-3.2823,-3.2493
-3.2823,-2.579
-3.2823,-3.5072
-3.2823,-3.7859
0.059702,0.44803
0.059702,0.74507
0.059702,0.23828
0.059702,-0.71825
0.059702,0.62549
0.059702,0.011932
0.059702,-0.37771
-2.579,-2.549
-2.579,-2.0855
-2.579,-3.1869
-2.579,-3.2493
-2.579,-3.2823
-2.579,-2.319
7.2291,6.6261
7.2291,6.8241
-6.6866,-5.9617
-6.6866,-6.6542
-6.6866,-6.1382
0.62549,0.44803
0.62549,0.23828
0.62549,0.059702
0.62549,1.1907
0.62549,0.40372
0.62549,1.4565
0.62549,0.95961
0.62549,-0.37771
0.62549,1.2713
1.8035,1.5827
1.8035,2.2817
1.8035,1.1135
1.8035,1.0375
0.038697,-0.5473
0.038697,0.45842
0.038697,0.47307
2.8356,1.8801
1.1907,0.44803
1.1907,0.74507
1.1907,1.8822
1.1907,0.62549
1.1907,1.2713
-1.2647,-0.5473
-1.2647,-1.049
-1.2647,-1.5981
-1.2647,-1.5886
-1.2647,-0.40526
5.8885,5.6747
5.8885,6.2086
5.8885,5.0054
-4.5741,-4.6242
-4.5741,-4.434
-4.5741,-5.389
-4.5741,-5.1581
2.3222,2.0141
2.3222,1.5827
2.3222,2.2817
-4.5265,-3.6737
-4.5265,-4.1655
-4.5265,-4.8584
-4.5265,-5.1112
-4.5265,-4.1414
-4.5265,-4.7864
6.6261,6.2698
6.6261,6.2124
6.6261,5.8375
6.6261,7.2291
6.6261,6.1512
0.40372,0.06854
0.40372,0.69534
0.40372,0.23828
0.40372,0.62549
0.40372,0.95961
0.40372,-0.075287
0.40372,-0.37771
5.7261,6.2698
5.7261,5.5948
5.7261,5.4084
5.7261,5.121
5.7261,6.1395
5.7261,5.6019
5.7261,6.1512
-4.8584,-5.7068
-4.8584,-4.1655
-4.8584,-5.7729
-4.8584,-4.5265
-4.8584,-5.1112
-4.8584,-5.2504
-4.8584,-4.7864
-3.9601,-3.7859
5.121,4.5275
5.121,5.0636
5.121,5.5948
5.121,5.1164
5.121,5.4084
5.121,5.7261
5.121,4.7967
-0.40526,-0.5473
-0.40526,0.050788
-0.40526,0.45842
-0.40526,-1.049
-0.40526,-1.2647
-6.7969,-6.3997
-6.7969,-5.9284
-6.7969,-7.0972
-6.7969,-6.2462
4.2671,5.1611
4.2671,5.0054
4.2671,4.6184
1.4565,2.144
1.4565,1.0863
1.4565,0.62549
1.4565,0.95961
1.4565,1.2713
-7.0829,-7.9548
-7.0829,-6.4028
6.8241,6.2124
6.8241,6.2086
6.8241,7.0861
6.8241,7.2291
4.1842,5.0728
4.1842,4.6301
-3.2057,-2.3091
-3.2057,-3.6737
-3.2057,-3.1869
-3.2057,-3.5072
-3.2057,-4.1414
-1.0164,-0.40636
-1.0164,-0.49274
-0.49274,-1.0564
-0.49274,0.06854
-0.49274,-0.40636
-0.49274,-1.0164
-0.49274,-0.075287
-0.49274,-0.37771
1.0391,1.8801
1.0391,0.095519
1.0391,1.1813
1.0391,0.98167
6.4143,6.2491
6.4143,5.9327
6.4143,6.8266
6.4143,6.9428
0.95961,0.69534
0.95961,0.23828
0.95961,0.62549
0.95961,0.40372
0.95961,1.4565
0.95961,1.2713
-3.5072,-4.3996
-3.5072,-3.8204
-3.5072,-3.1869
-3.5072,-4.2424
-3.5072,-3.2823
-3.5072,-3.2057
-3.5072,-4.1414
-4.6358,-4.1655
-4.6358,-3.8083
-4.6358,-5.2504
-5.9284,-5.683
-5.9284,-5.335
-5.9284,-6.3997
-5.9284,-5.5525
-5.9284,-6.1583
-5.9284,-6.7969
-5.9284,-6.2462
-7.0972,-6.8003
-7.0972,-6.1583
-7.0972,-6.7969
-7.0972,-6.2462
1.1813,2.0141
1.1813,1.5827
1.1813,1.8801
1.1813,1.1135
1.1813,1.0391
-6.2339,-5.8221
-6.2339,-5.2818
-6.2339,-6.749
0.2028,0.06854
0.2028,0.69534
0.2028,-0.40636
0.2028,0.8242
0.2028,0.27191
6.9428,7.5065
6.9428,6.4143
-5.2586,-5.2752
-5.2586,-5.7075
-5.2586,-4.5503
-4.5503,-5.2752
-4.5503,-4.6242
-4.5503,-5.2586
-6.2462,-6.8003
-6.2462,-5.683
-6.2462,-5.335
-6.2462,-6.1583
-6.2462,-6.7969
-6.2462,-5.9284
-6.2462,-7.0972
1.1692,0.74507
1.1692,0.65167
4.0018,4.5275
-5.2745,-5.7075
-5.2745,-5.8615
-5.2745,-5.3451
-5.1112,-5.1919
-5.1112,-5.7068
-5.1112,-5.8221
-5.1112,-5.2818
-5.1112,-4.2424
-5.1112,-4.5265
-5.1112,-4.8584
-5.1112,-4.1414
-5.1112,-4.7864
5.0728,5.2719
5.0728,5.8092
5.0728,5.2991
5.0728,5.7355
5.0728,4.1842
5.0728,4.6301
-4.1414,-4.3996
-4.1414,-3.6737
-4.1414,-4.2424
-4.1414,-4.5265
-4.1414,-3.2057
-4.1414,-3.5072
-4.1414,-5.1112
-4.1414,-4.7864
-0.075287,-1.0564
-0.075287,0.06854
-0.075287,0.69534
-0.075287,0.23828
-0.075287,0.40372
-0.075287,-0.49274
-0.075287,-0.37771
4.6301,4.5671
4.6301,5.241
4.6301,5.2991
4.6301,4.1842
4.6301,5.0728
-1.5862,-2.549
-1.5862,-2.0855
-1.5862,-1.049
-1.5862,-1.5886
-1.5862,-1.3483
-1.5862,-0.65645
0.47307,1.1808
0.47307,0.038697
0.47307,0.98167
7.1247,6.499
7.1247,7.3671
7.1247,7.2432
4.6184,3.9482
4.6184,5.0636
4.6184,5.1611
4.6184,5.4084
4.6184,5.3946
4.6184,4.2671
4.6184,4.7967
0.011932,0.44803
0.011932,0.74507
0.011932,0.23828
0.011932,-0.39712
0.011932,-0.71825
0.011932,0.059702
0.011932,-0.031082
-5.2504,-5.7729
-5.2504,-4.8584
-5.2504,-4.6358
-4.434,-5.2936
-4.434,-4.5741
-4.434,-5.1581
-4.4044,-5.3451
-1.3483,-1.5862
-6.6542,-6.3173
-6.6542,-6.6866
-6.6542,-6.0145
-5.389,-5.619
-5.389,-5.9617
-5.389,-5.432
-5.389,-5.2936
-5.389,-4.5741
-5.389,-6.1382
-5.389,-5.1581
-4.7864,-5.7068
-4.7864,-5.2818
-4.7864,-4.2424
-4.7864,-4.5265
-4.7864,-4.8584
-4.7864,-5.1112
-4.7864,-4.1414
7.2432,7.1247
5.8632,6.2491
-1.1893,-0.5473
-1.1893,-1.5981
-6.1382,-5.619
-6.1382,-5.9617
-6.1382,-5.9984
-6.1382,-5.2936
-6.1382,-6.6866
-6.1382,-5.389
-6.1382,-5.1581
-0.37771,-1.0564
-0.37771,0.23828
-0.37771,-0.9648
-0.37771,0.059702
-0.37771,0.62549
-0.37771,0.40372
-0.37771,-0.49274
-0.37771,-0.075287
1.2713,0.44803
1.2713,0.74507
1.2713,2.144
1.2713,1.8822
1.2713,0.62549
1.2713,1.1907
1.2713,1.4565
1.2713,0.95961
-0.031082,0.74507
-0.031082,-0.39712
-0.031082,0.011932
-0.031082,0.65167
-6.0145,-5.619
-6.0145,-5.2752
-6.0145,-5.9617
-6.0145,-5.7075
-6.0145,-6.3173
-6.0145,-5.432
-6.0145,-6.6542
-3.7859,-3.8204
-3.7859,-4.2857
-3.7859,-3.2493
-3.7859,-3.2823
-3.7859,-3.9601
-6.2903,-5.7075
-6.2903,-5.8615
-6.2903,-6.7546
-6.2903,-6.3173
0.65167,0.44803
0.65167,0.74507
0.65167,1.1692
0.65167,-0.031082
6.1395,6.2698
6.1395,5.8957
6.1395,5.7261
6.1395,5.6019
6.1395,6.6818
1.0375,0.59468
1.0375,1.4532
1.0375,1.1135
1.0375,1.8035
-2.319,-2.3091
-2.319,-2.0855
-2.319,-3.1869
-2.319,-1.5981
-2.319,-1.5886
-2.319,-2.579
4.7967,3.9482
4.7967,4.5275
4.7967,5.0636
4.7967,5.5948
4.7967,5.4084
4.7967,5.121
4.7967,4.6184
7.0927,7.3671
7.0927,6.467
-5.3451,-5.683
-5.3451,-5.8615
-5.3451,-6.1583
-5.3451,-5.2745
-5.3451,-4.4044
-5.1581,-5.619
-5.1581,-5.9617
-5.1581,-5.9984
-5.1581,-5.2936
-5.1581,-4.5741
-5.1581,-4.434
-5.1581,-5.389
-5.1581,-6.1382
0.27191,0.8242
0.27191,0.2028
0.98167,1.6755
0.98167,1.1808
0.98167,1.0391
0.98167,0.47307
-6.4028,-7.0829
5.6019,6.2698
5.6019,5.4497
5.6019,5.1164
5.6019,5.8957
5.6019,5.7261
5.6019,6.1395
6.1512,6.2698
6.1512,6.2124
6.1512,5.8375
6.1512,5.5948
6.1512,5.4084
6.1512,6.6261
6.1512,5.7261
-0.65645,0.050788
-0.65645,-1.049
-0.65645,-1.5862
6.6818,7.224
6.6818,5.8957
6.6818,6.1395
