2.0257,2.3456
-3.0232,-2.747
-3.0232,-3.2524
-3.0232,-2.2736
-3.0232,-3.9192
-3.0232,-2.3152
-3.0232,-3.6462
-3.0232,-2.0522
-5.4168,-5.4303
-5.4168,-5.953
-5.4168,-4.7851
-5.4168,-5.2999
-5.4168,-6.1673
-2.747,-3.0232
-2.747,-2.2736
-2.747,-3.6462
-2.747,-2.0522
1.9185,2.6064
5.0524,4.3621
5.0524,4.1414
5.0524,5.384
4.4868,4.3621
4.4868,3.6341
4.4868,4.7067
4.4868,3.6375
4.4868,3.9934
4.4868,4.8691
4.4868,4.1414
4.4868,5.384
4.4868,4.8557
-4.6586,-5.4303
-4.6586,-3.9192
-4.6586,-4.7851
-4.6586,-4.6348
7.2041,6.9525
7.2041,6.2798
2.6482,3.0675
2.6482,3.1141
2.6482,3.2063
4.046,4.2488
4.046,4.8982
4.046,4.4337
-6.5127,-5.953
-6.5127,-7.1595
-6.5127,-5.6703
-6.5127,-6.5317
-6.5127,-6.1673
-3.2524,-3.0232
-3.2524,-2.5459
-3.2524,-3.9192
-3.2524,-2.3152
-3.2524,-4.1804
-0.63283,-0.90145
-0.63283,-0.72987
-0.63283,-0.705
-0.63283,-0.93014
-0.63283,-1.4807
-0.63283,0.1082
-0.63283,-0.21491
-2.7639,-2.4972
-2.7639,-2.6534
-2.7639,-2.4384
-2.7639,-1.8514
-2.7639,-3.4836
6.0165,5.6293
6.0165,6.0188
6.0165,5.1867
4.3621,5.0524
4.3621,4.4868
4.3621,3.6341
4.3621,4.7067
4.3621,3.6375
4.3621,3.9934
4.3621,4.8691
4.3621,4.1414
4.3621,4.8557
4.5464,3.6857
4.5464,5.186
4.5464,4.4337
4.3008,4.5865
4.3008,3.7782
4.3008,3.9305
4.3008,4.7067
4.3008,5.2252
4.3008,3.6375
4.3008,3.9934
4.3008,4.8691
4.3008,4.8557
-1.7497,-1.5799
-1.7497,-1.741
-1.7497,-0.90145
-1.7497,-2.4972
-1.7497,-2.6534
-1.7497,-2.4384
-1.7497,-1.7218
-1.7497,-2.3887
-1.7497,-2.5725
-1.7497,-1.447
-1.7497,-1.4807
-1.7497,-1.8186
-5.4303,-5.4168
-5.4303,-4.6586
-5.4303,-4.7851
-5.4303,-5.6703
-5.4303,-4.6348
-5.4303,-5.5019
-5.4303,-6.1673
-2.5459,-3.2524
-2.5459,-2.2736
-2.5459,-1.9216
-2.5459,-2.3152
-2.5459,-1.7662
-5.3787,-4.5819
-5.3787,-5.5157
-5.3787,-5.2463
-5.3787,-5.1331
-5.3787,-4.7531
-5.3787,-6.1722
-5.5399,-5.5157
-5.5399,-5.3005
-5.5399,-5.2463
-5.5399,-5.5042
-5.5399,-4.9166
-5.5399,-4.6702
-5.5399,-6.1211
-5.5399,-5.6192
-5.5399,-4.7531
-5.5399,-6.2565
3.456,3.0564
3.456,4.0643
3.456,3.5752
-0.8577,-0.90145
-0.8577,-0.14757
-0.8577,-1.7218
-0.8577,-0.705
-0.8577,-0.93014
-2.2736,-3.0232
-2.2736,-2.747
-2.2736,-2.5459
-2.2736,-1.3649
-2.2736,-2.3152
-2.2736,-1.6275
-2.2736,-1.7662
-2.2736,-2.0522
-2.2736,-1.5112
2.6064,1.9185
2.6064,3.0564
2.6064,2.4103
2.6064,2.987
-7.8989,-8.6456
-7.8989,-7.4902
-7.8989,-8.1873
4.5865,4.3008
4.5865,3.9305
4.5865,5.2252
4.5865,3.9934
4.5865,4.8691
-4.5819,-5.3787
-4.5819,-3.8509
-4.5819,-4.1547
-4.5819,-4.3462
-4.5819,-5.1331
-4.5819,-4.4813
-4.5819,-4.7531
-4.5819,-3.703
4.5768,4.2488
4.5768,5.1867
4.5768,4.8982
4.5768,3.909
4.5768,4.9918
0.79164,-0.14757
0.79164,0.091986
-1.5799,-1.7497
-1.5799,-1.741
-1.5799,-0.90145
-1.5799,-2.4972
-1.5799,-2.4384
-1.5799,-1.7218
-1.5799,-0.705
-1.5799,-0.93014
-1.5799,-1.4807
-1.5799,-1.8186
7.9389,7.8878
7.9389,7.3622
7.9389,8.4301
7.9389,7.4528
6.1757,6.5825
6.1757,6.9925
6.1757,5.6216
6.1757,6.4633
6.1757,5.764
6.1757,5.3937
3.0564,3.456
3.0564,2.6064
3.0564,2.4103
3.0564,2.987
3.0564,3.5752
3.0564,3.6552
7.4924,7.3622
3.9223,4.5382
3.9223,4.4476
-3.8509,-4.5819
-3.8509,-3.5408
-3.8509,-2.9232
-3.8509,-4.1547
-3.8509,-4.4813
-3.8509,-3.3598
-3.8509,-3.703
3.0675,2.6482
3.0675,3.7782
3.0675,3.9305
3.0675,3.6375
3.0675,3.1141
3.0675,2.8694
3.0675,3.2063
-1.741,-1.7497
-1.741,-1.5799
-1.741,-2.4384
-1.741,-2.7029
-1.741,-2.3887
-1.741,-2.5725
-1.741,-1.447
-1.741,-1.4807
-1.741,-2.291
-1.741,-1.8186
6.9525,7.2041
6.9525,6.0188
6.9525,6.2798
6.002,6.3113
6.002,6.0188
6.002,5.186
6.002,5.1182
6.002,5.2847
6.002,5.5775
6.002,6.2798
-4.5353,-4.1899
-4.5353,-5.3005
-4.5353,-5.5042
-4.5353,-4.9166
-4.5353,-4.6702
-4.5353,-3.9605
-4.5353,-5.1037
-6.6025,-5.953
-6.6025,-7.1595
-1.9216,-2.5459
-1.9216,-1.0573
-1.9216,-1.5486
-1.9216,-1.7662
-0.90145,-0.63283
-0.90145,-1.7497
-0.90145,-0.8577
-0.90145,-1.5799
-0.90145,-0.72987
-0.90145,-1.7218
-0.90145,-0.705
-0.90145,-0.93014
-0.90145,-1.4807
-0.90145,-1.8186
6.5825,6.1757
6.5825,6.9925
6.5825,6.4633
6.5825,6.9772
6.5825,5.764
6.5825,7.436
-3.9192,-3.0232
-3.9192,-4.6586
-3.9192,-3.2524
-3.9192,-4.7851
-3.9192,-3.6462
-3.9192,-4.1804
6.9925,6.1757
6.9925,6.5825
-6.3298,-5.5042
-6.3298,-6.1211
-2.4972,-2.7639
-2.4972,-1.7497
-2.4972,-1.5799
-2.4972,-2.6534
-2.4972,-2.4384
-2.4972,-1.7218
-2.4972,-2.5725
-2.4972,-1.8514
-2.4972,-3.4836
-2.4972,-1.8186
-2.6534,-2.7639
-2.6534,-1.7497
-2.6534,-2.4972
-2.6534,-2.4384
-2.6534,-2.7029
-2.6534,-2.3887
-2.6534,-2.5725
-2.6534,-3.3764
-2.6534,-3.4836
-2.6534,-1.8186
-2.6534,-3.4398
3.6857,4.5464
3.6857,4.4337
-5.953,-5.4168
-5.953,-6.5127
-5.953,-6.6025
-5.953,-5.2999
-5.953,-6.1673
3.7782,4.3008
3.7782,3.0675
3.7782,3.9305
3.7782,3.6341
3.7782,3.6375
3.7782,3.1141
3.7782,3.9934
3.7782,3.2063
3.9305,4.3008
3.9305,4.5865
3.9305,3.0675
3.9305,3.7782
3.9305,3.6375
3.9305,3.9934
3.9305,3.2063
3.9305,3.6883
6.3113,6.002
6.3113,6.0188
6.3113,5.5775
6.3113,6.2798
-1.3649,-2.2736
-1.3649,-2.3152
-1.3649,-1.5486
-1.3649,-1.6275
-1.3649,-1.7662
-1.3649,-0.79519
-1.3649,-0.77503
-1.3649,-2.0522
-1.3649,-1.5112
-1.3649,-0.96649
4.9619,5.6216
4.9619,4.5382
4.9619,5.764
4.9619,4.4476
4.9619,5.3937
4.9619,4.8023
-7.1595,-6.5127
-7.1595,-6.6025
-7.1595,-7.5076
2.4103,2.6064
2.4103,3.0564
7.8878,7.9389
7.8878,7.4528
7.8878,7.0373
-4.4937,-3.5408
-4.4937,-4.1899
-4.4937,-5.3005
-4.4937,-4.3462
-4.4937,-5.2463
-4.4937,-4.9166
-4.4937,-4.6702
-4.4937,-4.4813
-4.4937,-3.6827
-4.4937,-3.9605
-4.4937,-4.7531
4.6693,4.0643
4.6693,4.0245
-1.0573,-1.9216
-1.0573,-1.5486
-1.0573,-0.7518
-1.0573,-0.79519
-5.5157,-5.3787
-5.5157,-5.5399
-5.5157,-5.3005
-5.5157,-5.2463
-5.5157,-5.1331
-5.5157,-5.6192
-5.5157,-4.7531
-5.5157,-6.1722
-9.0503,-8.6456
-9.0503,-8.1873
5.6216,6.1757
5.6216,4.9619
5.6216,5.764
5.6216,4.8023
-5.9783,-5.6703
-5.9783,-5.5019
-5.9783,-6.5317
-2.3152,-3.0232
-2.3152,-3.2524
-2.3152,-2.5459
-2.3152,-2.2736
-2.3152,-1.3649
-2.3152,-1.7662
-2.3152,-2.0522
-2.3152,-1.5112
-8.6456,-7.8989
-8.6456,-9.0503
-8.6456,-9.4666
-8.6456,-8.2044
-0.39321,-0.7518
-0.39321,-0.79519
-0.39321,-0.96649
6.4633,6.1757
6.4633,6.5825
6.4633,5.8828
6.4633,6.9772
6.4633,5.764
6.4633,7.436
6.4633,6.3211
4.2488,4.046
4.2488,4.5768
4.2488,5.1867
4.2488,4.8982
5.6293,6.0165
5.6293,6.0188
5.6293,5.1867
5.6293,4.8982
5.6293,4.9918
5.6293,5.2847
4.0643,3.456
4.0643,4.6693
4.0643,3.5752
4.0643,4.5766
4.0643,4.0245
2.3456,2.0257
2.3456,2.8694
6.0188,6.0165
6.0188,6.9525
6.0188,6.002
6.0188,6.3113
6.0188,5.6293
6.0188,5.1867
6.0188,5.1182
6.0188,5.2847
6.0188,6.2798
-3.5408,-3.8509
-3.5408,-4.4937
-3.5408,-4.3462
-3.5408,-2.693
-3.5408,-4.4813
-3.5408,-3.3598
-3.5408,-3.6827
-3.5408,-3.9605
-3.5408,-3.703
-2.9232,-3.8509
-2.9232,-3.3598
-2.9232,-3.703
-0.14757,-0.8577
-0.14757,0.79164
-0.14757,-0.93014
-0.14757,0.1082
-0.14757,0.091986
-1.5486,-1.9216
-1.5486,-1.3649
-1.5486,-1.0573
-1.5486,-0.7518
-1.5486,-1.7662
-1.5486,-0.79519
-1.5486,-1.5112
5.8828,6.4633
5.8828,5.764
5.8828,5.3937
5.8828,6.3211
-4.1899,-4.5353
-4.1899,-4.4937
-4.1899,-4.3462
-4.1899,-4.9166
-4.1899,-4.6702
-4.1899,-3.6827
-4.1899,-3.9605
-5.3005,-5.5399
-5.3005,-4.5353
-5.3005,-4.4937
-5.3005,-5.5157
-5.3005,-5.2463
-5.3005,-5.5042
-5.3005,-4.9166
-5.3005,-4.6702
-5.3005,-6.1211
-5.3005,-5.6192
-5.3005,-4.7531
-5.3005,-5.1037
-5.3005,-6.2565
-3.3147,-2.7029
-3.3147,-2.3887
-3.3147,-3.3764
5.1867,6.0165
5.1867,4.5768
5.1867,4.2488
5.1867,5.6293
5.1867,6.0188
5.1867,4.8982
5.1867,5.1182
5.1867,4.9918
5.1867,5.2847
-4.1547,-4.5819
-4.1547,-3.8509
-4.1547,-4.4813
-4.1547,-3.703
-4.3462,-4.5819
-4.3462,-4.4937
-4.3462,-3.5408
-4.3462,-4.1899
-4.3462,-5.2463
-4.3462,-4.9166
-4.3462,-4.4813
-4.3462,-3.6827
-4.3462,-3.9605
-4.3462,-4.7531
-4.3462,-3.703
-2.4384,-2.7639
-2.4384,-1.7497
-2.4384,-1.5799
-2.4384,-1.741
-2.4384,-2.4972
-2.4384,-2.6534
-2.4384,-2.7029
-2.4384,-2.3887
-2.4384,-2.5725
-2.4384,-1.4807
-2.4384,-1.8186
-2.4384,-3.4398
3.6341,4.4868
3.6341,4.3621
3.6341,3.7782
3.6341,3.6375
3.6341,3.1141
3.6341,3.9934
3.6341,4.1414
-0.72987,-0.63283
-0.72987,-0.90145
-0.72987,-1.447
-0.72987,-0.705
-0.72987,-1.4807
-0.72987,-0.21491
4.7067,4.4868
4.7067,4.3621
4.7067,4.3008
4.7067,5.2252
4.7067,3.9934
4.7067,4.8691
4.7067,5.384
4.7067,4.8557
-1.7218,-1.7497
-1.7218,-0.8577
-1.7218,-1.5799
-1.7218,-0.90145
-1.7218,-2.4972
-1.7218,-0.93014
-1.7218,-1.8514
-1.7218,-1.8186
5.2252,4.3008
5.2252,4.5865
5.2252,4.7067
5.2252,4.8691
5.2252,4.8557
5.2252,5.8084
2.987,2.6064
2.987,3.0564
2.987,3.6552
5.186,4.5464
5.186,6.002
5.186,4.8982
5.186,5.1182
5.186,5.2847
5.186,5.5775
5.186,4.4337
-5.2463,-5.3787
-5.2463,-5.5399
-5.2463,-4.4937
-5.2463,-5.5157
-5.2463,-5.3005
-5.2463,-4.3462
-5.2463,-4.9166
-5.2463,-4.6702
-5.2463,-4.4813
-5.2463,-5.6192
-5.2463,-4.7531
-2.693,-3.5408
-2.693,-3.3598
-9.4666,-8.6456
-7.4902,-7.8989
-7.4902,-8.2044
4.8982,4.046
4.8982,4.5768
4.8982,4.2488
4.8982,5.6293
4.8982,5.1867
4.8982,5.186
4.8982,5.1182
4.8982,5.2847
4.8982,4.4337
5.1182,6.002
5.1182,6.0188
5.1182,5.1867
5.1182,5.186
5.1182,4.8982
5.1182,5.2847
5.1182,5.5775
5.1182,4.4337
-2.7029,-1.741
-2.7029,-2.6534
-2.7029,-3.3147
-2.7029,-2.4384
-2.7029,-2.3887
-2.7029,-2.5725
-2.7029,-3.3764
-2.7029,-2.291
-2.7029,-3.4398
-2.3887,-1.7497
-2.3887,-1.741
-2.3887,-2.6534
-2.3887,-3.3147
-2.3887,-2.4384
-2.3887,-2.7029
-2.3887,-2.5725
-2.3887,-1.447
-2.3887,-1.4807
-2.3887,-2.291
7.3622,7.9389
7.3622,7.4924
7.3622,7.0373
-7.0262,-6.5317
6.7001,7.4528
6.7001,7.0373
6.7001,6.3211
-2.5725,-1.7497
-2.5725,-1.741
-2.5725,-2.4972
-2.5725,-2.6534
-2.5725,-2.4384
-2.5725,-2.7029
-2.5725,-2.3887
-2.5725,-3.3764
-2.5725,-2.291
-2.5725,-1.8186
-2.5725,-3.4398
-4.7851,-5.4168
-4.7851,-4.6586
-4.7851,-5.4303
-4.7851,-3.9192
-4.7851,-4.1804
-5.1331,-5.3787
-5.1331,-4.5819
-5.1331,-5.5157
-5.1331,-4.4813
-5.1331,-4.7531
-2.9618,-3.6827
4.5382,3.9223
4.5382,4.9619
4.5382,5.3937
3.909,4.5768
3.909,4.5766
-5.5042,-5.5399
-5.5042,-4.5353
-5.5042,-6.3298
-5.5042,-5.3005
-5.5042,-4.9166
-5.5042,-4.6702
-5.5042,-6.1211
-5.5042,-5.1037
6.9772,6.5825
6.9772,6.4633
6.9772,7.4528
6.9772,7.436
6.9772,6.3211
-3.3764,-2.6534
-3.3764,-3.3147
-3.3764,-2.7029
-3.3764,-2.5725
-3.3764,-3.4398
-5.6703,-6.5127
-5.6703,-5.4303
-5.6703,-5.9783
-5.6703,-5.5019
-5.6703,-6.5317
-5.6703,-6.1673
3.5752,3.456
3.5752,3.0564
3.5752,4.0643
3.5752,3.6552
3.5752,4.0245
3.6375,4.4868
3.6375,4.3621
3.6375,4.3008
3.6375,3.0675
3.6375,3.7782
3.6375,3.9305
3.6375,3.6341
3.6375,3.1141
3.6375,3.9934
3.6375,3.2063
-1.447,-1.7497
-1.447,-1.741
-1.447,-0.72987
-1.447,-2.3887
-1.447,-1.4807
-1.447,-2.291
-4.9166,-5.5399
-4.9166,-4.5353
-4.9166,-4.4937
-4.9166,-4.1899
-4.9166,-5.3005
-4.9166,-4.3462
-4.9166,-5.2463
-4.9166,-5.5042
-4.9166,-4.6702
-4.9166,-3.9605
-4.9166,-5.6192
-4.9166,-4.7531
-4.9166,-5.1037
-0.705,-0.63283
-0.705,-0.8577
-0.705,-1.5799
-0.705,-0.90145
-0.705,-0.72987
-0.705,-0.93014
-0.705,-1.4807
-0.705,0.1082
-0.705,0.091986
-0.705,-0.21491
-7.6232,-8.3763
-7.6232,-8.1873
3.1141,2.6482
3.1141,3.0675
3.1141,3.7782
3.1141,3.6341
3.1141,3.6375
8.4301,7.9389
-0.93014,-0.63283
-0.93014,-0.8577
-0.93014,-1.5799
-0.93014,-0.90145
-0.93014,-0.14757
-0.93014,-1.7218
-0.93014,-0.705
-0.93014,-1.8186
5.764,6.1757
5.764,6.5825
5.764,4.9619
5.764,5.6216
5.764,6.4633
5.764,5.8828
5.764,5.3937
-0.7518,-1.0573
-0.7518,-0.39321
-0.7518,-1.5486
-0.7518,-0.79519
-1.4807,-0.63283
-1.4807,-1.7497
-1.4807,-1.5799
-1.4807,-1.741
-1.4807,-0.90145
-1.4807,-2.4384
-1.4807,-0.72987
-1.4807,-2.3887
-1.4807,-1.447
-1.4807,-0.705
-1.4807,-1.8186
-4.6702,-5.5399
-4.6702,-4.5353
-4.6702,-4.4937
-4.6702,-4.1899
-4.6702,-5.3005
-4.6702,-5.2463
-4.6702,-5.5042
-4.6702,-4.9166
-4.6702,-3.9605
-4.6702,-5.1037
-2.291,-1.741
-2.291,-2.7029
-2.291,-2.3887
-2.291,-2.5725
-2.291,-1.447
4.5766,4.0643
4.5766,3.909
2.8694,3.0675
2.8694,2.3456
2.8694,3.2063
2.8694,3.6883
-4.4813,-4.5819
-4.4813,-3.8509
-4.4813,-4.4937
-4.4813,-3.5408
-4.4813,-4.1547
-4.4813,-4.3462
-4.4813,-5.2463
-4.4813,-5.1331
-4.4813,-4.7531
-4.4813,-3.703
-3.3598,-3.8509
-3.3598,-3.5408
-3.3598,-2.9232
-3.3598,-2.693
-3.3598,-3.6827
-3.3598,-3.703
3.6552,3.0564
3.6552,2.987
3.6552,3.5752
3.6552,4.0245
3.6552,4.4476
-8.2044,-8.6456
-8.2044,-7.4902
-5.4479,-5.1037
3.9934,4.4868
3.9934,4.3621
3.9934,4.3008
3.9934,4.5865
3.9934,3.7782
3.9934,3.9305
3.9934,3.6341
3.9934,4.7067
3.9934,3.6375
3.9934,4.8691
3.9934,4.8557
4.8691,4.4868
4.8691,4.3621
4.8691,4.3008
4.8691,4.5865
4.8691,4.7067
4.8691,5.2252
4.8691,3.9934
4.8691,4.8557
4.8691,5.8084
-1.6275,-2.2736
-1.6275,-1.3649
-1.6275,-0.77503
-1.6275,-2.0522
-1.6275,-0.96649
-1.7662,-2.5459
-1.7662,-2.2736
-1.7662,-1.9216
-1.7662,-1.3649
-1.7662,-2.3152
-1.7662,-1.5486
-1.7662,-0.79519
-1.7662,-1.5112
4.0245,4.6693
4.0245,4.0643
4.0245,3.5752
4.0245,3.6552
4.0245,4.4476
4.0245,4.8023
4.1414,5.0524
4.1414,4.4868
4.1414,4.3621
4.1414,3.6341
-3.6827,-4.4937
-3.6827,-3.5408
-3.6827,-4.1899
-3.6827,-4.3462
-3.6827,-2.9618
-3.6827,-3.3598
-3.6827,-3.9605
-3.6827,-3.703
-8.3763,-7.6232
-8.3763,-8.1873
-4.6348,-4.6586
-4.6348,-5.4303
-4.6348,-5.5019
-5.5019,-5.4303
-5.5019,-5.9783
-5.5019,-5.6703
-5.5019,-4.6348
-0.79519,-1.3649
-0.79519,-1.0573
-0.79519,-0.39321
-0.79519,-1.5486
-0.79519,-0.7518
-0.79519,-1.7662
-0.79519,-1.5112
-0.79519,-0.96649
-6.1211,-5.5399
-6.1211,-6.3298
-6.1211,-5.3005
-6.1211,-5.5042
-6.1211,-5.6192
-6.1211,-6.2565
-1.8514,-2.7639
-1.8514,-2.4972
-1.8514,-1.7218
-1.8514,-1.8186
-3.6462,-3.0232
-3.6462,-2.747
-3.6462,-3.9192
5.384,5.0524
5.384,4.4868
5.384,4.7067
5.384,4.8557
5.384,5.8084
4.9918,4.5768
4.9918,5.6293
4.9918,5.1867
3.2063,2.6482
3.2063,3.0675
3.2063,3.7782
3.2063,3.9305
3.2063,3.6375
3.2063,2.8694
3.2063,3.6883
-3.9605,-4.5353
-3.9605,-4.4937
-3.9605,-3.5408
-3.9605,-4.1899
-3.9605,-4.3462
-3.9605,-4.9166
-3.9605,-4.6702
-3.9605,-3.6827
5.2847,6.002
5.2847,5.6293
5.2847,6.0188
5.2847,5.1867
5.2847,5.186
5.2847,4.8982
5.2847,5.1182
5.2847,6.2798
7.4528,7.9389
7.4528,7.8878
7.4528,6.7001
7.4528,6.9772
7.4528,7.436
7.4528,7.0373
4.4476,3.9223
4.4476,4.9619
4.4476,3.6552
4.4476,4.0245
4.4476,4.8023
5.5775,6.002
5.5775,6.3113
5.5775,5.186
5.5775,5.1182
-3.4836,-2.7639
-3.4836,-2.4972
-3.4836,-2.6534
-3.4836,-3.4398
-5.6192,-5.5399
-5.6192,-5.5157
-5.6192,-5.3005
-5.6192,-5.2463
-5.6192,-4.9166
-5.6192,-6.1211
-5.6192,-4.7531
-5.6192,-6.1722
-5.6192,-6.2565
4.8557,4.4868
4.8557,4.3621
4.8557,4.3008
4.8557,4.7067
4.8557,5.2252
4.8557,3.9934
4.8557,4.8691
4.8557,5.384
4.8557,5.8084
-7.5076,-7.1595
-0.77503,-1.3649
-0.77503,-1.6275
-0.77503,-0.96649
7.436,6.5825
7.436,6.4633
7.436,6.9772
7.436,7.4528
-4.1804,-3.2524
-4.1804,-3.9192
-4.1804,-4.7851
-6.5317,-6.5127
-6.5317,-5.9783
-6.5317,-7.0262
-6.5317,-5.6703
-6.5317,-6.1673
5.8084,5.2252
5.8084,4.8691
5.8084,5.384
5.8084,4.8557
6.2798,7.2041
6.2798,6.9525
6.2798,6.002
6.2798,6.3113
6.2798,6.0188
6.2798,5.2847
-8.1873,-7.8989
-8.1873,-9.0503
-8.1873,-7.6232
-8.1873,-8.3763
5.3937,6.1757
5.3937,4.9619
5.3937,5.8828
5.3937,4.5382
5.3937,5.764
-5.2999,-5.4168
-5.2999,-5.953
-4.7531,-5.3787
-4.7531,-5.5399
-4.7531,-4.5819
-4.7531,-4.4937
-4.7531,-5.5157
-4.7531,-5.3005
-4.7531,-4.3462
-4.7531,-5.2463
-4.7531,-5.1331
-4.7531,-4.9166
-4.7531,-4.4813
-4.7531,-5.6192
-5.1037,-4.5353
-5.1037,-5.3005
-5.1037,-5.5042
-5.1037,-4.9166
-5.1037,-4.6702
-5.1037,-5.4479
-6.1722,-5.3787
-6.1722,-5.5157
-6.1722,-5.6192
-6.1722,-6.2565
-2.0522,-3.0232
-2.0522,-2.747
-2.0522,-2.2736
-2.0522,-1.3649
-2.0522,-2.3152
-2.0522,-1.6275
7.0373,7.8878
7.0373,7.3622
7.0373,6.7001
7.0373,7.4528
7.0373,6.3211
-1.5112,-2.2736
-1.5112,-1.3649
-1.5112,-2.3152
-1.5112,-1.5486
-1.5112,-1.7662
-1.5112,-0.79519
-1.5112,-0.96649
-6.2565,-5.5399
-6.2565,-5.3005
-6.2565,-6.1211
-6.2565,-5.6192
-6.2565,-6.1722
0.1082,-0.63283
0.1082,-0.14757
0.1082,-0.705
0.1082,0.091986
0.1082,-0.21491
3.6883,3.9305
3.6883,2.8694
3.6883,3.2063
-1.8186,-1.7497
-1.8186,-1.5799
-1.8186,-1.741
-1.8186,-0.90145
-1.8186,-2.4972
-1.8186,-2.6534
-1.8186,-2.4384
-1.8186,-1.7218
-1.8186,-2.5725
-1.8186,-0.93014
-1.8186,-1.4807
-1.8186,-1.8514
4.4337,4.046
4.4337,4.5464
4.4337,3.6857
4.4337,5.186
4.4337,4.8982
4.4337,5.1182
-0.96649,-1.3649
-0.96649,-0.39321
-0.96649,-1.6275
-0.96649,-0.79519
-0.96649,-0.77503
-0.96649,-1.5112
-6.1673,-5.4168
-6.1673,-6.5127
-6.1673,-5.4303
-6.1673,-5.953
-6.1673,-5.6703
-6.1673,-6.5317
-3.703,-4.5819
-3.703,-3.8509
-3.703,-3.5408
-3.703,-2.9232
-3.703,-4.1547
-3.703,-4.3462
-3.703,-4.4813
-3.703,-3.3598
-3.703,-3.6827
4.8023,4.9619
4.8023,5.6216
4.8023,4.0245
4.8023,4.4476
0.091986,0.79164
0.091986,-0.14757
0.091986,-0.705
0.091986,0.1082
-3.4398,-2.6534
-3.4398,-2.4384
-3.4398,-2.7029
-3.4398,-2.5725
-3.4398,-3.3764
-3.4398,-3.4836
6.3211,6.4633
6.3211,5.8828
6.3211,6.7001
6.3211,6.9772
6.3211,7.0373
-0.21491,-0.63283
-0.21491,-0.72987
-0.21491,-0.705
-0.21491,0.1082
-9.8289,-10
9.5059,10
