2.2146,2.5205
2.2146,2.9921
2.2146,1.9432
2.2146,2.4808
2.2146,2.9633
-3.6031,-3.1885
-3.6031,-3.648
-3.6031,-2.8298
-3.6031,-4.5482
-3.6031,-4.3255
-3.6031,-3.9046
-3.6031,-3.9817
-3.6031,-2.6641
-4.8821,-4.5482
-4.8821,-4.3255
-4.8821,-4.7902
-4.8821,-5.8409
-4.8821,-4.7967
-4.8821,-5.6752
-4.8821,-5.5427
-4.8821,-3.9817
-4.8821,-5.3766
-3.1885,-3.6031
-3.1885,-2.8298
-3.1885,-2.6068
-3.1885,-3.8162
-3.1885,-2.4175
-3.1885,-3.9046
-3.1885,-3.9817
-3.1885,-2.6641
3.4816,3.2052
3.4816,3.6905
3.4816,4.2931
3.4816,4.1973
3.56,3.1142
3.56,3.7364
3.56,2.8495
3.56,4.0806
3.56,3.5345
3.933,3.1142
3.933,4.0447
3.933,3.2934
3.933,4.595
3.933,3.3567
3.933,3.7364
3.933,4.5038
3.933,3.6999
3.933,4.1012
3.933,3.5345
-4.5776,-4.7902
-4.5776,-5.2223
-4.5776,-4.7967
-4.5776,-4.3408
-4.5776,-5.5427
-4.5776,-3.8162
-4.5776,-3.9046
6.5447,6.8747
6.5447,6.0343
6.5447,5.6193
3.3058,4.0447
3.3058,3.2934
3.3058,2.5205
3.3058,2.9921
3.3058,3.3567
3.3058,2.6512
3.3058,3.6999
3.3058,2.9633
3.3058,3.7554
4.4686,4.5321
4.4686,3.9523
4.4686,4.2106
4.4686,5.0156
4.4686,5.428
4.4686,4.7533
4.4686,3.9093
4.4686,4.627
4.4686,5.1141
4.4686,3.9921
-6.6417,-5.8409
-6.6417,-5.6752
-6.6417,-6.2678
-3.648,-3.6031
-3.648,-2.9114
-3.648,-2.8298
-3.648,-4.5482
-3.648,-4.3255
-3.648,-2.7399
-0.87378,-1.7186
-0.87378,-0.97195
-0.87378,-1.6357
-0.87378,-1.5214
-0.87378,-0.82407
-0.87378,-0.7514
-0.87378,-1.788
-0.87378,-1.0064
-0.87378,-0.8139
-0.87378,-1.7814
-0.87378,0.051321
-0.87378,-0.029975
-2.5614,-2.4202
-2.5614,-2.6435
-2.5614,-2.8546
-2.5614,-1.788
-2.5614,-2.5701
-2.5614,-1.9293
-2.5614,-3.0396
-2.5614,-1.6458
-2.5614,-3.5429
6.8218,6.1847
3.1142,3.56
3.1142,3.933
3.1142,3.2934
3.1142,2.9921
3.1142,3.7364
3.1142,2.4808
3.1142,2.8761
3.1142,2.8495
3.1142,3.5345
4.4516,5.017
4.4516,4.7533
4.0447,3.933
4.0447,3.3058
4.0447,3.2934
4.0447,4.595
4.0447,3.3567
4.0447,3.6999
4.0447,3.7554
-1.7186,-0.87378
-1.7186,-1.6357
-1.7186,-1.5214
-1.7186,-2.4202
-1.7186,-2.6435
-1.7186,-1.788
-1.7186,-2.5701
-1.7186,-1.8174
-1.7186,-1.0064
-1.7186,-1.7814
-1.7186,-1.6458
-5.6212,-5.2223
-5.6212,-4.7967
-5.6212,-5.6752
-5.6212,-5.5427
-5.6212,-6.2678
-2.9114,-3.648
-2.9114,-2.8298
-2.9114,-2.416
-2.9114,-2.7399
-2.9114,-1.9967
-2.9114,-2.6068
-2.9114,-2.0042
-6.2209,-5.5055
-6.2209,-5.829
-6.2209,-6.0116
-6.2209,-6.1668
-4.8537,-4.5599
-4.8537,-4.7446
-4.8537,-4.3373
-4.8537,-3.9811
-4.8537,-5.6085
-4.8537,-5.5322
-4.8537,-4.9334
-4.8537,-4.5247
-4.8537,-4.4589
-4.8537,-5.7813
-4.8537,-5.2864
-4.8537,-5.1885
4.5135,3.9182
4.5135,4.5321
4.5135,4.9599
4.5135,3.9093
4.5135,3.6138
4.5135,4.2931
4.5135,4.627
-0.97195,-0.87378
-0.97195,-0.076992
-0.97195,-1.0064
-0.97195,-0.8139
-0.97195,-1.9293
-0.97195,-1.6458
-2.8298,-3.6031
-2.8298,-3.1885
-2.8298,-3.648
-2.8298,-2.9114
-2.8298,-2.7399
-2.8298,-2.6068
-2.8298,-2.4175
-2.8298,-2.6641
-2.8298,-2.0042
3.9182,4.5135
3.9182,3.2052
3.9182,3.9093
3.9182,3.6138
3.9182,3.5584
3.9182,4.2931
3.9182,4.627
-8.4712,-8.2736
-8.4712,-8.1529
-8.4712,-9.0214
3.2934,3.933
3.2934,3.3058
3.2934,3.1142
3.2934,4.0447
3.2934,2.9921
3.2934,3.3567
3.2934,3.7364
3.2934,2.4808
3.2934,2.8761
3.2934,3.6999
3.2934,4.1012
3.2934,3.5345
-5.5055,-6.2209
-5.5055,-4.9756
-5.5055,-5.1205
-5.5055,-5.829
-5.5055,-5.2087
-5.5055,-6.0116
4.5321,4.4686
4.5321,4.5135
4.5321,4.2106
4.5321,5.428
4.5321,3.9093
4.5321,3.5584
4.5321,4.627
4.5321,5.1141
0.93671,-0.029975
-1.6357,-0.87378
-1.6357,-1.7186
-1.6357,-1.5214
-1.6357,-0.82407
-1.6357,-2.4202
-1.6357,-0.7514
-1.6357,-1.788
-1.6357,-2.5701
-1.6357,-1.8174
-1.6357,-1.0064
-1.6357,-1.7814
-1.6357,-1.6458
7.367,7.9022
7.367,6.9735
7.367,7.7241
7.367,6.5457
7.367,6.8234
5.6861,5.3686
5.6861,6.3593
5.6861,4.9492
5.6861,5.4281
5.6861,5.9772
5.6861,5.9709
5.6861,6.3964
3.2052,3.4816
3.2052,3.9182
3.2052,3.6138
3.2052,2.7805
7.9022,7.367
7.9022,6.9735
7.9022,7.7241
4.1254,4.9492
4.1254,3.6905
4.1254,4.6078
4.1254,4.1973
4.1254,4.5602
4.1254,4.978
-4.9756,-5.5055
-4.9756,-4.3082
-4.9756,-5.829
-4.9756,-5.2087
-4.9756,-4.484
2.5205,2.2146
2.5205,3.3058
2.5205,2.9921
2.5205,3.3567
2.5205,2.4808
2.5205,2.8761
2.5205,2.6512
2.5205,2.9633
-1.5214,-0.87378
-1.5214,-1.7186
-1.5214,-1.6357
-1.5214,-0.82407
-1.5214,-0.7514
-1.5214,-1.8174
-1.5214,-1.7814
-1.5214,-2.4275
-1.5214,-0.79852
-9.1342,-9.9991
6.8747,6.5447
6.8747,6.0343
6.8747,6.1847
3.9523,4.4686
3.9523,3.148
3.9523,3.3921
3.9523,4.2106
3.9523,4.7533
3.9523,3.9921
6.0343,6.5447
6.0343,6.8747
6.0343,5.7764
6.0343,5.8359
6.0343,5.6193
6.0343,6.1847
-4.5599,-4.8537
-4.5599,-5.1205
-4.5599,-4.7446
-4.5599,-4.1108
-4.5599,-3.9811
-4.5599,-5.5322
-4.5599,-4.9334
-4.5599,-4.8479
-4.5599,-4.2035
-4.5599,-4.4589
-4.5599,-3.9304
-4.5599,-5.3408
-4.5599,-5.1885
-4.5482,-3.6031
-4.5482,-4.8821
-4.5482,-3.648
-4.5482,-4.3255
-4.5482,-3.9817
-4.5482,-5.3766
-2.416,-2.9114
-2.416,-2.7399
-2.416,-1.9967
-2.416,-2.0042
-0.82407,-0.87378
-0.82407,-1.6357
-0.82407,-1.5214
-0.82407,-0.7514
-0.82407,-1.0064
-0.82407,-1.7814
-0.82407,0.051321
-0.82407,-0.79852
5.3686,5.6861
5.3686,5.5525
5.3686,4.6078
5.3686,5.9772
5.3686,5.9709
5.3686,4.849
5.3686,5.9346
-4.3255,-3.6031
-4.3255,-4.8821
-4.3255,-3.648
-4.3255,-4.5482
-4.3255,-4.7902
-4.3255,-3.9046
-4.3255,-3.9817
6.3593,5.6861
6.3593,5.4281
6.3593,6.7528
6.3593,5.9709
-6.3613,-5.6085
-2.4202,-2.5614
-2.4202,-1.7186
-2.4202,-1.6357
-2.4202,-2.6435
-2.4202,-2.8546
-2.4202,-1.788
-2.4202,-2.5701
-2.4202,-2.7685
-2.4202,-2.5702
-2.4202,-1.7814
-2.4202,-1.9293
-2.4202,-1.6458
-2.6435,-2.5614
-2.6435,-1.7186
-2.6435,-2.4202
-2.6435,-2.8546
-2.6435,-1.788
-2.6435,-2.5701
-2.6435,-2.7685
-2.6435,-2.5702
-2.6435,-3.5919
3.148,3.9523
3.148,3.3921
3.148,3.5584
-4.7902,-4.8821
-4.7902,-4.5776
-4.7902,-4.3255
-4.7902,-4.7967
-4.7902,-5.6752
-4.7902,-5.5427
-4.7902,-3.9046
-4.7902,-3.9817
4.595,3.933
4.595,4.0447
4.595,4.5038
4.595,3.6999
2.9921,2.2146
2.9921,3.3058
2.9921,3.1142
2.9921,3.2934
2.9921,2.5205
2.9921,3.3567
2.9921,2.4808
2.9921,2.8761
2.9921,3.6999
2.9921,2.9633
2.9921,3.5345
5.7764,6.0343
5.7764,5.0156
5.7764,5.8359
5.7764,5.017
5.7764,5.1141
5.7764,5.6193
5.7764,6.1847
-1.8098,-1.0425
-1.8098,-1.9967
-1.8098,-2.6068
-1.8098,-1.7827
-1.8098,-1.2015
-1.8098,-2.4175
-1.8098,-2.6641
-1.8098,-2.0042
-1.8098,-1.8305
4.9492,5.6861
4.9492,4.1254
4.9492,5.4281
4.9492,4.6078
4.9492,4.5602
4.9492,4.978
-5.8409,-4.8821
-5.8409,-6.6417
-5.8409,-5.6752
-5.8409,-5.5427
-5.8409,-5.3766
3.3921,3.9523
3.3921,3.148
3.3921,4.2106
3.3921,3.9093
3.3921,3.5584
3.3921,2.7805
7.1058,6.7528
7.1058,7.7241
7.1058,6.5457
7.1058,6.3964
7.1058,6.8234
-5.1205,-5.5055
-5.1205,-4.5599
-5.1205,-5.8355
-5.1205,-4.3082
-5.1205,-5.829
-5.1205,-5.2087
-5.1205,-6.0116
-5.1205,-5.5322
-5.1205,-4.9334
-5.1205,-4.8479
-5.1205,-4.2035
-5.1205,-5.3408
-5.1205,-5.1885
5.2038,4.5602
5.2038,4.978
-1.3633,-1.9967
-1.3633,-1.2015
-5.8355,-5.1205
-5.8355,-6.0116
-5.8355,-5.6085
-5.8355,-5.5322
-5.8355,-4.9334
-5.8355,-5.7813
-5.8355,-6.1668
-5.8355,-5.3408
-5.8355,-6.6635
-5.8355,-5.1885
-9.017,-8.1529
-9.017,-9.4684
-9.017,-9.0214
5.4281,5.6861
5.4281,6.3593
5.4281,4.9492
5.4281,4.6078
5.4281,5.9709
5.4281,4.5602
5.4281,4.978
-5.2223,-4.5776
-5.2223,-5.6212
-5.2223,-4.3408
-2.7399,-3.648
-2.7399,-2.9114
-2.7399,-2.8298
-2.7399,-2.416
-2.7399,-1.9967
-2.7399,-2.6068
-2.7399,-1.7827
-2.7399,-2.6641
-2.7399,-2.0042
-1.0425,-1.8098
-1.0425,-0.85447
-1.0425,-1.8305
6.7528,6.3593
6.7528,7.1058
6.7528,5.9772
6.7528,5.9709
6.7528,6.3964
4.2106,4.4686
4.2106,4.5321
4.2106,3.9523
4.2106,3.3921
4.2106,5.0156
4.2106,4.7533
4.2106,3.9093
4.2106,3.5584
4.2106,4.627
4.2106,5.1141
4.2106,3.9921
5.0156,4.4686
5.0156,5.7764
5.0156,4.2106
5.0156,5.8359
5.0156,5.428
5.0156,5.017
5.0156,4.7533
5.0156,5.1141
4.9599,4.5135
4.9599,4.2931
4.9599,4.627
1.9432,2.2146
1.9432,2.4808
1.9432,2.8761
5.8359,6.0343
5.8359,5.7764
5.8359,5.0156
5.8359,5.428
5.8359,5.1141
5.8359,6.1847
-4.3082,-4.9756
-4.3082,-5.1205
-4.3082,-4.1108
-4.3082,-5.2087
-4.3082,-4.8479
-4.3082,-4.2035
-4.3082,-3.9304
-4.3082,-4.484
-3.5973,-4.3373
-3.5973,-3.455
-3.5973,-3.9811
-3.5973,-4.2035
-3.5973,-4.4589
-3.5973,-3.9304
-0.076992,-0.97195
-0.076992,-0.8139
-0.076992,-0.029975
-1.9967,-2.9114
-1.9967,-2.416
-1.9967,-1.8098
-1.9967,-1.3633
-1.9967,-2.7399
-1.9967,-1.7827
-1.9967,-1.2015
-1.9967,-2.0042
5.5525,5.3686
5.5525,6.2607
5.5525,5.9772
5.5525,4.849
5.5525,5.9346
-4.7446,-4.8537
-4.7446,-4.5599
-4.7446,-4.3373
-4.7446,-3.9811
-4.7446,-5.5322
-4.7446,-4.9334
-4.7446,-4.8479
-4.7446,-4.2035
-4.7446,-4.4589
-4.7446,-5.2864
-4.7446,-5.1885
-5.829,-6.2209
-5.829,-5.5055
-5.829,-4.9756
-5.829,-5.1205
-5.829,-5.2087
-5.829,-6.0116
-5.829,-5.3408
-3.4173,-2.7685
-3.4173,-2.5702
-3.4173,-3.5919
5.428,4.4686
5.428,4.5321
5.428,5.0156
5.428,5.8359
5.428,5.5776
5.428,4.627
5.428,5.1141
5.428,6.1847
-4.1108,-4.5599
-4.1108,-4.3082
-4.1108,-3.455
-4.1108,-4.8479
-4.1108,-4.2035
-4.1108,-3.9304
-4.1108,-4.484
-5.2087,-5.5055
-5.2087,-4.9756
-5.2087,-5.1205
-5.2087,-4.3082
-5.2087,-5.829
-5.2087,-6.0116
-5.2087,-5.5322
-5.2087,-4.9334
-5.2087,-4.8479
-5.2087,-5.3408
-5.2087,-4.484
-2.8546,-2.5614
-2.8546,-2.4202
-2.8546,-2.6435
-2.8546,-2.5701
-2.8546,-2.7685
-2.8546,-2.5702
-2.8546,-3.5919
-2.8546,-3.0396
-2.8546,-3.5429
3.3567,3.933
3.3567,3.3058
3.3567,4.0447
3.3567,3.2934
3.3567,2.5205
3.3567,2.9921
3.3567,2.4808
3.3567,2.8761
3.3567,3.6999
3.3567,2.9633
-0.7514,-0.87378
-0.7514,-1.6357
-0.7514,-1.5214
-0.7514,-0.82407
-0.7514,-1.0064
-0.7514,-0.8139
-0.7514,0.051321
-0.7514,-0.029975
-0.7514,-0.79852
3.7364,3.56
3.7364,3.933
3.7364,3.1142
3.7364,3.2934
3.7364,4.5038
3.7364,2.8761
3.7364,4.1012
3.7364,2.8495
3.7364,4.0806
3.7364,3.5345
-1.788,-0.87378
-1.788,-2.5614
-1.788,-1.7186
-1.788,-1.6357
-1.788,-2.4202
-1.788,-2.6435
-1.788,-2.5701
-1.788,-1.0064
-1.788,-0.8139
-1.788,-1.7814
-1.788,-1.9293
-1.788,-1.6458
4.5038,3.933
4.5038,4.595
4.5038,3.7364
4.5038,4.1012
4.5038,4.6553
3.6905,3.4816
3.6905,4.1254
3.6905,4.5602
5.017,4.4516
5.017,5.7764
5.017,5.0156
5.017,4.7533
5.017,5.1141
5.017,5.6193
-4.3373,-4.8537
-4.3373,-3.5973
-4.3373,-4.7446
-4.3373,-3.9811
-4.3373,-4.5247
-4.3373,-4.4589
-4.3373,-5.2864
-3.455,-3.5973
-3.455,-4.1108
-3.455,-4.2035
-3.455,-3.9304
-9.8158,-9.4684
-9.8158,-9.0214
-8.2736,-8.4712
-8.2736,-9.2266
5.5776,5.428
5.5776,4.627
5.5776,5.1141
4.7533,4.4686
4.7533,4.4516
4.7533,3.9523
4.7533,4.2106
4.7533,5.0156
4.7533,5.017
4.7533,5.1141
4.7533,3.9921
-2.5701,-2.5614
-2.5701,-1.7186
-2.5701,-1.6357
-2.5701,-2.4202
-2.5701,-2.6435
-2.5701,-2.8546
-2.5701,-1.788
-2.5701,-2.7685
-2.5701,-2.5702
-2.5701,-1.7814
-2.5701,-2.4275
-2.7685,-2.4202
-2.7685,-2.6435
-2.7685,-3.4173
-2.7685,-2.8546
-2.7685,-2.5701
-2.7685,-2.5702
-2.7685,-3.5919
-2.7685,-1.7814
-2.7685,-2.4275
6.9735,7.367
6.9735,7.9022
6.9735,6.2607
6.9735,6.5457
6.2607,5.5525
6.2607,6.9735
6.2607,6.5457
6.2607,6.8234
6.2607,5.9346
-2.5702,-2.4202
-2.5702,-2.6435
-2.5702,-3.4173
-2.5702,-2.8546
-2.5702,-2.5701
-2.5702,-2.7685
-2.5702,-1.8174
-2.5702,-1.7814
-2.5702,-2.4275
-4.7967,-4.8821
-4.7967,-4.5776
-4.7967,-5.6212
-4.7967,-4.7902
-4.7967,-5.6752
-4.7967,-4.3408
-4.7967,-5.5427
-4.7967,-3.8162
-4.7967,-3.9046
-6.0116,-6.2209
-6.0116,-5.5055
-6.0116,-5.1205
-6.0116,-5.8355
-6.0116,-5.829
-6.0116,-5.2087
-6.0116,-5.5322
-6.0116,-6.1668
-6.0116,-5.3408
-3.9811,-4.8537
-3.9811,-4.5599
-3.9811,-3.5973
-3.9811,-4.7446
-3.9811,-4.3373
-3.9811,-4.2035
-3.9811,-4.5247
-3.9811,-4.4589
-3.9811,-3.9304
4.6078,4.1254
4.6078,5.3686
4.6078,4.9492
4.6078,5.4281
4.6078,4.5602
4.6078,4.849
3.9093,4.4686
3.9093,4.5135
3.9093,3.9182
3.9093,4.5321
3.9093,3.3921
3.9093,4.2106
3.9093,3.6138
3.9093,3.5584
3.9093,4.627
-5.6085,-4.8537
-5.6085,-6.3613
-5.6085,-5.8355
-5.6085,-5.5322
-5.6085,-5.7813
-5.6085,-5.2864
-5.6085,-5.1885
5.9772,5.6861
5.9772,5.3686
5.9772,6.7528
5.9772,5.5525
5.9772,5.9709
5.9772,6.3964
5.9772,5.9346
-3.5919,-2.6435
-3.5919,-3.4173
-3.5919,-2.8546
-3.5919,-2.7685
-3.5919,-3.5429
-5.6752,-4.8821
-5.6752,-6.6417
-5.6752,-5.6212
-5.6752,-4.7902
-5.6752,-5.8409
-5.6752,-4.7967
-5.6752,-5.5427
3.6138,4.5135
3.6138,3.9182
3.6138,3.2052
3.6138,3.9093
3.6138,3.5584
3.6138,4.2931
3.6138,2.7805
2.4808,2.2146
2.4808,3.1142
2.4808,3.2934
2.4808,2.5205
2.4808,2.9921
2.4808,1.9432
2.4808,3.3567
2.4808,2.8761
2.4808,2.8495
-1.8174,-1.7186
-1.8174,-1.6357
-1.8174,-1.5214
-1.8174,-2.5702
-1.8174,-1.7814
-1.8174,-2.4275
-5.5322,-4.8537
-5.5322,-4.5599
-5.5322,-5.1205
-5.5322,-5.8355
-5.5322,-4.7446
-5.5322,-5.2087
-5.5322,-6.0116
-5.5322,-5.6085
-5.5322,-4.9334
-5.5322,-4.8479
-5.5322,-5.7813
-5.5322,-6.1668
-5.5322,-5.3408
-5.5322,-5.1885
-1.0064,-0.87378
-1.0064,-1.7186
-1.0064,-0.97195
-1.0064,-1.6357
-1.0064,-0.82407
-1.0064,-0.7514
-1.0064,-1.788
-1.0064,-0.8139
-1.0064,-1.6458
-1.0064,-0.029975
-8.1529,-8.4712
-8.1529,-9.017
2.8761,3.1142
2.8761,3.2934
2.8761,2.5205
2.8761,2.9921
2.8761,1.9432
2.8761,3.3567
2.8761,3.7364
2.8761,2.4808
2.8761,3.6999
2.8761,2.8495
2.8761,3.5345
7.7241,7.367
7.7241,7.9022
7.7241,7.1058
7.7241,6.8234
-0.8139,-0.87378
-0.8139,-0.97195
-0.8139,-0.076992
-0.8139,-0.7514
-0.8139,-1.788
-0.8139,-1.0064
-0.8139,-1.6458
-0.8139,-0.029975
5.9709,5.6861
5.9709,5.3686
5.9709,6.3593
5.9709,5.4281
5.9709,6.7528
5.9709,5.9772
5.9709,6.3964
-0.85447,-1.0425
-0.85447,-1.7827
-0.85447,-1.2015
-1.7814,-0.87378
-1.7814,-1.7186
-1.7814,-1.6357
-1.7814,-1.5214
-1.7814,-0.82407
-1.7814,-2.4202
-1.7814,-1.788
-1.7814,-2.5701
-1.7814,-2.7685
-1.7814,-2.5702
-1.7814,-1.8174
-1.7814,-2.4275
-4.9334,-4.8537
-4.9334,-4.5599
-4.9334,-5.1205
-4.9334,-5.8355
-4.9334,-4.7446
-4.9334,-5.2087
-4.9334,-5.5322
-4.9334,-4.8479
-4.9334,-4.2035
-4.9334,-4.4589
-4.9334,-5.7813
-4.9334,-5.3408
-4.9334,-5.1885
-9.9991,-9.1342
-2.4275,-1.5214
-2.4275,-2.5701
-2.4275,-2.7685
-2.4275,-2.5702
-2.4275,-1.8174
-2.4275,-1.7814
3.5584,3.9182
3.5584,4.5321
3.5584,3.148
3.5584,3.3921
3.5584,4.2106
3.5584,3.9093
3.5584,3.6138
3.5584,2.7805
2.6512,3.3058
2.6512,2.5205
2.6512,2.9633
-4.8479,-4.5599
-4.8479,-5.1205
-4.8479,-4.3082
-4.8479,-4.7446
-4.8479,-4.1108
-4.8479,-5.2087
-4.8479,-5.5322
-4.8479,-4.9334
-4.8479,-4.2035
-4.8479,-4.4589
-4.8479,-3.9304
-4.8479,-5.3408
-4.8479,-5.1885
-4.8479,-4.484
-4.2035,-4.5599
-4.2035,-5.1205
-4.2035,-4.3082
-4.2035,-3.5973
-4.2035,-4.7446
-4.2035,-4.1108
-4.2035,-3.455
-4.2035,-3.9811
-4.2035,-4.9334
-4.2035,-4.8479
-4.2035,-4.4589
-4.2035,-3.9304
4.2931,3.4816
4.2931,4.5135
4.2931,3.9182
4.2931,4.9599
4.2931,3.6138
4.2931,4.1973
-9.2266,-8.2736
-9.2266,-9.0214
-4.5247,-4.8537
-4.5247,-4.3373
-4.5247,-3.9811
-4.5247,-5.2864
3.6999,3.933
3.6999,3.3058
3.6999,4.0447
3.6999,3.2934
3.6999,4.595
3.6999,2.9921
3.6999,3.3567
3.6999,2.8761
3.6999,4.1012
3.6999,2.9633
3.6999,3.7554
4.1012,3.933
4.1012,3.2934
4.1012,3.7364
4.1012,4.5038
4.1012,3.6999
4.1012,4.0806
4.1012,3.5345
4.1012,4.6553
-2.6068,-3.1885
-2.6068,-2.9114
-2.6068,-2.8298
-2.6068,-1.8098
-2.6068,-2.7399
-2.6068,-1.7827
-2.6068,-2.4175
-2.6068,-2.6641
-2.6068,-2.0042
-2.6068,-1.8305
-1.7827,-1.8098
-1.7827,-2.7399
-1.7827,-1.9967
-1.7827,-0.85447
-1.7827,-2.6068
-1.7827,-1.2015
-1.7827,-2.0042
-1.7827,-1.8305
4.1973,3.4816
4.1973,4.1254
4.1973,4.2931
4.1973,4.5602
4.1973,4.978
2.8495,3.56
2.8495,3.1142
2.8495,3.7364
2.8495,2.4808
2.8495,2.8761
2.8495,3.5345
-4.4589,-4.8537
-4.4589,-4.5599
-4.4589,-3.5973
-4.4589,-4.7446
-4.4589,-4.3373
-4.4589,-3.9811
-4.4589,-4.9334
-4.4589,-4.8479
-4.4589,-4.2035
-4.4589,-3.9304
-4.4589,-5.1885
-9.4684,-9.017
-9.4684,-9.8158
-9.4684,-9.0214
-4.3408,-4.5776
-4.3408,-5.2223
-4.3408,-4.7967
-4.3408,-3.8162
-5.5427,-4.8821
-5.5427,-4.5776
-5.5427,-5.6212
-5.5427,-4.7902
-5.5427,-5.8409
-5.5427,-4.7967
-5.5427,-5.6752
-5.5427,-6.2678
-1.2015,-1.8098
-1.2015,-1.3633
-1.2015,-1.9967
-1.2015,-0.85447
-1.2015,-1.7827
-1.2015,-2.0042
-5.7813,-4.8537
-5.7813,-5.8355
-5.7813,-5.6085
-5.7813,-5.5322
-5.7813,-4.9334
-5.7813,-6.1668
-5.7813,-5.3408
-5.7813,-5.2864
-5.7813,-6.6635
-5.7813,-5.1885
-1.9293,-2.5614
-1.9293,-0.97195
-1.9293,-2.4202
-1.9293,-1.788
-1.9293,-1.6458
-3.8162,-3.1885
-3.8162,-4.5776
-3.8162,-4.7967
-3.8162,-4.3408
-3.8162,-3.9046
-3.8162,-3.9817
4.0806,3.56
4.0806,3.7364
4.0806,4.1012
4.0806,3.5345
4.0806,4.6553
4.627,4.4686
4.627,4.5135
4.627,3.9182
4.627,4.5321
4.627,4.2106
4.627,4.9599
4.627,5.428
4.627,5.5776
4.627,3.9093
4.627,5.1141
2.9633,2.2146
2.9633,3.3058
2.9633,2.5205
2.9633,2.9921
2.9633,3.3567
2.9633,2.6512
2.9633,3.6999
2.9633,3.7554
-3.9304,-4.5599
-3.9304,-4.3082
-3.9304,-3.5973
-3.9304,-4.1108
-3.9304,-3.455
-3.9304,-3.9811
-3.9304,-4.8479
-3.9304,-4.2035
-3.9304,-4.4589
5.1141,4.4686
5.1141,4.5321
5.1141,5.7764
5.1141,4.2106
5.1141,5.0156
5.1141,5.8359
5.1141,5.428
5.1141,5.017
5.1141,5.5776
5.1141,4.7533
5.1141,4.627
6.5457,7.367
6.5457,7.1058
6.5457,6.9735
6.5457,6.2607
6.5457,6.8234
6.5457,5.9346
4.5602,4.1254
4.5602,4.9492
4.5602,5.2038
4.5602,5.4281
4.5602,3.6905
4.5602,4.6078
4.5602,4.1973
4.5602,4.978
5.6193,6.5447
5.6193,6.0343
5.6193,5.7764
5.6193,5.017
-3.0396,-2.5614
-3.0396,-2.8546
-3.0396,-3.5429
-6.1668,-6.2209
-6.1668,-5.8355
-6.1668,-6.0116
-6.1668,-5.5322
-6.1668,-5.7813
-6.1668,-5.3408
-6.1668,-6.6635
3.5345,3.56
3.5345,3.933
3.5345,3.1142
3.5345,3.2934
3.5345,2.9921
3.5345,3.7364
3.5345,2.8761
3.5345,4.1012
3.5345,2.8495
3.5345,4.0806
-7.1485,-6.2678
-2.4175,-3.1885
-2.4175,-2.8298
-2.4175,-1.8098
-2.4175,-2.6068
-2.4175,-2.6641
-2.4175,-1.8305
6.3964,5.6861
6.3964,7.1058
6.3964,6.7528
6.3964,5.9772
6.3964,5.9709
6.3964,6.8234
6.3964,5.9346
-3.9046,-3.6031
-3.9046,-3.1885
-3.9046,-4.5776
-3.9046,-4.3255
-3.9046,-4.7902
-3.9046,-4.7967
-3.9046,-3.8162
-3.9046,-3.9817
-6.2678,-6.6417
-6.2678,-5.6212
-6.2678,-5.5427
-6.2678,-7.1485
4.6553,4.5038
4.6553,4.1012
4.6553,4.0806
6.1847,6.8218
6.1847,6.8747
6.1847,6.0343
6.1847,5.7764
6.1847,5.8359
6.1847,5.428
-9.0214,-8.4712
-9.0214,-9.017
-9.0214,-9.8158
-9.0214,-9.2266
-9.0214,-9.4684
4.849,5.3686
4.849,5.5525
4.849,4.6078
-3.9817,-3.6031
-3.9817,-4.8821
-3.9817,-3.1885
-3.9817,-4.5482
-3.9817,-4.3255
-3.9817,-4.7902
-3.9817,-3.8162
-3.9817,-3.9046
-5.3408,-4.5599
-5.3408,-5.1205
-5.3408,-5.8355
-5.3408,-5.829
-5.3408,-5.2087
-5.3408,-6.0116
-5.3408,-5.5322
-5.3408,-4.9334
-5.3408,-4.8479
-5.3408,-5.7813
-5.3408,-6.1668
-5.3408,-5.1885
-5.2864,-4.8537
-5.2864,-4.7446
-5.2864,-4.3373
-5.2864,-5.6085
-5.2864,-4.5247
-5.2864,-5.7813
-5.2864,-5.1885
-6.6635,-5.8355
-6.6635,-5.7813
-6.6635,-6.1668
-2.6641,-3.6031
-2.6641,-3.1885
-2.6641,-2.8298
-2.6641,-1.8098
-2.6641,-2.7399
-2.6641,-2.6068
-2.6641,-2.4175
-2.6641,-1.8305
6.8234,7.367
6.8234,7.1058
6.8234,6.2607
6.8234,7.7241
6.8234,6.5457
6.8234,6.3964
6.8234,5.9346
-2.0042,-2.9114
-2.0042,-2.8298
-2.0042,-2.416
-2.0042,-1.8098
-2.0042,-2.7399
-2.0042,-1.9967
-2.0042,-2.6068
-2.0042,-1.7827
-2.0042,-1.2015
-2.0042,-1.8305
-5.1885,-4.8537
-5.1885,-4.5599
-5.1885,-5.1205
-5.1885,-5.8355
-5.1885,-4.7446
-5.1885,-5.6085
-5.1885,-5.5322
-5.1885,-4.9334
-5.1885,-4.8479
-5.1885,-4.4589
-5.1885,-5.7813
-5.1885,-5.3408
-5.1885,-5.2864
0.051321,-0.87378
0.051321,-0.82407
0.051321,-0.7514
0.051321,-0.029975
2.7805,3.2052
2.7805,3.3921
2.7805,3.6138
2.7805,3.5584
3.7554,3.3058
3.7554,4.0447
3.7554,3.6999
3.7554,2.9633
-1.6458,-2.5614
-1.6458,-1.7186
-1.6458,-0.97195
-1.6458,-1.6357
-1.6458,-2.4202
-1.6458,-1.788
-1.6458,-1.0064
-1.6458,-0.8139
-1.6458,-1.9293
3.9921,4.4686
3.9921,3.9523
3.9921,4.2106
3.9921,4.7533
-1.8305,-1.8098
-1.8305,-1.0425
-1.8305,-2.6068
-1.8305,-1.7827
-1.8305,-2.4175
-1.8305,-2.6641
-1.8305,-2.0042
-5.3766,-4.8821
-5.3766,-4.5482
-5.3766,-5.8409
-4.484,-4.9756
-4.484,-4.3082
-4.484,-4.1108
-4.484,-5.2087
-4.484,-4.8479
4.978,4.1254
4.978,4.9492
4.978,5.2038
4.978,5.4281
4.978,4.1973
4.978,4.5602
-0.029975,-0.87378
-0.029975,0.93671
-0.029975,-0.076992
-0.029975,-0.7514
-0.029975,-1.0064
-0.029975,-0.8139
-0.029975,0.051321
-3.5429,-2.5614
-3.5429,-2.8546
-3.5429,-3.5919
-3.5429,-3.0396
5.9346,5.3686
5.9346,5.5525
5.9346,6.2607
5.9346,5.9772
5.9346,6.5457
5.9346,6.3964
5.9346,6.8234
-0.79852,-1.5214
-0.79852,-0.82407
-0.79852,-0.7514
-9.8158,-10
9.8978,10
-9.4684,-10
9.8978,10
