-0.46273,-0.56699
-0.46273,-0.82986
-0.46273,-1.0912
-0.46273,0.48436
-0.46273,-0.91001
-0.46273,-0.7958
-0.46273,0.14235
-0.46273,0.12302
-0.46273,-0.17012
-0.46273,0.22347
-0.46273,-0.64109
-0.46273,-1.1458
-0.46273,-0.44948
-0.46273,0.073292
-0.46273,-0.34631
-0.46273,-0.11203
-0.46273,-1.1142
-0.46273,-0.23013
-0.46273,-0.24826
-8.0486,-7.8529
-8.0486,-8.3331
-8.0486,-7.4107
-8.0486,-8.6322
-8.0486,-7.553
-6.9479,-6.9243
-6.9479,-6.4642
-6.9479,-6.446
-6.9479,-7.1094
-6.9479,-7.4107
-6.9479,-6.1126
-6.9479,-7.553
-2.6168,-1.9446
-2.6168,-2.2233
-2.6168,-2.5163
-2.6168,-1.6496
-2.6168,-1.8089
-0.66769,-0.35357
-0.66769,-0.86307
-0.66769,-0.33184
-0.66769,-0.053473
-0.66769,0.1365
-0.66769,-1.2732
-0.66769,-0.92735
-0.66769,-0.59786
-0.66769,-1.0224
-1.8811,-2.4598
-1.8811,-1.5946
-1.8811,-1.4135
-1.8811,-2.1506
-1.8811,-1.2284
-1.8811,-1.6917
-1.8811,-1.1142
-3.0136,-2.1665
-3.0136,-2.2233
-3.0136,-2.7993
-3.0136,-2.4414
-3.0136,-2.5163
-6.9243,-6.9479
-6.9243,-7.8529
-6.9243,-6.446
-6.9243,-7.0945
-6.9243,-7.3606
-6.9243,-7.4107
-6.9243,-6.1859
-6.9243,-6.7025
-0.24261,0.14856
-0.24261,0.68404
-0.24261,-0.7958
-0.24261,0.22347
-0.24261,0.34347
-0.24261,-0.1723
-0.24261,-0.44948
-0.24261,-0.75341
-0.24261,-1.2284
-0.24261,-0.34631
-0.24261,-0.11203
-0.24261,-0.71625
-0.35357,-0.66769
-0.35357,-0.028364
-0.35357,-0.86307
-0.35357,-0.93553
-0.35357,-0.33184
-0.35357,-0.053473
-0.35357,0.31563
-0.35357,0.1365
-0.35357,-1.2732
-0.35357,0.32735
-0.35357,-0.92735
-0.35357,-0.59786
-0.35357,-1.0224
-0.35357,-0.23013
0.14856,-0.24261
0.14856,0.55929
0.14856,0.68404
0.14856,-0.7958
0.14856,0.12302
0.14856,0.22347
0.14856,0.82466
0.14856,0.34347
0.14856,-0.1723
0.14856,-0.44948
0.14856,0.54642
0.14856,0.91689
0.14856,-0.34631
0.14856,-0.11203
0.14856,-0.71625
-6.4642,-6.9479
-6.4642,-6.446
-6.4642,-7.1094
-6.4642,-5.8758
-6.4642,-6.1126
-6.4642,-6.7949
-7.8529,-8.0486
-7.8529,-6.9243
-7.8529,-7.0945
-7.8529,-7.3606
-7.8529,-7.4107
-7.8529,-8.6322
-7.8529,-7.9806
8.9794,8.8548
8.9794,8.1442
1.4459,0.87076
1.4459,2.0778
1.4459,2.0568
1.4459,1.3454
1.4459,2.1613
1.4459,1.7945
1.4459,1.5721
1.4459,1.0358
1.4459,1.876
0.55929,0.14856
0.55929,0.39832
0.55929,0.76276
0.55929,0.48436
0.55929,0.68404
0.55929,0.65851
0.55929,0.14235
0.55929,0.12302
0.55929,-0.17012
0.55929,1.1981
0.55929,0.22347
0.55929,1.1562
0.55929,0.82466
0.55929,0.073292
0.55929,1.4357
0.55929,0.54642
0.55929,1.0838
0.55929,-0.11203
0.55929,1.3318
-2.1665,-3.0136
-2.1665,-1.497
-2.1665,-1.8158
-2.1665,-2.2233
-2.1665,-2.1506
-2.1665,-1.8539
-2.1665,-1.3102
-2.1665,-2.7993
-2.1665,-2.4414
-2.1665,-1.6917
-2.1665,-1.8299
-2.1665,-1.4632
9.4609,9.0696
-0.56699,-0.46273
-0.56699,0.39832
-0.56699,-0.82986
-0.56699,-1.0912
-0.56699,-0.028364
-0.56699,-0.86307
-0.56699,-0.91001
-0.56699,-0.93553
-0.56699,-1.497
-0.56699,0.14235
-0.56699,-0.17012
-0.56699,-0.33184
-0.56699,-0.64109
-0.56699,-1.2303
-0.56699,-1.1458
-0.56699,-0.44948
-0.56699,0.073292
-0.56699,-1.3102
-0.56699,-0.59786
-0.56699,-0.23013
-0.56699,-0.24826
2.0732,2.0778
2.0732,2.5029
2.0732,2.9224
2.0732,1.9032
2.0732,2.0066
2.0732,1.4768
2.0732,2.3643
2.0732,2.4102
2.0732,1.6095
2.0732,2.8387
-6.446,-6.9479
-6.446,-6.9243
-6.446,-6.4642
-6.446,-7.4107
-6.446,-6.1859
-6.446,-6.7025
-6.446,-5.7394
-6.446,-6.1126
-5.9407,-6.7841
-5.9407,-5.5494
3.4393,2.787
3.4393,4.1237
3.4393,3.1537
3.4393,3.1821
3.4393,2.8114
3.4393,3.7534
3.4393,3.0431
3.4393,3.7256
2.787,3.4393
2.787,2.3957
2.787,2.0568
2.787,3.1537
2.787,3.1821
2.787,2.8114
2.787,2.5387
2.787,2.2462
2.787,3.0431
0.39832,0.55929
0.39832,-0.56699
0.39832,0.76276
0.39832,-0.028364
0.39832,0.48436
0.39832,0.65851
0.39832,0.14235
0.39832,0.12302
0.39832,-0.17012
0.39832,-0.33184
0.39832,0.073292
0.39832,1.0838
0.39832,0.31563
0.39832,0.32735
0.39832,1.0022
0.39832,0.78609
0.39832,-0.23013
0.39832,-0.24826
0.87076,1.4459
0.87076,1.5721
0.87076,1.0625
-6.7841,-5.9407
-6.7841,-7.48
-6.7841,-6.4522
2.2721,1.4552
2.2721,1.9396
2.2721,1.7769
2.2721,1.5773
2.2721,2.8067
4.1482,3.2517
4.1482,3.7365
4.1482,3.6075
-2.4598,-1.8811
-2.4598,-1.5946
-2.4598,-2.1506
-2.4598,-2.7993
-2.4598,-1.6917
2.3957,2.787
2.3957,1.815
2.3957,2.0568
2.3957,2.6657
2.3957,1.6929
2.3957,2.2462
2.3957,3.0431
0.76276,0.55929
0.76276,0.39832
0.76276,0.48436
0.76276,0.65851
0.76276,0.14235
0.76276,0.12302
0.76276,-0.17012
0.76276,1.1981
0.76276,0.22347
0.76276,1.1562
0.76276,0.82466
0.76276,1.7226
0.76276,0.073292
0.76276,1.4357
0.76276,0.54642
0.76276,1.0838
0.76276,1.0022
8.3823,9.0696
8.3823,8.4103
2.0778,1.4459
2.0778,2.0732
2.0778,3.0721
2.0778,2.3718
2.0778,1.3454
2.0778,2.1613
2.0778,2.703
2.0778,1.7945
2.0778,2.9224
2.0778,2.7277
2.0778,1.876
2.0778,2.0066
2.0778,2.4102
2.0778,1.6095
2.0778,2.4831
-0.82986,-0.46273
-0.82986,-0.56699
-0.82986,-1.0912
-0.82986,-1.5946
-0.82986,-0.91001
-0.82986,-0.7958
-0.82986,-1.497
-0.82986,0.12302
-0.82986,-0.17012
-0.82986,-0.64109
-0.82986,-1.1458
-0.82986,-0.44948
-0.82986,-1.2284
-0.82986,-1.6917
-0.82986,-0.34631
-0.82986,-1.4632
-0.82986,-0.11203
-0.82986,-1.1142
-0.82986,-0.24826
-0.82986,-0.71625
-1.0912,-0.46273
-1.0912,-0.56699
-1.0912,-0.82986
-1.0912,-1.5946
-1.0912,-0.91001
-1.0912,-0.7958
-1.0912,-0.93553
-1.0912,-1.497
-1.0912,-1.8158
-1.0912,-0.17012
-1.0912,-0.64109
-1.0912,-1.1458
-1.0912,-0.44948
-1.0912,-1.3102
-1.0912,-1.6917
-1.0912,-1.8299
-1.0912,-1.4632
-1.0912,-1.1142
0.76042,1.5074
0.76042,-0.053473
0.76042,0.31563
0.76042,0.1365
0.76042,0.32735
0.76042,0.78609
-1.5946,-1.8811
-1.5946,-2.4598
-1.5946,-0.82986
-1.5946,-1.0912
-1.5946,-0.7958
-1.5946,-2.1506
-1.5946,-1.2284
-1.5946,-1.6917
-1.5946,-1.8299
-1.5946,-1.4632
-1.5946,-1.1142
-1.5946,-0.71625
-0.028364,-0.35357
-0.028364,-0.56699
-0.028364,0.39832
-0.028364,-0.86307
-0.028364,0.48436
-0.028364,-0.93553
-0.028364,0.65851
-0.028364,0.14235
-0.028364,-0.17012
-0.028364,-0.33184
-0.028364,0.073292
-0.028364,0.31563
-0.028364,0.1365
-0.028364,0.32735
-0.028364,-0.59786
-0.028364,0.78609
-0.028364,-0.23013
-0.028364,-0.24826
1.815,2.3957
1.815,2.6657
1.815,1.6929
1.815,1.0625
1.815,2.2462
-0.86307,-0.66769
-0.86307,-0.35357
-0.86307,-0.56699
-0.86307,-0.028364
-0.86307,-0.91001
-0.86307,-0.93553
-0.86307,-1.486
-0.86307,-0.33184
-0.86307,-1.2303
-0.86307,-1.3102
-0.86307,-1.2732
-0.86307,-0.92735
-0.86307,-0.59786
-0.86307,-1.6496
-0.86307,-0.23013
3.2517,4.1482
3.2517,3.7365
3.2517,2.5029
3.2517,2.9867
3.2517,2.9224
3.2517,3.2726
3.2517,3.6075
3.2517,2.8387
-1.4135,-1.8811
-1.4135,-0.75341
-1.4135,-1.2284
0.48436,-0.46273
0.48436,0.55929
0.48436,0.39832
0.48436,0.76276
0.48436,-0.028364
0.48436,0.65851
0.48436,0.14235
0.48436,0.12302
0.48436,-0.17012
0.48436,1.1981
0.48436,0.22347
0.48436,1.1562
0.48436,0.82466
0.48436,0.073292
0.48436,1.4357
0.48436,0.54642
0.48436,1.0838
0.48436,0.31563
0.48436,1.0022
0.48436,-0.23013
0.48436,-0.24826
9.0696,9.4609
9.0696,8.3823
9.0696,8.4103
0.68404,-0.24261
0.68404,0.14856
0.68404,0.55929
0.68404,1.4552
0.68404,0.12302
0.68404,0.22347
0.68404,1.1562
0.68404,0.95665
0.68404,0.82466
0.68404,0.34347
0.68404,0.54642
0.68404,0.91689
0.68404,-0.11203
0.68404,1.3318
2.0568,1.4459
2.0568,2.787
2.0568,2.3957
2.0568,2.1613
2.0568,2.8114
2.0568,2.703
2.0568,1.6929
2.0568,1.5721
2.0568,1.876
2.0568,2.5387
2.0568,2.2462
-7.0945,-6.9243
-7.0945,-7.8529
-7.0945,-7.3606
-7.0945,-7.48
-7.0945,-6.7025
-7.0945,-7.083
-7.0945,-6.1349
-7.0945,-7.9806
-7.0945,-6.5661
-8.3331,-8.0486
-8.3331,-7.7463
-8.3331,-8.6322
-8.3331,-7.553
7.6813,7.4952
7.6813,8.4103
-0.91001,-0.46273
-0.91001,-0.56699
-0.91001,-0.82986
-0.91001,-1.0912
-0.91001,-0.86307
-0.91001,-0.93553
-0.91001,-1.486
-0.91001,-1.497
-0.91001,-1.8158
-0.91001,-0.17012
-0.91001,-0.64109
-0.91001,-1.2303
-0.91001,-1.1458
-0.91001,-0.44948
-0.91001,0.073292
-0.91001,-1.3102
-0.91001,-0.59786
-0.91001,-1.4632
-0.91001,-0.23013
-0.91001,-0.24826
-7.3606,-6.9243
-7.3606,-7.8529
-7.3606,-7.0945
-7.3606,-7.4107
-7.3606,-6.7025
-7.3606,-7.083
-7.3606,-7.9806
-0.7958,-0.46273
-0.7958,-0.24261
-0.7958,0.14856
-0.7958,-0.82986
-0.7958,-1.0912
-0.7958,-1.5946
-0.7958,-0.64109
-0.7958,-1.1458
-0.7958,-0.44948
-0.7958,-0.75341
-0.7958,-1.2284
-0.7958,-1.6917
-0.7958,-0.34631
-0.7958,-1.4632
-0.7958,-0.11203
-0.7958,-1.1142
-0.7958,-0.71625
4.1237,3.4393
4.1237,3.7534
4.1237,4.3158
4.1237,3.7256
3.0721,2.0778
3.0721,2.3718
3.0721,3.1821
3.0721,3.5627
3.0721,2.703
3.0721,2.9224
3.0721,3.8849
3.0721,3.1356
3.0721,3.2726
3.0721,2.7277
3.0721,2.4102
3.0721,3.5207
3.0721,2.4831
3.0721,3.8831
3.0721,2.8387
2.3718,2.0778
2.3718,3.0721
2.3718,2.1613
2.3718,2.703
2.3718,1.7945
2.3718,2.9224
2.3718,3.1356
2.3718,2.7277
2.3718,1.876
2.3718,2.0066
2.3718,2.4102
2.3718,1.6095
2.3718,2.4831
1.4552,2.2721
1.4552,0.68404
1.4552,1.9396
1.4552,1.1562
1.4552,0.95665
1.4552,0.82466
1.4552,1.7769
1.4552,0.91689
1.4552,1.5773
1.4552,1.3318
-7.1094,-6.9479
-7.1094,-6.4642
-7.1094,-7.4107
-7.1094,-7.7463
-7.1094,-7.553
-7.1094,-6.7949
-0.93553,-0.35357
-0.93553,-0.56699
-0.93553,-1.0912
-0.93553,-0.028364
-0.93553,-0.86307
-0.93553,-0.91001
-0.93553,-1.486
-0.93553,-1.497
-0.93553,-1.8158
-0.93553,-0.33184
-0.93553,-0.64109
-0.93553,-1.2303
-0.93553,-1.8539
-0.93553,-1.1458
-0.93553,-1.3102
-0.93553,-1.2732
-0.93553,-0.92735
-0.93553,-0.59786
-0.93553,-0.23013
-0.93553,-0.24826
-1.9446,-2.6168
-1.9446,-1.486
-1.9446,-1.8158
-1.9446,-2.2233
-1.9446,-1.2303
-1.9446,-1.8539
-1.9446,-1.2732
-1.9446,-2.5163
-1.9446,-1.6496
-1.9446,-1.8089
0.44678,0.95665
0.44678,0.34347
0.44678,-0.1723
-1.486,-0.86307
-1.486,-0.91001
-1.486,-0.93553
-1.486,-1.9446
-1.486,-1.497
-1.486,-1.8158
-1.486,-2.2233
-1.486,-1.2303
-1.486,-1.8539
-1.486,-1.3102
-1.486,-1.2732
-1.486,-0.92735
-1.486,-0.59786
-1.486,-1.6496
0.65851,0.55929
0.65851,0.39832
0.65851,0.76276
0.65851,-0.028364
0.65851,0.48436
0.65851,0.14235
0.65851,0.073292
0.65851,1.4357
0.65851,1.0838
0.65851,0.31563
0.65851,1.3232
0.65851,0.32735
0.65851,1.0022
0.65851,0.78609
0.65851,-0.23013
0.65851,-0.24826
-5.9226,-5.3587
-5.9226,-6.1859
-5.9226,-6.7025
-5.9226,-6.1349
-5.9226,-5.7394
-5.9226,-5.931
-5.9226,-5.256
-5.9226,-6.5661
1.9396,2.2721
1.9396,1.4552
1.9396,1.1562
1.9396,2.5234
1.9396,1.7769
1.9396,1.744
1.9396,2.3513
1.9396,1.3318
1.9396,2.8067
-1.497,-2.1665
-1.497,-0.56699
-1.497,-0.82986
-1.497,-1.0912
-1.497,-0.91001
-1.497,-0.93553
-1.497,-1.486
-1.497,-1.8158
-1.497,-2.2233
-1.497,-0.64109
-1.497,-1.2303
-1.497,-1.8539
-1.497,-1.1458
-1.497,-1.3102
-1.497,-2.4414
-1.497,-1.6917
-1.497,-1.8299
-1.497,-1.4632
1.8787,2.859
1.8787,1.2109
1.8787,1.9032
1.8787,2.3643
0.14235,-0.46273
0.14235,0.55929
0.14235,-0.56699
0.14235,0.39832
0.14235,0.76276
0.14235,-0.028364
0.14235,0.48436
0.14235,0.65851
0.14235,0.12302
0.14235,-0.17012
0.14235,0.22347
0.14235,-0.64109
0.14235,0.82466
0.14235,-0.44948
0.14235,0.073292
0.14235,0.54642
0.14235,1.0838
0.14235,-0.34631
0.14235,-0.11203
0.14235,-0.23013
0.14235,-0.24826
-7.4107,-8.0486
-7.4107,-6.9479
-7.4107,-6.9243
-7.4107,-7.8529
-7.4107,-6.446
-7.4107,-7.3606
-7.4107,-7.1094
-7.4107,-7.553
3.1537,3.4393
3.1537,2.787
3.1537,3.1821
3.1537,3.5627
3.1537,2.8114
3.1537,2.703
3.1537,3.1356
3.1537,3.7534
3.1537,2.5387
3.1537,2.2462
3.1537,3.0431
3.1821,3.4393
3.1821,2.787
3.1821,3.0721
3.1821,3.1537
3.1821,3.5627
3.1821,2.8114
3.1821,2.703
3.1821,3.1356
3.1821,3.7534
3.1821,2.5387
3.1821,3.5207
3.1821,2.4831
3.1821,3.8831
0.12302,-0.46273
0.12302,0.14856
0.12302,0.55929
0.12302,0.39832
0.12302,0.76276
0.12302,-0.82986
0.12302,0.48436
0.12302,0.68404
0.12302,0.14235
0.12302,-0.17012
0.12302,0.22347
0.12302,-0.64109
0.12302,0.82466
0.12302,-0.44948
0.12302,0.073292
0.12302,0.54642
0.12302,-0.34631
0.12302,-0.11203
0.12302,-0.24826
-5.2411,-5.7394
-5.2411,-5.8758
-5.2411,-6.1126
-7.48,-6.7841
-7.48,-7.0945
-7.48,-7.083
3.5627,3.0721
3.5627,3.1537
3.5627,3.1821
3.5627,2.8114
3.5627,2.703
3.5627,3.8849
3.5627,3.1356
3.5627,3.7534
3.5627,4.3158
3.5627,3.5207
3.5627,3.8831
-1.8158,-2.1665
-1.8158,-1.0912
-1.8158,-0.91001
-1.8158,-0.93553
-1.8158,-1.9446
-1.8158,-1.486
-1.8158,-1.497
-1.8158,-2.2233
-1.8158,-2.1506
-1.8158,-1.2303
-1.8158,-1.8539
-1.8158,-1.1458
-1.8158,-1.3102
-1.8158,-2.4414
-1.8158,-1.8299
-1.8158,-2.5163
-1.8158,-1.4632
-0.17012,-0.46273
-0.17012,0.55929
-0.17012,-0.56699
-0.17012,0.39832
-0.17012,0.76276
-0.17012,-0.82986
-0.17012,-1.0912
-0.17012,-0.028364
-0.17012,0.48436
-0.17012,-0.91001
-0.17012,0.14235
-0.17012,0.12302
-0.17012,0.22347
-0.17012,-0.64109
-0.17012,-1.1458
-0.17012,-0.44948
-0.17012,0.073292
-0.17012,0.54642
-0.17012,-0.34631
-0.17012,-0.11203
-0.17012,-0.23013
-0.17012,-0.24826
1.1981,0.55929
1.1981,0.76276
1.1981,0.48436
1.1981,1.1562
1.1981,0.82466
1.1981,1.7226
1.1981,1.4357
1.1981,1.7769
1.1981,0.54642
1.1981,1.0838
1.1981,1.744
1.1981,1.0022
1.1981,1.3318
0.22347,-0.46273
0.22347,-0.24261
0.22347,0.14856
0.22347,0.55929
0.22347,0.76276
0.22347,0.48436
0.22347,0.68404
0.22347,0.14235
0.22347,0.12302
0.22347,-0.17012
0.22347,1.1562
0.22347,0.82466
0.22347,0.34347
0.22347,-0.44948
0.22347,0.54642
0.22347,0.91689
0.22347,-0.34631
0.22347,-0.11203
1.5074,0.76042
1.5074,1.3232
1.5074,1.821
1.5074,1.0022
1.5074,0.78609
-0.33184,-0.66769
-0.33184,-0.35357
-0.33184,-0.56699
-0.33184,0.39832
-0.33184,-0.028364
-0.33184,-0.86307
-0.33184,-0.93553
-0.33184,-0.053473
-0.33184,-1.2303
-0.33184,0.073292
-0.33184,0.31563
-0.33184,0.1365
-0.33184,0.32735
-0.33184,-0.92735
-0.33184,-0.59786
-0.33184,-0.23013
-0.33184,-0.24826
1.1562,0.55929
1.1562,0.76276
1.1562,0.48436
1.1562,0.68404
1.1562,1.4552
1.1562,1.9396
1.1562,1.1981
1.1562,0.22347
1.1562,0.82466
1.1562,1.7226
1.1562,1.4357
1.1562,1.7769
1.1562,0.54642
1.1562,1.0838
1.1562,1.744
1.1562,0.91689
1.1562,1.3318
-0.053473,-0.66769
-0.053473,-0.35357
-0.053473,0.76042
-0.053473,-0.33184
-0.053473,0.1365
-0.053473,0.32735
-0.053473,-1.0224
1.3454,1.4459
1.3454,2.0778
1.3454,2.1613
1.3454,0.84381
1.3454,1.7945
1.3454,1.0358
1.3454,1.876
1.3454,2.0066
1.3454,1.6095
2.859,1.8787
2.859,2.9867
2.859,2.3643
2.859,3.6075
-2.2233,-2.6168
-2.2233,-3.0136
-2.2233,-2.1665
-2.2233,-1.9446
-2.2233,-1.486
-2.2233,-1.497
-2.2233,-1.8158
-2.2233,-1.2303
-2.2233,-1.8539
-2.2233,-1.3102
-2.2233,-2.4414
-2.2233,-1.8299
-2.2233,-2.5163
-2.2233,-1.6496
-0.64109,-0.46273
-0.64109,-0.56699
-0.64109,-0.82986
-0.64109,-1.0912
-0.64109,-0.91001
-0.64109,-0.7958
-0.64109,-0.93553
-0.64109,-1.497
-0.64109,0.14235
-0.64109,0.12302
-0.64109,-0.17012
-0.64109,-1.1458
-0.64109,-0.44948
-0.64109,0.073292
-0.64109,-1.3102
-0.64109,-0.59786
-0.64109,-0.34631
-0.64109,-1.4632
-0.64109,-0.11203
-0.64109,-1.1142
-0.64109,-0.23013
-0.64109,-0.24826
1.2109,1.8787
1.2109,1.9032
1.2109,1.4768
-5.3587,-5.9226
-5.3587,-6.1859
-5.3587,-6.1349
-5.3587,-5.7394
-5.3587,-5.256
3.7365,4.1482
3.7365,3.2517
3.7365,4.439
3.7365,2.9224
3.7365,3.8849
3.7365,3.2726
3.7365,3.5207
3.7365,2.8387
0.95665,0.68404
0.95665,1.4552
0.95665,0.44678
0.95665,0.34347
0.95665,0.91689
0.95665,1.5773
-6.1859,-6.9243
-6.1859,-6.446
-6.1859,-5.9226
-6.1859,-5.3587
-6.1859,-6.7025
-6.1859,-6.1349
-6.1859,-5.7394
-6.1859,-6.1126
2.5029,2.0732
2.5029,3.2517
2.5029,2.9867
2.5029,2.9224
2.5029,1.9032
2.5029,2.0066
2.5029,2.3643
2.5029,2.4102
2.5029,2.8387
2.1613,1.4459
2.1613,2.0778
2.1613,2.0568
2.1613,2.3718
2.1613,1.3454
2.1613,2.8114
2.1613,2.703
2.1613,1.7945
2.1613,3.1356
2.1613,1.5721
2.1613,2.7277
2.1613,1.876
2.1613,2.5387
2.1613,2.4831
-2.1506,-1.8811
-2.1506,-2.1665
-2.1506,-2.4598
-2.1506,-1.5946
-2.1506,-1.8158
-2.1506,-2.7993
-2.1506,-2.4414
-2.1506,-1.6917
-2.1506,-1.8299
-2.1506,-1.4632
8.4432,8.8548
8.4432,7.4952
8.4432,8.4103
-1.2303,-0.56699
-1.2303,-0.86307
-1.2303,-0.91001
-1.2303,-0.93553
-1.2303,-1.9446
-1.2303,-1.486
-1.2303,-1.497
-1.2303,-1.8158
-1.2303,-0.33184
-1.2303,-2.2233
-1.2303,-1.8539
-1.2303,-1.1458
-1.2303,-1.3102
-1.2303,-1.2732
-1.2303,-0.92735
-1.2303,-0.59786
-1.2303,-1.6496
2.9867,3.2517
2.9867,2.859
2.9867,2.5029
2.9867,2.3643
2.9867,3.6075
2.9867,2.8387
-1.8539,-2.1665
-1.8539,-0.93553
-1.8539,-1.9446
-1.8539,-1.486
-1.8539,-1.497
-1.8539,-1.8158
-1.8539,-2.2233
-1.8539,-1.2303
-1.8539,-1.1458
-1.8539,-1.3102
-1.8539,-2.4414
-1.8539,-1.8299
-1.8539,-2.5163
-1.8539,-1.6496
2.5234,1.9396
2.5234,2.3494
2.5234,1.7769
2.5234,1.744
2.5234,2.3513
2.5234,2.8067
0.82466,0.14856
0.82466,0.55929
0.82466,0.76276
0.82466,0.48436
0.82466,0.68404
0.82466,1.4552
0.82466,0.14235
0.82466,0.12302
0.82466,1.1981
0.82466,0.22347
0.82466,1.1562
0.82466,1.4357
0.82466,1.7769
0.82466,0.54642
0.82466,1.0838
0.82466,1.744
0.82466,0.91689
0.82466,-0.11203
0.82466,1.3318
2.8114,3.4393
2.8114,2.787
2.8114,2.0568
2.8114,3.1537
2.8114,3.1821
2.8114,3.5627
2.8114,2.1613
2.8114,2.703
2.8114,3.1356
2.8114,1.876
2.8114,3.7534
2.8114,2.5387
2.8114,2.2462
2.8114,2.4831
0.84381,1.3454
0.84381,1.0358
0.84381,1.4768
0.84381,1.6095
4.439,3.7365
4.439,3.8849
4.439,4.3158
4.439,3.5207
4.439,3.8831
2.703,2.0778
2.703,2.0568
2.703,3.0721
2.703,2.3718
2.703,3.1537
2.703,3.1821
2.703,3.5627
2.703,2.1613
2.703,2.8114
2.703,1.7945
2.703,3.1356
2.703,2.7277
2.703,1.876
2.703,2.5387
2.703,2.4831
0.34347,-0.24261
0.34347,0.14856
0.34347,0.68404
0.34347,0.44678
0.34347,0.22347
0.34347,0.95665
0.34347,-0.1723
0.34347,0.91689
-0.1723,-0.24261
-0.1723,0.14856
-0.1723,0.44678
-0.1723,0.34347
-0.1723,-0.75341
-0.1723,-0.71625
1.7945,1.4459
1.7945,2.0778
1.7945,2.3718
1.7945,1.3454
1.7945,2.1613
1.7945,2.703
1.7945,1.0358
1.7945,2.7277
1.7945,1.876
1.7945,2.0066
1.7945,2.4102
1.7945,1.6095
1.7945,2.4831
2.9224,2.0732
2.9224,2.0778
2.9224,3.2517
2.9224,3.0721
2.9224,2.3718
2.9224,3.7365
2.9224,2.5029
2.9224,3.8849
2.9224,3.1356
2.9224,3.2726
2.9224,2.7277
2.9224,2.0066
2.9224,2.4102
2.9224,3.5207
2.9224,2.4831
2.9224,2.8387
-1.1458,-0.46273
-1.1458,-0.56699
-1.1458,-0.82986
-1.1458,-1.0912
-1.1458,-0.91001
-1.1458,-0.7958
-1.1458,-0.93553
-1.1458,-1.497
-1.1458,-1.8158
-1.1458,-0.17012
-1.1458,-0.64109
-1.1458,-1.2303
-1.1458,-1.8539
-1.1458,-0.44948
-1.1458,-1.3102
-1.1458,-1.6917
-1.1458,-1.8299
-1.1458,-0.59786
-1.1458,-1.4632
-1.1458,-1.1142
-1.1458,-0.24826
2.6657,2.3957
2.6657,1.815
2.6657,3.0431
-0.44948,-0.46273
-0.44948,-0.24261
-0.44948,0.14856
-0.44948,-0.56699
-0.44948,-0.82986
-0.44948,-1.0912
-0.44948,-0.91001
-0.44948,-0.7958
-0.44948,0.14235
-0.44948,0.12302
-0.44948,-0.17012
-0.44948,0.22347
-0.44948,-0.64109
-0.44948,-1.1458
-0.44948,0.54642
-0.44948,-0.34631
-0.44948,-0.11203
-0.44948,-1.1142
-0.44948,-0.24826
-0.44948,-0.71625
3.8849,3.0721
3.8849,3.5627
3.8849,3.7365
3.8849,4.439
3.8849,2.9224
3.8849,3.1356
3.8849,3.2726
3.8849,4.3158
3.8849,3.5207
3.8849,3.8831
-7.7463,-8.3331
-7.7463,-7.1094
-7.7463,-7.553
-7.7463,-6.7949
1.6929,2.3957
1.6929,1.815
1.6929,2.0568
1.6929,1.5721
1.6929,1.0625
1.6929,2.2462
1.9032,2.0732
1.9032,1.8787
1.9032,1.2109
1.9032,2.5029
1.9032,2.0066
1.9032,1.4768
1.9032,2.3643
2.3494,2.5234
2.3494,1.7226
2.3494,1.4357
2.3494,1.744
2.3494,1.821
2.3494,2.3513
1.7226,0.76276
1.7226,1.1981
1.7226,1.1562
1.7226,2.3494
1.7226,1.4357
1.7226,1.7769
1.7226,1.0838
1.7226,1.744
1.7226,1.3232
1.7226,1.821
1.7226,1.0022
1.7226,2.3513
3.1356,3.0721
3.1356,2.3718
3.1356,3.1537
3.1356,3.1821
3.1356,3.5627
3.1356,2.1613
3.1356,2.8114
3.1356,2.703
3.1356,2.9224
3.1356,3.8849
3.1356,3.2726
3.1356,2.7277
3.1356,3.7534
3.1356,2.5387
3.1356,3.5207
3.1356,2.4831
3.1356,3.8831
0.073292,-0.46273
0.073292,0.55929
0.073292,-0.56699
0.073292,0.39832
0.073292,0.76276
0.073292,-0.028364
0.073292,0.48436
0.073292,-0.91001
0.073292,0.65851
0.073292,0.14235
0.073292,0.12302
0.073292,-0.17012
0.073292,-0.33184
0.073292,-0.64109
0.073292,0.31563
0.073292,0.32735
0.073292,1.0022
0.073292,-0.59786
0.073292,-0.23013
0.073292,-0.24826
3.2726,3.2517
3.2726,3.0721
3.2726,3.7365
3.2726,2.9224
3.2726,3.8849
3.2726,3.1356
3.2726,2.7277
3.2726,2.4102
3.2726,3.5207
3.2726,2.8387
-6.7025,-6.9243
-6.7025,-6.446
-6.7025,-7.0945
-6.7025,-7.3606
-6.7025,-5.9226
-6.7025,-6.1859
-6.7025,-7.083
-6.7025,-6.1349
-6.7025,-6.5661
1.4357,0.55929
1.4357,0.76276
1.4357,0.48436
1.4357,0.65851
1.4357,1.1981
1.4357,1.1562
1.4357,0.82466
1.4357,2.3494
1.4357,1.7226
1.4357,1.7769
1.4357,1.0838
1.4357,1.744
1.4357,1.3232
1.4357,1.821
1.4357,1.0022
1.4357,2.3513
1.4357,1.3318
-1.3102,-2.1665
-1.3102,-0.56699
-1.3102,-1.0912
-1.3102,-0.86307
-1.3102,-0.91001
-1.3102,-0.93553
-1.3102,-1.486
-1.3102,-1.497
-1.3102,-1.8158
-1.3102,-2.2233
-1.3102,-0.64109
-1.3102,-1.2303
-1.3102,-1.8539
-1.3102,-1.1458
-1.3102,-1.8299
-1.3102,-0.59786
-1.3102,-1.4632
8.8548,8.9794
8.8548,8.4432
8.8548,7.9169
1.5721,1.4459
1.5721,0.87076
1.5721,2.0568
1.5721,2.1613
1.5721,1.6929
1.5721,1.876
1.5721,1.0625
1.5721,2.5387
1.5721,2.2462
1.0358,1.4459
1.0358,1.3454
1.0358,0.84381
1.0358,1.7945
1.0358,1.6095
1.7769,2.2721
1.7769,1.4552
1.7769,1.9396
1.7769,1.1981
1.7769,1.1562
1.7769,2.5234
1.7769,0.82466
1.7769,1.7226
1.7769,1.4357
1.7769,1.744
1.7769,2.3513
1.7769,1.3318
-2.7993,-3.0136
-2.7993,-2.1665
-2.7993,-2.4598
-2.7993,-2.1506
-2.7993,-2.4414
-0.75341,-0.24261
-0.75341,-1.4135
-0.75341,-0.7958
-0.75341,-0.1723
-0.75341,-1.2284
-0.75341,-0.71625
7.4952,7.6813
7.4952,8.4432
0.54642,0.14856
0.54642,0.55929
0.54642,0.76276
0.54642,0.48436
0.54642,0.68404
0.54642,0.14235
0.54642,0.12302
0.54642,-0.17012
0.54642,1.1981
0.54642,0.22347
0.54642,1.1562
0.54642,0.82466
0.54642,-0.44948
0.54642,0.91689
0.54642,-0.34631
0.54642,-0.11203
0.54642,1.3318
-8.6322,-8.0486
-8.6322,-7.8529
-8.6322,-8.3331
2.7277,2.0778
2.7277,3.0721
2.7277,2.3718
2.7277,2.1613
2.7277,2.703
2.7277,1.7945
2.7277,2.9224
2.7277,3.1356
2.7277,3.2726
2.7277,2.0066
2.7277,2.4102
2.7277,3.5207
2.7277,2.4831
2.7277,2.8387
1.876,1.4459
1.876,2.0778
1.876,2.0568
1.876,2.3718
1.876,1.3454
1.876,2.1613
1.876,2.8114
1.876,2.703
1.876,1.7945
1.876,1.5721
1.876,2.5387
1.876,2.4831
-1.2284,-1.8811
-1.2284,-0.24261
-1.2284,-0.82986
-1.2284,-1.5946
-1.2284,-1.4135
-1.2284,-0.7958
-1.2284,-0.75341
-1.2284,-1.6917
-1.2284,-0.34631
-1.2284,-1.1142
-1.2284,-0.71625
2.0066,2.0732
2.0066,2.0778
2.0066,2.3718
2.0066,1.3454
2.0066,2.5029
2.0066,1.7945
2.0066,2.9224
2.0066,1.9032
2.0066,2.7277
2.0066,1.4768
2.0066,2.4102
2.0066,1.6095
2.0066,2.4831
2.0066,2.8387
1.0838,0.55929
1.0838,0.39832
1.0838,0.76276
1.0838,0.48436
1.0838,0.65851
1.0838,0.14235
1.0838,1.1981
1.0838,1.1562
1.0838,0.82466
1.0838,1.7226
1.0838,1.4357
1.0838,1.744
1.0838,1.3232
1.0838,1.821
1.0838,1.0022
1.0838,0.78609
0.31563,-0.35357
0.31563,0.39832
0.31563,0.76042
0.31563,-0.028364
0.31563,0.48436
0.31563,0.65851
0.31563,-0.33184
0.31563,0.073292
0.31563,0.1365
0.31563,1.3232
0.31563,0.32735
0.31563,1.0022
0.31563,-0.59786
0.31563,0.78609
0.31563,-0.23013
0.31563,-0.24826
1.4768,2.0732
1.4768,1.2109
1.4768,0.84381
1.4768,1.9032
1.4768,2.0066
1.4768,1.6095
1.0625,0.87076
1.0625,1.815
1.0625,1.6929
1.0625,1.5721
1.744,1.9396
1.744,1.1981
1.744,1.1562
1.744,2.5234
1.744,0.82466
1.744,2.3494
1.744,1.7226
1.744,1.4357
1.744,1.7769
1.744,1.0838
1.744,2.3513
1.744,1.3318
3.7534,3.4393
3.7534,4.1237
3.7534,3.1537
3.7534,3.1821
3.7534,3.5627
3.7534,2.8114
3.7534,3.1356
3.7534,4.3158
3.7534,3.8831
2.5387,2.787
2.5387,2.0568
2.5387,3.1537
2.5387,3.1821
2.5387,2.1613
2.5387,2.8114
2.5387,2.703
2.5387,3.1356
2.5387,1.5721
2.5387,1.876
2.5387,2.2462
2.5387,2.4831
0.1365,-0.66769
0.1365,-0.35357
0.1365,0.76042
0.1365,-0.028364
0.1365,-0.33184
0.1365,-0.053473
0.1365,0.31563
0.1365,0.32735
0.1365,0.78609
0.1365,-0.23013
-2.4414,-3.0136
-2.4414,-2.1665
-2.4414,-1.497
-2.4414,-1.8158
-2.4414,-2.2233
-2.4414,-2.1506
-2.4414,-1.8539
-2.4414,-2.7993
-2.4414,-1.8299
-2.4414,-2.5163
-1.2732,-0.66769
-1.2732,-0.35357
-1.2732,-0.86307
-1.2732,-0.93553
-1.2732,-1.9446
-1.2732,-1.486
-1.2732,-1.2303
-1.2732,-0.92735
-1.2732,-0.59786
-1.2732,-1.0224
-1.2732,-1.6496
-1.2732,-1.8089
-7.083,-7.0945
-7.083,-7.3606
-7.083,-7.48
-7.083,-6.7025
-7.083,-6.1349
-7.083,-7.9806
-7.083,-6.5661
-7.083,-6.4522
1.3232,0.65851
1.3232,1.5074
1.3232,1.7226
1.3232,1.4357
1.3232,1.0838
1.3232,0.31563
1.3232,1.821
1.3232,1.0022
1.3232,0.78609
-1.6917,-1.8811
-1.6917,-2.1665
-1.6917,-2.4598
-1.6917,-0.82986
-1.6917,-1.0912
-1.6917,-1.5946
-1.6917,-0.7958
-1.6917,-1.497
-1.6917,-2.1506
-1.6917,-1.1458
-1.6917,-1.2284
-1.6917,-1.8299
-1.6917,-1.4632
-1.6917,-1.1142
0.32735,-0.35357
0.32735,0.39832
0.32735,0.76042
0.32735,-0.028364
0.32735,0.65851
0.32735,-0.33184
0.32735,-0.053473
0.32735,0.073292
0.32735,0.31563
0.32735,0.1365
0.32735,1.0022
0.32735,0.78609
0.32735,-0.23013
1.821,1.5074
1.821,2.3494
1.821,1.7226
1.821,1.4357
1.821,1.0838
1.821,1.3232
1.821,1.0022
1.821,2.3513
-6.1349,-7.0945
-6.1349,-5.9226
-6.1349,-5.3587
-6.1349,-6.1859
-6.1349,-6.7025
-6.1349,-7.083
-6.1349,-5.931
-6.1349,-5.256
-6.1349,-6.5661
-6.1349,-6.4522
-5.7394,-6.446
-5.7394,-5.9226
-5.7394,-5.2411
-5.7394,-5.3587
-5.7394,-6.1859
-5.7394,-6.1126
-7.9806,-7.8529
-7.9806,-7.0945
-7.9806,-7.3606
-7.9806,-7.083
4.3158,4.1237
4.3158,3.5627
4.3158,4.439
4.3158,3.8849
4.3158,3.7534
4.3158,3.8831
2.3643,2.0732
2.3643,1.8787
2.3643,2.859
2.3643,2.5029
2.3643,2.9867
2.3643,1.9032
-5.931,-5.9226
-5.931,-6.1349
-5.931,-5.256
-5.931,-6.5661
-5.931,-6.4522
-5.931,-5.5494
-1.8299,-2.1665
-1.8299,-1.0912
-1.8299,-1.5946
-1.8299,-1.497
-1.8299,-1.8158
-1.8299,-2.2233
-1.8299,-2.1506
-1.8299,-1.8539
-1.8299,-1.1458
-1.8299,-1.3102
-1.8299,-2.4414
-1.8299,-1.6917
-1.8299,-1.4632
-1.8299,-1.1142
1.0022,0.39832
1.0022,0.76276
1.0022,0.48436
1.0022,0.65851
1.0022,1.1981
1.0022,1.5074
1.0022,1.7226
1.0022,0.073292
1.0022,1.4357
1.0022,1.0838
1.0022,0.31563
1.0022,1.3232
1.0022,0.32735
1.0022,1.821
1.0022,0.78609
-0.92735,-0.66769
-0.92735,-0.35357
-0.92735,-0.86307
-0.92735,-0.93553
-0.92735,-1.486
-0.92735,-0.33184
-0.92735,-1.2303
-0.92735,-1.2732
-0.92735,-0.59786
-0.92735,-1.0224
-0.92735,-1.6496
2.2462,2.787
2.2462,2.3957
2.2462,1.815
2.2462,2.0568
2.2462,3.1537
2.2462,2.8114
2.2462,1.6929
2.2462,1.5721
2.2462,2.5387
2.2462,3.0431
0.91689,0.14856
0.91689,0.68404
0.91689,1.4552
0.91689,0.22347
0.91689,1.1562
0.91689,0.95665
0.91689,0.82466
0.91689,0.34347
0.91689,0.54642
0.91689,1.5773
0.91689,1.3318
-0.59786,-0.66769
-0.59786,-0.35357
-0.59786,-0.56699
-0.59786,-0.028364
-0.59786,-0.86307
-0.59786,-0.91001
-0.59786,-0.93553
-0.59786,-1.486
-0.59786,-0.33184
-0.59786,-0.64109
-0.59786,-1.2303
-0.59786,-1.1458
-0.59786,0.073292
-0.59786,-1.3102
-0.59786,0.31563
-0.59786,-1.2732
-0.59786,-0.92735
-0.59786,-0.23013
-0.59786,-0.24826
0.78609,0.39832
0.78609,0.76042
0.78609,-0.028364
0.78609,0.65851
0.78609,1.5074
0.78609,1.0838
0.78609,0.31563
0.78609,0.1365
0.78609,1.3232
0.78609,0.32735
0.78609,1.0022
1.5773,2.2721
1.5773,1.4552
1.5773,0.95665
1.5773,0.91689
2.4102,2.0732
2.4102,2.0778
2.4102,3.0721
2.4102,2.3718
2.4102,2.5029
2.4102,1.7945
2.4102,2.9224
2.4102,3.2726
2.4102,2.7277
2.4102,2.0066
2.4102,1.6095
2.4102,2.4831
2.4102,2.8387
3.0431,3.4393
3.0431,2.787
3.0431,2.3957
3.0431,3.1537
3.0431,2.6657
3.0431,2.2462
3.0431,3.7256
-2.5163,-2.6168
-2.5163,-3.0136
-2.5163,-1.9446
-2.5163,-1.8158
-2.5163,-2.2233
-2.5163,-1.8539
-2.5163,-2.4414
-2.5163,-1.6496
-5.8758,-6.4642
-5.8758,-5.2411
-5.8758,-6.1126
-1.0224,-0.66769
-1.0224,-0.35357
-1.0224,-0.053473
-1.0224,-1.2732
-1.0224,-0.92735
-1.0224,-1.6496
-1.0224,-1.8089
-0.34631,-0.46273
-0.34631,-0.24261
-0.34631,0.14856
-0.34631,-0.82986
-0.34631,-0.7958
-0.34631,0.14235
-0.34631,0.12302
-0.34631,-0.17012
-0.34631,0.22347
-0.34631,-0.64109
-0.34631,-0.44948
-0.34631,0.54642
-0.34631,-1.2284
-0.34631,-0.11203
-0.34631,-1.1142
-0.34631,-0.71625
-5.256,-5.9226
-5.256,-5.3587
-5.256,-6.1349
-5.256,-5.931
-5.256,-5.5494
-6.1126,-6.9479
-6.1126,-6.4642
-6.1126,-6.446
-6.1126,-5.2411
-6.1126,-6.1859
-6.1126,-5.7394
-6.1126,-5.8758
-1.4632,-2.1665
-1.4632,-0.82986
-1.4632,-1.0912
-1.4632,-1.5946
-1.4632,-0.91001
-1.4632,-0.7958
-1.4632,-1.497
-1.4632,-1.8158
-1.4632,-0.64109
-1.4632,-2.1506
-1.4632,-1.1458
-1.4632,-1.3102
-1.4632,-1.6917
-1.4632,-1.8299
-1.4632,-1.1142
2.3513,1.9396
2.3513,2.5234
2.3513,2.3494
2.3513,1.7226
2.3513,1.4357
2.3513,1.7769
2.3513,1.744
2.3513,1.821
3.5207,3.0721
3.5207,3.1821
3.5207,3.5627
3.5207,3.7365
3.5207,4.439
3.5207,2.9224
3.5207,3.8849
3.5207,3.1356
3.5207,3.2726
3.5207,2.7277
3.5207,3.8831
-0.11203,-0.46273
-0.11203,-0.24261
-0.11203,0.14856
-0.11203,0.55929
-0.11203,-0.82986
-0.11203,0.68404
-0.11203,-0.7958
-0.11203,0.14235
-0.11203,0.12302
-0.11203,-0.17012
-0.11203,0.22347
-0.11203,-0.64109
-0.11203,0.82466
-0.11203,-0.44948
-0.11203,0.54642
-0.11203,-0.34631
-0.11203,-1.1142
-0.11203,-0.71625
-6.5661,-7.0945
-6.5661,-5.9226
-6.5661,-6.7025
-6.5661,-7.083
-6.5661,-6.1349
-6.5661,-5.931
-6.5661,-6.4522
1.6095,2.0732
1.6095,2.0778
1.6095,2.3718
1.6095,1.3454
1.6095,0.84381
1.6095,1.7945
1.6095,1.0358
1.6095,2.0066
1.6095,1.4768
1.6095,2.4102
2.4831,2.0778
2.4831,3.0721
2.4831,2.3718
2.4831,3.1821
2.4831,2.1613
2.4831,2.8114
2.4831,2.703
2.4831,1.7945
2.4831,2.9224
2.4831,3.1356
2.4831,2.7277
2.4831,1.876
2.4831,2.0066
2.4831,2.5387
2.4831,2.4102
3.8831,3.0721
3.8831,3.1821
3.8831,3.5627
3.8831,4.439
3.8831,3.8849
3.8831,3.1356
3.8831,3.7534
3.8831,4.3158
3.8831,3.5207
-6.4522,-6.7841
-6.4522,-7.083
-6.4522,-6.1349
-6.4522,-5.931
-6.4522,-6.5661
-6.4522,-5.5494
-1.1142,-0.46273
-1.1142,-1.8811
-1.1142,-0.82986
-1.1142,-1.0912
-1.1142,-1.5946
-1.1142,-0.7958
-1.1142,-0.64109
-1.1142,-1.1458
-1.1142,-0.44948
-1.1142,-1.2284
-1.1142,-1.6917
-1.1142,-1.8299
-1.1142,-0.34631
-1.1142,-1.4632
-1.1142,-0.11203
-1.1142,-0.71625
-7.553,-8.0486
-7.553,-6.9479
-7.553,-8.3331
-7.553,-7.1094
-7.553,-7.4107
-7.553,-7.7463
3.7256,3.4393
3.7256,4.1237
3.7256,3.0431
7.9169,8.8548
7.9169,8.1442
-1.6496,-2.6168
-1.6496,-0.86307
-1.6496,-1.9446
-1.6496,-1.486
-1.6496,-2.2233
-1.6496,-1.2303
-1.6496,-1.8539
-1.6496,-1.2732
-1.6496,-0.92735
-1.6496,-2.5163
-1.6496,-1.0224
-1.6496,-1.8089
-0.23013,-0.46273
-0.23013,-0.35357
-0.23013,-0.56699
-0.23013,0.39832
-0.23013,-0.028364
-0.23013,-0.86307
-0.23013,0.48436
-0.23013,-0.91001
-0.23013,-0.93553
-0.23013,0.65851
-0.23013,0.14235
-0.23013,-0.17012
-0.23013,-0.33184
-0.23013,-0.64109
-0.23013,0.073292
-0.23013,0.31563
-0.23013,0.1365
-0.23013,0.32735
-0.23013,-0.59786
-0.23013,-0.24826
3.6075,4.1482
3.6075,3.2517
3.6075,2.859
3.6075,2.9867
1.3318,0.55929
1.3318,0.68404
1.3318,1.4552
1.3318,1.9396
1.3318,1.1981
1.3318,1.1562
1.3318,0.82466
1.3318,1.4357
1.3318,1.7769
1.3318,0.54642
1.3318,1.744
1.3318,0.91689
-1.8089,-2.6168
-1.8089,-1.9446
-1.8089,-1.2732
-1.8089,-1.0224
-1.8089,-1.6496
-6.7949,-6.4642
-6.7949,-7.1094
-6.7949,-7.7463
-5.5494,-5.9407
-5.5494,-5.931
-5.5494,-5.256
-5.5494,-6.4522
-0.24826,-0.46273
-0.24826,-0.56699
-0.24826,0.39832
-0.24826,-0.82986
-0.24826,-0.028364
-0.24826,0.48436
-0.24826,-0.91001
-0.24826,-0.93553
-0.24826,0.65851
-0.24826,0.14235
-0.24826,0.12302
-0.24826,-0.17012
-0.24826,-0.33184
-0.24826,-0.64109
-0.24826,-1.1458
-0.24826,-0.44948
-0.24826,0.073292
-0.24826,0.31563
-0.24826,-0.59786
-0.24826,-0.23013
2.8067,2.2721
2.8067,1.9396
2.8067,2.5234
8.1442,8.9794
8.1442,7.9169
2.8387,2.0732
2.8387,3.2517
2.8387,3.0721
2.8387,3.7365
2.8387,2.5029
2.8387,2.9867
2.8387,2.9224
2.8387,3.2726
2.8387,2.7277
2.8387,2.0066
2.8387,2.4102
-0.71625,-0.24261
-0.71625,0.14856
-0.71625,-0.82986
-0.71625,-1.5946
-0.71625,-0.7958
-0.71625,-0.1723
-0.71625,-0.44948
-0.71625,-0.75341
-0.71625,-1.2284
-0.71625,-0.34631
-0.71625,-0.11203
-0.71625,-1.1142
8.4103,8.3823
8.4103,9.0696
8.4103,7.6813
8.4103,8.4432
