0.3244,0.090162
0.3244,-0.16223
0.3244,1.1089
0.3244,-0.66238
0.3244,-0.30693
0.3244,0.72295
0.3244,0.75297
-7.4321,-7.0963
-7.4321,-7.8392
-7.4321,-6.8751
-7.4321,-7.7968
-7.4321,-7.0163
-6.4174,-6.4578
-6.4174,-6.0257
-6.4174,-6.0404
-6.4174,-6.6042
-6.4174,-6.8751
-6.4174,-5.6397
-6.4174,-7.0163
-3.5054,-3.9726
-3.5054,-2.8151
-3.5054,-3.0662
-3.5054,-3.4746
-3.5054,-2.9688
-3.5054,-2.8915
-1.7357,-1.8181
-1.7357,-1.6578
-1.7357,-1.1132
-1.7357,-2.2726
-1.7357,-2.3401
-1.7357,-2.2851
-3.0856,-3.6163
-3.0856,-2.9406
-3.0856,-3.0082
-3.0856,-2.4661
-3.0856,-2.8732
-3.0856,-2.3288
-3.9726,-3.5054
-3.9726,-3.9104
-3.9726,-3.0662
-3.9726,-3.0051
-3.9726,-3.4461
-3.9726,-3.4746
-6.4578,-6.4174
-6.4578,-7.0963
-6.4578,-6.0404
-6.4578,-6.0741
-6.4578,-6.6474
-6.4578,-6.8751
-6.4578,-5.6998
-6.4578,-6.0717
1.5753,2.2288
1.5753,1.6278
1.5753,2.1976
-1.3036,-1.4204
-1.3036,-1.8181
-1.3036,-1.7731
-1.3036,-1.8172
-1.3036,-1.1964
-1.3036,-1.6578
-1.3036,-1.6851
-1.3036,-2.2037
-1.3036,-0.4794
-1.3036,-1.1132
-1.3036,-0.8905
2.2288,1.5753
2.2288,2.7207
2.2288,2.1976
2.2288,2.8508
2.2288,2.3405
-6.0257,-6.4174
-6.0257,-6.0404
-6.0257,-6.6042
-6.0257,-5.4428
-6.0257,-5.6397
-6.0257,-6.336
-7.0963,-7.4321
-7.0963,-6.4578
-7.0963,-6.6474
-7.0963,-6.8751
-7.0963,-7.7968
-7.0963,-7.3283
9.3485,8.8713
9.3485,9.4677
2.1899,1.4143
2.1899,2.5921
2.1899,2.3966
2.1899,1.8839
2.1899,2.6998
2.1899,2.8327
2.1899,1.897
2.1899,1.9649
2.1899,2.3921
2.1899,2.4554
2.1899,3.1284
2.374,1.488
2.374,1.6278
2.374,2.7207
2.374,2.1062
2.374,3.2244
2.374,2.1976
2.374,1.9639
2.374,2.7528
2.374,2.4333
2.374,2.7977
-3.9104,-3.9726
-3.9104,-3.6163
-3.9104,-3.3757
-3.9104,-4.1021
-3.9104,-3.4461
-3.9104,-2.9322
9.6611,8.8713
-1.4204,-1.3036
-1.4204,-1.8067
-1.4204,-2.0071
-1.4204,-1.8181
-1.4204,-1.7731
-1.4204,-1.8172
-1.4204,-1.1675
-1.4204,-1.1964
-1.4204,-1.6851
-1.4204,-2.1666
-1.4204,-2.2037
-1.4204,-0.78409
-1.4204,-0.8905
3.0727,2.5921
3.0727,3.4262
3.0727,3.2149
3.0727,3.7799
3.0727,2.8327
3.0727,3.808
3.0727,3.8713
3.0727,2.8199
3.0727,2.5494
3.0727,3.2272
3.0727,2.4554
3.0727,3.5909
-6.0404,-6.4174
-6.0404,-6.4578
-6.0404,-6.0257
-6.0404,-5.3475
-6.0404,-6.8751
-6.0404,-5.6998
-6.0404,-6.0717
-6.0404,-5.2671
-6.0404,-5.6397
-4.6442,-4.9986
-4.6442,-4.2667
3.1539,2.6531
3.1539,3.7383
3.1539,3.2433
3.1539,2.9877
3.1539,3.8129
3.1539,2.5832
3.1539,2.965
2.6531,3.1539
2.6531,2.0419
2.6531,2.3966
2.6531,3.2433
2.6531,2.9877
2.6531,2.8974
2.6531,2.1313
2.6531,2.5832
1.308,1.9395
1.308,1.1089
1.308,1.6448
1.308,1.752
1.308,0.95497
1.308,0.75297
1.4143,2.1899
1.4143,1.8839
1.4143,1.897
1.4143,1.9649
1.4143,1.1113
-5.662,-4.9986
-5.662,-5.6483
4.5629,3.9092
4.5629,3.9983
4.5629,4.5603
4.5629,4.1656
5.1074,4.8771
5.1074,4.7244
5.1074,4.5753
5.1074,4.2844
5.1074,4.3013
-3.6163,-3.0856
-3.6163,-3.9104
-3.6163,-2.9406
-3.6163,-3.3757
-3.6163,-4.1021
-3.6163,-2.8732
2.0419,2.6531
2.0419,1.3215
2.0419,2.3966
2.0419,1.9592
2.0419,1.6267
2.0419,2.1313
2.0419,2.5832
1.488,2.374
1.488,1.6278
1.488,2.1062
1.488,1.1089
1.488,1.9639
1.488,0.77
1.488,1.752
1.488,0.72295
8.1139,8.908
2.5921,2.1899
2.5921,3.0727
2.5921,3.4262
2.5921,1.8839
2.5921,2.6998
2.5921,2.8327
2.5921,1.897
2.5921,1.9649
2.5921,2.3921
2.5921,2.8199
2.5921,3.2272
2.5921,2.4554
2.5921,3.1284
-1.8067,-1.4204
-1.8067,-2.0071
-1.8067,-1.8172
-1.8067,-1.1675
-1.8067,-1.6851
-1.8067,-2.1666
-1.8067,-1.3014
-1.8067,-2.4661
-1.8067,-1.284
-1.8067,-2.5043
-1.8067,-2.3288
-1.8067,-1.9109
-2.0071,-1.4204
-2.0071,-1.8067
-2.0071,-1.8172
-2.0071,-1.1675
-2.0071,-1.6851
-2.0071,-2.1666
-2.0071,-1.3014
-2.0071,-2.2037
-2.0071,-2.8732
-2.0071,-2.9322
-2.0071,-2.5043
-2.0071,-2.3288
-2.0071,-1.9109
1.9395,1.308
1.9395,2.6604
1.9395,2.4333
1.9395,1.6448
1.9395,1.752
-2.9406,-3.0856
-2.9406,-3.6163
-2.9406,-3.3757
-2.9406,-2.4661
-2.9406,-2.8732
-2.9406,-2.9322
-2.9406,-2.5043
-2.9406,-2.3288
0.27514,0.090162
0.27514,-0.30693
0.27514,-0.4794
0.27514,0.95497
0.27514,0.75297
1.3215,2.0419
1.3215,1.9592
1.3215,1.6267
1.3215,1.1113
1.3215,2.1313
-1.8181,-1.7357
-1.8181,-1.3036
-1.8181,-1.4204
-1.8181,-1.7731
-1.8181,-2.8151
-1.8181,-2.3451
-1.8181,-1.8172
-1.8181,-1.1964
-1.8181,-1.6578
-1.8181,-2.3961
-1.8181,-2.2037
-1.8181,-1.1132
-1.8181,-2.2726
-1.8181,-2.3401
4.2266,4.8771
4.2266,3.7799
4.2266,3.808
4.2266,4.2844
4.2266,3.8713
4.2266,4.5465
4.2266,3.5909
-3.0082,-3.0856
-3.0082,-2.0985
-3.0082,-2.4661
1.6278,1.5753
1.6278,2.374
1.6278,1.488
1.6278,2.1062
1.6278,2.1976
1.6278,1.9639
1.6278,0.77
8.908,8.1139
8.908,8.6006
2.7207,2.2288
2.7207,2.374
2.7207,2.1976
2.7207,3.4185
2.7207,2.7528
2.7207,2.8508
2.7207,3.2536
2.7207,3.3913
2.3966,2.1899
2.3966,2.6531
2.3966,2.0419
2.3966,3.2433
2.3966,2.6998
2.3966,2.9877
2.3966,3.3267
2.3966,1.6267
2.3966,1.897
2.3966,2.3921
2.3966,2.8974
2.3966,2.1313
2.3966,3.1284
-6.0741,-6.4578
-6.0741,-6.6474
-6.0741,-5.3475
-6.0741,-5.6998
-6.0741,-6.0717
-6.0741,-6.343
-6.0741,-5.5336
-6.0741,-5.6483
-7.8392,-7.4321
-7.8392,-7.3143
-7.8392,-7.0163
7.8107,8.6006
0.090162,0.3244
0.090162,0.27514
0.090162,-0.66238
0.090162,-0.30693
0.090162,-0.78409
0.090162,0.75297
-6.6474,-6.4578
-6.6474,-7.0963
-6.6474,-6.0741
-6.6474,-6.8751
-6.6474,-6.0717
-6.6474,-6.343
-6.6474,-7.3283
-0.16223,0.3244
-0.16223,-0.66238
-0.16223,0.72295
3.7383,3.1539
3.7383,3.8129
3.7383,2.965
3.911,3.4262
3.911,3.6567
3.911,4.262
3.911,4.7244
3.911,3.3267
3.911,3.808
3.911,4.5753
3.911,3.6522
3.911,4.2844
3.911,3.8713
3.911,3.2272
3.911,4.3013
3.911,3.1284
3.911,3.9773
3.4262,3.0727
3.4262,2.5921
3.4262,3.911
3.4262,2.6998
3.4262,3.3267
3.4262,2.8327
3.4262,3.808
3.4262,3.6522
3.4262,4.2844
3.4262,3.8713
3.4262,2.8974
3.4262,3.2272
3.4262,4.3013
3.4262,3.1284
3.4262,3.5909
3.9092,4.5629
3.9092,3.9983
3.9092,3.4185
3.9092,3.2536
3.9092,4.1656
3.9092,3.3913
-6.6042,-6.4174
-6.6042,-6.0257
-6.6042,-7.3143
-6.6042,-7.0163
-6.6042,-6.336
-1.7731,-1.3036
-1.7731,-1.4204
-1.7731,-1.8181
-1.7731,-2.3451
-1.7731,-1.8172
-1.7731,-2.6743
-1.7731,-1.1964
-1.7731,-1.6578
-1.7731,-1.6851
-1.7731,-2.3961
-1.7731,-2.1666
-1.7731,-2.2037
-1.7731,-2.3401
-1.7731,-0.8905
-2.8151,-3.5054
-2.8151,-1.8181
-2.8151,-2.3451
-2.8151,-2.6743
-2.8151,-3.0662
-2.8151,-2.3961
-2.8151,-3.0051
-2.8151,-2.2726
-2.8151,-2.3401
-2.8151,-3.4746
-2.8151,-2.9688
-2.8151,-2.8915
3.247,3.4185
3.247,2.8508
3.247,2.3405
3.247,3.9249
-2.3451,-1.8181
-2.3451,-1.7731
-2.3451,-2.8151
-2.3451,-1.8172
-2.3451,-2.6743
-2.3451,-1.6578
-2.3451,-3.0662
-2.3451,-2.3961
-2.3451,-3.0051
-2.3451,-2.2037
-2.3451,-2.2726
-2.3451,-2.3401
-2.3451,-2.9688
2.1062,2.374
2.1062,1.488
2.1062,1.6278
2.1062,1.9639
2.1062,2.4333
2.1062,2.7977
2.1062,2.9141
2.1062,1.752
-5.3475,-6.0404
-5.3475,-6.0741
-5.3475,-4.8631
-5.3475,-5.6998
-5.3475,-6.0717
-5.3475,-5.5336
-5.3475,-5.2671
-5.3475,-4.3684
-5.3475,-5.0212
3.9983,4.5629
3.9983,3.9092
3.9983,3.2244
3.9983,4.5603
3.9983,3.7822
3.9983,3.2536
3.9983,3.3913
-1.8172,-1.3036
-1.8172,-1.4204
-1.8172,-1.8067
-1.8172,-2.0071
-1.8172,-1.8181
-1.8172,-1.7731
-1.8172,-2.3451
-1.8172,-2.6743
-1.8172,-1.1675
-1.8172,-1.1964
-1.8172,-1.6851
-1.8172,-2.3961
-1.8172,-2.1666
-1.8172,-2.2037
-1.8172,-2.5043
-1.8172,-0.8905
2.9852,2.8734
2.9852,3.4774
1.1089,0.3244
1.1089,1.308
1.1089,1.488
1.1089,1.752
1.1089,0.72295
1.1089,0.75297
-6.8751,-7.4321
-6.8751,-6.4174
-6.8751,-6.4578
-6.8751,-7.0963
-6.8751,-6.0404
-6.8751,-6.6474
-6.8751,-7.0163
3.2433,3.1539
3.2433,2.6531
3.2433,2.3966
3.2433,3.6567
3.2433,2.9877
3.2433,3.3267
3.2433,3.6522
3.2433,3.8129
3.2433,2.8974
3.2433,2.5832
3.2433,3.9773
3.6567,3.911
3.6567,3.2433
3.6567,4.262
3.6567,2.9877
3.6567,3.3267
3.6567,3.6522
3.6567,3.8129
3.6567,2.8974
3.6567,4.4697
3.6567,3.1284
3.6567,3.9773
-0.66238,0.3244
-0.66238,0.090162
-0.66238,-0.16223
-0.66238,-1.1675
-0.66238,-1.3014
-0.66238,-0.30693
-0.66238,-0.78409
-0.66238,-1.284
-4.8318,-5.2671
-4.8318,-5.4428
-4.8318,-5.6397
-6.6237,-6.343
4.262,3.911
4.262,3.6567
4.262,4.7244
4.262,3.3267
4.262,4.5753
4.262,3.6522
4.262,4.4697
4.262,4.3013
4.262,3.9773
-2.6743,-1.7731
-2.6743,-2.8151
-2.6743,-2.3451
-2.6743,-1.8172
-2.6743,-3.0662
-2.6743,-2.3961
-2.6743,-3.0051
-2.6743,-2.1666
-2.6743,-2.2037
-2.6743,-3.4461
-2.6743,-2.8732
-2.6743,-2.9322
-2.6743,-2.3401
-2.6743,-3.4746
-2.6743,-2.5043
-1.1675,-1.4204
-1.1675,-1.8067
-1.1675,-2.0071
-1.1675,-1.8172
-1.1675,-0.66238
-1.1675,-1.6851
-1.1675,-1.3014
-1.1675,-0.30693
-1.1675,-0.78409
-1.1675,-0.8905
3.2244,2.374
3.2244,3.9983
3.2244,2.7528
3.2244,3.435
3.2244,2.7977
3.2244,3.7822
3.2244,3.2536
3.2244,3.3913
2.1976,1.5753
2.1976,2.2288
2.1976,2.374
2.1976,1.6278
2.1976,2.7207
2.1976,1.9639
2.1976,2.7528
2.6604,1.9395
2.6604,2.9141
-1.1964,-1.3036
-1.1964,-1.4204
-1.1964,-1.8181
-1.1964,-1.7731
-1.1964,-1.8172
-1.1964,-1.6578
-1.1964,-0.4794
-1.1964,-1.1132
-1.1964,-0.8905
1.9639,2.374
1.9639,1.488
1.9639,1.6278
1.9639,2.1062
1.9639,2.1976
1.9639,2.7528
1.9639,2.4333
1.9639,2.7977
-1.6578,-1.7357
-1.6578,-1.3036
-1.6578,-1.8181
-1.6578,-1.7731
-1.6578,-2.3451
-1.6578,-1.1964
-1.6578,-1.1132
-1.6578,-2.2726
-1.6578,-2.3401
1.8839,2.1899
1.8839,1.4143
1.8839,2.5921
1.8839,2.6998
1.8839,1.8494
1.8839,2.8327
1.8839,1.897
1.8839,1.9649
1.8839,2.3921
1.8839,2.4554
4.0569,3.7799
4.0569,3.4774
4.0569,4.5465
-3.0662,-3.5054
-3.0662,-3.9726
-3.0662,-2.8151
-3.0662,-2.3451
-3.0662,-2.6743
-3.0662,-2.3961
-3.0662,-3.0051
-3.0662,-2.2037
-3.0662,-3.4461
-3.0662,-2.9322
-3.0662,-2.3401
-3.0662,-3.4746
-3.0662,-2.9688
-1.6851,-1.3036
-1.6851,-1.4204
-1.6851,-1.8067
-1.6851,-2.0071
-1.6851,-1.7731
-1.6851,-1.8172
-1.6851,-1.1675
-1.6851,-2.1666
-1.6851,-1.3014
-1.6851,-2.2037
-1.6851,-0.78409
-1.6851,-2.5043
-1.6851,-2.3288
-1.6851,-0.8905
2.1671,1.8494
2.1671,2.8734
2.1671,2.5494
-4.8631,-5.3475
-4.8631,-5.6998
-4.8631,-5.5336
-4.8631,-5.2671
-4.8631,-4.3684
-4.8631,-5.0212
4.8771,5.1074
4.8771,4.2266
4.8771,4.2844
4.8771,4.5465
3.4185,2.7207
3.4185,3.9092
3.4185,3.247
3.4185,2.8508
3.4185,3.9249
3.4185,3.2536
3.4185,4.1656
3.4185,3.3913
-5.6998,-6.4578
-5.6998,-6.0404
-5.6998,-6.0741
-5.6998,-5.3475
-5.6998,-4.8631
-5.6998,-6.0717
-5.6998,-5.5336
-5.6998,-5.2671
-5.6998,-5.6397
3.2149,3.0727
3.2149,3.7799
3.2149,3.808
3.2149,2.8734
3.2149,2.8199
3.2149,2.5494
3.2149,3.4774
3.2149,2.4554
3.2149,3.5909
2.6998,2.1899
2.6998,2.5921
2.6998,2.3966
2.6998,3.4262
2.6998,1.8839
2.6998,2.9877
2.6998,3.3267
2.6998,2.8327
2.6998,3.6522
2.6998,1.897
2.6998,2.3921
2.6998,2.8974
2.6998,3.2272
2.6998,3.1284
-3.3757,-3.9104
-3.3757,-3.6163
-3.3757,-2.9406
-3.3757,-3.0051
-3.3757,-4.1021
-3.3757,-3.4461
-3.3757,-2.8732
-3.3757,-2.9322
-3.3757,-2.5043
8.8713,9.3485
8.8713,9.6611
8.8713,7.9841
8.8713,8.6006
-2.3961,-1.8181
-2.3961,-1.7731
-2.3961,-2.8151
-2.3961,-2.3451
-2.3961,-1.8172
-2.3961,-2.6743
-2.3961,-3.0662
-2.3961,-3.0051
-2.3961,-2.1666
-2.3961,-2.2037
-2.3961,-2.2726
-2.3961,-2.9322
-2.3961,-2.3401
-2.3961,-2.5043
3.7799,3.0727
3.7799,4.2266
3.7799,4.0569
3.7799,3.2149
3.7799,3.808
3.7799,3.4774
3.7799,4.5465
3.7799,3.5909
-3.0051,-3.9726
-3.0051,-2.8151
-3.0051,-2.3451
-3.0051,-2.6743
-3.0051,-3.0662
-3.0051,-3.3757
-3.0051,-2.3961
-3.0051,-2.1666
-3.0051,-2.2037
-3.0051,-3.4461
-3.0051,-2.8732
-3.0051,-2.9322
-3.0051,-3.4746
-3.0051,-2.5043
4.5603,4.5629
4.5603,3.9983
4.5603,4.078
4.5603,3.7822
2.7528,2.374
2.7528,2.7207
2.7528,3.2244
2.7528,2.1976
2.7528,1.9639
2.7528,2.7977
2.7528,3.2536
2.7528,3.3913
2.9877,3.1539
2.9877,2.6531
2.9877,2.3966
2.9877,3.2433
2.9877,3.6567
2.9877,2.6998
2.9877,3.3267
2.9877,3.6522
2.9877,2.3921
2.9877,2.8974
2.9877,2.1313
2.9877,3.1284
2.9877,3.9773
1.8494,1.8839
1.8494,2.1671
1.8494,1.9649
1.8494,2.8199
1.8494,2.5494
1.8494,2.4554
4.7244,5.1074
4.7244,3.911
4.7244,4.262
4.7244,4.5753
4.7244,4.4697
4.7244,4.3013
4.7244,3.9773
3.3267,2.3966
3.3267,3.911
3.3267,3.4262
3.3267,3.2433
3.3267,3.6567
3.3267,4.262
3.3267,2.6998
3.3267,2.9877
3.3267,3.6522
3.3267,3.8713
3.3267,2.3921
3.3267,2.8974
3.3267,3.2272
3.3267,3.1284
3.3267,3.9773
2.8508,2.2288
2.8508,2.7207
2.8508,3.247
2.8508,3.4185
2.8508,2.3405
2.8508,3.2536
2.3405,2.2288
2.3405,3.247
2.3405,2.8508
2.8327,2.1899
2.8327,3.0727
2.8327,2.5921
2.8327,3.4262
2.8327,1.8839
2.8327,2.6998
2.8327,1.9649
2.8327,2.3921
2.8327,2.8199
2.8327,3.2272
2.8327,2.4554
2.8327,3.1284
2.8327,3.5909
3.808,3.0727
3.808,4.2266
3.808,3.911
3.808,3.4262
3.808,3.2149
3.808,3.7799
3.808,4.2844
3.808,3.8713
3.808,3.2272
3.808,4.3013
3.808,3.5909
-2.1666,-1.4204
-2.1666,-1.8067
-2.1666,-2.0071
-2.1666,-1.7731
-2.1666,-1.8172
-2.1666,-2.6743
-2.1666,-1.6851
-2.1666,-2.3961
-2.1666,-3.0051
-2.1666,-2.2037
-2.1666,-2.8732
-2.1666,-2.9322
-2.1666,-2.5043
-2.1666,-2.3288
1.9592,2.0419
1.9592,1.3215
1.9592,2.5832
-1.3014,-1.8067
-1.3014,-2.0071
-1.3014,-0.66238
-1.3014,-1.1675
-1.3014,-1.6851
-1.3014,-0.78409
-1.3014,-1.284
-1.3014,-1.9109
4.5753,5.1074
4.5753,3.911
4.5753,4.262
4.5753,4.7244
4.5753,3.6522
4.5753,4.2844
4.5753,3.8713
4.5753,4.3013
-7.3143,-7.8392
-7.3143,-6.6042
-7.3143,-7.0163
1.6267,2.0419
1.6267,1.3215
1.6267,2.3966
1.6267,1.897
1.6267,2.3921
1.6267,1.1113
1.6267,2.1313
2.8734,2.9852
2.8734,2.1671
2.8734,3.2149
2.8734,2.8199
2.8734,2.5494
2.8734,3.4774
4.078,4.5603
4.078,3.435
4.078,3.7822
3.435,3.2244
3.435,4.078
3.435,2.7977
3.435,3.7822
3.435,2.9141
3.6522,3.911
3.6522,3.4262
3.6522,3.2433
3.6522,3.6567
3.6522,4.262
3.6522,2.6998
3.6522,2.9877
3.6522,3.3267
3.6522,4.5753
3.6522,3.8713
3.6522,2.8974
3.6522,3.2272
3.6522,4.3013
3.6522,3.1284
3.6522,3.9773
-0.30693,0.3244
-0.30693,0.27514
-0.30693,0.090162
-0.30693,-0.66238
-0.30693,-1.1675
-0.30693,-0.4794
-0.30693,-0.78409
-0.30693,-0.8905
4.2844,5.1074
4.2844,4.2266
4.2844,3.911
4.2844,3.4262
4.2844,4.8771
4.2844,3.808
4.2844,4.5753
4.2844,3.8713
4.2844,4.3013
4.2844,3.5909
-6.0717,-6.4578
-6.0717,-6.0404
-6.0717,-6.0741
-6.0717,-6.6474
-6.0717,-5.3475
-6.0717,-5.6998
-6.0717,-6.343
-6.0717,-5.5336
2.4333,2.374
2.4333,1.9395
2.4333,2.1062
2.4333,1.9639
2.4333,2.7977
2.4333,2.9141
2.4333,1.752
-2.2037,-1.3036
-2.2037,-1.4204
-2.2037,-2.0071
-2.2037,-1.8181
-2.2037,-1.7731
-2.2037,-2.3451
-2.2037,-1.8172
-2.2037,-2.6743
-2.2037,-3.0662
-2.2037,-1.6851
-2.2037,-2.3961
-2.2037,-3.0051
-2.2037,-2.1666
-2.2037,-2.8732
-2.2037,-2.9322
-2.2037,-2.3401
-2.2037,-2.5043
9.4677,9.3485
1.897,2.1899
1.897,1.4143
1.897,2.5921
1.897,2.3966
1.897,1.8839
1.897,2.6998
1.897,1.6267
1.897,2.3921
1.897,1.1113
1.897,2.1313
1.9649,2.1899
1.9649,1.4143
1.9649,2.5921
1.9649,1.8839
1.9649,1.8494
1.9649,2.8327
1.9649,2.8199
1.9649,2.5494
1.9649,2.4554
3.9249,3.247
3.9249,3.4185
3.9249,4.866
3.9249,4.1656
3.9249,4.0293
-4.1021,-3.9104
-4.1021,-3.6163
-4.1021,-3.3757
-2.0985,-3.0082
-2.0985,-2.4661
-2.0985,-1.284
-2.0985,-1.9109
7.9841,8.8713
0.77,1.488
0.77,1.6278
0.77,0.72295
-7.7968,-7.4321
-7.7968,-7.0963
-7.7968,-7.3283
3.8713,3.0727
3.8713,4.2266
3.8713,3.911
3.8713,3.4262
3.8713,3.3267
3.8713,3.808
3.8713,4.5753
3.8713,3.6522
3.8713,4.2844
3.8713,3.2272
3.8713,4.3013
3.8713,3.1284
3.8713,3.5909
2.3921,2.1899
2.3921,2.5921
2.3921,2.3966
2.3921,1.8839
2.3921,2.6998
2.3921,2.9877
2.3921,3.3267
2.3921,2.8327
2.3921,1.6267
2.3921,1.897
2.3921,2.8974
2.3921,2.1313
2.3921,3.1284
-2.4661,-3.0856
-2.4661,-1.8067
-2.4661,-2.9406
-2.4661,-3.0082
-2.4661,-2.0985
-2.4661,-2.8732
-2.4661,-2.5043
-2.4661,-2.3288
-2.4661,-1.9109
2.8199,3.0727
2.8199,2.5921
2.8199,3.2149
2.8199,1.8494
2.8199,2.8327
2.8199,2.8734
2.8199,1.9649
2.8199,2.5494
2.8199,3.2272
2.8199,2.4554
2.8199,3.5909
2.7977,2.374
2.7977,2.1062
2.7977,3.2244
2.7977,1.9639
2.7977,2.7528
2.7977,3.435
2.7977,2.4333
2.7977,3.7822
2.7977,2.9141
-0.4794,-1.3036
-0.4794,0.27514
-0.4794,-1.1964
-0.4794,-0.30693
-0.4794,-1.1132
-0.4794,-0.8905
2.5494,3.0727
2.5494,2.1671
2.5494,3.2149
2.5494,1.8494
2.5494,2.8734
2.5494,1.9649
2.5494,2.8199
2.5494,2.4554
1.1113,1.4143
1.1113,1.3215
1.1113,1.6267
1.1113,1.897
3.7822,3.9983
3.7822,3.2244
3.7822,4.5603
3.7822,4.078
3.7822,3.435
3.7822,2.7977
3.7822,3.3913
3.8129,3.1539
3.8129,3.7383
3.8129,3.2433
3.8129,3.6567
3.8129,4.4697
3.8129,3.9773
2.8974,2.6531
2.8974,2.3966
2.8974,3.4262
2.8974,3.2433
2.8974,3.6567
2.8974,2.6998
2.8974,2.9877
2.8974,3.3267
2.8974,3.6522
2.8974,2.3921
2.8974,2.1313
2.8974,3.1284
-1.1132,-1.7357
-1.1132,-1.3036
-1.1132,-1.8181
-1.1132,-1.1964
-1.1132,-1.6578
-1.1132,-0.4794
-3.4461,-3.9726
-3.4461,-3.9104
-3.4461,-2.6743
-3.4461,-3.0662
-3.4461,-3.3757
-3.4461,-3.0051
-3.4461,-2.8732
-3.4461,-2.9322
-3.4461,-3.4746
-2.2726,-1.7357
-2.2726,-1.8181
-2.2726,-2.8151
-2.2726,-2.3451
-2.2726,-1.6578
-2.2726,-2.3961
-2.2726,-2.3401
-2.2726,-2.2851
-2.2726,-2.9688
-2.2726,-2.8915
-6.343,-6.0741
-6.343,-6.6474
-6.343,-6.6237
-6.343,-6.0717
-6.343,-5.5336
-6.343,-5.6483
2.9141,2.1062
2.9141,2.6604
2.9141,3.435
2.9141,2.4333
2.9141,2.7977
-2.8732,-3.0856
-2.8732,-3.6163
-2.8732,-2.0071
-2.8732,-2.9406
-2.8732,-2.6743
-2.8732,-3.3757
-2.8732,-3.0051
-2.8732,-2.1666
-2.8732,-2.2037
-2.8732,-2.4661
-2.8732,-3.4461
-2.8732,-2.9322
-2.8732,-2.5043
-2.8732,-2.3288
1.6448,1.308
1.6448,1.9395
1.6448,0.95497
4.866,3.9249
4.866,4.1656
4.866,4.9219
-5.5336,-6.0741
-5.5336,-5.3475
-5.5336,-4.8631
-5.5336,-5.6998
-5.5336,-6.0717
-5.5336,-6.343
-5.5336,-4.9986
-5.5336,-5.0212
-5.5336,-5.6483
-5.2671,-6.0404
-5.2671,-5.3475
-5.2671,-4.8318
-5.2671,-4.8631
-5.2671,-5.6998
-5.2671,-5.6397
-7.3283,-7.0963
-7.3283,-6.6474
-7.3283,-7.7968
4.4697,3.6567
4.4697,4.262
4.4697,4.7244
4.4697,3.8129
4.4697,3.9773
3.4774,2.9852
3.4774,4.0569
3.4774,3.2149
3.4774,3.7799
3.4774,2.8734
-4.9986,-4.6442
-4.9986,-5.662
-4.9986,-5.5336
-4.9986,-5.0212
-4.9986,-5.6483
-4.9986,-4.2667
-2.9322,-3.9104
-2.9322,-2.0071
-2.9322,-2.9406
-2.9322,-2.6743
-2.9322,-3.0662
-2.9322,-3.3757
-2.9322,-2.3961
-2.9322,-3.0051
-2.9322,-2.1666
-2.9322,-2.2037
-2.9322,-3.4461
-2.9322,-2.8732
-2.9322,-2.5043
-2.9322,-2.3288
1.752,1.308
1.752,1.488
1.752,1.9395
1.752,2.1062
1.752,1.1089
1.752,2.4333
-2.3401,-1.7357
-2.3401,-1.8181
-2.3401,-1.7731
-2.3401,-2.8151
-2.3401,-2.3451
-2.3401,-2.6743
-2.3401,-1.6578
-2.3401,-3.0662
-2.3401,-2.3961
-2.3401,-2.2037
-2.3401,-2.2726
-2.3401,-2.2851
-2.3401,-2.9688
-2.3401,-2.8915
2.1313,2.6531
2.1313,2.0419
2.1313,1.3215
2.1313,2.3966
2.1313,2.9877
2.1313,1.6267
2.1313,1.897
2.1313,2.3921
2.1313,2.8974
2.1313,2.5832
3.2536,2.7207
3.2536,3.9092
3.2536,3.9983
3.2536,3.2244
3.2536,3.4185
3.2536,2.7528
3.2536,2.8508
3.2536,3.3913
-0.78409,-1.4204
-0.78409,0.090162
-0.78409,-0.66238
-0.78409,-1.1675
-0.78409,-1.6851
-0.78409,-1.3014
-0.78409,-0.30693
-0.78409,-0.8905
0.95497,1.308
0.95497,0.27514
0.95497,1.6448
0.95497,0.75297
4.1656,4.5629
4.1656,3.9092
4.1656,3.4185
4.1656,3.9249
4.1656,4.866
3.2272,3.0727
3.2272,2.5921
3.2272,3.911
3.2272,3.4262
3.2272,2.6998
3.2272,3.3267
3.2272,2.8327
3.2272,3.808
3.2272,3.6522
3.2272,3.8713
3.2272,2.8199
3.2272,2.4554
3.2272,3.1284
3.2272,3.5909
2.5832,3.1539
2.5832,2.6531
2.5832,2.0419
2.5832,3.2433
2.5832,1.9592
2.5832,2.1313
2.5832,2.965
-3.4746,-3.5054
-3.4746,-3.9726
-3.4746,-2.8151
-3.4746,-2.6743
-3.4746,-3.0662
-3.4746,-3.0051
-3.4746,-3.4461
-3.4746,-2.9688
-5.4428,-6.0257
-5.4428,-4.8318
-5.4428,-5.6397
-2.2851,-1.7357
-2.2851,-2.2726
-2.2851,-2.3401
-2.2851,-2.9688
-2.2851,-2.8915
-1.284,-1.8067
-1.284,-0.66238
-1.284,-1.3014
-1.284,-2.0985
-1.284,-1.9109
-4.3684,-5.3475
-4.3684,-4.8631
-4.3684,-5.0212
-4.3684,-4.2667
-5.6397,-6.4174
-5.6397,-6.0257
-5.6397,-6.0404
-5.6397,-4.8318
-5.6397,-5.6998
-5.6397,-5.2671
-5.6397,-5.4428
-2.5043,-1.8067
-2.5043,-2.0071
-2.5043,-2.9406
-2.5043,-1.8172
-2.5043,-2.6743
-2.5043,-1.6851
-2.5043,-3.3757
-2.5043,-2.3961
-2.5043,-3.0051
-2.5043,-2.1666
-2.5043,-2.2037
-2.5043,-2.4661
-2.5043,-2.8732
-2.5043,-2.9322
-2.5043,-2.3288
4.9219,4.866
4.9219,4.0293
4.3013,5.1074
4.3013,3.911
4.3013,3.4262
4.3013,4.262
4.3013,4.7244
4.3013,3.808
4.3013,4.5753
4.3013,3.6522
4.3013,4.2844
4.3013,3.8713
0.72295,0.3244
0.72295,1.488
0.72295,-0.16223
0.72295,1.1089
0.72295,0.77
-5.0212,-5.3475
-5.0212,-4.8631
-5.0212,-5.5336
-5.0212,-4.9986
-5.0212,-4.3684
-5.0212,-5.6483
-5.0212,-4.2667
2.4554,2.1899
2.4554,3.0727
2.4554,2.5921
2.4554,1.8839
2.4554,3.2149
2.4554,1.8494
2.4554,2.8327
2.4554,1.9649
2.4554,2.8199
2.4554,2.5494
2.4554,3.2272
3.1284,2.1899
3.1284,2.5921
3.1284,2.3966
3.1284,3.911
3.1284,3.4262
3.1284,3.6567
3.1284,2.6998
3.1284,2.9877
3.1284,3.3267
3.1284,2.8327
3.1284,3.6522
3.1284,3.8713
3.1284,2.3921
3.1284,2.8974
3.1284,3.2272
3.9773,3.911
3.9773,3.2433
3.9773,3.6567
3.9773,4.262
3.9773,2.9877
3.9773,4.7244
3.9773,3.3267
3.9773,3.6522
3.9773,3.8129
3.9773,4.4697
-5.6483,-5.662
-5.6483,-6.0741
-5.6483,-6.343
-5.6483,-5.5336
-5.6483,-4.9986
-5.6483,-5.0212
-2.3288,-3.0856
-2.3288,-1.8067
-2.3288,-2.0071
-2.3288,-2.9406
-2.3288,-1.6851
-2.3288,-2.1666
-2.3288,-2.4661
-2.3288,-2.8732
-2.3288,-2.9322
-2.3288,-2.5043
-2.3288,-1.9109
-7.0163,-7.4321
-7.0163,-6.4174
-7.0163,-7.8392
-7.0163,-6.6042
-7.0163,-6.8751
-7.0163,-7.3143
2.965,3.1539
2.965,3.7383
2.965,2.5832
-2.9688,-3.5054
-2.9688,-2.8151
-2.9688,-2.3451
-2.9688,-3.0662
-2.9688,-2.2726
-2.9688,-2.3401
-2.9688,-3.4746
-2.9688,-2.2851
-2.9688,-2.8915
-0.8905,-1.3036
-0.8905,-1.4204
-0.8905,-1.7731
-0.8905,-1.8172
-0.8905,-1.1675
-0.8905,-1.1964
-0.8905,-1.6851
-0.8905,-0.30693
-0.8905,-0.4794
-0.8905,-0.78409
4.5465,4.2266
4.5465,4.0569
4.5465,4.8771
4.5465,3.7799
3.3913,2.7207
3.3913,3.9092
3.3913,3.9983
3.3913,3.2244
3.3913,3.4185
3.3913,2.7528
3.3913,3.7822
3.3913,3.2536
-2.8915,-3.5054
-2.8915,-2.8151
-2.8915,-2.2726
-2.8915,-2.3401
-2.8915,-2.2851
-2.8915,-2.9688
-6.336,-6.0257
-6.336,-6.6042
-4.2667,-4.6442
-4.2667,-4.9986
-4.2667,-4.3684
-4.2667,-5.0212
0.75297,0.3244
0.75297,1.308
0.75297,0.27514
0.75297,0.090162
0.75297,1.1089
0.75297,0.95497
4.0293,3.9249
4.0293,4.9219
3.5909,3.0727
3.5909,4.2266
3.5909,3.4262
3.5909,3.2149
3.5909,3.7799
3.5909,2.8327
3.5909,3.808
3.5909,4.2844
3.5909,3.8713
3.5909,2.8199
3.5909,3.2272
-1.9109,-1.8067
-1.9109,-2.0071
-1.9109,-1.3014
-1.9109,-2.0985
-1.9109,-2.4661
-1.9109,-1.284
-1.9109,-2.3288
8.6006,8.908
8.6006,7.8107
8.6006,8.8713
-9.7759,-10
9.4677,10
-9.6491,-10
9.4677,10
