4.7834,4.7304
4.7834,4.3471
4.7834,5.1808
4.7834,5.0409
4.7834,4.3058
4.7834,4.4346
4.7834,5.5633
4.7834,4.0996
4.7834,4.4693
4.7834,4.8564
4.7834,4.4852
4.7834,5.1507
4.7834,4.7231
4.7834,4.8539
4.7834,5.1745
4.7834,3.9814
4.7834,4.5324
4.7834,5.5058
4.7834,5.3731
4.7834,5.1454
4.7834,5.6347
4.7834,3.8582
4.7834,4.1353
-4.7127,-5.0099
-4.7127,-4.143
-4.7127,-5.1671
-4.7127,-4.0118
-4.7127,-4.5286
-4.7127,-4.2443
-4.7127,-5.2644
-5.0099,-4.7127
-5.0099,-4.4017
-5.0099,-5.5722
-5.0099,-4.9844
-5.0099,-5.5684
-5.0099,-4.5286
-5.0099,-5.2644
4.1709,5.1068
4.1709,3.9986
4.1709,4.6025
4.1709,4.2754
4.1709,4.544
4.1709,3.3239
2.9243,3.1217
2.9243,3.5898
2.9243,3.3849
2.9243,2.4756
2.9243,2.7695
2.9243,3.6083
2.9243,3.4717
2.9243,2.8757
2.9243,3.6061
6.6071,6.4409
6.6071,5.9291
6.6071,6.9671
6.6071,6.1267
6.6071,5.7608
5.1068,4.1709
5.1068,4.6025
5.1068,5.8695
5.1068,5.1902
5.1068,4.544
-4.4017,-5.0099
-4.4017,-4.9844
-4.4017,-4.0118
-4.4017,-3.433
-4.4017,-4.5286
-4.4017,-3.962
-4.4017,-3.7937
-4.4017,-4.5312
6.1374,5.6586
6.1374,5.5633
6.1374,6.3984
6.1374,5.1507
6.1374,5.8275
6.1374,6.8299
6.1374,6.425
6.1374,5.5058
6.1374,5.1454
6.1374,5.8842
3.1217,2.9243
3.1217,3.5072
3.1217,3.5898
3.1217,4.0996
3.1217,3.3849
3.1217,2.4756
3.1217,2.7695
3.1217,3.6083
3.1217,2.8571
3.1217,3.4717
3.1217,3.7933
3.1217,2.8757
3.1217,3.8582
5.6586,6.1374
5.6586,4.7304
5.6586,5.2903
5.6586,5.5633
5.6586,6.3984
5.6586,4.8564
5.6586,5.1507
5.6586,5.8291
5.6586,5.8275
5.6586,5.1745
5.6586,4.9743
5.6586,5.0272
5.6586,5.5058
5.6586,5.1454
5.6586,5.8842
-5.5722,-5.0099
-5.5722,-4.9844
-5.5722,-5.5684
-5.5722,-5.8733
-5.5722,-5.1471
-5.5722,-6.2287
-4.143,-4.7127
-4.143,-3.6951
-4.143,-4.0118
-4.143,-4.5286
-4.143,-4.2443
-4.143,-3.4696
-0.91508,-0.0074624
-0.91508,-1.1956
-7.5243,-8.037
-7.5243,-7.7822
-7.5243,-7.1556
-7.5243,-7.2757
-7.5243,-6.8545
-7.5243,-7.9177
-7.5243,-7.1399
-7.5243,-7.0211
4.7304,4.7834
4.7304,5.6586
4.7304,3.8489
4.7304,4.2293
4.7304,4.3058
4.7304,5.2903
4.7304,4.4693
4.7304,4.8564
4.7304,4.4852
4.7304,4.1765
4.7304,5.1507
4.7304,4.5774
4.7304,5.1745
4.7304,3.9814
4.7304,4.5667
4.7304,4.9743
4.7304,3.9268
4.7304,5.0272
4.7304,5.5058
4.7304,5.1454
5.352,5.9291
5.352,4.7954
5.352,4.7653
5.352,4.6025
5.352,5.7789
5.352,4.8539
5.352,5.8695
5.352,5.1902
5.352,5.7608
5.352,5.2459
5.352,5.3731
2.2777,2.0248
4.3471,4.7834
4.3471,3.8489
4.3471,5.1808
4.3471,5.0409
4.3471,3.5072
4.3471,3.5898
4.3471,4.3058
4.3471,4.4346
4.3471,4.0996
4.3471,4.4693
4.3471,4.8564
4.3471,4.4852
4.3471,3.3849
4.3471,4.7231
4.3471,4.1312
4.3471,4.8539
4.3471,5.1745
4.3471,3.9814
4.3471,4.5324
4.3471,3.7933
4.3471,3.8582
4.3471,4.1353
-5.9548,-6.5018
-5.9548,-6.5984
-5.9548,-5.3541
-5.9548,-6.8545
-5.9548,-5.9503
-5.9548,-5.4654
-5.9548,-6.1919
-5.9548,-6.0423
-5.9548,-6.0039
-5.9548,-6.5497
-5.9548,-5.604
-4.9844,-5.0099
-4.9844,-4.4017
-4.9844,-5.5722
-4.9844,-5.5684
-4.9844,-4.5286
-4.9844,-4.5312
-4.9844,-5.1471
-1.7237,-2.418
-1.7237,-2.1476
-7.8769,-7.9697
-7.8769,-7.5087
-7.8769,-7.5105
-7.8769,-7.2613
-7.8769,-8.4385
-7.8769,-8.4683
-7.9697,-7.8769
-7.9697,-8.7184
-7.9697,-7.7822
-7.9697,-7.5105
-7.9697,-7.0369
-7.9697,-7.2613
-7.9697,-7.4545
-7.9697,-8.171
-7.9697,-8.4385
3.8489,4.7304
3.8489,4.3471
3.8489,4.2293
3.8489,3.5072
3.8489,4.3058
3.8489,3.3604
3.8489,4.4693
3.8489,4.4852
3.8489,4.1765
3.8489,3.3849
3.8489,3.9814
3.8489,3.9268
3.8489,3.498
3.8489,3.6027
3.8489,3.2079
3.8489,3.8582
3.8489,4.1353
-8.037,-7.5243
-8.037,-7.1556
-8.037,-7.9177
-8.037,-7.1399
-8.037,-8.5865
-2.0545,-2.9626
-2.0545,-2.418
5.0286,5.3068
5.0286,4.2646
5.0286,4.5667
5.0286,5.9366
5.0286,4.7226
-4.4315,-4.6724
-4.4315,-5.1194
-4.4315,-5.0679
6.4409,6.6071
6.4409,5.9291
6.4409,5.7789
6.4409,5.8695
-8.7184,-7.9697
-8.7184,-9.166
-8.7184,-9.2257
-8.7184,-8.5027
-8.7184,-8.171
-8.7184,-8.4385
4.2293,4.7304
4.2293,3.8489
4.2293,4.3058
4.2293,3.3604
4.2293,4.4693
4.2293,4.8564
4.2293,4.4852
4.2293,4.1765
4.2293,5.1507
4.2293,3.9389
4.2293,4.5774
4.2293,3.6231
4.2293,3.9814
4.2293,4.5667
4.2293,4.9743
4.2293,3.9268
4.2293,3.498
4.2293,4.1415
4.2293,3.6027
4.2293,5.0272
0.38727,1.2502
0.38727,0.69864
0.38727,-0.0074624
0.38727,-0.22126
-6.5018,-5.9548
-6.5018,-6.5984
-6.5018,-7.1556
-6.5018,-7.2757
-6.5018,-6.9407
-6.5018,-6.8545
-6.5018,-5.9503
-6.5018,-7.0211
-6.5018,-6.1919
-6.5018,-6.0039
-6.5018,-6.5497
-6.5018,-6.3436
-6.5018,-5.604
5.1808,4.7834
5.1808,4.3471
5.1808,5.0409
5.1808,5.9291
5.1808,4.4346
5.1808,5.5633
5.1808,4.7954
5.1808,4.8564
5.1808,4.4852
5.1808,4.7231
5.1808,4.8539
5.1808,5.1745
5.1808,4.5324
5.1808,6.1267
5.1808,5.7608
5.1808,5.2459
5.1808,5.5058
5.1808,5.3731
5.1808,5.1454
5.1808,5.6347
5.1808,5.8842
5.0409,4.7834
5.0409,4.3471
5.0409,5.1808
5.0409,5.9291
5.0409,4.4346
5.0409,5.5633
5.0409,4.0996
5.0409,4.7954
5.0409,4.8564
5.0409,4.7653
5.0409,4.7231
5.0409,4.8539
5.0409,5.1745
5.0409,4.5324
5.0409,5.7608
5.0409,5.2459
5.0409,5.3731
5.0409,5.6347
2.1636,2.2375
2.1636,2.4756
2.1636,2.7695
2.1636,2.7262
2.1636,2.8571
5.9291,6.6071
5.9291,5.352
5.9291,6.4409
5.9291,5.1808
5.9291,5.0409
5.9291,5.7789
5.9291,6.1267
5.9291,5.7608
5.9291,5.2459
5.9291,5.3731
5.9291,5.6347
3.5072,3.1217
3.5072,4.3471
3.5072,3.8489
3.5072,3.5898
3.5072,4.0996
3.5072,3.3604
3.5072,4.4852
3.5072,3.3849
3.5072,3.9814
3.5072,3.9268
3.5072,3.498
3.5072,2.7695
3.5072,2.7262
3.5072,2.8571
3.5072,3.7933
3.5072,3.2079
3.5072,3.8582
3.5072,4.1353
-9.166,-8.7184
-9.166,-8.5027
-9.166,-8.5865
3.5898,2.9243
3.5898,3.1217
3.5898,4.3471
3.5898,3.5072
3.5898,4.4346
3.5898,4.0996
3.5898,4.1748
3.5898,3.3849
3.5898,4.1312
3.5898,4.5324
3.5898,2.7695
3.5898,3.6083
3.5898,3.4717
3.5898,3.7933
3.5898,3.6061
3.5898,3.8582
3.5898,4.1353
-4.6724,-4.4315
-4.6724,-5.1194
-4.6724,-4.8018
-4.6724,-5.2526
-4.6724,-4.0299
6.9671,6.6071
6.9671,6.8299
6.9671,6.425
6.9671,6.1267
4.3058,4.7834
4.3058,4.7304
4.3058,4.3471
4.3058,3.8489
4.3058,4.2293
4.3058,3.3604
4.3058,4.4693
4.3058,4.8564
4.3058,4.4852
4.3058,4.1765
4.3058,5.1507
4.3058,4.5774
4.3058,3.9814
4.3058,4.9743
4.3058,3.9268
4.3058,3.498
4.3058,3.6027
4.3058,5.1454
4.3058,3.8582
4.3058,4.1353
1.2502,0.38727
1.2502,1.3431
5.2903,5.6586
5.2903,4.7304
5.2903,5.3068
5.2903,5.1507
5.2903,5.8291
5.2903,4.5774
5.2903,5.8275
5.2903,4.5667
5.2903,4.9743
5.2903,5.0272
5.2903,5.5058
5.2903,5.1454
5.2903,4.7226
-7.7822,-7.5243
-7.7822,-7.9697
-7.7822,-7.5105
-7.7822,-7.2757
-7.7822,-6.9407
-7.7822,-8.5027
-7.7822,-7.9177
-7.7822,-7.0211
-7.7822,-7.4545
-7.7822,-8.171
-3.6951,-4.143
-3.6951,-4.0118
-3.6951,-3.433
-3.6951,-4.5286
-3.6951,-3.7937
-3.6951,-3.2088
-3.6951,-3.4696
-3.6951,-2.9485
-5.1671,-4.7127
-5.1671,-4.2443
-5.1671,-5.2644
0.69864,0.38727
0.69864,-0.0074624
0.69864,1.2379
0.69864,1.3431
4.4346,4.7834
4.4346,4.3471
4.4346,5.1808
4.4346,5.0409
4.4346,3.5898
4.4346,4.0996
4.4346,4.1748
4.4346,4.7954
4.4346,4.8564
4.4346,4.7653
4.4346,4.4852
4.4346,4.7231
4.4346,4.1312
4.4346,4.8539
4.4346,5.1745
4.4346,3.9814
4.4346,4.5324
4.4346,3.7933
4.4346,5.3731
4.4346,3.8582
4.4346,4.1353
-4.0118,-4.7127
-4.0118,-4.4017
-4.0118,-4.143
-4.0118,-3.6951
-4.0118,-3.433
-4.0118,-4.5286
-4.0118,-3.7937
-4.0118,-3.2088
-4.0118,-3.4696
5.5633,4.7834
5.5633,6.1374
5.5633,5.6586
5.5633,5.1808
5.5633,5.0409
5.5633,4.8564
5.5633,5.1507
5.5633,4.7231
5.5633,5.1745
5.5633,6.425
5.5633,6.1267
5.5633,5.7608
5.5633,5.5058
5.5633,5.3731
5.5633,5.1454
5.5633,5.6347
5.5633,5.8842
-7.5087,-7.8769
-7.5087,-7.2613
-7.5087,-6.6883
-7.5087,-8.4683
-6.479,-6.5984
-6.479,-7.0369
-6.479,-6.6207
-6.479,-6.8062
-6.479,-6.9407
-6.479,-5.9503
-6.479,-5.9411
-6.479,-6.1804
-6.479,-5.7611
-6.479,-7.0211
-6.479,-7.4545
-6.479,-6.0039
-6.479,-6.3436
-6.5984,-5.9548
-6.5984,-6.5018
-6.5984,-6.479
-6.5984,-7.1556
-6.5984,-7.2757
-6.5984,-6.8062
-6.5984,-6.9407
-6.5984,-6.8545
-6.5984,-5.9503
-6.5984,-5.7611
-6.5984,-7.0211
-6.5984,-6.1919
-6.5984,-7.4545
-6.5984,-6.0039
-6.5984,-6.5497
-6.5984,-6.3436
-6.5984,-5.604
5.3068,5.0286
5.3068,5.2903
5.3068,5.8291
5.3068,4.5774
5.3068,5.8275
5.3068,4.5667
5.3068,4.9743
5.3068,5.0272
5.3068,5.9366
5.3068,4.7226
-5.5684,-5.0099
-5.5684,-5.5722
-5.5684,-4.9844
-5.5684,-5.8779
-5.5684,-5.2644
-5.5684,-6.2287
4.0996,4.7834
4.0996,3.1217
4.0996,4.3471
4.0996,5.0409
4.0996,3.5072
4.0996,3.5898
4.0996,4.4346
4.0996,4.1748
4.0996,4.7954
4.0996,3.3849
4.0996,4.7231
4.0996,4.1312
4.0996,4.2754
4.0996,4.8539
4.0996,3.9814
4.0996,4.5324
4.0996,3.6083
4.0996,3.4717
4.0996,3.7933
4.0996,3.8582
4.0996,4.1353
3.9986,4.1709
3.9986,4.1748
3.9986,4.7653
3.9986,4.6025
3.9986,4.1312
3.9986,4.2754
3.9986,3.6083
3.9986,4.544
3.9986,3.6061
3.9986,3.3239
6.3984,6.1374
6.3984,5.6586
6.3984,5.8291
6.3984,5.8275
6.3984,6.8299
4.1748,3.5898
4.1748,4.4346
4.1748,4.0996
4.1748,3.9986
4.1748,4.7954
4.1748,4.7653
4.1748,4.6025
4.1748,4.1312
4.1748,4.2754
4.1748,4.8539
4.1748,4.5324
4.1748,3.6083
4.1748,3.4717
4.1748,3.7933
4.1748,3.6061
3.3604,3.8489
3.3604,4.2293
3.3604,3.5072
3.3604,4.3058
3.3604,4.1765
3.3604,3.9389
3.3604,2.882
3.3604,3.6231
3.3604,3.9814
3.3604,3.2669
3.3604,3.9268
3.3604,3.498
3.3604,2.7262
3.3604,2.8571
3.3604,2.8968
3.3604,3.6027
3.3604,3.2079
-3.433,-4.4017
-3.433,-3.6951
-3.433,-4.0118
-3.433,-3.962
-3.433,-3.7937
-3.433,-3.2088
-3.433,-3.215
-3.433,-2.7246
4.2646,5.0286
4.2646,3.9389
4.2646,3.432
4.2646,4.5667
4.2646,4.1415
4.2646,4.7226
4.2646,3.7506
4.7954,5.352
4.7954,5.1808
4.7954,5.0409
4.7954,4.4346
4.7954,4.0996
4.7954,4.1748
4.7954,4.7653
4.7954,4.6025
4.7954,4.7231
4.7954,4.1312
4.7954,4.2754
4.7954,4.8539
4.7954,4.5324
4.7954,5.1902
4.7954,5.2459
4.7954,5.3731
-4.9557,-4.2204
-4.9557,-5.7492
-4.9557,-5.4654
-4.9557,-4.8998
4.4693,4.7834
4.4693,4.7304
4.4693,4.3471
4.4693,3.8489
4.4693,4.2293
4.4693,4.3058
4.4693,4.8564
4.4693,4.4852
4.4693,4.1765
4.4693,5.1507
4.4693,4.7231
4.4693,4.5774
4.4693,5.1745
4.4693,3.9814
4.4693,4.9743
4.4693,3.9268
4.4693,3.498
4.4693,5.1454
4.4693,3.8582
4.4693,4.1353
-4.5286,-4.7127
-4.5286,-5.0099
-4.5286,-4.4017
-4.5286,-4.143
-4.5286,-4.9844
-4.5286,-3.6951
-4.5286,-4.0118
-4.5286,-3.7937
-4.5286,-5.2644
-7.5105,-7.8769
-7.5105,-7.9697
-7.5105,-7.7822
-7.5105,-7.0369
-7.5105,-6.6207
-7.5105,-6.8062
-7.5105,-6.9407
-7.5105,-7.2613
-7.5105,-7.4545
-7.5105,-8.171
-7.5105,-8.4385
-7.0369,-7.9697
-7.0369,-6.479
-7.0369,-7.5105
-7.0369,-6.6207
-7.0369,-6.8062
-7.0369,-6.9407
-7.0369,-6.1804
-7.0369,-7.0211
-7.0369,-7.2613
-7.0369,-7.4545
-7.0369,-6.3436
4.8564,4.7834
4.8564,5.6586
4.8564,4.7304
4.8564,4.3471
4.8564,4.2293
4.8564,5.1808
4.8564,5.0409
4.8564,4.3058
4.8564,4.4346
4.8564,5.5633
4.8564,4.4693
4.8564,4.4852
4.8564,5.1507
4.8564,4.7231
4.8564,5.1745
4.8564,3.9814
4.8564,4.9743
4.8564,5.5058
4.8564,5.1454
4.8564,4.1353
-4.8727,-3.986
-4.8727,-4.5312
-4.8727,-5.1471
-2.9626,-2.0545
-2.9626,-3.4696
-2.9626,-2.9485
-6.6207,-6.479
-6.6207,-7.5105
-6.6207,-7.0369
-6.6207,-6.8062
-6.6207,-5.9411
-6.6207,-6.1804
-6.6207,-7.2613
-6.6207,-6.6883
-6.6207,-6.0185
4.7653,5.352
4.7653,5.0409
4.7653,4.4346
4.7653,3.9986
4.7653,4.1748
4.7653,4.7954
4.7653,4.6025
4.7653,4.1312
4.7653,4.2754
4.7653,4.8539
4.7653,4.5324
4.7653,5.1902
4.7653,5.2459
4.7653,4.544
4.7653,5.3731
4.4852,4.7834
4.4852,4.7304
4.4852,4.3471
4.4852,3.8489
4.4852,4.2293
4.4852,5.1808
4.4852,3.5072
4.4852,4.3058
4.4852,4.4346
4.4852,4.4693
4.4852,4.8564
4.4852,5.1507
4.4852,4.7231
4.4852,5.1745
4.4852,3.9814
4.4852,4.9743
4.4852,3.9268
4.4852,3.498
4.4852,5.1454
4.4852,3.8582
4.4852,4.1353
4.1765,4.7304
4.1765,3.8489
4.1765,4.2293
4.1765,4.3058
4.1765,3.3604
4.1765,4.4693
4.1765,3.9389
4.1765,4.5774
4.1765,3.6231
4.1765,3.2669
4.1765,4.5667
4.1765,4.9743
4.1765,3.9268
4.1765,4.1415
4.1765,3.6027
4.1765,5.0272
4.1765,4.7226
5.1507,4.7834
5.1507,6.1374
5.1507,5.6586
5.1507,4.7304
5.1507,4.2293
5.1507,4.3058
5.1507,5.2903
5.1507,5.5633
5.1507,4.4693
5.1507,4.8564
5.1507,4.4852
5.1507,4.5774
5.1507,5.8275
5.1507,5.1745
5.1507,4.9743
5.1507,5.0272
5.1507,5.5058
5.1507,5.1454
5.1507,5.8842
2.2375,2.1636
2.2375,2.882
2.2375,2.7262
2.2375,2.8968
3.3849,2.9243
3.3849,3.1217
3.3849,4.3471
3.3849,3.8489
3.3849,3.5072
3.3849,3.5898
3.3849,4.0996
3.3849,2.4756
3.3849,3.9814
3.3849,3.498
3.3849,2.7695
3.3849,2.8571
3.3849,3.4717
3.3849,3.7933
3.3849,3.2079
3.3849,3.8582
3.3849,4.1353
3.9389,4.2293
3.9389,3.3604
3.9389,4.2646
3.9389,4.1765
3.9389,3.432
3.9389,4.5774
3.9389,3.6231
3.9389,3.2669
3.9389,4.5667
3.9389,3.9268
3.9389,4.1415
3.9389,3.6027
3.9389,4.7226
3.9389,3.7506
2.4756,2.9243
2.4756,3.1217
2.4756,2.1636
2.4756,3.3849
2.4756,2.7695
2.4756,2.8571
2.4756,2.8757
-7.1556,-7.5243
-7.1556,-8.037
-7.1556,-6.5018
-7.1556,-6.5984
-7.1556,-7.2757
-7.1556,-6.8545
-7.1556,-7.9177
-7.1556,-7.1399
-7.1556,-7.0211
-7.1556,-6.1919
-7.1556,-6.5497
-4.2204,-4.9557
-4.2204,-4.8018
-4.2204,-4.8998
-4.2204,-4.0299
4.6025,4.1709
4.6025,5.1068
4.6025,5.352
4.6025,3.9986
4.6025,4.1748
4.6025,4.7954
4.6025,4.7653
4.6025,4.1312
4.6025,4.2754
4.6025,4.5324
4.6025,5.1902
4.6025,5.2459
4.6025,4.544
4.7231,4.7834
4.7231,4.3471
4.7231,5.1808
4.7231,5.0409
4.7231,4.4346
4.7231,5.5633
4.7231,4.0996
4.7231,4.7954
4.7231,4.4693
4.7231,4.8564
4.7231,4.4852
4.7231,4.1312
4.7231,4.8539
4.7231,5.1745
4.7231,3.9814
4.7231,4.5324
4.7231,3.7933
4.7231,5.3731
4.7231,5.1454
4.7231,5.6347
4.7231,3.8582
4.7231,4.1353
-5.7492,-4.9557
-5.7492,-6.6237
-5.7492,-5.4654
-5.7492,-6.0423
-3.986,-4.8727
-3.986,-3.962
-3.986,-4.5312
-5.1194,-4.4315
-5.1194,-4.6724
-5.1194,-5.0679
-5.1194,-5.9503
-5.1194,-5.9411
-5.1194,-5.2526
-5.1194,-5.7611
-5.1194,-5.5129
-5.1194,-5.604
5.8291,5.6586
5.8291,5.2903
5.8291,5.3068
5.8291,6.3984
5.8291,5.8275
5.8291,5.0272
5.8291,5.9366
-3.962,-4.4017
-3.962,-3.433
-3.962,-3.986
-3.962,-3.7937
-3.962,-3.215
-3.962,-4.5312
-5.3541,-5.9548
-5.3541,-4.8018
-5.3541,-5.9503
-5.3541,-5.4654
-5.3541,-5.2526
-5.3541,-6.1919
-5.3541,-4.8998
-5.3541,-6.0039
-5.3541,-5.604
-7.2757,-7.5243
-7.2757,-6.5018
-7.2757,-7.7822
-7.2757,-6.5984
-7.2757,-7.1556
-7.2757,-6.9407
-7.2757,-6.8545
-7.2757,-7.9177
-7.2757,-7.0211
-7.2757,-7.4545
5.7789,5.352
5.7789,6.4409
5.7789,5.9291
5.7789,5.8695
5.7789,5.1902
5.7789,5.7608
5.7789,5.2459
5.7789,5.3731
2.0248,2.2777
2.0248,1.3431
4.1312,4.3471
4.1312,3.5898
4.1312,4.4346
4.1312,4.0996
4.1312,3.9986
4.1312,4.1748
4.1312,4.7954
4.1312,4.7653
4.1312,4.6025
4.1312,4.7231
4.1312,4.2754
4.1312,4.8539
4.1312,4.5324
4.1312,3.6083
4.1312,3.4717
4.1312,3.7933
4.1312,3.6061
4.1312,3.8582
-4.8018,-4.6724
-4.8018,-4.2204
-4.8018,-5.3541
-4.8018,-5.2526
-4.8018,-4.8998
-4.8018,-4.0299
-4.8018,-5.604
4.2754,4.1709
4.2754,4.0996
4.2754,3.9986
4.2754,4.1748
4.2754,4.7954
4.2754,4.7653
4.2754,4.6025
4.2754,4.1312
4.2754,4.5324
4.2754,5.1902
4.2754,3.6083
4.2754,4.544
4.2754,3.6061
3.432,4.2646
3.432,3.9389
3.432,2.882
3.432,3.6231
3.432,3.2669
3.432,4.1415
3.432,2.773
3.432,3.7506
4.5774,4.7304
4.5774,4.2293
4.5774,4.3058
4.5774,5.2903
4.5774,5.3068
4.5774,4.4693
4.5774,4.1765
4.5774,5.1507
4.5774,3.9389
4.5774,3.6231
4.5774,4.5667
4.5774,4.9743
4.5774,3.9268
4.5774,4.1415
4.5774,3.6027
4.5774,5.0272
4.5774,4.7226
-6.8062,-6.479
-6.8062,-6.5984
-6.8062,-7.5105
-6.8062,-7.0369
-6.8062,-6.6207
-6.8062,-6.9407
-6.8062,-5.9411
-6.8062,-6.1804
-6.8062,-7.0211
-6.8062,-7.2613
-6.8062,-7.4545
-6.8062,-6.3436
-6.6237,-5.7492
-6.6237,-7.1399
-6.6237,-6.0423
-6.6237,-6.5497
-5.0679,-4.4315
-5.0679,-5.1194
-5.0679,-5.9411
-5.0679,-5.5129
-5.0679,-6.0185
-6.9407,-6.5018
-6.9407,-7.7822
-6.9407,-6.479
-6.9407,-6.5984
-6.9407,-7.5105
-6.9407,-7.0369
-6.9407,-7.2757
-6.9407,-6.8062
-6.9407,-6.8545
-6.9407,-5.9503
-6.9407,-6.1804
-6.9407,-7.0211
-6.9407,-7.4545
-6.9407,-6.3436
5.8275,6.1374
5.8275,5.6586
5.8275,5.2903
5.8275,5.3068
5.8275,6.3984
5.8275,5.1507
5.8275,5.8291
5.8275,4.9743
5.8275,5.0272
5.8275,5.5058
6.8299,6.1374
6.8299,6.9671
6.8299,6.3984
6.8299,6.425
-6.8545,-7.5243
-6.8545,-5.9548
-6.8545,-6.5018
-6.8545,-6.5984
-6.8545,-7.1556
-6.8545,-7.2757
-6.8545,-6.9407
-6.8545,-7.1399
-6.8545,-7.0211
-6.8545,-6.1919
-6.8545,-6.0039
-6.8545,-6.5497
-5.9503,-5.9548
-5.9503,-6.5018
-5.9503,-6.479
-5.9503,-6.5984
-5.9503,-5.1194
-5.9503,-5.3541
-5.9503,-6.9407
-5.9503,-5.9411
-5.9503,-6.1804
-5.9503,-5.2526
-5.9503,-5.7611
-5.9503,-6.1919
-5.9503,-6.0039
-5.9503,-5.5129
-5.9503,-6.3436
-5.9503,-5.604
4.8539,4.7834
4.8539,5.352
4.8539,4.3471
4.8539,5.1808
4.8539,5.0409
4.8539,4.4346
4.8539,4.0996
4.8539,4.1748
4.8539,4.7954
4.8539,4.7653
4.8539,4.7231
4.8539,4.1312
4.8539,5.1745
4.8539,4.5324
4.8539,5.7608
4.8539,5.2459
4.8539,5.3731
4.8539,5.6347
-9.2257,-8.7184
-9.2257,-8.4385
5.1745,4.7834
5.1745,5.6586
5.1745,4.7304
5.1745,4.3471
5.1745,5.1808
5.1745,5.0409
5.1745,4.4346
5.1745,5.5633
5.1745,4.4693
5.1745,4.8564
5.1745,4.4852
5.1745,5.1507
5.1745,4.7231
5.1745,4.8539
5.1745,5.5058
5.1745,5.3731
5.1745,5.1454
5.1745,5.6347
5.1745,5.8842
-5.9411,-6.479
-5.9411,-6.6207
-5.9411,-5.1194
-5.9411,-6.8062
-5.9411,-5.0679
-5.9411,-5.9503
-5.9411,-6.1804
-5.9411,-5.7611
-5.9411,-5.5129
-5.9411,-6.3436
-5.9411,-6.0185
-5.8779,-5.5684
-5.8779,-5.2644
-5.8779,-6.2287
-8.5027,-8.7184
-8.5027,-9.166
-8.5027,-7.7822
-8.5027,-7.9177
-8.5027,-8.5865
-8.5027,-8.171
-5.4654,-5.9548
-5.4654,-4.9557
-5.4654,-5.7492
-5.4654,-5.3541
-5.4654,-6.1919
-5.4654,-6.0423
-5.4654,-4.8998
-5.4654,-5.604
2.882,3.3604
2.882,2.2375
2.882,3.432
2.882,3.6231
2.882,3.2669
2.882,2.7262
2.882,2.8968
2.882,3.6027
2.882,3.2079
2.882,2.773
3.6231,4.2293
3.6231,3.3604
3.6231,4.1765
3.6231,3.9389
3.6231,3.432
3.6231,4.5774
3.6231,2.882
3.6231,3.2669
3.6231,4.5667
3.6231,3.9268
3.6231,4.1415
3.6231,2.8968
3.6231,3.6027
3.6231,3.7506
-6.1804,-6.479
-6.1804,-7.0369
-6.1804,-6.6207
-6.1804,-6.8062
-6.1804,-6.9407
-6.1804,-5.9503
-6.1804,-5.9411
-6.1804,-5.7611
-6.1804,-5.5129
-6.1804,-6.3436
-6.1804,-6.0185
3.9814,4.7834
3.9814,4.7304
3.9814,4.3471
3.9814,3.8489
3.9814,4.2293
3.9814,3.5072
3.9814,4.3058
3.9814,4.4346
3.9814,4.0996
3.9814,3.3604
3.9814,4.4693
3.9814,4.8564
3.9814,4.4852
3.9814,3.3849
3.9814,4.7231
3.9814,3.9268
3.9814,3.498
3.9814,3.6027
3.9814,3.7933
3.9814,3.2079
3.9814,3.8582
3.9814,4.1353
-5.2526,-4.6724
-5.2526,-5.1194
-5.2526,-5.3541
-5.2526,-4.8018
-5.2526,-5.9503
-5.2526,-5.7611
-5.2526,-6.0039
-5.2526,-5.5129
-5.2526,-5.604
-3.7937,-4.4017
-3.7937,-3.6951
-3.7937,-4.0118
-3.7937,-3.433
-3.7937,-4.5286
-3.7937,-3.962
-3.7937,-3.2088
-3.7937,-3.215
3.2669,3.3604
3.2669,4.1765
3.2669,3.9389
3.2669,3.432
3.2669,2.882
3.2669,3.6231
3.2669,4.1415
3.2669,2.8968
3.2669,3.6027
3.2669,2.773
3.2669,3.7506
4.5324,4.7834
4.5324,4.3471
4.5324,5.1808
4.5324,5.0409
4.5324,3.5898
4.5324,4.4346
4.5324,4.0996
4.5324,4.1748
4.5324,4.7954
4.5324,4.7653
4.5324,4.6025
4.5324,4.7231
4.5324,4.1312
4.5324,4.2754
4.5324,4.8539
4.5324,5.2459
4.5324,3.7933
4.5324,5.3731
-0.0074624,-0.91508
-0.0074624,0.38727
-0.0074624,0.69864
-7.9177,-7.5243
-7.9177,-8.037
-7.9177,-7.7822
-7.9177,-7.1556
-7.9177,-7.2757
-7.9177,-8.5027
-7.9177,-7.0211
-7.9177,-8.5865
-7.9177,-7.4545
-7.9177,-8.171
-7.1399,-7.5243
-7.1399,-8.037
-7.1399,-7.1556
-7.1399,-6.6237
-7.1399,-6.8545
-7.1399,-6.5497
4.5667,4.7304
4.5667,5.0286
4.5667,4.2293
4.5667,5.2903
4.5667,5.3068
4.5667,4.2646
4.5667,4.1765
4.5667,3.9389
4.5667,4.5774
4.5667,3.6231
4.5667,4.9743
4.5667,4.1415
4.5667,5.0272
4.5667,4.7226
5.8695,5.1068
5.8695,5.352
5.8695,6.4409
5.8695,5.7789
5.8695,5.1902
6.425,6.1374
6.425,6.9671
6.425,5.5633
6.425,6.8299
6.425,6.1267
6.425,5.5058
6.425,5.6347
6.425,5.8842
1.2379,0.69864
4.9743,5.6586
4.9743,4.7304
4.9743,4.2293
4.9743,4.3058
4.9743,5.2903
4.9743,5.3068
4.9743,4.4693
4.9743,4.8564
4.9743,4.4852
4.9743,4.1765
4.9743,5.1507
4.9743,4.5774
4.9743,5.8275
4.9743,4.5667
4.9743,5.0272
4.9743,5.5058
4.9743,5.1454
4.9743,4.7226
-4.2443,-4.7127
-4.2443,-4.143
-4.2443,-5.1671
-4.2443,-3.4696
-5.7611,-6.479
-5.7611,-6.5984
-5.7611,-5.1194
-5.7611,-5.9503
-5.7611,-5.9411
-5.7611,-6.1804
-5.7611,-5.2526
-5.7611,-6.0039
-5.7611,-5.5129
-5.7611,-6.3436
-5.7611,-5.604
-7.0211,-7.5243
-7.0211,-6.5018
-7.0211,-7.7822
-7.0211,-6.479
-7.0211,-6.5984
-7.0211,-7.0369
-7.0211,-7.1556
-7.0211,-7.2757
-7.0211,-6.8062
-7.0211,-6.9407
-7.0211,-6.8545
-7.0211,-7.9177
-7.0211,-7.4545
-7.0211,-6.3436
6.1267,6.6071
6.1267,5.1808
6.1267,5.9291
6.1267,6.9671
6.1267,5.5633
6.1267,6.425
6.1267,5.7608
6.1267,5.5058
6.1267,5.3731
6.1267,5.6347
6.1267,5.8842
-6.1919,-5.9548
-6.1919,-6.5018
-6.1919,-6.5984
-6.1919,-7.1556
-6.1919,-5.3541
-6.1919,-6.8545
-6.1919,-5.9503
-6.1919,-5.4654
-6.1919,-6.0423
-6.1919,-6.0039
-6.1919,-6.5497
-6.1919,-6.3436
-6.1919,-5.604
3.9268,4.7304
3.9268,3.8489
3.9268,4.2293
3.9268,3.5072
3.9268,4.3058
3.9268,3.3604
3.9268,4.4693
3.9268,4.4852
3.9268,4.1765
3.9268,3.9389
3.9268,4.5774
3.9268,3.6231
3.9268,3.9814
3.9268,3.498
3.9268,3.6027
3.9268,3.2079
3.9268,4.1353
3.498,3.8489
3.498,4.2293
3.498,3.5072
3.498,4.3058
3.498,3.3604
3.498,4.4693
3.498,4.4852
3.498,3.3849
3.498,3.9814
3.498,3.9268
3.498,2.7262
3.498,2.8571
3.498,2.8968
3.498,3.6027
3.498,3.2079
3.498,3.8582
3.498,4.1353
-6.0423,-5.9548
-6.0423,-5.7492
-6.0423,-6.6237
-6.0423,-5.4654
-6.0423,-6.1919
-6.0423,-6.5497
-8.5865,-8.037
-8.5865,-9.166
-8.5865,-8.5027
-8.5865,-7.9177
4.1415,4.2293
4.1415,4.2646
4.1415,4.1765
4.1415,3.9389
4.1415,3.432
4.1415,4.5774
4.1415,3.6231
4.1415,3.2669
4.1415,4.5667
4.1415,5.0272
4.1415,4.7226
4.1415,3.7506
-7.2613,-7.8769
-7.2613,-7.9697
-7.2613,-7.5087
-7.2613,-7.5105
-7.2613,-7.0369
-7.2613,-6.6207
-7.2613,-6.8062
-7.2613,-6.6883
-7.4545,-7.9697
-7.4545,-7.7822
-7.4545,-6.479
-7.4545,-6.5984
-7.4545,-7.5105
-7.4545,-7.0369
-7.4545,-7.2757
-7.4545,-6.8062
-7.4545,-6.9407
-7.4545,-7.9177
-7.4545,-7.0211
-7.4545,-8.171
2.7695,2.9243
2.7695,3.1217
2.7695,2.1636
2.7695,3.5072
2.7695,3.5898
2.7695,3.3849
2.7695,2.4756
2.7695,2.7262
2.7695,2.8571
2.7695,3.2079
5.1902,5.1068
5.1902,5.352
5.1902,4.7954
5.1902,4.7653
5.1902,4.6025
5.1902,5.7789
5.1902,4.2754
5.1902,5.8695
5.1902,5.2459
5.1902,4.544
3.6083,2.9243
3.6083,3.1217
3.6083,3.5898
3.6083,4.0996
3.6083,3.9986
3.6083,4.1748
3.6083,4.1312
3.6083,4.2754
3.6083,3.4717
3.6083,3.7933
3.6083,2.8757
3.6083,3.6061
3.6083,3.3239
-3.2088,-3.6951
-3.2088,-4.0118
-3.2088,-3.433
-3.2088,-3.7937
-3.2088,-3.215
-3.2088,-3.4696
-3.2088,-2.7246
-3.2088,-2.9485
-3.2088,-2.418
2.7262,2.1636
2.7262,3.5072
2.7262,3.3604
2.7262,2.2375
2.7262,2.882
2.7262,3.498
2.7262,2.7695
2.7262,2.8571
2.7262,2.8968
2.7262,3.2079
5.7608,6.6071
5.7608,5.352
5.7608,5.1808
5.7608,5.0409
5.7608,5.9291
5.7608,5.5633
5.7608,5.7789
5.7608,4.8539
5.7608,6.1267
5.7608,5.2459
5.7608,5.3731
5.7608,5.6347
5.7608,5.8842
2.8571,3.1217
2.8571,2.1636
2.8571,3.5072
2.8571,3.3604
2.8571,3.3849
2.8571,2.4756
2.8571,3.498
2.8571,2.7695
2.8571,2.7262
2.8571,2.8968
2.8571,3.2079
2.8968,3.3604
2.8968,2.2375
2.8968,2.882
2.8968,3.6231
2.8968,3.2669
2.8968,3.498
2.8968,2.7262
2.8968,2.8571
2.8968,3.6027
2.8968,3.2079
-3.215,-3.433
-3.215,-3.962
-3.215,-3.7937
-3.215,-3.2088
-3.215,-2.7246
-3.215,-2.9306
-4.5312,-4.4017
-4.5312,-4.9844
-4.5312,-4.8727
-4.5312,-3.986
-4.5312,-3.962
-4.5312,-5.1471
-3.4696,-4.143
-3.4696,-3.6951
-3.4696,-4.0118
-3.4696,-2.9626
-3.4696,-4.2443
-3.4696,-3.2088
-3.4696,-2.9485
-6.6883,-7.5087
-6.6883,-6.6207
-6.6883,-7.2613
-6.6883,-6.0185
-4.8998,-4.9557
-4.8998,-4.2204
-4.8998,-5.3541
-4.8998,-4.8018
-4.8998,-5.4654
-2.7246,-3.433
-2.7246,-3.2088
-2.7246,-3.215
-2.7246,-2.9485
-2.7246,-2.418
-2.7246,-2.1476
5.2459,5.352
5.2459,5.1808
5.2459,5.0409
5.2459,5.9291
5.2459,4.7954
5.2459,4.7653
5.2459,4.6025
5.2459,5.7789
5.2459,4.8539
5.2459,4.5324
5.2459,5.1902
5.2459,5.7608
5.2459,5.3731
5.2459,5.6347
3.6027,3.8489
3.6027,4.2293
3.6027,4.3058
3.6027,3.3604
3.6027,4.1765
3.6027,3.9389
3.6027,4.5774
3.6027,2.882
3.6027,3.6231
3.6027,3.9814
3.6027,3.2669
3.6027,3.9268
3.6027,3.498
3.6027,2.8968
3.6027,3.2079
3.4717,2.9243
3.4717,3.1217
3.4717,3.5898
3.4717,4.0996
3.4717,4.1748
3.4717,3.3849
3.4717,4.1312
3.4717,3.6083
3.4717,3.7933
3.4717,2.8757
3.4717,3.6061
3.4717,3.8582
-8.171,-7.9697
-8.171,-8.7184
-8.171,-7.7822
-8.171,-7.5105
-8.171,-8.5027
-8.171,-7.9177
-8.171,-7.4545
-8.171,-8.4385
5.0272,5.6586
5.0272,4.7304
5.0272,4.2293
5.0272,5.2903
5.0272,5.3068
5.0272,4.1765
5.0272,5.1507
5.0272,5.8291
5.0272,4.5774
5.0272,5.8275
5.0272,4.5667
5.0272,4.9743
5.0272,4.1415
5.0272,4.7226
3.7933,3.1217
3.7933,4.3471
3.7933,3.5072
3.7933,3.5898
3.7933,4.4346
3.7933,4.0996
3.7933,4.1748
3.7933,3.3849
3.7933,4.7231
3.7933,4.1312
3.7933,3.9814
3.7933,4.5324
3.7933,3.6083
3.7933,3.4717
3.7933,3.8582
3.7933,4.1353
3.2079,3.8489
3.2079,3.5072
3.2079,3.3604
3.2079,3.3849
3.2079,2.882
3.2079,3.9814
3.2079,3.9268
3.2079,3.498
3.2079,2.7695
3.2079,2.7262
3.2079,2.8571
3.2079,2.8968
3.2079,3.6027
3.2079,3.8582
5.9366,5.0286
5.9366,5.3068
5.9366,5.8291
-6.0039,-5.9548
-6.0039,-6.5018
-6.0039,-6.479
-6.0039,-6.5984
-6.0039,-5.3541
-6.0039,-6.8545
-6.0039,-5.9503
-6.0039,-5.2526
-6.0039,-5.7611
-6.0039,-6.1919
-6.0039,-6.3436
-6.0039,-5.604
-8.4385,-7.8769
-8.4385,-7.9697
-8.4385,-8.7184
-8.4385,-7.5105
-8.4385,-9.2257
-8.4385,-8.171
-8.4385,-8.4683
4.544,4.1709
4.544,5.1068
4.544,3.9986
4.544,4.7653
4.544,4.6025
4.544,4.2754
4.544,5.1902
-5.8733,-5.5722
-5.8733,-5.1471
2.8757,2.9243
2.8757,3.1217
2.8757,2.4756
2.8757,3.6083
2.8757,3.4717
2.8757,3.6061
2.8757,3.3239
5.5058,4.7834
5.5058,6.1374
5.5058,5.6586
5.5058,4.7304
5.5058,5.1808
5.5058,5.2903
5.5058,5.5633
5.5058,4.8564
5.5058,5.1507
5.5058,5.8275
5.5058,5.1745
5.5058,6.425
5.5058,4.9743
5.5058,6.1267
5.5058,5.1454
5.5058,5.6347
5.5058,5.8842
-2.9306,-3.215
-5.1471,-5.5722
-5.1471,-4.9844
-5.1471,-4.8727
-5.1471,-4.5312
-5.1471,-5.8733
5.3731,4.7834
5.3731,5.352
5.3731,5.1808
5.3731,5.0409
5.3731,5.9291
5.3731,4.4346
5.3731,5.5633
5.3731,4.7954
5.3731,4.7653
5.3731,4.7231
5.3731,5.7789
5.3731,4.8539
5.3731,5.1745
5.3731,4.5324
5.3731,6.1267
5.3731,5.7608
5.3731,5.2459
5.3731,5.6347
2.773,3.432
2.773,2.882
2.773,3.2669
-5.5129,-5.1194
-5.5129,-5.0679
-5.5129,-5.9503
-5.5129,-5.9411
-5.5129,-6.1804
-5.5129,-5.2526
-5.5129,-5.7611
-5.5129,-6.0185
5.1454,4.7834
5.1454,6.1374
5.1454,5.6586
5.1454,4.7304
5.1454,5.1808
5.1454,4.3058
5.1454,5.2903
5.1454,5.5633
5.1454,4.4693
5.1454,4.8564
5.1454,4.4852
5.1454,5.1507
5.1454,4.7231
5.1454,5.1745
5.1454,4.9743
5.1454,5.5058
5.1454,5.6347
5.1454,5.8842
-2.9485,-3.6951
-2.9485,-2.9626
-2.9485,-3.2088
-2.9485,-3.4696
-2.9485,-2.7246
-2.9485,-2.418
-6.5497,-5.9548
-6.5497,-6.5018
-6.5497,-6.5984
-6.5497,-7.1556
-6.5497,-6.6237
-6.5497,-6.8545
-6.5497,-7.1399
-6.5497,-6.1919
-6.5497,-6.0423
-6.3436,-6.5018
-6.3436,-6.479
-6.3436,-6.5984
-6.3436,-7.0369
-6.3436,-6.8062
-6.3436,-6.9407
-6.3436,-5.9503
-6.3436,-5.9411
-6.3436,-6.1804
-6.3436,-5.7611
-6.3436,-7.0211
-6.3436,-6.1919
-6.3436,-6.0039
-6.3436,-5.604
-6.0185,-6.6207
-6.0185,-5.0679
-6.0185,-5.9411
-6.0185,-6.1804
-6.0185,-6.6883
-6.0185,-5.5129
-2.418,-1.7237
-2.418,-2.0545
-2.418,-3.2088
-2.418,-2.7246
-2.418,-2.9485
5.6347,4.7834
5.6347,5.1808
5.6347,5.0409
5.6347,5.9291
5.6347,5.5633
5.6347,4.7231
5.6347,4.8539
5.6347,5.1745
5.6347,6.425
5.6347,6.1267
5.6347,5.7608
5.6347,5.2459
5.6347,5.5058
5.6347,5.3731
5.6347,5.1454
5.6347,5.8842
-5.2644,-4.7127
-5.2644,-5.0099
-5.2644,-5.1671
-5.2644,-5.5684
-5.2644,-4.5286
-5.2644,-5.8779
-8.4683,-7.8769
-8.4683,-7.5087
-8.4683,-8.4385
-0.22126,0.38727
-0.22126,-1.1956
3.6061,2.9243
3.6061,3.5898
3.6061,3.9986
3.6061,4.1748
3.6061,4.1312
3.6061,4.2754
3.6061,3.6083
3.6061,3.4717
3.6061,2.8757
3.6061,3.3239
3.8582,4.7834
3.8582,3.1217
3.8582,4.3471
3.8582,3.8489
3.8582,3.5072
3.8582,3.5898
3.8582,4.3058
3.8582,4.4346
3.8582,4.0996
3.8582,4.4693
3.8582,4.4852
3.8582,3.3849
3.8582,4.7231
3.8582,4.1312
3.8582,3.9814
3.8582,3.498
3.8582,3.4717
3.8582,3.7933
3.8582,3.2079
3.8582,4.1353
-4.0299,-4.6724
-4.0299,-4.2204
-4.0299,-4.8018
4.7226,5.0286
4.7226,5.2903
4.7226,5.3068
4.7226,4.2646
4.7226,4.1765
4.7226,3.9389
4.7226,4.5774
4.7226,4.5667
4.7226,4.9743
4.7226,4.1415
4.7226,5.0272
3.3239,4.1709
3.3239,3.9986
3.3239,3.6083
3.3239,2.8757
3.3239,3.6061
-6.2287,-5.5722
-6.2287,-5.5684
-6.2287,-5.8779
-2.1476,-1.7237
-2.1476,-2.7246
4.1353,4.7834
4.1353,4.3471
4.1353,3.8489
4.1353,3.5072
4.1353,3.5898
4.1353,4.3058
4.1353,4.4346
4.1353,4.0996
4.1353,4.4693
4.1353,4.8564
4.1353,4.4852
4.1353,3.3849
4.1353,4.7231
4.1353,3.9814
4.1353,3.9268
4.1353,3.498
4.1353,3.7933
4.1353,3.8582
3.7506,4.2646
3.7506,3.9389
3.7506,3.432
3.7506,3.6231
3.7506,3.2669
3.7506,4.1415
-1.1956,-0.91508
-1.1956,-0.22126
-5.604,-5.9548
-5.604,-6.5018
-5.604,-6.5984
-5.604,-5.1194
-5.604,-5.3541
-5.604,-4.8018
-5.604,-5.9503
-5.604,-5.4654
-5.604,-5.2526
-5.604,-5.7611
-5.604,-6.1919
-5.604,-6.0039
-5.604,-6.3436
5.8842,6.1374
5.8842,5.6586
5.8842,5.1808
5.8842,5.5633
5.8842,5.1507
5.8842,5.1745
5.8842,6.425
5.8842,6.1267
5.8842,5.7608
5.8842,5.5058
5.8842,5.1454
5.8842,5.6347
1.3431,1.2502
1.3431,0.69864
1.3431,2.0248
