1.8989,2.5619
1.8989,1.4084
1.8989,1.0606
1.8989,2.7859
1.8989,2.3826
1.8989,1.829
1.8989,2.041
-6.3496,-5.8507
-6.3496,-5.6937
-6.3496,-7.0022
-6.3496,-5.7495
-6.3496,-6.4659
-6.3496,-6.2628
-5.225,-5.287
-5.225,-5.1874
-5.225,-4.7328
-5.225,-5.7328
-5.225,-4.9624
-5.225,-5.7495
-5.225,-4.66
-4.7535,-5.3906
-4.7535,-3.9415
-4.7535,-4.3427
-4.7535,-4.4576
-4.7535,-5.0204
-4.7535,-4.2607
-4.7535,-3.9628
-2.8382,-2.9798
-2.8382,-3.1734
-2.8382,-2.307
-2.8382,-3.3868
-2.8382,-3.2974
-4.7094,-5.1489
-4.7094,-4.4568
-4.7094,-4.739
-4.7094,-4.1113
-4.7094,-3.89
-5.3906,-4.7535
-5.3906,-5.3147
-5.3906,-4.4576
-5.3906,-4.7705
-5.3906,-5.0204
-5.287,-5.225
-5.287,-5.8507
-5.287,-4.7328
-5.287,-5.6937
-5.287,-5.1939
-5.287,-4.9624
-5.287,-5.7495
-5.287,-4.6779
-5.287,-4.9246
2.1554,2.8635
2.1554,2.1976
2.1554,2.737
2.1554,2.5597
-2.7445,-2.8996
-2.7445,-2.9798
-2.7445,-3.1175
-2.7445,-3.5313
-2.7445,-3.3382
-2.7445,-2.4558
-2.7445,-3.1734
-2.7445,-3.5523
-2.7445,-3.642
-2.7445,-1.7899
-2.7445,-2.307
-2.7445,-2.8661
-2.7445,-2.3847
2.8635,2.1554
2.8635,3.2995
2.8635,2.737
2.8635,3.5862
2.8635,3.104
-5.1874,-5.225
-5.1874,-5.7328
-5.1874,-4.6669
-5.1874,-4.66
-5.1874,-5.8032
-5.8507,-6.3496
-5.8507,-5.287
-5.8507,-5.6937
-5.8507,-5.1939
-5.8507,-4.9624
-5.8507,-5.7495
-5.8507,-6.4659
-5.8507,-5.723
-9.6621,-9.8392
2.2857,1.7825
2.2857,2.8854
2.2857,2.1592
2.2857,2.6979
2.2857,3.2489
2.2857,1.6798
2.2857,2.5749
2.2857,2.1306
2.2857,2.8755
2.9878,2.937
2.9878,2.1976
2.9878,3.2995
2.9878,2.7859
2.9878,2.3826
2.9878,3.9592
2.9878,2.737
2.9878,2.5597
2.9878,3.532
2.9878,3.6602
2.9878,3.4241
-5.3147,-5.3906
-5.3147,-4.9003
-5.3147,-4.4576
-5.3147,-5.592
-5.3147,-4.7705
-5.3147,-4.5359
-5.3147,-5.0204
9.743,8.8992
9.743,9.2097
-2.8996,-2.7445
-2.8996,-3.391
-2.8996,-3.73
-2.8996,-3.1175
-2.8996,-3.3382
-2.8996,-2.5982
-2.8996,-2.4558
-2.8996,-3.2129
-2.8996,-3.5523
-2.8996,-3.642
-2.8996,-2.8661
-2.8996,-2.3847
3.5083,2.8854
3.5083,3.2669
3.5083,2.6979
3.5083,3.9926
3.5083,3.2489
3.5083,3.985
3.5083,3.9642
3.5083,3.4768
3.5083,2.8755
3.5083,3.6189
-4.7328,-5.225
-4.7328,-5.287
-4.7328,-4.9624
-4.7328,-4.2284
-4.7328,-4.6779
-4.7328,-4.1128
-4.7328,-4.66
-3.2816,-3.8901
-3.2816,-3.9745
-3.2816,-3.0122
1.405,1.4236
1.405,1.7399
1.405,1.9821
1.405,1.7421
1.405,0.82056
1.405,2.0969
1.405,0.69439
1.4236,1.405
1.4236,0.94995
1.4236,1.9821
1.4236,1.7421
1.4236,2.0991
1.4236,1.5972
1.4236,0.82056
1.4236,2.0969
2.5619,1.8989
2.5619,3.1006
2.5619,2.7859
2.5619,2.3826
2.5619,3.0932
2.5619,2.5707
2.5619,2.041
1.7825,2.2857
1.7825,1.6798
1.7825,2.5749
1.7825,2.1306
1.7825,1.086
-4.3344,-5.1972
-4.3344,-4.6233
-4.3344,-3.9745
5.5206,4.5793
5.5206,4.9649
5.5206,4.9278
3.9347,3.5099
3.9347,4.6748
3.9347,3.8918
3.9347,3.9642
3.9347,3.0418
3.9347,3.4403
-5.1489,-4.7094
-5.1489,-4.4568
-5.1489,-4.9003
-5.1489,-5.592
-5.1489,-4.5359
0.94995,1.4236
0.94995,0.42517
0.94995,1.7421
0.94995,0.17485
0.94995,1.0794
0.94995,1.5972
0.94995,0.82056
2.937,2.9878
2.937,2.1976
2.937,2.7859
2.937,2.3826
2.937,2.737
2.937,2.5597
2.937,3.532
2.937,3.6602
2.937,3.4241
2.937,3.0932
7.9097,8.8992
2.8854,2.2857
2.8854,3.5083
2.8854,2.6979
2.8854,3.2489
2.8854,2.5749
2.8854,2.1306
2.8854,3.4768
2.8854,2.8755
-3.391,-2.8996
-3.391,-3.73
-3.391,-2.5982
-3.391,-3.2129
-3.391,-3.5523
-3.391,-2.8949
-3.391,-4.1113
-3.391,-2.8661
-3.391,-3.9966
-3.391,-3.89
-3.391,-3.5008
-3.73,-2.8996
-3.73,-3.391
-3.73,-4.4568
-3.73,-3.3382
-3.73,-3.2129
-3.73,-3.9452
-3.73,-3.5523
-3.73,-3.642
-3.73,-4.1113
-3.73,-4.5359
-3.73,-4.3381
-3.73,-2.8661
-3.73,-3.9966
-3.73,-3.89
3.1006,2.5619
3.1006,3.8363
3.1006,3.6228
3.1006,3.189
3.1006,3.0932
3.1006,2.5707
-4.4568,-4.7094
-4.4568,-5.1489
-4.4568,-3.73
-4.4568,-4.9003
-4.4568,-4.1113
-4.4568,-4.5359
-4.4568,-4.3381
-4.4568,-3.9966
-4.4568,-3.89
2.1254,2.5707
2.1254,2.041
0.42517,0.94995
0.42517,0.17485
0.42517,1.0794
0.42517,1.086
-2.9798,-2.8382
-2.9798,-2.7445
-2.9798,-3.1175
-2.9798,-3.5313
-2.9798,-3.3382
-2.9798,-2.4558
-2.9798,-3.1734
-2.9798,-3.642
-2.9798,-2.307
-2.9798,-3.3868
-2.9798,-3.8343
4.5368,4.6748
4.5368,3.985
4.5368,3.8918
4.5368,3.9642
4.5368,4.6343
4.5368,3.6189
-4.739,-4.7094
-4.739,-3.95
-4.739,-4.1113
2.1976,2.1554
2.1976,2.9878
2.1976,2.937
2.1976,2.7859
2.1976,2.3826
2.1976,2.737
2.1976,2.5597
2.1976,1.6654
2.1976,1.829
8.8992,9.743
8.8992,7.9097
8.8992,8.632
3.2995,2.8635
3.2995,2.9878
3.2995,3.9592
3.2995,2.737
3.2995,2.5597
3.2995,3.532
3.2995,3.5862
3.2995,3.8744
2.1592,2.2857
2.1592,2.6979
2.1592,1.7421
2.1592,2.7191
2.1592,1.6798
2.1592,2.1306
2.1592,2.0991
2.1592,1.5972
2.1592,2.8755
2.1592,2.3519
-5.6937,-6.3496
-5.6937,-5.287
-5.6937,-5.8507
-5.6937,-5.1939
-5.6937,-4.9624
-5.6937,-5.7495
-5.6937,-6.4659
-5.6937,-5.723
-5.6937,-4.9246
-7.0022,-6.3496
-7.0022,-6.2628
7.978,8.4621
7.978,8.632
1.4084,1.8989
1.4084,1.0606
1.4084,2.041
-5.1939,-5.287
-5.1939,-5.8507
-5.1939,-5.6937
-5.1939,-4.9624
-5.1939,-5.1972
-5.1939,-4.6779
-5.1939,-4.6233
-5.1939,-5.723
-5.1939,-4.3363
-5.1939,-4.9246
1.0606,1.8989
1.0606,1.4084
1.0606,1.829
1.7399,1.405
1.7399,1.9821
1.7399,2.4305
1.7399,2.0969
3.2578,3.2669
3.2578,2.5786
3.2578,2.7191
3.2578,3.8918
3.2578,2.7575
3.2578,3.9642
3.2578,2.8946
3.2578,3.0418
3.2578,2.8755
3.2578,3.4403
3.2578,2.3519
3.2578,3.6189
3.2669,3.5083
3.2669,3.2578
3.2669,2.6979
3.2669,2.7191
3.2669,3.2489
3.2669,3.985
3.2669,3.9642
3.2669,2.8946
3.2669,2.8755
3.2669,3.4403
3.2669,2.3519
3.2669,3.6189
4.5793,5.5206
4.5793,4.9649
4.5793,4.2331
4.5793,3.8744
4.5793,4.9278
4.5793,4.3432
-5.7328,-5.225
-5.7328,-5.1874
-5.7328,-5.7495
-5.7328,-6.4963
-5.7328,-6.2628
-5.7328,-5.8032
-3.1175,-2.7445
-3.1175,-2.8996
-3.1175,-2.9798
-3.1175,-3.5313
-3.1175,-3.3382
-3.1175,-4.1037
-3.1175,-2.4558
-3.1175,-3.1734
-3.1175,-3.2129
-3.1175,-3.9452
-3.1175,-3.5523
-3.1175,-3.642
-3.1175,-3.8343
-3.1175,-2.8661
-3.1175,-2.3847
-3.9415,-4.7535
-3.9415,-3.5313
-3.9415,-4.1037
-3.9415,-3.1734
-3.9415,-4.3427
-3.9415,-3.9452
-3.9415,-4.4576
-3.9415,-3.3868
-3.9415,-3.8343
-3.9415,-3.2974
-3.9415,-4.2607
-3.9415,-3.9628
3.9242,4.2331
3.9242,3.5862
3.9242,3.104
-3.5313,-2.7445
-3.5313,-2.9798
-3.5313,-3.1175
-3.5313,-3.9415
-3.5313,-3.3382
-3.5313,-4.1037
-3.5313,-3.1734
-3.5313,-4.3427
-3.5313,-3.9452
-3.5313,-4.4576
-3.5313,-3.5523
-3.5313,-3.642
-3.5313,-3.3868
-3.5313,-3.8343
2.7859,1.8989
2.7859,2.9878
2.7859,2.5619
2.7859,2.937
2.7859,2.1976
2.7859,2.3826
2.7859,2.5597
2.7859,3.6602
2.7859,3.4241
2.7859,3.6228
2.7859,3.0932
2.7859,1.829
-4.9624,-5.225
-4.9624,-5.287
-4.9624,-5.8507
-4.9624,-4.7328
-4.9624,-5.6937
-4.9624,-5.1939
-4.9624,-5.7495
-4.9624,-4.2284
-4.9624,-4.6779
-4.9624,-4.66
-4.9624,-4.3363
4.9649,5.5206
4.9649,4.5793
4.9649,5.3853
4.9649,4.7042
4.9649,4.3432
-3.3382,-2.7445
-3.3382,-2.8996
-3.3382,-3.73
-3.3382,-2.9798
-3.3382,-3.1175
-3.3382,-3.5313
-3.3382,-4.1037
-3.3382,-2.4558
-3.3382,-3.1734
-3.3382,-3.2129
-3.3382,-3.9452
-3.3382,-3.5523
-3.3382,-3.642
-3.3382,-3.8343
-3.3382,-2.8661
-3.3382,-3.9966
-3.3382,-2.3847
1.8917,2.7077
1.8917,1.7348
1.8917,1.3057
1.8917,2.2753
2.3826,1.8989
2.3826,2.9878
2.3826,2.5619
2.3826,2.937
2.3826,2.1976
2.3826,2.7859
2.3826,2.5597
2.3826,3.0932
2.3826,1.829
-5.7495,-6.3496
-5.7495,-5.225
-5.7495,-5.287
-5.7495,-5.8507
-5.7495,-5.6937
-5.7495,-5.7328
-5.7495,-4.9624
-5.7495,-6.2628
1.9821,1.405
1.9821,1.4236
1.9821,1.7399
1.9821,2.5786
1.9821,1.7421
1.9821,2.7575
1.9821,2.0991
1.9821,2.4305
1.9821,2.3519
1.9821,2.0969
2.5786,3.2578
2.5786,1.9821
2.5786,1.7421
2.5786,2.7191
2.5786,2.7575
2.5786,2.8946
2.5786,3.0418
2.5786,2.0991
2.5786,2.4305
2.5786,3.4403
2.5786,2.3519
2.5786,2.0969
-2.2688,-2.5982
-2.2688,-2.8949
-2.2688,-1.7946
-2.2688,-2.8661
-2.2688,-2.933
-3.962,-4.1128
-3.962,-4.6669
-3.962,-4.66
-5.1972,-4.3344
-5.1972,-5.1939
-5.1972,-4.6233
-5.1972,-5.723
-5.1972,-4.9246
3.5099,3.9347
3.5099,2.9623
3.5099,3.8918
3.5099,2.7575
3.5099,3.0418
3.5099,3.4403
-4.1037,-3.1175
-4.1037,-3.9415
-4.1037,-3.5313
-4.1037,-3.3382
-4.1037,-4.3427
-4.1037,-3.9452
-4.1037,-4.4576
-4.1037,-3.5523
-4.1037,-3.642
-4.1037,-4.7705
-4.1037,-4.5359
-4.1037,-4.3381
-4.1037,-3.8343
-4.1037,-3.9966
-2.5982,-2.8996
-2.5982,-3.391
-2.5982,-2.2688
-2.5982,-3.2129
-2.5982,-2.8949
-2.5982,-1.7946
-2.5982,-2.8661
-2.5982,-2.3847
3.9592,2.9878
3.9592,3.2995
3.9592,3.532
3.9592,4.1426
3.9592,3.6602
3.9592,3.4241
3.9592,4.7042
3.9592,3.8744
3.9592,4.3432
2.737,2.1554
2.737,2.8635
2.737,2.9878
2.737,2.937
2.737,2.1976
2.737,3.2995
2.737,2.5597
2.737,3.532
3.8363,3.1006
3.8363,4.6323
3.8363,3.6228
3.8363,3.189
3.8363,3.0932
-2.4558,-2.7445
-2.4558,-2.8996
-2.4558,-2.9798
-2.4558,-3.1175
-2.4558,-3.3382
-2.4558,-3.1734
-2.4558,-1.7899
-2.4558,-2.307
-2.4558,-2.3847
2.5597,2.1554
2.5597,2.9878
2.5597,2.937
2.5597,2.1976
2.5597,3.2995
2.5597,2.7859
2.5597,2.3826
2.5597,2.737
2.5597,3.532
2.5597,1.6654
2.5597,1.829
-3.1734,-2.8382
-3.1734,-2.7445
-3.1734,-2.9798
-3.1734,-3.1175
-3.1734,-3.9415
-3.1734,-3.5313
-3.1734,-3.3382
-3.1734,-2.4558
-3.1734,-2.307
-3.1734,-3.3868
-3.1734,-3.8343
-3.1734,-3.2974
0.12141,0.82868
0.12141,0.34907
2.7077,1.8917
-4.3427,-4.7535
-4.3427,-3.9415
-4.3427,-3.5313
-4.3427,-4.1037
-4.3427,-3.9452
-4.3427,-4.4576
-4.3427,-3.642
-4.3427,-4.7705
-4.3427,-4.3381
-4.3427,-3.8343
-4.3427,-5.0204
-4.3427,-4.2607
-3.2129,-2.8996
-3.2129,-3.391
-3.2129,-3.73
-3.2129,-3.1175
-3.2129,-3.3382
-3.2129,-2.5982
-3.2129,-3.5523
-3.2129,-2.8949
-3.2129,-3.642
-3.2129,-2.8661
-3.2129,-3.9966
-3.2129,-3.89
-3.2129,-2.3847
1.7348,1.8917
1.7348,0.97735
-3.468,-4.2284
-3.468,-4.1128
-3.468,-3.8316
-3.468,-3.0122
4.6748,3.9347
4.6748,4.5368
4.6748,3.8918
4.6748,3.9642
4.2331,4.5793
4.2331,3.9242
4.2331,3.5862
4.2331,3.8744
4.2331,4.9278
4.2331,4.3432
-4.2284,-4.7328
-4.2284,-4.9624
-4.2284,-3.468
-4.2284,-4.6779
-4.2284,-3.8901
-4.2284,-4.1128
-4.2284,-3.8316
-4.2284,-4.3363
1.2791,1.3057
1.2791,0.34907
2.6979,2.2857
2.6979,3.5083
2.6979,2.8854
2.6979,2.1592
2.6979,3.2669
2.6979,2.7191
2.6979,3.2489
2.6979,2.1306
2.6979,2.8755
2.6979,2.3519
-4.9003,-5.3147
-4.9003,-5.1489
-4.9003,-4.4568
-4.9003,-4.4576
-4.9003,-5.592
-4.9003,-4.7705
-4.9003,-4.5359
-4.9003,-4.3381
-4.9003,-3.9966
9.2097,9.743
9.2097,8.4621
9.2097,9.3353
9.2097,8.632
-3.9452,-3.73
-3.9452,-3.1175
-3.9452,-3.9415
-3.9452,-3.5313
-3.9452,-3.3382
-3.9452,-4.1037
-3.9452,-4.3427
-3.9452,-4.4576
-3.9452,-3.5523
-3.9452,-3.642
-3.9452,-4.7705
-3.9452,-4.5359
-3.9452,-4.3381
-3.9452,-3.8343
-3.9452,-3.9966
3.9926,3.5083
3.9926,3.2489
3.9926,3.985
3.9926,3.4768
3.9926,4.6343
-4.4576,-4.7535
-4.4576,-5.3906
-4.4576,-5.3147
-4.4576,-3.9415
-4.4576,-3.5313
-4.4576,-4.1037
-4.4576,-4.3427
-4.4576,-4.9003
-4.4576,-3.9452
-4.4576,-3.642
-4.4576,-4.7705
-4.4576,-4.5359
-4.4576,-4.3381
-4.4576,-3.8343
-4.4576,-5.0204
5.3853,4.9649
5.3853,4.7042
3.532,2.9878
3.532,2.937
3.532,3.2995
3.532,3.9592
3.532,2.737
3.532,2.5597
3.532,4.1426
3.532,3.6602
3.532,3.4241
3.532,3.8744
3.532,4.3432
1.7421,1.405
1.7421,1.4236
1.7421,0.94995
1.7421,2.1592
1.7421,1.9821
1.7421,2.5786
1.7421,2.0991
1.7421,1.5972
1.7421,0.82056
1.7421,2.3519
1.7421,2.0969
0.97735,1.7348
0.97735,0.82868
2.9623,3.5099
2.9623,2.7575
2.9623,3.0418
2.9623,2.4305
2.9623,2.0969
2.7191,2.1592
2.7191,3.2578
2.7191,3.2669
2.7191,2.5786
2.7191,2.6979
2.7191,2.7575
2.7191,2.8946
2.7191,2.1306
2.7191,2.0991
2.7191,2.8755
2.7191,3.4403
2.7191,2.3519
2.7191,3.6189
3.5862,2.8635
3.5862,3.2995
3.5862,3.9242
3.5862,4.2331
3.5862,3.104
3.5862,3.8744
3.104,2.8635
3.104,3.9242
3.104,3.5862
3.2489,2.2857
3.2489,3.5083
3.2489,2.8854
3.2489,3.2669
3.2489,2.6979
3.2489,3.9926
3.2489,3.985
3.2489,3.4768
3.2489,2.8755
3.2489,3.6189
3.985,3.5083
3.985,4.5368
3.985,3.2669
3.985,3.9926
3.985,3.2489
3.985,3.9642
3.985,4.6343
3.985,3.6189
-3.5523,-2.7445
-3.5523,-2.8996
-3.5523,-3.391
-3.5523,-3.73
-3.5523,-3.1175
-3.5523,-3.5313
-3.5523,-3.3382
-3.5523,-4.1037
-3.5523,-3.2129
-3.5523,-3.9452
-3.5523,-3.642
-3.5523,-4.5359
-3.5523,-4.3381
-3.5523,-2.8661
-3.5523,-3.9966
-3.5523,-3.89
0.17485,0.94995
0.17485,0.42517
0.17485,0.82056
-2.8949,-3.391
-2.8949,-2.2688
-2.8949,-2.5982
-2.8949,-3.2129
-2.8949,-2.8661
-2.8949,-2.933
-2.8949,-3.5008
3.8918,3.9347
3.8918,4.5368
3.8918,3.2578
3.8918,3.5099
3.8918,4.6748
3.8918,3.9642
3.8918,3.0418
3.8918,3.4403
3.8918,3.6189
-6.4963,-5.7328
-6.4963,-6.2628
-6.4963,-5.8032
1.0794,0.94995
1.0794,0.42517
1.0794,1.6798
1.0794,1.086
1.0794,1.5972
0.82868,0.12141
0.82868,0.97735
0.82868,1.3057
0.82868,0.34907
4.6323,3.8363
4.6323,4.1426
4.6323,4.7042
4.1426,3.9592
4.1426,3.532
4.1426,4.6323
4.1426,3.6602
4.1426,3.4241
4.1426,4.7042
4.1426,3.6228
4.1426,4.3432
2.7575,3.2578
2.7575,1.9821
2.7575,2.5786
2.7575,3.5099
2.7575,2.9623
2.7575,2.7191
2.7575,2.8946
2.7575,3.0418
2.7575,2.0991
2.7575,2.4305
2.7575,3.4403
2.7575,2.3519
2.7575,2.0969
-1.7946,-2.2688
-1.7946,-2.5982
-1.7946,-1.7899
-1.7946,-2.3847
3.9642,3.5083
3.9642,3.9347
3.9642,4.5368
3.9642,3.2578
3.9642,3.2669
3.9642,4.6748
3.9642,3.985
3.9642,3.8918
3.9642,3.4403
3.9642,3.6189
-4.6779,-5.287
-4.6779,-4.7328
-4.6779,-5.1939
-4.6779,-4.9624
-4.6779,-4.2284
-4.6779,-4.6233
-4.6779,-3.8901
-4.6779,-3.8316
-4.6779,-4.3363
-4.6779,-4.9246
3.6602,2.9878
3.6602,2.937
3.6602,2.7859
3.6602,3.9592
3.6602,3.532
3.6602,4.1426
3.6602,3.4241
3.6602,3.6228
3.6602,3.0932
-3.642,-2.7445
-3.642,-2.8996
-3.642,-3.73
-3.642,-2.9798
-3.642,-3.1175
-3.642,-3.5313
-3.642,-3.3382
-3.642,-4.1037
-3.642,-4.3427
-3.642,-3.2129
-3.642,-3.9452
-3.642,-4.4576
-3.642,-3.5523
-3.642,-4.3381
-3.642,-3.8343
-3.642,-3.9966
-9.8392,-9.6621
1.6798,2.2857
1.6798,1.7825
1.6798,2.1592
1.6798,1.0794
1.6798,2.1306
1.6798,1.086
1.6798,1.5972
2.5749,2.2857
2.5749,1.7825
2.5749,2.8854
2.5749,3.4768
7.1823,6.6266
7.1823,6.6214
-5.592,-5.3147
-5.592,-5.1489
-5.592,-4.9003
-3.95,-4.739
-3.95,-4.1113
-3.95,-3.5008
8.4621,7.978
8.4621,9.2097
8.4621,9.3353
1.6654,2.1976
1.6654,2.5597
1.6654,1.829
-6.4659,-6.3496
-6.4659,-5.8507
-6.4659,-5.6937
-6.4659,-5.723
2.8946,3.2578
2.8946,3.2669
2.8946,2.5786
2.8946,2.7191
2.8946,2.7575
2.8946,3.0418
2.8946,2.0991
2.8946,2.8755
2.8946,3.4403
2.8946,2.3519
2.8946,3.6189
2.1306,2.2857
2.1306,1.7825
2.1306,2.8854
2.1306,2.1592
2.1306,2.6979
2.1306,2.7191
2.1306,1.6798
2.1306,2.0991
2.1306,1.5972
2.1306,2.8755
2.1306,2.3519
-4.1113,-4.7094
-4.1113,-3.391
-4.1113,-3.73
-4.1113,-4.4568
-4.1113,-4.739
-4.1113,-3.95
-4.1113,-3.9966
-4.1113,-3.89
-4.1113,-3.5008
3.4768,3.5083
3.4768,2.8854
3.4768,3.9926
3.4768,3.2489
3.4768,2.5749
3.4241,2.9878
3.4241,2.937
3.4241,2.7859
3.4241,3.9592
3.4241,3.532
3.4241,4.1426
3.4241,3.6602
3.4241,3.6228
3.4241,3.0932
-1.7899,-2.7445
-1.7899,-2.4558
-1.7899,-1.7946
-1.7899,-2.307
-1.7899,-2.3847
1.3057,1.8917
1.3057,1.2791
1.3057,0.82868
1.086,1.7825
1.086,0.42517
1.086,1.0794
1.086,1.6798
4.7042,4.9649
4.7042,3.9592
4.7042,5.3853
4.7042,4.6323
4.7042,4.1426
4.7042,4.3432
3.0418,3.9347
3.0418,3.2578
3.0418,2.5786
3.0418,3.5099
3.0418,2.9623
3.0418,3.8918
3.0418,2.7575
3.0418,2.8946
3.0418,2.4305
3.0418,3.4403
3.0418,2.0969
2.0991,1.4236
2.0991,2.1592
2.0991,1.9821
2.0991,2.5786
2.0991,1.7421
2.0991,2.7191
2.0991,2.7575
2.0991,2.8946
2.0991,2.1306
2.0991,1.5972
2.0991,2.8755
2.0991,2.3519
2.0991,2.0969
-2.307,-2.8382
-2.307,-2.7445
-2.307,-2.9798
-2.307,-2.4558
-2.307,-3.1734
-2.307,-1.7899
-4.7705,-5.3906
-4.7705,-5.3147
-4.7705,-4.1037
-4.7705,-4.3427
-4.7705,-4.9003
-4.7705,-3.9452
-4.7705,-4.4576
-4.7705,-4.5359
-4.7705,-4.3381
-4.7705,-5.0204
-3.3868,-2.8382
-3.3868,-2.9798
-3.3868,-3.9415
-3.3868,-3.5313
-3.3868,-3.1734
-3.3868,-3.8343
-3.3868,-3.2974
-3.3868,-4.2607
-3.3868,-3.9628
-4.6233,-4.3344
-4.6233,-5.1939
-4.6233,-5.1972
-4.6233,-4.6779
-4.6233,-3.8901
-4.6233,-3.9745
-4.6233,-4.3363
-4.6233,-4.9246
3.6228,3.1006
3.6228,2.7859
3.6228,3.8363
3.6228,4.1426
3.6228,3.6602
3.6228,3.4241
3.6228,3.0932
-4.5359,-5.3147
-4.5359,-5.1489
-4.5359,-3.73
-4.5359,-4.4568
-4.5359,-4.1037
-4.5359,-4.9003
-4.5359,-3.9452
-4.5359,-4.4576
-4.5359,-3.5523
-4.5359,-4.7705
-4.5359,-4.3381
-4.5359,-3.9966
-4.5359,-3.89
3.189,3.1006
3.189,3.8363
3.189,2.5707
6.6266,7.1823
6.6266,5.9867
-3.8901,-3.2816
-3.8901,-4.2284
-3.8901,-4.6779
-3.8901,-4.6233
-3.8901,-3.9745
-3.8901,-3.8316
-3.8901,-4.3363
-3.8901,-3.0122
-4.1128,-4.7328
-4.1128,-3.962
-4.1128,-3.468
-4.1128,-4.2284
-4.1128,-3.8316
-4.1128,-4.66
-5.723,-5.8507
-5.723,-5.6937
-5.723,-5.1939
-5.723,-5.1972
-5.723,-6.4659
-5.723,-4.9246
2.4305,1.7399
2.4305,1.9821
2.4305,2.5786
2.4305,2.9623
2.4305,2.7575
2.4305,3.0418
2.4305,2.0969
2.2753,1.8917
-3.9745,-3.2816
-3.9745,-4.3344
-3.9745,-4.6233
-3.9745,-3.8901
-3.9745,-4.3363
-4.3381,-3.73
-4.3381,-4.4568
-4.3381,-4.1037
-4.3381,-4.3427
-4.3381,-4.9003
-4.3381,-3.9452
-4.3381,-4.4576
-4.3381,-3.5523
-4.3381,-3.642
-4.3381,-4.7705
-4.3381,-4.5359
-4.3381,-3.9966
-4.3381,-3.89
3.0932,2.5619
3.0932,2.937
3.0932,3.1006
3.0932,2.7859
3.0932,2.3826
3.0932,3.8363
3.0932,3.6602
3.0932,3.4241
3.0932,3.6228
-3.8343,-2.9798
-3.8343,-3.1175
-3.8343,-3.9415
-3.8343,-3.5313
-3.8343,-3.3382
-3.8343,-4.1037
-3.8343,-3.1734
-3.8343,-4.3427
-3.8343,-3.9452
-3.8343,-4.4576
-3.8343,-3.642
-3.8343,-3.3868
-3.8343,-4.2607
1.5972,1.4236
1.5972,0.94995
1.5972,2.1592
1.5972,1.7421
1.5972,1.0794
1.5972,1.6798
1.5972,2.1306
1.5972,2.0991
1.5972,2.3519
3.8744,3.2995
3.8744,4.5793
3.8744,3.9592
3.8744,4.2331
3.8744,3.532
3.8744,3.5862
3.8744,4.3432
-2.8661,-2.7445
-2.8661,-2.8996
-2.8661,-3.391
-2.8661,-3.73
-2.8661,-3.1175
-2.8661,-3.3382
-2.8661,-2.2688
-2.8661,-2.5982
-2.8661,-3.2129
-2.8661,-3.5523
-2.8661,-2.8949
-2.8661,-2.3847
2.5707,2.5619
2.5707,3.1006
2.5707,2.1254
2.5707,3.189
2.5707,2.041
4.9278,5.5206
4.9278,4.5793
4.9278,4.2331
2.8755,2.2857
2.8755,3.5083
2.8755,2.8854
2.8755,2.1592
2.8755,3.2578
2.8755,3.2669
2.8755,2.6979
2.8755,2.7191
2.8755,3.2489
2.8755,2.8946
2.8755,2.1306
2.8755,2.0991
2.8755,2.3519
2.8755,3.6189
0.82056,1.405
0.82056,1.4236
0.82056,0.94995
0.82056,1.7421
0.82056,0.17485
0.82056,0.69439
-5.0204,-4.7535
-5.0204,-5.3906
-5.0204,-5.3147
-5.0204,-4.3427
-5.0204,-4.4576
-5.0204,-4.7705
-5.0204,-4.2607
-4.6669,-5.1874
-4.6669,-3.962
-4.6669,-4.66
-3.2974,-2.8382
-3.2974,-3.9415
-3.2974,-3.1734
-3.2974,-3.3868
-3.2974,-3.9628
-2.933,-2.2688
-2.933,-2.8949
-2.933,-3.5008
-3.8316,-3.468
-3.8316,-4.2284
-3.8316,-4.6779
-3.8316,-3.8901
-3.8316,-4.1128
-3.8316,-4.3363
-3.8316,-3.0122
-4.66,-5.225
-4.66,-5.1874
-4.66,-4.7328
-4.66,-4.9624
-4.66,-3.962
-4.66,-4.1128
-4.66,-4.6669
-3.9966,-3.391
-3.9966,-3.73
-3.9966,-4.4568
-3.9966,-3.3382
-3.9966,-4.1037
-3.9966,-3.2129
-3.9966,-4.9003
-3.9966,-3.9452
-3.9966,-3.5523
-3.9966,-3.642
-3.9966,-4.1113
-3.9966,-4.5359
-3.9966,-4.3381
-3.9966,-3.89
5.9867,6.6266
5.9867,6.6214
3.4403,3.9347
3.4403,3.2578
3.4403,3.2669
3.4403,2.5786
3.4403,3.5099
3.4403,2.7191
3.4403,3.8918
3.4403,2.7575
3.4403,3.9642
3.4403,2.8946
3.4403,3.0418
3.4403,3.6189
1.829,1.8989
1.829,2.1976
1.829,1.0606
1.829,2.7859
1.829,2.3826
1.829,2.5597
1.829,1.6654
-4.3363,-5.1939
-4.3363,-4.9624
-4.3363,-4.2284
-4.3363,-4.6779
-4.3363,-4.6233
-4.3363,-3.8901
-4.3363,-3.9745
-4.3363,-3.8316
-4.3363,-4.9246
0.34907,0.12141
0.34907,1.2791
0.34907,0.82868
2.3519,2.1592
2.3519,3.2578
2.3519,3.2669
2.3519,1.9821
2.3519,2.5786
2.3519,2.6979
2.3519,1.7421
2.3519,2.7191
2.3519,2.7575
2.3519,2.8946
2.3519,2.1306
2.3519,2.0991
2.3519,1.5972
2.3519,2.8755
2.0969,1.405
2.0969,1.4236
2.0969,1.7399
2.0969,1.9821
2.0969,2.5786
2.0969,1.7421
2.0969,2.9623
2.0969,2.7575
2.0969,3.0418
2.0969,2.0991
2.0969,2.4305
-4.9246,-5.287
-4.9246,-5.6937
-4.9246,-5.1939
-4.9246,-5.1972
-4.9246,-4.6779
-4.9246,-4.6233
-4.9246,-5.723
-4.9246,-4.3363
-3.89,-4.7094
-3.89,-3.391
-3.89,-3.73
-3.89,-4.4568
-3.89,-3.2129
-3.89,-3.5523
-3.89,-4.1113
-3.89,-4.5359
-3.89,-4.3381
-3.89,-3.9966
-3.89,-3.5008
-6.2628,-6.3496
-6.2628,-7.0022
-6.2628,-5.7328
-6.2628,-5.7495
-6.2628,-6.4963
0.69439,1.405
0.69439,0.82056
9.3353,9.2097
9.3353,8.4621
9.3353,9.4998
-4.2607,-4.7535
-4.2607,-3.9415
-4.2607,-4.3427
-4.2607,-3.3868
-4.2607,-3.8343
-4.2607,-5.0204
-4.2607,-3.9628
-2.3847,-2.7445
-2.3847,-2.8996
-2.3847,-3.1175
-2.3847,-3.3382
-2.3847,-2.5982
-2.3847,-2.4558
-2.3847,-3.2129
-2.3847,-1.7946
-2.3847,-1.7899
-2.3847,-2.8661
4.6343,4.5368
4.6343,3.9926
4.6343,3.985
4.3432,4.5793
4.3432,4.9649
4.3432,3.9592
4.3432,4.2331
4.3432,3.532
4.3432,4.1426
4.3432,4.7042
4.3432,3.8744
-3.9628,-4.7535
-3.9628,-3.9415
-3.9628,-3.3868
-3.9628,-3.2974
-3.9628,-4.2607
-5.8032,-5.1874
-5.8032,-5.7328
-5.8032,-6.4963
-3.0122,-3.2816
-3.0122,-3.468
-3.0122,-3.8901
-3.0122,-3.8316
2.041,1.8989
2.041,2.5619
2.041,2.1254
2.041,1.4084
2.041,2.5707
6.6214,7.1823
6.6214,5.9867
9.4998,9.3353
3.6189,3.5083
3.6189,4.5368
3.6189,3.2578
3.6189,3.2669
3.6189,2.7191
3.6189,3.2489
3.6189,3.985
3.6189,3.8918
3.6189,3.9642
3.6189,2.8946
3.6189,2.8755
3.6189,3.4403
-3.5008,-3.391
-3.5008,-2.8949
-3.5008,-3.95
-3.5008,-4.1113
-3.5008,-2.933
-3.5008,-3.89
8.632,8.8992
8.632,7.978
8.632,9.2097
-9.6621,-10
9.4998,10
-9.8392,-10
9.2097,10
-9.8392,-10
9.3353,10
