1.2105,0.67492
1.2105,0.66594
1.2105,1.8072
1.2105,1.4595
1.2105,1.4881
-6.6668,-6.0794
-6.6668,-7.3124
-6.6668,-6.1197
-6.6668,-6.7884
-6.6668,-6.6733
-6.0365,-5.5918
-6.0365,-5.929
-6.0365,-5.4268
-6.0365,-6.5539
-6.0365,-6.1197
-6.0365,-5.4201
-6.0365,-6.6733
-3.9551,-4.5609
-3.9551,-3.307
-3.9551,-3.6637
-3.9551,-4.0202
-3.9551,-3.2793
-3.9551,-3.1041
-2.0724,-2.2912
-2.0724,-2.0358
-2.0724,-1.4787
-2.0724,-2.7216
-2.0724,-2.7688
-2.0724,-2.5419
-3.9823,-4.4608
-3.9823,-3.7615
-3.9823,-3.8802
-3.9823,-3.3766
-3.9823,-3.8415
-3.9823,-3.2385
-4.5609,-3.9551
-4.5609,-4.7227
-4.5609,-3.6637
-4.5609,-3.7136
-4.5609,-4.0575
-4.5609,-4.0202
-5.5918,-6.0365
-5.5918,-6.0794
-5.5918,-5.4268
-5.5918,-4.8685
-5.5918,-5.4939
-5.5918,-6.1197
-5.5918,-4.9005
-5.5918,-5.0446
2.1914,2.8745
2.1914,2.0872
2.1914,2.8166
2.1914,2.8535
-1.9456,-2.1861
-1.9456,-2.2912
-1.9456,-2.3863
-1.9456,-2.5962
-1.9456,-1.8835
-1.9456,-1.7801
-1.9456,-2.0358
-1.9456,-2.4304
-1.9456,-2.8963
-1.9456,-1.0443
-1.9456,-1.4787
-1.9456,-1.6459
2.8745,2.1914
2.8745,3.3913
2.8745,2.8166
2.8745,3.5306
2.8745,2.8535
-5.929,-6.0365
-5.929,-5.4268
-5.929,-6.5539
-5.929,-5.6654
-5.929,-5.4201
-5.929,-6.5576
-6.0794,-6.6668
-6.0794,-5.5918
-6.0794,-5.4939
-6.0794,-6.1197
-6.0794,-6.7884
-6.0794,-5.9872
-9.2876,-9.8933
-9.2876,-9.3963
-9.2876,-8.4653
2.3489,1.6345
2.3489,2.6882
2.3489,2.5186
2.3489,1.9631
2.3489,2.8514
2.3489,2.962
2.3489,1.9649
2.3489,2.2948
2.3489,2.4267
2.3489,3.1773
2.3489,2.8301
2.7439,2.1125
2.7439,2.0872
2.7439,2.4858
2.7439,2.8166
2.7439,2.4422
2.7439,3.3101
2.7439,3.0551
2.7439,3.2348
-4.7227,-4.5609
-4.7227,-4.1839
-4.7227,-4.8569
-4.7227,-4.0575
-2.1861,-1.9456
-2.1861,-2.6744
-2.1861,-2.9224
-2.1861,-2.3863
-2.1861,-2.5962
-2.1861,-1.8835
-2.1861,-1.7801
-2.1861,-2.4304
-2.1861,-2.8836
-2.1861,-2.8963
-2.1861,-1.9902
-2.1861,-1.6459
3.3521,2.6882
3.3521,3.5142
3.3521,3.545
3.3521,2.8514
3.3521,3.9525
3.3521,2.962
3.3521,4.0172
3.3521,3.2123
3.3521,3.1773
3.3521,2.8301
3.3521,3.7917
-5.4268,-6.0365
-5.4268,-5.5918
-5.4268,-5.929
-5.4268,-6.1197
-5.4268,-4.9005
-5.4268,-5.0446
-5.4268,-4.7807
-5.4268,-5.4201
-3.5082,-4.4745
-3.5082,-3.6843
-3.5082,-4.2943
2.9969,2.6235
2.9969,3.4807
2.9969,3.2517
2.9969,2.4961
2.9969,3.6586
2.9969,2.3347
2.9969,3.2744
2.9969,2.6283
2.6235,2.9969
2.6235,1.8763
2.6235,2.5186
2.6235,3.2517
2.6235,2.4961
2.6235,2.8866
2.6235,2.1619
2.6235,2.3347
2.6235,3.026
2.6235,3.2744
2.0987,2.7586
2.0987,1.8072
2.0987,2.714
2.0987,2.4995
2.0987,1.8455
2.0987,1.4881
1.6345,2.3489
1.6345,1.9631
1.6345,1.9649
1.6345,2.2948
1.6345,2.4267
1.6345,1.1349
-4.4745,-3.5082
-4.4745,-4.8646
-4.4745,-4.2943
5.1651,4.4705
5.1651,4.5505
5.1651,4.7209
4.9012,3.9634
4.9012,4.6039
4.9012,4.9501
4.9012,4.6312
4.9012,4.2467
4.9012,4.1526
-4.4608,-3.9823
-4.4608,-3.7615
-4.4608,-4.1839
-4.4608,-4.8569
-4.4608,-3.8415
1.8763,2.6235
1.8763,1.1871
1.8763,2.4961
1.8763,1.7559
1.8763,1.6808
1.8763,2.1619
1.8763,2.3347
2.1125,2.7439
2.1125,2.0872
2.1125,2.4858
2.1125,1.8072
2.1125,2.4422
2.1125,3.0551
2.1125,1.4492
2.1125,2.4995
2.1125,1.4595
8.2742,8.9795
8.2742,8.939
2.6882,2.3489
2.6882,3.3521
2.6882,3.5142
2.6882,1.9631
2.6882,2.8514
2.6882,2.962
2.6882,2.2948
2.6882,2.4267
2.6882,3.2123
2.6882,3.1773
2.6882,2.8301
-2.6744,-2.1861
-2.6744,-2.9224
-2.6744,-2.5962
-2.6744,-1.8835
-2.6744,-2.4304
-2.6744,-2.8836
-2.6744,-2.2115
-2.6744,-3.3766
-2.6744,-1.9902
-2.6744,-3.2495
-2.6744,-3.2385
-2.6744,-2.7761
-2.9224,-2.1861
-2.9224,-2.6744
-2.9224,-3.7615
-2.9224,-2.5962
-2.9224,-2.4304
-2.9224,-2.8836
-2.9224,-2.2115
-2.9224,-2.8963
-2.9224,-3.3766
-2.9224,-3.8415
-2.9224,-3.6252
-2.9224,-1.9902
-2.9224,-3.2495
-2.9224,-3.2385
-2.9224,-2.7761
2.7586,2.0987
2.7586,3.5105
2.7586,3.157
2.7586,2.714
2.7586,2.4995
-3.7615,-3.9823
-3.7615,-4.4608
-3.7615,-2.9224
-3.7615,-4.1839
-3.7615,-3.3766
-3.7615,-3.8415
-3.7615,-3.6252
-3.7615,-3.2495
-3.7615,-3.2385
1.0197,0.67492
1.0197,1.8455
1.0197,1.4881
1.1871,1.8763
1.1871,1.7559
1.1871,1.6808
-2.2912,-2.0724
-2.2912,-1.9456
-2.2912,-2.3863
-2.2912,-2.8517
-2.2912,-2.5962
-2.2912,-1.7801
-2.2912,-2.0358
-2.2912,-3.1154
-2.2912,-2.8963
-2.2912,-1.4787
-2.2912,-2.7216
-2.2912,-2.7688
4.4072,3.9634
4.4072,3.5142
4.4072,4.9501
4.4072,3.9525
4.4072,4.0172
4.4072,4.6312
4.4072,4.2467
4.4072,4.6689
4.4072,3.7917
-3.8802,-3.9823
-3.8802,-3.0885
-3.8802,-3.3766
2.0872,2.1914
2.0872,2.7439
2.0872,2.1125
2.0872,2.8166
2.0872,2.4422
2.0872,1.4492
8.9795,8.2742
8.9795,9.4226
3.3913,2.8745
3.3913,2.8166
3.3913,4.0525
3.3913,3.3101
3.3913,3.5306
3.3913,3.7881
3.3913,4.0769
2.5186,2.3489
2.5186,2.6235
2.5186,2.8514
2.5186,2.4961
2.5186,3.3864
2.5186,1.6808
2.5186,1.9649
2.5186,2.4267
2.5186,2.8866
2.5186,2.1619
2.5186,3.1773
2.5186,3.026
-4.8685,-5.5918
-4.8685,-5.4939
-4.8685,-5.0446
-4.8685,-4.8646
-4.8685,-4.3561
-4.8685,-4.2943
-7.3124,-6.6668
-7.3124,-7.2456
-7.3124,-6.6733
8.939,8.2742
8.939,9.4226
0.67492,1.2105
0.67492,1.0197
0.67492,1.4881
-5.4939,-5.5918
-5.4939,-6.0794
-5.4939,-4.8685
-5.4939,-6.1197
-5.4939,-5.4001
-5.4939,-5.0446
-5.4939,-4.8646
-5.4939,-5.9872
0.66594,1.2105
0.66594,1.4595
3.4807,2.9969
3.4807,3.6586
3.4807,4.2505
3.4807,3.2744
3.4807,2.6283
3.9634,4.9012
3.9634,4.4072
3.9634,3.5142
3.9634,3.8299
3.9634,4.6039
3.9634,3.3864
3.9634,4.0172
3.9634,4.6312
3.9634,3.5466
3.9634,4.2467
3.9634,3.6343
3.9634,3.1773
3.9634,4.1526
3.9634,3.026
3.9634,3.7917
3.5142,3.3521
3.5142,2.6882
3.5142,4.4072
3.5142,3.9634
3.5142,2.8514
3.5142,3.9525
3.5142,3.3864
3.5142,2.962
3.5142,4.0172
3.5142,4.2467
3.5142,3.6343
3.5142,3.1773
3.5142,3.026
3.5142,3.7917
4.4705,5.1651
4.4705,4.5505
4.4705,4.0525
4.4705,3.7881
4.4705,4.7209
4.4705,4.0769
-6.5539,-6.0365
-6.5539,-5.929
-6.5539,-7.2456
-6.5539,-6.6733
-6.5539,-6.5576
-2.3863,-1.9456
-2.3863,-2.1861
-2.3863,-2.2912
-2.3863,-2.8517
-2.3863,-2.5962
-2.3863,-3.3684
-2.3863,-1.7801
-2.3863,-2.0358
-2.3863,-2.4304
-2.3863,-3.1154
-2.3863,-2.8836
-2.3863,-2.8963
-2.3863,-2.7688
-2.3863,-1.6459
-3.307,-3.9551
-3.307,-2.8517
-3.307,-3.3684
-3.307,-3.6637
-3.307,-3.1154
-3.307,-3.7136
-3.307,-2.8963
-3.307,-2.7216
-3.307,-2.7688
-3.307,-4.0202
-3.307,-3.2793
-3.307,-3.1041
3.9826,4.0525
3.9826,3.5306
3.9826,3.5091
3.9826,4.7209
3.9826,4.4866
-2.8517,-2.2912
-2.8517,-2.3863
-2.8517,-3.307
-2.8517,-2.5962
-2.8517,-3.3684
-2.8517,-2.0358
-2.8517,-3.6637
-2.8517,-3.1154
-2.8517,-3.7136
-2.8517,-2.8836
-2.8517,-2.8963
-2.8517,-2.7216
-2.8517,-2.7688
-2.8517,-3.2793
2.4858,2.7439
2.4858,2.1125
2.4858,1.8072
2.4858,2.4422
2.4858,3.0551
2.4858,3.2348
2.4858,3.157
2.4858,2.4995
-4.1849,-4.0977
-4.1849,-4.9005
-4.1849,-5.0446
-4.1849,-4.3561
-4.1849,-3.2014
-4.1849,-3.8749
4.5505,5.1651
4.5505,4.4705
4.5505,3.7354
4.5505,4.9795
4.5505,4.2839
4.5505,3.7881
4.5505,4.0769
-2.5962,-1.9456
-2.5962,-2.1861
-2.5962,-2.6744
-2.5962,-2.9224
-2.5962,-2.2912
-2.5962,-2.3863
-2.5962,-2.8517
-2.5962,-3.3684
-2.5962,-1.8835
-2.5962,-1.7801
-2.5962,-2.4304
-2.5962,-3.1154
-2.5962,-2.8836
-2.5962,-2.8963
-2.5962,-2.7688
-2.5962,-3.2495
-2.5962,-1.6459
3.1258,2.3099
3.1258,3.4706
3.1258,2.9062
1.8072,1.2105
1.8072,2.0987
1.8072,2.1125
1.8072,2.4858
1.8072,2.4995
1.8072,1.4595
1.8072,1.4881
-6.1197,-6.6668
-6.1197,-6.0365
-6.1197,-5.5918
-6.1197,-6.0794
-6.1197,-5.4268
-6.1197,-5.4939
-6.1197,-6.6733
3.2517,2.9969
3.2517,2.6235
3.2517,3.8299
3.2517,2.4961
3.2517,3.3864
3.2517,3.5466
3.2517,3.6586
3.2517,2.8866
3.2517,3.026
3.2517,3.2744
3.8299,3.9634
3.8299,3.2517
3.8299,4.6039
3.8299,4.3391
3.8299,3.3864
3.8299,3.5466
3.8299,3.6343
3.8299,3.6586
3.8299,2.8866
3.8299,4.1526
3.8299,3.026
3.8299,3.2744
-1.5376,-1.8835
-1.5376,-2.2115
-1.5376,-1.1502
-1.5376,-1.9902
-1.5376,-2.2025
-4.7134,-4.7807
-4.7134,-5.6654
-4.7134,-5.4201
-5.4001,-5.4939
-5.4001,-4.8646
-5.4001,-5.9872
4.6039,4.9012
4.6039,3.9634
4.6039,3.8299
4.6039,4.3391
4.6039,4.6312
4.6039,4.1526
-3.3684,-2.3863
-3.3684,-3.307
-3.3684,-2.8517
-3.3684,-2.5962
-3.3684,-3.6637
-3.3684,-4.1839
-3.3684,-3.1154
-3.3684,-3.7136
-3.3684,-2.8836
-3.3684,-2.8963
-3.3684,-4.0575
-3.3684,-3.8415
-3.3684,-3.6252
-3.3684,-2.7688
-3.3684,-4.0202
-3.3684,-3.2495
-1.8835,-1.9456
-1.8835,-2.1861
-1.8835,-2.6744
-1.8835,-2.5962
-1.8835,-1.5376
-1.8835,-2.4304
-1.8835,-2.2115
-1.8835,-1.1502
-1.8835,-1.9902
-1.8835,-1.6459
3.7354,4.5505
3.7354,3.3101
3.7354,3.7176
3.7354,3.0551
3.7354,3.2348
3.7354,4.2839
3.7354,3.7881
3.7354,4.0769
2.8166,2.1914
2.8166,2.8745
2.8166,2.7439
2.8166,2.0872
2.8166,3.3913
2.8166,2.4422
2.8166,3.3101
2.8166,3.7881
3.5105,2.7586
3.5105,4.2476
3.5105,3.7176
3.5105,3.157
-1.7801,-1.9456
-1.7801,-2.1861
-1.7801,-2.2912
-1.7801,-2.3863
-1.7801,-2.5962
-1.7801,-2.0358
-1.7801,-1.0443
-1.7801,-1.4787
-1.7801,-1.6459
2.4422,2.7439
2.4422,2.1125
2.4422,2.0872
2.4422,2.4858
2.4422,2.8166
2.4422,3.3101
2.4422,3.0551
2.4422,1.4492
2.4422,3.2348
-2.0358,-2.0724
-2.0358,-1.9456
-2.0358,-2.2912
-2.0358,-2.3863
-2.0358,-2.8517
-2.0358,-1.7801
-2.0358,-1.4787
-2.0358,-2.7216
-2.0358,-2.7688
1.9631,2.3489
1.9631,1.6345
1.9631,2.6882
1.9631,2.2206
1.9631,1.9649
1.9631,2.2948
1.9631,2.4267
1.9631,2.8301
4.1413,3.4706
4.1413,4.1438
-3.6637,-3.9551
-3.6637,-4.5609
-3.6637,-3.307
-3.6637,-2.8517
-3.6637,-3.3684
-3.6637,-3.1154
-3.6637,-3.7136
-3.6637,-2.8963
-3.6637,-4.0575
-3.6637,-3.6252
-3.6637,-2.7688
-3.6637,-4.0202
-3.6637,-3.2793
-2.4304,-1.9456
-2.4304,-2.1861
-2.4304,-2.6744
-2.4304,-2.9224
-2.4304,-2.3863
-2.4304,-2.5962
-2.4304,-1.8835
-2.4304,-2.8836
-2.4304,-2.2115
-2.4304,-2.8963
-2.4304,-1.9902
-2.4304,-3.2495
-2.4304,-3.2385
-2.4304,-1.6459
2.3099,3.1258
2.3099,2.2206
2.3099,2.9062
-4.0977,-4.1849
-4.0977,-4.9005
-4.0977,-4.7807
4.9501,4.9012
4.9501,4.4072
4.9501,4.6312
4.9501,4.2467
4.9501,4.6689
4.0525,3.3913
4.0525,4.4705
4.0525,3.9826
4.0525,3.5306
4.0525,3.7881
4.0525,4.7209
4.0525,4.0769
-4.9005,-5.5918
-4.9005,-5.4268
-4.9005,-4.1849
-4.9005,-4.0977
-4.9005,-5.0446
-4.9005,-4.3561
-4.9005,-4.7807
-4.9005,-5.4201
3.545,3.3521
3.545,3.9525
3.545,4.0172
3.545,3.4706
3.545,3.2123
3.545,2.9062
3.545,4.1438
3.545,2.8301
2.8514,2.3489
2.8514,3.3521
2.8514,2.6882
2.8514,2.5186
2.8514,3.5142
2.8514,3.3864
2.8514,2.962
2.8514,1.9649
2.8514,3.6343
2.8514,2.4267
2.8514,2.8866
2.8514,3.1773
2.8514,3.026
-4.1839,-4.7227
-4.1839,-4.4608
-4.1839,-3.7615
-4.1839,-3.3684
-4.1839,-3.7136
-4.1839,-4.8569
-4.1839,-4.0575
-4.1839,-3.8415
-4.1839,-3.6252
-4.1839,-3.2495
-9.8933,-9.2876
-9.8933,-9.3963
-3.1154,-2.2912
-3.1154,-2.3863
-3.1154,-3.307
-3.1154,-2.8517
-3.1154,-2.5962
-3.1154,-3.3684
-3.1154,-3.6637
-3.1154,-3.7136
-3.1154,-2.8836
-3.1154,-2.8963
-3.1154,-4.0575
-3.1154,-2.7216
-3.1154,-3.6252
-3.1154,-2.7688
-3.1154,-3.2495
3.9525,3.3521
3.9525,4.4072
3.9525,3.5142
3.9525,3.545
3.9525,4.0172
3.9525,3.2123
3.9525,4.1438
3.9525,4.6689
3.9525,3.7917
-3.7136,-4.5609
-3.7136,-3.307
-3.7136,-2.8517
-3.7136,-3.3684
-3.7136,-3.6637
-3.7136,-4.1839
-3.7136,-3.1154
-3.7136,-2.8836
-3.7136,-2.8963
-3.7136,-4.0575
-3.7136,-3.8415
-3.7136,-3.6252
-3.7136,-4.0202
-3.7136,-3.2495
4.9795,4.5505
4.9795,4.2476
4.9795,4.2839
3.3101,2.7439
3.3101,3.3913
3.3101,3.7354
3.3101,2.8166
3.3101,2.4422
3.3101,3.0551
3.3101,3.2348
3.3101,3.7881
3.3101,4.0769
2.4961,2.9969
2.4961,2.6235
2.4961,1.8763
2.4961,2.5186
2.4961,3.2517
2.4961,1.6808
2.4961,1.9649
2.4961,2.4267
2.4961,2.8866
2.4961,2.1619
2.4961,2.3347
2.4961,3.026
2.4961,3.2744
2.2206,1.9631
2.2206,2.3099
2.2206,2.2948
2.2206,2.9062
2.2206,2.8301
4.3391,3.8299
4.3391,4.6039
4.3391,3.5466
4.3391,3.6586
4.3391,4.2505
4.3391,4.1526
3.3864,2.5186
3.3864,3.9634
3.3864,3.5142
3.3864,3.2517
3.3864,3.8299
3.3864,2.8514
3.3864,3.5466
3.3864,4.2467
3.3864,3.6343
3.3864,2.8866
3.3864,3.1773
3.3864,4.1526
3.3864,3.026
3.3864,3.7917
3.5306,2.8745
3.5306,3.3913
3.5306,3.9826
3.5306,4.0525
3.5306,2.8535
3.5306,3.5091
3.5306,3.7881
2.8535,2.1914
2.8535,2.8745
2.8535,3.5306
2.8535,3.5091
2.962,2.3489
2.962,3.3521
2.962,2.6882
2.962,3.5142
2.962,2.8514
2.962,2.2948
2.962,2.4267
2.962,3.2123
2.962,3.1773
2.962,2.8301
2.962,3.7917
4.0172,3.3521
4.0172,4.4072
4.0172,3.9634
4.0172,3.5142
4.0172,3.545
4.0172,3.9525
4.0172,4.6312
4.0172,4.2467
4.0172,3.6343
4.0172,3.2123
4.0172,3.1773
4.0172,4.6689
4.0172,3.7917
-2.8836,-2.1861
-2.8836,-2.6744
-2.8836,-2.9224
-2.8836,-2.3863
-2.8836,-2.8517
-2.8836,-2.5962
-2.8836,-3.3684
-2.8836,-2.4304
-2.8836,-3.1154
-2.8836,-3.7136
-2.8836,-2.8963
-2.8836,-3.8415
-2.8836,-3.6252
-2.8836,-3.2495
-2.8836,-3.2385
1.7559,1.8763
1.7559,1.1871
1.7559,2.3347
1.7559,2.6283
-2.2115,-2.6744
-2.2115,-2.9224
-2.2115,-1.5376
-2.2115,-1.8835
-2.2115,-2.4304
-2.2115,-1.9902
-2.2115,-2.2025
-2.2115,-2.7761
4.6312,4.9012
4.6312,4.4072
4.6312,3.9634
4.6312,4.6039
4.6312,4.9501
4.6312,4.0172
4.6312,4.2467
4.6312,4.1526
4.6312,3.7917
-7.2456,-7.3124
-7.2456,-6.5539
-7.2456,-6.6733
1.6808,1.8763
1.6808,1.1871
1.6808,2.5186
1.6808,2.4961
1.6808,1.9649
1.6808,2.4267
1.6808,1.1349
1.6808,2.1619
3.4706,3.1258
3.4706,4.1413
3.4706,3.545
3.4706,3.2123
3.4706,2.9062
3.4706,4.1438
4.2476,3.5105
4.2476,4.9795
4.2476,3.7176
4.2476,4.2839
3.7176,3.7354
3.7176,3.5105
3.7176,4.2476
3.7176,3.0551
3.7176,3.2348
3.7176,4.2839
3.7176,3.157
3.5466,3.9634
3.5466,3.2517
3.5466,3.8299
3.5466,4.3391
3.5466,3.3864
3.5466,3.6343
3.5466,3.6586
3.5466,2.8866
3.5466,4.1526
3.5466,3.026
3.5466,3.2744
-1.1502,-1.5376
-1.1502,-1.8835
-1.1502,-1.0443
-1.1502,-1.9902
-1.1502,-1.6459
4.2467,4.9012
4.2467,4.4072
4.2467,3.9634
4.2467,3.5142
4.2467,4.9501
4.2467,3.3864
4.2467,4.0172
4.2467,4.6312
4.2467,3.6343
4.2467,4.1526
4.2467,3.7917
-5.0446,-5.5918
-5.0446,-5.4268
-5.0446,-4.8685
-5.0446,-5.4939
-5.0446,-4.1849
-5.0446,-4.9005
-5.0446,-4.8646
-5.0446,-4.3561
3.0551,2.7439
3.0551,2.1125
3.0551,2.4858
3.0551,3.7354
3.0551,2.4422
3.0551,3.3101
3.0551,3.7176
3.0551,3.2348
3.0551,3.157
3.0551,2.4995
-2.8963,-1.9456
-2.8963,-2.1861
-2.8963,-2.9224
-2.8963,-2.2912
-2.8963,-2.3863
-2.8963,-3.307
-2.8963,-2.8517
-2.8963,-2.5962
-2.8963,-3.3684
-2.8963,-3.6637
-2.8963,-2.4304
-2.8963,-3.1154
-2.8963,-3.7136
-2.8963,-2.8836
-2.8963,-3.6252
-2.8963,-2.7688
-2.8963,-3.2495
-9.3963,-9.2876
-9.3963,-9.8933
-9.3963,-8.6857
1.9649,2.3489
1.9649,1.6345
1.9649,2.5186
1.9649,1.9631
1.9649,2.8514
1.9649,2.4961
1.9649,1.6808
1.9649,2.4267
1.9649,1.1349
1.9649,2.1619
2.2948,2.3489
2.2948,1.6345
2.2948,2.6882
2.2948,1.9631
2.2948,2.2206
2.2948,2.962
2.2948,3.2123
2.2948,2.9062
2.2948,2.8301
3.2107,3.5091
3.2107,4.0195
-4.8569,-4.7227
-4.8569,-4.4608
-4.8569,-4.1839
-3.0885,-3.8802
-3.0885,-3.3766
-3.0885,-2.2025
-3.0885,-2.7761
1.4492,2.1125
1.4492,2.0872
1.4492,2.4422
1.4492,1.4595
-6.7884,-6.6668
-6.7884,-6.0794
-6.7884,-5.9872
3.6343,3.9634
3.6343,3.5142
3.6343,3.8299
3.6343,2.8514
3.6343,3.3864
3.6343,4.0172
3.6343,3.5466
3.6343,4.2467
3.6343,2.8866
3.6343,3.1773
3.6343,4.1526
3.6343,3.026
3.6343,3.7917
2.4267,2.3489
2.4267,1.6345
2.4267,2.6882
2.4267,2.5186
2.4267,1.9631
2.4267,2.8514
2.4267,2.4961
2.4267,2.962
2.4267,1.6808
2.4267,1.9649
2.4267,2.8866
2.4267,2.1619
2.4267,3.1773
2.4267,3.026
-3.3766,-3.9823
-3.3766,-2.6744
-3.3766,-2.9224
-3.3766,-3.7615
-3.3766,-3.8802
-3.3766,-3.0885
-3.3766,-3.2495
-3.3766,-3.2385
-3.3766,-2.7761
3.2123,3.3521
3.2123,2.6882
3.2123,3.545
3.2123,3.9525
3.2123,2.962
3.2123,4.0172
3.2123,3.4706
3.2123,2.2948
3.2123,2.9062
3.2123,2.8301
3.2123,3.7917
3.2348,2.7439
3.2348,2.4858
3.2348,3.7354
3.2348,2.4422
3.2348,3.3101
3.2348,3.7176
3.2348,3.0551
3.2348,3.157
3.2348,4.0769
-1.0443,-1.9456
-1.0443,-1.7801
-1.0443,-1.1502
-1.0443,-1.4787
-1.0443,-1.6459
2.9062,3.1258
2.9062,2.3099
2.9062,3.545
2.9062,2.2206
2.9062,3.4706
2.9062,2.2948
2.9062,3.2123
2.9062,2.8301
1.1349,1.6345
1.1349,1.6808
1.1349,1.9649
4.2839,4.5505
4.2839,3.7354
4.2839,4.9795
4.2839,4.2476
4.2839,3.7176
4.2839,4.0769
3.6586,2.9969
3.6586,3.4807
3.6586,3.2517
3.6586,3.8299
3.6586,4.3391
3.6586,3.5466
3.6586,4.2505
3.6586,3.2744
2.8866,2.6235
2.8866,2.5186
2.8866,3.2517
2.8866,3.8299
2.8866,2.8514
2.8866,2.4961
2.8866,3.3864
2.8866,3.5466
2.8866,3.6343
2.8866,2.4267
2.8866,2.1619
2.8866,3.1773
2.8866,3.026
2.8866,3.2744
-1.4787,-2.0724
-1.4787,-1.9456
-1.4787,-2.2912
-1.4787,-1.7801
-1.4787,-2.0358
-1.4787,-1.0443
-4.0575,-4.5609
-4.0575,-4.7227
-4.0575,-3.3684
-4.0575,-3.6637
-4.0575,-4.1839
-4.0575,-3.1154
-4.0575,-3.7136
-4.0575,-3.8415
-4.0575,-3.6252
-4.0575,-4.0202
-2.7216,-2.0724
-2.7216,-2.2912
-2.7216,-3.307
-2.7216,-2.8517
-2.7216,-2.0358
-2.7216,-3.1154
-2.7216,-2.7688
-2.7216,-2.5419
-2.7216,-3.2793
-2.7216,-3.1041
-4.8646,-4.4745
-4.8646,-4.8685
-4.8646,-5.4939
-4.8646,-5.4001
-4.8646,-5.0446
-4.8646,-4.3561
-4.8646,-4.2943
3.157,2.7586
3.157,2.4858
3.157,3.5105
3.157,3.7176
3.157,3.0551
3.157,3.2348
3.157,2.4995
-3.8415,-3.9823
-3.8415,-4.4608
-3.8415,-2.9224
-3.8415,-3.7615
-3.8415,-3.3684
-3.8415,-4.1839
-3.8415,-3.7136
-3.8415,-2.8836
-3.8415,-4.0575
-3.8415,-3.6252
-3.8415,-3.2495
-3.8415,-3.2385
2.714,2.0987
2.714,2.7586
2.714,1.8455
3.5091,3.9826
3.5091,3.5306
3.5091,2.8535
3.5091,3.2107
-4.3561,-4.8685
-4.3561,-4.1849
-4.3561,-4.9005
-4.3561,-5.0446
-4.3561,-4.8646
-4.3561,-3.8749
-4.3561,-4.2943
-4.7807,-5.4268
-4.7807,-4.7134
-4.7807,-4.0977
-4.7807,-4.9005
-4.7807,-5.4201
-5.9872,-6.0794
-5.9872,-5.4939
-5.9872,-5.4001
-5.9872,-6.7884
4.2505,3.4807
4.2505,4.3391
4.2505,3.6586
4.1438,4.1413
4.1438,3.545
4.1438,3.9525
4.1438,3.4706
4.1438,4.6689
-3.6843,-3.5082
-3.6843,-3.8749
-3.6843,-4.2943
-3.6843,-2.8803
-3.6252,-2.9224
-3.6252,-3.7615
-3.6252,-3.3684
-3.6252,-3.6637
-3.6252,-4.1839
-3.6252,-3.1154
-3.6252,-3.7136
-3.6252,-2.8836
-3.6252,-2.8963
-3.6252,-4.0575
-3.6252,-3.8415
-3.6252,-3.2495
-3.6252,-3.2385
2.4995,2.0987
2.4995,2.1125
2.4995,2.7586
2.4995,2.4858
2.4995,1.8072
2.4995,3.0551
2.4995,3.157
-2.7688,-2.0724
-2.7688,-2.2912
-2.7688,-2.3863
-2.7688,-3.307
-2.7688,-2.8517
-2.7688,-2.5962
-2.7688,-3.3684
-2.7688,-2.0358
-2.7688,-3.6637
-2.7688,-3.1154
-2.7688,-2.8963
-2.7688,-2.7216
-2.7688,-3.2793
-2.7688,-3.1041
2.1619,2.6235
2.1619,1.8763
2.1619,2.5186
2.1619,2.4961
2.1619,1.6808
2.1619,1.9649
2.1619,2.4267
2.1619,2.8866
2.1619,2.3347
2.1619,3.026
3.7881,3.3913
3.7881,4.4705
3.7881,4.5505
3.7881,3.7354
3.7881,2.8166
3.7881,4.0525
3.7881,3.3101
3.7881,3.5306
3.7881,4.0769
-1.9902,-2.1861
-1.9902,-2.6744
-1.9902,-2.9224
-1.9902,-1.5376
-1.9902,-1.8835
-1.9902,-2.4304
-1.9902,-2.2115
-1.9902,-1.1502
-1.9902,-1.6459
1.8455,2.0987
1.8455,1.0197
1.8455,2.714
1.8455,1.4881
4.7209,5.1651
4.7209,4.4705
4.7209,3.9826
4.7209,4.0525
3.1773,2.3489
3.1773,3.3521
3.1773,2.6882
3.1773,2.5186
3.1773,3.9634
3.1773,3.5142
3.1773,2.8514
3.1773,3.3864
3.1773,2.962
3.1773,4.0172
3.1773,3.6343
3.1773,2.4267
3.1773,2.8866
3.1773,3.026
3.1773,3.7917
2.3347,2.9969
2.3347,2.6235
2.3347,1.8763
2.3347,2.4961
2.3347,1.7559
2.3347,2.1619
2.3347,3.2744
2.3347,2.6283
-4.0202,-3.9551
-4.0202,-4.5609
-4.0202,-3.307
-4.0202,-3.3684
-4.0202,-3.6637
-4.0202,-3.7136
-4.0202,-4.0575
-4.0202,-3.2793
-5.6654,-5.929
-5.6654,-4.7134
-5.6654,-5.4201
-5.6654,-6.5576
-2.5419,-2.0724
-2.5419,-2.7216
-2.5419,-3.2793
-2.5419,-3.1041
-2.2025,-1.5376
-2.2025,-2.2115
-2.2025,-3.0885
-2.2025,-2.7761
-3.2014,-4.1849
-3.2014,-3.8749
-5.4201,-6.0365
-5.4201,-5.929
-5.4201,-5.4268
-5.4201,-4.7134
-5.4201,-4.9005
-5.4201,-4.7807
-5.4201,-5.6654
-3.2495,-2.6744
-3.2495,-2.9224
-3.2495,-3.7615
-3.2495,-2.5962
-3.2495,-3.3684
-3.2495,-2.4304
-3.2495,-4.1839
-3.2495,-3.1154
-3.2495,-3.7136
-3.2495,-2.8836
-3.2495,-2.8963
-3.2495,-3.3766
-3.2495,-3.8415
-3.2495,-3.6252
-3.2495,-3.2385
4.4866,3.9826
4.4866,4.0195
4.1526,4.9012
4.1526,3.9634
4.1526,3.8299
4.1526,4.6039
4.1526,4.3391
4.1526,3.3864
4.1526,4.6312
4.1526,3.5466
4.1526,4.2467
4.1526,3.6343
1.4595,1.2105
1.4595,2.1125
1.4595,0.66594
1.4595,1.8072
1.4595,1.4492
-3.8749,-4.1849
-3.8749,-4.3561
-3.8749,-3.6843
-3.8749,-3.2014
-3.8749,-4.2943
2.8301,2.3489
2.8301,3.3521
2.8301,2.6882
2.8301,1.9631
2.8301,3.545
2.8301,2.2206
2.8301,2.962
2.8301,2.2948
2.8301,3.2123
2.8301,2.9062
3.026,2.6235
3.026,2.5186
3.026,3.9634
3.026,3.5142
3.026,3.2517
3.026,3.8299
3.026,2.8514
3.026,2.4961
3.026,3.3864
3.026,3.5466
3.026,3.6343
3.026,2.4267
3.026,2.8866
3.026,2.1619
3.026,3.1773
3.2744,2.9969
3.2744,2.6235
3.2744,3.4807
3.2744,3.2517
3.2744,3.8299
3.2744,2.4961
3.2744,3.5466
3.2744,3.6586
3.2744,2.8866
3.2744,2.3347
-4.2943,-3.5082
-4.2943,-4.4745
-4.2943,-4.8685
-4.2943,-4.8646
-4.2943,-4.3561
-4.2943,-3.6843
-4.2943,-3.8749
-3.2385,-3.9823
-3.2385,-2.6744
-3.2385,-2.9224
-3.2385,-3.7615
-3.2385,-2.4304
-3.2385,-2.8836
-3.2385,-3.3766
-3.2385,-3.8415
-3.2385,-3.6252
-3.2385,-3.2495
-3.2385,-2.7761
-6.6733,-6.6668
-6.6733,-6.0365
-6.6733,-7.3124
-6.6733,-6.5539
-6.6733,-6.1197
-6.6733,-7.2456
2.6283,2.9969
2.6283,3.4807
2.6283,1.7559
2.6283,2.3347
-8.6857,-9.3963
-8.6857,-8.4653
-3.2793,-3.9551
-3.2793,-3.307
-3.2793,-2.8517
-3.2793,-3.6637
-3.2793,-2.7216
-3.2793,-2.7688
-3.2793,-4.0202
-3.2793,-2.5419
-3.2793,-3.1041
-1.6459,-1.9456
-1.6459,-2.1861
-1.6459,-2.3863
-1.6459,-2.5962
-1.6459,-1.8835
-1.6459,-1.7801
-1.6459,-2.4304
-1.6459,-1.1502
-1.6459,-1.0443
-1.6459,-1.9902
4.6689,4.4072
4.6689,4.9501
4.6689,3.9525
4.6689,4.0172
4.6689,4.1438
4.0769,3.3913
4.0769,4.4705
4.0769,4.5505
4.0769,3.7354
4.0769,4.0525
4.0769,3.3101
4.0769,3.2348
4.0769,4.2839
4.0769,3.7881
-3.1041,-3.9551
-3.1041,-3.307
-3.1041,-2.7216
-3.1041,-2.7688
-3.1041,-2.5419
-3.1041,-3.2793
-6.5576,-5.929
-6.5576,-6.5539
-6.5576,-5.6654
-2.8803,-3.6843
1.4881,1.2105
1.4881,2.0987
1.4881,1.0197
1.4881,0.67492
1.4881,1.8072
1.4881,1.8455
4.0195,3.2107
4.0195,4.4866
-8.4653,-9.2876
-8.4653,-8.6857
3.7917,3.3521
3.7917,4.4072
3.7917,3.9634
3.7917,3.5142
3.7917,3.9525
3.7917,3.3864
3.7917,2.962
3.7917,4.0172
3.7917,4.6312
3.7917,4.2467
3.7917,3.6343
3.7917,3.2123
3.7917,3.1773
-2.7761,-2.6744
-2.7761,-2.9224
-2.7761,-2.2115
-2.7761,-3.0885
-2.7761,-3.3766
-2.7761,-2.2025
-2.7761,-3.2385
9.4226,8.9795
9.4226,8.939
-9.2876,-10
9.9981,10
-9.8933,-10
9.9089,10
-9.8933,-10
9.4226,10
-9.3963,-10
9.9089,10
