-0.25644,0.6909
-0.25644,-0.32101
-0.25644,-0.6225
-0.25644,-0.87367
-0.25644,0.57385
-0.25644,-0.66505
-0.25644,-0.46343
-0.25644,-0.6775
-0.25644,0.35945
-0.25644,0.1904
-0.25644,0.030377
-0.25644,0.42484
-0.25644,-0.45624
-0.25644,-0.89131
-0.25644,-0.20889
-0.25644,0.31476
-0.25644,-1.0588
-0.25644,-0.037372
-0.25644,-1.1633
-0.25644,0.23679
-0.25644,-0.83087
-0.25644,-0.057314
-0.25644,-0.025468
-7.6647,-7.0322
-7.6647,-7.4505
-7.6647,-8.3067
-7.6647,-6.8521
-7.6647,-7.0852
-7.6647,-8.1597
-7.6647,-7.6128
-7.0322,-7.6647
-7.0322,-6.5322
-7.0322,-6.6501
-7.0322,-6.4919
-7.0322,-7.2308
-7.0322,-7.0852
-7.0322,-7.6128
-2.4707,-2.782
-2.4707,-1.7964
-2.4707,-1.9984
-2.4707,-1.6323
-2.4707,-2.4052
-2.4707,-1.525
-2.4707,-1.8527
-0.69106,-0.19826
-0.69106,-0.69893
-0.69106,-0.13127
-0.69106,-0.066958
-0.69106,0.14555
-0.69106,-1.1444
-0.69106,-0.77722
-0.69106,-0.40911
-0.69106,-1.0875
-1.4905,-2.1012
-1.4905,-1.3423
-1.4905,-1.1042
-1.4905,-1.9071
-1.4905,-0.81771
-1.4905,-1.4255
-1.4905,-0.83087
-2.782,-2.4707
-2.782,-1.9187
-2.782,-1.9984
-2.782,-2.535
-2.782,-2.2057
-2.782,-2.4052
-6.5322,-7.0322
-6.5322,-6.4919
-6.5322,-6.8521
-6.5322,-7.0852
-6.5322,-5.9309
-6.5322,-6.3014
-6.5322,-5.9771
0.13078,0.40808
0.13078,-0.46343
0.13078,0.42484
0.13078,0.72724
0.13078,0.15689
0.13078,-0.4512
0.13078,-0.81771
0.13078,-0.037372
0.13078,0.23679
0.13078,-0.3151
-0.19826,-0.69106
-0.19826,0.20974
-0.19826,-0.69893
-0.19826,-0.13127
-0.19826,-0.066958
-0.19826,0.14555
-0.19826,-1.1444
-0.19826,0.54903
-0.19826,-0.77722
-0.19826,-0.40911
-0.19826,-1.0875
-0.19826,-0.057314
0.40808,0.13078
0.40808,0.6909
0.40808,0.8988
0.40808,-0.46343
0.40808,0.1904
0.40808,0.42484
0.40808,1.2449
0.40808,0.72724
0.40808,-0.20889
0.40808,0.83557
0.40808,1.2998
0.40808,-0.037372
0.40808,0.23679
0.40808,-0.3151
-6.6501,-7.0322
-6.6501,-6.4919
-6.6501,-7.2308
-6.6501,-5.9771
-6.6501,-6.1047
-6.6501,-6.0201
-6.6501,-7.0427
-7.4505,-7.6647
-7.4505,-7.0011
-7.4505,-6.8521
-7.4505,-7.0852
-7.4505,-8.1597
-7.4505,-7.3908
1.4771,0.82711
1.4771,2.0951
1.4771,1.2659
1.4771,2.0138
1.4771,1.6285
1.4771,1.5487
1.4771,0.86139
1.4771,1.9953
0.6909,-0.25644
0.6909,0.40808
0.6909,0.64292
0.6909,1.007
0.6909,0.57385
0.6909,0.8988
0.6909,0.35945
0.6909,0.1904
0.6909,0.030377
0.6909,1.3395
0.6909,0.42484
0.6909,1.1318
0.6909,-0.20889
0.6909,0.31476
0.6909,1.5304
0.6909,0.83557
0.6909,0.94415
0.6909,1.2998
0.6909,-0.037372
0.6909,0.23679
0.6909,1.6344
-1.9187,-2.782
-1.9187,-1.2951
-1.9187,-1.5678
-1.9187,-1.9984
-1.9187,-1.9071
-1.9187,-1.6323
-1.9187,-1.0588
-1.9187,-2.535
-1.9187,-2.2057
-1.9187,-1.4255
-1.9187,-1.5565
-1.9187,-2.4052
-1.9187,-1.1633
8.3414,7.521
-0.32101,-0.25644
-0.32101,0.64292
-0.32101,-0.6225
-0.32101,-0.87367
-0.32101,0.20974
-0.32101,-0.69893
-0.32101,0.57385
-0.32101,-0.66505
-0.32101,-0.6775
-0.32101,-1.2951
-0.32101,0.35945
-0.32101,0.1904
-0.32101,0.030377
-0.32101,-0.13127
-0.32101,-0.45624
-0.32101,-1.0412
-0.32101,-0.89131
-0.32101,-0.20889
-0.32101,0.31476
-0.32101,-1.0588
-0.32101,0.53076
-0.32101,-0.40911
-0.32101,-0.057314
-0.32101,-0.025468
1.6342,1.9678
1.6342,1.9798
1.6342,1.6285
1.6342,1.3919
1.6342,1.8523
1.6342,1.0176
1.6342,2.2352
1.6342,1.3698
1.6342,2.355
-6.4919,-7.0322
-6.4919,-6.5322
-6.4919,-6.6501
-6.4919,-7.2308
-6.4919,-7.0852
-6.4919,-5.9309
-6.4919,-5.9771
-6.4919,-6.0201
-6.5051,-6.9436
-6.5051,-5.7685
3.4955,2.8475
3.4955,4.2144
3.4955,3.2216
3.4955,3.7917
3.4955,2.9742
3.4955,3.623
2.8475,3.4955
2.8475,2.4365
2.8475,2.0951
2.8475,3.2216
2.8475,3.2024
2.8475,2.9596
2.8475,2.5777
2.8475,3.7917
2.8475,2.5285
2.8475,2.4117
2.8475,2.9742
0.64292,0.6909
0.64292,-0.32101
0.64292,1.007
0.64292,0.20974
0.64292,0.57385
0.64292,0.99737
0.64292,0.35945
0.64292,0.1904
0.64292,0.030377
0.64292,1.3395
0.64292,1.5785
0.64292,0.31476
0.64292,0.94415
0.64292,0.53076
0.64292,1.2479
0.64292,0.7817
0.64292,-0.057314
0.64292,-0.025468
0.82711,1.4771
0.82711,1.2659
0.82711,1.5487
0.82711,0.86139
0.82711,1.1111
-7.6433,-7.8105
-7.6433,-6.9436
2.546,1.7716
2.546,2.2441
2.546,1.9758
3.8174,3.0522
3.8174,3.4328
3.8174,4.0022
-2.1012,-1.4905
-2.1012,-1.3423
-2.1012,-1.9071
-2.1012,-2.535
-2.1012,-1.4255
2.4365,2.8475
2.4365,1.8622
2.4365,2.928
2.4365,1.8334
2.4365,2.4117
2.4365,2.9742
1.007,0.6909
1.007,0.64292
1.007,0.57385
1.007,0.99737
1.007,0.35945
1.007,0.1904
1.007,0.030377
1.007,1.3395
1.007,1.6808
1.007,1.1318
1.007,1.5785
1.007,0.31476
1.007,1.5304
1.007,0.83557
1.007,0.94415
1.007,0.53076
1.007,1.9242
1.007,1.2479
1.007,1.6344
6.5738,7.521
6.5738,6.5344
1.9678,1.6342
1.9678,2.9287
1.9678,2.392
1.9678,1.2659
1.9678,2.0138
1.9678,2.5777
1.9678,1.6285
1.9678,2.7636
1.9678,2.7146
1.9678,1.9953
1.9678,1.8523
1.9678,2.2352
1.9678,1.3698
1.9678,2.4485
-0.6225,-0.25644
-0.6225,-0.32101
-0.6225,-0.87367
-0.6225,-1.3423
-0.6225,-0.66505
-0.6225,-0.46343
-0.6225,-1.2951
-0.6225,0.1904
-0.6225,0.030377
-0.6225,-0.45624
-0.6225,-0.89131
-0.6225,-0.20889
-0.6225,-1.0588
-0.6225,-0.81771
-0.6225,-1.4255
-0.6225,-1.5565
-0.6225,-0.037372
-0.6225,-1.1633
-0.6225,0.23679
-0.6225,-0.83087
-0.6225,-0.3151
-0.87367,-0.25644
-0.87367,-0.32101
-0.87367,-0.6225
-0.87367,-1.3423
-0.87367,-0.66505
-0.87367,-0.46343
-0.87367,-0.6775
-0.87367,-1.2951
-0.87367,-1.5678
-0.87367,0.030377
-0.87367,-0.45624
-0.87367,-0.89131
-0.87367,-0.20889
-0.87367,-1.0588
-0.87367,-1.4255
-0.87367,-1.5565
-0.87367,-1.1633
-0.87367,-0.83087
0.86934,1.7439
0.86934,-0.066958
0.86934,0.14555
0.86934,0.98429
0.86934,0.54903
-1.3423,-1.4905
-1.3423,-2.1012
-1.3423,-0.6225
-1.3423,-0.87367
-1.3423,-0.46343
-1.3423,-1.9071
-1.3423,-0.81771
-1.3423,-1.4255
-1.3423,-1.5565
-1.3423,-1.1633
-1.3423,-0.83087
0.20974,-0.19826
0.20974,-0.32101
0.20974,0.64292
0.20974,-0.69893
0.20974,-0.6775
0.20974,0.99737
0.20974,0.030377
0.20974,-0.13127
0.20974,0.31476
0.20974,0.94415
0.20974,0.53076
0.20974,0.14555
0.20974,0.98429
0.20974,0.54903
0.20974,-0.40911
0.20974,0.7817
0.20974,-0.057314
0.20974,-0.025468
1.8622,2.4365
1.8622,1.8334
1.8622,1.1111
-0.69893,-0.69106
-0.69893,-0.19826
-0.69893,-0.32101
-0.69893,0.20974
-0.69893,-0.66505
-0.69893,-0.6775
-0.69893,-1.3083
-0.69893,-0.13127
-0.69893,-1.0412
-0.69893,-1.0588
-0.69893,0.14555
-0.69893,-1.1444
-0.69893,-0.77722
-0.69893,-0.40911
-0.69893,-1.0875
-0.69893,-1.525
-0.69893,-0.057314
-0.69893,-0.025468
3.0522,3.8174
3.0522,3.4328
3.0522,2.4528
3.0522,2.8119
3.0522,3.2394
3.0522,2.8675
3.0522,2.355
-1.1042,-1.4905
-1.1042,-0.4512
-1.1042,-0.81771
0.57385,-0.25644
0.57385,0.6909
0.57385,-0.32101
0.57385,0.64292
0.57385,1.007
0.57385,0.99737
0.57385,0.35945
0.57385,0.1904
0.57385,0.030377
0.57385,1.3395
0.57385,0.42484
0.57385,1.1318
0.57385,-0.20889
0.57385,0.31476
0.57385,0.83557
0.57385,0.94415
0.57385,0.53076
0.57385,1.2479
0.57385,0.23679
0.57385,-0.057314
0.57385,-0.025468
7.521,8.3414
7.521,6.5738
7.521,7.2545
0.8988,0.40808
0.8988,0.6909
0.8988,1.7716
0.8988,0.1904
0.8988,0.42484
0.8988,1.2449
0.8988,1.1318
0.8988,0.72724
0.8988,1.5304
0.8988,0.83557
0.8988,1.2998
0.8988,-0.037372
0.8988,0.23679
0.8988,1.6344
2.0951,1.4771
2.0951,2.8475
2.0951,2.0138
2.0951,2.5777
2.0951,1.8334
2.0951,1.5487
2.0951,1.9953
2.0951,2.5285
2.0951,2.4117
-7.0011,-7.4505
-7.0011,-6.8521
-7.0011,-6.044
-7.0011,-7.0852
-7.0011,-6.3014
-7.0011,-6.428
-7.0011,-7.3908
-7.0011,-6.7196
-8.3067,-7.6647
-8.3067,-7.9598
-8.3067,-8.1597
-8.3067,-7.6128
6.5344,6.5738
6.5344,7.2545
-0.66505,-0.25644
-0.66505,-0.32101
-0.66505,-0.6225
-0.66505,-0.87367
-0.66505,-0.69893
-0.66505,-0.6775
-0.66505,-1.3083
-0.66505,-1.2951
-0.66505,-1.5678
-0.66505,0.030377
-0.66505,-0.13127
-0.66505,-0.45624
-0.66505,-1.0412
-0.66505,-0.89131
-0.66505,-0.20889
-0.66505,0.31476
-0.66505,-1.0588
-0.66505,-0.40911
-0.66505,-1.1633
-0.66505,-0.057314
-0.66505,-0.025468
-6.8521,-7.6647
-6.8521,-6.5322
-6.8521,-7.4505
-6.8521,-7.0011
-6.8521,-6.044
-6.8521,-7.0852
-6.8521,-6.3014
-6.8521,-6.428
-6.8521,-7.3908
-0.46343,-0.25644
-0.46343,0.13078
-0.46343,0.40808
-0.46343,-0.6225
-0.46343,-0.87367
-0.46343,-1.3423
-0.46343,0.1904
-0.46343,0.42484
-0.46343,-0.45624
-0.46343,-0.20889
-0.46343,-0.4512
-0.46343,-0.81771
-0.46343,-1.4255
-0.46343,-0.037372
-0.46343,-1.1633
-0.46343,0.23679
-0.46343,-0.83087
-0.46343,-0.3151
4.2144,3.4955
4.2144,3.7917
4.2144,3.623
2.9287,1.9678
2.9287,2.392
2.9287,3.2216
2.9287,3.2024
2.9287,3.6466
2.9287,2.0138
2.9287,2.9596
2.9287,2.5777
2.9287,2.7636
2.9287,3.6018
2.9287,3.1538
2.9287,2.7146
2.9287,2.5285
2.9287,2.2352
2.9287,3.2394
2.9287,2.4485
2.9287,3.7659
2.392,1.9678
2.392,2.9287
2.392,2.0138
2.392,2.9596
2.392,2.5777
2.392,1.6285
2.392,2.7636
2.392,3.1538
2.392,2.7146
2.392,1.9953
2.392,1.8523
2.392,2.2352
2.392,2.4485
1.7716,2.546
1.7716,0.8988
1.7716,2.2441
1.7716,1.2449
1.7716,1.5304
1.7716,1.2998
1.7716,1.9758
1.7716,1.6344
-7.2308,-7.0322
-7.2308,-6.6501
-7.2308,-6.4919
-7.2308,-7.9598
-7.2308,-7.6128
-7.2308,-7.0427
-0.6775,-0.25644
-0.6775,-0.32101
-0.6775,-0.87367
-0.6775,0.20974
-0.6775,-0.69893
-0.6775,-0.66505
-0.6775,-1.3083
-0.6775,-1.2951
-0.6775,-1.5678
-0.6775,0.030377
-0.6775,-0.13127
-0.6775,-0.45624
-0.6775,-1.0412
-0.6775,-1.6323
-0.6775,-0.89131
-0.6775,-1.0588
-0.6775,-1.1444
-0.6775,-0.77722
-0.6775,-0.40911
-0.6775,-0.057314
-0.6775,-0.025468
-1.7964,-2.4707
-1.7964,-1.3083
-1.7964,-1.5678
-1.7964,-1.9984
-1.7964,-1.0412
-1.7964,-1.6323
-1.7964,-1.1444
-1.7964,-2.4052
-1.7964,-1.525
-1.7964,-1.8527
1.1568,1.2449
1.1568,0.72724
1.1568,0.15689
1.1568,1.9758
-1.3083,-0.69893
-1.3083,-0.66505
-1.3083,-0.6775
-1.3083,-1.7964
-1.3083,-1.2951
-1.3083,-1.5678
-1.3083,-1.9984
-1.3083,-1.0412
-1.3083,-1.6323
-1.3083,-0.89131
-1.3083,-1.0588
-1.3083,-1.1444
-1.3083,-0.77722
-1.3083,-0.40911
-1.3083,-1.525
0.99737,0.64292
0.99737,1.007
0.99737,0.20974
0.99737,0.57385
0.99737,1.3395
0.99737,1.6808
0.99737,1.8244
0.99737,1.5785
0.99737,0.31476
0.99737,1.9124
0.99737,0.94415
0.99737,0.53076
0.99737,0.98429
0.99737,0.54903
0.99737,1.4148
0.99737,1.2479
0.99737,0.7817
-6.044,-7.0011
-6.044,-6.8521
-6.044,-5.9309
-6.044,-6.3014
-6.044,-6.428
-6.044,-5.4904
-6.044,-6.0743
-6.044,-5.3219
2.2441,2.546
2.2441,1.7716
2.2441,1.6808
2.2441,1.5304
2.2441,1.9242
2.2441,1.6344
2.2441,2.4477
-1.2951,-1.9187
-1.2951,-0.32101
-1.2951,-0.6225
-1.2951,-0.87367
-1.2951,-0.66505
-1.2951,-0.6775
-1.2951,-1.3083
-1.2951,-1.5678
-1.2951,-1.9984
-1.2951,-0.45624
-1.2951,-1.0412
-1.2951,-1.6323
-1.2951,-0.89131
-1.2951,-1.0588
-1.2951,-2.2057
-1.2951,-1.4255
-1.2951,-1.5565
-1.2951,-1.1633
1.1203,2.0643
1.1203,0.62415
1.1203,1.3919
1.1203,1.8009
0.35945,-0.25644
0.35945,0.6909
0.35945,-0.32101
0.35945,0.64292
0.35945,1.007
0.35945,0.57385
0.35945,0.1904
0.35945,0.030377
0.35945,1.3395
0.35945,0.42484
0.35945,-0.45624
0.35945,1.1318
0.35945,-0.20889
0.35945,0.31476
0.35945,0.83557
0.35945,0.94415
0.35945,0.53076
0.35945,-0.037372
0.35945,0.23679
0.35945,-0.057314
0.35945,-0.025468
-7.0852,-7.6647
-7.0852,-7.0322
-7.0852,-6.5322
-7.0852,-7.4505
-7.0852,-6.4919
-7.0852,-7.0011
-7.0852,-6.8521
-7.0852,-6.3014
-7.0852,-7.6128
3.2216,3.4955
3.2216,2.8475
3.2216,2.9287
3.2216,3.2024
3.2216,3.6466
3.2216,2.9596
3.2216,2.5777
3.2216,3.7917
3.2216,2.5285
3.2216,2.9742
3.2024,2.8475
3.2024,2.9287
3.2024,3.2216
3.2024,3.6466
3.2024,2.9596
3.2024,2.5777
3.2024,3.6018
3.2024,3.1538
3.2024,3.7917
3.2024,2.5285
3.2024,2.4485
3.2024,3.7659
0.1904,-0.25644
0.1904,0.40808
0.1904,0.6909
0.1904,-0.32101
0.1904,0.64292
0.1904,1.007
0.1904,-0.6225
0.1904,0.57385
0.1904,0.8988
0.1904,-0.46343
0.1904,0.35945
0.1904,0.030377
0.1904,0.42484
0.1904,-0.45624
0.1904,1.1318
0.1904,-0.20889
0.1904,0.31476
0.1904,0.83557
0.1904,-0.037372
0.1904,0.23679
0.1904,-0.025468
-5.3162,-5.2551
-5.3162,-5.9771
-5.3162,-6.0201
-7.8105,-7.6433
-7.8105,-7.3908
3.6466,2.9287
3.6466,3.2216
3.6466,3.2024
3.6466,2.9596
3.6466,3.6018
3.6466,3.1538
3.6466,3.7917
3.6466,4.2906
3.6466,3.7659
-1.5678,-1.9187
-1.5678,-0.87367
-1.5678,-0.66505
-1.5678,-0.6775
-1.5678,-1.7964
-1.5678,-1.3083
-1.5678,-1.2951
-1.5678,-1.9984
-1.5678,-1.9071
-1.5678,-1.0412
-1.5678,-1.6323
-1.5678,-0.89131
-1.5678,-1.0588
-1.5678,-2.2057
-1.5678,-1.5565
-1.5678,-2.4052
-1.5678,-1.1633
0.030377,-0.25644
0.030377,0.6909
0.030377,-0.32101
0.030377,0.64292
0.030377,1.007
0.030377,-0.6225
0.030377,-0.87367
0.030377,0.20974
0.030377,0.57385
0.030377,-0.66505
0.030377,-0.6775
0.030377,0.35945
0.030377,0.1904
0.030377,0.42484
0.030377,-0.45624
0.030377,-0.89131
0.030377,-0.20889
0.030377,0.31476
0.030377,0.94415
0.030377,0.53076
0.030377,-0.037372
0.030377,0.23679
0.030377,-0.057314
0.030377,-0.025468
1.3395,0.6909
1.3395,0.64292
1.3395,1.007
1.3395,0.57385
1.3395,0.99737
1.3395,0.35945
1.3395,1.6808
1.3395,1.1318
1.3395,1.5785
1.3395,1.9124
1.3395,1.5304
1.3395,0.83557
1.3395,0.94415
1.3395,1.9242
1.3395,1.2479
1.3395,1.6344
0.42484,-0.25644
0.42484,0.13078
0.42484,0.40808
0.42484,0.6909
0.42484,0.57385
0.42484,0.8988
0.42484,-0.46343
0.42484,0.35945
0.42484,0.1904
0.42484,0.030377
0.42484,1.1318
0.42484,0.72724
0.42484,-0.20889
0.42484,0.83557
0.42484,1.2998
0.42484,-0.037372
0.42484,0.23679
0.42484,-0.3151
1.7439,0.86934
1.7439,1.8244
1.7439,0.98429
1.7439,1.4148
-0.13127,-0.69106
-0.13127,-0.19826
-0.13127,-0.32101
-0.13127,0.20974
-0.13127,-0.69893
-0.13127,-0.66505
-0.13127,-0.6775
-0.13127,-1.0412
-0.13127,0.31476
-0.13127,0.53076
-0.13127,0.14555
-0.13127,0.54903
-0.13127,-0.77722
-0.13127,-0.40911
-0.13127,0.7817
-0.13127,-0.057314
-0.13127,-0.025468
1.6808,1.007
1.6808,0.99737
1.6808,2.2441
1.6808,1.3395
1.6808,2.2936
1.6808,1.1318
1.6808,1.5785
1.6808,1.9124
1.6808,1.5304
1.6808,0.94415
1.6808,1.9242
1.6808,1.2479
1.6808,1.6344
1.6808,2.4477
-0.066958,-0.69106
-0.066958,-0.19826
-0.066958,0.86934
-0.066958,0.14555
-0.066958,0.54903
1.2659,1.4771
1.2659,0.82711
1.2659,1.9678
1.2659,2.0138
1.2659,0.59051
1.2659,1.6285
1.2659,1.5487
1.2659,0.86139
1.2659,1.9953
1.2659,1.3698
2.0643,1.1203
2.0643,2.4528
2.0643,1.8009
2.0643,2.8675
-1.9984,-2.4707
-1.9984,-2.782
-1.9984,-1.9187
-1.9984,-1.7964
-1.9984,-1.3083
-1.9984,-1.2951
-1.9984,-1.5678
-1.9984,-1.0412
-1.9984,-1.6323
-1.9984,-1.0588
-1.9984,-2.2057
-1.9984,-1.5565
-1.9984,-2.4052
-1.9984,-1.525
-0.45624,-0.25644
-0.45624,-0.32101
-0.45624,-0.6225
-0.45624,-0.87367
-0.45624,-0.66505
-0.45624,-0.46343
-0.45624,-0.6775
-0.45624,-1.2951
-0.45624,0.35945
-0.45624,0.1904
-0.45624,0.030377
-0.45624,-0.89131
-0.45624,-0.20889
-0.45624,0.31476
-0.45624,-1.0588
-0.45624,-0.037372
-0.45624,-1.1633
-0.45624,0.23679
-0.45624,-0.83087
-0.45624,-0.057314
-0.45624,-0.025468
0.62415,1.1203
0.62415,1.3919
0.62415,1.0176
-5.2551,-5.3162
-5.2551,-5.9309
-5.2551,-5.4904
-5.2551,-5.9771
3.4328,3.8174
3.4328,3.0522
3.4328,4.0022
3.4328,2.7636
3.4328,3.6018
3.4328,2.8119
3.4328,3.2394
1.2449,0.40808
1.2449,0.8988
1.2449,1.7716
1.2449,1.1568
1.2449,0.72724
1.2449,0.83557
1.2449,1.2998
1.2449,1.9758
1.2449,1.6344
-5.9309,-6.5322
-5.9309,-6.4919
-5.9309,-6.044
-5.9309,-5.2551
-5.9309,-6.3014
-5.9309,-5.4904
-5.9309,-5.9771
1.9798,1.6342
1.9798,2.4528
1.9798,1.3919
1.9798,2.8119
1.9798,1.8523
1.9798,1.8009
1.9798,2.2352
1.9798,2.355
2.0138,1.4771
2.0138,1.9678
2.0138,2.0951
2.0138,2.9287
2.0138,2.392
2.0138,1.2659
2.0138,2.9596
2.0138,2.5777
2.0138,1.6285
2.0138,1.5487
2.0138,1.9953
2.0138,2.5285
2.0138,2.4485
-1.9071,-1.4905
-1.9071,-1.9187
-1.9071,-2.1012
-1.9071,-1.3423
-1.9071,-1.5678
-1.9071,-2.535
-1.9071,-2.2057
-1.9071,-1.4255
-1.9071,-1.5565
-1.9071,-1.1633
7.8012,7.2545
-1.0412,-0.32101
-1.0412,-0.69893
-1.0412,-0.66505
-1.0412,-0.6775
-1.0412,-1.7964
-1.0412,-1.3083
-1.0412,-1.2951
-1.0412,-1.5678
-1.0412,-0.13127
-1.0412,-1.9984
-1.0412,-1.6323
-1.0412,-0.89131
-1.0412,-1.0588
-1.0412,-1.1444
-1.0412,-0.77722
-1.0412,-0.40911
-1.0412,-1.525
-1.0412,-0.057314
2.4528,3.0522
2.4528,2.0643
2.4528,1.9798
2.4528,2.8119
2.4528,1.8009
2.4528,2.8675
2.4528,2.355
-1.6323,-2.4707
-1.6323,-1.9187
-1.6323,-0.6775
-1.6323,-1.7964
-1.6323,-1.3083
-1.6323,-1.2951
-1.6323,-1.5678
-1.6323,-1.9984
-1.6323,-1.0412
-1.6323,-0.89131
-1.6323,-1.0588
-1.6323,-2.2057
-1.6323,-1.1444
-1.6323,-1.5565
-1.6323,-2.4052
-1.6323,-1.525
2.2936,1.6808
2.2936,1.8244
2.2936,1.5785
2.2936,1.9124
2.2936,1.9242
2.2936,2.5235
2.2936,2.4477
1.1318,0.6909
1.1318,1.007
1.1318,0.57385
1.1318,0.8988
1.1318,0.35945
1.1318,0.1904
1.1318,1.3395
1.1318,0.42484
1.1318,1.6808
1.1318,1.5304
1.1318,0.83557
1.1318,0.94415
1.1318,1.9242
1.1318,1.2998
1.1318,0.23679
1.1318,1.6344
2.9596,2.8475
2.9596,2.9287
2.9596,2.392
2.9596,3.2216
2.9596,3.2024
2.9596,3.6466
2.9596,2.0138
2.9596,2.5777
2.9596,3.1538
2.9596,1.9953
2.9596,3.7917
2.9596,2.5285
2.9596,2.4485
0.59051,1.2659
0.59051,0.86139
0.59051,1.0176
0.59051,1.3698
4.0022,3.8174
4.0022,3.4328
4.0022,3.6018
4.0022,3.2394
4.0022,3.7659
2.5777,2.8475
2.5777,1.9678
2.5777,2.0951
2.5777,2.9287
2.5777,2.392
2.5777,3.2216
2.5777,3.2024
2.5777,2.0138
2.5777,2.9596
2.5777,3.1538
2.5777,2.7146
2.5777,1.9953
2.5777,2.5285
2.5777,2.4485
0.72724,0.13078
0.72724,0.40808
0.72724,0.8988
0.72724,1.1568
0.72724,0.42484
0.72724,1.2449
0.72724,0.15689
0.72724,0.83557
0.72724,1.2998
0.15689,0.13078
0.15689,1.1568
0.15689,0.72724
0.15689,-0.4512
1.6285,1.4771
1.6285,1.6342
1.6285,1.9678
1.6285,2.392
1.6285,1.2659
1.6285,2.0138
1.6285,0.86139
1.6285,1.9953
1.6285,1.8523
1.6285,2.2352
1.6285,1.3698
1.6285,2.4485
2.7636,1.9678
2.7636,2.9287
2.7636,2.392
2.7636,3.4328
2.7636,3.6018
2.7636,3.1538
2.7636,2.8119
2.7636,2.7146
2.7636,1.8523
2.7636,2.2352
2.7636,3.2394
2.7636,2.4485
2.7636,2.355
-0.89131,-0.25644
-0.89131,-0.32101
-0.89131,-0.6225
-0.89131,-0.87367
-0.89131,-0.66505
-0.89131,-0.6775
-0.89131,-1.3083
-0.89131,-1.2951
-0.89131,-1.5678
-0.89131,0.030377
-0.89131,-0.45624
-0.89131,-1.0412
-0.89131,-1.6323
-0.89131,-0.20889
-0.89131,-1.0588
-0.89131,-1.4255
-0.89131,-1.5565
-0.89131,-1.1633
-0.89131,-0.83087
-0.89131,-0.025468
2.928,2.4365
2.928,2.9742
2.928,3.623
-0.20889,-0.25644
-0.20889,0.40808
-0.20889,0.6909
-0.20889,-0.32101
-0.20889,-0.6225
-0.20889,-0.87367
-0.20889,0.57385
-0.20889,-0.66505
-0.20889,-0.46343
-0.20889,0.35945
-0.20889,0.1904
-0.20889,0.030377
-0.20889,0.42484
-0.20889,-0.45624
-0.20889,-0.89131
-0.20889,-0.037372
-0.20889,-1.1633
-0.20889,0.23679
-0.20889,-0.83087
-0.20889,-0.025468
-0.20889,-0.3151
3.6018,2.9287
3.6018,3.2024
3.6018,3.6466
3.6018,3.4328
3.6018,4.0022
3.6018,2.7636
3.6018,3.1538
3.6018,2.7146
3.6018,4.2906
3.6018,3.2394
3.6018,3.7659
-7.9598,-8.3067
-7.9598,-7.2308
-7.9598,-7.6128
1.8334,2.4365
1.8334,1.8622
1.8334,2.0951
1.8334,1.5487
1.8334,1.1111
1.8334,2.4117
1.3919,1.6342
1.3919,1.1203
1.3919,0.62415
1.3919,1.9798
1.3919,1.8523
1.3919,1.0176
1.3919,1.8009
1.3919,2.355
1.8244,0.99737
1.8244,1.7439
1.8244,2.2936
1.8244,1.5785
1.8244,1.9124
1.8244,0.98429
1.8244,1.4148
1.8244,1.2479
1.8244,2.5235
1.5785,0.64292
1.5785,1.007
1.5785,0.99737
1.5785,1.3395
1.5785,1.6808
1.5785,2.2936
1.5785,1.8244
1.5785,1.9124
1.5785,0.94415
1.5785,1.9242
1.5785,1.4148
1.5785,1.2479
1.5785,0.7817
1.5785,2.4477
3.1538,2.9287
3.1538,2.392
3.1538,3.2024
3.1538,3.6466
3.1538,2.9596
3.1538,2.5777
3.1538,2.7636
3.1538,3.6018
3.1538,2.7146
3.1538,3.2394
3.1538,2.4485
3.1538,3.7659
0.31476,-0.25644
0.31476,0.6909
0.31476,-0.32101
0.31476,0.64292
0.31476,1.007
0.31476,0.20974
0.31476,0.57385
0.31476,-0.66505
0.31476,0.99737
0.31476,0.35945
0.31476,0.1904
0.31476,0.030377
0.31476,-0.13127
0.31476,-0.45624
0.31476,0.94415
0.31476,0.53076
0.31476,1.2479
0.31476,-0.40911
0.31476,0.7817
0.31476,-0.057314
0.31476,-0.025468
2.8119,3.0522
2.8119,3.4328
2.8119,1.9798
2.8119,2.4528
2.8119,2.7636
2.8119,2.7146
2.8119,2.2352
2.8119,3.2394
2.8119,2.355
-6.3014,-6.5322
-6.3014,-7.0011
-6.3014,-6.8521
-6.3014,-6.044
-6.3014,-7.0852
-6.3014,-5.9309
-6.3014,-6.428
-6.3014,-5.4904
1.9124,0.99737
1.9124,1.3395
1.9124,1.6808
1.9124,2.2936
1.9124,1.8244
1.9124,1.5785
1.9124,1.9242
1.9124,1.4148
1.9124,1.2479
1.9124,2.5235
1.9124,2.4477
-1.0588,-0.25644
-1.0588,-1.9187
-1.0588,-0.32101
-1.0588,-0.6225
-1.0588,-0.87367
-1.0588,-0.69893
-1.0588,-0.66505
-1.0588,-0.6775
-1.0588,-1.3083
-1.0588,-1.2951
-1.0588,-1.5678
-1.0588,-1.9984
-1.0588,-0.45624
-1.0588,-1.0412
-1.0588,-1.6323
-1.0588,-0.89131
-1.0588,-1.5565
-1.0588,-0.40911
-1.0588,-1.1633
8.4253,7.4297
8.4253,7.8167
1.5487,1.4771
1.5487,0.82711
1.5487,2.0951
1.5487,1.2659
1.5487,2.0138
1.5487,1.8334
1.5487,1.9953
1.5487,1.1111
1.5487,2.4117
0.86139,1.4771
0.86139,0.82711
0.86139,1.2659
0.86139,0.59051
0.86139,1.6285
0.86139,1.3698
1.5304,0.6909
1.5304,1.007
1.5304,0.8988
1.5304,1.7716
1.5304,2.2441
1.5304,1.3395
1.5304,1.6808
1.5304,1.1318
1.5304,0.83557
1.5304,0.94415
1.5304,1.9242
1.5304,1.2998
1.5304,1.6344
-2.535,-2.782
-2.535,-1.9187
-2.535,-2.1012
-2.535,-1.9071
-2.535,-2.2057
-0.4512,0.13078
-0.4512,-1.1042
-0.4512,-0.46343
-0.4512,0.15689
-0.4512,-0.81771
-0.4512,-0.037372
-0.4512,-0.83087
-0.4512,-0.3151
6.8243,7.4297
0.83557,0.40808
0.83557,0.6909
0.83557,1.007
0.83557,0.57385
0.83557,0.8988
0.83557,0.35945
0.83557,0.1904
0.83557,1.3395
0.83557,0.42484
0.83557,1.2449
0.83557,1.1318
0.83557,0.72724
0.83557,1.5304
0.83557,1.2998
0.83557,-0.037372
0.83557,0.23679
0.83557,1.6344
-8.1597,-7.6647
-8.1597,-7.4505
-8.1597,-8.3067
2.7146,1.9678
2.7146,2.9287
2.7146,2.392
2.7146,2.5777
2.7146,2.7636
2.7146,3.6018
2.7146,3.1538
2.7146,2.8119
2.7146,1.8523
2.7146,2.2352
2.7146,3.2394
2.7146,2.4485
2.7146,2.355
1.9953,1.4771
1.9953,1.9678
1.9953,2.0951
1.9953,2.392
1.9953,1.2659
1.9953,2.0138
1.9953,2.9596
1.9953,2.5777
1.9953,1.6285
1.9953,1.5487
1.9953,2.5285
1.9953,2.4117
1.9953,2.4485
-0.81771,-1.4905
-0.81771,0.13078
-0.81771,-0.6225
-0.81771,-1.3423
-0.81771,-1.1042
-0.81771,-0.46343
-0.81771,-0.4512
-0.81771,-1.4255
-0.81771,-0.037372
-0.81771,-1.1633
-0.81771,-0.83087
-0.81771,-0.3151
1.8523,1.6342
1.8523,1.9678
1.8523,2.392
1.8523,1.9798
1.8523,1.6285
1.8523,2.7636
1.8523,1.3919
1.8523,2.7146
1.8523,1.0176
1.8523,2.2352
1.8523,1.3698
1.8523,2.4485
1.8523,2.355
0.94415,0.6909
0.94415,0.64292
0.94415,1.007
0.94415,0.20974
0.94415,0.57385
0.94415,0.99737
0.94415,0.35945
0.94415,0.030377
0.94415,1.3395
0.94415,1.6808
0.94415,1.1318
0.94415,1.5785
0.94415,0.31476
0.94415,1.5304
0.94415,0.53076
0.94415,1.2479
0.94415,0.7817
0.94415,-0.025468
0.53076,-0.32101
0.53076,0.64292
0.53076,1.007
0.53076,0.20974
0.53076,0.57385
0.53076,0.99737
0.53076,0.35945
0.53076,0.030377
0.53076,-0.13127
0.53076,0.31476
0.53076,0.94415
0.53076,0.14555
0.53076,0.98429
0.53076,0.54903
0.53076,1.4148
0.53076,1.2479
0.53076,-0.40911
0.53076,0.7817
0.53076,-0.057314
0.53076,-0.025468
1.0176,1.6342
1.0176,0.62415
1.0176,0.59051
1.0176,1.3919
1.0176,1.8523
1.0176,1.3698
1.1111,0.82711
1.1111,1.8622
1.1111,1.8334
1.1111,1.5487
1.9242,1.007
1.9242,2.2441
1.9242,1.3395
1.9242,1.6808
1.9242,2.2936
1.9242,1.1318
1.9242,1.5785
1.9242,1.9124
1.9242,1.5304
1.9242,1.2479
1.9242,1.6344
1.9242,2.4477
3.7917,3.4955
3.7917,2.8475
3.7917,4.2144
3.7917,3.2216
3.7917,3.2024
3.7917,3.6466
3.7917,2.9596
3.7917,4.2906
3.7917,3.7659
2.5285,2.8475
2.5285,2.0951
2.5285,2.9287
2.5285,3.2216
2.5285,3.2024
2.5285,2.0138
2.5285,2.9596
2.5285,2.5777
2.5285,1.9953
2.5285,2.4117
2.5285,2.9742
2.5285,2.4485
0.14555,-0.69106
0.14555,-0.19826
0.14555,0.86934
0.14555,0.20974
0.14555,-0.69893
0.14555,-0.13127
0.14555,-0.066958
0.14555,0.53076
0.14555,0.98429
0.14555,0.54903
0.14555,-0.77722
0.14555,-0.40911
0.14555,0.7817
0.14555,-0.057314
-2.2057,-2.782
-2.2057,-1.9187
-2.2057,-1.2951
-2.2057,-1.5678
-2.2057,-1.9984
-2.2057,-1.9071
-2.2057,-1.6323
-2.2057,-2.535
-2.2057,-1.5565
-2.2057,-2.4052
-1.1444,-0.69106
-1.1444,-0.19826
-1.1444,-0.69893
-1.1444,-0.6775
-1.1444,-1.7964
-1.1444,-1.3083
-1.1444,-1.0412
-1.1444,-1.6323
-1.1444,-0.77722
-1.1444,-0.40911
-1.1444,-1.0875
-1.1444,-1.525
-1.1444,-1.8527
-6.428,-7.0011
-6.428,-6.8521
-6.428,-6.044
-6.428,-6.3014
-6.428,-7.3908
-6.428,-6.0743
-6.428,-6.7196
0.98429,0.86934
0.98429,0.20974
0.98429,0.99737
0.98429,1.7439
0.98429,1.8244
0.98429,0.53076
0.98429,0.14555
0.98429,0.54903
0.98429,1.4148
0.98429,1.2479
0.98429,0.7817
-1.4255,-1.4905
-1.4255,-1.9187
-1.4255,-2.1012
-1.4255,-0.6225
-1.4255,-0.87367
-1.4255,-1.3423
-1.4255,-0.46343
-1.4255,-1.2951
-1.4255,-1.9071
-1.4255,-0.89131
-1.4255,-0.81771
-1.4255,-1.5565
-1.4255,-1.1633
-1.4255,-0.83087
0.54903,-0.19826
0.54903,0.86934
0.54903,0.20974
0.54903,0.99737
0.54903,-0.13127
0.54903,-0.066958
0.54903,0.53076
0.54903,0.14555
0.54903,0.98429
0.54903,1.4148
0.54903,0.7817
1.4148,0.99737
1.4148,1.7439
1.4148,1.8244
1.4148,1.5785
1.4148,1.9124
1.4148,0.53076
1.4148,0.98429
1.4148,0.54903
1.4148,1.2479
1.4148,0.7817
-5.4904,-6.044
-5.4904,-5.2551
-5.4904,-5.9309
-5.4904,-6.3014
-5.4904,-5.3219
-5.9771,-6.5322
-5.9771,-6.6501
-5.9771,-6.4919
-5.9771,-5.3162
-5.9771,-5.2551
-5.9771,-5.9309
-5.9771,-6.0201
-7.3908,-7.4505
-7.3908,-7.0011
-7.3908,-6.8521
-7.3908,-7.8105
-7.3908,-6.428
-7.3908,-6.7196
4.2906,3.6466
4.2906,3.6018
4.2906,3.7917
4.2906,3.7659
1.8009,1.1203
1.8009,2.0643
1.8009,1.9798
1.8009,2.4528
1.8009,1.3919
1.8009,2.355
-6.0743,-6.044
-6.0743,-6.428
-6.0743,-5.3219
-6.0743,-6.7196
-6.0743,-5.7685
-1.5565,-1.9187
-1.5565,-0.6225
-1.5565,-0.87367
-1.5565,-1.3423
-1.5565,-1.2951
-1.5565,-1.5678
-1.5565,-1.9984
-1.5565,-1.9071
-1.5565,-1.6323
-1.5565,-0.89131
-1.5565,-1.0588
-1.5565,-2.2057
-1.5565,-1.4255
-1.5565,-1.1633
-1.5565,-0.83087
1.2479,0.64292
1.2479,1.007
1.2479,0.57385
1.2479,0.99737
1.2479,1.3395
1.2479,1.6808
1.2479,1.8244
1.2479,1.5785
1.2479,0.31476
1.2479,1.9124
1.2479,0.94415
1.2479,0.53076
1.2479,1.9242
1.2479,0.98429
1.2479,1.4148
1.2479,0.7817
-0.77722,-0.69106
-0.77722,-0.19826
-0.77722,-0.69893
-0.77722,-0.6775
-0.77722,-1.3083
-0.77722,-0.13127
-0.77722,-1.0412
-0.77722,0.14555
-0.77722,-1.1444
-0.77722,-0.40911
-0.77722,-1.0875
-0.77722,-1.525
-0.77722,-0.057314
2.4117,2.8475
2.4117,2.4365
2.4117,2.0951
2.4117,1.8334
2.4117,1.5487
2.4117,1.9953
2.4117,2.5285
2.4117,2.9742
1.2998,0.40808
1.2998,0.6909
1.2998,0.8988
1.2998,1.7716
1.2998,0.42484
1.2998,1.2449
1.2998,1.1318
1.2998,0.72724
1.2998,1.5304
1.2998,0.83557
1.2998,1.6344
-0.40911,-0.69106
-0.40911,-0.19826
-0.40911,-0.32101
-0.40911,0.20974
-0.40911,-0.69893
-0.40911,-0.66505
-0.40911,-0.6775
-0.40911,-1.3083
-0.40911,-0.13127
-0.40911,-1.0412
-0.40911,0.31476
-0.40911,-1.0588
-0.40911,0.53076
-0.40911,0.14555
-0.40911,-1.1444
-0.40911,-0.77722
-0.40911,-0.057314
-0.40911,-0.025468
0.7817,0.64292
0.7817,0.20974
0.7817,0.99737
0.7817,-0.13127
0.7817,1.5785
0.7817,0.31476
0.7817,0.94415
0.7817,0.53076
0.7817,0.14555
0.7817,0.98429
0.7817,0.54903
0.7817,1.4148
0.7817,1.2479
0.7817,-0.057314
1.9758,2.546
1.9758,1.7716
1.9758,1.1568
1.9758,1.2449
2.2352,1.6342
2.2352,1.9678
2.2352,2.9287
2.2352,2.392
2.2352,1.9798
2.2352,1.6285
2.2352,2.7636
2.2352,2.8119
2.2352,2.7146
2.2352,1.8523
2.2352,3.2394
2.2352,1.3698
2.2352,2.4485
2.2352,2.355
2.9742,3.4955
2.9742,2.8475
2.9742,2.4365
2.9742,3.2216
2.9742,2.928
2.9742,2.5285
2.9742,2.4117
2.9742,3.623
-2.4052,-2.4707
-2.4052,-2.782
-2.4052,-1.9187
-2.4052,-1.7964
-2.4052,-1.5678
-2.4052,-1.9984
-2.4052,-1.6323
-2.4052,-2.2057
-6.1047,-6.6501
-6.1047,-6.0201
-6.1047,-7.0427
-1.0875,-0.69106
-1.0875,-0.19826
-1.0875,-0.69893
-1.0875,-1.1444
-1.0875,-0.77722
-1.0875,-1.525
-1.0875,-1.8527
-0.037372,-0.25644
-0.037372,0.13078
-0.037372,0.40808
-0.037372,0.6909
-0.037372,-0.6225
-0.037372,0.8988
-0.037372,-0.46343
-0.037372,0.35945
-0.037372,0.1904
-0.037372,0.030377
-0.037372,0.42484
-0.037372,-0.45624
-0.037372,-0.20889
-0.037372,-0.4512
-0.037372,0.83557
-0.037372,-0.81771
-0.037372,0.23679
-0.037372,-0.83087
-0.037372,-0.3151
-5.3219,-6.044
-5.3219,-5.4904
-5.3219,-6.0743
-6.0201,-6.6501
-6.0201,-6.4919
-6.0201,-5.3162
-6.0201,-5.9771
-6.0201,-6.1047
-1.1633,-0.25644
-1.1633,-1.9187
-1.1633,-0.6225
-1.1633,-0.87367
-1.1633,-1.3423
-1.1633,-0.66505
-1.1633,-0.46343
-1.1633,-1.2951
-1.1633,-1.5678
-1.1633,-0.45624
-1.1633,-1.9071
-1.1633,-0.89131
-1.1633,-0.20889
-1.1633,-1.0588
-1.1633,-0.81771
-1.1633,-1.4255
-1.1633,-1.5565
-1.1633,-0.83087
2.5235,2.2936
2.5235,1.8244
2.5235,1.9124
3.2394,3.0522
3.2394,2.9287
3.2394,3.4328
3.2394,4.0022
3.2394,2.7636
3.2394,3.6018
3.2394,3.1538
3.2394,2.8119
3.2394,2.7146
3.2394,2.2352
3.2394,3.7659
3.2394,2.355
0.23679,-0.25644
0.23679,0.13078
0.23679,0.40808
0.23679,0.6909
0.23679,-0.6225
0.23679,0.57385
0.23679,0.8988
0.23679,-0.46343
0.23679,0.35945
0.23679,0.1904
0.23679,0.030377
0.23679,0.42484
0.23679,-0.45624
0.23679,1.1318
0.23679,-0.20889
0.23679,0.83557
0.23679,-0.037372
0.23679,-0.3151
-6.7196,-7.0011
-6.7196,-6.428
-6.7196,-7.3908
-6.7196,-6.0743
-6.7196,-6.9436
1.3698,1.6342
1.3698,1.9678
1.3698,1.2659
1.3698,0.59051
1.3698,1.6285
1.3698,0.86139
1.3698,1.8523
1.3698,1.0176
1.3698,2.2352
2.4485,1.9678
2.4485,2.9287
2.4485,2.392
2.4485,3.2024
2.4485,2.0138
2.4485,2.9596
2.4485,2.5777
2.4485,1.6285
2.4485,2.7636
2.4485,3.1538
2.4485,2.7146
2.4485,1.9953
2.4485,1.8523
2.4485,2.5285
2.4485,2.2352
3.7659,2.9287
3.7659,3.2024
3.7659,3.6466
3.7659,4.0022
3.7659,3.6018
3.7659,3.1538
3.7659,3.7917
3.7659,4.2906
3.7659,3.2394
-6.9436,-6.5051
-6.9436,-7.6433
-6.9436,-6.7196
-0.83087,-0.25644
-0.83087,-1.4905
-0.83087,-0.6225
-0.83087,-0.87367
-0.83087,-1.3423
-0.83087,-0.46343
-0.83087,-0.45624
-0.83087,-0.89131
-0.83087,-0.20889
-0.83087,-0.4512
-0.83087,-0.81771
-0.83087,-1.4255
-0.83087,-1.5565
-0.83087,-0.037372
-0.83087,-1.1633
-0.83087,-0.3151
-7.6128,-7.6647
-7.6128,-7.0322
-7.6128,-8.3067
-7.6128,-7.2308
-7.6128,-7.0852
-7.6128,-7.9598
3.623,3.4955
3.623,4.2144
3.623,2.928
3.623,2.9742
7.4297,8.4253
7.4297,6.8243
7.4297,7.8167
-1.525,-2.4707
-1.525,-0.69893
-1.525,-1.7964
-1.525,-1.3083
-1.525,-1.9984
-1.525,-1.0412
-1.525,-1.6323
-1.525,-1.1444
-1.525,-0.77722
-1.525,-1.0875
-1.525,-1.8527
-0.057314,-0.25644
-0.057314,-0.19826
-0.057314,-0.32101
-0.057314,0.64292
-0.057314,0.20974
-0.057314,-0.69893
-0.057314,0.57385
-0.057314,-0.66505
-0.057314,-0.6775
-0.057314,0.35945
-0.057314,0.030377
-0.057314,-0.13127
-0.057314,-0.45624
-0.057314,-1.0412
-0.057314,0.31476
-0.057314,0.53076
-0.057314,0.14555
-0.057314,-0.77722
-0.057314,-0.40911
-0.057314,0.7817
-0.057314,-0.025468
2.8675,3.0522
2.8675,2.0643
2.8675,2.4528
1.6344,0.6909
1.6344,1.007
1.6344,0.8988
1.6344,1.7716
1.6344,2.2441
1.6344,1.3395
1.6344,1.6808
1.6344,1.2449
1.6344,1.1318
1.6344,1.5304
1.6344,0.83557
1.6344,1.9242
1.6344,1.2998
-1.8527,-2.4707
-1.8527,-1.7964
-1.8527,-1.1444
-1.8527,-1.0875
-1.8527,-1.525
-7.0427,-6.6501
-7.0427,-7.2308
-7.0427,-6.1047
-5.7685,-6.5051
-5.7685,-6.0743
-0.025468,-0.25644
-0.025468,-0.32101
-0.025468,0.64292
-0.025468,0.20974
-0.025468,-0.69893
-0.025468,0.57385
-0.025468,-0.66505
-0.025468,-0.6775
-0.025468,0.35945
-0.025468,0.1904
-0.025468,0.030377
-0.025468,-0.13127
-0.025468,-0.45624
-0.025468,-0.89131
-0.025468,-0.20889
-0.025468,0.31476
-0.025468,0.94415
-0.025468,0.53076
-0.025468,-0.40911
-0.025468,-0.057314
2.4477,2.2441
2.4477,1.6808
2.4477,2.2936
2.4477,1.5785
2.4477,1.9124
2.4477,1.9242
7.8167,8.4253
7.8167,7.4297
2.355,1.6342
2.355,3.0522
2.355,1.9798
2.355,2.4528
2.355,2.7636
2.355,1.3919
2.355,2.8119
2.355,2.7146
2.355,1.8523
2.355,1.8009
2.355,2.2352
2.355,3.2394
-0.3151,0.13078
-0.3151,0.40808
-0.3151,-0.6225
-0.3151,-0.46343
-0.3151,0.42484
-0.3151,-0.20889
-0.3151,-0.4512
-0.3151,-0.81771
-0.3151,-0.037372
-0.3151,0.23679
-0.3151,-0.83087
7.2545,7.521
7.2545,6.5344
7.2545,7.8012
