2.0659,2.5771
2.0659,1.2383
2.0659,1.4625
2.0659,2.7866
2.0659,2.5765
2.0659,2.9907
2.0659,2.2047
2.0659,1.9069
-6.2682,-5.7596
-6.2682,-5.338
-6.2682,-6.9149
-6.2682,-5.7017
-6.2682,-6.4474
-6.2682,-6.1079
-5.2658,-5.1737
-5.2658,-5.1192
-5.2658,-4.7594
-5.2658,-5.338
-5.2658,-5.7193
-5.2658,-4.4621
-5.2658,-5.7017
-5.2658,-4.56
-5.2658,-6.1079
-5.2281,-5.5181
-5.2281,-4.6525
-5.2281,-5.1014
-5.2281,-4.6673
-5.2281,-4.3644
-2.6717,-2.9685
-2.6717,-3.5374
-2.6717,-3.4176
-2.6717,-2.3604
-2.6717,-3.4027
-5.0181,-5.6319
-5.0181,-4.8314
-5.0181,-5.2202
-5.0181,-4.5522
-5.0181,-5.036
-5.0181,-4.3178
-5.5181,-5.2281
-5.5181,-5.6607
-5.5181,-4.6525
-5.5181,-5.1418
-5.5181,-5.8384
-5.5181,-4.8034
-5.5181,-5.1014
-5.1737,-5.2658
-5.1737,-5.7596
-5.1737,-4.7594
-5.1737,-5.338
-5.1737,-5.0934
-5.1737,-4.4621
-5.1737,-5.7017
-5.1737,-4.5908
-5.1737,-4.6262
-5.1737,-5.4
3.6028,3.4611
-3.2095,-3.2954
-3.2095,-2.9685
-3.2095,-3.5577
-3.2095,-3.5374
-3.2095,-3.8171
-3.2095,-2.7332
-3.2095,-3.4176
-3.2095,-3.747
-3.2095,-4.0667
-3.2095,-2.3604
-3.2095,-3.1932
-3.2095,-2.8079
4.3247,3.887
4.3247,5.2328
4.3247,3.4611
4.3247,5.0805
4.3247,4.4328
4.3247,4.6106
-5.1192,-5.2658
-5.1192,-4.7594
-5.1192,-5.338
-5.1192,-5.7193
-5.1192,-4.6537
-5.1192,-4.56
-5.1192,-5.6567
-5.7596,-6.2682
-5.7596,-5.1737
-5.7596,-5.338
-5.7596,-5.0934
-5.7596,-5.7017
-5.7596,-6.4474
-5.7596,-5.7305
-5.7596,-5.4
8.0322,7.978
3.0325,2.5191
3.0325,3.6113
3.0325,2.9378
3.0325,3.431
3.0325,2.3624
3.0325,3.4739
3.0325,2.7024
3.3976,3.5831
3.3976,3.887
3.3976,2.7405
3.3976,2.7866
3.3976,3.4611
3.3976,3.1276
3.3976,3.9204
3.3976,3.305
-5.6607,-5.5181
-5.6607,-5.1418
-5.6607,-5.8384
-5.6607,-4.8034
-5.6607,-5.036
-5.6607,-5.1014
8.2842,7.7148
8.2842,7.978
-3.2954,-3.2095
-3.2954,-3.9939
-3.2954,-2.9685
-3.2954,-3.5577
-3.2954,-3.8171
-3.2954,-2.912
-3.2954,-2.7332
-3.2954,-3.4755
-3.2954,-3.747
-3.2954,-4.0667
-3.2954,-3.1932
-3.2954,-4.1194
-3.2954,-2.8079
4.397,3.8882
4.397,3.9996
4.397,4.6318
4.397,4.0587
4.397,4.7224
4.397,4.8285
4.397,3.686
4.397,4.2601
-4.7594,-5.2658
-4.7594,-5.1737
-4.7594,-5.1192
-4.7594,-5.338
-4.7594,-4.4621
-4.7594,-5.7017
-4.7594,-4.0339
-4.7594,-4.5908
-4.7594,-4.1524
-4.7594,-4.56
-3.9485,-4.6816
-3.9485,-4.7019
-3.9485,-4.0271
-3.9485,-4.2617
-3.9485,-3.0862
2.0469,2.1276
2.0469,2.3712
2.0469,2.6228
2.0469,2.4512
2.0469,1.4949
2.0469,1.458
2.1276,2.0469
2.1276,1.6586
2.1276,2.6228
2.1276,2.4512
2.1276,1.8378
2.1276,2.7869
2.1276,2.3477
2.1276,1.4949
2.5771,2.0659
2.5771,3.1941
2.5771,2.9474
2.5771,3.237
2.5771,2.5765
2.5771,2.9907
2.5771,2.2295
2.5771,1.9069
2.5191,3.0325
2.5191,2.3624
2.5191,3.4739
2.5191,2.7024
2.5191,1.6204
-4.6816,-3.9485
-4.6816,-5.1514
-4.6816,-4.7019
-4.6816,-4.2617
4.5791,4.3049
4.5791,3.7117
4.5791,3.736
4.443,4.0184
4.443,5.2059
4.443,3.4817
4.443,4.4886
4.443,3.643
4.443,4.0786
-5.6319,-5.0181
-5.6319,-4.8314
-5.6319,-5.2202
-5.6319,-5.8384
-5.6319,-5.036
1.6586,2.1276
1.6586,1.0609
1.6586,2.4512
1.6586,0.85634
1.6586,1.8378
1.6586,2.3477
1.6586,1.4949
3.5831,3.3976
3.5831,3.887
3.5831,2.7405
3.5831,2.7866
3.5831,3.8151
3.5831,3.1276
3.5831,3.9204
3.5831,4.4328
3.5831,3.237
3.5831,3.8869
3.5831,3.305
3.5831,2.9907
3.5831,4.3783
6.9412,7.7148
6.9412,6.3504
3.6113,3.0325
3.6113,2.9378
3.6113,3.9996
3.6113,3.431
3.6113,3.4147
3.6113,4.0587
3.6113,3.4739
3.6113,2.7024
3.6113,4.2344
3.6113,3.686
-3.8363,-3.9939
-3.8363,-2.912
-3.8363,-3.4755
-3.8363,-3.747
-3.8363,-3.2919
-3.8363,-4.5522
-3.8363,-3.1932
-3.8363,-4.1194
-3.8363,-4.3178
-3.8363,-3.9223
-3.9939,-3.2954
-3.9939,-3.8363
-3.9939,-4.8314
-3.9939,-3.8171
-3.9939,-3.4755
-3.9939,-4.3888
-3.9939,-3.747
-3.9939,-3.2919
-3.9939,-4.0667
-3.9939,-4.6117
-3.9939,-3.1932
-3.9939,-4.1194
-3.9939,-4.3178
-3.9939,-3.9223
3.1941,2.5771
3.1941,3.8151
3.1941,3.2522
3.1941,3.7117
3.1941,2.9474
3.1941,3.237
3.1941,3.8869
3.1941,3.305
3.1941,3.736
3.1941,2.5765
3.1941,2.9907
-4.8314,-5.0181
-4.8314,-5.6319
-4.8314,-3.9939
-4.8314,-5.1418
-4.8314,-4.3888
-4.8314,-4.5522
-4.8314,-5.036
-4.8314,-4.6117
-4.8314,-4.1194
-4.8314,-4.3178
1.415,1.2383
1.415,2.2295
1.415,1.9069
1.0609,1.6586
1.0609,0.85634
1.0609,1.8378
1.0609,1.6204
-2.9685,-2.6717
-2.9685,-3.2095
-2.9685,-3.2954
-2.9685,-3.5577
-2.9685,-3.5374
-2.9685,-2.7332
-2.9685,-3.4176
-2.9685,-2.3604
5.4161,5.2059
5.4161,4.7224
5.4161,4.8285
5.4161,5.3876
-5.2202,-5.0181
-5.2202,-5.6319
-5.2202,-4.3338
-5.2202,-4.5522
2.6735,2.7405
2.6735,3.4611
2.6735,3.1276
2.6735,2.0923
7.7148,8.2842
7.7148,6.9412
7.7148,7.0895
3.887,4.3247
3.887,3.3976
3.887,3.5831
3.887,3.4611
3.887,3.1276
3.887,3.9204
3.887,4.4328
2.9378,3.0325
2.9378,3.6113
2.9378,3.431
2.9378,2.4512
2.9378,3.4147
2.9378,2.3624
2.9378,2.7024
2.9378,2.7869
2.9378,2.3477
2.9378,3.686
2.9378,3.0908
-5.338,-6.2682
-5.338,-5.2658
-5.338,-5.1737
-5.338,-5.1192
-5.338,-5.7596
-5.338,-4.7594
-5.338,-5.0934
-5.338,-5.7193
-5.338,-4.4621
-5.338,-5.7017
-5.338,-4.5908
-5.338,-5.4
-5.338,-6.1079
-6.9149,-6.2682
-6.9149,-6.4809
-6.9149,-6.1079
6.3504,6.9412
6.3504,6.203
6.3504,7.0861
6.3504,7.0895
1.2383,2.0659
1.2383,1.415
1.2383,1.4625
1.2383,1.9069
-5.0934,-5.1737
-5.0934,-5.7596
-5.0934,-5.338
-5.0934,-4.4621
-5.0934,-5.1514
-5.0934,-4.5908
-5.0934,-4.7019
-5.0934,-5.7305
-5.0934,-4.2617
-5.0934,-4.6262
-5.0934,-5.4
1.4625,2.0659
1.4625,1.2383
1.4625,2.0923
1.4625,2.2047
2.3712,2.0469
2.3712,2.6228
2.3712,3.1937
2.3712,3.0284
2.3712,1.458
3.8882,4.397
3.8882,3.9996
3.8882,3.1992
3.8882,3.4147
3.8882,4.4886
3.8882,3.1937
3.8882,4.8285
3.8882,3.5297
3.8882,3.643
3.8882,3.686
3.8882,4.0786
3.8882,3.0908
3.8882,4.2601
3.9996,4.397
3.9996,3.6113
3.9996,3.8882
3.9996,3.431
3.9996,4.6318
3.9996,3.4147
3.9996,4.0587
3.9996,4.7224
3.9996,4.8285
3.9996,3.5297
3.9996,3.686
3.9996,3.0908
3.9996,4.2601
5.0234,4.3049
5.0234,4.712
5.0234,5.6042
5.0234,4.3783
-5.7193,-5.2658
-5.7193,-5.1192
-5.7193,-5.338
-5.7193,-5.7017
-5.7193,-6.4809
-5.7193,-6.1079
-5.7193,-5.6567
-3.5577,-3.2095
-3.5577,-3.2954
-3.5577,-2.9685
-3.5577,-3.5374
-3.5577,-3.8171
-3.5577,-4.1968
-3.5577,-2.7332
-3.5577,-3.4176
-3.5577,-4.485
-3.5577,-3.747
-3.5577,-4.0667
-3.5577,-4.09
-4.0074,-3.5374
-4.0074,-4.1968
-4.0074,-3.4176
-4.0074,-4.6525
-4.0074,-3.4027
-4.0074,-4.09
-4.0074,-3.8222
-4.0074,-4.6673
-4.0074,-4.3644
5.2328,4.3247
5.2328,5.0805
5.2328,4.6106
-3.5374,-2.6717
-3.5374,-3.2095
-3.5374,-2.9685
-3.5374,-3.5577
-3.5374,-4.0074
-3.5374,-3.8171
-3.5374,-4.1968
-3.5374,-3.4176
-3.5374,-4.0667
-3.5374,-3.4027
-3.5374,-4.09
2.7405,3.3976
2.7405,3.5831
2.7405,2.6735
2.7405,2.7866
2.7405,3.1276
2.7405,2.0923
2.7405,3.305
2.7405,2.5765
2.7405,2.9907
2.7405,2.2047
-4.4621,-5.2658
-4.4621,-5.1737
-4.4621,-4.7594
-4.4621,-5.338
-4.4621,-5.0934
-4.4621,-4.0339
-4.4621,-4.5908
-4.4621,-4.0271
-4.4621,-4.1524
-4.4621,-4.56
-4.4621,-4.6262
4.3049,4.5791
4.3049,5.0234
4.3049,3.8151
4.3049,3.8869
4.3049,3.736
4.3049,4.3783
-3.8171,-3.2095
-3.8171,-3.2954
-3.8171,-3.9939
-3.8171,-3.5577
-3.8171,-3.5374
-3.8171,-4.1968
-3.8171,-4.3888
-3.8171,-4.485
-3.8171,-3.747
-3.8171,-4.0667
-3.8171,-4.6117
-3.8171,-4.09
-3.8171,-3.1932
-3.8171,-4.1194
1.5732,2.506
1.5732,1.5028
1.5732,0.7519
1.5732,0.93058
1.5732,1.9331
2.7866,2.0659
2.7866,3.3976
2.7866,3.5831
2.7866,2.7405
2.7866,3.1276
2.7866,3.237
2.7866,3.305
2.7866,2.5765
2.7866,2.9907
2.7866,2.2047
-5.7017,-6.2682
-5.7017,-5.2658
-5.7017,-5.1737
-5.7017,-5.7596
-5.7017,-4.7594
-5.7017,-5.338
-5.7017,-5.7193
-5.7017,-5.4
-5.7017,-6.1079
2.6228,2.0469
2.6228,2.1276
2.6228,2.3712
2.6228,3.1992
2.6228,2.4512
2.6228,3.1937
2.6228,3.5297
2.6228,2.7869
2.6228,3.0284
2.6228,3.0908
3.1992,3.8882
3.1992,2.6228
3.1992,2.4512
3.1992,3.4147
3.1992,3.1937
3.1992,3.5297
3.1992,3.643
3.1992,2.7869
3.1992,3.0284
3.1992,3.686
3.1992,4.0786
3.1992,3.0908
-2.6573,-2.912
-2.6573,-3.2919
-2.6573,-2.2101
-2.6573,-3.4499
-3.8156,-3.4679
-3.8156,-4.1524
-3.8156,-4.6537
-3.8156,-4.56
-5.1514,-4.6816
-5.1514,-5.0934
-5.1514,-4.7019
-5.1514,-5.7305
-5.1514,-4.2617
-5.1514,-4.6262
-5.1514,-5.4
4.0184,4.443
4.0184,3.4817
4.0184,3.643
4.0184,4.0786
-4.1968,-3.5577
-4.1968,-4.0074
-4.1968,-3.5374
-4.1968,-3.8171
-4.1968,-3.4176
-4.1968,-4.6525
-4.1968,-4.3888
-4.1968,-4.485
-4.1968,-4.0667
-4.1968,-4.8034
-4.1968,-4.09
-4.1968,-5.1014
-2.912,-3.2954
-2.912,-3.8363
-2.912,-2.6573
-2.912,-3.4755
-2.912,-3.2919
-2.912,-2.2101
-2.912,-3.1932
-2.912,-2.8079
3.8151,3.5831
3.8151,3.1941
3.8151,4.3049
3.8151,3.9204
3.8151,3.237
3.8151,3.8869
3.8151,3.305
3.8151,3.736
3.8151,2.9907
3.8151,4.3783
3.4611,3.6028
3.4611,4.3247
3.4611,3.3976
3.4611,2.6735
3.4611,3.887
3.4611,3.1276
3.2522,3.1941
3.2522,3.7117
3.2522,2.9474
3.2522,3.736
3.2522,2.4119
-2.7332,-3.2095
-2.7332,-3.2954
-2.7332,-2.9685
-2.7332,-3.5577
-2.7332,-1.9969
-2.7332,-2.3604
-2.7332,-3.1932
-2.7332,-2.8079
3.1276,3.3976
3.1276,3.5831
3.1276,2.6735
3.1276,3.887
3.1276,2.7405
3.1276,2.7866
3.1276,3.4611
3.1276,3.305
-3.4176,-2.6717
-3.4176,-3.2095
-3.4176,-2.9685
-3.4176,-3.5577
-3.4176,-4.0074
-3.4176,-3.5374
-3.4176,-4.1968
-3.4176,-3.4027
-3.4176,-4.09
-0.13161,0.5867
-0.13161,0.7519
-0.13161,0.045869
2.506,1.5732
2.506,1.9331
-4.6525,-5.2281
-4.6525,-5.5181
-4.6525,-4.0074
-4.6525,-4.1968
-4.6525,-4.485
-4.6525,-4.8034
-4.6525,-4.09
-4.6525,-5.1014
-4.6525,-4.6673
-4.6525,-4.3644
-3.4755,-3.2954
-3.4755,-3.8363
-3.4755,-3.9939
-3.4755,-2.912
-3.4755,-3.747
-3.4755,-3.2919
-3.4755,-3.1932
-3.4755,-4.1194
-3.4755,-4.3178
-3.4755,-2.8079
1.5028,1.5732
1.5028,0.5867
-3.4679,-3.8156
-3.4679,-4.0339
-3.4679,-4.1524
-3.4679,-3.6192
5.2059,4.443
5.2059,5.4161
5.2059,4.4886
5.2059,4.8285
5.0805,4.3247
5.0805,5.2328
5.0805,4.4328
5.0805,4.712
5.0805,5.6042
-4.0339,-4.7594
-4.0339,-4.4621
-4.0339,-3.4679
-4.0339,-4.5908
-4.0339,-4.0271
-4.0339,-4.1524
-4.0339,-3.6192
-4.0339,-4.6262
1.1085,0.93058
3.431,3.0325
3.431,3.6113
3.431,2.9378
3.431,3.9996
3.431,3.4147
3.431,4.0587
3.431,3.4739
3.431,2.7024
3.431,3.686
3.431,3.0908
-5.1418,-5.5181
-5.1418,-5.6607
-5.1418,-4.8314
-5.1418,-4.3888
-5.1418,-4.485
-5.1418,-5.8384
-5.1418,-4.8034
-5.1418,-5.036
-5.1418,-4.6117
-5.1418,-5.1014
7.2648,7.978
7.2648,7.0861
7.2648,7.0619
7.2648,7.0895
-4.3888,-3.9939
-4.3888,-4.8314
-4.3888,-3.8171
-4.3888,-4.1968
-4.3888,-5.1418
-4.3888,-4.485
-4.3888,-3.747
-4.3888,-4.0667
-4.3888,-4.8034
-4.3888,-5.036
-4.3888,-4.6117
-4.3888,-4.1194
-4.3888,-4.3178
4.6318,4.397
4.6318,3.9996
4.6318,4.0587
4.6318,4.7224
4.6318,4.2344
4.6318,5.3876
-4.485,-3.5577
-4.485,-3.8171
-4.485,-4.1968
-4.485,-4.6525
-4.485,-5.1418
-4.485,-4.3888
-4.485,-4.0667
-4.485,-4.8034
-4.485,-4.6117
-4.485,-4.09
-4.485,-5.1014
3.7117,4.5791
3.7117,3.1941
3.7117,3.2522
3.7117,2.9474
3.7117,3.736
3.9204,3.3976
3.9204,3.5831
3.9204,3.887
3.9204,3.8151
3.9204,4.4328
3.9204,3.8869
3.9204,3.305
3.9204,4.712
3.9204,4.3783
2.4512,2.0469
2.4512,2.1276
2.4512,1.6586
2.4512,2.9378
2.4512,2.6228
2.4512,3.1992
2.4512,3.1937
2.4512,2.7869
2.4512,2.3477
2.4512,1.4949
2.4512,3.0908
0.5867,-0.13161
0.5867,1.5028
0.5867,0.7519
3.4817,4.443
3.4817,4.0184
3.4817,3.1937
3.4817,3.643
3.4817,3.0284
3.4147,3.6113
3.4147,2.9378
3.4147,3.8882
3.4147,3.9996
3.4147,3.1992
3.4147,3.431
3.4147,3.1937
3.4147,3.5297
3.4147,2.7024
3.4147,2.7869
3.4147,3.686
3.4147,3.0908
3.4147,4.2601
4.4328,4.3247
4.4328,3.5831
4.4328,3.887
4.4328,5.0805
4.4328,3.9204
4.4328,4.712
4.4328,4.3783
4.6106,4.3247
4.6106,5.2328
4.0587,4.397
4.0587,3.6113
4.0587,3.9996
4.0587,3.431
4.0587,4.6318
4.0587,4.7224
4.0587,3.4739
4.0587,4.2344
4.0587,3.686
4.7224,4.397
4.7224,5.4161
4.7224,3.9996
4.7224,4.6318
4.7224,4.0587
4.7224,4.8285
4.7224,5.3876
4.7224,4.2601
-3.747,-3.2095
-3.747,-3.2954
-3.747,-3.8363
-3.747,-3.9939
-3.747,-3.5577
-3.747,-3.8171
-3.747,-3.4755
-3.747,-4.3888
-3.747,-4.0667
-3.747,-4.6117
-3.747,-3.1932
-3.747,-4.1194
-3.747,-4.3178
-3.747,-2.8079
0.85634,1.6586
0.85634,1.0609
0.85634,1.4949
-3.2919,-3.8363
-3.2919,-3.9939
-3.2919,-2.6573
-3.2919,-2.912
-3.2919,-3.4755
-3.2919,-3.1932
-3.2919,-3.4499
-3.2919,-3.9223
4.4886,4.443
4.4886,3.8882
4.4886,5.2059
4.4886,4.8285
4.4886,3.5297
4.4886,3.643
4.4886,4.0786
4.4886,4.2601
-6.4809,-6.9149
-6.4809,-5.7193
-6.4809,-6.1079
1.8378,2.1276
1.8378,1.6586
1.8378,1.0609
1.8378,2.3624
1.8378,2.7024
1.8378,1.6204
1.8378,2.3477
0.7519,1.5732
0.7519,-0.13161
0.7519,0.5867
0.7519,0.93058
2.9474,2.5771
2.9474,3.1941
2.9474,3.2522
2.9474,3.7117
2.9474,3.237
2.9474,3.736
2.9474,2.4119
2.9474,2.9907
2.9474,2.2295
3.237,2.5771
3.237,3.5831
3.237,3.1941
3.237,2.7866
3.237,3.8151
3.237,2.9474
3.237,3.8869
3.237,3.305
3.237,3.736
3.237,2.5765
3.237,2.9907
3.1937,2.3712
3.1937,3.8882
3.1937,2.6228
3.1937,3.1992
3.1937,2.4512
3.1937,3.4817
3.1937,3.4147
3.1937,3.5297
3.1937,3.643
3.1937,2.7869
3.1937,3.0284
3.1937,4.0786
-2.2101,-2.6573
-2.2101,-2.912
-2.2101,-1.9969
-2.2101,-2.8079
4.8285,4.397
4.8285,5.4161
4.8285,3.8882
4.8285,3.9996
4.8285,5.2059
4.8285,4.7224
4.8285,4.4886
4.8285,4.0786
4.8285,4.2601
-4.5908,-5.1737
-4.5908,-4.7594
-4.5908,-5.338
-4.5908,-5.0934
-4.5908,-4.4621
-4.5908,-4.0339
-4.5908,-4.7019
-4.5908,-4.0271
-4.5908,-4.1524
-4.5908,-4.2617
-4.5908,-3.6192
-4.5908,-4.6262
-4.5908,-5.4
3.8869,3.5831
3.8869,3.1941
3.8869,4.3049
3.8869,3.8151
3.8869,3.9204
3.8869,3.237
3.8869,3.305
3.8869,3.736
3.8869,2.9907
3.8869,4.3783
-4.0667,-3.2095
-4.0667,-3.2954
-4.0667,-3.9939
-4.0667,-3.5577
-4.0667,-3.5374
-4.0667,-3.8171
-4.0667,-4.1968
-4.0667,-4.3888
-4.0667,-4.485
-4.0667,-3.747
-4.0667,-4.8034
-4.0667,-4.6117
-4.0667,-4.09
-4.0667,-4.1194
7.978,8.0322
7.978,8.2842
7.978,7.2648
2.3624,3.0325
2.3624,2.5191
2.3624,2.9378
2.3624,1.8378
2.3624,2.7024
2.3624,1.6204
2.3624,2.3477
3.4739,3.0325
3.4739,2.5191
3.4739,3.6113
3.4739,3.431
3.4739,4.0587
3.4739,4.2344
9.5623,8.6941
9.5623,9.3645
-5.8384,-5.5181
-5.8384,-5.6607
-5.8384,-5.6319
-5.8384,-5.1418
-5.8384,-5.036
-4.3338,-5.2202
-4.3338,-4.5522
-4.3338,-3.4499
-4.3338,-3.9223
6.203,6.3504
6.203,7.0861
2.0923,2.6735
2.0923,1.4625
2.0923,2.7405
2.0923,2.2047
-6.4474,-6.2682
-6.4474,-5.7596
-6.4474,-5.7305
3.5297,3.8882
3.5297,3.9996
3.5297,2.6228
3.5297,3.1992
3.5297,3.4147
3.5297,4.4886
3.5297,3.1937
3.5297,3.643
3.5297,2.7869
3.5297,3.686
3.5297,4.0786
3.5297,3.0908
3.5297,4.2601
2.7024,3.0325
2.7024,2.5191
2.7024,3.6113
2.7024,2.9378
2.7024,3.431
2.7024,3.4147
2.7024,1.8378
2.7024,2.3624
2.7024,2.7869
2.7024,2.3477
2.7024,3.0908
-4.5522,-5.0181
-4.5522,-3.8363
-4.5522,-4.8314
-4.5522,-5.2202
-4.5522,-4.3338
-4.5522,-4.3178
-4.5522,-3.9223
4.2344,3.6113
4.2344,4.6318
4.2344,4.0587
4.2344,3.4739
3.305,3.3976
3.305,3.5831
3.305,3.1941
3.305,2.7405
3.305,2.7866
3.305,3.8151
3.305,3.1276
3.305,3.9204
3.305,3.237
3.305,3.8869
3.305,2.5765
3.305,2.9907
-1.9969,-2.7332
-1.9969,-2.2101
-1.9969,-2.3604
-1.9969,-2.8079
0.93058,1.5732
0.93058,1.1085
0.93058,0.7519
0.93058,1.9331
0.93058,0.045869
1.6204,2.5191
1.6204,1.0609
1.6204,1.8378
1.6204,2.3624
3.736,4.5791
3.736,3.1941
3.736,4.3049
3.736,3.8151
3.736,3.2522
3.736,3.7117
3.736,2.9474
3.736,3.237
3.736,3.8869
3.736,2.9907
3.643,4.443
3.643,3.8882
3.643,3.1992
3.643,4.0184
3.643,3.4817
3.643,4.4886
3.643,3.1937
3.643,3.5297
3.643,3.0284
3.643,4.0786
3.643,4.2601
2.7869,2.1276
2.7869,2.9378
2.7869,2.6228
2.7869,3.1992
2.7869,2.4512
2.7869,3.4147
2.7869,3.1937
2.7869,3.5297
2.7869,2.7024
2.7869,2.3477
2.7869,3.686
2.7869,3.0908
-2.3604,-2.6717
-2.3604,-3.2095
-2.3604,-2.9685
-2.3604,-2.7332
-2.3604,-1.9969
-4.8034,-5.5181
-4.8034,-5.6607
-4.8034,-4.1968
-4.8034,-4.6525
-4.8034,-5.1418
-4.8034,-4.3888
-4.8034,-4.485
-4.8034,-4.0667
-4.8034,-5.036
-4.8034,-4.6117
-4.8034,-4.09
-4.8034,-5.1014
-3.4027,-2.6717
-3.4027,-4.0074
-3.4027,-3.5374
-3.4027,-3.4176
-3.4027,-4.09
-3.4027,-3.8222
-4.7019,-3.9485
-4.7019,-4.6816
-4.7019,-5.0934
-4.7019,-5.1514
-4.7019,-4.5908
-4.7019,-4.0271
-4.7019,-4.2617
-4.7019,-4.6262
-4.7019,-5.4
2.5765,2.0659
2.5765,2.5771
2.5765,3.1941
2.5765,2.7405
2.5765,2.7866
2.5765,3.237
2.5765,3.305
2.5765,2.9907
2.5765,2.2047
2.5765,1.9069
-5.036,-5.0181
-5.036,-5.6607
-5.036,-5.6319
-5.036,-4.8314
-5.036,-5.1418
-5.036,-4.3888
-5.036,-5.8384
-5.036,-4.8034
-5.036,-4.6117
-5.036,-4.1194
-5.036,-4.3178
2.4119,3.2522
2.4119,2.9474
2.4119,2.2295
8.6941,9.5623
8.6941,8.5132
-4.0271,-3.9485
-4.0271,-4.4621
-4.0271,-4.0339
-4.0271,-4.5908
-4.0271,-4.7019
-4.0271,-4.2617
-4.0271,-3.6192
-4.0271,-4.6262
-4.1524,-4.7594
-4.1524,-4.4621
-4.1524,-3.8156
-4.1524,-3.4679
-4.1524,-4.0339
-4.1524,-4.5908
-4.1524,-4.56
-5.7305,-5.7596
-5.7305,-5.0934
-5.7305,-5.1514
-5.7305,-6.4474
-5.7305,-5.4
3.0284,2.3712
3.0284,2.6228
3.0284,3.1992
3.0284,3.4817
3.0284,3.1937
3.0284,3.643
1.9331,1.5732
1.9331,2.506
1.9331,0.93058
-4.2617,-3.9485
-4.2617,-4.6816
-4.2617,-5.0934
-4.2617,-5.1514
-4.2617,-4.5908
-4.2617,-4.7019
-4.2617,-4.0271
-4.2617,-3.6192
-4.2617,-4.6262
-4.6117,-3.9939
-4.6117,-4.8314
-4.6117,-3.8171
-4.6117,-5.1418
-4.6117,-4.3888
-4.6117,-4.485
-4.6117,-3.747
-4.6117,-4.0667
-4.6117,-4.8034
-4.6117,-5.036
-4.6117,-4.1194
-4.6117,-4.3178
2.9907,2.0659
2.9907,2.5771
2.9907,3.5831
2.9907,3.1941
2.9907,2.7405
2.9907,2.7866
2.9907,3.8151
2.9907,2.9474
2.9907,3.237
2.9907,3.8869
2.9907,3.305
2.9907,3.736
2.9907,2.5765
-4.09,-3.5577
-4.09,-4.0074
-4.09,-3.5374
-4.09,-3.8171
-4.09,-4.1968
-4.09,-3.4176
-4.09,-4.6525
-4.09,-4.485
-4.09,-4.0667
-4.09,-4.8034
-4.09,-3.4027
-4.09,-4.6673
-4.09,-4.3644
2.3477,2.1276
2.3477,1.6586
2.3477,2.9378
2.3477,2.4512
2.3477,1.8378
2.3477,2.3624
2.3477,2.7024
2.3477,2.7869
2.3477,3.0908
4.712,5.0234
4.712,5.0805
4.712,3.9204
4.712,4.4328
4.712,5.6042
4.712,4.3783
-3.1932,-3.2095
-3.1932,-3.2954
-3.1932,-3.8363
-3.1932,-3.9939
-3.1932,-3.8171
-3.1932,-2.912
-3.1932,-2.7332
-3.1932,-3.4755
-3.1932,-3.747
-3.1932,-3.2919
-3.1932,-4.1194
-3.1932,-2.8079
2.2295,2.5771
2.2295,1.415
2.2295,2.9474
2.2295,2.4119
2.2295,1.9069
5.6042,5.0234
5.6042,5.0805
5.6042,4.712
3.686,4.397
3.686,3.6113
3.686,2.9378
3.686,3.8882
3.686,3.9996
3.686,3.1992
3.686,3.431
3.686,3.4147
3.686,4.0587
3.686,3.5297
3.686,2.7869
3.686,3.0908
3.686,4.2601
1.4949,2.0469
1.4949,2.1276
1.4949,1.6586
1.4949,2.4512
1.4949,0.85634
1.4949,1.458
-5.1014,-5.2281
-5.1014,-5.5181
-5.1014,-5.6607
-5.1014,-4.1968
-5.1014,-4.6525
-5.1014,-5.1418
-5.1014,-4.485
-5.1014,-4.8034
-5.1014,-4.6673
-4.6537,-5.1192
-4.6537,-3.8156
-4.6537,-4.56
-4.6537,-5.6567
-3.8222,-4.0074
-3.8222,-3.4027
-3.8222,-4.3644
-3.4499,-2.6573
-3.4499,-3.2919
-3.4499,-4.3338
-3.4499,-3.9223
-3.6192,-3.4679
-3.6192,-4.0339
-3.6192,-4.5908
-3.6192,-4.0271
-3.6192,-4.2617
-3.6192,-3.0862
-4.56,-5.2658
-4.56,-5.1192
-4.56,-4.7594
-4.56,-4.4621
-4.56,-3.8156
-4.56,-4.1524
-4.56,-4.6537
-4.1194,-3.2954
-4.1194,-3.8363
-4.1194,-3.9939
-4.1194,-4.8314
-4.1194,-3.8171
-4.1194,-3.4755
-4.1194,-4.3888
-4.1194,-3.747
-4.1194,-4.0667
-4.1194,-5.036
-4.1194,-4.6117
-4.1194,-3.1932
-4.1194,-4.3178
8.5132,8.6941
8.5132,9.3645
4.0786,4.443
4.0786,3.8882
4.0786,3.1992
4.0786,4.0184
4.0786,4.4886
4.0786,3.1937
4.0786,4.8285
4.0786,3.5297
4.0786,3.643
4.0786,4.2601
2.2047,2.0659
2.2047,1.4625
2.2047,2.7405
2.2047,2.7866
2.2047,2.0923
2.2047,2.5765
-4.6262,-5.1737
-4.6262,-5.0934
-4.6262,-4.4621
-4.6262,-5.1514
-4.6262,-4.0339
-4.6262,-4.5908
-4.6262,-4.7019
-4.6262,-4.0271
-4.6262,-4.2617
-4.6262,-5.4
0.045869,-0.13161
0.045869,0.93058
3.0908,2.9378
3.0908,3.8882
3.0908,3.9996
3.0908,2.6228
3.0908,3.1992
3.0908,3.431
3.0908,2.4512
3.0908,3.4147
3.0908,3.5297
3.0908,2.7024
3.0908,2.7869
3.0908,2.3477
3.0908,3.686
0.66072,1.458
-5.4,-5.1737
-5.4,-5.7596
-5.4,-5.338
-5.4,-5.0934
-5.4,-5.7017
-5.4,-5.1514
-5.4,-4.5908
-5.4,-4.7019
-5.4,-5.7305
-5.4,-4.6262
-4.3178,-5.0181
-4.3178,-3.8363
-4.3178,-3.9939
-4.3178,-4.8314
-4.3178,-3.4755
-4.3178,-4.3888
-4.3178,-3.747
-4.3178,-4.5522
-4.3178,-5.036
-4.3178,-4.6117
-4.3178,-4.1194
-4.3178,-3.9223
-6.1079,-6.2682
-6.1079,-5.2658
-6.1079,-5.338
-6.1079,-6.9149
-6.1079,-5.7193
-6.1079,-5.7017
-6.1079,-6.4809
1.458,2.0469
1.458,2.3712
1.458,1.4949
1.458,0.66072
7.0861,6.3504
7.0861,7.2648
7.0861,6.203
7.0861,7.0895
-4.6673,-5.2281
-4.6673,-4.0074
-4.6673,-4.6525
-4.6673,-4.09
-4.6673,-5.1014
-4.6673,-4.3644
-2.8079,-3.2095
-2.8079,-3.2954
-2.8079,-2.912
-2.8079,-2.7332
-2.8079,-3.4755
-2.8079,-3.747
-2.8079,-2.2101
-2.8079,-1.9969
-2.8079,-3.1932
5.3876,5.4161
5.3876,4.6318
5.3876,4.7224
4.3783,3.5831
4.3783,5.0234
4.3783,4.3049
4.3783,3.8151
4.3783,3.9204
4.3783,4.4328
4.3783,3.8869
4.3783,4.712
-4.3644,-5.2281
-4.3644,-4.0074
-4.3644,-4.6525
-4.3644,-4.09
-4.3644,-3.8222
-4.3644,-4.6673
-5.6567,-5.1192
-5.6567,-5.7193
-5.6567,-4.6537
-3.0862,-3.9485
-3.0862,-3.6192
1.9069,2.0659
1.9069,2.5771
1.9069,1.415
1.9069,1.2383
1.9069,2.5765
1.9069,2.2295
9.3645,9.5623
9.3645,8.5132
7.0619,7.2648
4.2601,4.397
4.2601,3.8882
4.2601,3.9996
4.2601,3.4147
4.2601,4.7224
4.2601,4.4886
4.2601,4.8285
4.2601,3.5297
4.2601,3.643
4.2601,3.686
4.2601,4.0786
-3.9223,-3.8363
-3.9223,-3.9939
-3.9223,-3.2919
-3.9223,-4.3338
-3.9223,-4.5522
-3.9223,-3.4499
-3.9223,-4.3178
7.0895,7.7148
7.0895,6.3504
7.0895,7.2648
7.0895,7.0861
