5
6
8
5
5
6
5
10
3
13
5
6
7
2
9
9
8
3
10
9
10
4
9
11
6
6
4
3
6
5
7
8
2
8
11
14
5
9
3
4
12
8
3
7
3
7
13
12
3
2
3
10
3
6
12
13
6
6
14
11
5
13
10
11
7
16
5
7
9
12
13
5
3
6
5
15
9
9
7
4
8
7
9
1
3
12
14
3
5
4
7
8
3
14
9
4
14
6
14
4
8
13
2
7
16
6
3
11
6
14
3
7
10
3
8
4
4
7
15
4
11
9
10
16
2
8
5
4
3
4
1
4
3
15
14
8
5
9
5
4
4
6
10
15
5
10
9
10
7
12
3
2
8
5
6
4
3
6
15
8
12
9
8
11
4
4
14
6
8
4
3
4
4
7
14
2
11
6
7
2
15
10
10
11
7
3
4
7
10
3
7
5
3
2
6
2
2
12
8
3
