18
5
7
4
7
8
6
8
10
14
15
6
8
4
9
18
6
2
21
10
10
3
9
8
16
5
3
4
3
5
6
16
1
14
20
17
5
14
17
4
16
7
3
18
2
14
11
7
3
3
20
9
17
4
15
15
7
6
19
11
4
17
14
9
8
18
4
19
8
11
14
18
3
4
11
18
21
11
15
6
16
14
9
10
3
13
20
3
3
9
6
9
9
13
11
5
18
6
15
5
15
13
4
5
13
8
5
11
13
21
3
19
7
3
6
7
3
7
13
21
12
9
10
20
6
8
6
1
4
8
2
18
3
14
12
10
13
14
14
6
4
8
7
12
9
12
12
9
6
13
10
2
8
6
5
4
6
7
15
11
16
10
11
17
12
4
13
7
9
4
6
17
7
7
16
3
11
18
8
9
14
11
6
14
7
4
5
13
20
3
11
4
3
5
20
1
3
12
12
5
