21
5
7
6
7
7
5
8
10
13
15
5
8
2
8
20
13
2
23
9
7
3
7
10
21
4
3
5
3
5
6
19
1
13
20
20
7
11
18
4
15
8
4
24
3
14
10
6
3
2
20
7
19
3
13
15
10
6
21
10
4
15
16
7
9
20
3
19
8
10
14
23
3
3
11
17
23
16
18
4
17
16
6
11
2
12
22
4
3
8
6
7
8
14
10
2
16
6
16
8
18
11
4
4
15
9
4
12
14
22
4
21
9
4
8
7
8
15
15
23
10
7
15
19
2
7
8
11
6
7
2
16
3
14
14
13
14
20
18
6
3
13
9
11
8
11
13
8
13
16
13
10
6
5
6
4
5
6
14
16
13
10
12
19
14
5
11
7
9
3
6
15
3
7
17
4
11
18
6
10
16
10
4
16
7
3
3
12
19
3
13
5
3
3
20
6
2
11
11
3
