5
5
7
6
6
5
6
9
3
13
5
6
7
3
9
8
5
2
11
9
9
3
9
9
6
5
4
4
5
5
7
6
1
9
12
13
6
9
3
4
12
8
3
5
1
7
12
8
3
2
3
7
2
5
13
12
6
5
14
12
5
14
9
9
7
15
4
7
7
12
12
5
3
4
5
15
9
9
7
4
8
6
9
1
2
14
14
1
5
3
8
8
2
12
9
4
14
6
11
3
7
13
1
6
14
7
4
11
9
15
3
7
9
3
7
3
4
8
13
3
10
9
8
17
2
8
5
4
4
4
2
2
3
14
13
9
5
9
3
4
4
6
9
14
5
10
10
8
9
12
1
2
8
6
6
4
3
6
14
8
14
9
8
11
5
5
15
7
7
4
3
4
4
7
13
3
10
5
6
1
14
8
7
10
6
3
2
8
9
3
9
6
3
1
6
6
4
12
7
3
