-1.1579,-1.0845
-1.1579,-2.0556
-1.1579,-2.1069
-1.1579,-0.19685
-1.1579,-1.8169
-1.1579,-0.88026
-6.4858,-5.8354
-6.4858,-6.809
-6.4858,-6.1059
-6.4858,-6.021
-6.4858,-6.4099
-6.4858,-6.2154
-6.4858,-6.7602
-6.4858,-5.5954
-5.2535,-6.0283
-5.2535,-5.1809
-5.2535,-5.6771
-5.2535,-5.6049
-5.2535,-4.7799
-5.2535,-6.021
-5.2535,-5.2651
-5.1066,-5.7724
-5.1066,-4.3589
-5.1066,-4.8976
-5.1066,-5.562
-5.1066,-5.4891
-5.1066,-5.1352
-5.1066,-4.5732
-5.1066,-5.4265
1.7145,1.0141
1.7145,2.2921
1.7145,1.8732
1.7145,2.4602
-3.4084,-2.719
-3.4084,-3.7208
-3.4084,-2.5422
-3.4084,-2.5386
-3.4084,-4.138
-3.4084,-3.3947
-3.4084,-2.7452
-3.4084,-4.2536
-3.4084,-3.7101
-3.4084,-2.4632
-3.4084,-3.249
-3.4084,-3.0878
-3.4084,-3.5354
-3.4084,-2.8059
-3.4084,-3.595
-3.4084,-3.4266
-4.4338,-4.4145
-4.4338,-3.7208
-4.4338,-3.6418
-4.4338,-3.7101
-4.4338,-4.4793
-4.4338,-3.5354
-5.3278,-5.1809
-5.3278,-5.8354
-5.3278,-5.6049
-5.3278,-6.1059
-5.3278,-5.4891
-5.3278,-5.0133
-5.3278,-5.1352
-5.3278,-4.6749
-5.3278,-4.6974
-5.3278,-5.7933
-5.3278,-5.5954
4.1899,3.836
4.1899,4.7047
4.1899,4.8363
-2.719,-3.4084
-2.719,-2.5422
-2.719,-2.5386
-2.719,-2.4074
-2.719,-1.8043
-2.719,-3.3947
-2.719,-2.7452
-2.719,-3.7101
-2.719,-2.4632
-2.719,-3.249
-2.719,-3.0878
-2.719,-3.5354
-2.719,-2.8059
-2.719,-2.3267
-2.719,-2.6407
-2.719,-3.595
-2.719,-3.4266
-2.719,-2.8639
5.0826,4.7047
5.0826,4.7235
5.0826,4.6806
5.0826,4.396
5.0826,5.3583
5.0826,5.6272
5.0826,5.8446
5.0826,4.8363
-6.0283,-5.2535
-6.0283,-5.6771
-6.0283,-6.6216
-6.0283,-6.021
-6.0283,-5.2651
-5.7724,-5.1066
-5.7724,-5.8917
-5.7724,-6.2606
-5.7724,-6.5199
-5.7724,-5.562
-5.7724,-5.4891
-5.7724,-6.1437
-5.7724,-5.9992
-5.7724,-5.4265
5.3872,6.1764
5.3872,5.9134
5.3872,5.6576
5.3872,5.032
5.3872,5.3374
5.3872,5.4985
5.3872,5.2059
5.3872,5.1998
5.3872,4.5072
5.3872,4.6759
5.3872,4.6291
5.3872,4.9934
3.6691,4.0509
3.6691,4.0217
3.6691,3.3455
3.6691,4.5072
3.6691,4.6759
3.6536,3.2987
3.6536,3.836
3.6536,4.396
3.6536,4.067
3.6536,4.2278
-4.4145,-4.4338
-4.4145,-3.7208
-4.4145,-4.138
-4.4145,-4.2536
-4.4145,-3.7101
-4.4145,-4.4793
-4.4145,-3.5354
-4.4145,-3.595
5.8915,5.0013
5.8915,5.3583
5.8915,5.2236
-3.7208,-3.4084
-3.7208,-4.4338
-3.7208,-4.4145
-3.7208,-3.6418
-3.7208,-3.3947
-3.7208,-3.7101
-3.7208,-3.5354
-3.7208,-2.8059
-3.7208,-3.595
-3.7208,-2.8639
6.1764,5.3872
6.1764,6.344
6.1764,5.9134
6.1764,5.6576
6.1764,6.0297
6.1764,5.4985
6.1764,5.2059
6.1764,6.491
6.1764,5.8056
6.1764,6.4275
-5.1809,-5.2535
-5.1809,-5.3278
-5.1809,-5.8354
-5.1809,-5.6771
-5.1809,-5.6049
-5.1809,-4.7799
-5.1809,-6.021
-5.1809,-4.6749
-5.1809,-5.5954
-5.8917,-5.7724
-5.8917,-6.809
-5.8917,-6.2606
-5.8917,-6.5199
-5.8917,-5.4891
-5.8917,-6.1437
-5.8917,-5.1352
-5.8917,-6.4099
-5.8917,-5.7933
-5.8917,-5.4265
-5.8917,-5.5954
1.0959,0.67264
1.0959,1.2696
1.0959,1.6313
1.0959,2.0419
1.0959,0.73641
1.0959,1.3523
1.0959,0.90914
1.0959,0.93651
1.0959,0.45607
1.0959,0.29911
1.0959,1.3381
1.0959,1.6857
1.0431,0.67264
1.0431,1.3523
1.0431,0.45669
1.0431,1.705
3.2987,3.6536
3.2987,3.9225
3.2987,4.067
3.2987,3.5534
3.2987,4.2278
4.0509,3.6691
4.0509,4.4833
4.0509,3.3455
4.0509,4.5072
4.0509,4.6759
4.0509,4.9934
-4.3589,-5.1066
-4.3589,-4.8976
2.4156,2.7159
2.4156,1.6091
2.4156,3.3455
6.8364,6.4417
6.8364,7.6491
6.8364,6.5628
-3.6418,-4.4338
-3.6418,-3.7208
-3.6418,-3.3947
-3.6418,-3.7101
-3.6418,-2.8693
-3.6418,-3.5354
-3.6418,-2.8639
0.67264,1.0959
0.67264,1.0431
0.67264,0.73641
0.67264,0.059161
0.67264,1.3523
0.67264,0.45607
0.67264,0.45669
0.67264,1.3381
3.9225,3.2987
3.9225,4.3636
3.9225,4.5242
3.9225,3.4314
3.9225,3.5534
3.9225,4.2278
4.4833,4.0509
4.4833,5.3374
4.4833,3.6679
4.4833,4.9934
4.3484,4.1041
4.3484,5.032
4.3484,4.6739
4.3484,4.0217
4.3484,5.2059
4.3484,5.1998
4.3484,4.8947
4.3484,4.5072
4.3484,4.6759
4.3484,4.6291
-2.7167,-2.5386
-2.7167,-2.0513
-2.7167,-3.227
-2.7167,-3.0878
-2.7167,-2.3267
-2.5422,-3.4084
-2.5422,-2.719
-2.5422,-2.5386
-2.5422,-2.4074
-2.5422,-2.0556
-2.5422,-1.8043
-2.5422,-1.5632
-2.5422,-3.3947
-2.5422,-2.7452
-2.5422,-2.4632
-2.5422,-3.249
-2.5422,-1.8169
-2.5422,-1.7488
-2.5422,-2.8693
-2.5422,-3.5354
-2.5422,-2.8059
-2.5422,-2.3267
-2.5422,-2.6407
-2.5422,-2.8639
-2.5422,-2.0427
3.0644,2.7159
3.0644,2.3785
3.0644,3.6679
3.0644,3.202
-2.5386,-3.4084
-2.5386,-2.719
-2.5386,-2.7167
-2.5386,-2.5422
-2.5386,-2.4074
-2.5386,-2.0513
-2.5386,-1.5843
-2.5386,-1.8043
-2.5386,-2.7452
-2.5386,-2.4632
-2.5386,-3.249
-2.5386,-3.0878
-2.5386,-2.8059
-2.5386,-2.3267
-2.5386,-3.4266
2.7159,2.4156
2.7159,3.0644
2.7159,2.3785
2.7159,3.6679
2.7159,3.3455
0.58,1.1001
0.58,0.095553
0.58,-0.16032
0.58,0.60291
-2.4074,-2.719
-2.4074,-2.5422
-2.4074,-2.5386
-2.4074,-2.0513
-2.4074,-1.5843
-2.4074,-1.8043
-2.4074,-1.5632
-2.4074,-2.7452
-2.4074,-2.4632
-2.4074,-1.5299
-2.4074,-3.249
-2.4074,-3.0878
-2.4074,-2.8059
-2.4074,-2.3267
-2.4074,-2.6407
6.344,6.1764
6.344,6.0297
6.344,5.4985
6.344,7.1914
6.344,5.7245
6.344,6.491
6.344,6.8786
6.344,5.8056
3.836,4.1899
3.836,3.6536
3.836,4.7047
3.836,4.7235
3.836,4.396
3.836,4.067
5.9134,5.3872
5.9134,6.1764
5.9134,5.6576
5.9134,5.3374
5.9134,5.4985
5.9134,5.2059
5.9134,6.491
5.9134,4.9934
5.9134,6.4275
4.7047,4.1899
4.7047,5.0826
4.7047,3.836
4.7047,4.7235
4.7047,4.6806
4.7047,4.396
4.7047,5.6272
4.7047,4.8363
1.2696,1.0959
1.2696,1.6313
1.2696,1.8663
1.2696,2.0419
1.2696,1.1001
1.2696,0.73641
1.2696,0.90914
1.2696,0.93651
1.2696,0.60291
1.2696,0.29911
-4.2734,-4.7799
-5.8354,-6.4858
-5.8354,-5.3278
-5.8354,-5.1809
-5.8354,-5.6049
-5.8354,-6.1059
-5.8354,-6.021
-5.8354,-5.4891
-5.8354,-5.0133
-5.8354,-6.4099
-5.8354,-6.2154
-5.8354,-5.7933
-5.8354,-6.7602
-5.8354,-5.5954
5.6576,5.3872
5.6576,6.1764
5.6576,5.9134
5.6576,5.032
5.6576,5.3374
5.6576,6.0297
5.6576,5.4985
5.6576,5.2059
5.6576,6.491
5.6576,5.1998
5.6576,4.9934
5.6576,6.4275
-1.0845,-1.1579
-1.0845,-2.0556
-1.0845,-1.5632
-1.0845,-1.8169
-1.0845,-1.7488
-1.0845,-0.88026
-1.0845,-2.0427
-5.6771,-5.2535
-5.6771,-6.0283
-5.6771,-5.1809
-5.6771,-6.6216
-5.6771,-5.6049
-5.6771,-4.7799
-5.6771,-6.021
-5.6771,-6.2154
-2.0513,-2.7167
-2.0513,-2.5386
-2.0513,-2.4074
-2.0513,-1.5843
-2.0513,-2.3267
2.4551,1.6313
2.4551,2.0419
2.4551,2.572
2.4551,1.6857
4.1041,4.3484
4.1041,4.6739
4.1041,4.0217
4.1041,4.8947
5.032,5.3872
5.032,4.3484
5.032,5.6576
5.032,4.6739
5.032,5.4985
5.032,5.2059
5.032,5.1998
5.032,4.8947
5.032,4.5072
5.032,4.6291
5.032,5.8056
5.3374,5.3872
5.3374,4.4833
5.3374,5.9134
5.3374,5.6576
5.3374,4.6759
5.3374,4.9934
-6.6216,-6.0283
-6.6216,-5.6771
-6.6216,-6.021
-6.6216,-6.2154
-3.227,-2.7167
-3.227,-3.249
-3.227,-3.0878
-3.227,-3.595
-3.227,-3.4266
-3.227,-3.9846
-2.0556,-1.1579
-2.0556,-2.5422
-2.0556,-1.0845
-2.0556,-1.8043
-2.0556,-2.1069
-2.0556,-1.8169
-2.0556,-1.7488
-2.0556,-2.8693
-2.0556,-2.6407
-2.0556,-2.8639
-2.0556,-2.0427
4.7235,5.0826
4.7235,3.836
4.7235,4.7047
4.7235,4.6806
4.7235,4.396
4.7235,4.5242
4.7235,5.0013
4.7235,5.3583
4.7235,4.067
4.7235,4.2278
4.7235,4.8363
-5.3584,-4.8976
-5.3584,-5.562
-5.3584,-5.9992
-0.021581,-0.19685
-0.021581,-0.88026
-5.6049,-5.2535
-5.6049,-5.3278
-5.6049,-5.1809
-5.6049,-5.8354
-5.6049,-5.6771
-5.6049,-6.1059
-5.6049,-6.021
-5.6049,-4.6749
-5.6049,-6.2154
-5.6049,-5.5954
2.3785,3.0644
2.3785,2.7159
2.3785,2.6213
2.3785,1.9782
2.3785,3.202
-4.138,-3.4084
-4.138,-4.4145
-4.138,-4.2536
-4.138,-3.7101
-4.138,-3.249
-4.138,-5.1399
-4.138,-4.4793
-4.138,-3.595
-4.138,-3.4266
-4.138,-3.9846
0.10847,-0.89633
0.10847,-0.12039
0.10847,0.73641
0.10847,0.90914
0.10847,0.93651
0.10847,0.095553
0.10847,0.45607
0.10847,0.60291
0.10847,0.29911
0.10847,-0.6663
1.0141,1.7145
1.0141,0.83106
-6.809,-6.4858
-6.809,-5.8917
-6.809,-6.2606
-6.809,-6.5199
-6.809,-6.4099
1.6313,1.0959
1.6313,1.2696
1.6313,2.4551
1.6313,1.8663
1.6313,2.0419
1.6313,0.73641
1.6313,0.90914
1.6313,0.93651
1.6313,1.3381
1.6313,1.6857
5.7587,6.5628
-1.5843,-2.5386
-1.5843,-2.4074
-1.5843,-2.0513
-1.5843,-1.8043
-1.5843,-1.5632
-1.5843,-2.4632
-1.5843,-1.5299
-1.5843,-2.3267
-4.7799,-5.2535
-4.7799,-5.1809
-4.7799,-4.2734
-4.7799,-5.6771
-4.7799,-4.6749
-6.2606,-5.7724
-6.2606,-5.8917
-6.2606,-6.809
-6.2606,-6.5199
-6.2606,-6.1059
-6.2606,-5.4891
-6.2606,-6.1437
-6.2606,-6.4099
-6.2606,-5.7933
8.0803,7.1795
-4.8976,-5.1066
-4.8976,-4.3589
-4.8976,-5.3584
-4.8976,-5.562
-4.8976,-5.4265
-1.8043,-2.719
-1.8043,-2.5422
-1.8043,-2.5386
-1.8043,-2.4074
-1.8043,-2.0556
-1.8043,-1.5843
-1.8043,-1.5632
-1.8043,-2.7452
-1.8043,-2.4632
-1.8043,-1.5299
-1.8043,-1.8169
-1.8043,-1.7488
-1.8043,-2.3267
-1.8043,-2.6407
-1.8043,-0.88026
-1.8043,-2.0427
4.3636,3.9225
4.3636,4.5242
4.3636,3.5534
4.3636,4.2278
4.3636,5.2236
4.6806,5.0826
4.6806,4.7047
4.6806,4.7235
4.6806,4.396
4.6806,4.5242
4.6806,5.0013
4.6806,5.3583
4.6806,4.067
4.6806,4.2278
2.6213,2.3785
2.6213,2.2921
2.6213,1.8732
2.6213,1.9782
2.6213,3.202
2.6213,2.7936
-2.1069,-1.1579
-2.1069,-2.0556
-2.1069,-1.8169
-2.1069,-2.8693
-2.1069,-2.0427
4.396,5.0826
4.396,3.6536
4.396,3.836
4.396,4.7047
4.396,4.7235
4.396,4.6806
4.396,4.067
4.396,4.2278
4.396,4.8363
2.2921,1.7145
2.2921,2.6213
2.2921,1.8732
2.2921,2.4602
2.2921,2.7936
1.8663,1.2696
1.8663,1.6313
1.8663,2.0419
1.8663,1.1001
3.6679,4.4833
3.6679,3.0644
3.6679,2.7159
3.6679,3.3455
-6.5199,-5.7724
-6.5199,-5.8917
-6.5199,-6.809
-6.5199,-6.2606
-6.5199,-6.1437
-6.5199,-5.9992
-1.5632,-2.5422
-1.5632,-2.4074
-1.5632,-1.0845
-1.5632,-1.5843
-1.5632,-1.8043
-1.5632,-2.4632
-1.5632,-1.5299
-1.5632,-0.65702
-1.5632,-1.8169
-1.5632,-1.7488
-1.5632,-0.88026
-1.5632,-2.0427
2.0419,1.0959
2.0419,1.2696
2.0419,2.4551
2.0419,1.6313
2.0419,1.8663
2.0419,1.6857
-0.89633,0.10847
-0.89633,-0.12039
-0.89633,-0.6663
6.0297,6.1764
6.0297,6.344
6.0297,5.6576
6.0297,5.4985
6.0297,5.2059
6.0297,5.7245
6.0297,6.491
6.0297,5.1998
6.0297,6.8786
6.0297,5.8056
4.5242,3.9225
4.5242,4.7235
4.5242,4.3636
4.5242,4.6806
4.5242,5.0013
4.5242,5.3583
4.5242,4.067
4.5242,4.2278
4.5242,5.2236
1.1001,0.58
1.1001,1.2696
1.1001,1.8663
1.1001,0.90914
1.1001,0.93651
1.1001,0.60291
-0.12039,0.10847
-0.12039,-0.89633
-0.12039,0.73641
-0.12039,-0.48637
-0.12039,0.059161
-0.12039,0.095553
-0.12039,0.45607
-0.12039,0.29911
4.6739,4.3484
4.6739,4.1041
4.6739,5.032
4.6739,5.1998
4.6739,4.8947
4.6739,5.2591
-3.3947,-3.4084
-3.3947,-2.719
-3.3947,-3.7208
-3.3947,-3.6418
-3.3947,-2.5422
-3.3947,-2.7452
-3.3947,-3.7101
-3.3947,-2.4632
-3.3947,-3.249
-3.3947,-3.5354
-3.3947,-2.8059
-3.3947,-2.6407
-3.3947,-3.595
-3.3947,-3.4266
-3.3947,-2.8639
5.4985,5.3872
5.4985,6.1764
5.4985,6.344
5.4985,5.9134
5.4985,5.6576
5.4985,5.032
5.4985,6.0297
5.4985,5.2059
5.4985,6.491
5.4985,5.1998
5.4985,4.8947
5.4985,4.6291
5.4985,5.8056
-2.7452,-3.4084
-2.7452,-2.719
-2.7452,-2.5422
-2.7452,-2.5386
-2.7452,-2.4074
-2.7452,-1.8043
-2.7452,-3.3947
-2.7452,-3.7101
-2.7452,-2.4632
-2.7452,-3.249
-2.7452,-3.5354
-2.7452,-2.8059
-2.7452,-2.3267
-2.7452,-2.6407
-2.7452,-3.595
-2.7452,-2.8639
-2.7452,-2.0427
4.0217,3.6691
4.0217,4.3484
4.0217,4.1041
4.0217,4.5072
4.0217,4.6759
4.0217,4.6291
-4.2536,-3.4084
-4.2536,-4.4145
-4.2536,-4.138
-4.2536,-3.7101
-4.2536,-3.249
-4.2536,-5.1399
-4.2536,-4.4793
-4.2536,-3.595
-4.2536,-3.4266
-4.2536,-3.9846
1.6091,2.4156
1.6091,1.9782
1.6091,1.0483
5.0013,5.8915
5.0013,4.7235
5.0013,4.6806
5.0013,4.5242
5.0013,5.3583
5.0013,4.2278
5.0013,5.2236
0.73641,1.0959
0.73641,0.67264
0.73641,1.2696
0.73641,0.10847
0.73641,1.6313
0.73641,-0.12039
0.73641,0.059161
0.73641,1.3523
0.73641,0.90914
0.73641,0.93651
0.73641,0.45607
0.73641,0.29911
0.73641,1.3381
0.73641,1.6857
1.8732,1.7145
1.8732,2.6213
1.8732,2.2921
1.8732,1.9782
1.8732,1.3071
6.1651,6.5628
6.4417,6.8364
5.3583,5.0826
5.3583,5.8915
5.3583,4.7235
5.3583,4.6806
5.3583,4.5242
5.3583,5.0013
5.3583,5.8446
5.6272,5.0826
5.6272,4.7047
5.6272,5.8446
5.6272,4.8363
5.2059,5.3872
5.2059,6.1764
5.2059,4.3484
5.2059,5.9134
5.2059,5.6576
5.2059,5.032
5.2059,6.0297
5.2059,5.4985
5.2059,5.1998
5.2059,4.8947
5.2059,4.5072
5.2059,4.6759
5.2059,4.6291
5.2059,4.9934
6.4902,5.7245
6.4902,6.8786
6.4902,5.8056
-3.7101,-3.4084
-3.7101,-4.4338
-3.7101,-2.719
-3.7101,-4.4145
-3.7101,-3.7208
-3.7101,-3.6418
-3.7101,-4.138
-3.7101,-3.3947
-3.7101,-2.7452
-3.7101,-4.2536
-3.7101,-3.249
-3.7101,-4.4793
-3.7101,-3.5354
-3.7101,-2.8059
-3.7101,-3.595
-3.7101,-3.4266
-0.48637,-0.12039
-0.48637,0.059161
-0.48637,0.45607
-2.4632,-3.4084
-2.4632,-2.719
-2.4632,-2.5422
-2.4632,-2.5386
-2.4632,-2.4074
-2.4632,-1.5843
-2.4632,-1.8043
-2.4632,-1.5632
-2.4632,-3.3947
-2.4632,-2.7452
-2.4632,-1.5299
-2.4632,-3.249
-2.4632,-3.0878
-2.4632,-1.7488
-2.4632,-2.8059
-2.4632,-2.3267
-2.4632,-2.6407
-2.4632,-2.8639
-2.4632,-2.0427
7.1914,6.344
7.1914,6.491
7.1914,6.8786
-6.1059,-6.4858
-6.1059,-5.3278
-6.1059,-5.8354
-6.1059,-5.6049
-6.1059,-6.2606
-6.1059,-6.021
-6.1059,-6.4099
-6.1059,-6.2154
-6.1059,-5.7933
-6.1059,-6.7602
-6.1059,-5.5954
0.059161,0.67264
0.059161,-0.12039
0.059161,0.73641
0.059161,-0.48637
0.059161,0.45607
0.059161,0.45669
0.059161,0.29911
1.9782,2.3785
1.9782,2.6213
1.9782,1.6091
1.9782,1.8732
1.9782,1.3071
1.9782,1.0483
-0.19685,-1.1579
-0.19685,-0.021581
3.4314,3.9225
3.4314,3.202
3.4314,2.7936
3.4314,3.5534
1.3523,1.0959
1.3523,1.0431
1.3523,0.67264
1.3523,0.73641
1.3523,0.45607
1.3523,2.2591
1.3523,1.3381
1.3523,1.6857
1.3523,1.705
-1.5299,-2.4074
-1.5299,-1.5843
-1.5299,-1.8043
-1.5299,-1.5632
-1.5299,-2.4632
-1.5299,-0.65702
-1.5299,-1.8169
-1.5299,-1.7488
-1.5299,-2.3267
-1.5299,-0.88026
5.7245,6.344
5.7245,6.0297
5.7245,6.4902
5.7245,5.1998
5.7245,5.2591
5.7245,5.8056
-6.021,-6.4858
-6.021,-5.2535
-6.021,-6.0283
-6.021,-5.1809
-6.021,-5.8354
-6.021,-5.6771
-6.021,-6.6216
-6.021,-5.6049
-6.021,-6.1059
-6.021,-6.2154
3.202,3.0644
3.202,2.3785
3.202,2.6213
3.202,3.4314
-3.249,-3.4084
-3.249,-2.719
-3.249,-2.5422
-3.249,-2.5386
-3.249,-2.4074
-3.249,-3.227
-3.249,-4.138
-3.249,-3.3947
-3.249,-2.7452
-3.249,-4.2536
-3.249,-3.7101
-3.249,-2.4632
-3.249,-3.0878
-3.249,-3.5354
-3.249,-2.8059
-3.249,-2.3267
-3.249,-3.595
-3.249,-3.4266
6.491,6.1764
6.491,6.344
6.491,5.9134
6.491,5.6576
6.491,6.0297
6.491,5.4985
6.491,7.1914
6.491,6.8786
6.491,6.4275
0.90914,1.0959
0.90914,1.2696
0.90914,0.10847
0.90914,1.6313
0.90914,1.1001
0.90914,0.73641
0.90914,0.93651
0.90914,0.095553
0.90914,0.45607
0.90914,0.60291
0.90914,0.29911
0.90914,1.3381
5.1998,5.3872
5.1998,4.3484
5.1998,5.6576
5.1998,5.032
5.1998,6.0297
5.1998,4.6739
5.1998,5.4985
5.1998,5.2059
5.1998,5.7245
5.1998,4.8947
5.1998,5.2591
5.1998,4.6291
5.1998,5.8056
7.6491,6.8364
7.6491,7.1795
-5.1399,-4.138
-5.1399,-4.2536
-5.1399,-4.4793
-3.0878,-3.4084
-3.0878,-2.719
-3.0878,-2.7167
-3.0878,-2.5386
-3.0878,-2.4074
-3.0878,-3.227
-3.0878,-2.4632
-3.0878,-3.249
-3.0878,-2.3267
-3.0878,-3.595
-3.0878,-3.4266
-3.0878,-3.9846
4.8947,4.3484
4.8947,4.1041
4.8947,5.032
4.8947,4.6739
4.8947,5.4985
4.8947,5.2059
4.8947,5.1998
4.8947,5.2591
4.8947,4.6291
4.8947,5.8056
-0.65702,-1.5632
-0.65702,-1.5299
-0.65702,-0.88026
-5.562,-5.1066
-5.562,-5.7724
-5.562,-5.3584
-5.562,-4.8976
-5.562,-6.1437
-5.562,-5.9992
-5.562,-5.4265
5.2591,4.6739
5.2591,5.7245
5.2591,5.1998
5.2591,4.8947
5.2591,5.8056
0.93651,1.0959
0.93651,1.2696
0.93651,0.10847
0.93651,1.6313
0.93651,1.1001
0.93651,0.73641
0.93651,0.90914
0.93651,0.095553
0.93651,0.60291
0.93651,0.29911
6.8786,6.344
6.8786,6.0297
6.8786,6.4902
6.8786,7.1914
6.8786,6.491
4.067,3.6536
4.067,3.2987
4.067,3.836
4.067,4.7235
4.067,4.6806
4.067,4.396
4.067,4.5242
4.067,3.5534
4.067,4.2278
-1.8169,-1.1579
-1.8169,-2.5422
-1.8169,-1.0845
-1.8169,-2.0556
-1.8169,-1.8043
-1.8169,-2.1069
-1.8169,-1.5632
-1.8169,-1.5299
-1.8169,-1.7488
-1.8169,-2.6407
-1.8169,-0.88026
-1.8169,-2.0427
0.095553,0.58
0.095553,0.10847
0.095553,-0.12039
0.095553,0.90914
0.095553,0.93651
0.095553,-0.16032
0.095553,0.60291
0.095553,0.29911
0.095553,-0.6663
-0.16032,0.58
-0.16032,0.095553
-0.16032,0.60291
-0.16032,-0.6663
2.4602,1.7145
2.4602,2.2921
2.4602,2.7936
7.1795,8.0803
7.1795,7.6491
7.1795,6.5628
0.45607,1.0959
0.45607,0.67264
0.45607,0.10847
0.45607,-0.12039
0.45607,0.73641
0.45607,-0.48637
0.45607,0.059161
0.45607,1.3523
0.45607,0.90914
0.45607,0.29911
0.45607,1.3381
-1.7488,-2.5422
-1.7488,-1.0845
-1.7488,-2.0556
-1.7488,-1.8043
-1.7488,-1.5632
-1.7488,-2.4632
-1.7488,-1.5299
-1.7488,-1.8169
-1.7488,-2.6407
-1.7488,-0.88026
-1.7488,-2.0427
-2.8693,-3.6418
-2.8693,-2.5422
-2.8693,-2.0556
-2.8693,-2.1069
-2.8693,-2.8059
-2.8693,-2.6407
-2.8693,-2.8639
-2.8693,-2.0427
-5.4891,-5.1066
-5.4891,-5.3278
-5.4891,-5.7724
-5.4891,-5.8917
-5.4891,-5.8354
-5.4891,-6.2606
-5.4891,-5.0133
-5.4891,-5.1352
-5.4891,-6.4099
-5.4891,-4.5732
-5.4891,-5.7933
-5.4891,-5.4265
-5.4891,-5.5954
-6.1437,-5.7724
-6.1437,-5.8917
-6.1437,-6.2606
-6.1437,-6.5199
-6.1437,-5.562
-6.1437,-5.9992
-6.1437,-5.4265
2.7936,2.6213
2.7936,2.2921
2.7936,3.4314
2.7936,2.4602
2.7936,3.5534
-4.4793,-4.4338
-4.4793,-4.4145
-4.4793,-4.138
-4.4793,-4.2536
-4.4793,-3.7101
-4.4793,-5.1399
-4.4793,-3.595
0.60291,0.58
0.60291,1.2696
0.60291,0.10847
0.60291,1.1001
0.60291,0.90914
0.60291,0.93651
0.60291,0.095553
0.60291,-0.16032
0.60291,0.29911
-5.0133,-5.3278
-5.0133,-5.8354
-5.0133,-5.4891
-5.0133,-5.1352
-5.0133,-4.5732
-5.0133,-4.6974
-5.0133,-5.7933
-5.0133,-5.5954
-5.1352,-5.1066
-5.1352,-5.3278
-5.1352,-5.8917
-5.1352,-5.4891
-5.1352,-5.0133
-5.1352,-4.5732
-5.1352,-4.6974
-5.1352,-5.7933
-5.1352,-5.4265
-5.1352,-5.5954
-5.9992,-5.7724
-5.9992,-5.3584
-5.9992,-6.5199
-5.9992,-5.562
-5.9992,-6.1437
2.2591,1.3523
2.2591,2.572
2.2591,1.6857
2.2591,1.705
3.3455,3.6691
3.3455,4.0509
3.3455,2.4156
3.3455,2.7159
3.3455,3.6679
-6.4099,-6.4858
-6.4099,-5.8917
-6.4099,-5.8354
-6.4099,-6.809
-6.4099,-6.2606
-6.4099,-6.1059
-6.4099,-5.4891
-6.4099,-5.7933
-6.4099,-6.7602
-6.4099,-5.5954
-3.5354,-3.4084
-3.5354,-4.4338
-3.5354,-2.719
-3.5354,-4.4145
-3.5354,-3.7208
-3.5354,-3.6418
-3.5354,-2.5422
-3.5354,-3.3947
-3.5354,-2.7452
-3.5354,-3.7101
-3.5354,-3.249
-3.5354,-2.8059
-3.5354,-2.6407
-3.5354,-3.595
-3.5354,-2.8639
3.5534,3.2987
3.5534,3.9225
3.5534,4.3636
3.5534,3.4314
3.5534,4.067
3.5534,2.7936
3.5534,4.2278
-2.8059,-3.4084
-2.8059,-2.719
-2.8059,-3.7208
-2.8059,-2.5422
-2.8059,-2.5386
-2.8059,-2.4074
-2.8059,-3.3947
-2.8059,-2.7452
-2.8059,-3.7101
-2.8059,-2.4632
-2.8059,-3.249
-2.8059,-2.8693
-2.8059,-3.5354
-2.8059,-2.6407
-2.8059,-2.8639
-2.8059,-2.0427
2.572,2.4551
2.572,2.2591
2.572,1.6857
4.2278,3.6536
4.2278,3.2987
4.2278,3.9225
4.2278,4.7235
4.2278,4.3636
4.2278,4.6806
4.2278,4.396
4.2278,4.5242
4.2278,5.0013
4.2278,4.067
4.2278,3.5534
-2.3267,-2.719
-2.3267,-2.7167
-2.3267,-2.5422
-2.3267,-2.5386
-2.3267,-2.4074
-2.3267,-2.0513
-2.3267,-1.5843
-2.3267,-1.8043
-2.3267,-2.7452
-2.3267,-2.4632
-2.3267,-1.5299
-2.3267,-3.249
-2.3267,-3.0878
1.3071,1.8732
1.3071,1.9782
1.3071,1.0483
1.3071,0.83106
5.8446,5.0826
5.8446,5.3583
5.8446,5.6272
4.5072,5.3872
4.5072,3.6691
4.5072,4.0509
4.5072,4.3484
4.5072,5.032
4.5072,4.0217
4.5072,5.2059
4.5072,4.6759
4.5072,4.6291
4.5072,4.9934
0.45669,1.0431
0.45669,0.67264
0.45669,0.059161
-2.6407,-2.719
-2.6407,-2.5422
-2.6407,-2.4074
-2.6407,-2.0556
-2.6407,-1.8043
-2.6407,-3.3947
-2.6407,-2.7452
-2.6407,-2.4632
-2.6407,-1.8169
-2.6407,-1.7488
-2.6407,-2.8693
-2.6407,-3.5354
-2.6407,-2.8059
-2.6407,-2.8639
-2.6407,-2.0427
-4.6749,-5.3278
-4.6749,-5.1809
-4.6749,-5.6049
-4.6749,-4.7799
-4.6749,-4.6974
-4.5732,-5.1066
-4.5732,-5.4891
-4.5732,-5.0133
-4.5732,-5.1352
-4.5732,-4.6974
-3.595,-3.4084
-3.595,-2.719
-3.595,-4.4145
-3.595,-3.7208
-3.595,-3.227
-3.595,-4.138
-3.595,-3.3947
-3.595,-2.7452
-3.595,-4.2536
-3.595,-3.7101
-3.595,-3.249
-3.595,-3.0878
-3.595,-4.4793
-3.595,-3.5354
-3.595,-3.4266
-6.2154,-6.4858
-6.2154,-5.8354
-6.2154,-5.6771
-6.2154,-6.6216
-6.2154,-5.6049
-6.2154,-6.1059
-6.2154,-6.021
-6.2154,-6.7602
-4.6974,-5.3278
-4.6974,-5.0133
-4.6974,-5.1352
-4.6974,-4.6749
-4.6974,-4.5732
-4.6974,-5.5954
-3.4266,-3.4084
-3.4266,-2.719
-3.4266,-2.5386
-3.4266,-3.227
-3.4266,-4.138
-3.4266,-3.3947
-3.4266,-4.2536
-3.4266,-3.7101
-3.4266,-3.249
-3.4266,-3.0878
-3.4266,-3.595
-3.4266,-3.9846
4.8363,4.1899
4.8363,5.0826
4.8363,4.7047
4.8363,4.7235
4.8363,4.396
4.8363,5.6272
6.5628,6.8364
6.5628,5.7587
6.5628,6.1651
6.5628,7.1795
-0.88026,-1.1579
-0.88026,-1.0845
-0.88026,-0.021581
-0.88026,-1.8043
-0.88026,-1.5632
-0.88026,-1.5299
-0.88026,-0.65702
-0.88026,-1.8169
-0.88026,-1.7488
-5.2651,-5.2535
-5.2651,-6.0283
0.29911,1.0959
0.29911,1.2696
0.29911,0.10847
0.29911,-0.12039
0.29911,0.73641
0.29911,0.059161
0.29911,0.90914
0.29911,0.93651
0.29911,0.095553
0.29911,0.45607
0.29911,0.60291
1.3381,1.0959
1.3381,0.67264
1.3381,1.6313
1.3381,0.73641
1.3381,1.3523
1.3381,0.90914
1.3381,0.45607
1.3381,1.6857
1.3381,1.705
1.6857,1.0959
1.6857,2.4551
1.6857,1.6313
1.6857,2.0419
1.6857,0.73641
1.6857,1.3523
1.6857,2.2591
1.6857,2.572
1.6857,1.3381
-5.7933,-5.3278
-5.7933,-5.8917
-5.7933,-5.8354
-5.7933,-6.2606
-5.7933,-6.1059
-5.7933,-5.4891
-5.7933,-5.0133
-5.7933,-5.1352
-5.7933,-6.4099
-5.7933,-5.4265
-5.7933,-5.5954
-3.9846,-3.227
-3.9846,-4.138
-3.9846,-4.2536
-3.9846,-3.0878
-3.9846,-3.4266
-6.7602,-6.4858
-6.7602,-5.8354
-6.7602,-6.1059
-6.7602,-6.4099
-6.7602,-6.2154
1.705,1.0431
1.705,1.3523
1.705,2.2591
1.705,1.3381
4.6759,5.3872
4.6759,3.6691
4.6759,4.0509
4.6759,4.3484
4.6759,5.3374
4.6759,4.0217
4.6759,5.2059
4.6759,4.5072
4.6759,4.6291
4.6759,4.9934
1.0483,1.6091
1.0483,1.9782
1.0483,1.3071
-2.8639,-2.719
-2.8639,-3.7208
-2.8639,-3.6418
-2.8639,-2.5422
-2.8639,-2.0556
-2.8639,-3.3947
-2.8639,-2.7452
-2.8639,-2.4632
-2.8639,-2.8693
-2.8639,-3.5354
-2.8639,-2.8059
-2.8639,-2.6407
-2.8639,-2.0427
4.6291,5.3872
4.6291,4.3484
4.6291,5.032
4.6291,5.4985
4.6291,4.0217
4.6291,5.2059
4.6291,5.1998
4.6291,4.8947
4.6291,4.5072
4.6291,4.6759
4.6291,4.9934
5.2236,5.8915
5.2236,4.3636
5.2236,4.5242
5.2236,5.0013
-5.4265,-5.1066
-5.4265,-5.7724
-5.4265,-5.8917
-5.4265,-4.8976
-5.4265,-5.562
-5.4265,-5.4891
-5.4265,-6.1437
-5.4265,-5.1352
-5.4265,-5.7933
-5.5954,-6.4858
-5.5954,-5.3278
-5.5954,-5.1809
-5.5954,-5.8917
-5.5954,-5.8354
-5.5954,-5.6049
-5.5954,-6.1059
-5.5954,-5.4891
-5.5954,-5.0133
-5.5954,-5.1352
-5.5954,-6.4099
-5.5954,-4.6974
-5.5954,-5.7933
-0.6663,0.10847
-0.6663,-0.89633
-0.6663,0.095553
-0.6663,-0.16032
0.83106,1.0141
0.83106,1.3071
4.9934,5.3872
4.9934,4.0509
4.9934,4.4833
4.9934,5.9134
4.9934,5.6576
4.9934,5.3374
4.9934,5.2059
4.9934,4.5072
4.9934,4.6759
4.9934,4.6291
5.8056,6.1764
5.8056,6.344
5.8056,5.032
5.8056,6.0297
5.8056,5.4985
5.8056,6.4902
5.8056,5.7245
5.8056,5.1998
5.8056,4.8947
5.8056,5.2591
-2.0427,-2.5422
-2.0427,-1.0845
-2.0427,-2.0556
-2.0427,-1.8043
-2.0427,-2.1069
-2.0427,-1.5632
-2.0427,-2.7452
-2.0427,-2.4632
-2.0427,-1.8169
-2.0427,-1.7488
-2.0427,-2.8693
-2.0427,-2.8059
-2.0427,-2.6407
-2.0427,-2.8639
6.4275,6.1764
6.4275,5.9134
6.4275,5.6576
6.4275,6.491
6.1651,6.373
6.4968,6.373
7.1795,6.7925
6.4968,6.7925
