4.3262,4.8703
4.3262,5.1293
-2.3195,-2.4371
-6.6261,-7.2362
-6.6261,-6.2826
-6.6261,-7.1947
-6.6261,-6.0331
-2.0242,-2.0232
-2.0242,-1.1876
-2.0242,-1.4133
0.92869,0.58156
0.92869,-0.017143
5.0823,4.7677
5.0823,4.2388
3.8381,3.8161
3.8381,3.0526
3.8381,4.76
-4.9661,-5.2131
7.6011,7.3638
7.6011,6.7503
7.6011,7.7053
3.8624,3.2431
3.8624,3.6144
3.8624,4.4073
6.915,6.7503
6.915,7.7053
6.915,6.604
-7.2362,-6.6261
-7.2362,-6.8679
-2.0232,-2.0242
-2.0232,-1.1876
-2.0232,-1.9023
-2.0232,-1.7158
-2.0232,-2.7588
-2.0956,-1.4642
-2.0956,-2.4033
-2.0956,-1.5318
5.7122,6.517
5.7122,6.5477
5.7122,5.9301
3.8161,3.8381
3.8161,4.7677
3.8161,3.0836
3.8161,3.0526
3.8161,4.1357
3.8161,4.7033
3.8161,3.7839
3.1715,2.6373
3.1715,2.2278
4.7392,4.034
-2.4055,-2.7912
-2.4055,-2.0287
-2.4055,-2.378
-2.4055,-1.6905
-2.4055,-1.5504
-2.4055,-1.9111
-2.4055,-2.8477
-5.5167,-5.2131
-5.5167,-4.688
-5.5167,-6.2807
-4.147,-4.688
-6.1983,-6.9598
-6.1983,-6.1763
-6.1983,-6.2442
-6.1983,-5.7942
-6.9598,-6.1983
-6.9598,-7.0165
-6.9598,-7.3885
2.8229,2.6411
2.8229,2.3009
2.8229,3.3234
-1.4642,-2.0956
-1.4642,-1.6215
-1.4642,-2.0478
-0.80656,-1.1876
-0.80656,-1.7158
-0.80656,-1.0981
1.0185,1.8176
-7.0409,-7.8064
-7.0409,-7.6412
-7.0409,-6.6326
4.7677,5.0823
4.7677,3.8161
4.7677,4.2388
4.7677,4.76
4.7677,4.1357
4.7677,5.7134
4.7677,4.7033
4.7677,3.7839
-5.4736,-4.6346
-5.4736,-6.0648
-5.4736,-6.2442
-5.4736,-5.267
1.8086,2.2278
1.8086,1.148
-1.6215,-1.4642
-1.6215,-2.0287
-1.6215,-2.0478
-1.6215,-2.4033
-1.6215,-1.094
8.6202,7.7677
8.6202,8.4096
6.6329,7.0602
6.6329,5.8321
6.6329,6.0204
6.6329,6.899
6.6329,7.4302
6.6329,6.5418
2.6411,2.8229
2.6411,1.8176
2.6411,2.3442
2.6411,3.3376
7.3038,6.5021
1.718,2.3009
-4.6346,-5.4736
-4.6346,-4.4533
-4.6346,-5.267
-4.6346,-4.0891
3.2431,3.8624
-2.7912,-2.4055
-2.7912,-2.378
-2.7912,-2.8997
-2.7912,-3.3772
-2.7912,-3.3706
-2.7912,-2.8477
8.617,9.5251
7.3638,7.6011
7.3638,6.517
7.3638,6.5477
2.6373,3.1715
6.7503,7.6011
6.7503,6.915
6.7503,6.5477
6.7503,7.7053
6.7503,5.9301
-6.47,-6.127
-6.2826,-6.6261
-6.2826,-6.0181
-6.2826,-5.3748
-6.2826,-6.8679
-3.3192,-2.4371
-3.3192,-3.4654
-0.80167,-1.0177
-0.80167,-1.6905
-0.80167,-1.5504
5.7232,5.0973
5.7232,6.0204
5.7232,6.3301
5.7232,5.1293
5.7232,6.5418
-4.4124,-4.5096
-4.4124,-3.4654
7.2797,7.0602
7.2797,6.3301
-7.841,-7.5622
-7.841,-7.0532
-2.8262,-2.0287
-2.8262,-3.3278
-2.8262,-2.0478
-2.8262,-2.378
-2.8262,-3.3706
-2.8262,-2.4033
-2.8262,-2.8346
-2.8262,-2.8477
-2.0287,-2.4055
-2.0287,-1.6215
-2.0287,-2.8262
-2.0287,-2.0478
-2.0287,-2.378
-2.0287,-1.6905
-2.0287,-1.5504
-2.0287,-2.8477
2.8121,2.2278
2.8121,3.7269
-6.0181,-6.2826
-6.0181,-5.3748
-6.0181,-6.8679
3.0525,3.0836
3.0525,2.8038
3.0525,3.2415
3.0525,3.6144
3.0836,3.8161
3.0836,3.0525
3.0836,3.0526
3.0836,3.2415
3.0836,3.7839
6.0461,6.9985
6.0461,6.604
5.0973,5.7232
5.0973,4.4189
5.0973,4.3648
-7.1947,-6.6261
1.8176,1.0185
1.8176,2.6411
1.8176,2.3009
9.2573,8.4096
-3.2552,-2.3932
-3.2552,-3.206
4.4189,5.0973
4.4189,4.05
-2.4371,-2.3195
-2.4371,-3.3192
-2.4371,-1.9023
-2.4371,-2.7588
-6.1763,-6.1983
-6.1763,-5.3057
-6.1763,-6.127
-6.1763,-7.0165
-6.7041,-7.1431
7.0602,6.6329
7.0602,7.2797
7.0602,7.4302
7.0602,6.5418
-5.9207,-6.6603
-5.9207,-4.9821
-5.9207,-6.7154
-1.1876,-2.0242
-1.1876,-2.0232
-1.1876,-0.80656
-1.1876,-1.4133
-1.1876,-1.7158
-7.0801,-6.266
-7.0801,-6.6326
-7.0801,-7.1431
5.8321,6.6329
5.8321,5.4214
5.8321,6.0786
5.8321,6.0204
5.8321,5.1293
3.1767,3.6985
3.1767,3.1945
6.517,5.7122
6.517,7.3638
6.517,6.5477
2.3009,2.8229
2.3009,1.718
2.3009,1.8176
2.3009,2.8697
2.8038,3.0525
2.8038,3.6144
6.5477,5.7122
6.5477,7.3638
6.5477,6.7503
6.5477,6.517
6.5477,5.9301
-0.18354,-0.017143
-4.4533,-4.6346
-4.4533,-5.1837
-4.4533,-4.2259
-1.4133,-2.0242
-1.4133,-1.1876
-1.4133,-1.8793
-1.4133,-0.86944
5.4214,5.8321
5.4214,4.8703
5.4214,6.0786
5.4214,6.0204
5.4214,5.1293
-2.3932,-3.2552
-6.0648,-5.4736
-6.0648,-5.1837
-6.0648,-6.6603
-6.0648,-6.8137
-3.9444,-3.3772
5.7819,5.9301
-5.1837,-4.4533
-5.1837,-6.0648
-5.3057,-6.1763
-5.3057,-4.9376
-3.3278,-2.8262
-3.3278,-3.3706
-3.3278,-2.8346
3.0526,3.8381
3.0526,3.8161
3.0526,3.0836
2.2278,3.1715
2.2278,1.8086
2.2278,2.8121
4.2388,5.0823
4.2388,4.7677
4.2388,4.034
4.2388,3.2415
4.2388,4.1357
4.2388,3.6144
4.2388,3.7839
-2.0478,-1.4642
-2.0478,-1.6215
-2.0478,-2.8262
-2.0478,-2.0287
-2.0478,-2.378
-2.0478,-2.4033
-2.0478,-2.8346
-2.0478,-1.094
4.034,4.7392
4.034,4.2388
4.034,3.2415
4.034,4.1357
4.034,3.6144
0.58156,0.92869
3.6985,3.1767
-6.2442,-6.1983
-6.2442,-5.4736
-6.2442,-5.7942
-6.2442,-6.7322
-6.2442,-6.8137
-0.017143,0.92869
-0.017143,-0.18354
-7.8064,-7.0409
-6.266,-7.0801
-6.266,-6.6326
-6.266,-7.1431
6.9985,6.0461
6.9985,6.604
6.9985,7.7645
7.7053,7.6011
7.7053,6.915
7.7053,6.7503
-2.378,-2.4055
-2.378,-2.7912
-2.378,-2.8262
-2.378,-2.0287
-2.378,-2.0478
-2.378,-1.6905
-2.378,-2.4033
-2.378,-2.8477
-2.8997,-2.7912
-2.8997,-3.3772
4.8703,4.3262
4.8703,5.4214
4.8703,3.9044
-6.6603,-5.9207
-6.6603,-6.0648
6.0786,5.8321
6.0786,5.4214
-3.3772,-2.7912
-3.3772,-3.9444
-3.3772,-2.8997
-3.3772,-3.3706
-5.3748,-6.2826
-5.3748,-6.0181
-5.3748,-4.5096
-5.7942,-6.1983
-5.7942,-6.2442
-5.7942,-5.267
-5.7942,-4.9376
4.3648,5.0973
4.3648,4.05
3.1945,3.1767
3.1945,2.3442
3.1945,3.3376
3.1945,4.1197
-7.5622,-7.841
6.0204,6.6329
6.0204,5.7232
6.0204,5.8321
6.0204,5.4214
6.0204,5.1293
6.0204,6.5418
-3.3706,-2.7912
-3.3706,-2.8262
-3.3706,-3.3278
-3.3706,-3.3772
-3.3706,-2.8477
-5.2131,-4.9661
-5.2131,-5.5167
-5.2131,-4.688
-5.2131,-6.0331
2.3442,2.6411
2.3442,3.1945
3.2415,3.0525
3.2415,3.0836
3.2415,4.2388
3.2415,4.034
3.2415,4.1357
3.2415,3.6144
3.2415,3.7839
-1.0177,-0.80167
-1.0177,-1.5504
-1.0177,-1.9111
-4.2976,-4.9376
-1.6905,-2.4055
-1.6905,-0.80167
-1.6905,-2.0287
-1.6905,-2.378
-1.6905,-1.5504
-1.6905,-1.094
-7.6412,-7.0409
-7.6412,-8.4378
4.76,3.8381
4.76,4.7677
4.76,4.7033
7.7677,8.6202
7.7677,8.4096
-1.5504,-2.4055
-1.5504,-0.80167
-1.5504,-2.0287
-1.5504,-1.0177
-1.5504,-1.6905
-1.5504,-1.9111
6.3301,5.7232
6.3301,7.2797
6.3301,6.5418
-1.9023,-2.0232
-1.9023,-2.4371
-1.9023,-1.7158
-1.9023,-1.0981
-2.4033,-2.0956
-2.4033,-1.6215
-2.4033,-2.8262
-2.4033,-2.0478
-2.4033,-2.378
-2.4033,-2.8346
-6.127,-6.47
-6.127,-6.1763
-6.127,-7.0532
-1.9111,-2.4055
-1.9111,-1.0177
-1.9111,-1.5504
3.3376,2.6411
3.3376,3.1945
3.9044,4.8703
3.9044,3.4755
3.9044,4.4073
-3.206,-3.2552
-5.267,-5.4736
-5.267,-4.6346
-5.267,-5.7942
-5.267,-4.9376
2.8697,2.3009
2.8697,3.3234
-6.6326,-7.0409
-6.6326,-7.0801
-6.6326,-6.266
-7.0532,-7.841
-7.0532,-6.127
-7.0532,-7.0165
3.4755,3.9044
4.1357,3.8161
4.1357,4.7677
4.1357,4.2388
4.1357,4.034
4.1357,3.2415
4.1357,4.7033
4.1357,3.7839
-1.8793,-1.4133
-1.8793,-1.0393
-1.7158,-2.0232
-1.7158,-0.80656
-1.7158,-1.1876
-1.7158,-1.9023
3.3234,2.8229
3.3234,2.8697
3.3234,4.05
5.7134,4.7677
-8.4378,-7.6412
-4.688,-5.5167
-4.688,-4.147
-4.688,-5.2131
-4.688,-4.9821
-4.688,-3.9602
-4.9821,-5.9207
-4.9821,-4.688
-4.9821,-4.2259
-1.0981,-0.80656
-1.0981,-1.9023
-7.895,-7.0165
-1.5318,-2.0956
-3.9602,-4.688
4.7033,3.8161
4.7033,4.7677
4.7033,4.76
4.7033,4.1357
4.1197,3.1945
3.6144,3.8624
3.6144,3.0525
3.6144,2.8038
3.6144,4.2388
3.6144,4.034
3.6144,3.2415
-4.9376,-5.3057
-4.9376,-5.7942
-4.9376,-4.2976
-4.9376,-5.267
-4.9376,-4.0891
5.9301,5.7122
5.9301,6.7503
5.9301,6.5477
5.9301,5.7819
6.899,6.6329
3.4268,4.05
6.604,6.915
6.604,6.0461
6.604,6.9985
-2.8346,-2.8262
-2.8346,-3.3278
-2.8346,-2.0478
-2.8346,-2.4033
-6.7322,-6.2442
-6.7322,-7.3885
-6.7322,-6.8137
3.7839,3.8161
3.7839,4.7677
3.7839,3.0836
3.7839,4.2388
3.7839,3.2415
3.7839,4.1357
-6.7154,-5.9207
-6.7154,-6.2807
-1.0393,-1.8793
-1.0393,-0.86944
7.4302,6.6329
7.4302,7.0602
7.4302,6.5418
-4.5096,-4.4124
-4.5096,-5.3748
-6.0331,-6.6261
-6.0331,-5.2131
-6.0331,-6.2807
6.5021,7.3038
7.7645,6.9985
-7.1431,-6.7041
-7.1431,-7.0801
-7.1431,-6.266
5.1293,4.3262
5.1293,5.7232
5.1293,5.8321
5.1293,5.4214
5.1293,6.0204
-6.8679,-7.2362
-6.8679,-6.2826
-6.8679,-6.0181
-4.0891,-4.6346
-4.0891,-4.9376
-7.0165,-6.9598
-7.0165,-6.1763
-7.0165,-7.0532
-7.0165,-7.895
-7.3885,-6.9598
-7.3885,-6.7322
-2.7588,-2.0232
-2.7588,-2.4371
-2.7588,-3.4654
8.4096,8.6202
8.4096,9.2573
8.4096,7.7677
-3.4654,-3.3192
-3.4654,-4.4124
-3.4654,-2.7588
-6.8137,-6.0648
-6.8137,-6.2442
-6.8137,-6.7322
0.78048,1.148
0.78048,1.631
4.4073,3.8624
4.4073,3.9044
-1.094,-1.6215
-1.094,-2.0478
-1.094,-1.6905
3.7269,2.8121
-0.86944,-1.4133
-0.86944,-1.0393
-6.2807,-5.5167
-6.2807,-6.7154
-6.2807,-6.0331
-4.2259,-4.4533
-4.2259,-4.9821
4.05,4.4189
4.05,4.3648
4.05,3.3234
4.05,3.4268
9.5251,8.617
1.148,1.8086
1.148,0.78048
-2.8477,-2.4055
-2.8477,-2.7912
-2.8477,-2.8262
-2.8477,-2.0287
-2.8477,-2.378
-2.8477,-3.3706
6.5418,6.6329
6.5418,5.7232
6.5418,7.0602
6.5418,6.0204
6.5418,6.3301
6.5418,7.4302
1.631,0.78048
