-2.2983,-1.7516
-2.2983,-3.1535
-2.2983,-2.3649
-6.6167,-6.2054
-6.6167,-5.9958
-6.6167,-7.2225
-6.6167,-6.2021
-6.6167,-6.9176
-6.6167,-6.5727
-6.6167,-6.5169
-5.8821,-5.9818
-5.8821,-5.0294
-5.8821,-5.8843
-5.8821,-5.0123
-5.8821,-6.7942
-5.488,-6.1155
-5.488,-6.2021
-5.488,-5.5257
1.3071,1.5584
1.3071,0.86723
1.3071,2.05
1.3071,2.1997
1.3071,0.46942
1.3071,1.4455
-5.5819,-5.9158
-5.5819,-5.3104
-5.5819,-6.3672
-5.5819,-5.1897
-5.5819,-4.9016
-5.4389,-5.9158
-5.4389,-4.7928
-5.4389,-4.7982
-5.4389,-5.3705
-5.4389,-5.3104
-5.4389,-4.8534
-5.4389,-5.1897
-5.4389,-5.9764
-6.1155,-5.488
-6.1155,-6.5727
5.8035,6.0562
5.8035,5.1821
5.8035,5.6551
5.8035,6.5946
-4.3896,-4.7928
-4.3896,-4.0044
-4.3896,-5.3104
-4.3896,-5.1897
-4.3896,-4.0138
-4.3896,-4.9016
6.0562,5.8035
6.0562,5.1821
6.0562,5.6747
6.0562,5.6551
6.0562,6.2202
6.0562,6.5946
6.0562,6.0046
6.0562,6.7854
-5.9818,-5.8821
-6.2054,-6.6167
-6.2054,-5.9958
-6.2054,-5.8862
-6.2054,-6.2021
-6.2054,-5.7056
-6.2054,-6.9176
-6.2054,-6.4337
-6.2054,-5.5924
-6.2054,-6.5169
6.7433,6.9151
4.3421,4.7592
4.3421,5.0225
4.3421,4.8585
4.9373,4.6161
4.9373,5.1821
4.9373,5.6747
4.9373,5.2171
4.9373,4.3721
-5.9158,-5.5819
-5.9158,-5.4389
-5.9158,-5.3104
-5.9158,-6.3672
-5.9158,-5.1897
-5.9158,-5.9764
7.9189,7.194
-3.1895,-4.0044
-3.1895,-2.4626
-3.1895,-3.2577
6.8378,6.6506
6.8378,5.9582
6.8378,6.3925
6.8378,5.9542
6.8378,7.2662
-3.1988,-2.2565
-3.1988,-3.9705
-3.1988,-3.1384
-3.1988,-3.2085
-3.1988,-4.1279
-5.9958,-6.6167
-5.9958,-6.2054
-5.9958,-6.2021
-5.9958,-5.7056
-5.9958,-5.5257
-5.9958,-6.5727
-5.9958,-5.5924
-5.9958,-6.5169
0.6883,0.37537
0.6883,0.69387
0.6883,0.10368
0.6883,1.4977
0.6883,-0.26282
0.37537,0.6883
0.37537,-0.26282
1.5584,1.3071
1.5584,0.86723
1.5584,2.05
1.5584,2.1997
1.5584,1.4455
1.5584,1.2032
1.5584,1.608
4.8507,4.7592
4.8507,5.6008
4.8507,5.1512
4.8507,4.2634
-5.8862,-6.2054
-5.8862,-5.2146
-5.8862,-5.7056
-5.8862,-6.1462
-5.8862,-5.2233
-5.8862,-6.4337
-5.8862,-6.5169
0.86723,1.3071
0.86723,1.5584
0.86723,0.49886
0.86723,0.46942
0.86723,1.2032
0.86723,1.608
7.6922,7.6441
7.6922,6.93
-4.7928,-5.4389
-4.7928,-4.3896
-4.7928,-4.7982
-4.7928,-4.3364
-4.7928,-5.3104
-4.7928,-5.1897
-4.7928,-4.0138
-0.25552,0.37621
-0.25552,-0.27856
-0.25552,-0.56309
-0.25552,0.69387
-0.25552,0.11594
-0.25552,0.10368
-0.25552,-0.78551
-0.25552,-0.70622
5.2936,5.6392
5.2936,5.2171
5.2936,6.1805
6.6128,7.194
6.6128,6.8308
6.6128,7.1848
6.6128,6.0136
4.7592,4.3421
4.7592,4.8507
4.7592,5.6903
4.7592,5.1512
4.7592,4.2634
4.7592,4.8585
4.7592,5.1038
-3.6522,-4.1165
-1.6072,-1.4699
-1.6072,-1.113
-1.6072,-2.0604
-1.6072,-0.71238
2.05,1.3071
2.05,1.5584
2.05,2.5898
2.05,2.1997
2.05,1.9843
2.05,2.5287
2.05,1.608
-4.1092,-4.9016
-4.1092,-4.6556
-0.094002,0.49886
-0.094002,0.67328
-1.4083,-2.2565
-1.4083,-1.4934
-1.4083,-0.56309
-1.4083,-1.5955
-1.4083,-1.0435
-1.4083,-0.70622
-3.8432,-4.3364
-3.8432,-3.1535
6.6506,6.8378
6.6506,5.6903
6.6506,5.9582
6.6506,5.9542
6.6506,6.134
6.6506,6.9267
6.6506,7.2662
-6.8168,-6.8746
-6.8168,-7.7564
4.6161,4.9373
4.6161,5.1821
4.6161,5.2171
7.194,7.9189
7.194,6.6128
7.194,6.8308
7.194,7.1848
5.1821,5.8035
5.1821,6.0562
5.1821,4.9373
5.1821,4.6161
5.1821,5.6551
-5.0294,-5.8821
-5.0294,-5.0123
-5.0294,-4.2002
-7.2225,-6.6167
-7.2225,-6.9176
-7.2225,-6.5727
5.6008,4.8507
5.6008,5.1512
5.6008,5.9507
-0.55441,-1.4699
-0.55441,-1.113
-0.55441,-1.4546
-0.55441,-0.21021
-0.55441,-0.63662
-0.55441,-0.71238
-6.2021,-6.6167
-6.2021,-5.488
-6.2021,-6.2054
-6.2021,-5.9958
-6.2021,-5.5257
-6.2021,-6.5727
-6.2021,-5.5924
0.24811,-0.21021
0.24811,-0.36676
0.24811,-0.71238
2.1547,2.3307
5.4611,5.6903
5.4611,5.9582
5.4611,5.9542
5.4611,5.3742
5.4611,5.0225
5.4611,4.8585
5.4611,5.1038
5.6903,4.7592
5.6903,6.6506
5.6903,5.4611
5.6903,5.1512
5.6903,5.9582
5.6903,5.9542
5.6903,5.9507
5.6903,6.134
5.6903,4.8585
5.6903,5.1038
6.8308,6.6128
6.8308,7.194
6.8308,6.1926
6.8308,7.2806
-5.8843,-5.8821
-5.8843,-5.0123
-5.8843,-5.8898
-5.8843,-5.0192
-4.7982,-5.4389
-4.7982,-4.7928
-4.7982,-4.3364
-4.7982,-5.3705
-4.7982,-5.3104
-4.7982,-4.8534
-4.7982,-5.1897
-4.7982,-4.0138
-4.3364,-4.7928
-4.3364,-3.8432
-4.3364,-4.7982
-4.3364,-4.8534
-4.3364,-5.1897
-4.3364,-4.0138
6.9498,6.2202
6.9498,6.0046
6.9498,6.7854
6.9498,6.6441
-5.2146,-5.8862
-5.2146,-6.1462
-5.2146,-5.2233
0.54334,0.036356
0.54334,-0.21021
0.54334,1.0857
-5.0123,-5.8821
-5.0123,-5.0294
-5.0123,-5.8843
-5.0123,-5.0192
-5.0123,-4.1279
-5.0123,-4.2002
2.5898,2.05
2.5898,2.1997
2.5898,2.5287
0.34331,0.37621
0.34331,1.1179
0.34331,-0.27856
0.34331,0.11594
0.34331,0.60202
0.34331,0.9046
0.34331,-0.46953
-1.1364,-1.7516
-1.1364,-1.4546
-1.1364,-0.63662
-7.6309,-6.9815
-7.6309,-6.9176
0.37621,-0.25552
0.37621,0.34331
0.37621,-0.27856
0.37621,0.69387
0.37621,0.11594
0.37621,0.10368
0.37621,0.9046
4.1713,4.7224
-1.4699,-1.6072
-1.4699,-0.55441
-1.4699,-1.113
-1.4699,-1.7516
-1.4699,-1.749
-1.4699,-2.4626
-1.4699,-1.4546
-1.4699,-2.0604
-1.4699,-0.71238
-2.2565,-3.1988
-2.2565,-1.4083
-2.2565,-1.5955
-5.7056,-6.2054
-5.7056,-5.9958
-5.7056,-5.8862
-5.7056,-5.2233
-5.7056,-6.4337
-5.7056,-5.5257
-5.7056,-5.5924
-5.7056,-6.5169
-5.7056,-4.8319
5.2603,6.0022
5.2603,6.0358
5.2603,4.7224
-6.1462,-5.8862
-6.1462,-5.2146
-6.1462,-6.9815
-6.1462,-6.4337
-1.113,-1.6072
-1.113,-0.55441
-1.113,-1.4699
-1.113,-1.749
-1.113,-1.4546
-1.113,-0.21021
-1.113,-2.0604
-1.113,-0.71238
5.6392,5.2936
5.6392,5.6747
5.6392,5.2171
5.6392,6.2202
5.6392,6.1805
5.6392,6.0046
5.6392,6.6441
5.6747,6.0562
5.6747,4.9373
5.6747,5.6392
5.6747,5.6551
5.6747,5.2171
5.6747,6.2202
5.6747,6.0046
0.49886,0.86723
0.49886,-0.094002
0.49886,1.2032
0.49886,0.67328
-4.6463,-5.3705
-4.6463,-4.8534
5.6551,5.8035
5.6551,6.0562
5.6551,5.1821
5.6551,5.6747
-0.25053,0.65603
-1.0267,-1.4934
-1.0267,-0.27856
-1.0267,-0.78551
-1.0267,-0.70622
-1.0267,-0.46953
2.1997,1.3071
2.1997,1.5584
2.1997,2.05
2.1997,2.5898
2.1997,1.4455
-5.2233,-5.8862
-5.2233,-5.2146
-5.2233,-5.7056
-5.2233,-5.5924
-5.2233,-4.8319
-1.7516,-2.2983
-1.7516,-1.1364
-1.7516,-1.4699
-1.7516,-1.749
-1.7516,-1.4546
-1.7516,-2.3649
1.1179,0.34331
1.1179,0.60202
1.1179,0.9046
-1.4934,-1.4083
-1.4934,-1.0267
-1.4934,-2.1312
-1.4934,-0.78551
-1.4934,-0.70622
5.5729,6.3925
5.5729,5.9542
5.5729,5.3742
5.5729,5.0225
5.2171,4.9373
5.2171,5.2936
5.2171,4.6161
5.2171,5.6392
5.2171,5.6747
5.2171,6.2202
5.2171,4.3721
5.2171,6.0046
-2.1312,-1.4934
-0.27856,-0.25552
-0.27856,0.34331
-0.27856,0.37621
-0.27856,-1.0267
-0.27856,0.11594
-0.27856,-0.78551
-0.27856,-0.70622
-0.27856,-0.46953
4.5265,5.3742
4.5265,5.0225
-5.9377,-5.3705
-5.9377,-6.5564
-5.9377,-5.9764
7.1848,6.6128
7.1848,7.194
7.1848,6.9151
-5.3705,-5.4389
-5.3705,-4.7982
-5.3705,-4.6463
-5.3705,-5.9377
-5.3705,-4.8534
-5.3705,-5.9764
5.1512,4.8507
5.1512,4.7592
5.1512,5.6008
5.1512,5.6903
5.1512,5.9507
5.1512,4.2634
5.1512,4.8585
5.1512,5.1038
-4.0044,-4.3896
-4.0044,-3.1895
-4.0044,-3.2577
-4.0044,-4.0138
-4.0044,-4.9016
0.46942,1.3071
0.46942,0.86723
0.46942,0.65603
0.46942,-0.23552
6.1926,6.8308
6.1926,6.1805
-0.56309,-0.25552
-0.56309,-1.4083
-0.56309,0.10368
-0.56309,-1.0435
-0.56309,-0.26282
-0.56309,-0.70622
1.4455,1.3071
1.4455,1.5584
1.4455,2.1997
1.4455,0.65603
6.0022,5.2603
6.0022,6.0358
6.0022,6.93
6.0358,5.2603
6.0358,6.0022
6.0358,6.93
6.2202,6.0562
6.2202,6.9498
6.2202,5.6392
6.2202,5.6747
6.2202,5.2171
6.2202,6.1805
6.2202,6.0046
6.2202,6.7854
6.2202,6.6441
6.5946,5.8035
6.5946,6.0562
6.5946,6.7854
5.9582,6.8378
5.9582,6.6506
5.9582,5.4611
5.9582,5.6903
5.9582,5.9542
5.9582,6.134
5.9582,5.1038
6.3925,6.8378
6.3925,5.5729
6.3925,5.9542
-1.749,-1.4699
-1.749,-1.113
-1.749,-1.7516
-1.749,-2.4626
-1.749,-1.4546
-1.749,-2.0604
-1.749,-2.3649
-1.5955,-1.4083
-1.5955,-2.2565
-1.5955,-1.0435
-2.4626,-3.1895
-2.4626,-1.4699
-2.4626,-1.749
-2.4626,-3.2577
-2.4626,-2.0604
-2.4626,-2.3649
5.9542,6.8378
5.9542,6.6506
5.9542,5.4611
5.9542,5.6903
5.9542,5.5729
5.9542,5.9582
5.9542,6.3925
5.9542,5.3742
5.9542,5.0225
-5.8898,-5.8843
1.4516,0.69387
1.4516,0.9046
0.65603,-0.25053
0.65603,0.46942
0.65603,1.4455
0.036356,0.54334
0.036356,-0.63662
0.036356,0.67328
1.9843,2.05
1.9843,2.5287
1.9843,1.2032
1.9843,1.608
3.1129,2.3307
-1.4546,-0.55441
-1.4546,-1.1364
-1.4546,-1.4699
-1.4546,-1.113
-1.4546,-1.7516
-1.4546,-1.749
-1.4546,-0.63662
-1.4546,-2.3649
5.3742,5.4611
5.3742,5.5729
5.3742,4.5265
5.3742,5.9542
5.3742,5.0225
-5.0192,-5.8843
-5.0192,-5.0123
-5.0192,-4.1279
2.5287,2.05
2.5287,2.5898
2.5287,1.9843
-5.3104,-5.5819
-5.3104,-5.4389
-5.3104,-4.3896
-5.3104,-5.9158
-5.3104,-4.7928
-5.3104,-4.7982
-5.3104,-5.1897
-5.3104,-4.9016
6.6766,5.9507
6.6766,6.9267
0.69387,0.6883
0.69387,-0.25552
0.69387,0.37621
0.69387,1.4516
0.69387,0.10368
0.69387,0.9046
5.9507,5.6008
5.9507,5.6903
5.9507,5.1512
5.9507,6.6766
5.9507,6.134
5.9507,5.1038
7.6441,7.6922
-6.5564,-5.9377
-6.5564,-5.9764
-4.1165,-3.6522
-4.1165,-4.6556
6.134,6.6506
6.134,5.6903
6.134,5.9582
6.134,5.9507
6.134,6.9267
-0.21021,-0.55441
-0.21021,0.24811
-0.21021,0.54334
-0.21021,-1.113
-0.21021,-0.63662
-0.21021,-0.71238
-6.9815,-7.6309
-6.9815,-6.1462
-6.9815,-6.4337
-6.9815,-6.5169
5.0225,4.3421
5.0225,5.4611
5.0225,5.5729
5.0225,4.5265
5.0225,5.9542
5.0225,5.3742
5.0225,4.8585
-6.8746,-6.8168
-6.8746,-7.7564
6.9267,6.6506
6.9267,6.6766
6.9267,6.134
4.3721,4.9373
4.3721,5.2171
-3.1535,-2.2983
-3.1535,-3.8432
-3.1535,-3.2577
-3.1535,-4.0138
-3.1535,-2.3649
0.11594,-0.25552
0.11594,0.34331
0.11594,0.37621
0.11594,-0.27856
0.11594,0.10368
0.11594,0.9046
0.11594,-0.78551
0.10368,0.6883
0.10368,-0.25552
0.10368,0.37621
0.10368,-0.56309
0.10368,0.69387
0.10368,0.11594
0.10368,0.9046
0.10368,-0.26282
0.10368,-0.70622
1.2032,1.5584
1.2032,0.86723
1.2032,0.49886
1.2032,1.9843
1.2032,1.608
1.2032,0.67328
6.93,7.6922
6.93,6.0022
6.93,6.0358
2.3307,2.1547
2.3307,3.1129
2.3307,1.4977
-3.2577,-3.1895
-3.2577,-4.0044
-3.2577,-2.4626
-3.2577,-3.1535
-3.2577,-4.0138
-3.2577,-2.3649
-4.8534,-5.4389
-4.8534,-4.7982
-4.8534,-4.3364
-4.8534,-4.6463
-4.8534,-5.3705
-4.9581,-5.5257
-4.9581,-5.5924
-4.9581,-4.8319
-6.9176,-6.6167
-6.9176,-6.2054
-6.9176,-7.2225
-6.9176,-7.6309
-6.9176,-6.4337
-6.9176,-6.5169
1.608,1.5584
1.608,0.86723
1.608,2.05
1.608,1.9843
1.608,1.2032
-6.3672,-5.5819
-6.3672,-5.9158
-6.3672,-5.9764
0.60202,0.34331
0.60202,1.1179
-3.9705,-3.1988
-3.9705,-3.1384
-3.9705,-4.1279
-3.1384,-3.1988
-3.1384,-3.9705
-6.4337,-6.2054
-6.4337,-5.8862
-6.4337,-5.7056
-6.4337,-6.1462
-6.4337,-6.9815
-6.4337,-6.9176
-6.4337,-6.5169
4.2634,4.8507
4.2634,4.7592
4.2634,5.1512
4.2634,4.8585
4.2634,5.1038
-5.5257,-5.488
-5.5257,-5.9958
-5.5257,-6.2021
-5.5257,-5.7056
-5.5257,-4.9581
-5.5257,-5.5924
-5.1897,-5.5819
-5.1897,-5.4389
-5.1897,-4.3896
-5.1897,-5.9158
-5.1897,-4.7928
-5.1897,-4.7982
-5.1897,-4.3364
-5.1897,-5.3104
-5.1897,-5.9764
6.1805,5.2936
6.1805,5.6392
6.1805,6.1926
6.1805,6.2202
6.1805,6.0046
6.1805,6.6441
-4.0138,-4.3896
-4.0138,-4.7928
-4.0138,-4.7982
-4.0138,-4.3364
-4.0138,-4.0044
-4.0138,-3.1535
-4.0138,-3.2577
0.9046,0.34331
0.9046,0.37621
0.9046,1.1179
0.9046,1.4516
0.9046,0.69387
0.9046,0.11594
0.9046,0.10368
6.0046,6.0562
6.0046,6.9498
6.0046,5.6392
6.0046,5.6747
6.0046,5.2171
6.0046,6.2202
6.0046,6.1805
6.0046,6.6441
-2.0604,-1.6072
-2.0604,-1.4699
-2.0604,-1.113
-2.0604,-1.749
-2.0604,-2.4626
1.0857,0.54334
1.0857,0.67328
7.2806,6.8308
7.2806,6.6441
4.8585,4.3421
4.8585,4.7592
4.8585,5.4611
4.8585,5.6903
4.8585,5.1512
4.8585,5.0225
4.8585,4.2634
4.8585,5.1038
-1.0435,-1.4083
-1.0435,-0.56309
-1.0435,-1.5955
-1.0435,-0.26282
-1.0435,-0.70622
-5.9764,-5.4389
-5.9764,-5.9158
-5.9764,-5.9377
-5.9764,-5.3705
-5.9764,-6.5564
-5.9764,-6.3672
-5.9764,-5.1897
-3.2085,-3.1988
-3.2085,-4.2002
-0.36676,0.24811
-0.36676,-0.71238
-6.5727,-6.6167
-6.5727,-6.1155
-6.5727,-5.9958
-6.5727,-7.2225
-6.5727,-6.2021
-4.1279,-3.1988
-4.1279,-5.0123
-4.1279,-5.0192
-4.1279,-3.9705
-4.1279,-4.2002
-4.9016,-5.5819
-4.9016,-4.3896
-4.9016,-4.1092
-4.9016,-4.0044
-4.9016,-5.3104
6.7854,6.0562
6.7854,6.9498
6.7854,6.2202
6.7854,6.5946
4.7224,4.1713
4.7224,5.2603
-0.63662,-0.55441
-0.63662,-1.1364
-0.63662,0.036356
-0.63662,-1.4546
-0.63662,-0.21021
-6.7942,-5.8821
-0.78551,-0.25552
-0.78551,-1.0267
-0.78551,-1.4934
-0.78551,-0.27856
-0.78551,0.11594
-0.78551,-0.70622
1.4977,0.6883
1.4977,2.3307
-0.26282,0.6883
-0.26282,0.37537
-0.26282,-0.56309
-0.26282,0.10368
-0.26282,-1.0435
-5.5924,-6.2054
-5.5924,-5.9958
-5.5924,-6.2021
-5.5924,-5.7056
-5.5924,-5.2233
-5.5924,-4.9581
-5.5924,-5.5257
-5.5924,-4.8319
-4.6556,-4.1092
-4.6556,-4.1165
-6.5169,-6.6167
-6.5169,-6.2054
-6.5169,-5.9958
-6.5169,-5.8862
-6.5169,-5.7056
-6.5169,-6.9815
-6.5169,-6.9176
-6.5169,-6.4337
-0.70622,-0.25552
-0.70622,-1.4083
-0.70622,-1.0267
-0.70622,-1.4934
-0.70622,-0.27856
-0.70622,-0.56309
-0.70622,0.10368
-0.70622,-1.0435
-0.70622,-0.78551
6.9151,6.7433
6.9151,7.1848
6.9151,6.0136
6.9151,7.8268
-0.23552,0.46942
-2.3649,-2.2983
-2.3649,-1.7516
-2.3649,-1.749
-2.3649,-2.4626
-2.3649,-1.4546
-2.3649,-3.1535
-2.3649,-3.2577
5.1038,4.7592
5.1038,5.4611
5.1038,5.6903
5.1038,5.1512
5.1038,5.9582
5.1038,5.9507
5.1038,4.2634
5.1038,4.8585
6.6441,6.9498
6.6441,5.6392
6.6441,6.2202
6.6441,6.1805
6.6441,6.0046
6.6441,7.2806
-4.8319,-5.7056
-4.8319,-5.2233
-4.8319,-4.9581
-4.8319,-5.5924
-4.2002,-5.0294
-4.2002,-5.0123
-4.2002,-3.2085
-4.2002,-4.1279
-0.46953,0.34331
-0.46953,-1.0267
-0.46953,-0.27856
0.67328,-0.094002
0.67328,0.49886
0.67328,0.036356
0.67328,1.2032
0.67328,1.0857
-7.7564,-6.8168
-7.7564,-6.8746
6.0136,6.6128
6.0136,6.9151
7.2662,6.8378
7.2662,6.6506
-0.71238,-1.6072
-0.71238,-0.55441
-0.71238,0.24811
-0.71238,-1.4699
-0.71238,-1.113
-0.71238,-0.21021
-0.71238,-0.36676
7.8268,6.9151
