4.5042,5.2602
4.5042,4.0043
4.5042,4.9216
4.5042,4.5534
4.5042,4.1152
4.5042,5.1049
4.5042,4.8559
4.5042,4.4123
4.5042,4.2546
4.5042,4.8968
4.5042,5.3346
-2.2956,-1.4831
-2.2956,-2.054
-2.2956,-3.0103
-2.2956,-2.3816
-2.2956,-1.8877
-2.2956,-2.8292
-2.2956,-2.5579
-2.2956,-1.7467
-6.124,-6.6299
-6.124,-6.1119
-6.124,-5.7186
-6.124,-5.2407
-6.124,-6.5961
-2.5648,-2.9929
-2.5648,-2.3816
-2.5648,-2.1097
-2.5648,-2.1699
-2.5648,-1.7514
-2.5648,-1.7728
2.7019,3.2144
2.7019,2.4279
2.7019,2.0477
2.7019,1.989
2.7019,2.8878
2.7019,2.6336
2.7019,3.1784
4.9288,3.9895
4.9288,4.6027
4.9288,5.5465
4.9288,4.9216
4.9288,4.5534
4.9288,4.5445
4.9288,4.2546
4.9288,5.5609
4.9288,4.1985
4.9288,5.0599
4.9288,5.2205
4.9288,5.775
3.9895,4.9288
3.9895,4.6027
3.9895,4.5534
3.9895,4.5445
3.9895,4.2546
3.9895,3.6141
3.9895,3.3749
3.9895,4.1985
3.9895,3.7751
-2.9929,-2.5648
-2.9929,-2.3816
-2.9929,-2.1097
-2.9929,-2.8292
6.425,6.3129
6.425,6.5911
6.425,5.8525
6.425,5.613
6.425,7.0839
6.425,6.814
5.2602,4.5042
5.2602,6.2004
5.2602,5.5465
5.2602,4.9216
5.2602,4.5534
5.2602,5.1049
5.2602,5.6846
5.2602,5.7812
5.2602,6.0458
5.2602,5.0599
5.2602,4.8968
5.2602,5.775
5.2602,5.3346
6.3129,6.425
6.3129,5.8525
6.3129,5.5455
6.3129,5.7935
6.3129,6.1045
6.3129,6.814
-6.6299,-6.124
-6.6299,-6.1119
-1.4831,-2.2956
-1.4831,-1.1044
-1.4831,-2.054
-1.4831,-0.9669
-1.4831,-1.8877
-1.4831,-1.4534
-1.4831,-1.7467
1.3036,2.2385
-2.0678,-3.077
-2.0678,-2.0878
-2.0678,-2.469
4.9978,4.3533
4.9978,5.8525
4.9978,5.5455
4.9978,5.613
4.9978,5.2813
4.9978,4.5522
4.9978,4.9853
4.6459,4.5445
4.6459,5.5609
4.6459,4.1985
4.6459,5.2205
3.2944,3.0547
3.2944,4.1441
6.2004,5.2602
6.2004,6.6489
6.2004,5.5465
6.2004,6.1302
6.2004,5.6846
6.2004,5.7812
6.2004,6.0458
6.2004,5.775
-3.3445,-2.9905
-3.3445,-3.1905
-3.3445,-3.7143
-3.3445,-2.9136
-3.3445,-4.0941
-3.3445,-3.6506
-3.3445,-2.56
-4.8622,-5.5281
-3.3043,-3.0103
-3.3043,-2.8292
-7.0564,-6.3297
-7.0564,-7.3018
-7.0564,-6.3073
-7.0564,-7.2453
-6.3297,-7.0564
-6.3297,-5.526
-6.3297,-6.0147
-6.3297,-5.506
-6.3297,-6.5148
-6.3297,-6.3616
-6.3297,-5.8683
-6.3297,-6.3073
3.2144,2.7019
3.2144,3.7554
3.2144,2.8878
3.2144,2.6336
3.2144,3.1784
3.2144,4.1082
-1.9162,-1.5647
-1.9162,-2.277
-1.9162,-2.0878
-1.9162,-2.4115
-1.9162,-2.7491
-1.9162,-1.575
-1.9162,-2.469
-1.1044,-1.4831
-1.1044,-0.81211
-1.1044,-1.8877
-1.1044,-1.4534
-1.1044,-1.7514
2.6265,2.4279
2.6265,3.0809
2.6265,2.8878
2.6265,3.3435
2.6265,2.1912
-7.6375,-6.8892
4.6027,4.9288
4.6027,3.9895
4.6027,4.9216
4.6027,4.5534
4.6027,4.1152
4.6027,4.5445
4.6027,4.2546
4.6027,4.1985
4.6027,5.0599
4.6027,3.7751
4.6027,5.2205
-6.1216,-5.526
-6.1216,-6.0147
-6.1216,-5.9978
-6.1216,-6.2492
-6.1216,-5.4167
-6.1216,-6.5148
-6.1216,-6.3616
-6.1216,-5.3907
-6.1216,-5.6125
4.3533,4.9978
4.3533,3.3625
4.3533,3.858
4.3533,3.901
4.3533,5.2813
4.3533,4.1945
4.3533,4.5522
4.3533,4.9853
4.3533,4.551
3.3625,4.3533
3.3625,3.901
3.3625,3.2205
3.3625,2.4444
-2.7374,-3.1905
-2.7374,-3.077
-2.7374,-2.0878
-2.7374,-3.3913
-2.7374,-2.4115
-2.7374,-2.7491
-2.7374,-2.469
-2.7374,-3.1665
6.6489,6.2004
6.6489,6.7046
6.6489,5.7812
6.6489,6.0458
6.7046,6.6489
6.7046,6.0458
6.7046,6.0747
3.7554,3.2144
3.7554,4.1082
5.5465,4.9288
5.5465,5.2602
5.5465,6.2004
5.5465,4.9216
5.5465,4.5534
5.5465,6.1302
5.5465,5.1049
5.5465,5.7812
5.5465,6.0458
5.5465,5.0599
5.5465,4.8968
5.5465,5.2205
5.5465,5.775
3.7555,3.9772
3.7555,3.7201
3.7555,3.0809
3.7555,4.5708
3.7555,4.5117
-5.1613,-4.9497
-5.1613,-5.9978
-5.1613,-5.5281
-5.1613,-6.0257
-5.1613,-5.6125
4.0043,4.5042
4.0043,4.1152
4.0043,4.4449
4.0043,4.4123
4.0043,4.8968
-2.9905,-3.3445
-2.9905,-3.1905
-2.9905,-3.7143
-2.9905,-2.9136
-2.9905,-2.124
-2.9905,-2.9182
-2.9905,-2.56
6.5911,6.425
6.5911,5.8525
6.5911,5.613
6.5911,7.0839
3.0547,3.2944
3.0547,3.858
3.0547,3.2205
3.0547,2.0863
5.8525,6.425
5.8525,6.3129
5.8525,4.9978
5.8525,6.5911
5.8525,5.5455
5.8525,5.613
5.8525,5.2813
5.8525,5.7935
-6.354,-7.2528
-6.1119,-6.124
-6.1119,-6.6299
-6.1119,-5.4413
-6.1119,-5.2407
-6.1119,-5.8053
-2.054,-2.2956
-2.054,-1.4831
-2.054,-3.0103
-2.054,-2.1001
-2.054,-2.3816
-2.054,-1.8877
-2.054,-2.5579
-2.054,-1.7467
-1.5647,-1.9162
-1.5647,-2.277
-1.5647,-2.124
-1.5647,-2.4115
-1.5647,-1.575
4.9371,5.6392
4.9371,3.9772
4.9371,4.9316
4.9371,5.6201
4.9371,4.4449
4.9371,4.5708
4.9371,5.3723
4.9371,4.5117
4.9371,5.332
-3.0103,-2.2956
-3.0103,-3.3043
-3.0103,-2.054
-3.0103,-2.8292
-3.0103,-2.5579
5.6392,4.9371
5.6392,5.3723
-7.3018,-7.0564
-3.1905,-3.3445
-3.1905,-2.7374
-3.1905,-2.9905
-3.1905,-2.277
-3.1905,-2.9136
-3.1905,-4.0941
-3.1905,-3.6506
-3.1905,-3.3913
-3.1905,-2.4115
-3.1905,-2.7491
-3.1905,-3.8671
-3.1905,-3.1665
-2.277,-1.9162
-2.277,-1.5647
-2.277,-3.1905
-2.277,-2.9136
-2.277,-2.124
-2.277,-2.4115
-2.277,-2.7491
-2.277,-2.56
3.858,4.3533
3.858,3.0547
3.858,3.2205
3.858,4.1945
3.858,4.1441
3.858,4.551
-5.7186,-6.124
-5.7186,-5.2407
-5.7186,-6.5961
4.9216,4.5042
4.9216,4.9288
4.9216,5.2602
4.9216,4.6027
4.9216,5.5465
4.9216,4.5534
4.9216,4.1152
4.9216,5.1049
4.9216,4.2546
4.9216,5.0599
4.9216,4.8968
4.9216,5.2205
4.9216,5.775
4.5534,4.5042
4.5534,4.9288
4.5534,3.9895
4.5534,5.2602
4.5534,4.6027
4.5534,5.5465
4.5534,4.9216
4.5534,4.1152
4.5534,5.1049
4.5534,4.2546
4.5534,5.0599
4.5534,4.8968
4.5534,3.7751
5.1199,4.1945
5.1199,5.7935
5.1199,4.9853
5.1199,6.1045
5.1199,4.551
-0.81211,-1.1044
-0.81211,-1.3704
-0.81211,-1.4534
-0.81211,-1.7514
4.7242,4.5708
4.7242,4.2532
-5.4413,-6.1119
-5.4413,-5.2407
-5.4413,-4.8484
-5.4413,-5.8053
2.4279,2.7019
2.4279,2.6265
2.4279,1.4456
2.4279,2.0477
2.4279,2.8878
2.4279,3.3435
2.4279,3.1784
2.4279,2.1912
6.1302,6.2004
6.1302,5.5465
6.1302,5.5609
6.1302,5.2205
6.1302,5.775
-5.526,-6.3297
-5.526,-6.1216
-5.526,-6.0147
-5.526,-5.239
-5.526,-5.506
-5.526,-5.1012
-5.526,-4.9632
-5.526,-5.4167
-5.526,-6.3616
-5.526,-5.8683
-5.526,-5.3907
3.9772,3.7555
3.9772,4.9371
3.9772,4.4449
3.9772,4.4123
3.9772,4.5117
-2.1001,-2.054
-2.1001,-1.3242
-2.1001,-2.5579
-2.1001,-1.7467
-6.0147,-6.3297
-6.0147,-6.1216
-6.0147,-5.526
-6.0147,-5.239
-6.0147,-5.506
-6.0147,-5.4167
-6.0147,-6.5148
-6.0147,-6.3616
-6.0147,-5.8683
-7.2528,-6.354
4.9316,4.9371
4.9316,5.6201
4.9316,4.4449
4.9316,4.8559
4.9316,5.6846
4.9316,4.4123
4.9316,5.3723
4.9316,4.5117
4.9316,5.3346
4.9316,5.332
-6.7616,-5.9978
-6.7616,-6.2492
-6.7616,-6.0257
-2.3816,-2.2956
-2.3816,-2.5648
-2.3816,-2.9929
-2.3816,-2.054
-2.3816,-2.1097
-2.3816,-1.8877
-2.3816,-1.4534
-2.3816,-2.8292
-2.3816,-1.7514
-8.3811,-8.1689
-0.9669,-1.4831
-0.9669,-1.3242
-0.9669,-1.7467
5.6201,4.9371
5.6201,4.9316
5.6201,4.8559
5.6201,5.6846
5.6201,5.3723
5.6201,6.0747
5.6201,6.0927
5.6201,5.332
3.901,4.3533
3.901,3.3625
3.901,3.2205
3.901,4.5522
3.901,4.551
5.5455,6.3129
5.5455,4.9978
5.5455,5.8525
5.5455,5.2813
5.5455,5.7935
5.5455,4.9853
3.7201,3.7555
3.7201,3.0809
3.7201,4.5708
3.7201,3.3435
3.7201,3.7166
4.1152,4.5042
4.1152,4.6027
4.1152,4.0043
4.1152,4.9216
4.1152,4.5534
4.1152,4.2546
4.1152,3.3749
4.1152,4.8968
4.1152,3.7751
5.613,6.425
5.613,4.9978
5.613,6.5911
5.613,5.8525
1.4456,2.4279
1.4456,2.0477
1.4456,2.1912
-5.239,-5.526
-5.239,-6.0147
-5.239,-5.506
-5.239,-5.1012
-5.239,-4.9632
-5.239,-4.5447
-5.239,-5.4167
-5.239,-4.4002
-5.239,-5.8683
-5.239,-5.3907
2.0477,2.7019
2.0477,2.4279
2.0477,1.4456
2.0477,1.989
2.0477,2.8878
2.0477,2.1912
-1.3704,-0.81211
-1.3704,-1.4534
-1.3704,-2.1699
-1.3704,-1.7514
-1.3704,-1.7728
4.4449,4.0043
4.4449,4.9371
4.4449,3.9772
4.4449,4.9316
4.4449,4.8559
4.4449,4.4123
4.4449,4.5117
4.4449,5.332
-5.506,-6.3297
-5.506,-5.526
-5.506,-6.0147
-5.506,-5.239
-5.506,-4.9632
-5.506,-4.5447
-5.506,-5.3355
-5.506,-5.8683
-5.506,-6.3073
-4.9497,-5.1613
-4.9497,-4.4655
-4.9497,-5.1012
-4.9497,-5.4167
-4.9497,-5.3907
-4.9497,-5.6125
-3.7143,-3.3445
-3.7143,-2.9905
-3.7143,-4.0941
5.2813,4.9978
5.2813,4.3533
5.2813,5.8525
5.2813,5.5455
5.2813,5.7935
5.2813,4.5522
5.2813,4.9853
5.2813,4.551
-4.4655,-4.9497
-4.4655,-5.1012
-4.4655,-4.4002
-4.4655,-5.3907
-4.4655,-4.2513
-5.1012,-5.526
-5.1012,-5.239
-5.1012,-4.9497
-5.1012,-4.4655
-5.1012,-5.4167
-5.1012,-4.4002
-5.1012,-5.3907
-5.1012,-5.6125
-5.1012,-4.2513
-3.077,-2.0678
-3.077,-2.7374
-3.077,-2.469
-3.077,-3.1665
3.0179,3.6141
3.0179,3.7751
3.2205,3.3625
3.2205,3.0547
3.2205,3.858
3.2205,3.901
3.2205,2.2385
3.2205,2.4444
4.5445,4.9288
4.5445,3.9895
4.5445,4.6459
4.5445,4.6027
4.5445,3.6141
4.5445,4.1985
4.5445,5.2205
-2.0878,-2.0678
-2.0878,-1.9162
-2.0878,-2.7374
-2.0878,-2.4115
-2.0878,-2.7491
-2.0878,-1.575
-2.0878,-2.469
5.1049,4.5042
5.1049,5.2602
5.1049,5.5465
5.1049,4.9216
5.1049,4.5534
5.1049,4.8559
5.1049,5.6846
5.1049,4.4123
5.1049,5.7812
5.1049,6.0458
5.1049,4.8968
5.1049,5.3346
5.1049,5.332
3.0809,2.6265
3.0809,3.7555
3.0809,3.7201
3.0809,3.3435
4.1945,4.3533
4.1945,3.858
4.1945,5.1199
4.1945,4.9853
4.1945,4.1441
4.1945,4.551
-5.9978,-6.1216
-5.9978,-5.1613
-5.9978,-6.7616
-5.9978,-6.2492
-5.9978,-6.0257
-5.9978,-5.6125
1.989,2.7019
1.989,2.0477
1.989,2.6336
-9.2894,-8.6871
-8.1689,-8.3811
-8.1689,-8.6871
5.7935,6.3129
5.7935,5.8525
5.7935,5.1199
5.7935,5.5455
5.7935,5.2813
5.7935,4.9853
5.7935,6.1045
7.0839,6.425
7.0839,6.5911
7.0839,6.814
-2.9136,-3.3445
-2.9136,-2.9905
-2.9136,-3.1905
-2.9136,-2.277
-2.9136,-3.6506
-2.9136,-3.3913
-2.9136,-2.4115
-2.9136,-2.7491
-2.9136,-2.56
-4.0941,-3.3445
-4.0941,-3.1905
-4.0941,-3.7143
-4.0941,-3.6506
4.8559,4.5042
4.8559,4.9316
4.8559,5.6201
4.8559,4.4449
4.8559,5.1049
4.8559,5.6846
4.8559,4.4123
4.8559,4.8968
4.8559,5.3346
4.8559,5.332
-6.2492,-6.1216
-6.2492,-6.7616
-6.2492,-5.9978
-6.2492,-6.5148
-6.2492,-6.3616
-6.2492,-5.3907
-6.2492,-5.6125
5.6846,5.2602
5.6846,6.2004
5.6846,4.9316
5.6846,5.6201
5.6846,5.1049
5.6846,4.8559
5.6846,5.7812
5.6846,6.0458
5.6846,4.8968
5.6846,6.0747
5.6846,5.3346
5.6846,5.332
-3.6506,-3.3445
-3.6506,-3.1905
-3.6506,-2.9136
-3.6506,-4.0941
-3.6506,-3.3913
-3.6506,-2.7491
-3.6506,-3.8671
-4.7252,-5.2407
-4.9632,-5.526
-4.9632,-5.239
-4.9632,-5.506
-4.9632,-4.5447
-4.9632,-5.3355
-4.9632,-4.4002
-4.9632,-5.8683
2.8878,2.7019
2.8878,3.2144
2.8878,2.6265
2.8878,2.4279
2.8878,2.0477
2.8878,3.3435
2.8878,3.1784
2.8878,3.7166
2.8878,2.1912
4.5708,3.7555
4.5708,4.9371
4.5708,4.7242
4.5708,3.7201
4.5708,4.5117
3.3435,2.6265
3.3435,2.4279
3.3435,3.7201
3.3435,3.0809
3.3435,2.8878
3.3435,3.1784
3.3435,3.7166
3.3435,4.2532
-6.6782,-5.9795
4.4123,4.5042
4.4123,4.0043
4.4123,3.9772
4.4123,4.9316
4.4123,4.4449
4.4123,5.1049
4.4123,4.8559
4.4123,4.8968
4.4123,5.332
-3.3913,-2.7374
-3.3913,-3.1905
-3.3913,-2.9136
-3.3913,-3.6506
-3.3913,-2.7491
-3.3913,-3.8671
-3.3913,-2.469
-3.3913,-3.1665
-5.2407,-6.124
-5.2407,-6.1119
-5.2407,-5.7186
-5.2407,-5.4413
-5.2407,-4.7252
-5.2407,-4.8484
2.6336,2.7019
2.6336,3.2144
2.6336,1.989
4.2546,4.5042
4.2546,4.9288
4.2546,3.9895
4.2546,4.6027
4.2546,4.9216
4.2546,4.5534
4.2546,4.1152
4.2546,3.3749
4.2546,4.1985
4.2546,5.0599
4.2546,4.8968
4.2546,3.7751
-2.124,-2.9905
-2.124,-1.5647
-2.124,-2.277
-2.124,-2.56
-4.5447,-5.239
-4.5447,-5.506
-4.5447,-4.9632
-4.5447,-4.4002
-4.5447,-4.2513
-2.4115,-1.9162
-2.4115,-2.7374
-2.4115,-1.5647
-2.4115,-3.1905
-2.4115,-2.277
-2.4115,-2.0878
-2.4115,-2.9136
-2.4115,-2.7491
-2.4115,-2.469
-2.4115,-2.56
3.6141,3.9895
3.6141,3.0179
3.6141,4.5445
3.6141,4.1985
5.5609,4.9288
5.5609,4.6459
5.5609,6.1302
5.5609,5.2205
-2.7491,-1.9162
-2.7491,-2.7374
-2.7491,-3.1905
-2.7491,-2.277
-2.7491,-2.0878
-2.7491,-2.9136
-2.7491,-3.6506
-2.7491,-3.3913
-2.7491,-2.4115
-2.7491,-2.469
-2.7491,-3.1665
5.3723,4.9371
5.3723,5.6392
5.3723,4.9316
5.3723,5.6201
5.3723,6.0927
5.3723,4.5117
5.3723,5.332
-1.3242,-2.1001
-1.3242,-0.9669
-1.3242,-1.7467
-3.8671,-3.1905
-3.8671,-3.6506
-3.8671,-3.3913
-3.8671,-3.1665
-5.3355,-5.506
-5.3355,-4.9632
-5.3355,-5.9795
-5.3355,-5.8683
-5.3355,-6.3073
-2.9182,-2.9905
4.5522,4.9978
4.5522,4.3533
4.5522,3.901
4.5522,5.2813
5.7812,5.2602
5.7812,6.2004
5.7812,6.6489
5.7812,5.5465
5.7812,5.1049
5.7812,5.6846
5.7812,6.0458
5.7812,4.8968
5.7812,5.775
5.7812,5.3346
-5.4167,-6.1216
-5.4167,-5.526
-5.4167,-6.0147
-5.4167,-5.239
-5.4167,-4.9497
-5.4167,-5.1012
-5.4167,-6.3616
-5.4167,-5.3907
-5.4167,-5.6125
-6.5148,-6.3297
-6.5148,-6.1216
-6.5148,-6.0147
-6.5148,-6.2492
-6.5148,-6.3616
-6.5148,-7.2453
3.1784,2.7019
3.1784,3.2144
3.1784,2.4279
3.1784,2.8878
3.1784,3.3435
3.1784,3.7166
-6.8892,-7.6375
-5.9795,-6.6782
-5.9795,-5.3355
-5.9795,-6.3073
6.0458,5.2602
6.0458,6.2004
6.0458,6.6489
6.0458,6.7046
6.0458,5.5465
6.0458,5.1049
6.0458,5.6846
6.0458,5.7812
6.0458,6.0747
6.0458,5.3346
3.3749,3.9895
3.3749,4.1152
3.3749,4.2546
3.3749,3.7751
-2.1097,-2.5648
-2.1097,-2.9929
-2.1097,-2.3816
-2.1097,-1.8877
-2.1097,-1.4534
-2.1097,-2.8292
-2.1097,-1.7514
-2.1097,-1.7728
-1.8877,-2.2956
-1.8877,-1.4831
-1.8877,-1.1044
-1.8877,-2.054
-1.8877,-2.3816
-1.8877,-2.1097
-1.8877,-1.4534
-1.8877,-2.8292
-1.8877,-1.7514
-1.8877,-1.7467
3.7166,3.7201
3.7166,2.8878
3.7166,3.3435
3.7166,3.1784
3.7166,4.1082
3.7166,4.2532
4.1985,4.9288
4.1985,3.9895
4.1985,4.6459
4.1985,4.6027
4.1985,4.5445
4.1985,4.2546
4.1985,3.6141
4.1985,3.7751
-4.4002,-5.239
-4.4002,-4.4655
-4.4002,-5.1012
-4.4002,-4.9632
-4.4002,-4.5447
-4.4002,-4.2513
-8.6871,-9.2894
-8.6871,-8.1689
-4.8484,-5.4413
-4.8484,-5.2407
-5.5281,-4.8622
-5.5281,-5.1613
-5.5281,-6.0257
-5.5281,-5.854
-1.4534,-1.4831
-1.4534,-1.1044
-1.4534,-0.81211
-1.4534,-2.3816
-1.4534,-1.3704
-1.4534,-2.1097
-1.4534,-1.8877
-1.4534,-1.7514
-6.3616,-6.3297
-6.3616,-6.1216
-6.3616,-5.526
-6.3616,-6.0147
-6.3616,-6.2492
-6.3616,-5.4167
-6.3616,-6.5148
-6.3616,-5.8683
-6.3616,-7.2453
-1.575,-1.9162
-1.575,-1.5647
-1.575,-2.0878
-1.575,-2.469
-2.8292,-2.2956
-2.8292,-2.9929
-2.8292,-3.3043
-2.8292,-3.0103
-2.8292,-2.3816
-2.8292,-2.1097
-2.8292,-1.8877
5.0599,4.9288
5.0599,5.2602
5.0599,4.6027
5.0599,5.5465
5.0599,4.9216
5.0599,4.5534
5.0599,4.2546
5.0599,5.2205
5.0599,5.775
4.9853,4.9978
4.9853,4.3533
4.9853,5.1199
4.9853,5.5455
4.9853,5.2813
4.9853,4.1945
4.9853,5.7935
4.9853,4.551
4.8968,4.5042
4.8968,5.2602
4.8968,5.5465
4.8968,4.0043
4.8968,4.9216
4.8968,4.5534
4.8968,4.1152
4.8968,5.1049
4.8968,4.8559
4.8968,5.6846
4.8968,4.4123
4.8968,4.2546
4.8968,5.7812
4.8968,5.3346
-5.8683,-6.3297
-5.8683,-5.526
-5.8683,-6.0147
-5.8683,-5.239
-5.8683,-5.506
-5.8683,-4.9632
-5.8683,-5.3355
-5.8683,-6.3616
-5.8683,-6.3073
6.1045,6.3129
6.1045,5.1199
6.1045,5.7935
6.0747,6.7046
6.0747,5.6201
6.0747,5.6846
6.0747,6.0458
6.0747,6.0927
6.0747,5.3346
6.0747,5.332
4.1082,3.2144
4.1082,3.7554
4.1082,3.7166
4.1082,4.2532
4.1441,3.2944
4.1441,3.858
4.1441,4.1945
-2.469,-2.0678
-2.469,-1.9162
-2.469,-2.7374
-2.469,-3.077
-2.469,-2.0878
-2.469,-3.3913
-2.469,-2.4115
-2.469,-2.7491
-2.469,-1.575
-2.469,-3.1665
-6.0257,-5.1613
-6.0257,-6.7616
-6.0257,-5.9978
-6.0257,-5.5281
-6.0257,-6.6113
3.7751,3.9895
3.7751,4.6027
3.7751,4.5534
3.7751,4.1152
3.7751,3.0179
3.7751,4.2546
3.7751,3.3749
3.7751,4.1985
-6.6113,-6.0257
-6.6113,-5.854
-2.1699,-2.5648
-2.1699,-1.3704
-2.1699,-1.7728
6.0927,5.6201
6.0927,5.3723
6.0927,6.0747
6.0927,5.332
-2.5579,-2.2956
-2.5579,-2.054
-2.5579,-3.0103
-2.5579,-2.1001
-2.5579,-1.7467
-5.854,-5.5281
-5.854,-6.6113
-5.854,-5.8053
5.2205,4.9288
5.2205,4.6459
5.2205,4.6027
5.2205,5.5465
5.2205,4.9216
5.2205,6.1302
5.2205,4.5445
5.2205,5.5609
5.2205,5.0599
5.2205,5.775
6.814,6.425
6.814,6.3129
6.814,7.0839
4.5117,3.7555
4.5117,4.9371
4.5117,3.9772
4.5117,4.9316
4.5117,4.4449
4.5117,4.5708
4.5117,5.3723
-6.5961,-6.124
-6.5961,-5.7186
-5.3907,-6.1216
-5.3907,-5.526
-5.3907,-5.239
-5.3907,-4.9497
-5.3907,-4.4655
-5.3907,-5.1012
-5.3907,-6.2492
-5.3907,-5.4167
-5.3907,-5.6125
-6.3073,-7.0564
-6.3073,-6.3297
-6.3073,-5.506
-6.3073,-5.3355
-6.3073,-5.9795
-6.3073,-5.8683
-7.2453,-7.0564
-7.2453,-6.5148
-7.2453,-6.3616
-1.7514,-2.5648
-1.7514,-1.1044
-1.7514,-0.81211
-1.7514,-2.3816
-1.7514,-1.3704
-1.7514,-2.1097
-1.7514,-1.8877
-1.7514,-1.4534
-1.7514,-1.7728
5.775,4.9288
5.775,5.2602
5.775,6.2004
5.775,5.5465
5.775,4.9216
5.775,6.1302
5.775,5.7812
5.775,5.0599
5.775,5.2205
-1.7467,-2.2956
-1.7467,-1.4831
-1.7467,-2.054
-1.7467,-2.1001
-1.7467,-0.9669
-1.7467,-1.3242
-1.7467,-1.8877
-1.7467,-2.5579
-5.6125,-6.1216
-5.6125,-5.1613
-5.6125,-4.9497
-5.6125,-5.1012
-5.6125,-5.9978
-5.6125,-6.2492
-5.6125,-5.4167
-5.6125,-5.3907
2.2385,1.3036
2.2385,3.2205
2.2385,2.4444
2.2385,2.0863
2.1912,2.6265
2.1912,2.4279
2.1912,1.4456
2.1912,2.0477
2.1912,2.8878
5.3346,4.5042
5.3346,5.2602
5.3346,4.9316
5.3346,5.1049
5.3346,4.8559
5.3346,5.6846
5.3346,5.7812
5.3346,6.0458
5.3346,4.8968
5.3346,6.0747
5.3346,5.332
-3.1665,-2.7374
-3.1665,-3.1905
-3.1665,-3.077
-3.1665,-3.3913
-3.1665,-2.7491
-3.1665,-3.8671
-3.1665,-2.469
4.551,4.3533
4.551,3.858
4.551,5.1199
4.551,3.901
4.551,5.2813
4.551,4.1945
4.551,4.9853
-1.7728,-2.5648
-1.7728,-1.3704
-1.7728,-2.1097
-1.7728,-2.1699
-1.7728,-1.7514
-5.8053,-6.1119
-5.8053,-5.4413
-5.8053,-5.854
-4.2513,-4.4655
-4.2513,-5.1012
-4.2513,-4.5447
-4.2513,-4.4002
4.2532,4.7242
4.2532,3.3435
4.2532,3.7166
4.2532,4.1082
2.4444,3.3625
2.4444,3.2205
2.4444,2.2385
-2.56,-3.3445
-2.56,-2.9905
-2.56,-2.277
-2.56,-2.9136
-2.56,-2.124
-2.56,-2.4115
5.332,4.9371
5.332,4.9316
5.332,5.6201
5.332,4.4449
5.332,5.1049
5.332,4.8559
5.332,5.6846
5.332,4.4123
5.332,5.3723
5.332,6.0747
5.332,6.0927
5.332,5.3346
2.0863,3.0547
2.0863,2.2385
