-2.8685,-2.0917
-2.8685,-3.505
-2.8685,-2.8093
-6.3531,-6.2644
-6.3531,-5.4646
-6.3531,-6.6868
-6.3531,-5.6792
-6.3531,-6.2235
-6.3531,-6.868
-6.3531,-5.5925
-6.3531,-5.7813
-6.3531,-6.0973
-5.5805,-5.0469
-5.5805,-5.8972
-5.5805,-5.3673
-5.5805,-4.6967
-5.634,-6.0272
-5.634,-5.3673
-5.634,-5.0448
-5.634,-6.2261
-5.634,-5.6336
0.42738,0.99038
0.42738,1.0754
0.42738,0.44036
0.42738,-0.25831
0.42738,-0.12169
-5.1553,-4.4127
-5.1553,-6.0046
-5.1553,-5.4438
-5.1553,-5.0446
-5.1553,-4.6991
-5.1553,-5.7456
-5.1553,-4.6986
-5.1553,-5.1329
-5.1553,-5.5773
-5.1553,-4.2183
-6.3932,-6.0046
-6.3932,-5.7456
-6.3932,-6.0638
-6.3932,-5.5773
-6.0272,-5.634
-6.0272,-6.4084
-6.0272,-5.3673
6.1075,6.0743
6.1075,5.5699
6.1075,6.9272
-4.4127,-5.1553
-4.4127,-3.8764
-4.4127,-3.8807
-4.4127,-4.6991
-4.4127,-4.6986
-4.4127,-5.1329
-4.4127,-3.505
-4.4127,-4.2183
-4.4127,-4.4511
6.0743,6.1075
6.0743,5.9091
6.0743,5.4601
6.0743,5.5699
6.0743,5.7178
6.0743,6.2621
6.0743,6.9272
6.0743,6.6896
-5.0469,-5.5805
-5.0469,-5.8972
-5.0469,-4.8301
-5.0469,-4.6967
-5.0469,-4.1389
-6.2644,-6.3531
-6.2644,-5.4646
-6.2644,-6.6868
-6.2644,-5.6792
-6.2644,-5.5925
-6.2644,-6.2261
-6.2644,-6.0973
6.6355,6.6113
3.7439,4.2486
3.7439,4.5322
3.7439,3.3664
3.7439,4.3381
5.9091,6.0743
5.9091,6.057
5.9091,5.4601
5.9091,5.5699
5.9091,5.7178
5.9091,6.2621
5.9091,5.1367
5.9091,6.6896
-6.0046,-5.1553
-6.0046,-6.3932
-6.0046,-5.0446
-6.0046,-5.7456
-6.0046,-5.1329
-6.0046,-6.0638
-6.0046,-5.5773
-6.0046,-5.6539
7.4864,6.7247
7.4864,7.2574
-3.8764,-4.4127
-3.8764,-4.248
-3.8764,-4.6986
-3.8764,-3.3703
-3.8764,-3.505
-3.8764,-3.5797
-3.8764,-4.4511
6.3408,6.0051
6.3408,7.0569
6.3408,6.9488
6.3408,6.1114
6.3408,6.2583
-3.4233,-2.4963
-3.4233,-4.1978
-3.4233,-3.2575
-5.4646,-6.3531
-5.4646,-6.2644
-5.4646,-5.6792
-5.4646,-5.0607
-5.4646,-5.5925
-5.4646,-5.6336
-5.4646,-6.0973
-5.4646,-4.6479
1.1415,0.91167
1.1415,1.7644
0.91167,1.1415
0.91167,0.88399
0.91167,1.8503
0.91167,0.12606
1.6763,0.99038
1.6763,1.5616
1.6763,1.5396
1.6763,2.3701
1.6763,2.211
1.6763,0.90959
1.6763,1.1178
4.2486,3.7439
4.2486,4.5322
4.2486,5.0461
4.2486,3.3664
4.2486,5.113
-6.7545,-6.2235
-6.7545,-6.868
-6.7545,-6.3071
2.0921,2.0152
7.2736,6.3978
-5.4438,-5.1553
-5.4438,-4.6986
-5.4438,-5.1329
-5.4438,-6.0638
-5.4438,-5.1735
-5.4438,-5.5773
-1.5287,-0.81845
-1.5287,-2.4963
-1.5287,-1.3911
-1.5287,-1.8307
-1.5287,-0.90006
4.8822,5.587
4.8822,5.1367
6.167,6.5962
6.167,6.3515
6.167,5.5701
6.167,5.7053
4.5322,3.7439
4.5322,4.2486
4.5322,5.179
4.5322,5.0461
4.5322,4.3381
4.5322,5.113
-2.7135,-3.3703
-2.7135,-2.1126
-1.5919,-1.2183
-1.5919,-0.63393
-1.5919,-2.1475
-1.5919,-2.1126
-1.5919,-1.538
2.0152,2.0921
2.0152,2.5886
2.0152,1.5616
2.0152,1.0754
2.0152,1.5396
-4.248,-3.8764
-4.248,-3.3703
-4.248,-4.4511
0.99038,0.42738
0.99038,1.6763
0.99038,1.5616
0.99038,1.0754
0.99038,0.44036
0.99038,1.5396
0.99038,0.90959
-0.81845,-1.5287
-0.81845,-1.3911
-0.81845,-0.39757
-0.81845,-0.3357
-0.81845,-0.90006
-0.81845,-1.4467
-3.8807,-4.4127
-3.8807,-4.6991
-3.8807,-4.4214
-3.8807,-3.505
-3.8807,-4.2183
6.0051,6.3408
6.0051,5.1278
6.0051,5.2495
6.0051,5.479
6.0051,6.1114
6.0051,6.2583
-6.7828,-6.8578
-6.7828,-7.7301
4.7715,4.9579
4.7715,5.4601
4.7715,5.1367
7.4034,6.6113
7.4034,7.2574
4.9579,4.7715
4.9579,5.5699
3.3222,3.0478
3.3222,2.7829
-5.8195,-5.8972
-5.8195,-4.8301
-6.6868,-6.3531
-6.6868,-6.2644
-6.6868,-5.6792
-6.6868,-6.2261
6.3781,7.0478
6.3781,5.9284
6.3781,5.9458
6.3781,7.0892
6.3781,6.2583
-1.2183,-1.5919
-1.2183,-0.63393
-1.2183,-2.1475
-1.2183,-1.8456
-1.2183,-0.48545
-1.2183,-2.1126
-1.2183,-1.0566
-5.6792,-6.3531
-5.6792,-6.2644
-5.6792,-5.4646
-5.6792,-6.6868
-5.6792,-5.5925
-5.6792,-6.2261
-5.6792,-5.6336
0.29999,-0.49661
2.2508,1.7644
5.1278,6.0051
5.1278,5.179
5.1278,5.2495
5.1278,5.479
5.1278,4.4387
5.1278,4.3381
5.179,4.5322
5.179,5.1278
5.179,5.0461
5.179,5.479
5.179,5.9284
5.179,4.3381
6.7247,7.4864
6.7247,6.3515
6.7247,7.2288
6.7247,6.5
-5.8972,-5.5805
-5.8972,-5.0469
-5.8972,-5.8195
-5.8972,-6.4084
-5.8972,-6.7521
-5.0446,-5.1553
-5.0446,-6.0046
-5.0446,-4.6991
-5.0446,-4.4214
-5.0446,-5.7456
-5.0446,-5.1329
-5.0446,-5.0736
-5.0446,-5.5773
-5.0446,-5.6539
-4.6991,-5.1553
-4.6991,-4.4127
-4.6991,-3.8807
-4.6991,-5.0446
-4.6991,-4.4214
-4.6991,-5.1329
-4.6991,-4.2183
6.9728,6.2621
6.9728,7.2288
6.9728,6.6896
-5.6385,-5.0607
-5.6385,-5.5421
-5.6385,-6.2235
-5.6385,-5.5925
-5.6385,-5.7813
-5.6385,-6.3071
-5.6385,-4.902
-5.6385,-6.0973
-0.094551,-0.48545
-0.094551,0.36001
-0.094551,-1.0566
-4.8301,-5.0469
-4.8301,-5.8195
-4.8301,-4.1389
2.5886,2.0152
2.5886,2.211
0.60893,1.3189
0.60893,-0.39757
0.60893,0.21332
0.60893,0.37473
-1.1465,-1.8456
-1.1465,-2.0917
-1.1465,-1.0566
-7.3851,-6.868
1.5846,1.3189
1.5846,0.88399
1.5846,1.8503
4.2985,5.1268
-0.63393,-1.5919
-0.63393,-1.2183
-0.63393,-0.48545
-0.63393,-0.49661
-2.4963,-3.4233
-2.4963,-1.5287
-2.4963,-1.8307
-5.0607,-5.4646
-5.0607,-5.6385
-5.0607,-5.5925
-5.0607,-5.7813
-5.0607,-4.902
-5.0607,-4.6479
6.4303,6.3978
-5.5421,-5.6385
-5.5421,-6.3071
-2.1475,-1.5919
-2.1475,-1.2183
-2.1475,-1.8456
-2.1475,-2.0917
-2.1475,-2.8816
-2.1475,-2.1126
-2.1475,-2.8093
6.057,5.9091
6.057,5.7178
6.057,6.2621
6.057,5.587
6.057,6.5
5.4601,6.0743
5.4601,5.9091
5.4601,4.7715
5.4601,5.5699
5.4601,5.7178
5.4601,6.2621
5.4601,5.1367
1.5616,1.6763
1.5616,2.0152
1.5616,0.99038
1.5616,1.5396
1.5616,2.211
1.5616,0.90959
-4.4214,-3.8807
-4.4214,-5.0446
-4.4214,-4.6991
-4.4214,-5.1329
-4.4214,-5.0736
5.5699,6.1075
5.5699,6.0743
5.5699,5.9091
5.5699,4.9579
5.5699,5.4601
0.29196,1.033
0.29196,-0.12169
-1.3911,-1.5287
-1.3911,-0.81845
-1.3911,-0.39757
-1.3911,-0.90006
-1.3911,-1.4467
1.0754,0.42738
1.0754,2.0152
1.0754,0.99038
1.0754,1.5396
1.0754,1.033
-6.2235,-6.3531
-6.2235,-6.7545
-6.2235,-5.6385
-6.2235,-6.868
-6.2235,-5.5925
-6.2235,-5.7813
-6.2235,-6.3071
-6.2235,-6.0973
-1.8456,-1.2183
-1.8456,-1.1465
-1.8456,-2.1475
-1.8456,-2.0917
-1.8456,-1.0566
-1.8456,-2.8093
1.3189,0.60893
1.3189,1.5846
1.3189,0.95346
-0.39757,-0.81845
-0.39757,0.60893
-0.39757,-1.3911
-0.39757,0.21332
-0.39757,-0.3357
-0.39757,0.37473
-0.39757,-0.55336
7.8965,7.0569
5.7178,6.0743
5.7178,5.9091
5.7178,6.057
5.7178,5.4601
5.7178,6.2621
5.7178,5.587
5.7178,5.1367
-2.4062,-1.4467
0.21332,0.60893
0.21332,-0.39757
0.21332,0.37473
0.21332,0.084965
0.21332,-0.55336
5.2495,6.0051
5.2495,5.1278
5.2495,6.1114
5.2495,4.4387
-6.6246,-5.7456
-6.6246,-5.6539
6.5962,6.167
6.5962,6.3515
6.5962,6.6113
6.5962,7.2574
-5.7456,-5.1553
-5.7456,-6.3932
-5.7456,-6.0046
-5.7456,-5.0446
-5.7456,-6.6246
-5.7456,-5.1329
-5.7456,-5.5773
-5.7456,-5.6539
5.0461,4.2486
5.0461,4.5322
5.0461,5.179
5.0461,5.479
5.0461,5.9284
5.0461,5.113
-4.6986,-5.1553
-4.6986,-4.4127
-4.6986,-3.8764
-4.6986,-5.4438
-4.6986,-5.1735
-4.6986,-4.2183
-4.6986,-4.4511
0.44036,0.42738
0.44036,0.99038
0.44036,-0.25831
0.44036,0.90959
0.44036,0.27332
6.3515,6.167
6.3515,6.7247
6.3515,6.5962
6.3515,5.5701
6.3515,6.5
-0.3357,-0.81845
-0.3357,-0.39757
-0.3357,0.37473
-0.3357,0.076064
-0.3357,-0.90006
-0.3357,-0.59893
1.5396,1.6763
1.5396,2.0152
1.5396,0.99038
1.5396,1.5616
1.5396,1.0754
5.547,6.3978
5.547,5.3936
5.1268,4.2985
5.1268,5.3936
6.2621,6.0743
6.2621,5.9091
6.2621,6.9728
6.2621,6.057
6.2621,5.4601
6.2621,5.7178
6.2621,6.6896
6.2621,6.5
6.9272,6.1075
6.9272,6.0743
6.9272,6.6896
5.479,6.0051
5.479,5.1278
5.479,5.179
5.479,5.0461
5.479,5.9284
5.479,6.2583
7.0569,6.3408
7.0569,7.8965
7.0569,6.9488
7.0569,7.0892
7.0569,6.2583
-2.0917,-2.8685
-2.0917,-1.1465
-2.0917,-2.1475
-2.0917,-1.8456
-2.0917,-2.8093
-1.8307,-1.5287
-1.8307,-2.4963
-1.8307,-0.90006
-2.8816,-2.1475
-2.8816,-3.3703
-2.8816,-3.5797
-2.8816,-2.1126
-2.8816,-2.8093
6.9488,6.3408
6.9488,7.0569
6.9488,6.1114
-6.4084,-6.0272
-6.4084,-5.8972
0.37473,0.60893
0.37473,-0.39757
0.37473,0.21332
0.37473,-0.3357
0.37473,0.076064
0.37473,0.88399
1.033,0.29196
1.033,1.0754
-0.25831,0.42738
-0.25831,0.44036
-0.25831,0.27332
2.3701,1.6763
2.3701,2.211
2.3701,1.8258
3.0478,3.3222
3.0478,2.384
-0.48545,-1.2183
-0.48545,-0.094551
-0.48545,-0.63393
-0.48545,0.36001
-0.48545,-1.0566
-0.48545,-0.49661
6.1114,6.3408
6.1114,6.0051
6.1114,5.2495
6.1114,6.9488
-5.3673,-5.5805
-5.3673,-5.634
-5.3673,-6.0272
-5.3673,-4.6849
-5.3673,-4.6967
2.211,1.6763
2.211,2.5886
2.211,1.5616
2.211,2.3701
-5.1329,-5.1553
-5.1329,-4.4127
-5.1329,-6.0046
-5.1329,-5.4438
-5.1329,-5.0446
-5.1329,-4.6991
-5.1329,-4.4214
-5.1329,-5.7456
-5.1329,-5.5773
-5.1329,-4.2183
7.0478,6.3781
7.0478,7.0892
0.076064,-0.3357
0.076064,0.37473
0.076064,0.88399
0.076064,-0.90006
0.076064,0.12606
0.076064,-0.59893
5.9284,6.3781
5.9284,5.179
5.9284,5.0461
5.9284,5.479
5.9284,5.9458
5.9284,6.2583
-6.0638,-6.3932
-6.0638,-6.0046
-6.0638,-5.4438
-6.0638,-5.5773
-3.3703,-3.8764
-3.3703,-2.7135
-3.3703,-4.248
-3.3703,-2.8816
-3.3703,-3.5797
5.9458,6.3781
5.9458,5.9284
5.9458,5.113
0.36001,-0.094551
0.36001,-0.48545
-6.868,-6.3531
-6.868,-6.7545
-6.868,-7.3851
-6.868,-6.2235
-6.868,-6.0973
4.4387,5.1278
4.4387,5.2495
4.4387,4.3381
2.7829,3.3222
-6.8578,-6.7828
-6.8578,-7.7301
7.0892,6.3781
7.0892,7.0569
7.0892,7.0478
7.0892,6.2583
5.5701,6.167
5.5701,6.3515
5.5701,5.587
-3.505,-2.8685
-3.505,-4.4127
-3.505,-3.8764
-3.505,-3.8807
-3.505,-3.5797
-3.505,-4.2183
-3.505,-2.8093
0.084965,0.21332
0.084965,-0.55336
0.084965,0.95346
-0.55336,-0.39757
-0.55336,0.21332
-0.55336,0.084965
-0.55336,-1.4467
-0.55336,-1.0202
0.90959,1.6763
0.90959,0.99038
0.90959,1.5616
0.90959,0.44036
0.90959,1.1178
0.90959,0.27332
6.3978,7.2736
6.3978,6.4303
6.3978,5.547
6.3978,6.4237
2.384,3.0478
2.384,1.7644
2.384,1.8503
-3.5797,-3.8764
-3.5797,-2.8816
-3.5797,-3.3703
-3.5797,-3.505
-3.5797,-4.4511
-3.5797,-2.8093
-5.0736,-5.0446
-5.0736,-4.4214
-5.0736,-5.6539
-5.5925,-6.3531
-5.5925,-6.2644
-5.5925,-5.4646
-5.5925,-5.6792
-5.5925,-5.6385
-5.5925,-5.0607
-5.5925,-6.2235
-5.5925,-5.7813
-5.5925,-6.0973
-5.7813,-6.3531
-5.7813,-5.6385
-5.7813,-5.0607
-5.7813,-6.2235
-5.7813,-5.5925
-5.7813,-6.3071
-5.7813,-4.902
-5.7813,-6.0973
1.8258,2.3701
1.8258,1.1178
-5.1735,-5.4438
-5.1735,-4.6986
-5.1735,-4.4511
0.95346,1.3189
0.95346,0.084965
6.4237,6.3978
-4.1978,-3.4233
-4.1978,-4.6967
-4.1978,-4.1389
-4.6849,-5.3673
-4.6849,-4.6967
-6.3071,-6.7545
-6.3071,-5.6385
-6.3071,-5.5421
-6.3071,-6.2235
-6.3071,-5.7813
1.7644,1.1415
1.7644,2.2508
1.7644,2.384
3.3664,3.7439
3.3664,4.2486
-5.0448,-5.634
-5.0448,-5.6336
-5.5773,-5.1553
-5.5773,-6.3932
-5.5773,-6.0046
-5.5773,-5.4438
-5.5773,-5.0446
-5.5773,-5.7456
-5.5773,-5.1329
-5.5773,-6.0638
5.587,4.8822
5.587,6.057
5.587,5.7178
5.587,5.5701
5.587,5.1367
5.587,6.5
-4.2183,-5.1553
-4.2183,-4.4127
-4.2183,-3.8807
-4.2183,-4.6991
-4.2183,-4.6986
-4.2183,-5.1329
-4.2183,-3.505
0.88399,0.91167
0.88399,1.5846
0.88399,0.37473
0.88399,0.076064
5.1367,5.9091
5.1367,4.8822
5.1367,4.7715
5.1367,5.4601
5.1367,5.7178
5.1367,5.587
-2.1126,-2.7135
-2.1126,-1.5919
-2.1126,-1.2183
-2.1126,-2.1475
-2.1126,-2.8816
1.1178,1.6763
1.1178,0.90959
1.1178,1.8258
1.1178,0.27332
7.2288,6.7247
7.2288,6.9728
7.2288,6.5
4.3381,3.7439
4.3381,4.5322
4.3381,5.1278
4.3381,5.179
4.3381,4.4387
-0.90006,-1.5287
-0.90006,-0.81845
-0.90006,-1.3911
-0.90006,-0.3357
-0.90006,-1.8307
-0.90006,0.076064
-0.90006,-0.59893
-5.6539,-6.0046
-5.6539,-5.0446
-5.6539,-6.6246
-5.6539,-5.7456
-5.6539,-5.0736
-3.2575,-3.4233
-3.2575,-4.1389
-4.902,-5.6385
-4.902,-5.0607
-4.902,-5.7813
-0.76832,-1.538
-0.76832,-0.49661
-6.2261,-5.634
-6.2261,-6.2644
-6.2261,-6.6868
-6.2261,-5.6792
-6.2261,-5.6336
-4.6967,-5.5805
-4.6967,-5.0469
-4.6967,-5.3673
-4.6967,-4.1978
-4.6967,-4.6849
-4.4511,-4.4127
-4.4511,-3.8764
-4.4511,-4.248
-4.4511,-4.6986
-4.4511,-3.5797
-4.4511,-5.1735
6.6896,6.0743
6.6896,5.9091
6.6896,6.9728
6.6896,6.2621
6.6896,6.9272
5.3936,5.547
5.3936,5.1268
-1.0566,-1.2183
-1.0566,-0.094551
-1.0566,-1.1465
-1.0566,-1.8456
-1.0566,-0.48545
-6.7521,-5.8972
-1.4467,-0.81845
-1.4467,-1.3911
-1.4467,-2.4062
-1.4467,-0.55336
-1.4467,-1.0202
1.8503,0.91167
1.8503,1.5846
1.8503,2.384
0.12606,0.91167
0.12606,0.076064
0.12606,-0.59893
-5.6336,-5.634
-5.6336,-5.4646
-5.6336,-5.6792
-5.6336,-5.0448
-5.6336,-6.2261
-1.538,-1.5919
-1.538,-0.76832
-6.0973,-6.3531
-6.0973,-6.2644
-6.0973,-5.4646
-6.0973,-5.6385
-6.0973,-6.2235
-6.0973,-6.868
-6.0973,-5.5925
-6.0973,-5.7813
-0.59893,-0.3357
-0.59893,0.076064
-0.59893,-0.90006
-0.59893,0.12606
6.6113,6.6355
6.6113,7.4034
6.6113,6.5962
6.6113,5.7053
-0.12169,0.42738
-0.12169,0.29196
-2.8093,-2.8685
-2.8093,-2.1475
-2.8093,-1.8456
-2.8093,-2.0917
-2.8093,-2.8816
-2.8093,-3.505
-2.8093,-3.5797
5.113,4.2486
5.113,4.5322
5.113,5.0461
5.113,5.9458
6.5,6.7247
6.5,6.057
6.5,6.3515
6.5,6.2621
6.5,5.587
6.5,7.2288
-4.6479,-5.4646
-4.6479,-5.0607
-4.1389,-5.0469
-4.1389,-4.8301
-4.1389,-4.1978
-4.1389,-3.2575
-1.0202,-0.55336
-1.0202,-1.4467
0.27332,0.44036
0.27332,-0.25831
0.27332,0.90959
0.27332,1.1178
-7.7301,-6.7828
-7.7301,-6.8578
5.7053,6.167
5.7053,6.6113
6.2583,6.3408
6.2583,6.0051
6.2583,6.3781
6.2583,5.479
6.2583,7.0569
6.2583,5.9284
6.2583,7.0892
-0.49661,0.29999
-0.49661,-0.63393
-0.49661,-0.48545
-0.49661,-0.76832
7.2574,7.4864
7.2574,7.4034
7.2574,6.5962
