4.1422,4.7061
4.1422,4.194
4.1422,3.9348
4.1422,4.9946
4.1422,3.6115
4.1422,4.1522
4.1422,4.43
-2.5348,-1.9559
-2.5348,-3.2775
-2.5348,-2.923
-2.5348,-2.9706
-2.5348,-2.2648
-2.5348,-2.2185
-2.5348,-3.1277
-2.5348,-2.3098
-5.0184,-4.6086
-5.0184,-4.2989
-5.0184,-4.308
-3.9768,-4.0522
-3.9768,-3.2775
-3.9768,-4.8113
-3.9768,-4.0338
-3.9768,-3.8847
-3.9768,-3.7148
-3.9768,-3.643
-3.9768,-4.6569
-3.9768,-3.5386
-3.9768,-3.5608
-3.9768,-4.4391
-3.9768,-3.1277
-3.9768,-3.7342
2.3719,2.1008
2.3719,1.9836
2.3719,2.8999
2.3719,3.0125
2.3719,2.9877
2.3719,2.1154
4.0705,4.8129
4.0705,4.5922
4.0705,4.194
4.0705,3.9348
4.0705,3.26
4.0705,4.338
4.0705,3.9733
4.0705,3.6329
4.0705,4.2082
4.9634,4.5922
4.9634,4.248
4.9634,5.2656
4.9634,4.11
-4.0522,-3.9768
-4.0522,-4.8113
-4.0522,-3.8847
-4.0522,-3.7148
-4.0522,-4.6086
-4.0522,-3.643
-4.0522,-4.6569
-4.0522,-3.5386
-4.0522,-4.2989
-4.0522,-4.4391
-4.0522,-3.7342
7.0262,6.5886
7.0262,6.219
7.0262,6.3627
7.0262,7.303
4.8129,4.0705
4.8129,4.7061
4.8129,4.194
4.8129,3.9348
4.8129,4.338
4.8129,5.0979
4.8129,3.9733
4.8129,5.1693
4.8129,5.0448
4.8129,4.43
6.5886,7.0262
6.5886,6.3523
6.5886,6.3627
6.5886,7.303
6.5886,5.6406
6.5886,7.3219
6.5886,6.5392
-5.4033,-4.8113
-5.4033,-4.6086
-5.4033,-4.6569
-1.9559,-2.5348
-1.9559,-2.5414
-1.9559,-1.8295
-1.9559,-2.2185
-1.9559,-1.2718
-1.9559,-2.3098
-1.8888,-1.6312
-1.8888,-2.5306
-1.8888,-2.6798
5.4214,6.3523
5.4214,5.578
5.4214,5.4289
5.4214,5.7108
5.4214,4.6319
5.4214,5.6406
5.4214,4.6565
3.182,3.26
3.182,2.9333
3.182,3.6329
3.182,4.11
3.8945,3.6523
3.8945,4.6565
5.8359,5.0979
5.8359,5.7113
5.8359,5.9946
5.8359,5.2656
5.8359,5.1693
-3.8826,-3.0519
-3.8826,-3.544
-3.8826,-2.9885
-3.8826,-4.0457
-3.8826,-3.391
-3.7865,-3.7148
-3.7865,-4.6086
-3.7865,-3.5386
-3.7865,-4.2989
-3.7865,-3.4443
-3.7865,-4.308
-3.7865,-3.7342
-3.7865,-2.9711
-3.2775,-2.5348
-3.2775,-3.9768
-3.2775,-2.923
-3.2775,-2.9706
-3.2775,-4.0338
-3.2775,-3.643
-3.2775,-2.8623
-3.2775,-3.5608
-3.2775,-3.1277
-6.1139,-6.1069
-6.1139,-5.506
-6.1139,-7.0862
-6.1139,-5.8404
-6.1139,-5.8875
-6.1139,-6.0562
-6.1139,-6.4303
-6.1139,-6.8062
-6.1139,-5.885
-6.1069,-6.1139
-6.1069,-5.506
-6.1069,-5.126
-6.1069,-5.8404
-6.1069,-5.8875
-6.1069,-5.8479
-6.1069,-7.0168
-6.1069,-6.4303
-6.1069,-5.1361
-6.1069,-6.8062
-6.1069,-5.885
3.5749,4.2429
3.5749,3.0125
3.5749,2.7785
3.5749,3.3071
-1.6312,-1.8888
-1.6312,-2.1336
-1.6312,-1.5019
-1.6312,-2.5306
-1.6312,-2.3418
-1.6312,-0.8238
-2.923,-2.5348
-2.923,-3.2775
-2.923,-2.5414
-2.923,-3.7148
-2.923,-3.643
-2.923,-2.7449
-2.923,-2.2185
-2.923,-3.5386
-2.923,-2.8623
-2.923,-3.5608
-2.923,-3.1277
2.254,2.1008
2.254,1.8395
2.254,1.9836
2.254,1.3492
2.254,3.0125
2.254,2.7785
-8.742,-9.2144
-8.742,-8.9968
-8.742,-7.9662
-8.742,-8.0266
4.5922,4.0705
4.5922,4.9634
4.5922,4.194
4.5922,4.338
4.5922,5.0979
4.5922,3.9733
4.5922,5.2656
4.5922,4.11
4.5922,4.2082
-5.506,-6.1139
-5.506,-6.1069
-5.506,-4.7098
-5.506,-5.126
-5.506,-5.32
-5.506,-5.8404
-5.506,-4.9141
-5.506,-5.8875
-5.506,-6.0562
-5.506,-4.9565
-5.506,-5.1361
4.4924,5.4643
4.4924,4.58
4.4924,4.6319
2.6272,2.6657
2.6272,3.5908
-2.1336,-1.6312
-2.1336,-1.5019
-2.1336,-1.5884
-2.1336,-2.5306
-2.1336,-2.1873
-2.1336,-2.61
-2.1336,-2.3418
-2.1336,-2.6798
8.2969,8.7413
8.2969,8.8614
6.1816,6.0683
6.1816,5.3622
6.1816,5.3801
6.1816,5.7113
6.1816,5.9946
6.1816,5.3991
4.2429,3.5749
4.2429,4.1421
4.2429,3.3071
4.2429,3.6612
2.1008,2.3719
2.1008,2.254
2.1008,1.9836
2.1008,1.3647
2.1008,3.0125
2.1008,2.9877
2.1008,2.1154
-4.7098,-5.506
-4.7098,-5.32
-4.7098,-4.1777
-4.7098,-4.9565
-4.7098,-5.0343
4.7061,4.1422
4.7061,4.8129
4.7061,4.194
4.7061,3.9348
4.7061,5.0979
4.7061,5.3801
4.7061,5.7113
4.7061,4.9946
4.7061,3.9733
4.7061,5.1693
4.7061,5.0448
4.7061,4.43
4.7061,5.0695
-3.0519,-3.8826
-3.0519,-2.9885
-3.0519,-3.2543
-3.0519,-3.391
-3.0519,-2.1933
-3.0519,-2.7379
5.4643,4.4924
5.4643,6.219
5.4643,5.578
5.4643,6.3627
5.4643,5.4289
5.4643,5.6406
2.8515,3.6523
2.8515,2.6657
6.219,7.0262
6.219,5.4643
6.219,5.578
6.219,6.3627
-5.4258,-5.3167
-5.4258,-5.6984
-4.8113,-3.9768
-4.8113,-4.0522
-4.8113,-5.4033
-4.8113,-3.8847
-4.8113,-4.6569
-4.8113,-4.4391
-2.9706,-2.5348
-2.9706,-3.2775
-2.9706,-2.2648
-2.9706,-3.5608
-2.9706,-2.3098
-1.5019,-1.6312
-1.5019,-2.1336
-1.5019,-1.5884
-1.5019,-0.69422
-1.5019,-2.3418
4.8603,5.0734
4.8603,5.5779
4.8603,4.1522
4.8603,5.3991
4.8603,4.434
4.8603,5.0695
-4.0338,-3.9768
-4.0338,-3.2775
-4.0338,-3.643
-4.0338,-3.5608
-4.0338,-4.4391
-4.0338,-3.1277
6.0683,6.1816
6.0683,5.3622
6.0683,5.5779
6.0683,5.3991
-6.6071,-6.8284
-6.6071,-6.3992
-3.1964,-3.544
-3.1964,-2.5306
-3.1964,-2.9885
-3.1964,-2.61
-3.1964,-2.3418
-3.1964,-3.4077
-3.1964,-2.6798
-1.5884,-2.1336
-1.5884,-1.5019
-1.5884,-2.1873
3.6523,3.8945
3.6523,2.8515
3.6523,3.8153
3.6523,3.5908
-3.8847,-3.9768
-3.8847,-4.0522
-3.8847,-4.8113
-3.8847,-3.7148
-3.8847,-3.643
-3.8847,-4.6569
-3.8847,-3.5386
-3.8847,-3.5608
-3.8847,-4.4391
-3.8847,-3.1277
-3.8847,-3.7342
4.194,4.1422
4.194,4.0705
4.194,4.8129
4.194,4.5922
4.194,4.7061
4.194,3.9348
4.194,4.338
4.194,5.0979
4.194,3.9733
4.194,3.6115
4.194,5.1693
4.194,5.0448
4.194,4.2082
3.9348,4.1422
3.9348,4.0705
3.9348,4.8129
3.9348,4.7061
3.9348,4.194
3.9348,4.338
3.9348,3.0879
3.9348,3.9733
3.9348,3.6115
3.9348,4.2082
3.9348,4.43
6.3523,6.5886
6.3523,5.4214
6.3523,5.578
6.3523,6.3627
6.3523,5.4289
6.3523,5.7108
6.3523,5.6406
6.3523,6.5392
-2.4406,-2.7449
-2.4406,-2.9711
3.9466,4.1421
3.9466,3.4496
3.9466,3.6011
3.9466,4.434
-4.8247,-4.308
-4.8247,-5.0343
1.8395,2.254
1.8395,1.3492
9.4485,8.7413
9.4485,8.8614
-5.126,-6.1069
-5.126,-5.506
-5.126,-5.3167
-5.126,-4.7732
-5.126,-5.8404
-5.126,-4.9141
-5.126,-5.8479
-5.126,-5.6984
-5.126,-4.9565
-5.126,-4.1978
-5.126,-5.1361
-5.126,-5.885
4.1421,4.2429
4.1421,3.9466
4.1421,3.4496
4.1421,3.6612
-2.2648,-2.5348
-2.2648,-2.9706
-2.2648,-2.3098
-5.3167,-5.4258
-5.3167,-5.126
-5.3167,-4.7732
-5.3167,-5.8479
-5.3167,-5.6984
-5.3167,-5.1361
-5.3167,-5.885
-8.2389,-9.2144
-8.2389,-8.0266
-7.0862,-6.1139
-7.0862,-7.0168
-7.0862,-6.6324
-7.0862,-6.8062
-2.5414,-1.9559
-2.5414,-2.923
-2.5414,-1.8295
-2.5414,-2.7449
-2.5414,-2.2185
-2.5414,-2.8623
-2.5414,-3.1277
-2.5414,-2.9711
-9.2144,-8.742
-9.2144,-8.2389
3.26,4.0705
3.26,3.182
3.26,3.0879
3.26,3.9733
3.26,3.6329
3.26,4.2082
5.0734,4.8603
5.0734,5.3622
5.0734,5.3801
5.0734,4.9946
5.0734,5.5779
5.0734,4.1522
5.0734,5.3991
5.0734,4.434
5.0734,4.43
5.0734,5.0695
4.58,4.4924
4.58,5.578
4.58,5.4289
4.58,3.8153
4.58,3.5908
4.58,4.6319
4.58,4.6565
5.578,5.4214
5.578,5.4643
5.578,6.219
5.578,6.3523
5.578,4.58
5.578,6.3627
5.578,5.4289
5.578,5.7108
5.578,5.6406
1.9836,2.3719
1.9836,2.254
1.9836,2.1008
1.9836,1.3492
1.9836,1.3647
4.338,4.0705
4.338,4.8129
4.338,4.5922
4.338,4.194
4.338,3.9348
4.338,5.0979
4.338,3.9733
4.338,3.6329
4.338,5.2656
4.338,4.11
4.338,4.2082
6.3627,7.0262
6.3627,6.5886
6.3627,5.4643
6.3627,6.219
6.3627,6.3523
6.3627,5.578
6.3627,5.4289
6.3627,7.303
6.3627,5.6406
1.3492,2.254
1.3492,1.8395
1.3492,1.9836
-5.32,-5.506
-5.32,-4.7098
-5.32,-5.8875
-5.32,-6.0562
-5.32,-5.5474
-5.32,-4.9565
-5.32,-5.0343
-0.69422,-1.5019
-0.69422,-0.8238
-3.7148,-3.9768
-3.7148,-4.0522
-3.7148,-3.7865
-3.7148,-2.923
-3.7148,-3.8847
-3.7148,-3.643
-3.7148,-4.6569
-3.7148,-2.7449
-3.7148,-3.5386
-3.7148,-3.4443
-3.7148,-2.8623
-3.7148,-3.1277
-3.7148,-3.7342
-3.7148,-2.9711
5.3622,6.1816
5.3622,6.0683
5.3622,5.0734
5.3622,5.3801
5.3622,5.7113
5.3622,4.9946
5.3622,5.0448
5.3622,5.3991
5.3622,4.43
5.3622,5.0695
-4.7732,-5.126
-4.7732,-5.3167
-4.7732,-5.6984
-4.7732,-4.1978
-5.8404,-6.1139
-5.8404,-6.1069
-5.8404,-5.506
-5.8404,-5.126
-5.8404,-4.9141
-5.8404,-5.8875
-5.8404,-4.9565
-5.8404,-6.4303
-5.8404,-5.1361
-5.8404,-6.8062
-5.8404,-5.885
-3.6411,-3.2543
5.4289,5.4214
5.4289,5.4643
5.4289,6.3523
5.4289,4.58
5.4289,5.578
5.4289,6.3627
5.4289,5.7108
5.4289,4.6319
5.4289,5.6406
-4.6086,-5.0184
-4.6086,-4.0522
-4.6086,-5.4033
-4.6086,-3.7865
-4.6086,-4.6569
-4.6086,-4.2989
-4.6086,-3.7342
-4.9141,-5.506
-4.9141,-5.126
-4.9141,-5.8404
-4.9141,-4.1777
-4.9141,-4.9565
-4.9141,-4.1978
-4.9141,-5.1361
-3.544,-3.8826
-3.544,-3.1964
-3.544,-2.9885
-3.544,-3.391
-3.544,-2.61
-3.544,-3.4077
3.3355,2.9333
3.3355,4.248
2.6657,2.6272
2.6657,2.8515
2.6657,3.5908
2.6657,1.7614
3.0879,3.9348
3.0879,3.26
3.0879,3.9733
3.0879,3.6115
-2.5306,-1.8888
-2.5306,-1.6312
-2.5306,-2.1336
-2.5306,-3.1964
-2.5306,-2.61
-2.5306,-2.3418
-2.5306,-3.4077
-2.5306,-2.6798
5.0979,4.8129
5.0979,5.8359
5.0979,4.5922
5.0979,4.7061
5.0979,4.194
5.0979,4.338
5.0979,5.9946
5.0979,5.2656
5.0979,5.1693
5.0979,5.0448
5.0979,4.2082
2.8999,2.3719
2.8999,3.4496
2.8999,2.9877
2.8999,2.1154
2.8999,3.6612
3.8153,3.6523
3.8153,4.58
3.8153,3.5908
3.8153,4.6319
3.8153,4.6565
-5.8875,-6.1139
-5.8875,-6.1069
-5.8875,-5.506
-5.8875,-5.32
-5.8875,-5.8404
-5.8875,-6.0562
-5.8875,-5.5474
-5.8875,-4.9565
-5.8875,-6.6324
-5.8875,-6.8062
3.4496,3.9466
3.4496,4.1421
3.4496,2.8999
3.4496,3.6011
3.4496,2.9877
3.4496,3.6612
-8.9968,-8.742
-8.9968,-8.6454
-8.9968,-9.8918
-7.9662,-8.742
-7.9662,-8.6454
-7.9662,-8.0266
5.7108,5.4214
5.7108,6.3523
5.7108,5.578
5.7108,5.4289
5.7108,5.6406
5.7108,6.5392
7.303,7.0262
7.303,6.5886
7.303,6.3627
7.303,7.3219
-2.9885,-3.8826
-2.9885,-3.0519
-2.9885,-3.1964
-2.9885,-3.544
-2.9885,-3.391
-2.9885,-2.1873
-2.9885,-2.61
-2.9885,-2.3418
-2.9885,-2.7379
-3.2543,-3.0519
-3.2543,-3.6411
-3.2543,-4.0457
-3.2543,-3.391
-3.2543,-2.6592
5.3801,6.1816
5.3801,4.7061
5.3801,5.0734
5.3801,5.3622
5.3801,5.7113
5.3801,4.9946
5.3801,5.0448
5.3801,5.3991
5.3801,4.43
5.3801,5.0695
-6.0562,-6.1139
-6.0562,-5.506
-6.0562,-5.32
-6.0562,-5.8875
-6.0562,-5.5474
-6.0562,-6.1128
-6.0562,-6.6324
5.7113,5.8359
5.7113,6.1816
5.7113,4.7061
5.7113,5.3622
5.7113,5.3801
5.7113,4.9946
5.7113,5.9946
5.7113,5.1693
5.7113,5.0448
-4.0457,-3.8826
-4.0457,-3.2543
-4.0457,-3.391
-3.643,-3.9768
-3.643,-4.0522
-3.643,-3.2775
-3.643,-2.923
-3.643,-4.0338
-3.643,-3.8847
-3.643,-3.7148
-3.643,-2.7449
-3.643,-3.5386
-3.643,-2.8623
-3.643,-3.5608
-3.643,-4.4391
-3.643,-3.1277
-3.643,-3.7342
-5.8479,-6.1069
-5.8479,-5.126
-5.8479,-5.3167
-5.8479,-6.8284
-5.8479,-5.6984
-5.8479,-6.4303
-5.8479,-6.3992
-5.8479,-5.885
1.3647,2.1008
1.3647,1.9836
1.3647,2.1154
3.6011,3.9466
3.6011,3.4496
3.6011,4.434
3.0125,2.3719
3.0125,3.5749
3.0125,2.254
3.0125,2.1008
3.0125,2.7785
3.0125,2.9877
3.0125,3.3071
3.0125,3.6612
-6.8284,-6.6071
-6.8284,-5.8479
-6.8284,-7.0168
-6.8284,-6.4303
-6.8284,-6.3992
4.9946,4.1422
4.9946,4.7061
4.9946,5.0734
4.9946,5.3622
4.9946,5.3801
4.9946,5.7113
4.9946,5.0448
4.9946,4.1522
4.9946,5.3991
4.9946,4.43
4.9946,5.0695
-3.391,-3.8826
-3.391,-3.0519
-3.391,-3.544
-3.391,-2.9885
-3.391,-3.2543
-3.391,-4.0457
-3.391,-2.7379
-4.6569,-3.9768
-4.6569,-4.0522
-4.6569,-5.4033
-4.6569,-4.8113
-4.6569,-3.8847
-4.6569,-3.7148
-4.6569,-4.6086
-4.6569,-4.2989
-4.6569,-3.7342
2.7785,3.5749
2.7785,2.254
2.7785,3.0125
2.7785,3.3071
2.9333,3.182
2.9333,3.3355
2.9333,3.6329
-2.1933,-3.0519
-2.1933,-2.1873
-2.1933,-2.6592
-2.1933,-2.7379
-4.1777,-4.7098
-4.1777,-4.9141
-4.1777,-4.9565
-4.1777,-4.1978
-2.1873,-2.1336
-2.1873,-1.5884
-2.1873,-2.9885
-2.1873,-2.1933
-2.1873,-2.61
-2.1873,-2.3418
-2.1873,-2.7379
-8.6454,-8.9968
-8.6454,-7.9662
3.9733,4.0705
3.9733,4.8129
3.9733,4.5922
3.9733,4.7061
3.9733,4.194
3.9733,3.9348
3.9733,3.26
3.9733,4.338
3.9733,3.0879
3.9733,3.6115
3.9733,4.2082
8.7413,8.2969
8.7413,9.4485
8.7413,8.8614
-2.61,-2.1336
-2.61,-3.1964
-2.61,-3.544
-2.61,-2.5306
-2.61,-2.9885
-2.61,-2.1873
-2.61,-2.3418
-2.61,-2.7379
5.5779,4.8603
5.5779,6.0683
5.5779,5.0734
5.5779,5.3991
-1.8295,-1.9559
-1.8295,-2.5414
-1.8295,-2.7449
-1.8295,-2.2185
-2.3418,-1.6312
-2.3418,-2.1336
-2.3418,-1.5019
-2.3418,-3.1964
-2.3418,-2.5306
-2.3418,-2.9885
-2.3418,-2.1873
-2.3418,-2.61
-2.3418,-2.6798
-5.6984,-5.4258
-5.6984,-5.126
-5.6984,-5.3167
-5.6984,-4.7732
-5.6984,-5.8479
-5.6984,-6.3992
-5.6984,-5.885
9.353,8.8614
-2.6592,-3.2543
-2.6592,-2.1933
3.5908,2.6272
3.5908,3.6523
3.5908,4.58
3.5908,2.6657
3.5908,3.8153
3.6115,4.1422
3.6115,4.194
3.6115,3.9348
3.6115,3.0879
3.6115,3.9733
3.6115,4.43
-5.5474,-5.32
-5.5474,-5.8875
-5.5474,-6.0562
-5.5474,-6.1128
-5.5474,-5.0343
-4.9565,-5.506
-4.9565,-4.7098
-4.9565,-5.126
-4.9565,-5.32
-4.9565,-5.8404
-4.9565,-4.9141
-4.9565,-5.8875
-4.9565,-4.1777
-4.9565,-5.1361
2.9877,2.3719
2.9877,2.1008
2.9877,2.8999
2.9877,3.4496
2.9877,3.0125
2.9877,3.3071
2.9877,3.6612
-8.0266,-8.742
-8.0266,-8.2389
-8.0266,-7.9662
-8.0266,-7.2523
-7.0168,-6.1069
-7.0168,-7.0862
-7.0168,-6.8284
-7.0168,-7.7862
-7.0168,-6.4303
-7.0168,-6.8062
5.9946,5.8359
5.9946,6.1816
5.9946,5.0979
5.9946,5.7113
5.9946,5.1693
4.248,4.9634
4.248,3.3355
4.248,3.6329
4.248,4.11
-2.7449,-2.923
-2.7449,-2.4406
-2.7449,-2.5414
-2.7449,-3.7148
-2.7449,-3.643
-2.7449,-1.8295
-2.7449,-3.5386
-2.7449,-3.4443
-2.7449,-2.8623
-2.7449,-3.1277
-2.7449,-3.7342
-2.7449,-2.9711
-2.2185,-2.5348
-2.2185,-1.9559
-2.2185,-2.923
-2.2185,-2.5414
-2.2185,-1.8295
-2.2185,-1.2718
-2.2185,-3.1277
-2.2185,-2.3098
3.3071,3.5749
3.3071,4.2429
3.3071,3.0125
3.3071,2.7785
3.3071,2.9877
3.3071,3.6612
3.6329,4.0705
3.6329,3.182
3.6329,3.26
3.6329,4.338
3.6329,2.9333
3.6329,4.248
3.6329,4.11
3.6329,4.2082
-4.1978,-5.126
-4.1978,-4.7732
-4.1978,-4.9141
-4.1978,-4.1777
-4.1978,-5.1361
-9.8918,-8.9968
-3.5386,-3.9768
-3.5386,-4.0522
-3.5386,-3.7865
-3.5386,-2.923
-3.5386,-3.8847
-3.5386,-3.7148
-3.5386,-3.643
-3.5386,-2.7449
-3.5386,-3.4443
-3.5386,-2.8623
-3.5386,-3.1277
-3.5386,-3.7342
-3.5386,-2.9711
-4.2989,-5.0184
-4.2989,-4.0522
-4.2989,-3.7865
-4.2989,-4.6086
-4.2989,-4.6569
-4.2989,-3.4443
-4.2989,-4.308
-4.2989,-3.7342
-1.2718,-1.9559
-1.2718,-2.2185
-7.7862,-7.0168
-0.8238,-1.6312
-0.8238,-0.69422
-3.4443,-3.7865
-3.4443,-3.7148
-3.4443,-2.7449
-3.4443,-3.5386
-3.4443,-4.2989
-3.4443,-3.7342
-3.4443,-2.9711
5.2656,4.9634
5.2656,5.8359
5.2656,4.5922
5.2656,4.338
5.2656,5.0979
5.2656,5.1693
4.6319,5.4214
4.6319,4.4924
4.6319,4.58
4.6319,5.4289
4.6319,3.8153
4.6319,4.6565
5.1693,4.8129
5.1693,5.8359
5.1693,4.7061
5.1693,4.194
5.1693,5.0979
5.1693,5.7113
5.1693,5.9946
5.1693,5.2656
5.1693,5.0448
-6.4303,-6.1139
-6.4303,-6.1069
-6.4303,-5.8404
-6.4303,-5.8479
-6.4303,-6.8284
-6.4303,-7.0168
-6.4303,-6.3992
-6.4303,-6.8062
-6.4303,-5.885
5.6406,6.5886
5.6406,5.4214
5.6406,5.4643
5.6406,6.3523
5.6406,5.578
5.6406,6.3627
5.6406,5.4289
5.6406,5.7108
5.6406,6.5392
5.0448,4.8129
5.0448,4.7061
5.0448,4.194
5.0448,5.3622
5.0448,5.0979
5.0448,5.3801
5.0448,5.7113
5.0448,4.9946
5.0448,5.1693
5.0448,4.43
5.0448,5.0695
4.1522,4.1422
4.1522,4.8603
4.1522,5.0734
4.1522,4.9946
4.1522,4.434
4.1522,4.43
4.1522,5.0695
7.3219,6.5886
7.3219,7.303
7.3219,6.5392
-3.4077,-3.1964
-3.4077,-3.544
-3.4077,-2.5306
-3.4077,-2.6798
-6.1128,-6.0562
-6.1128,-5.5474
-6.1128,-6.6324
4.11,4.9634
4.11,3.182
4.11,4.5922
4.11,4.338
4.11,4.248
4.11,3.6329
4.11,4.2082
-6.6324,-7.0862
-6.6324,-5.8875
-6.6324,-6.0562
-6.6324,-6.1128
-6.6324,-6.8062
-2.8623,-3.2775
-2.8623,-2.923
-2.8623,-2.5414
-2.8623,-3.7148
-2.8623,-3.643
-2.8623,-2.7449
-2.8623,-3.5386
-2.8623,-3.1277
-2.8623,-3.7342
-2.8623,-2.9711
5.3991,6.1816
5.3991,4.8603
5.3991,6.0683
5.3991,5.0734
5.3991,5.3622
5.3991,5.3801
5.3991,4.9946
5.3991,5.5779
5.3991,5.0695
-3.5608,-3.9768
-3.5608,-3.2775
-3.5608,-2.923
-3.5608,-2.9706
-3.5608,-4.0338
-3.5608,-3.8847
-3.5608,-3.643
-3.5608,-4.4391
-3.5608,-3.1277
-4.308,-5.0184
-4.308,-3.7865
-4.308,-4.8247
-4.308,-4.2989
4.2082,4.0705
4.2082,4.5922
4.2082,4.194
4.2082,3.9348
4.2082,3.26
4.2082,4.338
4.2082,5.0979
4.2082,3.9733
4.2082,3.6329
4.2082,4.11
6.5392,6.5886
6.5392,6.3523
6.5392,5.7108
6.5392,5.6406
6.5392,7.3219
-7.2523,-8.0266
4.434,4.8603
4.434,3.9466
4.434,5.0734
4.434,3.6011
4.434,4.1522
4.434,5.0695
-4.4391,-3.9768
-4.4391,-4.0522
-4.4391,-4.8113
-4.4391,-4.0338
-4.4391,-3.8847
-4.4391,-3.643
-4.4391,-3.5608
-5.1361,-6.1069
-5.1361,-5.506
-5.1361,-5.126
-5.1361,-5.3167
-5.1361,-5.8404
-5.1361,-4.9141
-5.1361,-4.9565
-5.1361,-4.1978
-5.1361,-5.885
-6.3992,-6.6071
-6.3992,-5.8479
-6.3992,-6.8284
-6.3992,-5.6984
-6.3992,-6.4303
-6.3992,-5.885
-6.8062,-6.1139
-6.8062,-6.1069
-6.8062,-7.0862
-6.8062,-5.8404
-6.8062,-5.8875
-6.8062,-7.0168
-6.8062,-6.4303
-6.8062,-6.6324
-3.1277,-2.5348
-3.1277,-3.9768
-3.1277,-3.2775
-3.1277,-2.923
-3.1277,-4.0338
-3.1277,-3.8847
-3.1277,-2.5414
-3.1277,-3.7148
-3.1277,-3.643
-3.1277,-2.7449
-3.1277,-2.2185
-3.1277,-3.5386
-3.1277,-2.8623
-3.1277,-3.5608
8.8614,8.2969
8.8614,9.4485
8.8614,8.7413
8.8614,9.353
-2.3098,-2.5348
-2.3098,-1.9559
-2.3098,-2.9706
-2.3098,-2.2648
-2.3098,-2.2185
-5.885,-6.1139
-5.885,-6.1069
-5.885,-5.126
-5.885,-5.3167
-5.885,-5.8404
-5.885,-5.8479
-5.885,-5.6984
-5.885,-6.4303
-5.885,-5.1361
-5.885,-6.3992
1.6599,1.7614
2.1154,2.3719
2.1154,2.1008
2.1154,2.8999
2.1154,1.3647
4.43,4.1422
4.43,4.8129
4.43,4.7061
4.43,3.9348
4.43,5.0734
4.43,5.3622
4.43,5.3801
4.43,4.9946
4.43,3.6115
4.43,5.0448
4.43,4.1522
4.43,5.0695
-2.6798,-1.8888
-2.6798,-2.1336
-2.6798,-3.1964
-2.6798,-2.5306
-2.6798,-2.3418
-2.6798,-3.4077
4.6565,5.4214
4.6565,3.8945
4.6565,4.58
4.6565,3.8153
4.6565,4.6319
-3.7342,-3.9768
-3.7342,-4.0522
-3.7342,-3.7865
-3.7342,-3.8847
-3.7342,-3.7148
-3.7342,-4.6086
-3.7342,-3.643
-3.7342,-4.6569
-3.7342,-2.7449
-3.7342,-3.5386
-3.7342,-4.2989
-3.7342,-3.4443
-3.7342,-2.8623
-3.7342,-2.9711
-5.0343,-4.7098
-5.0343,-4.8247
-5.0343,-5.32
-5.0343,-5.5474
-2.9711,-3.7865
-2.9711,-2.4406
-2.9711,-2.5414
-2.9711,-3.7148
-2.9711,-2.7449
-2.9711,-3.5386
-2.9711,-3.4443
-2.9711,-2.8623
-2.9711,-3.7342
3.6612,4.2429
3.6612,4.1421
3.6612,2.8999
3.6612,3.4496
3.6612,3.0125
3.6612,2.9877
3.6612,3.3071
1.7614,2.6657
1.7614,1.6599
1.7614,1.6776
-2.7379,-3.0519
-2.7379,-2.9885
-2.7379,-3.391
-2.7379,-2.1933
-2.7379,-2.1873
-2.7379,-2.61
5.0695,4.7061
5.0695,4.8603
5.0695,5.0734
5.0695,5.3622
5.0695,5.3801
5.0695,4.9946
5.0695,5.0448
5.0695,4.1522
5.0695,5.3991
5.0695,4.434
5.0695,4.43
1.6776,1.7614
-9.8641,-10
9.4485,10
