-2.1404,-2.7278
-2.1404,-2.4687
-2.1404,-1.7475
-2.1404,-1.8753
-2.1404,-2.7374
-2.1404,-1.8889
-2.1404,-2.139
-2.1404,-2.0369
-2.1404,-1.9413
-2.1404,-1.5869
-2.1404,-2.256
-2.1404,-1.4597
-2.1404,-2.4269
-2.1404,-1.2218
-2.1404,-2.2146
-2.1404,-1.3777
-2.1404,-1.3462
-2.1404,-2.6143
-2.1404,-1.6821
-7.0113,-6.7561
-7.0113,-7.562
-7.0113,-6.3321
-7.0113,-7.2209
-7.0113,-6.336
-7.0113,-6.2933
-4.8929,-4.235
-4.8929,-5.2502
-4.8929,-4.408
-4.8929,-4.8811
-4.8929,-5.3415
-4.8929,-4.4315
-6.2221,-5.7828
-6.2221,-6.7561
-6.2221,-5.9013
-6.2221,-6.3321
-6.2221,-5.9275
-6.2221,-6.1062
-6.2221,-6.8627
-6.2221,-5.5176
0.067228,-0.50912
0.067228,-0.25718
0.067228,0.7879
-2.7278,-2.1404
-2.7278,-3.3467
-2.7278,-2.4687
-2.7278,-2.6321
-2.7278,-2.7374
-2.7278,-1.8889
-2.7278,-2.139
-2.7278,-2.0369
-2.7278,-3.0263
-2.7278,-1.9413
-2.7278,-2.8155
-2.7278,-2.256
-2.7278,-2.4269
-2.7278,-3.0989
-2.7278,-2.2305
-2.7278,-2.4385
-2.7278,-3.0861
-2.7278,-3.2956
-2.7278,-2.5059
-3.3467,-2.7278
-3.3467,-3.3955
-3.3467,-2.6321
-3.3467,-3.0263
-3.3467,-2.8155
-3.3467,-3.8031
-3.3467,-3.0989
-3.3467,-2.9861
-3.3467,-3.9361
-3.3467,-2.4385
-3.3467,-3.0861
-3.3467,-3.2956
-3.3467,-2.5059
-5.7828,-6.2221
-5.7828,-5.9013
-5.7828,-6.3321
-5.7828,-5.0962
-5.7828,-5.3531
-5.7828,-5.9275
-5.7828,-6.1062
-5.7828,-4.8811
-5.7828,-5.3415
-5.7828,-5.5176
4.871,4.4307
-2.4687,-2.1404
-2.4687,-2.7278
-2.4687,-1.7475
-2.4687,-1.8753
-2.4687,-2.7374
-2.4687,-2.139
-2.4687,-2.0369
-2.4687,-3.0792
-2.4687,-1.5869
-2.4687,-2.256
-2.4687,-2.4269
-2.4687,-3.0989
-2.4687,-2.2146
-2.4687,-3.2956
-2.4687,-2.6143
5.5395,5.6088
5.5395,4.9933
5.5395,6.1617
5.5395,6.4633
5.5395,5.9366
-4.174,-3.939
-4.174,-4.7844
-5.5105,-5.9537
-5.5105,-5.5489
-5.5105,-4.7887
-5.5105,-5.122
-5.5105,-6.2933
6.3755,6.3137
6.3755,6.007
6.3755,6.8898
6.3755,5.7888
6.3755,7.0627
5.2617,5.9625
5.2617,4.3884
5.2617,4.8343
5.2617,5.5017
5.2617,6.1525
5.2617,4.9845
5.2617,5.3404
5.2617,6.0988
5.2617,5.5871
5.6088,5.5395
5.6088,6.2629
5.6088,4.9933
5.6088,6.1617
5.6088,5.3894
5.6088,5.8441
5.6088,6.4633
5.6088,5.4583
-3.3955,-3.3467
-3.3955,-2.6321
-3.3955,-3.6818
-3.3955,-2.8155
-3.3955,-4.2286
-3.3955,-3.8031
-3.3955,-2.9861
-3.3955,-3.0861
-3.3955,-2.5059
7.99,7.4879
-1.7475,-2.1404
-1.7475,-2.4687
-1.7475,-1.8753
-1.7475,-1.1179
-1.7475,-2.0369
-1.7475,-1.5869
-1.7475,-2.256
-1.7475,-1.4597
-1.7475,-2.4269
-1.7475,-1.2218
-1.7475,-2.2146
-1.7475,-1.3777
-1.7475,-1.0672
-1.7475,-1.6097
-1.7475,-1.3462
-1.7475,-2.6143
7.1781,6.5174
7.1781,6.704
7.1781,6.5
-4.235,-4.8929
-4.235,-3.939
-4.235,-4.408
-4.235,-4.4315
-4.235,-3.4861
-6.7561,-7.0113
-6.7561,-6.2221
-6.7561,-5.9013
-6.7561,-7.562
-6.7561,-6.3321
-6.7561,-6.336
-6.7561,-6.8627
0.44325,0.27027
0.44325,1.2707
0.44325,0.5343
0.44325,1.335
0.44325,0.48935
0.44325,0.27466
0.44325,-0.40632
0.44325,-0.10635
0.44325,1.1337
0.44325,0.81384
0.44325,-0.36952
0.44325,0.57021
1.4014,1.2707
1.4014,0.5343
1.4014,1.335
1.4014,0.75681
1.4014,1.1693
1.4014,2.2465
1.4014,1.269
1.4014,1.1337
1.4014,0.45339
1.4014,1.5142
1.4014,1.8106
1.4014,1.6675
1.4014,0.57021
1.4014,2.2018
-0.26227,-0.1728
-0.26227,-0.93942
-0.26227,-0.25718
-0.26227,-0.62811
-0.26227,-0.98354
-0.26227,-1.0615
-0.26227,0.41001
-0.26227,-0.82543
-0.26227,-0.34887
5.172,4.6235
5.172,5.7595
5.172,5.2329
-5.9013,-6.2221
-5.9013,-5.7828
-5.9013,-6.7561
-5.9013,-6.3321
-5.9013,-6.336
-5.9013,-5.3531
-5.9013,-5.9537
-5.9013,-5.5489
-5.9013,-5.122
-5.9013,-6.2933
-5.9013,-5.5176
-1.1659,-2.1281
-1.1659,-0.50912
-1.1659,-1.4089
-1.1659,-1.239
-1.1659,-0.25718
-1.1659,-0.62811
-1.1659,-0.98354
-1.1659,-1.8892
-1.1659,-1.6675
-1.1659,-1.5389
-1.1659,-1.4083
6.3354,5.6575
6.3354,7.0379
-2.6321,-2.7278
-2.6321,-3.3467
-2.6321,-3.3955
-2.6321,-1.8889
-2.6321,-2.139
-2.6321,-2.0369
-2.6321,-3.0263
-2.6321,-2.1281
-2.6321,-2.2572
-2.6321,-1.9413
-2.6321,-2.8155
-2.6321,-2.256
-2.6321,-2.4269
-2.6321,-3.0989
-2.6321,-2.2305
-2.6321,-2.4385
-2.6321,-3.0861
-2.6321,-3.2956
-2.6321,-1.6675
-2.6321,-2.5059
0.27027,0.44325
0.27027,0.48935
0.27027,-0.10635
0.27027,0.81384
0.27027,-0.36952
0.27027,0.57021
0.27027,1.1599
6.2629,5.6088
6.2629,6.3137
6.2629,7.1638
6.2629,5.8855
6.2629,6.1617
6.2629,5.3894
6.2629,6.007
6.2629,5.8441
6.2629,5.4583
6.2629,6.6703
6.2629,6.6959
6.3137,6.3755
6.3137,6.2629
6.3137,5.8855
6.3137,6.007
6.3137,6.8898
6.3137,5.4583
6.3137,6.6703
6.3137,7.1784
6.3137,6.6959
5.9625,5.2617
5.9625,6.5174
5.9625,6.1547
5.9625,6.5
5.9625,5.3404
5.9625,6.0988
5.9625,5.2329
5.9625,5.5871
-1.8753,-2.1404
-1.8753,-2.4687
-1.8753,-1.7475
-1.8753,-1.1179
-1.8753,-1.5869
-1.8753,-1.4597
-1.8753,-2.4269
-1.8753,-1.2218
-1.8753,-2.2146
-1.8753,-1.3777
-1.8753,-1.6097
-1.8753,-2.6143
-1.1179,-1.7475
-1.1179,-1.8753
-1.1179,-0.80688
-1.1179,-0.51652
-1.1179,-1.3777
-1.1179,-1.6097
-0.1728,-0.26227
-0.1728,-0.93942
-0.1728,-0.62811
-0.1728,-1.0615
-0.1728,-0.51652
-0.1728,-0.82543
-0.1728,-1.0672
-0.1728,-0.34887
-2.7374,-2.1404
-2.7374,-2.7278
-2.7374,-2.4687
-2.7374,-2.139
-2.7374,-2.0369
-2.7374,-3.0263
-2.7374,-3.0792
-2.7374,-2.256
-2.7374,-2.4269
-2.7374,-3.0989
-2.7374,-3.5767
-2.7374,-3.2956
-2.7374,-2.6143
-1.8889,-2.1404
-1.8889,-2.7278
-1.8889,-2.6321
-1.8889,-2.139
-1.8889,-2.0369
-1.8889,-1.9413
-1.8889,-0.93942
-1.8889,-1.5869
-1.8889,-1.4089
-1.8889,-2.8155
-1.8889,-2.256
-1.8889,-1.4597
-1.8889,-2.4269
-1.8889,-1.0615
-1.8889,-1.2218
-1.8889,-2.2305
-1.8889,-2.4385
-1.8889,-1.3462
-1.8889,-1.6675
-1.8889,-1.5389
-1.8889,-1.6821
-1.8889,-1.4083
-0.4043,-0.58502
-0.4043,-0.17972
-0.4043,0.27466
-0.4043,-0.40632
-0.4043,0.29447
-0.4043,0.45339
-2.139,-2.1404
-2.139,-2.7278
-2.139,-2.4687
-2.139,-2.6321
-2.139,-2.7374
-2.139,-1.8889
-2.139,-2.0369
-2.139,-3.0263
-2.139,-1.9413
-2.139,-1.4089
-2.139,-2.8155
-2.139,-2.256
-2.139,-1.4597
-2.139,-2.4269
-2.139,-3.0989
-2.139,-2.2305
-2.139,-2.4385
-2.139,-1.3462
-2.139,-1.6675
-2.139,-1.6821
-2.139,-1.4083
-2.139,-2.5059
6.5174,7.1781
6.5174,5.9625
6.5174,6.1547
6.5174,6.1525
6.5174,6.704
6.5174,6.5
6.5174,6.0988
6.5174,5.5871
-6.2589,-7.0631
4.4307,4.871
4.4307,4.9933
4.4307,4.503
5.3684,5.8855
5.3684,6.007
5.3684,5.4583
5.3684,5.7888
5.3684,4.9569
4.9933,5.5395
4.9933,5.6088
4.9933,4.4307
4.9933,4.503
4.9933,5.3894
4.9933,5.8441
1.8033,1.1693
1.8033,1.269
1.8033,1.5142
1.8033,2.2018
-3.939,-4.174
-3.939,-4.235
-3.939,-4.408
-3.939,-3.221
-3.939,-3.4861
-7.562,-7.0113
-7.562,-6.7561
6.1547,5.9625
6.1547,6.5174
6.1547,6.3241
6.1547,6.5
6.1547,5.7595
6.1547,6.939
6.1547,5.2329
6.1547,5.5871
-2.0369,-2.1404
-2.0369,-2.7278
-2.0369,-2.4687
-2.0369,-1.7475
-2.0369,-2.6321
-2.0369,-2.7374
-2.0369,-1.8889
-2.0369,-2.139
-2.0369,-1.9413
-2.0369,-1.5869
-2.0369,-2.256
-2.0369,-1.4597
-2.0369,-2.4269
-2.0369,-1.0615
-2.0369,-1.2218
-2.0369,-1.3777
-2.0369,-2.4385
-2.0369,-1.3462
-2.0369,-1.6675
-2.0369,-1.6821
-2.0369,-1.4083
-6.3321,-7.0113
-6.3321,-6.2221
-6.3321,-5.7828
-6.3321,-6.7561
-6.3321,-5.9013
-6.3321,-6.336
-6.3321,-5.3531
-6.3321,-5.9275
-6.3321,-5.5489
-6.3321,-6.8627
-6.3321,-5.5176
-0.80688,-1.1179
-0.80688,-1.5869
-0.80688,-1.2218
-0.80688,-0.51652
-0.80688,-1.3777
-0.80688,-1.0672
-0.80688,-1.6097
-0.80688,-0.34887
1.2707,0.44325
1.2707,1.4014
1.2707,1.335
1.2707,1.1337
1.2707,1.8106
1.2707,0.81384
1.2707,1.6675
1.2707,0.57021
1.2707,1.1599
1.2707,2.0047
4.3884,5.2617
4.3884,4.8343
4.3884,4.6235
4.3884,4.4082
4.8343,5.2617
4.8343,4.3884
4.8343,5.5017
4.8343,4.9845
4.8343,4.4082
4.8343,5.3404
7.4879,7.99
7.4879,7.1638
7.4879,6.8898
7.4879,6.6703
7.4879,7.1784
-5.2502,-4.8929
-5.2502,-4.408
-5.2502,-6.1062
-5.2502,-5.3415
-5.2502,-5.0518
-3.0263,-2.7278
-3.0263,-3.3467
-3.0263,-2.6321
-3.0263,-2.7374
-3.0263,-2.139
-3.0263,-2.8155
-3.0263,-3.8031
-3.0263,-2.256
-3.0263,-2.4269
-3.0263,-3.0989
-3.0263,-3.5767
-3.0263,-3.9361
-3.0263,-2.4385
-3.0263,-3.0861
-3.0263,-3.2956
-3.0263,-2.5059
-2.1281,-1.1659
-2.1281,-2.6321
-2.1281,-2.2572
-2.1281,-1.9413
-2.1281,-1.4089
-2.1281,-1.8892
-2.1281,-2.2305
-2.1281,-2.9861
-2.1281,-2.4385
-2.1281,-2.622
-2.1281,-3.0861
-2.1281,-1.6675
-2.1281,-1.5389
-2.1281,-2.5059
7.1638,6.2629
7.1638,7.4879
7.1638,6.4633
7.1638,6.6703
7.1638,6.9285
7.1638,7.1784
7.1638,6.6959
-5.0962,-5.7828
-5.0962,-5.3531
-5.0962,-4.5576
-5.0962,-5.9275
-5.0962,-4.8811
-5.0962,-5.3415
-5.0962,-5.5489
-5.0962,-4.4315
-5.0962,-5.122
-5.0962,-5.5176
-2.2572,-2.6321
-2.2572,-2.1281
-2.2572,-1.9413
-2.2572,-1.4089
-2.2572,-2.8155
-2.2572,-1.8892
-2.2572,-2.2305
-2.2572,-2.9861
-2.2572,-2.4385
-2.2572,-2.622
-2.2572,-3.0861
-2.2572,-1.6675
-2.2572,-1.5389
-2.2572,-2.5059
-4.408,-4.8929
-4.408,-4.235
-4.408,-3.939
-4.408,-5.2502
-4.408,-5.0518
-0.50912,0.067228
-0.50912,-1.1659
-0.50912,-1.239
-0.50912,-0.25718
-0.50912,-0.62811
-0.50912,-0.98354
-3.0792,-2.4687
-3.0792,-2.7374
-3.0792,-2.4269
-3.0792,-3.5767
-3.0792,-2.2146
-3.0792,-3.2956
-3.0792,-2.6143
0.5343,0.44325
0.5343,1.4014
0.5343,1.335
0.5343,0.75681
0.5343,0.27466
0.5343,-0.40632
0.5343,0.29447
0.5343,-0.10635
0.5343,1.269
0.5343,1.1337
0.5343,0.45339
0.5343,0.81384
0.5343,0.57021
-1.9413,-2.1404
-1.9413,-2.7278
-1.9413,-2.6321
-1.9413,-1.8889
-1.9413,-2.139
-1.9413,-2.0369
-1.9413,-2.1281
-1.9413,-2.2572
-1.9413,-1.4089
-1.9413,-2.8155
-1.9413,-2.256
-1.9413,-2.4269
-1.9413,-1.0615
-1.9413,-2.2305
-1.9413,-2.4385
-1.9413,-1.3462
-1.9413,-1.6675
-1.9413,-1.5389
-1.9413,-1.6821
-1.9413,-1.4083
-1.9413,-2.5059
-7.2209,-7.0113
-7.2209,-6.6134
-7.2209,-6.2933
1.335,0.44325
1.335,1.4014
1.335,1.2707
1.335,0.5343
1.335,1.269
1.335,1.1337
1.335,1.8106
1.335,0.81384
1.335,1.6675
1.335,0.57021
1.335,2.0047
2.6479,2.2465
2.6479,1.8106
2.6479,2.0047
-0.93942,-0.26227
-0.93942,-0.1728
-0.93942,-1.8889
-0.93942,-1.5869
-0.93942,-0.62811
-0.93942,-1.4597
-0.93942,-1.0615
-0.93942,-1.2218
-0.93942,-0.51652
-0.93942,-0.82543
-0.93942,-1.3777
-0.93942,-1.0672
-0.93942,-0.34887
-0.93942,-1.3462
-0.93942,-1.6821
-0.93942,-1.4083
0.48935,0.44325
0.48935,0.27027
0.48935,0.81384
0.48935,-0.36952
0.48935,1.1599
-6.336,-7.0113
-6.336,-6.7561
-6.336,-5.9013
-6.336,-6.3321
-6.336,-5.9537
-6.336,-5.5489
-6.336,-6.2933
5.9673,5.6575
5.9673,6.2804
5.9673,5.032
-5.3531,-5.7828
-5.3531,-5.9013
-5.3531,-6.3321
-5.3531,-5.0962
-5.3531,-4.5576
-5.3531,-5.5489
-5.3531,-4.7887
-5.3531,-5.122
-5.3531,-5.5176
-1.5869,-2.1404
-1.5869,-2.4687
-1.5869,-1.7475
-1.5869,-1.8753
-1.5869,-1.8889
-1.5869,-2.0369
-1.5869,-0.80688
-1.5869,-0.93942
-1.5869,-2.256
-1.5869,-1.4597
-1.5869,-2.4269
-1.5869,-1.0615
-1.5869,-1.2218
-1.5869,-2.2146
-1.5869,-1.3777
-1.5869,-1.0672
-1.5869,-1.3462
-1.5869,-1.6821
5.8855,6.2629
5.8855,6.3137
5.8855,5.3684
5.8855,5.3894
5.8855,6.007
5.8855,5.8441
5.8855,5.4583
5.8855,6.6703
5.8855,4.9569
6.1617,5.5395
6.1617,5.6088
6.1617,6.2629
6.1617,5.3894
6.1617,5.8441
6.1617,6.4633
6.1617,6.9285
6.1617,6.6959
-1.4089,-1.1659
-1.4089,-1.8889
-1.4089,-2.139
-1.4089,-2.1281
-1.4089,-2.2572
-1.4089,-1.9413
-1.4089,-0.62811
-1.4089,-0.98354
-1.4089,-1.8892
-1.4089,-1.0615
-1.4089,-2.2305
-1.4089,-0.82543
-1.4089,-1.3462
-1.4089,-1.6675
-1.4089,-1.5389
-1.4089,-1.6821
-1.4089,-1.4083
-3.6818,-3.3955
-3.6818,-4.2286
-3.6818,-2.9861
-3.6818,-3.0861
4.503,4.4307
4.503,4.9933
4.503,5.3894
4.503,4.9569
-1.239,-1.1659
-1.239,-0.50912
-1.239,-1.8892
-1.239,-1.5389
0.75681,1.4014
0.75681,0.5343
0.75681,1.1693
0.75681,0.27466
0.75681,0.29447
0.75681,1.269
0.75681,1.1337
0.75681,0.45339
0.75681,1.5142
0.75681,0.77976
0.75681,0.57021
-0.25718,0.067228
-0.25718,-0.26227
-0.25718,-1.1659
-0.25718,-0.50912
-0.25718,-0.62811
-0.25718,-0.98354
-0.25718,0.41001
-4.5576,-5.0962
-4.5576,-5.3531
-4.5576,-4.8811
-4.5576,-4.1953
-4.5576,-4.4315
-4.5576,-4.7887
-4.5576,-5.122
-2.8155,-2.7278
-2.8155,-3.3467
-2.8155,-3.3955
-2.8155,-2.6321
-2.8155,-1.8889
-2.8155,-2.139
-2.8155,-3.0263
-2.8155,-2.2572
-2.8155,-1.9413
-2.8155,-2.256
-2.8155,-2.4269
-2.8155,-3.0989
-2.8155,-2.2305
-2.8155,-2.4385
-2.8155,-3.0861
-2.8155,-3.2956
-2.8155,-2.5059
1.1693,1.4014
1.1693,1.8033
1.1693,0.75681
1.1693,0.29447
1.1693,1.269
1.1693,0.45339
1.1693,1.5142
1.1693,0.77976
1.1693,0.47403
-0.58502,-0.4043
-0.58502,0.27466
-0.58502,-0.40632
-0.58502,-0.10635
5.8003,5.5017
5.8003,6.1525
5.8003,4.9845
5.3894,5.6088
5.3894,6.2629
5.3894,4.9933
5.3894,5.8855
5.3894,6.1617
5.3894,4.503
5.3894,5.8441
5.3894,5.4583
5.3894,4.9569
-0.17972,-0.4043
-0.17972,0.29447
-0.17972,0.45339
-0.17972,0.77976
-0.17972,0.47403
0.27466,0.44325
0.27466,-0.4043
0.27466,0.5343
0.27466,0.75681
0.27466,-0.58502
0.27466,-0.40632
0.27466,0.29447
0.27466,-0.10635
0.27466,1.1337
0.27466,0.45339
0.27466,0.81384
0.27466,0.57021
4.9648,4.9845
-4.2286,-3.3955
-4.2286,-3.6818
-4.2286,-3.8031
6.007,6.3755
6.007,6.2629
6.007,6.3137
6.007,5.3684
6.007,5.8855
6.007,6.8898
6.007,5.4583
6.007,6.6703
6.007,5.7888
-3.8031,-3.3467
-3.8031,-3.3955
-3.8031,-3.0263
-3.8031,-4.2286
-3.8031,-3.0989
-3.8031,-3.9361
-3.8031,-3.0861
4.6235,5.172
4.6235,4.3884
4.6235,5.3404
4.6235,5.2329
4.6235,5.5871
-2.256,-2.1404
-2.256,-2.7278
-2.256,-2.4687
-2.256,-1.7475
-2.256,-2.6321
-2.256,-2.7374
-2.256,-1.8889
-2.256,-2.139
-2.256,-2.0369
-2.256,-3.0263
-2.256,-1.9413
-2.256,-1.5869
-2.256,-2.8155
-2.256,-1.4597
-2.256,-2.4269
-2.256,-3.0989
-2.256,-2.4385
-2.256,-1.3462
-2.256,-1.6675
-2.256,-1.6821
-2.256,-1.4083
-0.62811,-0.26227
-0.62811,-1.1659
-0.62811,-0.1728
-0.62811,-0.50912
-0.62811,-0.93942
-0.62811,-1.4089
-0.62811,-0.25718
-0.62811,-0.98354
-0.62811,-1.0615
-0.62811,-0.82543
-0.62811,-1.4083
6.8898,6.3755
6.8898,6.3137
6.8898,7.4879
6.8898,6.007
6.8898,6.6703
6.8898,7.1784
6.8898,7.0627
-0.40632,0.44325
-0.40632,-0.4043
-0.40632,0.5343
-0.40632,-0.58502
-0.40632,0.27466
-0.40632,-0.10635
-0.40632,0.57021
-0.98354,-0.26227
-0.98354,-1.1659
-0.98354,-0.50912
-0.98354,-1.4089
-0.98354,-0.25718
-0.98354,-0.62811
-0.98354,-1.0615
-0.98354,-0.82543
-0.98354,-1.6675
-0.98354,-1.5389
-0.98354,-1.6821
-0.98354,-1.4083
5.6575,6.3354
5.6575,5.9673
5.6575,5.281
5.6575,5.032
5.8441,5.6088
5.8441,6.2629
5.8441,4.9933
5.8441,5.8855
5.8441,6.1617
5.8441,5.3894
5.8441,6.4633
5.8441,5.4583
5.8441,6.6703
5.8441,6.6959
6.4633,5.5395
6.4633,5.6088
6.4633,7.1638
6.4633,6.1617
6.4633,5.8441
6.4633,6.9285
6.4633,5.9366
6.4633,6.6959
5.5017,5.2617
5.5017,4.8343
5.5017,5.8003
5.5017,6.1525
5.5017,4.9845
5.5017,5.3404
5.5017,6.0988
6.1525,5.2617
6.1525,6.5174
6.1525,5.8003
6.1525,5.5017
6.1525,6.704
6.1525,6.0988
-1.4597,-2.1404
-1.4597,-1.7475
-1.4597,-1.8753
-1.4597,-1.8889
-1.4597,-2.139
-1.4597,-2.0369
-1.4597,-0.93942
-1.4597,-1.5869
-1.4597,-2.256
-1.4597,-2.4269
-1.4597,-1.0615
-1.4597,-1.2218
-1.4597,-0.82543
-1.4597,-1.3777
-1.4597,-1.0672
-1.4597,-1.3462
-1.4597,-1.6821
-1.4597,-1.4083
0.29447,-0.4043
0.29447,0.5343
0.29447,0.75681
0.29447,1.1693
0.29447,-0.17972
0.29447,0.27466
0.29447,0.45339
0.29447,0.77976
0.29447,0.47403
-2.4269,-2.1404
-2.4269,-2.7278
-2.4269,-2.4687
-2.4269,-1.7475
-2.4269,-2.6321
-2.4269,-1.8753
-2.4269,-2.7374
-2.4269,-1.8889
-2.4269,-2.139
-2.4269,-2.0369
-2.4269,-3.0263
-2.4269,-3.0792
-2.4269,-1.9413
-2.4269,-1.5869
-2.4269,-2.8155
-2.4269,-2.256
-2.4269,-1.4597
-2.4269,-3.0989
-2.4269,-3.2956
-2.4269,-2.6143
-2.4269,-1.6821
6.704,7.1781
6.704,6.5174
6.704,6.1525
6.704,6.0988
-5.9275,-6.2221
-5.9275,-5.7828
-5.9275,-6.3321
-5.9275,-5.0962
-5.9275,-6.1062
-5.9275,-5.3415
-5.9275,-6.8627
-5.9275,-5.5176
-0.10635,0.44325
-0.10635,0.27027
-0.10635,0.5343
-0.10635,-0.58502
-0.10635,0.27466
-0.10635,-0.40632
-0.10635,0.81384
-0.10635,-0.36952
-0.10635,0.57021
-1.8892,-1.1659
-1.8892,-2.1281
-1.8892,-2.2572
-1.8892,-1.4089
-1.8892,-1.239
-1.8892,-2.2305
-1.8892,-2.622
-1.8892,-1.6675
-1.8892,-1.5389
-1.8892,-2.5059
-1.0615,-0.26227
-1.0615,-0.1728
-1.0615,-1.8889
-1.0615,-2.0369
-1.0615,-1.9413
-1.0615,-0.93942
-1.0615,-1.5869
-1.0615,-1.4089
-1.0615,-0.62811
-1.0615,-0.98354
-1.0615,-1.4597
-1.0615,-1.2218
-1.0615,-0.82543
-1.0615,-1.3777
-1.0615,-1.0672
-1.0615,-0.34887
-1.0615,-1.3462
-1.0615,-1.6675
-1.0615,-1.6821
-1.0615,-1.4083
0.41001,-0.26227
0.41001,-0.25718
0.41001,0.7879
2.2465,1.4014
2.2465,2.6479
2.2465,1.8106
2.2465,1.6675
2.2465,2.2018
-1.2218,-2.1404
-1.2218,-1.7475
-1.2218,-1.8753
-1.2218,-1.8889
-1.2218,-2.0369
-1.2218,-0.80688
-1.2218,-0.93942
-1.2218,-1.5869
-1.2218,-1.4597
-1.2218,-1.0615
-1.2218,-0.51652
-1.2218,-0.82543
-1.2218,-1.3777
-1.2218,-1.0672
-1.2218,-0.34887
-1.2218,-1.3462
-1.2218,-1.6821
4.9845,5.2617
4.9845,4.8343
4.9845,5.8003
4.9845,4.9648
4.9845,5.5017
4.9845,4.4082
-6.1062,-6.2221
-6.1062,-5.7828
-6.1062,-5.2502
-6.1062,-5.9275
-6.1062,-5.3415
0.7879,0.067228
0.7879,0.41001
-3.0989,-2.7278
-3.0989,-3.3467
-3.0989,-2.4687
-3.0989,-2.6321
-3.0989,-2.7374
-3.0989,-2.139
-3.0989,-3.0263
-3.0989,-2.8155
-3.0989,-3.8031
-3.0989,-2.256
-3.0989,-2.4269
-3.0989,-3.5767
-3.0989,-3.9361
-3.0989,-2.4385
-3.0989,-3.2956
6.3241,6.1547
6.3241,5.7595
6.3241,6.939
1.269,1.4014
1.269,1.8033
1.269,0.5343
1.269,1.335
1.269,0.75681
1.269,1.1693
1.269,1.1337
1.269,0.45339
1.269,1.5142
1.269,0.77976
1.269,1.6675
1.269,0.57021
1.269,2.2018
6.5,7.1781
6.5,5.9625
6.5,6.5174
6.5,6.1547
6.5,5.7595
6.5,6.939
6.5,6.0988
6.5,5.5871
7.0379,6.3354
-3.5767,-2.7374
-3.5767,-3.0263
-3.5767,-3.0792
-3.5767,-3.0989
-3.5767,-3.9361
-3.5767,-3.2956
-2.2146,-2.1404
-2.2146,-2.4687
-2.2146,-1.7475
-2.2146,-1.8753
-2.2146,-3.0792
-2.2146,-1.5869
-2.2146,-1.6097
-2.2146,-2.6143
5.7595,5.172
5.7595,6.1547
5.7595,6.3241
5.7595,6.5
5.7595,5.2329
5.7595,5.5871
-0.51652,-1.1179
-0.51652,-0.1728
-0.51652,-0.80688
-0.51652,-0.93942
-0.51652,-1.2218
-0.51652,-1.3777
-0.51652,-1.0672
-0.51652,-0.34887
-6.6134,-7.2209
-6.6134,-6.2933
4.4082,4.3884
4.4082,4.8343
4.4082,4.9845
1.1337,0.44325
1.1337,1.4014
1.1337,1.2707
1.1337,0.5343
1.1337,1.335
1.1337,0.75681
1.1337,0.27466
1.1337,1.269
1.1337,0.45339
1.1337,1.8106
1.1337,0.81384
1.1337,1.6675
1.1337,0.57021
-7.0631,-6.2589
6.939,6.1547
6.939,6.3241
6.939,6.5
5.4583,5.6088
5.4583,6.2629
5.4583,6.3137
5.4583,5.3684
5.4583,5.8855
5.4583,5.3894
5.4583,6.007
5.4583,5.8441
5.4583,4.9569
-2.2305,-2.7278
-2.2305,-2.6321
-2.2305,-1.8889
-2.2305,-2.139
-2.2305,-2.1281
-2.2305,-2.2572
-2.2305,-1.9413
-2.2305,-1.4089
-2.2305,-2.8155
-2.2305,-1.8892
-2.2305,-2.9861
-2.2305,-2.4385
-2.2305,-3.0861
-2.2305,-1.6675
-2.2305,-1.5389
-2.2305,-1.6821
-2.2305,-1.4083
-2.2305,-2.5059
0.45339,1.4014
0.45339,-0.4043
0.45339,0.5343
0.45339,0.75681
0.45339,1.1693
0.45339,-0.17972
0.45339,0.27466
0.45339,0.29447
0.45339,1.269
0.45339,1.1337
0.45339,0.77976
0.45339,0.57021
1.5142,1.4014
1.5142,1.8033
1.5142,0.75681
1.5142,1.1693
1.5142,1.269
1.5142,0.77976
1.5142,1.6675
1.5142,2.2018
-0.82543,-0.26227
-0.82543,-0.1728
-0.82543,-0.93942
-0.82543,-1.4089
-0.82543,-0.62811
-0.82543,-0.98354
-0.82543,-1.4597
-0.82543,-1.0615
-0.82543,-1.2218
-0.82543,-1.0672
-0.82543,-0.34887
-0.82543,-1.3462
-0.82543,-1.6821
-0.82543,-1.4083
5.281,5.6575
1.8106,1.4014
1.8106,1.2707
1.8106,1.335
1.8106,2.6479
1.8106,2.2465
1.8106,1.1337
1.8106,1.6675
1.8106,2.0047
-1.3777,-2.1404
-1.3777,-1.7475
-1.3777,-1.8753
-1.3777,-1.1179
-1.3777,-2.0369
-1.3777,-0.80688
-1.3777,-0.93942
-1.3777,-1.5869
-1.3777,-1.4597
-1.3777,-1.0615
-1.3777,-1.2218
-1.3777,-0.51652
-1.3777,-1.0672
-1.3777,-1.6097
-1.3777,-1.3462
-2.9861,-3.3467
-2.9861,-3.3955
-2.9861,-2.1281
-2.9861,-2.2572
-2.9861,-3.6818
-2.9861,-2.2305
-2.9861,-2.622
-2.9861,-3.0861
-2.9861,-2.5059
-4.8811,-4.8929
-4.8811,-5.7828
-4.8811,-5.0962
-4.8811,-4.5576
-4.8811,-5.3415
-4.8811,-4.4315
-4.8811,-5.5176
-5.9537,-5.5105
-5.9537,-5.9013
-5.9537,-6.336
-5.9537,-5.5489
-5.9537,-5.122
-5.9537,-6.2933
-1.0672,-1.7475
-1.0672,-0.1728
-1.0672,-0.80688
-1.0672,-0.93942
-1.0672,-1.5869
-1.0672,-1.4597
-1.0672,-1.0615
-1.0672,-1.2218
-1.0672,-0.51652
-1.0672,-0.82543
-1.0672,-1.3777
-1.0672,-0.34887
-1.0672,-1.3462
-1.0672,-1.6821
-1.0672,-1.4083
-3.9361,-3.3467
-3.9361,-3.0263
-3.9361,-3.8031
-3.9361,-3.0989
-3.9361,-3.5767
-3.9361,-3.2956
0.77976,0.75681
0.77976,1.1693
0.77976,-0.17972
0.77976,0.29447
0.77976,1.269
0.77976,0.45339
0.77976,1.5142
0.77976,0.47403
6.2804,5.9673
-4.1953,-4.5576
-4.1953,-4.7887
-4.1953,-5.122
-5.3415,-4.8929
-5.3415,-5.7828
-5.3415,-5.2502
-5.3415,-5.0962
-5.3415,-5.9275
-5.3415,-6.1062
-5.3415,-4.8811
-5.3415,-4.4315
-5.3415,-5.5176
-5.5489,-5.5105
-5.5489,-5.9013
-5.5489,-6.3321
-5.5489,-5.0962
-5.5489,-6.336
-5.5489,-5.3531
-5.5489,-5.9537
-5.5489,-4.7887
-5.5489,-5.122
-5.5489,-6.2933
-5.5489,-5.5176
0.81384,0.44325
0.81384,0.27027
0.81384,1.2707
0.81384,0.5343
0.81384,1.335
0.81384,0.48935
0.81384,0.27466
0.81384,-0.10635
0.81384,1.1337
0.81384,0.57021
0.81384,1.1599
5.3404,5.2617
5.3404,5.9625
5.3404,4.8343
5.3404,4.6235
5.3404,5.5017
5.3404,6.0988
5.3404,5.2329
5.3404,5.5871
-4.4315,-4.8929
-4.4315,-4.235
-4.4315,-5.0962
-4.4315,-4.5576
-4.4315,-4.8811
-4.4315,-5.3415
-2.4385,-2.7278
-2.4385,-3.3467
-2.4385,-2.6321
-2.4385,-1.8889
-2.4385,-2.139
-2.4385,-2.0369
-2.4385,-3.0263
-2.4385,-2.1281
-2.4385,-2.2572
-2.4385,-1.9413
-2.4385,-2.8155
-2.4385,-2.256
-2.4385,-3.0989
-2.4385,-2.2305
-2.4385,-3.0861
-2.4385,-1.6675
-2.4385,-1.5389
-2.4385,-1.6821
-2.4385,-2.5059
6.6703,6.2629
6.6703,6.3137
6.6703,7.4879
6.6703,7.1638
6.6703,5.8855
6.6703,6.007
6.6703,6.8898
6.6703,5.8441
6.6703,7.1784
6.6703,6.6959
-2.622,-2.1281
-2.622,-2.2572
-2.622,-1.8892
-2.622,-2.9861
-2.622,-3.0861
-2.622,-2.5059
1.6675,1.4014
1.6675,1.2707
1.6675,1.335
1.6675,2.2465
1.6675,1.269
1.6675,1.1337
1.6675,1.5142
1.6675,1.8106
1.6675,2.2018
6.9285,7.1638
6.9285,6.1617
6.9285,6.4633
6.9285,6.6959
-1.6097,-1.7475
-1.6097,-1.8753
-1.6097,-1.1179
-1.6097,-0.80688
-1.6097,-2.2146
-1.6097,-1.3777
-0.34887,-0.26227
-0.34887,-0.1728
-0.34887,-0.80688
-0.34887,-0.93942
-0.34887,-1.0615
-0.34887,-1.2218
-0.34887,-0.51652
-0.34887,-0.82543
-0.34887,-1.0672
7.1784,6.3137
7.1784,7.4879
7.1784,7.1638
7.1784,6.8898
7.1784,6.6703
6.0988,5.2617
6.0988,5.9625
6.0988,6.5174
6.0988,5.5017
6.0988,6.1525
6.0988,6.704
6.0988,6.5
6.0988,5.3404
6.0988,5.5871
-0.36952,0.44325
-0.36952,0.27027
-0.36952,0.48935
-0.36952,-0.10635
-3.0861,-2.7278
-3.0861,-3.3467
-3.0861,-3.3955
-3.0861,-2.6321
-3.0861,-3.0263
-3.0861,-2.1281
-3.0861,-2.2572
-3.0861,-3.6818
-3.0861,-2.8155
-3.0861,-3.8031
-3.0861,-2.2305
-3.0861,-2.9861
-3.0861,-2.4385
-3.0861,-2.622
-3.0861,-2.5059
-3.221,-3.939
-4.7887,-5.5105
-4.7887,-5.3531
-4.7887,-4.5576
-4.7887,-4.1953
-4.7887,-5.5489
-4.7887,-5.122
-1.3462,-2.1404
-1.3462,-1.7475
-1.3462,-1.8889
-1.3462,-2.139
-1.3462,-2.0369
-1.3462,-1.9413
-1.3462,-0.93942
-1.3462,-1.5869
-1.3462,-1.4089
-1.3462,-2.256
-1.3462,-1.4597
-1.3462,-1.0615
-1.3462,-1.2218
-1.3462,-0.82543
-1.3462,-1.3777
-1.3462,-1.0672
-1.3462,-1.6675
-1.3462,-1.6821
-1.3462,-1.4083
-6.8627,-6.2221
-6.8627,-6.7561
-6.8627,-6.3321
-6.8627,-5.9275
-3.4861,-4.235
-3.4861,-3.939
-3.2956,-2.7278
-3.2956,-3.3467
-3.2956,-2.4687
-3.2956,-2.6321
-3.2956,-2.7374
-3.2956,-3.0263
-3.2956,-3.0792
-3.2956,-2.8155
-3.2956,-2.4269
-3.2956,-3.0989
-3.2956,-3.5767
-3.2956,-3.9361
5.9366,5.5395
5.9366,6.4633
5.032,5.9673
5.032,5.6575
-1.6675,-1.1659
-1.6675,-2.6321
-1.6675,-1.8889
-1.6675,-2.139
-1.6675,-2.0369
-1.6675,-2.1281
-1.6675,-2.2572
-1.6675,-1.9413
-1.6675,-1.4089
-1.6675,-2.256
-1.6675,-0.98354
-1.6675,-1.8892
-1.6675,-1.0615
-1.6675,-2.2305
-1.6675,-2.4385
-1.6675,-1.3462
-1.6675,-1.5389
-1.6675,-1.6821
-1.6675,-1.4083
-1.6675,-2.5059
-5.0518,-5.2502
-5.0518,-4.408
-5.0518,-4.7844
0.57021,0.44325
0.57021,1.4014
0.57021,0.27027
0.57021,1.2707
0.57021,0.5343
0.57021,1.335
0.57021,0.75681
0.57021,0.27466
0.57021,-0.40632
0.57021,-0.10635
0.57021,1.269
0.57021,1.1337
0.57021,0.45339
0.57021,0.81384
2.2018,1.4014
2.2018,1.8033
2.2018,2.2465
2.2018,1.269
2.2018,1.5142
2.2018,1.6675
1.1599,0.27027
1.1599,1.2707
1.1599,0.48935
1.1599,0.81384
1.1599,2.0047
-5.122,-5.5105
-5.122,-5.9013
-5.122,-5.0962
-5.122,-5.3531
-5.122,-4.5576
-5.122,-5.9537
-5.122,-4.1953
-5.122,-5.5489
-5.122,-4.7887
-2.6143,-2.1404
-2.6143,-2.4687
-2.6143,-1.7475
-2.6143,-1.8753
-2.6143,-2.7374
-2.6143,-3.0792
-2.6143,-2.4269
-2.6143,-2.2146
-6.2933,-7.0113
-6.2933,-5.5105
-6.2933,-5.9013
-6.2933,-7.2209
-6.2933,-6.336
-6.2933,-6.6134
-6.2933,-5.9537
-6.2933,-5.5489
2.0047,1.2707
2.0047,1.335
2.0047,2.6479
2.0047,1.8106
2.0047,1.1599
5.7888,6.3755
5.7888,5.3684
5.7888,6.007
-1.5389,-1.1659
-1.5389,-1.8889
-1.5389,-2.1281
-1.5389,-2.2572
-1.5389,-1.9413
-1.5389,-1.4089
-1.5389,-1.239
-1.5389,-0.98354
-1.5389,-1.8892
-1.5389,-2.2305
-1.5389,-2.4385
-1.5389,-1.6675
-1.5389,-1.6821
-1.5389,-1.4083
-1.5389,-2.5059
-1.6821,-2.1404
-1.6821,-1.8889
-1.6821,-2.139
-1.6821,-2.0369
-1.6821,-1.9413
-1.6821,-0.93942
-1.6821,-1.5869
-1.6821,-1.4089
-1.6821,-2.256
-1.6821,-0.98354
-1.6821,-1.4597
-1.6821,-2.4269
-1.6821,-1.0615
-1.6821,-1.2218
-1.6821,-2.2305
-1.6821,-0.82543
-1.6821,-1.0672
-1.6821,-2.4385
-1.6821,-1.3462
-1.6821,-1.6675
-1.6821,-1.5389
-1.6821,-1.4083
5.2329,5.172
5.2329,5.9625
5.2329,6.1547
5.2329,4.6235
5.2329,5.7595
5.2329,5.3404
5.2329,5.5871
6.6959,6.2629
6.6959,6.3137
6.6959,7.1638
6.6959,6.1617
6.6959,5.8441
6.6959,6.4633
6.6959,6.6703
6.6959,6.9285
-5.5176,-6.2221
-5.5176,-5.7828
-5.5176,-5.9013
-5.5176,-6.3321
-5.5176,-5.0962
-5.5176,-5.3531
-5.5176,-5.9275
-5.5176,-4.8811
-5.5176,-5.3415
-5.5176,-5.5489
-4.7844,-4.174
-4.7844,-5.0518
0.47403,1.1693
0.47403,-0.17972
0.47403,0.29447
0.47403,0.77976
-1.4083,-1.1659
-1.4083,-1.8889
-1.4083,-2.139
-1.4083,-2.0369
-1.4083,-1.9413
-1.4083,-0.93942
-1.4083,-1.4089
-1.4083,-2.256
-1.4083,-0.62811
-1.4083,-0.98354
-1.4083,-1.4597
-1.4083,-1.0615
-1.4083,-2.2305
-1.4083,-0.82543
-1.4083,-1.0672
-1.4083,-1.3462
-1.4083,-1.6675
-1.4083,-1.5389
-1.4083,-1.6821
4.9569,5.3684
4.9569,5.8855
4.9569,4.503
4.9569,5.3894
4.9569,5.4583
5.5871,5.2617
5.5871,5.9625
5.5871,6.5174
5.5871,6.1547
5.5871,4.6235
5.5871,6.5
5.5871,5.7595
5.5871,5.3404
5.5871,6.0988
5.5871,5.2329
-2.5059,-2.7278
-2.5059,-3.3467
-2.5059,-3.3955
-2.5059,-2.6321
-2.5059,-2.139
-2.5059,-3.0263
-2.5059,-2.1281
-2.5059,-2.2572
-2.5059,-1.9413
-2.5059,-2.8155
-2.5059,-1.8892
-2.5059,-2.2305
-2.5059,-2.9861
-2.5059,-2.4385
-2.5059,-2.622
-2.5059,-3.0861
-2.5059,-1.6675
-2.5059,-1.5389
7.0627,6.3755
7.0627,6.8898
5.9673,5.5906
5.5421,5.5906
6.2804,5.7363
5.5421,5.7363
5.032,5.4825
5.5421,5.4825
