4.6654,5.5302
4.6654,5.5084
4.6654,4.7309
-1.509,-2.1028
-6.203,-6.7166
-6.203,-5.87
-2.7156,-3.6715
-2.7156,-1.9668
0.81679,0.15502
0.81679,1.1591
0.81679,0.030272
4.8502,4.3584
4.8502,4.735
4.8502,4.8662
4.8502,3.9792
4.8502,4.1232
4.8502,5.4076
4.8502,5.0289
3.8255,4.3584
3.8255,3.1781
3.8255,4.1232
-4.6623,-5.3629
-4.6623,-4.2704
7.3948,6.632
7.3948,6.7394
4.1163,4.735
4.1163,3.9792
4.1163,3.9085
4.1163,4.8047
6.2743,5.5945
6.2743,6.1431
6.2743,5.4526
6.2743,6.4427
6.2743,6.632
6.2743,6.7394
-6.7166,-6.203
-6.7166,-5.87
-6.7166,-6.7553
-1.7667,-1.6209
-1.7667,-1.6213
-1.7667,-1.0058
0.0020277,0.79203
-2.0221,-1.1438
-2.0221,-1.8249
-2.0221,-2.3099
4.3584,4.8502
4.3584,3.8255
4.3584,4.8662
4.3584,3.7308
4.3584,4.8349
4.3584,4.1232
4.3584,3.8052
4.735,4.8502
4.735,4.1163
4.735,4.8662
4.735,3.9792
4.735,4.1232
4.735,5.0289
4.735,3.9085
4.735,4.8047
-2.7498,-2.4588
-2.7498,-3.0599
-2.7498,-2.9973
-2.7498,-3.6062
-2.7498,-2.854
-2.7498,-2.3849
-5.6416,-5.3629
-5.6416,-5.3257
-5.6416,-6.4314
-3.6715,-2.7156
-3.6715,-3.3048
-5.5808,-6.0356
-5.5808,-5.1398
-5.5808,-5.0546
-5.5808,-5.3869
-5.5808,-6.1071
-6.8602,-7.7985
-6.8602,-6.5106
-6.8602,-6.1071
2.8078,3.1348
2.8078,1.8622
2.8078,2.5806
2.8078,3.2447
-1.1438,-2.0221
-1.1438,-1.5092
-1.1438,-1.162
-0.6102,-0.94731
-0.6102,-1.0058
0.71255,0.15502
0.71255,1.1591
-7.3311,-7.7701
-7.3311,-7.9653
-7.3311,-6.6884
4.8662,4.8502
4.8662,4.3584
4.8662,4.735
4.8662,4.1232
4.8662,5.4076
4.8662,5.0289
-5.4827,-4.8665
-5.4827,-6.2395
-5.4827,-5.1516
5.5187,6.4199
5.5187,6.1431
5.5187,5.4526
1.2025,1.6364
-1.8249,-2.0221
-1.8249,-2.7389
-1.8249,-1.5092
-1.8249,-2.3298
-1.8249,-1.8686
-1.8249,-2.3099
-1.8249,-1.162
8.4088,8.739
8.4088,7.5559
8.4088,8.1292
6.4793,6.585
6.4793,5.8291
6.4793,5.5302
6.4793,5.7581
6.4793,6.5186
6.4793,7.4386
3.1348,2.8078
3.1348,2.4303
3.1348,3.2745
7.5706,8.1292
1.8666,1.8622
1.8666,2.5806
1.8666,1.1591
-3.7504,-4.2217
-3.7504,-4.2465
-3.7504,-4.618
3.2913,3.0714
-2.4588,-2.7498
-2.4588,-1.552
-2.4588,-3.0599
-2.4588,-2.3298
-2.4588,-2.854
-2.4588,-1.8686
-2.4588,-2.3849
6.1896,6.3839
1.8784,1.1583
7.2848,6.4199
7.2848,6.632
7.2848,6.3839
-6.2772,-6.4662
-5.87,-6.203
-5.87,-6.7166
-5.87,-6.001
-5.87,-5.1568
-5.87,-6.7553
-3.0551,-3.9732
-3.0551,-2.1028
-3.0551,-2.9353
-0.72407,-1.552
-0.72407,-1.0147
-0.72407,-1.162
5.1056,4.1869
5.1056,5.8291
5.1056,5.9161
5.1056,5.5302
5.1056,4.9271
5.1056,4.7309
5.1056,5.7445
-3.9732,-3.0551
-3.9732,-4.2191
6.585,6.4793
6.585,5.8291
6.585,5.9161
-6.6594,-6.4662
-6.6594,-7.4154
-6.6594,-6.1071
-2.7389,-1.8249
-2.7389,-3.0599
-2.7389,-2.3298
-2.7389,-2.854
-2.7389,-3.1847
-2.7389,-2.3099
-1.552,-2.4588
-1.552,-0.72407
-1.552,-1.0147
-1.552,-1.6955
-1.552,-1.8686
-1.552,-2.3849
-6.001,-5.87
-6.001,-5.1568
-6.001,-6.7553
3.1706,2.9152
3.1706,3.0714
3.1706,3.7308
3.1706,3.9792
3.1706,3.9085
2.9152,3.1706
2.9152,3.0714
2.9152,3.7308
2.9152,3.0638
2.9152,3.8052
5.5945,6.2743
5.5945,5.4526
5.5945,6.4427
5.5945,5.8928
4.1869,5.1056
4.1869,4.6639
4.1869,3.8417
4.1869,4.9271
4.1869,3.4291
4.1869,4.7309
4.1869,4
1.8622,2.8078
1.8622,1.8666
1.8622,1.1591
1.8622,2.4303
8.739,8.4088
8.739,8.1292
-2.706,-2.9967
-2.706,-1.9885
4.6639,4.1869
4.6639,4.9271
4.6639,4
-2.1028,-1.509
-2.1028,-3.0551
-2.1028,-1.6209
-5.064,-5.1398
-5.064,-5.5424
5.8291,6.4793
5.8291,5.1056
5.8291,6.585
5.8291,5.9161
5.8291,5.5302
5.8291,5.5084
5.8291,5.7581
5.8291,5.7445
-5.7597,-6.2395
-5.7597,-5.3257
-5.7597,-6.4695
-1.9668,-2.7156
-1.9668,-1.6076
-1.9668,-1.6213
-1.9668,-2.6578
-1.9668,-0.98432
-7.3029,-7.7701
-7.3029,-6.6884
-7.3029,-6.77
5.9161,5.1056
5.9161,6.585
5.9161,5.8291
5.9161,4.9271
5.9161,5.7445
2.7216,3.2271
6.4199,5.5187
6.4199,7.2848
6.4199,6.1431
6.4199,6.632
6.4199,6.3839
2.5806,2.8078
2.5806,1.8666
2.5806,3.2447
3.0714,3.2913
3.0714,3.1706
3.0714,2.9152
3.0714,3.9085
6.1431,6.2743
6.1431,5.5187
6.1431,6.4199
6.1431,5.4526
6.1431,6.632
6.1431,6.7394
-0.91846,-0.75624
-4.2217,-3.7504
-4.2217,-4.618
-4.2217,-5.1516
0.15502,0.81679
0.15502,0.71255
0.15502,0.030272
0.15502,-0.75624
-0.94731,-0.6102
-0.94731,-1.6213
-0.94731,-0.98432
5.5302,4.6654
5.5302,6.4793
5.5302,5.1056
5.5302,5.8291
5.5302,5.5084
5.5302,5.7581
5.5302,4.7309
-6.0033,-6.0356
-6.0033,-5.1516
-6.0033,-6.5106
-6.0033,-5.3869
-6.0033,-6.5394
-3.3943,-2.9973
5.4526,6.2743
5.4526,5.5187
5.4526,5.5945
5.4526,6.1431
-4.8665,-5.4827
-4.8665,-4.7574
-4.2465,-3.7504
-4.2465,-5.1398
-4.2465,-4.618
-4.2465,-5.0546
-3.0599,-2.7498
-3.0599,-2.4588
-3.0599,-2.7389
-3.0599,-2.3298
-3.0599,-2.854
-3.0599,-3.1847
3.1781,3.8255
3.1781,3.0638
3.1781,3.8052
1.6364,1.2025
3.7308,4.3584
3.7308,3.1706
3.7308,2.9152
3.7308,3.9792
3.7308,3.0638
3.7308,4.1232
3.7308,3.9085
3.7308,3.8052
-1.5092,-1.1438
-1.5092,-1.8249
-1.5092,-2.3298
-1.5092,-1.8686
-1.5092,-2.3099
-1.5092,-1.162
3.9792,4.8502
3.9792,4.1163
3.9792,4.735
3.9792,3.1706
3.9792,3.7308
3.9792,4.1232
3.9792,3.9085
3.9792,3.8052
1.1591,0.81679
1.1591,0.71255
1.1591,1.8666
1.1591,1.8622
-6.0356,-5.5808
-6.0356,-6.0033
-6.0356,-6.5106
-6.0356,-5.3869
0.030272,0.81679
0.030272,0.15502
0.030272,-0.75624
0.030272,0.11295
-7.7701,-7.3311
-7.7701,-7.3029
-7.7701,-8.4755
-6.0297,-6.6884
6.4427,6.2743
6.4427,5.5945
6.4427,5.8928
6.4427,6.7394
6.632,7.3948
6.632,6.2743
6.632,7.2848
6.632,6.4199
6.632,6.1431
6.632,6.3839
6.632,6.7394
-2.3298,-1.8249
-2.3298,-2.4588
-2.3298,-2.7389
-2.3298,-3.0599
-2.3298,-1.5092
-2.3298,-2.854
-2.3298,-1.8686
-2.3298,-2.3099
-2.9973,-2.7498
-2.9973,-3.3943
-2.9973,-3.6062
-2.9973,-2.854
-2.9973,-2.2514
-2.9973,-2.3849
5.5084,4.6654
5.5084,5.8291
5.5084,5.5302
5.5084,6.1348
5.5084,5.7581
5.5084,5.0717
-6.2395,-5.4827
-6.2395,-5.7597
6.1348,5.5084
6.1348,5.7581
6.1348,6.5186
-3.6062,-2.7498
-3.6062,-2.9973
-3.6062,-2.854
-5.1568,-5.87
-5.1568,-6.001
-5.1398,-5.5808
-5.1398,-5.064
-5.1398,-4.2465
-5.1398,-5.0546
-5.1398,-6.1071
-0.75624,-0.91846
-0.75624,0.15502
-0.75624,0.030272
3.8417,4.1869
3.8417,4.7309
2.8302,3.2745
-6.4662,-6.2772
-6.4662,-6.6594
5.7581,6.4793
5.7581,5.8291
5.7581,5.5302
5.7581,5.5084
5.7581,6.1348
5.7581,6.5186
-2.854,-2.7498
-2.854,-2.4588
-2.854,-2.7389
-2.854,-3.0599
-2.854,-2.3298
-2.854,-2.9973
-2.854,-3.6062
-2.854,-2.3849
-5.3629,-4.6623
-5.3629,-5.6416
-5.3629,-6.2383
2.4303,3.1348
2.4303,1.8622
2.4303,3.2745
3.0638,2.9152
3.0638,3.1781
3.0638,3.7308
3.0638,3.8052
-1.0147,-0.72407
-1.0147,-1.552
-1.0147,-1.6955
-4.618,-3.7504
-4.618,-4.2217
-4.618,-4.2465
-4.618,-5.1516
-4.618,-5.0546
-4.618,-5.3869
-1.6955,-1.552
-1.6955,-1.0147
-1.6955,-2.2514
-1.6955,-2.3849
-7.9653,-7.3311
-7.9653,-8.4755
4.8349,4.3584
4.8349,5.4076
7.5559,8.4088
7.5559,8.1292
-1.8686,-1.8249
-1.8686,-2.4588
-1.8686,-1.552
-1.8686,-1.5092
-1.8686,-2.3298
-1.8686,-1.162
-1.8686,-2.3849
4.9271,5.1056
4.9271,4.1869
4.9271,4.6639
4.9271,5.9161
4.9271,4.7309
4.9271,5.7445
-1.6209,-1.7667
-1.6209,-2.1028
-1.6209,-1.0058
-3.1847,-2.7389
-3.1847,-3.0599
-3.1847,-2.3099
-5.5424,-5.064
-2.2514,-2.9973
-2.2514,-1.6955
-2.2514,-2.3849
3.2745,3.1348
3.2745,2.8302
3.2745,2.4303
3.2745,3.925
5.0717,5.5084
5.0717,4.211
-2.9967,-2.706
-5.1516,-5.4827
-5.1516,-4.2217
-5.1516,-6.0033
-5.1516,-4.618
-5.1516,-5.3869
3.2447,2.8078
3.2447,2.5806
3.2447,3.8857
-6.6884,-7.3311
-6.6884,-7.3029
-6.6884,-6.0297
-7.4154,-6.6594
4.211,5.0717
4.1232,4.8502
4.1232,3.8255
4.1232,4.3584
4.1232,4.735
4.1232,4.8662
4.1232,3.7308
4.1232,3.9792
4.1232,3.8052
-1.6076,-1.9668
-1.6076,-0.98432
-1.6213,-1.7667
-1.6213,-1.9668
-1.6213,-0.94731
3.8857,3.2447
3.8857,4
5.4076,4.8502
5.4076,4.8662
5.4076,4.8349
5.4076,6.2027
-1.9885,-2.706
-8.4755,-7.7701
-8.4755,-7.9653
-4.2704,-4.6623
-4.2704,-3.3048
-4.2704,-4.7574
-5.3257,-5.6416
-5.3257,-5.7597
-5.3257,-4.7574
-1.0058,-1.7667
-1.0058,-0.6102
-1.0058,-1.6209
-7.7985,-6.8602
-3.3048,-3.6715
-3.3048,-4.2704
5.0289,4.8502
5.0289,4.735
5.0289,4.8662
5.0289,4.8047
3.925,3.2745
3.9085,4.1163
3.9085,4.735
3.9085,3.1706
3.9085,3.0714
3.9085,3.7308
3.9085,3.9792
3.9085,3.8052
-5.0546,-5.5808
-5.0546,-4.2465
-5.0546,-5.1398
-5.0546,-4.618
-5.0546,-5.3869
6.3839,6.1896
6.3839,7.2848
6.3839,6.4199
6.3839,6.632
6.5186,6.4793
6.5186,6.1348
6.5186,5.7581
3.4291,4.1869
3.4291,4
5.8928,5.5945
5.8928,6.4427
-2.3099,-2.0221
-2.3099,-1.8249
-2.3099,-2.7389
-2.3099,-1.5092
-2.3099,-2.3298
-2.3099,-3.1847
-6.5106,-6.8602
-6.5106,-6.0033
-6.5106,-6.0356
-6.5106,-7.1283
3.8052,4.3584
3.8052,2.9152
3.8052,3.1781
3.8052,3.7308
3.8052,3.9792
3.8052,3.0638
3.8052,4.1232
3.8052,3.9085
-6.4695,-5.7597
-6.4695,-6.4314
-0.39754,-0.98432
7.4386,6.4793
-4.2191,-3.9732
-6.2383,-5.3629
-6.2383,-6.4314
6.2027,5.4076
6.7394,7.3948
6.7394,6.2743
6.7394,6.1431
6.7394,6.4427
6.7394,6.632
-6.77,-7.3029
4.7309,4.6654
4.7309,5.1056
4.7309,4.1869
4.7309,5.5302
4.7309,3.8417
4.7309,4.9271
-6.7553,-6.7166
-6.7553,-5.87
-6.7553,-6.001
-5.3869,-5.5808
-5.3869,-6.0033
-5.3869,-6.0356
-5.3869,-4.618
-5.3869,-5.1516
-5.3869,-5.0546
-6.1071,-5.5808
-6.1071,-6.8602
-6.1071,-6.6594
-6.1071,-5.1398
-7.1283,-6.5106
-7.1283,-6.5394
-2.6578,-1.9668
-2.6578,-2.9353
8.1292,8.4088
8.1292,7.5706
8.1292,8.739
8.1292,7.5559
-2.9353,-3.0551
-2.9353,-2.6578
-6.5394,-6.0033
-6.5394,-7.1283
1.1583,1.8784
1.1583,0.79203
0.11295,0.030272
4.8047,4.1163
4.8047,4.735
4.8047,5.0289
-1.162,-1.1438
-1.162,-1.8249
-1.162,-0.72407
-1.162,-1.5092
-1.162,-1.8686
3.2271,2.7216
-0.98432,-1.9668
-0.98432,-0.94731
-0.98432,-1.6076
-0.98432,-0.39754
-6.4314,-5.6416
-6.4314,-6.4695
-6.4314,-6.2383
-4.7574,-4.8665
-4.7574,-4.2704
-4.7574,-5.3257
4,4.1869
4,4.6639
4,3.8857
4,3.4291
0.79203,0.0020277
0.79203,1.1583
-2.3849,-2.7498
-2.3849,-2.4588
-2.3849,-1.552
-2.3849,-2.9973
-2.3849,-2.854
-2.3849,-1.6955
-2.3849,-1.8686
-2.3849,-2.2514
5.7445,5.1056
5.7445,5.8291
5.7445,5.9161
5.7445,4.9271
