-0.5421,0.23931
-0.5421,-0.96473
-7.765,-7.6117
-7.765,-7.0177
-5.8182,-5.7301
-5.8182,-6.3993
-5.8182,-4.966
-5.8182,-5.081
-5.102,-5.9245
-5.102,-5.0649
0.29756,0.93092
-5.9818,-6.2561
-5.9818,-5.4224
-7.1069,-6.6028
-7.1069,-6.4047
-6.2489,-7.0696
5.657,4.8576
5.657,5.6762
5.657,6.3675
-4.6028,-3.9182
-4.6028,-4.4705
-4.6028,-4.6989
-4.6028,-3.9005
-4.6028,-5.0812
-4.6028,-5.0977
6.4048,5.6762
6.4048,7.3026
-5.7301,-5.8182
-5.7301,-6.3749
-5.7301,-6.3993
-5.7301,-5.081
-5.9245,-5.102
-5.9245,-6.023
-5.9245,-6.0662
-5.9245,-6.8106
7.3709,6.7959
7.3709,6.8709
3.1899,3.5588
3.1899,2.6048
3.1899,2.321
-6.6028,-7.1069
-6.6028,-6.2561
-6.6028,-6.042
8.0554,7.3107
-4.3233,-4.8366
-4.3233,-4.6989
-4.3233,-4.9088
-4.3233,-3.6138
5.914,6.2032
5.914,5.0504
5.914,5.2514
5.914,6.6448
5.914,5.7558
-3.7825,-4.2691
-3.7825,-3.1143
-3.7825,-4.3039
-5.0994,-4.966
-5.0994,-4.2691
-0.14852,-1.0178
-0.14852,-0.86307
2.7704,3.1999
2.7704,1.91
3.5588,3.1899
3.5588,4.1452
-6.2895,-5.918
-6.2895,-7.0453
-6.2895,-6.8152
1.9015,2.5311
1.9015,0.93092
7.6929,8.1823
-5.8052,-6.4047
-5.8052,-5.4609
-5.8052,-5.4585
-5.8052,-5.7351
-5.8052,-6.042
-5.8052,-5.0812
-5.8052,-5.0977
-1.9378,-1.993
-1.9378,-1.8798
6.316,7.1797
6.316,6.8709
4.1452,3.5588
4.1452,5.0504
4.1452,4.7308
4.1452,4.2111
-2.8374,-3.4057
-2.8374,-3.4649
-1.3797,-0.42528
-1.3797,-1.0039
-1.3797,-0.83255
2.5381,2.5311
2.5381,1.5876
2.5381,3.5243
2.5381,1.91
-4.3006,-3.4649
-4.3006,-3.7736
0.71504,0.19301
-0.98027,-0.63856
-0.98027,-0.26237
-0.98027,-0.1924
-3.9182,-4.6028
-3.9182,-4.4705
-3.9182,-3.9005
6.2032,5.914
6.2032,5.2514
6.2032,6.6448
6.2032,6.9426
6.2032,5.8085
-8.73,-7.9417
3.8936,4.8576
3.8936,3.8784
7.8464,7.1797
4.8576,5.657
4.8576,3.8936
4.8576,4.5969
4.8576,5.6762
2.7483,2.1781
2.7483,3.239
2.7483,1.889
-6.3749,-5.7301
-7.6117,-7.765
-7.6117,-6.8106
6.7959,7.3709
6.7959,6.5454
6.7959,6.8709
0.44128,1.0713
0.44128,-0.42528
0.44128,-0.16835
0.44128,0.58769
0.44128,-0.024997
-6.023,-5.9245
-6.023,-6.8106
-6.023,-6.7509
0.23837,-0.17909
2.1444,2.1781
2.1444,1.2656
4.9198,5.0504
4.9198,4.8351
4.9198,4.2111
4.9198,5.7558
5.0504,5.914
5.0504,4.1452
5.0504,4.9198
5.0504,5.2514
5.0504,4.2111
5.0504,5.7558
6.7418,7.1797
6.7418,6.068
-6.3993,-5.8182
-6.3993,-5.7301
-4.8366,-4.3233
-4.8366,-4.6989
-4.8366,-5.4609
-4.8366,-5.4585
-4.8366,-5.0812
-4.8366,-5.4224
-4.9731,-4.4705
-4.9731,-5.7351
-4.9731,-5.0977
8.0912,7.3026
8.0912,7.3107
-5.2878,-5.2376
-5.2878,-4.3934
1.0713,0.44128
1.0713,0.96991
2.5311,1.9015
2.5311,2.5381
-3.4057,-2.8374
-3.4057,-3.7736
1.1469,1.6912
1.1469,1.7441
1.1469,0.5281
0.23931,-0.5421
0.23931,0.96991
0.23931,-0.024997
-7.0177,-7.765
-7.0177,-6.8152
-7.0177,-6.0662
-7.0177,-6.8106
0.99785,1.889
0.99785,1.4656
4.9036,5.698
-0.42528,-1.3797
-0.42528,0.44128
-0.42528,-0.16835
-0.42528,-1.0039
-0.42528,-0.83255
-0.42528,-0.17909
-2.7024,-1.993
-2.7024,-2.5087
-2.7024,-3.1143
-2.7024,-3.4768
-5.918,-6.2895
-5.918,-5.2376
-5.918,-6.8152
-5.918,-6.0662
-5.918,-5.0649
5.7459,5.698
-7.0453,-6.2895
-0.96473,-0.5421
-0.96473,-1.0039
-0.96473,-0.024997
4.8658,5.0931
4.8658,3.9823
3.8784,3.8936
3.8784,4.5969
1.5876,2.5381
1.5876,1.91
-4.4705,-4.6028
-4.4705,-3.9182
-4.4705,-4.9731
-4.4705,-5.0977
4.5969,4.8576
4.5969,3.8784
4.5969,5.303
-0.6787,-0.63856
-0.6787,-0.25358
-0.6787,0.031357
-0.63856,-0.98027
-0.63856,-0.6787
-0.63856,0.031357
-0.63856,-0.1924
1.6912,1.1469
1.6912,2.321
-5.2376,-5.2878
-5.2376,-5.918
-5.2376,-4.3934
-5.2376,-5.0649
1.7441,1.1469
1.7441,2.6048
1.7441,2.321
-1.993,-1.9378
-1.993,-2.7024
-1.993,-1.0178
-1.993,-1.4458
-1.993,-1.8425
6.6283,6.6448
6.6283,5.7771
5.6762,5.657
5.6762,6.4048
5.6762,4.8576
5.6762,5.303
-1.8798,-1.9378
-1.8798,-1.0129
2.6048,3.1899
2.6048,1.7441
2.6048,2.321
4.8351,4.9198
4.8351,5.7771
-6.4047,-7.1069
-6.4047,-5.8052
-6.4047,-5.7351
-6.4047,-6.042
7.1797,6.316
7.1797,7.8464
7.1797,6.7418
7.1797,7.6585
-4.6989,-4.6028
-4.6989,-4.3233
-4.6989,-4.8366
-4.6989,-5.4609
-4.6989,-5.4585
-4.6989,-3.9005
-4.6989,-5.0812
-4.6989,-5.0977
4.7308,4.1452
4.7308,5.2514
4.7308,5.5063
-4.9088,-4.3233
-4.9088,-5.4224
0.93092,0.29756
0.93092,1.9015
5.0931,4.8658
5.0931,4.2297
-1.0178,-0.14852
-1.0178,-1.993
-1.0178,-1.4458
-0.25358,-0.6787
-0.25358,0.68349
-0.25358,-0.88794
6.3758,6.8769
6.6854,6.8769
7.3026,6.4048
7.3026,8.0912
6.3675,5.657
5.2514,5.914
5.2514,6.2032
5.2514,5.0504
5.2514,4.7308
5.2514,5.8085
6.6448,5.914
6.6448,6.2032
6.6448,6.6283
6.6448,7.165
6.6448,6.9426
6.6448,5.7558
-2.5087,-2.7024
-2.5087,-3.4768
-2.5087,-1.8425
7.165,6.6448
7.165,6.9426
-7.0696,-6.2489
-7.0696,-7.8725
-1.0129,-1.8798
0.031357,-0.6787
0.031357,-0.63856
0.031357,0.5281
0.031357,-0.1924
0.19301,0.71504
0.19301,1.0981
3.9823,4.8658
3.9823,3.5243
3.9823,4.2297
2.1781,2.7483
2.1781,2.1444
2.1781,1.4656
-0.16835,0.44128
-0.16835,-0.42528
-0.16835,0.58769
-0.16835,-1.0039
-0.16835,-0.024997
5.7771,6.6283
5.7771,4.8351
5.7771,5.7558
-4.966,-5.8182
-4.966,-5.0994
-4.966,-4.2691
-4.966,-5.081
3.5243,2.5381
3.5243,3.9823
-5.4609,-5.8052
-5.4609,-4.8366
-5.4609,-4.6989
-5.4609,-5.4585
-5.4609,-6.2561
-5.4609,-6.042
-5.4609,-5.0812
-5.4609,-5.0977
-5.4609,-5.4224
7.3386,6.5454
7.3386,6.9426
0.071847,-0.26237
6.5454,6.7959
6.5454,7.3386
8.1823,7.6929
8.1823,7.563
-5.4585,-5.8052
-5.4585,-4.8366
-5.4585,-4.6989
-5.4585,-5.4609
-5.4585,-6.2561
-5.4585,-6.042
-5.4585,-5.0812
-5.4585,-5.4224
-3.4649,-2.8374
-3.4649,-4.3006
-3.4649,-3.7736
5.5063,4.7308
5.5063,5.8085
0.58769,0.44128
0.58769,-0.16835
0.58769,-0.17909
-6.8152,-6.2895
-6.8152,-7.0177
-6.8152,-5.918
-6.8152,-6.0662
3.8529,4.2111
3.239,2.7483
-7.719,-7.9417
6.9426,6.2032
6.9426,6.6448
6.9426,7.165
6.9426,7.3386
3.1999,2.7704
0.5281,1.1469
0.5281,0.031357
0.5281,0.55661
-0.26237,-0.98027
-0.26237,0.071847
-0.26237,-0.1924
1.91,2.7704
1.91,2.5381
1.91,1.5876
1.91,1.9127
6.8769,6.3758
6.8769,6.6854
6.8769,7.563
1.889,2.7483
1.889,0.99785
1.889,1.4656
-3.9005,-4.6028
-3.9005,-3.9182
-3.9005,-4.6989
-3.9005,-3.6138
-5.7351,-5.8052
-5.7351,-4.9731
-5.7351,-6.4047
-5.7351,-5.0812
-5.7351,-5.0977
-4.2316,-4.3934
-4.2316,-5.0649
-6.0662,-5.9245
-6.0662,-7.0177
-6.0662,-5.918
-6.0662,-6.8152
1.9127,1.91
1.9127,1.0981
-6.2561,-5.9818
-6.2561,-6.6028
-6.2561,-5.4609
-6.2561,-5.4585
-6.2561,-6.042
-6.2561,-5.4224
0.68349,-0.25358
7.563,8.1823
7.563,6.8769
-4.2691,-3.7825
-4.2691,-5.0994
-4.2691,-4.966
-4.2691,-3.9923
-3.1143,-3.7825
-3.1143,-2.7024
-3.1143,-2.882
1.2656,2.1444
1.2656,1.4656
2.321,3.1899
2.321,1.6912
2.321,1.7441
2.321,2.6048
-3.9923,-4.2691
-6.042,-6.6028
-6.042,-5.8052
-6.042,-6.4047
-6.042,-5.4609
-6.042,-5.4585
-6.042,-6.2561
4.2297,5.0931
4.2297,3.9823
-5.0812,-4.6028
-5.0812,-5.8052
-5.0812,-4.8366
-5.0812,-4.6989
-5.0812,-5.4609
-5.0812,-5.4585
-5.0812,-5.7351
-5.0812,-5.0977
0.55661,0.5281
0.55661,-0.1924
5.303,4.5969
5.303,5.6762
-1.0039,-1.3797
-1.0039,-0.42528
-1.0039,-0.96473
-1.0039,-0.16835
0.96991,1.0713
0.96991,0.23931
0.96991,1.0981
7.3107,8.0554
7.3107,8.0912
4.2111,4.1452
4.2111,4.9198
4.2111,5.0504
4.2111,3.8529
-1.4458,-1.993
-1.4458,-1.0178
-1.4458,-0.86307
-1.4458,-1.8425
-5.0977,-4.6028
-5.0977,-5.8052
-5.0977,-4.9731
-5.0977,-4.4705
-5.0977,-4.6989
-5.0977,-5.4609
-5.0977,-5.7351
-5.0977,-5.0812
-3.4768,-2.7024
-3.4768,-2.5087
-3.4768,-4.3039
-4.3934,-5.2878
-4.3934,-5.2376
-4.3934,-4.2316
-0.83255,-1.3797
-0.83255,-0.42528
-0.83255,-0.17909
-7.8725,-7.0696
-5.081,-5.8182
-5.081,-5.7301
-5.081,-4.966
-5.081,-4.3039
-5.4224,-5.9818
-5.4224,-4.8366
-5.4224,-4.9088
-5.4224,-5.4609
-5.4224,-5.4585
-5.4224,-6.2561
5.698,4.9036
5.698,5.7459
-0.024997,0.44128
-0.024997,0.23931
-0.024997,-0.96473
-0.024997,-0.16835
-0.1924,-0.98027
-0.1924,-0.63856
-0.1924,0.031357
-0.1924,-0.26237
-0.1924,0.55661
1.4656,0.99785
1.4656,2.1781
1.4656,1.889
1.4656,1.2656
-0.86307,-0.14852
-0.86307,-1.4458
-6.8106,-5.9245
-6.8106,-7.6117
-6.8106,-6.023
-6.8106,-7.0177
-6.8106,-6.7509
-3.7736,-4.3006
-3.7736,-3.4057
-3.7736,-3.4649
-6.7509,-6.023
-6.7509,-6.8106
-1.8425,-1.993
-1.8425,-2.5087
-1.8425,-1.4458
7.6585,7.1797
7.6585,6.8709
-0.88794,-0.25358
-3.6138,-4.3233
-3.6138,-3.9005
5.8085,6.2032
5.8085,5.2514
5.8085,5.5063
6.068,6.7418
-5.0649,-5.102
-5.0649,-5.918
-5.0649,-5.2376
-5.0649,-4.2316
-4.3039,-3.7825
-4.3039,-3.4768
-4.3039,-5.081
-2.882,-3.1143
1.0981,0.19301
1.0981,1.9127
1.0981,0.96991
-7.9417,-8.73
-7.9417,-7.719
6.8709,7.3709
6.8709,6.316
6.8709,6.7959
6.8709,7.6585
5.7558,5.914
5.7558,4.9198
5.7558,5.0504
5.7558,6.6448
5.7558,5.7771
-0.17909,0.23837
-0.17909,-0.42528
-0.17909,0.58769
-0.17909,-0.83255
