4.7904,5.1687
4.7904,4.5669
4.7904,5.1387
4.7904,4.2743
4.7904,5.723
4.7904,5.3558
-1.5212,-2.0147
-1.5212,-1.04
-1.5212,-1.8799
-1.5212,-1.0926
-1.5212,-1.4353
-1.5212,-0.84269
-5.2237,-4.8347
-5.2237,-5.395
-5.2237,-5.4536
-5.2237,-5.9464
-5.2237,-4.8257
-5.2237,-5.8601
-2.0147,-1.5212
-2.0147,-2.8814
-2.0147,-1.04
-2.0147,-2.6125
-2.0147,-1.8799
-2.0147,-1.0926
-2.0147,-1.9013
1.1877,1.6192
1.1877,0.55476
1.1877,0.76343
4.7667,4.2278
4.7667,5.008
4.7667,4.5661
4.7667,5.037
4.7667,4.0948
4.7667,4.3989
4.7667,5.2117
4.7667,4.035
4.7667,5.201
4.2278,4.7667
4.2278,4.5661
4.2278,4.3989
4.2278,3.8178
4.2278,4.035
4.2278,3.3855
-4.8347,-5.2237
-4.8347,-5.395
-4.8347,-5.4536
-4.8347,-4.0144
-4.8347,-4.8257
-4.8347,-4.0839
-4.8347,-4.8441
-4.8347,-4.2895
6.6893,5.7146
6.6893,6.9298
6.6893,5.9853
6.6893,6.353
5.008,4.7667
5.008,5.7833
5.008,5.037
5.008,4.147
5.008,5.4125
5.008,4.0948
5.008,5.004
5.008,4.3989
5.008,4.584
5.7146,6.6893
5.7146,5.0371
5.7146,5.9853
5.7146,4.9182
5.7146,4.8455
5.7146,5.5175
5.7146,6.353
-5.395,-5.2237
-5.395,-4.8347
-5.395,-5.9464
-5.395,-4.8257
-5.395,-5.1052
-5.395,-6.2526
-3.7092,-4.0144
-3.7092,-4.0839
-3.7092,-2.8673
-0.50943,-0.13645
-0.50943,-0.99418
-0.50943,0.42381
-1.2409,-0.52136
-1.2409,-1.2537
-1.2409,-0.84207
-1.2409,-1.8746
5.4177,6.0215
5.4177,4.5977
5.4177,5.2425
4.5661,4.7667
4.5661,4.2278
4.5661,3.8178
4.5661,5.2117
5.7833,5.008
5.7833,5.037
5.7833,6.1724
5.7833,5.004
5.7833,5.201
-1.3582,-1.3592
-1.3582,-0.97698
-1.3582,-1.8245
-1.3582,-0.99418
-1.3582,-1.7259
-1.3582,-2.1172
-5.4536,-5.2237
-5.4536,-4.8347
-5.4536,-5.8601
-5.4536,-4.8441
-5.4536,-6.0286
-2.8814,-2.0147
-2.8814,-2.6125
-2.8814,-2.8673
-2.8814,-3.3702
-7.7046,-6.8376
-7.7046,-7.1408
-6.413,-5.975
-6.413,-5.9559
-6.413,-6.8376
-6.413,-7.1408
3.3899,3.1324
-0.52136,-1.2409
-0.52136,-1.2537
-0.52136,-0.19404
-0.52136,-0.9869
-1.04,-1.5212
-1.04,-2.0147
-1.04,-0.13003
-1.04,-1.8799
-1.04,-1.0926
-1.04,-0.84269
-1.04,-0.92523
0.18039,-0.19404
-7.7042,-6.8839
-7.7042,-8.6006
-7.7042,-7.6337
5.037,4.7667
5.037,5.008
5.037,5.7833
5.037,4.0948
5.037,5.004
5.037,4.3989
5.037,4.035
5.037,4.584
5.037,5.201
-4.0695,-4.163
-4.0695,-4.4943
-4.0695,-3.3938
4.1085,4.1847
4.1085,3.3413
4.1085,4.5977
1.2513,1.2814
1.2513,1.8247
1.2513,0.42381
-1.2537,-1.2409
-1.2537,-0.52136
-1.2537,-1.8805
-1.2537,-1.8245
-1.2537,-1.8746
-1.2537,-0.9869
6.88,7.0257
6.88,5.9432
6.88,6.4903
6.88,6.2397
6.5527,6.2284
6.5527,6.4903
6.5527,5.8342
6.5527,5.9403
6.5527,7.4803
6.5527,5.723
1.9696,1.2626
1.9696,2.4273
1.9696,1.6192
1.9696,2.367
6.1724,5.7833
6.1724,5.4125
6.1724,7.0257
6.1724,5.9432
6.1724,6.2397
2.8743,2.4273
2.8743,3.1324
2.8743,3.6151
-4.6891,-4.0019
-4.6891,-4.887
-4.6891,-4.163
-4.6891,-5.0329
-4.6891,-4.4943
-4.6891,-5.4039
4.147,5.008
4.147,4.0948
4.147,3.3033
4.147,5.004
4.147,3.7304
4.147,4.5669
4.147,4.584
-1.3592,-1.3582
-1.3592,-1.8805
-1.3592,-2.3574
-1.3592,-0.97698
-1.3592,-1.8245
-1.3592,-0.99418
-1.3592,-0.9869
-1.3592,-2.1172
8.6292,9.4281
8.6292,9.0363
6.9298,6.6893
6.9298,6.0215
1.2814,1.2513
1.2814,1.8247
1.2814,0.42381
6.0215,5.4177
6.0215,6.9298
6.0215,5.9853
6.0215,5.2425
-5.8715,-6.4759
-5.8715,-5.6608
-5.8715,-5.3535
-5.8715,-6.503
-5.9464,-5.2237
-5.9464,-5.395
-5.9464,-5.8601
-5.9464,-6.2526
-5.9464,-6.5396
-3.5675,-4.2895
-3.5675,-4.4803
-3.5675,-3.3702
-0.13645,-0.50943
-0.13645,-0.97698
-0.13645,-0.99418
-0.13645,-0.2967
-0.13645,-0.30776
-0.13645,0.42381
5.9197,6.2927
5.9197,4.9481
5.9197,6.2284
5.9197,5.5423
5.9197,5.8342
5.9197,5.4445
5.9197,6.7663
-4.0144,-4.8347
-4.0144,-3.7092
-4.0144,-4.8257
-4.0144,-4.0839
-4.0144,-4.2895
-4.0144,-4.4803
-4.0144,-3.3702
6.2927,5.9197
6.2927,5.4445
6.2927,6.7663
-7.6968,-7.1768
-2.2103,-1.8805
-2.2103,-2.3574
-2.2103,-2.9591
-2.2103,-1.8245
-2.2103,-2.5404
-2.2103,-2.1172
-1.8805,-1.2537
-1.8805,-1.3592
-1.8805,-2.2103
-1.8805,-1.8245
-1.8805,-2.5404
-1.8805,-1.8746
-1.8805,-0.9869
2.3827,1.8247
-4.8257,-5.2237
-4.8257,-4.8347
-4.8257,-5.395
-4.8257,-4.0144
-4.8257,-5.1052
-4.8257,-4.2895
-4.8257,-4.4803
5.4125,5.008
5.4125,6.1724
5.4125,5.004
5.4125,5.9432
5.4125,6.2397
5.4125,4.5669
5.4125,5.1387
5.4125,5.723
4.0948,4.7667
4.0948,5.008
4.0948,5.037
4.0948,4.147
4.0948,3.3033
4.0948,3.7304
4.0948,4.3989
4.0948,4.035
4.0948,4.584
6.034,5.5175
6.034,6.353
6.034,6.8508
-0.13003,-1.04
-0.13003,-1.0926
-0.13003,-0.84269
-7.122,-6.5396
1.2626,1.9696
1.2626,0.55476
7.0257,6.88
7.0257,6.1724
-4.0019,-4.6891
-4.0019,-3.5069
-4.0019,-4.163
-4.0019,-4.0185
-4.0019,-3.4001
-4.0019,-4.4943
4.9481,5.9197
4.9481,4.7315
4.9481,5.4445
-2.4668,-2.6125
-2.4668,-1.8799
-4.887,-4.6891
-4.887,-4.0185
-4.887,-5.0329
-4.887,-5.6608
-7.5722,-7.0738
-7.5722,-7.9785
-7.5722,-7.6337
-7.5722,-8.5046
-7.5722,-6.6909
6.2284,6.5527
6.2284,5.9197
6.2284,5.5423
6.2284,6.4903
6.2284,5.8342
6.2284,5.9403
6.2284,6.7663
-2.6125,-2.0147
-2.6125,-2.8814
-2.6125,-2.4668
-2.6125,-1.8799
-2.6125,-3.3702
-7.0738,-7.5722
-7.0738,-7.9785
-7.0738,-6.6909
5.5423,5.9197
5.5423,6.2284
5.5423,5.1687
5.5423,4.7315
5.5423,5.8342
5.5423,5.4445
5.5423,5.9403
5.5423,5.3558
4.1847,4.1085
4.1847,5.0371
4.1847,4.9182
4.1847,4.5977
4.1847,3.6015
5.0371,5.7146
5.0371,4.1847
5.0371,5.9853
5.0371,4.9182
5.0371,4.5977
5.0371,5.2425
2.4273,1.9696
2.4273,2.8743
2.4273,1.6192
2.4273,2.0513
3.3033,4.147
3.3033,4.0948
3.3033,3.1341
3.3033,3.7304
3.3033,4.035
5.9853,6.6893
5.9853,5.7146
5.9853,6.0215
5.9853,5.0371
-0.022541,0.76343
-3.5069,-4.0019
-3.5069,-3.1508
-3.5069,-4.0185
-3.5069,-3.4001
-3.5069,-2.6985
-0.19404,-0.52136
-0.19404,0.18039
-0.19404,-0.84207
-1.8799,-1.5212
-1.8799,-2.0147
-1.8799,-1.04
-1.8799,-2.4668
-1.8799,-2.6125
-1.8799,-1.4353
5.1687,4.7904
5.1687,5.5423
5.1687,4.7315
5.1687,5.8342
5.1687,5.9403
5.1687,4.2743
5.1687,5.3558
-3.1508,-3.5069
-3.1508,-4.0185
-3.1508,-2.6985
-5.1119,-5.5324
-5.1119,-4.4943
-5.1119,-5.9559
-5.1119,-5.4039
-2.3574,-1.3592
-2.3574,-2.2103
-2.3574,-2.9591
-2.3574,-1.8245
-2.3574,-2.7962
-2.3574,-2.1172
4.9182,5.7146
4.9182,4.1847
4.9182,5.0371
4.9182,4.8455
4.9182,5.2425
-4.163,-4.0695
-4.163,-4.6891
-4.163,-4.0019
-4.163,-3.4001
-4.163,-4.4943
-4.163,-3.3938
-4.0185,-4.0019
-4.0185,-4.887
-4.0185,-3.5069
-4.0185,-3.1508
-2.9591,-2.2103
-2.9591,-2.3574
-2.9591,-2.7962
-2.9591,-2.5404
3.5678,3.8178
3.5678,3.3855
1.8247,1.2513
1.8247,1.2814
1.8247,2.3827
3.1341,3.3033
3.1341,3.7304
3.1341,3.8178
3.1341,4.035
3.1341,3.3855
-0.97698,-1.3582
-0.97698,-1.3592
-0.97698,-0.13645
-0.97698,-1.8245
-0.97698,-0.99418
-0.97698,-0.2967
-0.97698,-0.30776
-0.97698,-0.9869
5.004,5.008
5.004,5.7833
5.004,5.037
5.004,4.147
5.004,5.4125
5.004,4.5669
5.004,5.1387
5.004,4.584
1.6192,1.1877
1.6192,1.9696
1.6192,2.4273
1.6192,2.0513
4.8455,5.7146
4.8455,4.9182
4.8455,5.5175
-5.975,-6.413
-5.975,-5.0329
-5.975,-5.6608
-5.975,-5.9559
-5.975,-5.4039
-5.975,-6.8376
2.0513,2.4273
2.0513,1.6192
2.0513,3.0042
-7.9785,-7.5722
-7.9785,-7.0738
-6.8839,-7.7042
-6.8839,-7.6337
-6.8839,-6.6909
5.5175,5.7146
5.5175,6.034
5.5175,4.8455
5.5175,6.353
5.5175,4.9674
6.353,6.6893
6.353,5.7146
6.353,6.034
6.353,5.5175
6.353,6.8508
-1.8245,-1.3582
-1.8245,-1.2537
-1.8245,-1.3592
-1.8245,-2.2103
-1.8245,-1.8805
-1.8245,-2.3574
-1.8245,-0.97698
-1.8245,-0.9869
-1.8245,-2.1172
-2.8401,-2.0936
-2.8401,-2.7962
5.9432,6.88
5.9432,6.1724
5.9432,5.4125
5.9432,6.2397
5.9432,5.1387
5.9432,5.723
-6.2009,-5.5324
-6.2009,-5.9559
-6.2009,-6.8183
6.4903,6.88
6.4903,6.5527
6.4903,6.2284
6.4903,5.8342
6.4903,6.2397
6.4903,5.9403
6.4903,5.723
-2.0936,-2.8401
-2.0936,-1.7259
-2.0936,-2.1172
-5.1052,-5.395
-5.1052,-4.8257
-5.1052,-4.2895
-5.1052,-4.4803
-5.0329,-4.6891
-5.0329,-4.887
-5.0329,-5.975
-5.0329,-5.6608
-5.0329,-4.4943
-5.0329,-5.4039
0.55476,1.1877
0.55476,1.2626
4.7315,4.9481
4.7315,5.5423
4.7315,5.1687
4.7315,5.4445
4.7315,4.2743
3.3413,4.1085
-6.4759,-5.8715
-6.4759,-6.503
-6.4759,-7.1768
5.8342,6.5527
5.8342,5.9197
5.8342,6.2284
5.8342,5.5423
5.8342,5.1687
5.8342,6.4903
5.8342,5.4445
5.8342,5.9403
5.8342,5.3558
-2.7962,-2.3574
-2.7962,-2.9591
-2.7962,-2.8401
-2.7962,-2.1172
-5.8601,-5.2237
-5.8601,-5.4536
-5.8601,-5.9464
-5.8601,-6.5438
-5.8601,-6.5396
2.367,1.9696
2.367,3.1324
3.7304,4.147
3.7304,4.0948
3.7304,3.3033
3.7304,3.1341
3.7304,4.3989
3.7304,3.8178
3.7304,4.035
-0.99418,-0.50943
-0.99418,-1.3582
-0.99418,-1.3592
-0.99418,-0.13645
-0.99418,-0.97698
-0.99418,-0.2967
-0.99418,-1.7259
-5.6608,-5.8715
-5.6608,-4.887
-5.6608,-5.975
-5.6608,-5.0329
-5.6608,-6.503
-0.2967,-0.13645
-0.2967,-0.97698
-0.2967,-0.99418
-0.2967,-0.30776
-8.6006,-7.7042
4.3989,4.7667
4.3989,4.2278
4.3989,5.008
4.3989,5.037
4.3989,4.0948
4.3989,3.7304
4.3989,3.8178
4.3989,4.035
4.3989,4.584
4.3989,5.201
6.2397,6.88
6.2397,6.1724
6.2397,5.4125
6.2397,5.9432
6.2397,6.4903
6.2397,5.9403
6.2397,5.723
-0.30776,-0.13645
-0.30776,-0.97698
-0.30776,-0.2967
-0.30776,-0.9869
5.4445,5.9197
5.4445,6.2927
5.4445,4.9481
5.4445,5.5423
5.4445,4.7315
5.4445,5.8342
-0.26027,-0.84269
-2.5404,-2.2103
-2.5404,-1.8805
-2.5404,-2.9591
-2.5404,-1.8746
-5.3535,-5.8715
9.4281,8.6292
9.4281,9.0363
-1.7259,-1.3582
-1.7259,-2.0936
-1.7259,-0.99418
-1.7259,-2.1172
4.4067,4.5977
4.5669,4.7904
4.5669,4.147
4.5669,5.4125
4.5669,5.004
4.5669,5.1387
-3.4001,-4.0019
-3.4001,-3.5069
-3.4001,-4.163
-3.4001,-3.3938
-5.5324,-5.1119
-5.5324,-6.2009
3.1324,3.3899
3.1324,2.8743
3.1324,2.367
-7.6337,-7.7042
-7.6337,-7.5722
-7.6337,-6.8839
-7.6337,-8.5046
-7.6337,-6.6909
-6.503,-5.8715
-6.503,-6.4759
-6.503,-5.6608
-6.503,-7.1768
-6.503,-6.8376
5.1387,4.7904
5.1387,5.4125
5.1387,5.004
5.1387,5.9432
5.1387,4.5669
5.1387,5.723
5.1387,5.3558
3.8178,4.2278
3.8178,4.5661
3.8178,3.5678
3.8178,3.1341
3.8178,3.7304
3.8178,4.3989
3.8178,4.035
3.8178,3.3855
-1.0926,-1.5212
-1.0926,-2.0147
-1.0926,-1.04
-1.0926,-0.13003
-1.0926,-0.84269
-1.0926,-0.92523
-1.0926,-1.9013
-1.4353,-1.5212
-1.4353,-1.8799
-1.4353,-0.84269
3.6151,2.8743
5.2117,4.7667
5.2117,4.5661
5.2117,5.201
-2.6985,-3.5069
-2.6985,-3.1508
-8.5046,-7.5722
-8.5046,-7.6337
-4.0839,-4.8347
-4.0839,-3.7092
-4.0839,-4.0144
-4.0839,-4.8441
-4.8441,-4.8347
-4.8441,-5.4536
-4.8441,-4.0839
-0.84269,-1.5212
-0.84269,-1.04
-0.84269,-0.13003
-0.84269,-0.26027
-0.84269,-1.0926
-0.84269,-1.4353
-7.1768,-7.6968
-7.1768,-6.4759
-7.1768,-6.503
-7.1768,-6.8376
-0.84207,-1.2409
-0.84207,-0.19404
-2.8673,-3.7092
-2.8673,-2.8814
-2.8673,-1.9013
4.035,4.7667
4.035,4.2278
4.035,5.037
4.035,4.0948
4.035,3.3033
4.035,3.1341
4.035,3.7304
4.035,4.3989
4.035,3.8178
4.035,3.3855
4.5977,5.4177
4.5977,4.1085
4.5977,4.1847
4.5977,5.0371
4.5977,4.4067
4.5977,5.2425
4.584,5.008
4.584,5.037
4.584,4.147
4.584,4.0948
4.584,5.004
4.584,4.3989
-4.4943,-4.0695
-4.4943,-4.6891
-4.4943,-4.0019
-4.4943,-5.1119
-4.4943,-4.163
-4.4943,-5.0329
-4.4943,-5.4039
5.2425,5.4177
5.2425,6.0215
5.2425,5.0371
5.2425,4.9182
5.2425,4.5977
5.9403,6.5527
5.9403,6.2284
5.9403,5.5423
5.9403,5.1687
5.9403,6.4903
5.9403,5.8342
5.9403,6.2397
5.9403,5.723
5.9403,5.3558
3.0042,2.0513
4.9674,5.5175
-1.8746,-1.2409
-1.8746,-1.2537
-1.8746,-1.8805
-1.8746,-2.5404
-5.9559,-6.413
-5.9559,-5.1119
-5.9559,-5.975
-5.9559,-6.2009
-5.9559,-5.4039
-5.9559,-6.8183
3.3855,4.2278
3.3855,3.5678
3.3855,3.1341
3.3855,3.8178
3.3855,4.035
-6.0286,-5.4536
-6.0286,-6.5438
-0.92523,-1.04
-0.92523,-1.0926
7.4803,6.5527
-4.2895,-4.8347
-4.2895,-3.5675
-4.2895,-4.0144
-4.2895,-4.8257
-4.2895,-5.1052
-4.2895,-4.4803
-4.2895,-3.3702
-6.5438,-5.8601
-6.5438,-6.0286
-6.5438,-6.5396
5.201,4.7667
5.201,5.7833
5.201,5.037
5.201,4.3989
5.201,5.2117
6.8508,6.034
6.8508,6.353
-6.6909,-7.5722
-6.6909,-7.0738
-6.6909,-6.8839
-6.6909,-7.6337
4.2743,4.7904
4.2743,5.1687
4.2743,4.7315
-6.2526,-5.395
-6.2526,-5.9464
-5.4039,-4.6891
-5.4039,-5.1119
-5.4039,-5.975
-5.4039,-5.0329
-5.4039,-4.4943
-5.4039,-5.9559
-6.8376,-7.7046
-6.8376,-6.413
-6.8376,-5.975
-6.8376,-6.503
-6.8376,-7.1768
-6.8376,-7.1408
-7.1408,-7.7046
-7.1408,-6.413
-7.1408,-6.8376
-7.1408,-6.8183
-4.4803,-3.5675
-4.4803,-4.0144
-4.4803,-4.8257
-4.4803,-5.1052
-4.4803,-4.2895
5.723,4.7904
5.723,6.5527
5.723,5.4125
5.723,5.9432
5.723,6.4903
5.723,6.2397
5.723,5.1387
5.723,5.9403
5.723,5.3558
-3.3702,-2.8814
-3.3702,-3.5675
-3.3702,-4.0144
-3.3702,-2.6125
-3.3702,-4.2895
-6.8183,-6.2009
-6.8183,-5.9559
-6.8183,-7.1408
0.42381,-0.50943
0.42381,1.2513
0.42381,1.2814
0.42381,-0.13645
0.42381,0.4245
0.76343,1.1877
0.76343,-0.022541
5.3558,4.7904
5.3558,5.5423
5.3558,5.1687
5.3558,5.8342
5.3558,5.1387
5.3558,5.9403
5.3558,5.723
-0.9869,-0.52136
-0.9869,-1.2537
-0.9869,-1.3592
-0.9869,-1.8805
-0.9869,-0.97698
-0.9869,-1.8245
-0.9869,-0.30776
3.6015,4.1847
-1.9013,-2.0147
-1.9013,-1.0926
-1.9013,-2.8673
-6.5396,-5.9464
-6.5396,-7.122
-6.5396,-5.8601
-6.5396,-6.5438
-3.3938,-4.0695
-3.3938,-4.163
-3.3938,-3.4001
9.0363,8.6292
9.0363,9.4281
-2.1172,-1.3582
-2.1172,-1.3592
-2.1172,-2.2103
-2.1172,-2.3574
-2.1172,-1.8245
-2.1172,-2.0936
-2.1172,-2.7962
-2.1172,-1.7259
6.7663,5.9197
6.7663,6.2927
6.7663,6.2284
0.4245,0.42381
