5.2082,5.453
5.2082,5.9925
5.2082,5.612
5.2082,5.0343
5.2082,5.0128
5.2082,5.9068
5.2082,4.7126
5.2082,5.5522
-1.9759,-1.8818
-1.9759,-2.5869
-1.9759,-1.8059
-1.9759,-1.7165
-1.9759,-1.1983
-5.2252,-4.9086
-5.2252,-6.0919
-5.2252,-5.0028
-5.2252,-5.462
-5.2252,-4.3825
-5.2252,-4.5477
-5.2252,-6.2186
-1.8818,-1.9759
-1.8818,-1.1059
-1.8818,-1.8059
-1.8818,-1.1983
-1.8818,-2.1143
0.92395,1.5921
0.92395,1.2894
0.92395,0.48977
5.1566,4.6721
5.1566,5.1823
5.1566,5.2067
5.1566,5.4944
5.1566,5.7092
5.1566,4.6036
5.1566,4.3932
5.1566,4.9257
4.6721,5.1566
4.6721,5.2067
4.6721,4.5891
4.6721,4.6036
4.6721,4.3932
4.6721,4.9257
4.6721,3.995
-4.9086,-5.2252
-4.9086,-5.5802
-4.9086,-5.0028
-4.9086,-5.9116
-4.9086,-4.3825
-4.9086,-4.7841
6.684,6.5736
6.684,5.8858
6.684,6.116
5.1823,5.1566
5.1823,5.4944
5.1823,5.7368
5.1823,4.3676
5.1823,6.0407
5.1823,5.4436
5.1823,4.6036
5.1823,5.3316
5.1823,4.9257
5.1823,4.8982
5.6542,5.556
5.6542,4.9711
5.6542,5.8858
5.6542,4.8771
5.6542,5.2986
5.6542,6.116
-5.7042,-5.462
-5.7042,-6.2186
-3.8435,-4.1155
-3.8435,-4.3825
-3.8435,-3.0917
-0.30551,-0.63866
-0.30551,-1.1289
-0.30551,-0.50642
-0.30551,0.37191
-0.30551,0.048515
-1.0616,-0.41975
-1.0616,-1.7675
-1.0616,-1.2926
5.9228,6.5736
5.9228,5.556
5.9228,5.8858
5.9228,5.3154
5.2067,5.1566
5.2067,4.6721
5.2067,5.4944
5.2067,5.7092
5.2067,4.5891
5.2067,4.3932
5.2067,5.5785
5.2067,4.9257
5.4944,5.1566
5.4944,5.1823
5.4944,5.2067
5.4944,5.7092
5.4944,5.7368
5.4944,6.0407
5.4944,5.4436
5.4944,4.6036
5.4944,4.9257
5.4944,6.2304
-1.5592,-1.587
-1.5592,-0.63866
-1.5592,-2.3545
-1.5592,-2.2005
-1.5592,-1.2496
-1.5592,-2.093
-1.5592,-1.1289
-1.5592,-1.693
-5.5802,-4.9086
-5.5802,-6.0919
-5.5802,-5.0028
-5.5802,-5.9116
-5.5802,-4.7841
-2.8962,-2.5869
-2.8962,-3.0917
-2.8962,-3.5887
-2.8962,-2.1143
-7.5208,-6.5926
-7.5208,-6.7016
-5.9462,-6.2658
-5.9462,-6.37
-5.9462,-5.0943
-5.9462,-5.9225
-5.9462,-5.0487
-5.9462,-5.5201
-5.9462,-5.5276
3.3793,3.5678
3.3793,4.1717
3.3793,2.9674
-0.41975,-1.0616
-0.41975,-0.53759
-0.41975,-0.50642
-0.41975,-1.2926
-1.1059,-1.8818
-1.1059,-0.28267
-1.1059,-0.87522
-1.1059,-1.1983
0.17621,0.24953
0.17621,1.0354
-7.8625,-7.2722
-7.8625,-8.6792
5.7092,5.1566
5.7092,5.2067
5.7092,5.4944
5.7092,5.5785
5.7092,4.9257
5.7092,6.2304
-4.5666,-4.544
-4.5666,-3.9175
-4.5666,-4.8986
-4.5666,-5.0487
3.9753,4.3759
3.9753,4.9711
3.9753,4.613
3.9753,3.5678
1.4045,1.2743
1.4045,0.45414
-1.3518,-1.587
-1.3518,-2.2614
-1.3518,-1.2496
-1.3518,-2.093
-1.3518,-0.53759
-1.3518,-0.50642
-1.3518,-1.7675
-1.3518,-1.2926
6.3601,6.7454
6.3601,5.7368
6.3601,6.0407
6.3601,5.9816
6.3601,5.852
6.7454,6.3601
6.7454,5.9816
6.7454,6.6181
6.7454,5.852
6.7454,5.9068
6.7454,6.2441
1.9187,2.0636
1.9187,1.102
1.9187,2.6035
1.9187,1.2894
1.9187,1.947
5.7368,5.1823
5.7368,5.4944
5.7368,6.3601
5.7368,6.0407
5.7368,5.4436
5.7368,5.9816
5.7368,5.852
5.7368,5.3316
5.7368,4.8982
2.0636,1.9187
2.0636,2.6035
2.0636,1.5921
2.0636,1.2894
-4.623,-4.0928
-4.623,-4.0526
-4.623,-4.544
-4.623,-5.0943
-4.623,-4.84
-4.623,-3.9175
-4.623,-5.0487
-4.623,-5.5201
4.3329,4.3676
4.3329,5.0128
4.3329,5.3316
4.3329,4.8982
-1.587,-1.5592
-1.587,-1.3518
-1.587,-0.63866
-1.587,-2.2614
-1.587,-2.3545
-1.587,-2.2005
-1.587,-1.2496
-1.587,-2.093
-1.587,-1.1289
9.4375,9.2431
6.5736,6.684
6.5736,5.9228
6.5736,5.8858
0.69321,1.2743
0.69321,0.37191
0.69321,0.048515
5.556,5.6542
5.556,5.9228
5.556,4.9711
5.556,5.8858
5.556,4.613
5.556,4.8771
5.556,5.3154
-5.3534,-5.0481
-5.3534,-5.0943
-5.3534,-4.84
-5.3534,-4.8531
-5.3534,-5.9225
-5.3534,-6.0027
-5.3534,-5.5201
-6.0919,-5.2252
-6.0919,-5.5802
-6.0919,-5.462
-6.0919,-5.9116
-6.0919,-6.7575
-6.0919,-6.2186
-6.0919,-6.9793
-3.501,-2.7763
-3.501,-2.5869
-3.501,-3.5887
-0.63866,-0.30551
-0.63866,-1.5592
-0.63866,-1.587
-0.63866,-1.2496
-0.63866,-1.1289
-0.63866,-0.53759
-0.63866,-0.50642
6.0987,6.7641
6.0987,5.9097
6.0987,5.9114
6.0987,5.6379
-4.1155,-3.8435
-4.1155,-4.3825
-4.1155,-4.5477
-4.1155,-4.6215
-4.1155,-3.5887
6.7641,6.0987
6.7641,6.4083
6.7641,6.7983
-6.5926,-7.5208
-6.5926,-5.8556
-6.5926,-6.0027
-6.5926,-6.7016
-2.2614,-1.3518
-2.2614,-1.587
-2.2614,-2.3545
-2.2614,-2.5986
-2.2614,-2.093
-2.2614,-2.3369
-2.2614,-1.7675
-2.3545,-1.5592
-2.3545,-1.587
-2.3545,-2.2614
-2.3545,-2.2005
-2.3545,-2.5986
-2.3545,-2.093
-2.3545,-3.2077
-2.3545,-2.6872
-5.0028,-5.2252
-5.0028,-4.9086
-5.0028,-5.5802
-5.0028,-5.462
-5.0028,-4.3825
-5.0028,-4.5477
5.453,5.2082
5.453,5.9816
5.453,5.852
5.453,5.0128
5.453,5.3316
5.453,5.9068
5.453,4.7126
5.453,6.2441
5.453,5.5522
4.3676,5.1823
4.3676,4.3329
4.3676,3.6523
4.3676,4.0819
4.3676,4.6036
4.3676,4.9257
4.3676,4.8982
6.4932,6.116
6.4932,5.822
6.4932,7.3352
-0.28267,-1.1059
-0.28267,-0.027496
-0.28267,-0.92916
-0.28267,-1.1983
5.9097,6.0987
5.9097,5.6379
-7.5256,-7.5826
-7.5256,-6.7575
1.102,1.9187
1.102,0.24953
1.102,1.0354
1.102,1.2894
6.0407,5.1823
6.0407,5.4944
6.0407,6.3601
6.0407,5.7368
6.0407,5.4436
6.0407,5.9816
6.0407,6.2304
-4.0928,-4.623
-4.0928,-4.0526
-4.0928,-4.0945
-4.0928,-4.84
-4.0928,-3.9175
-4.0928,-3.1099
5.0085,5.0343
5.0085,5.6379
-2.7763,-3.501
-2.7763,-2.5869
-5.0481,-5.3534
-5.0481,-4.0945
-5.0481,-5.0943
-5.0481,-4.84
-5.0481,-4.8531
-5.0481,-5.9225
-5.0481,-6.0027
-5.0481,-5.5201
-7.6681,-7.2722
-7.6681,-8.0748
-7.6681,-6.8753
6.4083,6.7641
6.4083,5.9925
6.4083,5.612
6.4083,6.6181
6.4083,5.9114
6.4083,5.9068
6.4083,6.2441
6.4083,6.7983
-7.5826,-7.5256
-2.5869,-1.9759
-2.5869,-2.8962
-2.5869,-3.501
-2.5869,-2.7763
-2.5869,-1.8059
-0.027496,-0.28267
-0.027496,-0.87522
5.9925,5.2082
5.9925,6.4083
5.9925,5.612
5.9925,6.6181
5.9925,5.9114
5.9925,5.9068
5.9925,6.2441
5.9925,5.5522
5.9925,6.7983
4.3759,3.9753
4.3759,4.9711
4.3759,4.613
4.3759,3.5678
4.3759,4.1717
4.3759,4.6767
4.3759,5.3154
4.9711,5.6542
4.9711,3.9753
4.9711,5.556
4.9711,4.3759
4.9711,5.8858
4.9711,4.613
4.9711,4.8771
4.9711,4.6767
4.9711,5.3154
2.6035,1.9187
2.6035,2.0636
2.6035,2.9674
2.6035,3.2604
3.6523,4.3676
3.6523,3.6249
3.6523,4.0819
5.8858,6.684
5.8858,5.6542
5.8858,5.9228
5.8858,6.5736
5.8858,5.556
5.8858,4.9711
5.8858,6.116
5.8858,5.3154
0.24953,0.17621
0.24953,1.102
0.24953,0.48977
-4.0526,-4.623
-4.0526,-4.0928
-4.0526,-4.0945
-4.0526,-4.84
-4.0526,-3.9175
-4.0526,-3.1099
1.0354,0.17621
1.0354,1.102
1.0354,1.947
-1.8059,-1.9759
-1.8059,-1.8818
-1.8059,-2.5869
-1.8059,-0.92916
-1.8059,-1.7165
-1.8059,-1.1983
5.612,5.2082
5.612,6.4083
5.612,5.9925
5.612,5.0343
5.612,5.9114
5.612,5.6379
5.612,5.9068
5.612,5.5522
-3.2285,-4.0945
-3.2285,-3.1099
-5.8011,-6.37
-5.8011,-4.8986
-5.8011,-5.5276
-2.2005,-1.5592
-2.2005,-1.587
-2.2005,-2.3545
-2.2005,-2.093
-2.2005,-2.3111
-2.2005,-1.693
-2.2005,-2.6872
4.613,3.9753
4.613,5.556
4.613,4.3759
4.613,4.9711
4.613,4.8771
4.613,4.373
-4.544,-4.5666
-4.544,-4.623
-4.544,-5.0943
-4.544,-3.9175
-4.544,-5.0487
-4.544,-5.5276
-4.0945,-4.0928
-4.0945,-5.0481
-4.0945,-4.0526
-4.0945,-3.2285
-4.0945,-4.84
-4.0945,-4.8531
-2.5986,-2.2614
-2.5986,-2.3545
-2.5986,-2.093
-2.5986,-3.2077
-2.5986,-2.3369
-2.5986,-1.7675
4.5891,4.6721
4.5891,5.2067
1.2743,1.4045
1.2743,0.69321
1.2743,0.37191
1.2743,0.45414
3.6249,3.6523
3.6249,4.0819
3.6249,4.3932
3.6249,3.995
-1.2496,-1.5592
-1.2496,-1.3518
-1.2496,-1.587
-1.2496,-0.63866
-1.2496,-2.093
-1.2496,-1.1289
-1.2496,-0.53759
-1.2496,-0.50642
-1.2496,-1.2926
5.4436,5.1823
5.4436,5.4944
5.4436,5.7368
5.4436,6.0407
5.4436,5.9816
5.4436,5.3316
5.4436,4.9257
5.4436,4.8982
1.5921,0.92395
1.5921,2.0636
1.5921,2.0807
1.5921,1.2894
4.8771,5.6542
4.8771,5.556
4.8771,4.9711
4.8771,4.613
4.8771,5.2986
4.8771,4.373
-6.2658,-5.9462
-6.2658,-6.37
-6.2658,-5.9225
-6.2658,-6.0027
-6.2658,-5.5201
-6.2658,-6.7016
-6.2658,-6.9225
-6.2658,-6.9668
2.0807,1.5921
2.0807,2.8779
-8.7166,-8.0748
-7.2722,-7.8625
-7.2722,-7.6681
-7.2722,-8.0748
5.2986,5.6542
5.2986,4.8771
5.2986,6.116
5.2986,4.373
6.116,6.684
6.116,5.6542
6.116,6.4932
6.116,5.8858
6.116,5.2986
-2.093,-1.5592
-2.093,-1.3518
-2.093,-1.587
-2.093,-2.2614
-2.093,-2.3545
-2.093,-2.2005
-2.093,-2.5986
-2.093,-1.2496
-2.093,-1.7675
-2.093,-2.6872
-3.0757,-2.3111
-3.0757,-2.6872
5.9816,6.3601
5.9816,6.7454
5.9816,5.7368
5.9816,5.453
5.9816,6.0407
5.9816,5.4436
5.9816,5.852
5.9816,5.0128
5.9816,5.3316
5.9816,6.2441
-6.37,-5.9462
-6.37,-5.8011
-6.37,-6.2658
-6.37,-5.5276
-6.37,-6.9668
6.6181,6.7454
6.6181,6.4083
6.6181,5.9925
6.6181,5.9068
6.6181,7.482
6.6181,6.2441
6.6181,6.7983
-2.3111,-2.2005
-2.3111,-3.0757
-2.3111,-1.693
-2.3111,-2.6872
-5.462,-5.2252
-5.462,-5.7042
-5.462,-6.0919
-5.462,-5.0028
-5.462,-4.5477
-5.462,-6.2186
-5.0943,-5.9462
-5.0943,-4.623
-5.0943,-5.3534
-5.0943,-5.0481
-5.0943,-4.544
-5.0943,-4.84
-5.0943,-5.9225
-5.0943,-5.0487
-5.0943,-5.5201
-5.0943,-5.5276
1.2894,0.92395
1.2894,1.9187
1.2894,2.0636
1.2894,1.102
1.2894,1.5921
1.2894,0.48977
5.0343,5.2082
5.0343,5.0085
5.0343,5.612
5.0343,5.9114
5.0343,5.6379
5.0343,5.5522
3.5678,3.3793
3.5678,3.9753
3.5678,4.3759
3.5678,4.1717
-5.8556,-6.5926
-5.8556,-6.0027
5.9114,6.0987
5.9114,6.4083
5.9114,5.9925
5.9114,5.612
5.9114,5.0343
5.9114,5.6379
5.9114,5.5522
5.9114,6.7983
-3.2077,-2.3545
-3.2077,-2.5986
-3.2077,-2.6872
-5.9116,-4.9086
-5.9116,-5.5802
-5.9116,-6.0919
-5.9116,-6.7575
-5.9116,-6.2186
1.947,1.9187
1.947,1.0354
4.0819,4.3676
4.0819,3.6523
4.0819,3.6249
4.0819,4.6036
4.0819,4.3932
4.0819,4.9257
-1.1289,-0.30551
-1.1289,-1.5592
-1.1289,-1.587
-1.1289,-0.63866
-1.1289,-1.2496
-1.1289,-1.693
-4.84,-4.623
-4.84,-5.3534
-4.84,-4.0928
-4.84,-5.0481
-4.84,-4.0526
-4.84,-4.0945
-4.84,-5.0943
-4.84,-4.8531
-4.84,-5.0487
-4.84,-5.5201
-0.53759,-0.41975
-0.53759,-1.3518
-0.53759,-0.63866
-0.53759,-1.2496
-0.53759,-0.50642
-0.53759,-1.2926
4.6036,5.1566
4.6036,4.6721
4.6036,5.1823
4.6036,5.4944
4.6036,4.3676
4.6036,4.0819
4.6036,4.3932
4.6036,4.9257
4.6036,4.8982
5.852,6.3601
5.852,6.7454
5.852,5.7368
5.852,5.453
5.852,5.9816
5.852,5.0128
5.852,5.3316
5.852,5.9068
5.852,6.2441
5.852,5.5522
-0.50642,-0.30551
-0.50642,-0.41975
-0.50642,-1.3518
-0.50642,-0.63866
-0.50642,-1.2496
-0.50642,-0.53759
-0.50642,0.37191
-0.50642,0.45414
5.6379,6.0987
5.6379,5.9097
5.6379,5.0085
5.6379,5.612
5.6379,5.0343
5.6379,5.9114
-0.92916,-0.28267
-0.92916,-1.8059
-0.92916,-1.7165
-0.92916,-1.1983
-2.3369,-2.2614
-2.3369,-2.5986
-2.3369,-1.7675
-4.8531,-5.3534
-4.8531,-5.0481
-4.8531,-4.0945
-4.8531,-4.84
9.2431,9.4375
9.2431,8.5865
-1.693,-1.5592
-1.693,-2.2005
-1.693,-2.3111
-1.693,-1.1289
4.1717,3.3793
4.1717,4.3759
4.1717,3.5678
4.1717,4.6767
5.0128,5.2082
5.0128,4.3329
5.0128,5.453
5.0128,5.9816
5.0128,5.852
5.0128,5.3316
5.0128,4.8982
5.0128,4.7126
-3.9175,-4.5666
-3.9175,-4.623
-3.9175,-4.0928
-3.9175,-4.0526
-3.9175,-4.544
-3.9175,-3.1776
-4.8986,-4.5666
-4.8986,-5.8011
2.9674,3.3793
2.9674,2.6035
-8.0748,-7.6681
-8.0748,-8.7166
-8.0748,-7.2722
-8.0748,-8.6792
-5.9225,-5.9462
-5.9225,-5.3534
-5.9225,-5.0481
-5.9225,-6.2658
-5.9225,-5.0943
-5.9225,-6.0027
-5.9225,-5.5201
-5.9225,-6.7016
5.3316,5.1823
5.3316,5.7368
5.3316,4.3329
5.3316,5.453
5.3316,5.4436
5.3316,5.9816
5.3316,5.852
5.3316,5.0128
5.3316,4.8982
4.3932,5.1566
4.3932,4.6721
4.3932,5.2067
4.3932,3.6249
4.3932,4.0819
4.3932,4.6036
4.3932,4.9257
4.3932,3.995
-0.87522,-1.1059
-0.87522,-0.027496
-1.7165,-1.9759
-1.7165,-1.8059
-1.7165,-0.92916
3.2604,2.6035
3.2604,2.8779
5.5785,5.2067
5.5785,5.7092
-3.1099,-4.0928
-3.1099,-4.0526
-3.1099,-3.2285
-3.1099,-3.1776
-8.6792,-7.8625
-8.6792,-8.0748
-4.3825,-5.2252
-4.3825,-4.9086
-4.3825,-3.8435
-4.3825,-4.1155
-4.3825,-5.0028
-4.3825,-4.5477
-4.7841,-4.9086
-4.7841,-5.5802
-1.1983,-1.9759
-1.1983,-1.8818
-1.1983,-1.1059
-1.1983,-0.28267
-1.1983,-1.8059
-1.1983,-0.92916
-6.0027,-5.3534
-6.0027,-6.5926
-6.0027,-5.0481
-6.0027,-6.2658
-6.0027,-5.8556
-6.0027,-5.9225
-6.0027,-5.5201
-6.0027,-6.7016
-3.0917,-3.8435
-3.0917,-2.8962
-3.0917,-2.1143
4.9257,5.1566
4.9257,4.6721
4.9257,5.1823
4.9257,5.2067
4.9257,5.4944
4.9257,5.7092
4.9257,4.3676
4.9257,5.4436
4.9257,4.0819
4.9257,4.6036
4.9257,4.3932
4.9257,4.8982
4.6767,4.3759
4.6767,4.9711
4.6767,4.1717
4.6767,5.3154
4.8982,5.1823
4.8982,5.7368
4.8982,4.3329
4.8982,4.3676
4.8982,5.4436
4.8982,4.6036
4.8982,5.0128
4.8982,5.3316
4.8982,4.9257
-5.0487,-5.9462
-5.0487,-4.5666
-5.0487,-4.623
-5.0487,-4.544
-5.0487,-5.0943
-5.0487,-4.84
-5.0487,-5.5201
-5.0487,-5.5276
5.3154,5.9228
5.3154,5.556
5.3154,4.3759
5.3154,4.9711
5.3154,5.8858
5.3154,4.6767
5.9068,5.2082
5.9068,6.7454
5.9068,5.453
5.9068,6.4083
5.9068,5.9925
5.9068,5.612
5.9068,6.6181
5.9068,5.852
5.9068,6.2441
5.9068,5.5522
2.8779,2.0807
2.8779,3.2604
5.822,6.4932
-1.7675,-1.0616
-1.7675,-1.3518
-1.7675,-2.2614
-1.7675,-2.5986
-1.7675,-2.093
-1.7675,-2.3369
-1.7675,-1.2926
-5.5201,-5.9462
-5.5201,-4.623
-5.5201,-5.3534
-5.5201,-5.0481
-5.5201,-6.2658
-5.5201,-5.0943
-5.5201,-4.84
-5.5201,-5.9225
-5.5201,-6.0027
-5.5201,-5.0487
-5.5201,-5.5276
3.995,4.6721
3.995,3.6249
3.995,4.3932
-6.467,-6.7575
-1.656,-2.1143
7.482,6.6181
7.482,6.7983
-4.5477,-5.2252
-4.5477,-4.1155
-4.5477,-5.0028
-4.5477,-5.462
-4.5477,-4.3825
-4.5477,-4.6215
-4.5477,-3.5887
-6.7575,-6.0919
-6.7575,-7.5256
-6.7575,-5.9116
-6.7575,-6.467
-6.7575,-6.9793
6.2304,5.4944
6.2304,5.7092
6.2304,6.0407
7.3352,6.4932
-6.8753,-7.6681
4.7126,5.2082
4.7126,5.453
4.7126,5.0128
4.7126,5.5522
-6.2186,-5.2252
-6.2186,-5.7042
-6.2186,-6.0919
-6.2186,-5.462
-6.2186,-5.9116
-6.2186,-6.9793
-5.5276,-5.9462
-5.5276,-5.8011
-5.5276,-4.544
-5.5276,-6.37
-5.5276,-5.0943
-5.5276,-5.0487
-5.5276,-5.5201
-6.7016,-7.5208
-6.7016,-6.5926
-6.7016,-6.2658
-6.7016,-5.9225
-6.7016,-6.0027
-6.7016,-6.9225
-6.9225,-6.2658
-6.9225,-6.7016
-6.9225,-6.9668
-4.6215,-4.1155
-4.6215,-4.5477
6.2441,6.7454
6.2441,5.453
6.2441,6.4083
6.2441,5.9925
6.2441,5.9816
6.2441,6.6181
6.2441,5.852
6.2441,5.9068
6.2441,5.5522
-3.5887,-2.8962
-3.5887,-3.501
-3.5887,-4.1155
-3.5887,-4.5477
-6.9668,-6.2658
-6.9668,-6.37
-6.9668,-6.9225
0.37191,-0.30551
0.37191,0.69321
0.37191,1.2743
0.37191,-0.50642
0.37191,0.45414
0.37191,0.048515
0.48977,0.92395
0.48977,0.24953
0.48977,1.2894
5.5522,5.2082
5.5522,5.453
5.5522,5.9925
5.5522,5.612
5.5522,5.0343
5.5522,5.9114
5.5522,5.852
5.5522,5.9068
5.5522,4.7126
5.5522,6.2441
-1.2926,-1.0616
-1.2926,-0.41975
-1.2926,-1.3518
-1.2926,-1.2496
-1.2926,-0.53759
-1.2926,-1.7675
4.373,4.613
4.373,4.8771
4.373,5.2986
-2.1143,-1.8818
-2.1143,-2.8962
-2.1143,-3.0917
-2.1143,-1.656
-6.9793,-6.0919
-6.9793,-6.7575
-6.9793,-6.2186
-3.1776,-3.9175
-3.1776,-3.1099
8.5865,9.2431
0.45414,1.4045
0.45414,1.2743
0.45414,-0.50642
0.45414,0.37191
-2.6872,-2.3545
-2.6872,-2.2005
-2.6872,-2.093
-2.6872,-3.0757
-2.6872,-2.3111
-2.6872,-3.2077
6.7983,6.7641
6.7983,6.4083
6.7983,5.9925
6.7983,6.6181
6.7983,5.9114
6.7983,7.482
0.048515,-0.30551
0.048515,0.69321
0.048515,0.37191
