3.9372,4.0329
3.9372,3.4907
3.9372,4.3086
3.9372,4.2435
3.9372,4.17
3.9372,4.5686
3.9372,3.4398
3.9372,3.1868
3.9372,4.436
3.9372,4.5094
3.9372,4.7603
3.9372,4.2028
3.9372,3.0888
3.9372,3.5826
3.9372,3.6676
3.9372,4.0869
-1.6879,-2.4309
-1.6879,-1.7127
-1.6879,-2.1248
-1.6879,-2.0194
-1.6879,-2.3539
-3.3257,-2.4309
-3.3257,-3.2883
-3.3257,-3.7267
-3.3257,-3.1402
-3.3257,-4.2657
-3.3257,-3.3558
-3.3257,-2.6841
-3.3257,-2.8682
-3.3257,-3.8966
-3.3257,-2.9379
-3.3257,-2.9265
-3.3257,-4.0942
-3.3257,-3.9787
-3.3257,-3.4041
-3.3257,-3.0215
-2.4309,-1.6879
-2.4309,-3.3257
-2.4309,-3.2883
-2.4309,-2.6294
-2.4309,-1.7127
-2.4309,-3.1402
-2.4309,-2.1248
-2.4309,-2.6841
-2.4309,-2.8682
-2.4309,-2.3539
-2.4309,-2.9379
-2.4309,-2.2492
-2.4309,-3.0215
3.1894,3.7882
3.1894,3.2506
3.1894,2.7409
3.1894,3.7263
5.129,5.1266
5.129,5.8326
5.129,4.9225
5.129,4.6007
5.129,4.6112
5.129,4.3977
5.129,5.5484
3.9431,3.218
3.9431,4.0329
3.9431,4.9225
3.9431,4.2435
3.9431,4.3939
3.9431,4.6007
3.9431,4.2303
3.9431,3.4472
3.9431,4.6112
3.9431,3.6043
3.9431,3.5826
-4.8723,-4.8999
-4.8723,-5.4909
-4.8723,-5.7027
6.8193,5.9634
6.8193,6.1305
6.8193,7.1272
6.8193,6.6567
5.1266,5.129
5.1266,5.8326
5.1266,4.9225
5.1266,4.6338
5.1266,4.3939
5.1266,4.831
5.1266,4.6007
5.1266,4.2303
5.1266,4.6112
5.1266,5.2201
5.1266,5.5484
5.1266,5.497
5.1266,5.4511
5.9634,6.8193
5.9634,6.1305
5.9634,5.5149
5.9634,5.4428
5.9634,6.0533
5.9634,6.6567
5.9634,5.0807
-3.2883,-3.3257
-3.2883,-2.4309
-3.2883,-3.7267
-3.2883,-3.1402
-3.2883,-3.1357
-3.2883,-3.3558
-3.2883,-2.6841
-3.2883,-2.8682
-3.2883,-3.8966
-3.2883,-2.9379
-3.2883,-4.0942
-3.2883,-3.9787
-3.2883,-3.0215
-3.6417,-2.7007
-3.6417,-3.7267
-3.6417,-3.1357
-3.6417,-3.3558
-3.6417,-4.3029
-3.6417,-3.1101
-1.0823,-1.7092
-1.0823,-0.63892
-1.0823,-1.0865
-1.0823,-0.89204
-1.0823,-1.895
-1.0823,-1.7184
-1.0823,-0.26626
-1.0823,-1.7268
-1.0823,-0.99261
-1.406,-1.3916
-1.406,-1.528
5.8186,5.1714
5.8186,6.1305
5.8186,5.7632
5.8186,6.5593
5.8186,5.4428
3.218,3.9431
3.218,4.0329
3.218,3.4907
3.218,3.6043
3.218,3.0888
3.218,3.5826
3.218,3.6676
-0.16016,-0.26626
-0.16016,-0.99261
4.0329,3.9372
4.0329,3.9431
4.0329,3.218
4.0329,4.9225
4.0329,3.4907
4.0329,4.6338
4.0329,4.2435
4.0329,4.3939
4.0329,4.5686
4.0329,4.831
4.0329,4.6007
4.0329,4.2303
4.0329,4.436
4.0329,4.2028
4.0329,3.6043
4.0329,3.5826
4.0329,3.6676
-1.7092,-1.0823
-1.7092,-2.0105
-1.7092,-1.0865
-1.7092,-0.89204
-1.7092,-2.6083
-1.7092,-1.895
-1.7092,-1.7184
-1.7092,-2.1939
-1.7092,-1.7268
-1.7092,-0.99261
-5.261,-5.5666
-5.261,-5.0863
-5.261,-4.8999
-5.261,-6.0159
-5.261,-6.0795
-5.261,-5.7375
-5.261,-5.4909
-5.261,-4.9149
-2.6294,-2.4309
-2.6294,-2.7007
-2.6294,-2.1248
-2.6294,-2.0194
-2.6294,-3.1357
-2.6294,-3.3558
-2.6294,-2.3539
-2.6294,-2.9379
-2.6294,-3.1101
-4.7471,-5.43
-4.7471,-5.0863
-4.7471,-4.1652
-4.7471,-5.6277
-4.7471,-5.1422
-4.7471,-4.6627
-4.7471,-3.8448
-4.7471,-4.9149
-6.8836,-6.5272
-6.8836,-7.2894
-6.8836,-6.7889
-6.8836,-6.6271
-6.8836,-6.3511
-6.8836,-7.5188
-6.8836,-6.2812
3.9936,4.0143
3.9936,3.7882
3.9936,3.2506
3.9936,3.7263
3.9936,4.6065
-0.63892,-1.0823
-0.63892,-0.01626
-0.63892,-1.0865
-0.63892,-0.89204
-0.63892,-1.2975
-0.63892,-0.48539
-0.63892,-0.61524
-0.63892,-0.26626
-1.7127,-1.6879
-1.7127,-2.4309
-1.7127,-2.1248
-1.7127,-2.5056
-1.7127,-2.2492
4.0143,3.9936
4.0143,3.159
4.0143,4.3086
4.0143,3.5942
4.0143,3.4398
4.0143,3.7263
4.0143,4.8882
4.0143,4.4639
-9.0839,-8.1868
-9.0839,-9.0903
-9.0839,-9.9888
5.8326,5.129
5.8326,5.1266
5.8326,6.5121
5.8326,5.8294
5.8326,6.1593
5.8326,5.2201
5.8326,5.5484
5.8326,5.497
-5.5666,-5.261
-5.5666,-6.1405
-5.5666,-5.0863
-5.5666,-4.8999
-5.5666,-6.0159
-5.5666,-6.0795
-5.5666,-5.7375
-5.5666,-5.4909
-5.5666,-6.095
-5.5666,-5.9301
-5.5666,-4.9149
4.694,5.1714
4.694,4.1545
4.694,4.9023
4.694,4.8674
-0.01626,-0.63892
-0.01626,0.30603
-0.01626,0.14445
-0.01626,-0.89204
-0.01626,-0.48539
-0.01626,-0.26626
-2.1217,-2.0105
-2.1217,-2.6723
-2.1217,-2.4543
-2.1217,-2.9401
-2.1217,-1.895
-2.1217,-1.528
-2.1217,-1.2975
-2.1217,-2.1418
-2.1217,-2.1939
-2.1217,-1.7268
6.5121,5.8326
6.5121,5.8294
6.5121,6.1757
6.5121,6.1593
5.8294,5.8326
5.8294,6.5121
5.8294,5.6438
5.8294,6.1757
5.8294,6.1593
5.8294,5.2201
5.8294,5.1192
5.8294,5.497
5.8294,5.4511
4.3925,3.7882
4.3925,3.9994
4.3925,3.7263
4.3925,4.6065
4.9225,5.129
4.9225,3.9431
4.9225,5.1266
4.9225,4.0329
4.9225,4.6338
4.9225,4.2435
4.9225,4.3939
4.9225,4.5686
4.9225,4.831
4.9225,4.6007
4.9225,4.2303
4.9225,4.436
4.9225,4.6112
4.9225,5.2201
4.9225,5.497
4.9225,5.4511
3.159,4.0143
3.159,3.5942
3.159,2.9436
3.159,3.2506
3.159,3.4398
3.159,3.7263
3.159,2.5905
3.159,3.1868
-5.43,-4.7471
-5.43,-5.0863
-5.43,-5.6277
-5.43,-5.1422
-5.43,-5.7208
-5.43,-4.6627
-5.43,-6.3511
-5.43,-5.9029
-5.43,-5.9301
-5.43,-5.2291
-5.43,-6.2812
3.4907,3.9372
3.4907,3.218
3.4907,4.0329
3.4907,4.2435
3.4907,4.17
3.4907,4.436
3.4907,4.2028
3.4907,3.6043
3.4907,3.0888
3.4907,3.5826
3.4907,3.6676
3.4907,4.0869
-2.0105,-1.7092
-2.0105,-2.1217
-2.0105,-1.0865
-2.0105,-2.6723
-2.0105,-2.9401
-2.0105,-2.8797
-2.0105,-1.895
-2.0105,-1.528
-2.0105,-1.2975
-2.0105,-2.1418
-2.0105,-2.1939
-2.0105,-1.7268
-9.5713,-9.8417
5.1714,5.8186
5.1714,4.694
5.1714,5.5149
5.1714,5.7632
5.1714,5.4428
5.1714,4.8674
-1.0865,-1.0823
-1.0865,-1.7092
-1.0865,-0.63892
-1.0865,-2.0105
-1.0865,-0.89204
-1.0865,-1.895
-1.0865,-1.528
-1.0865,-1.2975
-1.0865,-0.48539
-1.0865,-0.61524
-1.0865,-1.7268
6.1305,6.8193
6.1305,5.9634
6.1305,5.8186
6.1305,5.5149
6.1305,6.5593
6.1305,5.4428
-6.5272,-6.8836
-6.5272,-7.2894
-6.5272,-5.7208
-6.5272,-6.3511
-6.5272,-5.9029
-3.6506,-3.8966
-3.6506,-2.9265
-3.6506,-3.4041
-2.7007,-3.6417
-2.7007,-2.6294
-2.7007,-2.0194
-2.7007,-3.1357
-2.7007,-3.1101
0.30603,-0.01626
0.30603,-0.48539
4.3086,3.9372
4.3086,4.0143
4.3086,4.7608
4.3086,3.5942
4.3086,4.17
4.3086,3.4398
4.3086,5.1181
4.3086,4.5094
4.3086,4.7603
4.3086,5.2117
4.3086,3.6676
4.3086,4.0869
4.3086,4.4639
-3.7267,-3.3257
-3.7267,-3.2883
-3.7267,-3.6417
-3.7267,-3.1357
-3.7267,-3.3558
-3.7267,-4.3029
-3.7267,-2.9379
-3.7267,-4.0942
-3.7267,-3.9787
-3.7267,-3.0215
4.7608,4.3086
4.7608,4.17
4.7608,5.5008
4.7608,5.1181
4.7608,5.2486
4.7608,4.5094
4.7608,4.7603
4.7608,4.8882
4.7608,5.2117
4.7608,4.0869
4.7608,4.4639
-7.2894,-6.8836
-7.2894,-6.5272
-7.2894,-6.3511
-2.6723,-2.1217
-2.6723,-2.0105
-2.6723,-3.1888
-2.6723,-2.4543
-2.6723,-2.9401
-2.6723,-2.8797
-2.6723,-2.1418
-2.6723,-2.1939
-1.3916,-1.406
-1.3916,-1.528
-1.3916,-1.2975
-1.3916,-2.1418
-1.3916,-0.44265
-1.3916,-0.61524
0.14445,-0.01626
0.14445,-0.26626
-3.1402,-3.3257
-3.1402,-2.4309
-3.1402,-3.2883
-3.1402,-2.6841
-3.1402,-2.8682
-3.1402,-3.8966
-3.1402,-2.5056
-3.1402,-2.9265
-3.1402,-2.2492
-3.1402,-3.9787
-3.1402,-3.4041
-3.1402,-3.0215
4.6338,5.1266
4.6338,4.0329
4.6338,4.9225
4.6338,4.2435
4.6338,4.3939
4.6338,4.5686
4.6338,4.831
4.6338,4.6007
4.6338,5.1181
4.6338,4.436
4.6338,4.7603
4.6338,4.2028
4.6338,4.6112
4.6338,5.2201
4.6338,5.1192
4.6338,5.497
4.6338,5.4511
4.6338,4.9171
4.2435,3.9372
4.2435,3.9431
4.2435,4.0329
4.2435,4.9225
4.2435,3.4907
4.2435,4.6338
4.2435,4.17
4.2435,4.3939
4.2435,4.5686
4.2435,4.831
4.2435,4.6007
4.2435,4.2303
4.2435,4.436
4.2435,4.7603
4.2435,4.2028
4.2435,4.6112
4.2435,3.6043
4.2435,3.5826
4.2435,3.6676
4.2435,4.9171
5.5149,5.9634
5.5149,5.1714
5.5149,6.1305
5.5149,5.4428
5.5149,6.0533
5.5149,4.8674
5.5149,5.0807
-2.1248,-1.6879
-2.1248,-2.4309
-2.1248,-2.6294
-2.1248,-1.7127
-2.1248,-2.6841
-2.1248,-2.8682
-2.1248,-2.3539
-2.1248,-2.9379
-2.1248,-2.2492
-2.1248,-3.0215
3.5942,4.0143
3.5942,3.159
3.5942,4.3086
3.5942,3.4398
3.5942,3.7263
3.5942,3.1868
3.5942,4.0869
3.5942,4.4639
-4.2657,-3.3257
-4.2657,-3.8966
-4.2657,-4.0942
-4.2657,-3.9787
2.9436,3.159
2.9436,3.7882
2.9436,2.0053
2.9436,3.2506
2.9436,3.7263
2.9436,2.5905
2.9436,2.7409
5.6438,5.8294
5.6438,5.5008
5.6438,4.831
5.6438,5.1181
5.6438,6.1757
5.6438,5.2486
5.6438,4.7603
5.6438,5.2201
5.6438,5.1192
5.6438,5.497
5.6438,5.4511
5.6438,4.9171
-6.1405,-5.5666
-6.1405,-5.6277
-6.1405,-6.0159
-6.1405,-6.9035
-6.1405,-6.6555
-6.1405,-6.7889
-6.1405,-6.0795
-6.1405,-5.7375
-6.1405,-6.6271
-6.1405,-5.9301
-6.1405,-6.2812
4.17,3.9372
4.17,3.4907
4.17,4.3086
4.17,4.7608
4.17,4.2435
4.17,4.5686
4.17,4.831
4.17,3.4398
4.17,5.1181
4.17,4.436
4.17,4.5094
4.17,4.7603
4.17,4.2028
4.17,3.5826
4.17,3.6676
4.17,4.0869
4.17,4.4639
4.17,4.9171
-2.0194,-1.6879
-2.0194,-2.6294
-2.0194,-2.7007
-2.0194,-2.3539
-5.0863,-5.261
-5.0863,-4.7471
-5.0863,-5.5666
-5.0863,-5.43
-5.0863,-4.1652
-5.0863,-5.6277
-5.0863,-4.8999
-5.0863,-5.1422
-5.0863,-6.0159
-5.0863,-4.6627
-5.0863,-5.7375
-5.0863,-5.9301
-5.0863,-4.9149
-9.9389,-9.0903
-9.9389,-9.9888
-9.9389,-9.8991
5.5008,4.7608
5.5008,5.6438
5.5008,5.1181
5.5008,6.1757
5.5008,5.2486
5.5008,4.5094
5.5008,4.7603
5.5008,5.2117
5.5008,5.1192
5.5008,4.9171
-7.5561,-6.9035
-7.5561,-6.7889
-7.5561,-7.5383
-7.5561,-7.5188
-3.1357,-3.2883
-3.1357,-3.6417
-3.1357,-2.6294
-3.1357,-2.7007
-3.1357,-3.7267
-3.1357,-3.3558
-3.1357,-2.3539
-3.1357,-2.9379
-3.1357,-3.1101
-8.1868,-9.0839
-8.1868,-9.0903
-3.3558,-3.3257
-3.3558,-3.2883
-3.3558,-3.6417
-3.3558,-2.6294
-3.3558,-3.7267
-3.3558,-3.1357
-3.3558,-2.6841
-3.3558,-2.3539
-3.3558,-2.9379
-3.3558,-4.0942
-3.3558,-3.9787
-3.3558,-3.1101
-3.3558,-3.0215
4.3939,3.9431
4.3939,5.1266
4.3939,4.0329
4.3939,4.9225
4.3939,4.6338
4.3939,4.2435
4.3939,4.5686
4.3939,4.831
4.3939,4.6007
4.3939,4.2303
4.3939,4.436
4.3939,4.7603
4.3939,4.2028
4.3939,4.6112
4.3939,3.6043
4.3939,5.2201
4.3939,3.5826
4.3939,5.1192
4.3939,4.9171
4.1545,4.694
4.1545,4.2848
4.1545,3.8102
4.1545,4.9023
5.7632,5.8186
5.7632,5.1714
5.7632,5.4428
5.7632,4.9023
3.7882,3.1894
3.7882,3.9936
3.7882,4.3925
3.7882,2.9436
3.7882,3.2506
3.7882,3.7263
3.7882,4.6065
4.5686,3.9372
4.5686,4.0329
4.5686,4.9225
4.5686,4.6338
4.5686,4.2435
4.5686,4.17
4.5686,4.3939
4.5686,4.831
4.5686,5.1181
4.5686,5.2486
4.5686,4.436
4.5686,4.5094
4.5686,4.7603
4.5686,4.2028
4.5686,3.5826
4.5686,5.1192
4.5686,3.6676
4.5686,4.0869
4.5686,5.4511
4.5686,4.9171
6.5593,5.8186
6.5593,6.1305
6.5593,7.1272
2.0053,2.9436
2.0053,2.5905
2.0053,2.7409
-4.1652,-4.7471
-4.1652,-5.0863
-4.1652,-3.8448
-4.1652,-4.2089
-4.1652,-4.9149
3.2506,3.1894
3.2506,3.9936
3.2506,3.159
3.2506,2.9436
3.2506,3.7882
3.2506,3.7263
3.2506,2.7409
-2.6841,-3.3257
-2.6841,-2.4309
-2.6841,-3.2883
-2.6841,-3.1402
-2.6841,-2.1248
-2.6841,-3.3558
-2.6841,-2.8682
-2.6841,-2.3539
-2.6841,-2.9379
-2.6841,-2.2492
-2.6841,-3.0215
4.831,5.1266
4.831,4.0329
4.831,4.9225
4.831,4.6338
4.831,4.2435
4.831,5.6438
4.831,4.17
4.831,4.3939
4.831,4.5686
4.831,4.6007
4.831,5.1181
4.831,5.2486
4.831,4.436
4.831,4.7603
4.831,4.2028
4.831,5.2201
4.831,5.1192
4.831,5.497
4.831,5.4511
4.831,4.9171
-5.6277,-4.7471
-5.6277,-5.43
-5.6277,-6.1405
-5.6277,-5.0863
-5.6277,-5.1422
-5.6277,-6.0159
-5.6277,-5.7375
-5.6277,-6.3511
-5.6277,-5.9029
-5.6277,-5.9301
-5.6277,-5.2291
-5.6277,-6.2812
-4.8999,-4.8723
-4.8999,-5.261
-4.8999,-5.5666
-4.8999,-5.0863
-4.8999,-5.4909
-4.8999,-4.2089
-4.8999,-4.9149
-3.5554,-2.9401
-3.5554,-2.8797
-3.5554,-3.8972
5.4428,5.9634
5.4428,5.8186
5.4428,5.1714
5.4428,6.1305
5.4428,5.5149
5.4428,5.7632
5.4428,4.8674
-5.1422,-4.7471
-5.1422,-5.43
-5.1422,-5.0863
-5.1422,-5.6277
-5.1422,-4.6627
-5.1422,-5.7375
-5.1422,-5.9029
-5.1422,-5.9301
-5.1422,-5.2291
-5.1422,-4.9149
-6.0159,-5.261
-6.0159,-5.5666
-6.0159,-6.1405
-6.0159,-5.0863
-6.0159,-5.6277
-6.0159,-6.9035
-6.0159,-6.6555
-6.0159,-6.7889
-6.0159,-6.0795
-6.0159,-5.7375
-6.0159,-6.6271
-6.0159,-5.9301
-6.0159,-6.2812
-3.1888,-2.6723
-3.1888,-3.1896
-3.1888,-2.9401
-3.1888,-2.8797
-3.1888,-3.8972
3.4398,3.9372
3.4398,4.0143
3.4398,3.159
3.4398,4.3086
3.4398,3.5942
3.4398,4.17
3.4398,3.1868
3.4398,3.0888
3.4398,3.6676
3.4398,4.0869
-0.89204,-1.0823
-0.89204,-1.7092
-0.89204,-0.63892
-0.89204,-0.01626
-0.89204,-1.0865
-0.89204,-1.895
-0.89204,-1.2975
-0.89204,-0.48539
-0.89204,-0.26626
-0.89204,-1.7268
-0.89204,-0.99261
4.6007,5.129
4.6007,3.9431
4.6007,5.1266
4.6007,4.0329
4.6007,4.9225
4.6007,4.6338
4.6007,4.2435
4.6007,4.3939
4.6007,4.831
4.6007,4.2303
4.6007,4.436
4.6007,4.6112
4.6007,5.2201
4.6007,5.497
-2.4543,-2.1217
-2.4543,-2.6723
-2.4543,-3.1896
-2.4543,-2.1418
4.2303,3.9431
4.2303,5.1266
4.2303,4.0329
4.2303,4.9225
4.2303,4.2435
4.2303,4.3939
4.2303,4.6007
4.2303,3.4472
4.2303,4.6112
4.2303,3.6043
4.2303,4.3977
3.7263,3.9936
3.7263,4.0143
3.7263,3.159
3.7263,3.5942
3.7263,2.9436
3.7263,3.2506
3.7263,4.4639
4.2848,4.1545
4.2848,4.8674
-6.9035,-6.1405
-6.9035,-7.5561
-6.9035,-6.0159
-6.9035,-6.6555
-6.9035,-6.7889
-6.9035,-6.0795
-6.9035,-6.6271
-6.9035,-6.7411
-6.9035,-7.5383
-6.9035,-7.5188
2.5905,3.159
2.5905,2.9436
2.5905,2.0053
2.5905,3.1868
-9.0903,-9.0839
-9.0903,-9.9389
-9.0903,-8.1868
-9.0903,-9.0409
-3.1896,-3.1888
-3.1896,-2.4543
6.0533,5.9634
6.0533,5.5149
6.0533,6.6567
7.1272,6.8193
7.1272,6.5593
7.1272,6.6567
-2.6083,-1.7092
-2.6083,-2.9401
-2.6083,-2.8797
-2.6083,-1.895
-2.6083,-1.7184
-2.6083,-2.1939
-2.9401,-2.1217
-2.9401,-2.0105
-2.9401,-2.6723
-2.9401,-3.5554
-2.9401,-3.1888
-2.9401,-2.6083
-2.9401,-2.8797
-2.9401,-3.8972
-2.9401,-2.1939
5.1181,4.3086
5.1181,4.7608
5.1181,4.6338
5.1181,5.6438
5.1181,4.17
5.1181,5.5008
5.1181,4.5686
5.1181,4.831
5.1181,5.2486
5.1181,4.436
5.1181,4.5094
5.1181,4.7603
5.1181,5.2117
5.1181,5.1192
5.1181,5.4511
5.1181,4.9171
-6.6555,-6.1405
-6.6555,-6.0159
-6.6555,-6.9035
-6.6555,-6.7889
-6.6555,-6.0795
-6.6555,-6.095
-6.6555,-6.7411
-6.6555,-7.5383
6.1757,6.5121
6.1757,5.8294
6.1757,5.6438
6.1757,5.5008
6.1757,5.4511
-2.8797,-2.0105
-2.8797,-2.6723
-2.8797,-3.5554
-2.8797,-3.1888
-2.8797,-2.6083
-2.8797,-2.9401
-2.8797,-1.895
-2.8797,-2.1939
-2.8682,-3.3257
-2.8682,-2.4309
-2.8682,-3.2883
-2.8682,-3.1402
-2.8682,-2.1248
-2.8682,-2.6841
-2.8682,-2.5056
-2.8682,-2.9379
-2.8682,-2.9265
-2.8682,-2.2492
-2.8682,-3.4041
-2.8682,-3.0215
-6.7889,-6.8836
-6.7889,-6.1405
-6.7889,-7.5561
-6.7889,-6.0159
-6.7889,-6.9035
-6.7889,-6.6555
-6.7889,-6.6271
-6.7889,-6.7411
-6.7889,-5.9301
-6.7889,-7.5188
-6.7889,-6.2812
2.7409,3.1894
2.7409,2.9436
2.7409,2.0053
2.7409,3.2506
3.1868,3.9372
3.1868,3.159
3.1868,3.5942
3.1868,3.4398
3.1868,2.5905
3.1868,3.0888
3.1868,3.6676
3.1868,4.0869
3.9994,4.3925
3.9994,3.7263
3.9994,3.8102
-5.7208,-5.43
-5.7208,-6.5272
-5.7208,-6.3511
-5.7208,-5.9029
-5.7208,-5.2291
5.2486,4.7608
5.2486,5.6438
5.2486,5.5008
5.2486,4.5686
5.2486,4.831
5.2486,5.1181
5.2486,4.5094
5.2486,4.7603
5.2486,5.2117
5.2486,5.1192
5.2486,4.9171
-3.8972,-3.5554
-3.8972,-3.1888
-3.8972,-2.9401
-3.8966,-3.3257
-3.8966,-3.2883
-3.8966,-3.6506
-3.8966,-3.1402
-3.8966,-4.2657
-3.8966,-3.9787
-3.8966,-3.4041
3.7263,3.1894
3.7263,4.3925
3.7263,3.7882
3.7263,3.9994
4.436,3.9372
4.436,4.0329
4.436,4.9225
4.436,3.4907
4.436,4.6338
4.436,4.2435
4.436,4.17
4.436,4.3939
4.436,4.5686
4.436,4.831
4.436,4.6007
4.436,5.1181
4.436,4.5094
4.436,4.7603
4.436,4.2028
4.436,3.5826
4.436,5.1192
4.436,3.6676
4.436,4.0869
4.436,4.9171
-1.895,-1.0823
-1.895,-1.7092
-1.895,-2.1217
-1.895,-2.0105
-1.895,-1.0865
-1.895,-0.89204
-1.895,-2.6083
-1.895,-2.8797
-1.895,-1.7184
-1.895,-2.1939
-1.895,-1.7268
-6.0795,-5.261
-6.0795,-5.5666
-6.0795,-6.1405
-6.0795,-6.0159
-6.0795,-6.9035
-6.0795,-6.6555
-6.0795,-5.7375
-6.0795,-5.4909
-6.0795,-6.095
-6.0795,-6.7411
-1.528,-1.406
-1.528,-2.1217
-1.528,-2.0105
-1.528,-1.0865
-1.528,-1.3916
-1.528,-1.2975
-1.528,-2.1418
-1.528,-0.61524
-1.528,-1.7268
-9.9888,-9.0839
-9.9888,-9.9389
3.4472,3.9431
3.4472,4.2303
3.4472,3.6043
6.1593,5.8326
6.1593,6.5121
6.1593,5.8294
6.1593,5.2201
6.1593,5.5484
6.1593,5.497
6.1593,5.4511
-1.2975,-0.63892
-1.2975,-2.1217
-1.2975,-2.0105
-1.2975,-1.0865
-1.2975,-1.3916
-1.2975,-0.89204
-1.2975,-1.528
-1.2975,-2.1418
-1.2975,-0.48539
-1.2975,-0.61524
-1.2975,-1.7268
4.5094,3.9372
4.5094,4.3086
4.5094,4.7608
4.5094,4.17
4.5094,5.5008
4.5094,4.5686
4.5094,5.1181
4.5094,5.2486
4.5094,4.436
4.5094,4.7603
4.5094,4.2028
4.5094,5.2117
4.5094,5.1192
4.5094,3.6676
4.5094,4.0869
4.5094,4.4639
4.5094,4.9171
-2.3539,-1.6879
-2.3539,-2.4309
-2.3539,-2.6294
-2.3539,-2.1248
-2.3539,-2.0194
-2.3539,-3.1357
-2.3539,-3.3558
-2.3539,-2.6841
-2.3539,-2.9379
-2.1418,-2.1217
-2.1418,-2.0105
-2.1418,-2.6723
-2.1418,-1.3916
-2.1418,-2.4543
-2.1418,-1.528
-2.1418,-1.2975
-4.6627,-4.7471
-4.6627,-5.43
-4.6627,-5.0863
-4.6627,-5.1422
-4.6627,-3.8448
-4.6627,-5.2291
-9.8417,-9.5713
-1.7184,-1.0823
-1.7184,-1.7092
-1.7184,-2.6083
-1.7184,-1.895
-1.7184,-2.1939
-1.7184,-0.99261
3.8102,4.1545
3.8102,3.9994
4.7603,3.9372
4.7603,4.3086
4.7603,4.7608
4.7603,4.6338
4.7603,4.2435
4.7603,5.6438
4.7603,4.17
4.7603,5.5008
4.7603,4.3939
4.7603,4.5686
4.7603,4.831
4.7603,5.1181
4.7603,5.2486
4.7603,4.436
4.7603,4.5094
4.7603,4.2028
4.7603,5.1192
4.7603,4.0869
4.7603,5.4511
4.7603,4.9171
-5.7375,-5.261
-5.7375,-5.5666
-5.7375,-6.1405
-5.7375,-5.0863
-5.7375,-5.6277
-5.7375,-5.1422
-5.7375,-6.0159
-5.7375,-6.0795
-5.7375,-6.6271
-5.7375,-5.9301
-5.7375,-6.2812
-5.7375,-4.9149
-5.4909,-4.8723
-5.4909,-5.261
-5.4909,-5.5666
-5.4909,-4.8999
-5.4909,-6.0795
-5.4909,-6.095
-5.4909,-5.7027
4.6065,3.9936
4.6065,4.3925
4.6065,3.7882
-9.3506,-9.0409
-9.3506,-9.8991
-6.6271,-6.8836
-6.6271,-6.1405
-6.6271,-6.0159
-6.6271,-6.9035
-6.6271,-6.7889
-6.6271,-5.7375
-6.6271,-6.3511
-6.6271,-5.9029
-6.6271,-5.9301
-6.6271,-7.5188
-6.6271,-6.2812
4.2028,3.9372
4.2028,4.0329
4.2028,3.4907
4.2028,4.6338
4.2028,4.2435
4.2028,4.17
4.2028,4.3939
4.2028,4.5686
4.2028,4.831
4.2028,4.436
4.2028,4.5094
4.2028,4.7603
4.2028,3.6043
4.2028,3.5826
4.2028,5.1192
4.2028,3.6676
4.2028,4.0869
4.2028,4.9171
4.6112,5.129
4.6112,3.9431
4.6112,5.1266
4.6112,4.9225
4.6112,4.6338
4.6112,4.2435
4.6112,4.3939
4.6112,4.6007
4.6112,4.2303
4.6112,4.3977
4.6112,5.2201
-2.5056,-1.7127
-2.5056,-3.1402
-2.5056,-2.8682
-2.5056,-2.9265
-2.5056,-2.2492
-2.5056,-3.4041
-4.3029,-3.6417
-4.3029,-3.7267
-4.3029,-4.0942
4.8882,4.0143
4.8882,4.7608
4.8882,5.2117
4.8882,4.4639
3.6043,3.9431
3.6043,3.218
3.6043,4.0329
3.6043,3.4907
3.6043,4.2435
3.6043,4.3939
3.6043,4.2303
3.6043,3.4472
3.6043,4.2028
3.6043,3.5826
-3.8448,-4.7471
-3.8448,-4.1652
-3.8448,-4.6627
-9.0409,-9.0903
-9.0409,-9.3506
-9.0409,-9.8991
-4.2089,-4.1652
-4.2089,-4.8999
-4.2089,-4.9149
-6.095,-5.5666
-6.095,-6.6555
-6.095,-6.0795
-6.095,-5.4909
-6.095,-6.7411
-6.095,-5.7027
-6.095,-6.7208
-2.9379,-3.3257
-2.9379,-2.4309
-2.9379,-3.2883
-2.9379,-2.6294
-2.9379,-3.7267
-2.9379,-2.1248
-2.9379,-3.1357
-2.9379,-3.3558
-2.9379,-2.6841
-2.9379,-2.8682
-2.9379,-2.3539
-2.9379,-3.1101
-2.9379,-3.0215
-6.3511,-6.8836
-6.3511,-5.43
-6.3511,-6.5272
-6.3511,-7.2894
-6.3511,-5.6277
-6.3511,-5.7208
-6.3511,-6.6271
-6.3511,-5.9029
-6.3511,-6.2812
-0.48539,-0.63892
-0.48539,-0.01626
-0.48539,-1.0865
-0.48539,0.30603
-0.48539,-0.89204
-0.48539,-1.2975
-0.48539,-0.44265
-0.48539,-0.61524
-2.9265,-3.3257
-2.9265,-3.6506
-2.9265,-3.1402
-2.9265,-2.8682
-2.9265,-2.5056
-2.9265,-2.2492
-2.9265,-3.4041
4.3977,5.129
4.3977,4.2303
4.3977,4.6112
4.9023,4.694
4.9023,4.1545
4.9023,5.7632
3.0888,3.9372
3.0888,3.218
3.0888,3.4907
3.0888,3.4398
3.0888,3.1868
3.0888,3.5826
3.0888,3.6676
-5.9029,-5.43
-5.9029,-6.5272
-5.9029,-5.6277
-5.9029,-5.1422
-5.9029,-5.7208
-5.9029,-6.6271
-5.9029,-6.3511
-5.9029,-5.9301
-5.9029,-5.2291
-5.9029,-6.2812
4.8674,4.694
4.8674,5.1714
4.8674,5.5149
4.8674,5.4428
4.8674,4.2848
4.8674,5.0807
5.2201,5.1266
5.2201,5.8326
5.2201,5.8294
5.2201,4.9225
5.2201,4.6338
5.2201,5.6438
5.2201,4.3939
5.2201,4.831
5.2201,4.6007
5.2201,6.1593
5.2201,4.6112
5.2201,5.1192
5.2201,5.497
5.2201,5.4511
5.2201,4.9171
5.2117,4.3086
5.2117,4.7608
5.2117,5.5008
5.2117,5.1181
5.2117,5.2486
5.2117,4.5094
5.2117,4.8882
5.2117,4.4639
6.6567,6.8193
6.6567,5.9634
6.6567,6.0533
6.6567,7.1272
6.6567,7.5511
-2.1939,-1.7092
-2.1939,-2.1217
-2.1939,-2.0105
-2.1939,-2.6723
-2.1939,-2.6083
-2.1939,-2.9401
-2.1939,-2.8797
-2.1939,-1.895
-2.1939,-1.7184
-2.1939,-1.7268
-6.7411,-6.9035
-6.7411,-6.6555
-6.7411,-6.7889
-6.7411,-6.0795
-6.7411,-6.095
-6.7411,-7.5383
-6.7411,-6.7208
3.5826,3.9372
3.5826,3.9431
3.5826,3.218
3.5826,4.0329
3.5826,3.4907
3.5826,4.2435
3.5826,4.17
3.5826,4.3939
3.5826,4.5686
3.5826,4.436
3.5826,4.2028
3.5826,3.6043
3.5826,3.0888
3.5826,3.6676
-7.5383,-7.5561
-7.5383,-6.9035
-7.5383,-6.6555
-7.5383,-6.7411
-2.2492,-2.4309
-2.2492,-1.7127
-2.2492,-3.1402
-2.2492,-2.1248
-2.2492,-2.6841
-2.2492,-2.8682
-2.2492,-2.5056
-2.2492,-2.9265
-2.2492,-3.0215
5.1192,5.8294
5.1192,4.6338
5.1192,5.6438
5.1192,5.5008
5.1192,4.3939
5.1192,4.5686
5.1192,4.831
5.1192,5.1181
5.1192,5.2486
5.1192,4.436
5.1192,4.5094
5.1192,4.7603
5.1192,4.2028
5.1192,5.2201
5.1192,5.497
5.1192,5.4511
5.1192,4.9171
-4.0942,-3.3257
-4.0942,-3.2883
-4.0942,-3.7267
-4.0942,-4.2657
-4.0942,-3.3558
-4.0942,-4.3029
-4.0942,-3.9787
-5.7027,-4.8723
-5.7027,-5.4909
-5.7027,-6.095
5.5484,5.129
5.5484,5.1266
5.5484,5.8326
5.5484,6.1593
7.5511,6.6567
-9.8991,-9.9389
-9.8991,-9.3506
-9.8991,-9.0409
3.6676,3.9372
3.6676,3.218
3.6676,4.0329
3.6676,3.4907
3.6676,4.3086
3.6676,4.2435
3.6676,4.17
3.6676,4.5686
3.6676,3.4398
3.6676,3.1868
3.6676,4.436
3.6676,4.5094
3.6676,4.2028
3.6676,3.0888
3.6676,3.5826
3.6676,4.0869
-3.9787,-3.3257
-3.9787,-3.2883
-3.9787,-3.7267
-3.9787,-3.1402
-3.9787,-4.2657
-3.9787,-3.3558
-3.9787,-3.8966
-3.9787,-4.0942
-3.9787,-3.0215
-5.9301,-5.5666
-5.9301,-5.43
-5.9301,-6.1405
-5.9301,-5.0863
-5.9301,-5.6277
-5.9301,-5.1422
-5.9301,-6.0159
-5.9301,-6.7889
-5.9301,-5.7375
-5.9301,-6.6271
-5.9301,-5.9029
-5.9301,-6.2812
-5.2291,-5.43
-5.2291,-5.6277
-5.2291,-5.1422
-5.2291,-5.7208
-5.2291,-4.6627
-5.2291,-5.9029
-7.5188,-6.8836
-7.5188,-7.5561
-7.5188,-6.9035
-7.5188,-6.7889
-7.5188,-6.6271
-3.4041,-3.3257
-3.4041,-3.6506
-3.4041,-3.1402
-3.4041,-2.8682
-3.4041,-3.8966
-3.4041,-2.5056
-3.4041,-2.9265
-3.4041,-3.0215
5.497,5.1266
5.497,5.8326
5.497,5.8294
5.497,4.9225
5.497,4.6338
5.497,5.6438
5.497,4.831
5.497,4.6007
5.497,6.1593
5.497,5.2201
5.497,5.1192
5.497,5.4511
5.497,4.9171
-3.1101,-3.6417
-3.1101,-2.6294
-3.1101,-2.7007
-3.1101,-3.1357
-3.1101,-3.3558
-3.1101,-2.9379
-6.2812,-6.8836
-6.2812,-5.43
-6.2812,-6.1405
-6.2812,-5.6277
-6.2812,-6.0159
-6.2812,-6.7889
-6.2812,-5.7375
-6.2812,-6.6271
-6.2812,-6.3511
-6.2812,-5.9029
-6.2812,-5.9301
-0.44265,-1.3916
-0.44265,-0.48539
-0.44265,-0.61524
4.0869,3.9372
4.0869,3.4907
4.0869,4.3086
4.0869,4.7608
4.0869,3.5942
4.0869,4.17
4.0869,4.5686
4.0869,3.4398
4.0869,3.1868
4.0869,4.436
4.0869,4.5094
4.0869,4.7603
4.0869,4.2028
4.0869,3.6676
4.0869,4.4639
5.4511,5.1266
5.4511,5.8294
5.4511,4.9225
5.4511,4.6338
5.4511,5.6438
5.4511,4.5686
5.4511,4.831
5.4511,5.1181
5.4511,6.1757
5.4511,6.1593
5.4511,4.7603
5.4511,5.2201
5.4511,5.1192
5.4511,5.497
5.4511,4.9171
-0.61524,-0.63892
-0.61524,-1.0865
-0.61524,-1.3916
-0.61524,-1.528
-0.61524,-1.2975
-0.61524,-0.48539
-0.61524,-0.44265
5.0807,5.9634
5.0807,5.5149
5.0807,4.8674
-3.0215,-3.3257
-3.0215,-2.4309
-3.0215,-3.2883
-3.0215,-3.7267
-3.0215,-3.1402
-3.0215,-2.1248
-3.0215,-3.3558
-3.0215,-2.6841
-3.0215,-2.8682
-3.0215,-2.9379
-3.0215,-2.2492
-3.0215,-3.9787
-3.0215,-3.4041
-6.7208,-6.095
-6.7208,-6.7411
-4.9149,-5.261
-4.9149,-4.7471
-4.9149,-5.5666
-4.9149,-5.0863
-4.9149,-4.1652
-4.9149,-4.8999
-4.9149,-5.1422
-4.9149,-5.7375
-4.9149,-4.2089
4.4639,4.0143
4.4639,4.3086
4.4639,4.7608
4.4639,3.5942
4.4639,4.17
4.4639,3.7263
4.4639,4.5094
4.4639,4.8882
4.4639,5.2117
4.4639,4.0869
-0.26626,-1.0823
-0.26626,-0.16016
-0.26626,-0.63892
-0.26626,-0.01626
-0.26626,0.14445
-0.26626,-0.89204
-0.26626,-0.99261
-1.7268,-1.0823
-1.7268,-1.7092
-1.7268,-2.1217
-1.7268,-2.0105
-1.7268,-1.0865
-1.7268,-0.89204
-1.7268,-1.895
-1.7268,-1.528
-1.7268,-1.2975
-1.7268,-2.1939
4.9171,4.6338
4.9171,4.2435
4.9171,5.6438
4.9171,4.17
4.9171,5.5008
4.9171,4.3939
4.9171,4.5686
4.9171,4.831
4.9171,5.1181
4.9171,5.2486
4.9171,4.436
4.9171,4.5094
4.9171,4.7603
4.9171,4.2028
4.9171,5.2201
4.9171,5.1192
4.9171,5.497
4.9171,5.4511
-0.99261,-1.0823
-0.99261,-0.16016
-0.99261,-1.7092
-0.99261,-0.89204
-0.99261,-1.7184
-0.99261,-0.26626
