4.6513,5.2198
4.6513,5.2787
4.6513,5.5438
4.6513,4.2022
4.6513,4.6728
4.6513,4.3702
4.6513,5.1388
-2.7065,-2.4821
-2.7065,-3.3795
-2.7065,-2.7882
-2.7065,-3.4221
-2.7065,-2.3685
-2.7065,-2.4758
-2.7065,-3.1079
-2.7065,-2.382
-6.1432,-6.3589
-6.1432,-5.1774
-6.1432,-6.5684
-6.1432,-5.2436
-6.1432,-5.6004
-4.3932,-4.409
-4.3932,-5.1774
-4.3932,-4.1057
-4.3932,-4.2003
-4.3932,-5.2436
-4.3932,-4.2524
-4.3932,-5.3148
-4.3932,-3.5157
2.0934,2.0571
2.0934,1.7167
2.0934,2.6667
2.0934,2.7466
4.3616,5.0803
4.3616,4.0351
4.3616,3.6962
4.3616,4.5152
4.3616,3.8479
4.3616,4.2099
4.3616,4.5827
4.3716,4.697
4.3716,3.6283
4.3716,4.2099
4.3716,5.1536
-4.409,-4.3932
-4.409,-4.5431
-4.409,-5.1774
-4.409,-4.1057
-4.409,-4.2003
-4.409,-5.2436
-4.409,-4.2524
-4.409,-3.5157
7.0815,6.3924
7.0815,6.2512
7.0815,6.7424
4.0621,3.5169
4.0621,4.0351
4.0621,4.2022
4.0621,4.6728
4.0621,4.5827
5.9491,5.4017
5.9491,5.4642
5.9491,5.4733
5.9491,6.2512
5.9491,5.1981
5.9491,6.1979
5.9491,6.5675
5.9491,6.7424
-6.3589,-6.1432
-2.4821,-2.7065
-2.4821,-3.3795
-2.4821,-1.8726
-2.4821,-2.7882
-2.4821,-2.3685
-2.4821,-2.4758
-2.4821,-3.1079
-2.4821,-2.382
0.79035,1.4929
-1.4908,-0.98921
-1.4908,-1.6066
-1.4908,-0.68266
-1.4908,-2.3512
5.4017,5.9491
5.4017,5.4642
5.4017,5.4733
5.4017,6.2512
5.4017,5.1981
5.4017,4.5058
5.4017,5.328
5.4017,4.6249
4.697,4.3716
4.697,5.0803
4.697,4.5152
4.697,3.8479
4.697,4.2099
4.697,5.1536
4.697,5.1867
2.462,2.0335
2.462,2.6646
5.1577,5.5438
5.1577,4.2022
5.1577,4.6728
5.1577,4.5827
5.1577,5.1388
-2.7322,-2.4504
-2.7322,-2.6675
-2.7322,-3.2714
-2.7322,-3.0717
-2.7322,-2.0609
-4.5431,-4.409
-4.5431,-3.7474
-4.5431,-4.2524
-4.5431,-5.5349
-3.3795,-2.7065
-3.3795,-2.4821
-3.3795,-2.7882
-3.3795,-3.4221
-3.3795,-4.1057
-3.3795,-3.3542
-3.3795,-4.2003
-3.3795,-3.1079
-3.3795,-3.5991
-3.3795,-3.5157
-6.1833,-5.4073
-6.1833,-6.343
-6.1833,-5.4437
-6.1833,-5.5883
-6.1833,-6.586
-6.3682,-6.0523
-6.3682,-7.1408
-6.3682,-5.8605
-6.3682,-6.586
2.3936,3.3033
2.3936,1.8724
2.3936,1.6438
2.3936,2.0571
2.3936,2.5191
2.3936,2.804
-0.98921,-1.4908
-0.98921,-1.6066
-0.98921,-0.31725
-0.98921,-1.0909
-0.98921,-0.68266
-0.98921,-1.4704
-1.8726,-2.4821
-1.8726,-1.2918
-1.8726,-2.3685
-1.8726,-2.6177
-1.8726,-1.4805
-1.8726,-2.382
1.1114,1.8724
1.1114,1.6438
1.1114,0.94993
-7.9724,-8.0132
-7.9724,-8.7065
-7.9724,-6.9949
5.0803,4.3616
5.0803,4.697
5.0803,5.2897
5.0803,4.5152
5.0803,5.1867
-5.4073,-6.1833
-5.4073,-6.343
-5.4073,-4.4385
-5.4073,-5.4437
-5.4073,-5.197
4.7515,5.7197
4.7515,4.4601
4.7515,3.8055
4.7515,5.328
2.7323,2.0335
2.7323,3.5603
2.7323,2.6646
2.7323,3.697
2.7323,2.0072
-1.6066,-1.4908
-1.6066,-0.98921
-1.6066,-1.0909
-1.6066,-2.1421
-1.6066,-2.0386
-1.6066,-2.3512
-1.6066,-1.4704
7.8711,7.1427
7.8711,8.1278
6.3968,6.5969
6.3968,5.7448
6.3968,5.5438
6.3968,6.0071
6.3968,6.2837
6.3968,5.8527
3.3033,2.3936
3.3033,3.2347
3.3033,2.5191
3.3033,2.804
7.1427,7.8711
1.8724,2.3936
1.8724,1.1114
1.8724,1.6438
1.8724,2.0571
1.8724,1.7167
1.8724,2.5191
-3.6577,-4.4385
-3.6577,-4.2898
-3.6577,-3.7516
3.5169,4.0621
3.5169,3.3033
3.5169,3.6962
-2.4504,-2.7322
-2.4504,-2.1421
-2.4504,-2.6675
-2.4504,-3.0717
-2.4504,-1.6169
-2.4504,-1.8923
-2.4504,-2.0609
8.6103,9.3991
8.6103,8.9635
5.7197,4.7515
5.7197,6.3924
5.7197,5.4733
5.7197,6.2512
5.7197,5.1981
5.7197,5.328
2.0335,2.462
2.0335,2.7323
2.0335,2.6646
2.0335,1.4929
2.0335,1.374
6.3924,7.0815
6.3924,5.7197
6.3924,5.4733
6.3924,6.2512
-6.284,-6.6523
-6.284,-5.3148
-6.284,-6.9041
-5.1774,-6.1432
-5.1774,-4.3932
-5.1774,-4.409
-5.1774,-5.2436
-5.1774,-5.6004
-5.1774,-5.3148
-2.7882,-2.7065
-2.7882,-2.4821
-2.7882,-3.3795
-2.7882,-3.4221
-2.7882,-2.5943
-2.7882,-2.4758
-2.7882,-3.1079
-2.7882,-3.5991
-2.7882,-2.382
-0.38566,-1.0909
5.0274,5.924
5.0274,4.7764
5.0274,5.2198
5.0274,5.2787
5.0274,4.3383
5.0274,5.5099
5.0274,5.3793
5.0274,4.5319
5.0274,5.8527
-3.4221,-2.7065
-3.4221,-3.3795
-3.4221,-2.7882
-3.4221,-4.1057
-3.4221,-4.2003
-3.4221,-2.4758
-3.4221,-3.1079
-3.4221,-3.5991
-3.4221,-3.5157
5.924,5.0274
5.924,6.5969
5.924,5.3793
5.924,6.2837
5.924,5.8527
-7.9586,-7.3151
-2.4828,-3.0199
-2.4828,-2.1421
-2.4828,-1.8923
-2.4828,-2.0386
-2.4828,-2.3512
-1.4708,-1.0909
-1.4708,-2.1421
-1.4708,-1.0221
-1.4708,-1.8923
-1.4708,-1.4704
-1.4708,-2.0609
3.5603,2.7323
3.5603,2.6646
3.5603,3.697
-4.1057,-4.3932
-4.1057,-4.409
-4.1057,-3.3795
-4.1057,-3.4221
-4.1057,-4.2003
-4.1057,-4.2524
-4.1057,-3.5157
3.3033,3.5169
3.3033,4.0351
3.3033,3.6962
3.3033,3.2341
4.0351,4.3616
4.0351,4.0621
4.0351,3.3033
4.0351,3.6962
4.0351,3.2341
4.0351,4.5152
4.0351,3.8479
4.0351,4.5827
5.4642,5.9491
5.4642,5.4017
5.4642,5.4733
5.4642,5.1981
5.4642,6.1979
5.4642,4.6249
-1.2918,-1.8726
-1.2918,-1.7558
4.7764,5.0274
4.7764,4.3383
4.7764,5.3793
-6.5684,-6.1432
-6.5684,-6.217
-6.5684,-5.6004
1.6438,2.3936
1.6438,1.1114
1.6438,1.8724
1.6438,2.5191
-4.3654,-4.6003
-4.3654,-4.0259
-4.3654,-5.2497
-4.3654,-4.2898
-4.3654,-3.7516
-4.3654,-4.7674
-4.3654,-5.136
3.7323,4.3383
3.7323,2.7466
3.7323,3.325
-2.5943,-2.7882
-2.5943,-2.4758
-2.5943,-1.8432
-4.6003,-4.3654
-4.6003,-3.642
-4.6003,-5.2497
-6.6523,-6.284
-6.6523,-7.3151
6.5969,6.3968
6.5969,5.924
6.5969,5.7448
6.5969,6.2837
6.5969,5.8527
-6.343,-6.1833
-6.343,-5.4073
-6.343,-7.212
-2.3685,-2.7065
-2.3685,-2.4821
-2.3685,-1.8726
-2.3685,-2.6177
-2.3685,-3.3542
-2.3685,-3.1079
-2.3685,-2.382
-2.3685,-2.754
-7.2258,-8.0132
-7.2258,-6.9949
-7.2258,-6.6386
2.7426,3.2632
2.7426,3.2341
2.7426,3.5144
5.2198,4.6513
5.2198,5.0274
5.2198,5.2787
5.2198,5.7448
5.2198,5.5099
5.2198,5.3793
5.2198,4.3702
5.2198,4.5319
5.2198,5.1388
5.2198,5.8527
4.4601,4.7515
4.4601,5.1981
4.4601,3.8055
4.4601,4.5058
4.4601,5.328
5.4733,5.9491
5.4733,5.4017
5.4733,5.7197
5.4733,6.3924
5.4733,5.4642
5.4733,6.2512
5.4733,5.1981
5.4733,5.328
2.0571,2.0934
2.0571,2.3936
2.0571,1.8724
2.0571,1.7167
2.0571,2.804
2.0571,2.7466
3.6962,4.3616
3.6962,3.5169
3.6962,3.3033
3.6962,4.0351
3.6962,3.2341
3.6962,4.5152
3.6962,3.8479
6.2512,7.0815
6.2512,5.9491
6.2512,5.4017
6.2512,5.7197
6.2512,6.3924
6.2512,5.4733
6.2512,6.7424
0.22264,0.94993
-4.4385,-5.4073
-4.4385,-3.6577
-4.4385,-4.2898
-4.4385,-4.7674
-0.31725,-0.98921
-0.31725,-0.68266
-2.6177,-1.8726
-2.6177,-2.3685
-2.6177,-3.3542
-2.6177,-3.1079
-2.6177,-2.754
5.2787,4.6513
5.2787,5.0274
5.2787,5.2198
5.2787,5.7448
5.2787,5.5438
5.2787,5.5099
5.2787,6.0071
5.2787,4.3702
5.2787,4.5319
5.2787,5.1388
5.2787,5.8527
-3.642,-4.6003
-3.642,-4.0259
-3.642,-2.9944
-5.4437,-6.1833
-5.4437,-5.4073
-5.4437,-4.7674
-5.4437,-5.5883
-2.8839,-2.6675
-2.8839,-2.1541
5.1981,5.9491
5.1981,5.4017
5.1981,5.7197
5.1981,5.4642
5.1981,4.4601
5.1981,5.4733
5.1981,4.5058
5.1981,5.328
-3.3542,-3.3795
-3.3542,-2.3685
-3.3542,-2.6177
-3.3542,-3.7474
-3.3542,-4.2524
-3.3542,-3.1079
-3.3542,-3.5157
-3.3542,-2.754
-4.0259,-4.3654
-4.0259,-3.642
-4.0259,-4.2898
-4.0259,-3.7516
-3.0199,-2.4828
-3.0199,-2.1421
-3.0199,-3.0717
3.2632,2.7426
3.2632,3.6283
3.2632,3.5144
2.6646,2.462
2.6646,2.7323
2.6646,2.0335
2.6646,3.5603
3.2341,3.3033
3.2341,4.0351
3.2341,2.7426
3.2341,3.6962
3.2341,3.8479
3.2341,3.5144
-1.0909,-0.98921
-1.0909,-1.6066
-1.0909,-0.38566
-1.0909,-1.4708
-1.0909,-2.0386
-1.0909,-1.4704
5.2897,5.0803
5.2897,4.5827
1.7167,2.0934
1.7167,1.8724
1.7167,2.0571
1.7167,0.94993
3.697,2.7323
3.697,3.5603
3.697,4.5058
3.697,4.6249
-5.2497,-4.3654
-5.2497,-4.6003
-5.2497,-5.136
-5.2497,-5.8605
2.6667,2.0934
2.6667,2.7466
2.6667,3.325
-8.0132,-7.9724
-8.0132,-7.2258
-6.1365,-6.9949
-6.1365,-6.6386
6.1979,5.9491
6.1979,5.4642
6.1979,6.5675
6.1979,6.7424
6.5675,5.9491
6.5675,6.1979
6.5675,6.7424
6.5675,7.3669
-2.1421,-1.6066
-2.1421,-2.4504
-2.1421,-2.4828
-2.1421,-1.4708
-2.1421,-3.0199
-2.1421,-1.8923
-2.1421,-2.0386
-2.1421,-1.4704
-2.1421,-2.0609
-2.6675,-2.7322
-2.6675,-2.4504
-2.6675,-2.8839
-2.6675,-3.2714
-2.6675,-2.1541
-2.6675,-2.0609
5.7448,6.3968
5.7448,6.5969
5.7448,5.2198
5.7448,5.2787
5.7448,5.5099
5.7448,6.0071
5.7448,6.2837
5.7448,5.1388
5.7448,5.8527
-7.212,-6.343
5.5438,4.6513
5.5438,5.1577
5.5438,6.3968
5.5438,5.2787
5.5438,6.0071
5.5438,5.1388
-3.2714,-2.7322
-3.2714,-2.6675
-3.2714,-3.0717
-4.2003,-4.3932
-4.2003,-4.409
-4.2003,-3.3795
-4.2003,-3.4221
-4.2003,-4.1057
-4.2003,-3.5991
-6.0523,-6.3682
-6.0523,-5.136
-6.0523,-5.5883
-6.0523,-6.586
0.94993,1.1114
0.94993,0.22264
0.94993,1.7167
4.3383,5.0274
4.3383,4.7764
4.3383,3.7323
4.3383,4.5319
3.2347,3.3033
3.2347,2.5191
-7.3151,-7.9586
-7.3151,-6.6523
-7.3151,-6.9041
5.5099,5.0274
5.5099,5.2198
5.5099,5.2787
5.5099,5.7448
5.5099,5.3793
5.5099,6.0071
5.5099,6.2837
5.5099,5.1388
5.5099,5.8527
-3.0717,-2.7322
-3.0717,-2.4504
-3.0717,-3.0199
-3.0717,-3.2714
-5.2436,-6.1432
-5.2436,-4.3932
-5.2436,-4.409
-5.2436,-5.1774
-5.2436,-4.2524
-5.2436,-5.6004
-5.2436,-5.3148
-5.2436,-5.5349
2.5191,2.3936
2.5191,3.3033
2.5191,1.8724
2.5191,1.6438
2.5191,3.2347
3.6283,4.3716
3.6283,3.2632
3.6283,3.5144
-1.6169,-2.4504
-1.6169,-1.0221
-1.6169,-2.1541
-1.6169,-2.0609
-4.2898,-3.6577
-4.2898,-4.3654
-4.2898,-4.4385
-4.2898,-4.0259
-4.2898,-3.7516
-4.2898,-4.7674
-1.0221,-1.4708
-1.0221,-1.6169
-1.0221,-1.8923
-8.7065,-7.9724
4.5152,4.3616
4.5152,4.697
4.5152,5.0803
4.5152,4.0351
4.5152,3.6962
4.5152,3.8479
4.5152,4.2099
4.5152,5.1867
8.1278,7.8711
8.1278,8.2926
-1.8923,-2.4504
-1.8923,-2.4828
-1.8923,-1.4708
-1.8923,-2.1421
-1.8923,-1.0221
-1.8923,-1.4704
-1.8923,-2.0609
5.3793,5.0274
5.3793,5.924
5.3793,4.7764
5.3793,5.2198
5.3793,5.5099
5.3793,4.5319
5.3793,5.8527
-1.4805,-1.8726
-1.4805,-1.8432
-1.4805,-2.382
-2.0386,-1.6066
-2.0386,-2.4828
-2.0386,-1.0909
-2.0386,-2.1421
-2.0386,-2.3512
-2.0386,-1.4704
-5.3148,-6.284
9.3991,8.6103
9.3991,8.9635
-2.1541,-2.8839
-2.1541,-2.6675
-2.1541,-1.6169
-2.1541,-2.0609
3.8055,4.7515
3.8055,4.4601
4.2022,4.6513
4.2022,4.0621
4.2022,5.1577
4.2022,4.6728
-3.7516,-3.6577
-3.7516,-4.3654
-3.7516,-4.0259
-3.7516,-4.2898
-3.7516,-2.9944
-4.7674,-4.3654
-4.7674,-4.4385
-4.7674,-5.4437
-4.7674,-4.2898
-4.7674,-5.136
-4.7674,-5.5883
2.804,2.3936
2.804,3.3033
2.804,2.0571
2.804,2.7466
-6.9949,-7.9724
-6.9949,-7.2258
-6.9949,-6.1365
-6.9041,-6.284
-6.9041,-7.3151
-6.9041,-7.1408
4.6728,4.6513
4.6728,4.0621
4.6728,5.1577
4.6728,4.2022
4.6728,4.5827
4.6728,5.1388
3.8479,4.3616
3.8479,4.697
3.8479,4.0351
3.8479,3.6962
3.8479,3.2341
3.8479,4.5152
3.8479,4.2099
3.8479,3.5144
-3.7474,-4.5431
-3.7474,-3.3542
-3.7474,-4.2524
-3.7474,-3.499
-3.7474,-3.5157
-2.4758,-2.7065
-2.4758,-2.4821
-2.4758,-2.7882
-2.4758,-3.4221
-2.4758,-2.5943
-2.4758,-1.8432
-2.4758,-2.382
2.7466,2.0934
2.7466,3.7323
2.7466,2.0571
2.7466,2.6667
2.7466,2.804
2.7466,3.325
4.2099,4.3616
4.2099,4.3716
4.2099,4.697
4.2099,4.5152
4.2099,3.8479
4.2099,3.5144
4.2099,5.1867
-2.9944,-3.642
-2.9944,-3.7516
-4.2524,-4.3932
-4.2524,-4.409
-4.2524,-4.5431
-4.2524,-4.1057
-4.2524,-3.3542
-4.2524,-5.2436
-4.2524,-3.7474
-4.2524,-3.5157
-3.499,-3.7474
-3.499,-2.754
-1.8432,-2.5943
-1.8432,-1.4805
-1.8432,-2.4758
-1.8432,-2.382
-7.1408,-6.3682
-7.1408,-6.9041
-7.1408,-7.328
-0.68266,-1.4908
-0.68266,-0.98921
-0.68266,-0.31725
-3.1079,-2.7065
-3.1079,-2.4821
-3.1079,-3.3795
-3.1079,-2.7882
-3.1079,-3.4221
-3.1079,-2.3685
-3.1079,-2.6177
-3.1079,-3.3542
-3.1079,-3.5157
-3.1079,-2.382
5.1536,4.3716
5.1536,4.697
4.5058,5.4017
4.5058,4.4601
4.5058,5.1981
4.5058,3.697
4.5058,4.6249
4.5827,4.3616
4.5827,4.0621
4.5827,5.1577
4.5827,4.0351
4.5827,5.2897
4.5827,4.6728
-5.136,-4.3654
-5.136,-5.2497
-5.136,-6.0523
-5.136,-4.7674
-5.136,-5.5883
5.328,5.4017
5.328,4.7515
5.328,5.7197
5.328,4.4601
5.328,5.4733
5.328,5.1981
6.0071,6.3968
6.0071,5.2787
6.0071,5.7448
6.0071,5.5438
6.0071,5.5099
6.0071,5.1388
4.3702,4.6513
4.3702,5.2198
4.3702,5.2787
4.3702,4.5319
4.3702,5.1388
6.7424,7.0815
6.7424,5.9491
6.7424,6.2512
6.7424,6.1979
6.7424,6.5675
6.7424,7.3669
-2.3512,-1.4908
-2.3512,-1.6066
-2.3512,-2.4828
-2.3512,-2.0386
-5.197,-5.4073
3.5144,2.7426
3.5144,3.2632
3.5144,3.2341
3.5144,3.6283
3.5144,3.8479
3.5144,4.2099
-6.217,-6.5684
-6.217,-5.5349
-1.7558,-1.2918
6.2837,6.3968
6.2837,5.924
6.2837,6.5969
6.2837,5.7448
6.2837,5.5099
6.2837,5.8527
-3.5991,-3.3795
-3.5991,-2.7882
-3.5991,-3.4221
-3.5991,-4.2003
-5.6004,-6.1432
-5.6004,-5.1774
-5.6004,-6.5684
-5.6004,-5.2436
-5.6004,-5.5349
5.1867,4.697
5.1867,5.0803
5.1867,4.5152
5.1867,4.2099
7.3669,6.5675
7.3669,6.7424
-6.6386,-7.2258
-6.6386,-6.1365
4.5319,5.0274
4.5319,5.2198
4.5319,5.2787
4.5319,4.3383
4.5319,5.3793
4.5319,4.3702
-5.3148,-4.3932
-5.3148,-5.1774
-5.3148,-5.2436
-5.5883,-6.1833
-5.5883,-5.4437
-5.5883,-6.0523
-5.5883,-4.7674
-5.5883,-5.136
-5.5883,-6.586
-5.8605,-6.3682
-5.8605,-5.2497
-7.328,-7.1408
-7.328,-6.586
-3.5157,-4.3932
-3.5157,-4.409
-3.5157,-3.3795
-3.5157,-3.4221
-3.5157,-4.1057
-3.5157,-3.3542
-3.5157,-3.7474
-3.5157,-4.2524
-3.5157,-3.1079
8.2926,8.1278
-2.382,-2.7065
-2.382,-2.4821
-2.382,-1.8726
-2.382,-2.7882
-2.382,-2.3685
-2.382,-1.4805
-2.382,-2.4758
-2.382,-1.8432
-2.382,-3.1079
-6.586,-6.1833
-6.586,-6.3682
-6.586,-6.0523
-6.586,-5.5883
-6.586,-7.328
1.4929,0.79035
1.4929,2.0335
1.4929,2.0072
5.1388,4.6513
5.1388,5.1577
5.1388,5.2198
5.1388,5.2787
5.1388,5.7448
5.1388,5.5438
5.1388,5.5099
5.1388,4.6728
5.1388,6.0071
5.1388,4.3702
-1.4704,-0.98921
-1.4704,-1.6066
-1.4704,-1.4708
-1.4704,-1.0909
-1.4704,-2.1421
-1.4704,-1.8923
-1.4704,-2.0386
4.6249,5.4017
4.6249,5.4642
4.6249,3.697
4.6249,4.5058
-2.754,-2.3685
-2.754,-2.6177
-2.754,-3.3542
-2.754,-3.499
-5.5349,-4.5431
-5.5349,-5.2436
-5.5349,-6.217
-5.5349,-5.6004
3.325,3.7323
3.325,2.6667
3.325,2.7466
8.9635,8.6103
8.9635,9.3991
2.0072,2.7323
2.0072,1.4929
-2.0609,-2.7322
-2.0609,-2.4504
-2.0609,-1.4708
-2.0609,-2.1421
-2.0609,-2.6675
-2.0609,-1.6169
-2.0609,-1.8923
-2.0609,-2.1541
5.8527,6.3968
5.8527,5.0274
5.8527,5.924
5.8527,6.5969
5.8527,5.2198
5.8527,5.2787
5.8527,5.7448
5.8527,5.5099
5.8527,5.3793
5.8527,6.2837
1.374,2.0335
