-2.2627,-2.7361
-2.2627,-3.2488
-2.2627,-3.0524
-2.2627,-2.0706
-2.2627,-2.7591
-2.2627,-1.6259
-2.2627,-2.2242
-6.1901,-6.315
-6.1901,-6.0088
-6.1901,-5.9922
-6.1901,-5.8572
-6.1901,-6.978
-6.1901,-5.3834
-6.1901,-6.1971
-6.1901,-6.3956
-6.1901,-5.6486
-6.1901,-6.5658
-4.8317,-4.6436
-4.8317,-5.7251
-4.8317,-5.0379
-4.8317,-5.1448
-4.8317,-3.9357
-4.8317,-4.4169
-5.5384,-5.4556
-5.5384,-4.6436
-5.5384,-6.0088
-5.5384,-5.7251
-5.5384,-6.3632
-5.5384,-5.1562
-5.5384,-5.4304
-5.5384,-5.1448
-5.5384,-5.19
-5.5384,-6.1875
0.62307,1.0546
0.62307,1.4666
0.62307,0.086818
0.62307,1.2571
0.62307,1.0102
0.62307,0.2324
-3.7675,-3.1406
-3.7675,-4.161
-3.7675,-3.2488
-3.7675,-3.0524
-3.7675,-3.9774
-3.7675,-3.8735
-3.7675,-3.4081
-3.7675,-4.4949
-3.7675,-4.0222
-4.8103,-4.161
-4.8103,-5.1457
-4.8103,-4.2184
-4.8103,-4.7956
-5.4556,-5.5384
-5.4556,-6.0088
-5.4556,-6.3632
-5.4556,-5.1562
-5.4556,-5.3834
-5.4556,-5.1565
-5.4556,-5.4304
-5.4556,-5.19
-5.4556,-4.7828
-5.4556,-6.3956
-5.4556,-5.6486
5.3537,5.9297
5.3537,4.9755
5.3537,5.5067
5.3537,5.4895
-3.1406,-3.7675
-3.1406,-2.7361
-3.1406,-3.2488
-3.1406,-3.0524
-3.1406,-3.8735
-3.1406,-3.6492
-3.1406,-3.4081
-3.1406,-3.2223
-3.1406,-2.8409
-3.1406,-2.2242
5.9297,5.3537
5.9297,6.1136
5.9297,5.5067
5.9297,5.4895
5.9297,6.0971
5.9297,6.4669
5.9297,6.5149
-5.8627,-5.7251
-5.8627,-5.0379
-6.315,-6.1901
-6.315,-5.9922
-6.315,-5.8572
-6.315,-6.2885
-6.315,-6.1971
-6.315,-7.0252
-6.315,-6.5658
3.6164,4.0591
3.6164,4.4857
3.6164,4.2108
6.4321,6.1136
6.4321,5.7165
6.4321,5.8228
6.4321,6.5913
6.4321,6.2046
6.4321,6.0971
6.4321,6.6599
-4.4725,-3.9774
-4.4725,-5.2
-4.4725,-4.4949
-4.4725,-4.7956
7.243,6.5358
7.243,6.6599
-3.4749,-3.6492
-3.4749,-2.6757
-3.4749,-3.2465
-3.4749,-4.2184
-3.4749,-3.2223
5.5695,4.9931
5.5695,4.7352
5.5695,5.335
5.5695,5.9704
-4.6436,-4.8317
-4.6436,-5.5384
-4.6436,-5.1562
-4.6436,-5.4304
-4.6436,-5.1448
-4.6436,-5.19
-4.6436,-4.2064
-4.6436,-4.4169
-6.0088,-6.1901
-6.0088,-5.5384
-6.0088,-5.4556
-6.0088,-6.3632
-6.0088,-5.8572
-6.0088,-6.978
-6.0088,-5.3834
-6.0088,-5.1565
-6.0088,-5.4304
-6.0088,-6.1971
-6.0088,-5.19
-6.0088,-6.3956
-6.0088,-5.6486
-6.0088,-6.5658
-0.59346,0.1355
-0.59346,-0.022085
-0.59346,-1.2145
-0.59346,-1.1505
-0.59346,-0.2922
-0.59346,-0.95617
-0.59346,-0.2962
-0.59346,-0.43581
1.8617,1.7683
1.8617,1.3606
1.8617,1.5338
1.8617,1.3491
1.8617,2.5709
2.0615,1.3387
2.0615,1.2571
2.0615,2.1314
2.0615,1.3174
4.0591,3.6164
4.0591,4.7129
4.0591,4.5801
4.0591,4.3168
4.0591,4.4875
4.0591,4.4857
4.0591,3.683
4.0591,4.2108
-5.2489,-5.9922
-5.2489,-5.8572
-5.2489,-5.3834
-5.2489,-4.4516
-5.2489,-5.1763
1.8377,1.0546
1.8377,2.5827
1.8377,1.4666
1.8377,1.8693
1.8377,1.2571
1.8377,2.1314
6.8623,6.7263
6.8623,6.0194
6.8623,7.0513
-4.161,-3.7675
-4.161,-4.8103
-4.161,-3.2488
-4.161,-3.8735
-4.161,-3.6492
-4.161,-3.4081
-4.161,-4.2184
-4.161,-4.7956
-4.161,-4.0222
0.1355,-0.59346
0.1355,0.84786
0.1355,-0.022085
0.1355,0.67068
0.1355,0.47532
0.1355,-0.086782
0.1355,0.64533
0.1355,-0.2922
0.1355,0.45468
0.1355,0.8892
5.3805,5.2821
5.3805,5.7936
5.3805,6.2046
5.7061,6.2827
5.7061,5.9785
4.7129,4.0591
4.7129,4.5801
4.7129,5.4992
4.7129,4.4875
4.7129,5.2562
4.7129,5.2666
4.7129,4.4857
4.7129,4.2108
-5.2427,-4.7332
-5.2427,-5.6439
-2.2757,-1.2812
-2.2757,-1.9392
-2.2757,-2.1123
-2.2757,-2.6757
-2.2757,-3.2465
-2.2757,-1.6872
1.3387,2.0615
1.3387,0.47772
1.3387,1.3174
1.3387,0.68514
1.0546,0.62307
1.0546,1.8377
1.0546,1.4666
1.0546,0.85789
1.0546,1.2571
1.0546,1.0102
1.0546,0.2324
-0.085658,-0.85973
-0.085658,0.67068
-0.085658,-0.086782
-0.085658,0.77178
-2.7361,-2.2627
-2.7361,-3.1406
-2.7361,-3.2488
-2.7361,-3.0524
-2.7361,-3.6492
-2.7361,-2.1123
-2.7361,-2.6757
-2.7361,-2.0706
-2.7361,-3.4081
-2.7361,-3.2223
-2.7361,-2.8409
-2.7361,-2.2242
-2.7361,-1.8343
6.2375,5.335
6.2375,7.0636
6.2375,5.9704
6.2375,6.3172
6.2375,6.0722
5.2821,5.3805
5.2821,4.9755
5.2821,5.7165
5.2821,5.5067
5.2821,5.8228
5.2821,6.0971
6.926,6.5358
6.926,6.2827
4.9755,5.3537
4.9755,5.2821
4.9755,5.7165
4.9755,5.5067
1.7683,1.8617
1.7683,0.84786
1.7683,1.3606
1.7683,2.2266
1.7683,1.3491
1.7683,1.3124
1.7683,2.5709
-5.7251,-4.8317
-5.7251,-5.5384
-5.7251,-5.8627
-5.7251,-5.1448
-5.7251,-6.1875
-5.9922,-6.1901
-5.9922,-6.315
-5.9922,-5.2489
-5.9922,-5.8572
-5.9922,-6.2885
-5.9922,-6.1971
-5.9922,-5.1763
-5.9922,-6.5658
4.5801,4.0591
4.5801,4.7129
4.5801,4.3168
4.5801,5.2562
4.5801,4.4857
-0.92772,-1.5406
-0.92772,-0.8414
-0.92772,-1.6259
-0.92772,-1.6872
-0.92772,-1.1645
-0.92772,-1.8343
-6.3632,-5.5384
-6.3632,-5.4556
-6.3632,-6.0088
-6.3632,-6.978
-6.3632,-5.4304
-6.3632,-6.3956
-6.3632,-6.1875
-1.2812,-2.2757
-1.2812,-1.9392
-1.2812,-0.8414
-1.2812,-1.6872
0.70588,0.47532
0.70588,1.4953
0.70588,0.41763
0.70588,0.45468
0.70588,0.8892
4.9931,5.5695
4.9931,4.7352
4.9931,4.4875
4.9931,5.335
4.9931,5.9704
4.9931,5.2666
4.9931,4.104
5.4992,4.7129
5.4992,5.335
5.4992,6.3172
5.4992,5.2562
5.4992,5.2666
5.4992,6.0722
6.5358,7.243
6.5358,6.926
6.5358,6.1894
6.5358,5.9785
-5.1562,-5.5384
-5.1562,-5.4556
-5.1562,-4.6436
-5.1562,-5.4304
-5.1562,-5.1448
-5.1562,-4.3762
-5.1562,-5.19
-5.1562,-4.2064
-5.1562,-4.7828
-3.2488,-2.2627
-3.2488,-3.7675
-3.2488,-3.1406
-3.2488,-4.161
-3.2488,-2.7361
-3.2488,-3.0524
-3.2488,-3.8735
-3.2488,-3.6492
-3.2488,-3.4081
-3.2488,-2.7591
-3.2488,-3.2223
-3.2488,-2.8409
-3.2488,-4.0222
-3.0524,-2.2627
-3.0524,-3.7675
-3.0524,-3.1406
-3.0524,-2.7361
-3.0524,-3.2488
-3.0524,-3.8735
-3.0524,-3.4395
-3.0524,-3.4081
-3.0524,-2.7591
-3.0524,-4.0222
-3.0524,-2.2242
6.1136,5.9297
6.1136,6.4321
6.1136,5.7165
6.1136,5.5067
6.1136,5.8228
6.1136,6.5913
6.1136,6.0971
6.1136,6.5149
-5.8572,-6.1901
-5.8572,-6.315
-5.8572,-6.0088
-5.8572,-5.2489
-5.8572,-5.9922
-5.8572,-5.3834
-5.8572,-5.1565
-5.8572,-6.1971
-5.8572,-5.1763
-5.8572,-5.6486
-5.8572,-6.5658
-0.38596,0.47772
-0.38596,0.24231
-0.38596,-0.68466
-0.38596,-1.1645
-5.0379,-4.8317
-5.0379,-5.8627
-5.0379,-4.4169
2.5827,1.8377
2.5827,1.8693
-5.1907,-4.7332
-5.1907,-5.6439
0.84786,0.1355
0.84786,1.7683
0.84786,1.3606
0.84786,0.67068
0.84786,0.47532
0.84786,1.3491
0.84786,0.64533
0.84786,1.3124
0.84786,0.8892
0.47772,1.3387
0.47772,-0.38596
0.47772,0.24231
0.47772,0.68514
-6.978,-6.1901
-6.978,-6.0088
-6.978,-6.3632
-6.978,-6.3956
-6.978,-6.5658
1.3606,1.8617
1.3606,1.7683
1.3606,0.84786
1.3606,2.2266
1.3606,0.47532
1.3606,1.3491
1.3606,0.64533
1.3606,1.3124
1.3606,0.8892
2.2266,1.7683
2.2266,1.3606
2.2266,1.3124
-1.9472,-1.2145
-1.9472,-1.1505
-5.3834,-6.1901
-5.3834,-5.4556
-5.3834,-6.0088
-5.3834,-5.2489
-5.3834,-5.8572
-5.3834,-5.1565
-5.3834,-6.1971
-5.3834,-5.19
-5.3834,-4.7828
-5.3834,-5.1763
-5.3834,-5.6486
6.106,5.8203
-3.9774,-3.7675
-3.9774,-4.4725
-3.9774,-3.4395
-3.9774,-3.4081
-3.9774,-4.4949
-3.9774,-4.0222
-1.5406,-0.92772
-1.5406,-1.9392
-1.5406,-2.1123
-1.5406,-2.0706
-1.5406,-0.8414
-1.5406,-1.6259
-1.5406,-1.6872
-1.5406,-1.1645
-1.5406,-2.2242
-1.5406,-1.8343
5.7936,5.3805
5.7936,5.7165
5.7936,5.8228
5.7936,6.1894
5.7936,5.9785
5.7936,6.2046
5.7936,6.6599
5.7165,6.4321
5.7165,5.2821
5.7165,4.9755
5.7165,6.1136
5.7165,5.7936
5.7165,5.5067
5.7165,5.8228
5.7165,6.5913
5.7165,6.0971
1.4666,0.62307
1.4666,1.8377
1.4666,1.0546
1.4666,1.8693
1.4666,0.85789
-3.8735,-3.7675
-3.8735,-3.1406
-3.8735,-4.161
-3.8735,-3.2488
-3.8735,-3.0524
-3.8735,-3.6492
-3.8735,-3.4081
-3.8735,-4.4949
-3.8735,-4.2184
-3.8735,-4.7956
-3.8735,-4.0222
5.5067,5.3537
5.5067,5.9297
5.5067,5.2821
5.5067,4.9755
5.5067,6.1136
5.5067,5.7165
5.5067,5.8228
5.5067,5.4895
5.5067,6.0971
1.8693,1.8377
1.8693,2.5827
1.8693,1.4666
-0.85973,-0.085658
-0.85973,-0.086782
-0.85973,-0.2922
-0.85973,-0.95617
-0.85973,-1.6952
4.3168,4.0591
4.3168,4.5801
4.3168,3.683
-4.4516,-5.2489
-4.4516,-5.1565
-4.4516,-4.7828
-4.4516,-5.1763
-4.4516,-4.156
-1.9392,-2.2757
-1.9392,-1.2812
-1.9392,-1.5406
-1.9392,-2.1123
-1.9392,-2.6757
-1.9392,-2.0706
-1.9392,-2.8409
-1.9392,-1.6872
-1.9392,-2.2242
-1.9392,-1.8343
1.5338,1.8617
1.5338,0.67068
1.5338,1.3491
1.5338,0.77178
-0.022085,-0.59346
-0.022085,0.1355
-0.022085,0.47532
-0.022085,-0.2922
-0.022085,0.45468
-0.022085,-0.2962
-0.022085,-0.43581
-0.022085,0.8892
7.7094,7.0636
5.8228,6.4321
5.8228,5.2821
5.8228,6.1136
5.8228,5.7936
5.8228,5.7165
5.8228,5.5067
5.8228,6.5913
5.8228,6.2046
5.8228,6.0971
-5.1565,-5.4556
-5.1565,-6.0088
-5.1565,-5.8572
-5.1565,-5.3834
-5.1565,-4.4516
-5.1565,-5.4304
-5.1565,-4.3762
-5.1565,-5.19
-5.1565,-4.7828
-5.1565,-5.1763
-5.1565,-5.6486
0.67068,0.1355
0.67068,-0.085658
0.67068,0.84786
0.67068,1.5338
0.67068,-0.086782
0.67068,1.3491
0.67068,0.64533
0.67068,0.77178
4.7352,5.5695
4.7352,4.9931
4.7352,5.335
4.7352,4.104
-5.5575,-5.2
-5.5575,-5.1457
6.2827,5.7061
6.2827,6.926
6.2827,5.9785
6.2827,6.5704
-3.4395,-3.0524
-3.4395,-3.9774
-3.4395,-3.4081
-3.4395,-2.7591
4.4875,4.0591
4.4875,4.7129
4.4875,4.9931
4.4875,5.335
4.4875,5.2666
4.4875,4.4857
4.4875,4.104
4.4875,4.2108
-3.6492,-3.1406
-3.6492,-3.4749
-3.6492,-4.161
-3.6492,-2.7361
-3.6492,-3.2488
-3.6492,-3.8735
-3.6492,-3.2465
-3.6492,-4.2184
-3.6492,-3.2223
-3.6492,-2.8409
-3.6492,-4.0222
0.086818,0.62307
0.086818,0.24231
0.086818,1.0102
0.086818,0.2324
0.086818,0.68514
6.1894,6.5358
6.1894,5.7936
6.1894,5.9785
6.1894,6.2046
6.1894,6.6599
0.47532,0.1355
0.47532,0.70588
0.47532,0.84786
0.47532,1.3606
0.47532,-0.022085
0.47532,0.64533
0.47532,1.3124
0.47532,0.45468
0.47532,0.8892
0.24231,-0.38596
0.24231,0.47772
0.24231,0.086818
0.24231,-0.68466
0.24231,1.0102
0.24231,0.68514
6.7263,6.8623
6.7263,6.0194
6.7263,7.0902
6.0194,6.8623
6.0194,6.7263
6.0194,5.8203
6.5913,6.4321
6.5913,6.1136
6.5913,5.7165
6.5913,5.8228
6.5913,6.0971
6.5913,6.5149
5.4895,5.3537
5.4895,5.9297
5.4895,5.5067
5.4895,6.4669
5.335,5.5695
5.335,6.2375
5.335,4.9931
5.335,5.4992
5.335,4.7352
5.335,4.4875
5.335,5.9704
5.335,5.2666
5.335,6.0722
7.0636,6.2375
7.0636,7.7094
7.0636,6.6593
7.0636,7.2041
-2.1123,-2.2757
-2.1123,-2.7361
-2.1123,-1.5406
-2.1123,-1.9392
-2.1123,-2.6757
-2.1123,-2.0706
-2.1123,-2.8409
-2.1123,-1.6872
-2.1123,-2.2242
-2.1123,-1.8343
-1.2145,-0.59346
-1.2145,-1.9472
-1.2145,-1.1505
-1.2145,-0.95617
-1.2145,-0.2962
-1.2145,-0.43581
-2.6757,-3.4749
-2.6757,-2.2757
-2.6757,-2.7361
-2.6757,-1.9392
-2.6757,-2.1123
-2.6757,-2.0706
-2.6757,-3.2465
-2.6757,-3.2223
-2.6757,-2.8409
6.6593,7.0636
6.6593,5.9704
-5.4304,-5.5384
-5.4304,-5.4556
-5.4304,-4.6436
-5.4304,-6.0088
-5.4304,-6.3632
-5.4304,-5.1562
-5.4304,-5.1565
-5.4304,-5.1448
-5.4304,-5.19
-5.4304,-4.7828
-5.4304,-6.1875
-5.4304,-5.6486
-1.1505,-0.59346
-1.1505,-1.9472
-1.1505,-1.2145
-1.1505,-0.2922
-1.1505,-0.95617
-1.1505,-1.6952
0.85789,1.0546
0.85789,1.4666
0.85789,0.2324
-0.68466,-0.38596
-0.68466,0.24231
-0.68466,-1.1645
1.2571,0.62307
1.2571,2.0615
1.2571,1.8377
1.2571,1.0546
1.2571,2.1314
1.2571,1.0102
1.2571,1.3174
1.2571,0.68514
1.4953,0.70588
1.4953,1.3124
1.4953,0.8892
-2.0706,-2.2627
-2.0706,-2.7361
-2.0706,-1.5406
-2.0706,-1.9392
-2.0706,-2.1123
-2.0706,-2.6757
-2.0706,-2.8409
-2.0706,-1.6259
-2.0706,-1.6872
-2.0706,-2.2242
-2.0706,-1.8343
5.9704,5.5695
5.9704,6.2375
5.9704,4.9931
5.9704,5.335
5.9704,6.6593
5.9704,6.0722
-5.1448,-4.8317
-5.1448,-5.5384
-5.1448,-4.6436
-5.1448,-5.7251
-5.1448,-5.1562
-5.1448,-5.4304
-5.1448,-5.19
-5.1448,-4.4169
2.1314,2.0615
2.1314,1.8377
2.1314,1.2571
2.1314,1.3174
-5.2,-4.4725
-5.2,-5.5575
-5.2,-4.4949
6.3172,6.2375
6.3172,5.4992
6.3172,7.2041
6.3172,6.0722
-0.086782,0.1355
-0.086782,-0.085658
-0.086782,-0.85973
-0.086782,0.67068
-0.086782,0.64533
-0.086782,-0.2922
5.2562,4.7129
5.2562,4.5801
5.2562,5.4992
5.2562,5.2666
-3.4081,-3.7675
-3.4081,-3.1406
-3.4081,-4.161
-3.4081,-2.7361
-3.4081,-3.2488
-3.4081,-3.0524
-3.4081,-3.9774
-3.4081,-3.8735
-3.4081,-3.4395
-3.4081,-2.7591
-3.4081,-4.0222
-4.7332,-5.2427
-4.7332,-5.1907
-4.7332,-5.6439
5.2666,4.7129
5.2666,4.9931
5.2666,5.4992
5.2666,4.4875
5.2666,5.335
5.2666,5.2562
5.2666,4.4857
5.2666,6.0722
-0.8414,-0.92772
-0.8414,-1.2812
-0.8414,-1.5406
-0.8414,-1.6872
-6.2885,-6.315
-6.2885,-5.9922
-6.2885,-7.0252
4.4857,3.6164
4.4857,4.0591
4.4857,4.7129
4.4857,4.5801
4.4857,4.4875
4.4857,5.2666
4.4857,4.104
4.4857,4.2108
1.3491,1.8617
1.3491,1.7683
1.3491,0.84786
1.3491,1.3606
1.3491,1.5338
1.3491,0.67068
1.3491,0.64533
1.3491,0.77178
-6.2373,-5.6439
7.2041,7.0636
7.2041,6.3172
5.9785,5.7061
5.9785,6.5358
5.9785,5.7936
5.9785,6.2827
5.9785,6.1894
-2.7591,-2.2627
-2.7591,-3.2488
-2.7591,-3.0524
-2.7591,-3.4395
-2.7591,-3.4081
-2.7591,-2.2242
0.64533,0.1355
0.64533,0.84786
0.64533,1.3606
0.64533,0.67068
0.64533,0.47532
0.64533,-0.086782
0.64533,1.3491
0.64533,-0.2922
0.64533,0.8892
-0.2922,-0.59346
-0.2922,0.1355
-0.2922,-0.85973
-0.2922,-0.022085
-0.2922,-1.1505
-0.2922,-0.086782
-0.2922,0.64533
-0.2922,-0.95617
1.0102,0.62307
1.0102,1.0546
1.0102,0.086818
1.0102,0.24231
1.0102,1.2571
1.0102,1.3174
1.0102,0.68514
5.8203,6.106
5.8203,6.0194
1.3124,1.7683
1.3124,0.84786
1.3124,1.3606
1.3124,2.2266
1.3124,0.47532
1.3124,1.4953
1.3124,0.45468
1.3124,0.8892
-3.2465,-3.4749
-3.2465,-2.2757
-3.2465,-3.6492
-3.2465,-2.6757
-3.2465,-3.2223
-5.1457,-4.8103
-5.1457,-5.5575
-5.1457,-4.4949
-5.1457,-4.7956
-4.3762,-5.1562
-4.3762,-5.1565
-4.3762,-5.19
-4.3762,-4.2064
-4.3762,-4.7828
-4.3762,-4.156
-6.1971,-6.1901
-6.1971,-6.315
-6.1971,-6.0088
-6.1971,-5.9922
-6.1971,-5.8572
-6.1971,-5.3834
-6.1971,-7.0252
-6.1971,-6.3956
-6.1971,-5.6486
-6.1971,-6.5658
1.3174,2.0615
1.3174,1.3387
1.3174,1.2571
1.3174,2.1314
1.3174,1.0102
1.3174,0.68514
-4.4949,-3.7675
-4.4949,-4.4725
-4.4949,-3.9774
-4.4949,-3.8735
-4.4949,-5.2
-4.4949,-5.1457
-4.4949,-4.7956
-4.4949,-4.0222
0.77178,-0.085658
0.77178,1.5338
0.77178,0.67068
0.77178,1.3491
7.0902,6.7263
-5.19,-5.5384
-5.19,-5.4556
-5.19,-4.6436
-5.19,-6.0088
-5.19,-5.1562
-5.19,-5.3834
-5.19,-5.1565
-5.19,-5.4304
-5.19,-5.1448
-5.19,-4.3762
-5.19,-4.7828
-5.19,-5.6486
-4.2064,-4.6436
-4.2064,-5.1562
-4.2064,-4.3762
-7.0252,-6.315
-7.0252,-6.2885
-7.0252,-6.1971
-7.0252,-6.5658
0.41763,0.70588
0.41763,0.45468
0.41763,-0.2962
3.683,4.0591
3.683,4.3168
-4.7828,-5.4556
-4.7828,-5.1562
-4.7828,-5.3834
-4.7828,-4.4516
-4.7828,-5.1565
-4.7828,-5.4304
-4.7828,-4.3762
-4.7828,-5.19
-4.7828,-5.1763
-4.7828,-5.6486
-4.7828,-4.156
-4.2184,-4.8103
-4.2184,-3.4749
-4.2184,-4.161
-4.2184,-3.8735
-4.2184,-3.6492
-4.2184,-3.2223
6.2046,6.4321
6.2046,5.3805
6.2046,5.7936
6.2046,5.8228
6.2046,6.1894
6.2046,6.6599
-3.2223,-3.1406
-3.2223,-3.4749
-3.2223,-2.7361
-3.2223,-3.2488
-3.2223,-3.6492
-3.2223,-2.6757
-3.2223,-3.2465
-3.2223,-4.2184
-3.2223,-2.8409
0.45468,0.1355
0.45468,0.70588
0.45468,-0.022085
0.45468,0.47532
0.45468,1.3124
0.45468,0.41763
0.45468,-0.2962
0.45468,-0.43581
0.45468,0.8892
6.0971,5.9297
6.0971,6.4321
6.0971,5.2821
6.0971,6.1136
6.0971,5.7165
6.0971,5.5067
6.0971,5.8228
6.0971,6.5913
6.0971,6.5149
-2.8409,-3.1406
-2.8409,-2.7361
-2.8409,-3.2488
-2.8409,-1.9392
-2.8409,-3.6492
-2.8409,-2.1123
-2.8409,-2.6757
-2.8409,-2.0706
-2.8409,-3.2223
-2.8409,-2.2242
-2.8409,-1.8343
-1.6259,-2.2627
-1.6259,-0.92772
-1.6259,-1.5406
-1.6259,-2.0706
-1.6259,-1.1645
-1.6259,-2.2242
-1.6259,-1.8343
6.4669,5.9297
6.4669,5.4895
6.4669,6.5149
4.104,4.9931
4.104,4.7352
4.104,4.4875
4.104,4.4857
4.104,4.2108
-0.95617,-0.59346
-0.95617,-0.85973
-0.95617,-1.2145
-0.95617,-1.1505
-0.95617,-0.2922
-0.95617,-1.6952
-4.7956,-4.8103
-4.7956,-4.4725
-4.7956,-4.161
-4.7956,-3.8735
-4.7956,-5.1457
-4.7956,-4.4949
-4.7956,-4.0222
-4.0767,-3.9357
-4.0767,-4.4169
-5.1763,-5.2489
-5.1763,-5.9922
-5.1763,-5.8572
-5.1763,-5.3834
-5.1763,-4.4516
-5.1763,-5.1565
-5.1763,-4.7828
-5.1763,-5.6486
-1.6872,-2.2757
-1.6872,-0.92772
-1.6872,-1.2812
-1.6872,-1.5406
-1.6872,-1.9392
-1.6872,-2.1123
-1.6872,-2.0706
-1.6872,-0.8414
-1.6872,-1.8343
-6.3956,-6.1901
-6.3956,-5.4556
-6.3956,-6.0088
-6.3956,-6.3632
-6.3956,-6.978
-6.3956,-6.1971
-6.3956,-5.6486
-6.3956,-6.5658
-3.9357,-4.8317
-3.9357,-4.0767
-3.9357,-4.4169
-4.0222,-3.7675
-4.0222,-4.161
-4.0222,-3.2488
-4.0222,-3.0524
-4.0222,-3.9774
-4.0222,-3.8735
-4.0222,-3.6492
-4.0222,-3.4081
-4.0222,-4.4949
-4.0222,-4.7956
6.5149,5.9297
6.5149,6.1136
6.5149,6.5913
6.5149,6.0971
6.5149,6.4669
7.0513,6.8623
-1.1645,-0.92772
-1.1645,-0.38596
-1.1645,-1.5406
-1.1645,-0.68466
-1.1645,-1.6259
-1.1645,-1.8343
-6.1875,-5.5384
-6.1875,-5.7251
-6.1875,-6.3632
-6.1875,-5.4304
-0.2962,-0.59346
-0.2962,-0.022085
-0.2962,-1.2145
-0.2962,0.41763
-0.2962,0.45468
-0.2962,-0.43581
2.5709,1.8617
2.5709,1.7683
-0.43581,-0.59346
-0.43581,-0.022085
-0.43581,-1.2145
-0.43581,0.45468
-0.43581,-0.2962
-5.6486,-6.1901
-5.6486,-5.4556
-5.6486,-6.0088
-5.6486,-5.8572
-5.6486,-5.3834
-5.6486,-5.1565
-5.6486,-5.4304
-5.6486,-6.1971
-5.6486,-5.19
-5.6486,-4.7828
-5.6486,-5.1763
-5.6486,-6.3956
-5.6439,-5.2427
-5.6439,-5.1907
-5.6439,-4.7332
-5.6439,-6.2373
-6.5658,-6.1901
-6.5658,-6.315
-6.5658,-6.0088
-6.5658,-5.9922
-6.5658,-5.8572
-6.5658,-6.978
-6.5658,-6.1971
-6.5658,-7.0252
-6.5658,-6.3956
0.8892,0.1355
0.8892,0.70588
0.8892,0.84786
0.8892,1.3606
0.8892,-0.022085
0.8892,0.47532
0.8892,1.4953
0.8892,0.64533
0.8892,1.3124
0.8892,0.45468
6.11,6.5704
0.2324,0.62307
0.2324,1.0546
0.2324,0.086818
0.2324,0.85789
-2.2242,-2.2627
-2.2242,-3.1406
-2.2242,-2.7361
-2.2242,-3.0524
-2.2242,-1.5406
-2.2242,-1.9392
-2.2242,-2.1123
-2.2242,-2.0706
-2.2242,-2.7591
-2.2242,-2.8409
-2.2242,-1.6259
-2.2242,-1.8343
4.2108,3.6164
4.2108,4.0591
4.2108,4.7129
4.2108,4.4875
4.2108,4.4857
4.2108,4.104
6.6599,6.4321
6.6599,7.243
6.6599,5.7936
6.6599,6.1894
6.6599,6.2046
-4.156,-4.4516
-4.156,-4.3762
-4.156,-4.7828
-4.4169,-4.8317
-4.4169,-4.6436
-4.4169,-5.0379
-4.4169,-5.1448
-4.4169,-4.0767
-4.4169,-3.9357
-1.6952,-0.85973
-1.6952,-1.1505
-1.6952,-0.95617
0.68514,1.3387
0.68514,0.47772
0.68514,0.086818
0.68514,0.24231
0.68514,1.2571
0.68514,1.0102
0.68514,1.3174
6.5704,6.2827
6.5704,6.11
6.5704,7.2415
6.0722,6.2375
6.0722,5.4992
6.0722,5.335
6.0722,5.9704
6.0722,6.3172
6.0722,5.2666
-1.8343,-2.7361
-1.8343,-0.92772
-1.8343,-1.5406
-1.8343,-1.9392
-1.8343,-2.1123
-1.8343,-2.0706
-1.8343,-2.8409
-1.8343,-1.6259
-1.8343,-1.6872
-1.8343,-1.1645
-1.8343,-2.2242
7.2415,6.5704
-5.5692,-5.4944
-5.1907,-5.4944
