3.7787,3.9275
3.7787,3.262
-3.2637,-3.684
-3.2637,-3.9277
-3.2637,-2.9379
-6.6338,-7.2272
-6.6338,-6.1593
-2.5356,-1.6827
1.2805,1.6465
1.2805,0.2845
5.2641,4.7286
5.2641,4.5689
5.2641,5.5725
5.2641,4.7207
2.9866,2.988
7.9459,7.2791
3.1144,3.9879
3.1144,2.386
3.1144,2.9168
7.0634,6.7054
7.0634,8.0064
-7.2272,-6.6338
-2.0116,-2.0534
-2.0116,-1.1927
-2.0116,-2.7001
-2.0116,-2.9379
0.15051,-0.47143
-2.61,-2.3456
-2.61,-2.9457
-2.61,-3.3583
5.2771,4.5104
5.2771,5.611
3.9106,2.988
3.9106,3.9369
3.9106,4.696
3.9106,4.7207
3.9106,3.6866
3.619,2.7815
3.9879,3.1144
-2.5623,-2.3427
-2.5623,-2.1255
-2.5623,-2.8452
-2.5623,-2.8191
-3.8263,-3.4488
-7.0925,-6.7161
-6.7161,-7.0925
-6.7161,-6.8193
-1.441,-1.8205
-0.31171,-0.64815
-7.5436,-7.9869
-7.5436,-7.4829
-7.5436,-7.3067
4.7286,5.2641
4.7286,3.9369
4.7286,4.5689
4.7286,4.696
4.7286,4.7207
-5.0885,-4.4232
-5.0885,-4.8701
4.6633,3.7136
4.6633,4.0988
4.6633,5.611
2.2362,2.3736
-2.3456,-2.61
-2.3456,-2.1255
-2.3456,-1.8205
-2.3456,-2.8452
-2.3456,-2.9457
7.1013,6.8359
7.1013,6.5477
2.4943,1.839
2.4943,3.4555
2.578,3.262
2.578,3.3865
-4.4232,-5.0885
2.1227,2.9168
-2.3427,-2.5623
-2.3427,-2.7199
-2.3427,-3.2137
-2.3427,-1.4939
-2.3427,-1.6412
-2.3427,-2.8191
8.1001,8.6249
7.7898,7.2791
7.7898,7.0215
2.7815,3.619
2.7815,2.3736
7.2791,7.9459
7.2791,7.7898
7.2791,6.4474
7.2791,6.7054
-6.8012,-6.8791
-6.4325,-5.828
-3.684,-3.2637
-3.684,-4.5075
-0.47143,0.15051
-0.47143,-0.88472
-0.47143,-0.51429
5.7116,5.1367
5.7116,6.404
5.7116,6.3403
5.7116,5.1217
-3.9277,-3.2637
7.3679,6.8359
7.3679,7.7052
7.3679,6.803
-8.029,-7.5223
-8.029,-7.6623
-3.379,-4.0867
-3.379,-2.8452
-3.379,-3.6507
-3.379,-2.9457
-3.379,-3.3583
-2.1255,-2.5623
-2.1255,-2.3456
-2.1255,-1.8205
-2.1255,-2.8452
-2.1255,-1.4939
-5.828,-6.4325
-5.828,-5.1588
3.8197,2.9628
3.8197,3.9369
3.8197,4.5689
3.8197,3.3634
3.8197,3.3227
2.9628,3.8197
2.9628,3.3634
2.9628,2.8525
-0.74414,-1.441
-0.74414,-1.233
5.1367,5.7116
1.839,2.4943
1.839,1.3477
1.839,1.4165
8.6116,8.4606
-2.7759,-1.9353
-2.7759,-3.3016
4.3364,3.9275
4.3364,4.099
4.3364,5.1217
-2.0534,-2.0116
-2.0534,-1.309
-2.0534,-2.9379
-6.0367,-5.6085
-6.0367,-6.8193
-6.8791,-6.8012
-6.8791,-6.6091
6.8359,7.1013
6.8359,7.3679
6.8359,6.404
6.8359,6.5477
6.8359,7.7052
6.8359,6.803
-7.3217,-7.0358
-7.3217,-8.1633
-1.7287,-1.6827
-8.3375,-7.9869
0.17976,-0.64815
5.9295,5.9675
5.9295,6.404
5.9295,6.5477
5.9295,5.1217
3.2295,3.7136
3.2295,4.0988
7.0215,7.7898
7.0215,6.4474
1.3477,1.839
2.386,3.1144
6.4474,7.2791
6.4474,7.0215
6.4474,5.611
-0.56285,0.38682
-1.6827,-2.5356
-1.6827,-1.7287
-1.6827,-2.0839
-1.6827,-1.233
5.9675,5.9295
5.9675,6.5477
-1.9353,-2.7759
-1.9353,-2.2893
-7.0358,-7.3217
-7.0358,-6.6938
-7.0358,-7.7762
-3.8661,-3.2137
6.7054,7.0634
6.7054,7.2791
-4.0663,-4.6755
-4.0663,-4.6107
-3.8755,-4.3966
-3.8755,-3.3016
-4.0867,-3.379
-4.0867,-3.3583
2.988,2.9866
2.988,3.9106
2.988,2.8525
2.988,3.6866
2.3736,2.2362
2.3736,2.7815
2.3736,1.7612
3.9369,3.9106
3.9369,4.7286
3.9369,3.8197
3.9369,4.5689
3.9369,3.3634
3.9369,4.7207
3.9369,3.6866
-1.8205,-1.441
-1.8205,-2.3456
-1.8205,-2.1255
-1.8205,-1.0346
4.5689,5.2641
4.5689,4.7286
4.5689,3.8197
4.5689,3.9369
1.6465,1.2805
1.6465,2.2747
3.7136,4.6633
3.7136,3.2295
3.7136,4.0988
-5.9948,-6.6938
0.2845,1.2805
0.2845,0.38682
-7.9869,-7.5436
-7.9869,-8.3375
-7.9869,-7.3067
-7.9869,-8.4682
-6.6091,-6.8791
6.6877,6.1625
6.6877,7.5397
8.0064,7.0634
-2.8452,-2.5623
-2.8452,-2.3456
-2.8452,-3.379
-2.8452,-2.1255
-2.8452,-2.9457
-2.8452,-2.8191
-2.7199,-2.3427
-2.7199,-3.2137
-8.1633,-7.3217
-8.1633,-7.7762
-3.2137,-2.3427
-3.2137,-3.8661
-3.2137,-2.7199
-3.2137,-2.8191
-5.1588,-5.828
-5.6085,-6.0367
3.9275,3.7787
3.9275,4.3364
3.9275,3.262
3.4555,2.4943
-7.5223,-8.029
-7.5223,-7.0537
6.404,5.7116
6.404,6.8359
6.404,5.9295
6.404,6.3403
6.404,6.5477
6.404,6.803
-3.6507,-3.379
-3.6507,-2.8191
-5.0334,-4.6755
1.4165,1.839
3.3634,3.8197
3.3634,2.9628
3.3634,3.9369
3.3634,3.3227
-0.88472,-0.47143
-0.88472,-1.6412
-4.3966,-3.8755
-4.3966,-4.8701
-4.3966,-4.8878
-4.3966,-4.0981
-1.4939,-2.3427
-1.4939,-2.1255
-1.4939,-0.51429
-1.4939,-1.6412
-7.4829,-7.5436
4.696,3.9106
4.696,4.7286
4.696,5.5725
4.696,4.7207
-0.51429,-0.47143
-0.51429,-1.4939
6.3403,5.7116
6.3403,6.404
6.3403,6.803
-1.309,-2.0534
-1.309,-1.1927
-1.309,-0.64815
-2.9457,-2.61
-2.9457,-2.3456
-2.9457,-3.379
-2.9457,-2.8452
-2.9457,-3.3583
-6.2677,-7.0537
8.6249,8.1001
-1.6412,-2.3427
-1.6412,-0.88472
-1.6412,-1.4939
4.5104,5.2771
4.5104,4.0988
3.3644,2.9168
3.3644,4.143
-3.3016,-2.7759
-3.3016,-3.8755
-4.8701,-5.0885
-4.8701,-4.3966
-4.8701,-4.0981
2.2747,1.6465
-7.3067,-7.5436
-7.3067,-7.9869
-7.0537,-7.5223
-7.0537,-6.2677
-7.0537,-6.8193
2.9168,3.1144
2.9168,2.1227
2.9168,3.3644
2.8525,2.9628
2.8525,2.988
2.8525,3.6866
-2.0839,-1.6827
-2.0839,-1.441
-1.1927,-2.0116
-1.1927,-1.309
4.099,4.3364
4.099,3.3865
5.5725,5.2641
5.5725,4.696
5.5725,4.7207
-2.2893,-1.9353
-8.4682,-7.9869
-4.6755,-4.0663
-4.6755,-5.0334
-4.6107,-4.0663
-0.64815,-0.31171
-0.64815,0.17976
-0.64815,-1.309
-7.6623,-8.029
-7.6623,-6.8193
-3.4488,-3.8263
-3.4488,-2.9605
4.7207,5.2641
4.7207,3.9106
4.7207,4.7286
4.7207,3.9369
4.7207,4.696
4.7207,5.5725
4.0988,4.6633
4.0988,3.2295
4.0988,3.7136
4.0988,4.5104
3.3227,3.8197
3.3227,3.3634
-4.8878,-4.3966
5.611,5.2771
5.611,4.6633
5.611,6.4474
6.5477,7.1013
6.5477,6.8359
6.5477,5.9295
6.5477,5.9675
6.5477,6.404
3.262,3.7787
3.262,2.578
3.262,3.9275
3.262,3.3865
6.1625,6.6877
-3.3583,-2.61
-3.3583,-3.379
-3.3583,-4.0867
-3.3583,-2.9457
-6.6938,-7.0358
-6.6938,-5.9948
-6.6938,-7.6402
3.6866,3.9106
3.6866,2.988
3.6866,3.9369
3.6866,2.8525
-1.441,-0.74414
-1.441,-2.0839
-1.441,-1.233
7.7052,7.3679
7.7052,6.8359
7.7052,6.803
-4.5075,-3.684
-6.1593,-6.6338
7.5397,6.6877
5.1217,5.7116
5.1217,4.3364
5.1217,5.9295
-4.0981,-4.3966
-4.0981,-4.8701
-6.8193,-6.7161
-6.8193,-6.0367
-6.8193,-7.0537
-6.8193,-7.6623
-7.6402,-6.6938
-7.6402,-7.7762
-2.7001,-2.0116
-2.7001,-2.9379
8.4606,8.6116
-2.9379,-3.2637
-2.9379,-2.0116
-2.9379,-2.0534
-2.9379,-2.7001
-7.7762,-7.0358
-7.7762,-8.1633
-7.7762,-7.6402
0.38682,-0.56285
0.38682,0.2845
4.143,3.3644
-1.0346,-1.8205
-1.233,-0.74414
-1.233,-1.6827
-1.233,-1.441
-2.9605,-3.4488
3.3865,2.578
3.3865,4.099
3.3865,3.262
-2.8191,-2.5623
-2.8191,-2.3427
-2.8191,-2.8452
-2.8191,-3.2137
-2.8191,-3.6507
6.803,7.3679
6.803,6.8359
6.803,6.404
6.803,6.3403
6.803,7.7052
1.7612,2.3736
