4.4606,5.2302
4.4606,4.321
4.4606,4.9427
4.4606,4.6858
4.4606,4.0958
4.4606,4.8776
4.4606,3.6788
-3.688,-4.2141
-3.688,-3.7332
-3.688,-3.9944
-3.688,-3.3003
-3.688,-3.1455
-3.688,-3.8189
-4.624,-3.6705
-4.624,-4.7412
-4.624,-4.8828
-4.624,-4.2617
-4.624,-3.7728
-4.624,-5.2768
-4.624,-3.9328
-3.4287,-2.9166
-3.4287,-4.0815
-3.4287,-3.9328
-0.82633,-1.2326
-0.82633,-0.21036
3.2145,4.0239
3.2145,3.5828
4.0239,3.2145
4.0239,3.5828
4.0239,4.8116
4.0239,4.629
4.0239,4.2249
4.0239,4.1161
-3.6705,-4.624
-3.6705,-3.2672
-3.6705,-3.7332
-3.6705,-2.9044
-3.6705,-4.2617
-3.6705,-2.932
-3.6705,-3.7728
-3.6705,-3.9328
7.0236,6.7064
7.0236,6.53
7.0236,6.611
3.4054,2.7034
3.4054,3.792
3.4054,4.3985
3.4054,3.5713
3.4054,2.6375
5.4924,4.8783
5.4924,6.452
5.4924,5.9154
-5.242,-4.8828
-5.242,-4.5938
-2.5521,-2.5125
-2.5521,-1.9882
-2.5521,-3.2672
-2.5521,-2.9044
-2.5521,-2.0882
-2.5521,-2.932
-2.5521,-3.1455
-0.42008,0.19215
-0.42008,-0.79822
-3.4046,-2.8054
-3.4046,-3.8854
-3.4046,-3.2667
-3.4046,-3.8039
-3.4046,-3.7233
-3.4046,-3.971
-3.4046,-3.2276
4.8783,5.4924
4.8783,4.8811
3.5828,3.2145
3.5828,4.0239
3.5828,3.792
3.5828,4.1161
3.5828,2.9353
0.19215,-0.42008
0.19215,-0.014715
0.19215,0.97645
5.6807,5.0067
5.6807,4.8116
5.6807,5.2758
-4.0151,-3.5617
-4.0151,-3.5252
-4.0151,-3.8039
-4.0151,-3.1288
-4.0151,-4.2445
-4.0151,-4.7037
-4.7412,-4.624
-4.7412,-4.2617
-4.7412,-5.2768
-4.7412,-3.9328
-2.5125,-2.5521
-2.5125,-1.5596
-2.5125,-3.2672
-2.5125,-2.5074
-2.5125,-2.9044
-2.5125,-2.0882
-2.5125,-1.9016
-2.5125,-3.1455
-5.9254,-5.3999
-5.9254,-6.3601
-5.9254,-5.4371
-5.9254,-6.041
-5.9254,-5.8545
-5.9254,-6.6325
-5.5373,-5.0763
-5.5373,-5.4371
-5.5373,-6.2167
-5.5373,-4.9053
-5.5373,-6.041
-5.5373,-5.6464
5.8846,5.4422
5.8846,6.2403
5.8846,6.448
5.8846,5.2067
5.8846,5.8472
5.8846,6.5028
5.8846,5.383
5.8846,6.1666
-2.8054,-3.4046
-2.8054,-2.8899
-2.8054,-2.1925
-2.8054,-3.2667
-2.8054,-2.5161
-2.8054,-3.2276
-2.8054,-2.3798
-1.5596,-2.5125
-1.5596,-2.0882
-1.5596,-1.9016
3.6452,4.1699
3.6452,3.466
3.6452,4.5113
3.6452,4.0613
-7.4384,-8.4261
5.0067,5.6807
5.0067,4.8116
5.0067,4.629
5.0067,4.2249
-5.3999,-5.9254
-5.3999,-5.2446
-5.3999,-6.3601
-5.3999,-5.4371
-5.3999,-4.7108
-5.3999,-4.8584
-5.3999,-5.8545
5.8824,5.4422
5.8824,6.8689
5.8824,6.5028
5.8824,5.9892
5.8824,6.3945
5.8824,5.1424
5.8824,6.1666
5.8824,5.2453
-0.22599,-0.014715
-0.22599,-0.64454
-0.22599,-1.0504
-3.8854,-3.4046
-3.8854,-4.4738
-3.8854,-3.2667
-3.8854,-4.4846
-3.8854,-3.8039
-3.8854,-4.2445
-3.8854,-3.7233
-3.8854,-3.971
6.087,5.9052
6.087,5.397
6.087,6.6306
5.8574,5.504
5.8574,6.2403
5.8574,5.9052
5.8574,5.2302
5.8574,5.8472
5.8574,4.9427
5.8574,5.383
5.8574,6.3863
5.8574,6.4807
5.4422,5.8846
5.4422,5.8824
5.4422,5.2067
5.4422,5.1424
5.4422,4.7888
5.4422,6.1666
4.8116,4.0239
4.8116,5.6807
4.8116,5.0067
4.8116,4.7227
4.8116,4.629
4.8116,4.1161
4.8116,5.2758
4.1699,3.6452
4.1699,3.466
4.1699,4.5113
4.1699,3.5046
4.1699,4.7888
4.1699,4.0958
4.1699,4.5702
-5.2446,-5.3999
-5.2446,-5.2856
-5.2446,-4.6973
-5.2446,-4.3363
-5.2446,-4.7108
-5.2446,-5.8545
-1.9882,-2.5521
-1.9882,-2.0882
-1.9882,-2.127
-1.9882,-2.932
-1.9882,-1.0998
-3.5617,-4.0151
-3.5617,-2.8899
-3.5617,-3.2667
-3.5617,-3.8039
-3.5617,-3.1288
-3.5617,-4.2445
6.7064,7.0236
6.7064,6.8689
6.7064,5.83
6.7064,5.9892
6.7064,6.53
6.7064,7.1207
6.7064,6.3945
-0.014715,0.19215
-0.014715,-0.22599
-0.014715,0.8563
-0.014715,-0.79822
6.8689,5.8824
6.8689,6.7064
6.8689,6.5028
6.8689,7.1207
6.8689,6.3945
6.8689,7.0715
6.8689,6.1666
-5.0963,-4.4738
-5.0963,-5.0763
-5.0963,-5.6798
-5.0963,-4.4846
-5.0963,-5.0472
-5.0963,-5.6464
-4.2141,-3.688
-4.2141,-3.7332
-4.2141,-4.8828
-4.2141,-3.9944
-4.2141,-4.2617
-4.2141,-3.7728
-4.2141,-4.5938
-3.0939,-2.6994
-3.0939,-3.7136
-3.0939,-3.8189
-1.2429,-1.9372
-1.2429,-0.64454
-1.2429,-1.0504
5.504,5.8574
5.504,5.9052
5.504,5.2302
5.504,4.9427
5.504,4.6858
5.504,5.1146
5.504,6.3863
-3.2672,-3.6705
-3.2672,-2.5521
-3.2672,-2.5125
-3.2672,-3.7332
-3.2672,-2.9044
-3.2672,-2.932
-3.2672,-3.7728
-3.2672,-3.1455
6.2403,5.8846
6.2403,5.8574
6.2403,6.448
6.2403,5.8472
6.2403,5.383
6.2403,7.0023
6.2403,6.4807
-6.7902,-6.2167
-6.7902,-6.041
-6.7902,-6.6325
-4.4738,-3.8854
-4.4738,-5.0963
-4.4738,-5.0763
-4.4738,-4.3492
-4.4738,-4.4846
-4.4738,-4.9053
-4.4738,-3.7233
-4.4738,-3.971
-2.8899,-2.8054
-2.8899,-3.5617
-2.8899,-3.2667
-2.8899,-3.8039
-2.8899,-3.1288
-2.8899,-2.2655
-2.8899,-2.3798
0.8563,-0.014715
0.8563,0.97645
-3.7332,-3.688
-3.7332,-3.6705
-3.7332,-4.2141
-3.7332,-3.2672
-3.7332,-2.9044
-3.7332,-3.9944
-3.7332,-4.2617
-3.7332,-3.7728
-3.7332,-3.1455
4.7227,4.8116
4.7227,3.792
4.7227,4.3985
4.7227,4.629
4.7227,4.1161
4.7227,5.2758
2.7034,3.4054
2.7034,3.5713
2.7034,2.6375
6.452,5.4924
6.452,6.611
6.452,5.9154
-0.081421,-0.90969
6.448,5.8846
6.448,6.2403
6.448,5.8472
6.448,6.5028
6.448,7.0715
6.448,6.1666
6.448,7.0023
-4.8828,-4.624
-4.8828,-5.242
-4.8828,-4.2141
-4.8828,-4.2617
-4.8828,-5.2768
3.466,3.6452
3.466,4.1699
3.466,3.5046
5.9052,6.087
5.9052,5.8574
5.9052,5.504
5.9052,5.397
5.9052,6.6306
5.9052,5.1146
5.9052,6.3863
-3.8064,-3.0909
-3.8064,-4.3492
-3.8064,-3.7233
-3.8064,-3.971
-3.8064,-4.2739
-3.8064,-3.2276
-3.8064,-3.6958
5.2067,5.8846
5.2067,5.4422
5.2067,5.8472
5.2067,5.383
5.2067,4.7888
5.2067,4.8776
5.2067,4.5702
-2.5074,-2.5125
-2.5074,-2.6994
-2.5074,-1.9016
-2.5074,-2.0274
-2.5074,-3.3003
-2.5074,-3.1455
-5.0763,-5.5373
-5.0763,-5.0963
-5.0763,-4.4738
-5.0763,-4.3492
-5.0763,-4.9053
-5.0763,-5.6464
-5.6798,-5.0963
-5.6798,-6.2822
-5.6798,-5.0472
-5.6798,-5.6464
5.2302,4.4606
5.2302,5.8574
5.2302,5.504
5.2302,5.8472
5.2302,4.9427
5.2302,4.6858
5.2302,5.383
5.2302,4.8776
-5.8819,-5.2856
-2.6994,-3.0939
-2.6994,-2.5074
-2.6994,-2.0274
-2.6994,-3.3003
-9.1528,-8.3456
-9.1528,-9.3014
-2.9044,-3.6705
-2.9044,-2.5521
-2.9044,-2.5125
-2.9044,-3.2672
-2.9044,-3.7332
-2.9044,-2.0882
-2.9044,-2.932
-2.9044,-3.7728
-2.9044,-3.1455
5.8472,5.8846
5.8472,5.8574
5.8472,6.2403
5.8472,6.448
5.8472,5.2067
5.8472,5.2302
5.8472,5.383
5.8472,4.8776
5.8472,6.4807
5.83,6.7064
5.83,5.9892
5.83,6.53
5.83,6.611
5.83,5.2453
5.83,4.8811
5.83,5.9154
6.5028,5.8846
6.5028,5.8824
6.5028,6.8689
6.5028,6.448
6.5028,6.3945
6.5028,7.0715
6.5028,6.1666
4.5113,3.6452
4.5113,4.1699
4.5113,4.0613
4.5113,5.1424
4.5113,4.7888
4.3846,4.3985
4.3846,3.5713
4.3846,5.2589
5.9892,5.8824
5.9892,6.7064
5.9892,5.83
5.9892,6.53
5.9892,6.3945
5.9892,5.2453
-1.2326,-0.82633
-3.5233,-4.0732
-3.5233,-4.3363
-2.1925,-2.8054
-2.1925,-1.6255
-2.1925,-2.5161
-2.1925,-2.3798
-2.0882,-2.5521
-2.0882,-2.5125
-2.0882,-1.5596
-2.0882,-1.9882
-2.0882,-2.9044
4.321,4.4606
4.321,4.6858
4.321,5.1146
-3.0909,-3.8064
-3.0909,-3.2276
-3.0909,-3.6958
-5.2856,-5.2446
-5.2856,-5.8819
-5.2856,-4.6973
-5.2856,-5.8545
-3.5252,-4.0151
-3.5252,-3.1288
6.53,7.0236
6.53,6.7064
6.53,5.83
6.53,5.9892
6.53,6.611
6.53,7.1207
6.53,6.3945
6.53,5.9154
-4.6973,-5.2446
-4.6973,-5.2856
-4.6973,-4.3363
-4.6973,-4.7108
-4.0732,-3.5233
-4.0732,-4.3363
-4.0732,-4.7108
-4.0732,-4.2739
-4.0732,-4.8584
-4.0732,-3.6958
-4.3492,-4.4738
-4.3492,-3.8064
-4.3492,-5.0763
-4.3492,-4.9053
-4.3492,-3.7233
-4.3492,-3.971
-4.3492,-4.2739
2.328,1.8017
2.328,2.9353
-0.79822,-0.42008
-0.79822,-0.014715
-0.79822,-1.0504
3.792,3.4054
3.792,3.5828
3.792,4.7227
3.792,4.3985
3.792,4.1161
-3.2667,-3.4046
-3.2667,-2.8054
-3.2667,-3.8854
-3.2667,-3.5617
-3.2667,-2.8899
-3.2667,-3.8039
-3.2667,-2.3798
4.3985,3.4054
4.3985,4.7227
4.3985,4.3846
4.3985,3.792
4.3985,5.2758
3.5046,4.1699
3.5046,3.466
3.5046,4.0958
3.5046,3.6788
4.0613,3.6452
4.0613,4.5113
-6.3601,-5.9254
-6.3601,-5.3999
-6.3601,-6.4692
-6.3601,-5.8545
-6.3601,-7.2487
-6.3601,-6.6325
0.68115,-0.21036
-4.4846,-3.8854
-4.4846,-5.0963
-4.4846,-4.4738
-4.4846,-3.8039
-4.4846,-4.2445
-4.4846,-3.971
-4.4846,-5.0472
-4.4846,-4.7037
6.611,7.0236
6.611,6.452
6.611,5.83
6.611,6.53
6.611,5.9154
7.1207,6.7064
7.1207,6.8689
7.1207,6.53
7.1207,6.3945
-3.8039,-3.4046
-3.8039,-4.0151
-3.8039,-3.8854
-3.8039,-3.5617
-3.8039,-2.8899
-3.8039,-3.2667
-3.8039,-4.4846
-3.8039,-4.2445
-2.5275,-3.1288
-2.5275,-1.8415
-2.5275,-2.2655
-2.5275,-1.9372
5.397,6.087
5.397,5.9052
5.397,5.0724
5.397,5.1146
-6.4692,-6.3601
-6.4692,-5.8545
6.6306,6.087
6.6306,5.9052
6.6306,6.3863
-3.1288,-4.0151
-3.1288,-3.5617
-3.1288,-2.8899
-3.1288,-3.5252
-3.1288,-2.5275
-3.1288,-2.2655
-3.7136,-3.0939
-3.7136,-3.8189
-5.4371,-5.9254
-5.4371,-5.5373
-5.4371,-5.3999
-5.4371,-4.9053
-5.4371,-6.041
-5.4371,-4.8584
0.38917,-0.21036
4.9427,4.4606
4.9427,5.8574
4.9427,5.504
4.9427,5.2302
4.9427,4.6858
4.9427,5.383
4.9427,4.8776
6.3945,5.8824
6.3945,6.7064
6.3945,6.8689
6.3945,6.5028
6.3945,5.9892
6.3945,6.53
6.3945,7.1207
6.3945,6.1666
-6.2167,-5.5373
-6.2167,-6.7902
-6.2167,-6.2822
-6.2167,-6.041
-6.2167,-5.6464
4.6858,4.4606
4.6858,5.504
4.6858,5.2302
4.6858,4.321
4.6858,4.9427
4.6858,5.1146
-4.2445,-4.0151
-4.2445,-3.8854
-4.2445,-3.5617
-4.2445,-4.4846
-4.2445,-3.8039
-4.2445,-5.0472
-4.2445,-4.7037
-3.9944,-3.688
-3.9944,-4.2141
-3.9944,-3.7332
-3.9944,-3.3003
-3.9944,-4.5938
-3.9944,-3.8189
5.1424,5.8824
5.1424,5.4422
5.1424,4.5113
5.1424,4.7888
5.1424,5.2453
4.629,4.0239
4.629,5.0067
4.629,4.8116
4.629,4.7227
4.629,4.2249
4.629,4.1161
-1.8415,-2.5275
-1.8415,-1.9372
-1.8415,-1.8318
-1.8415,-1.0504
-4.9053,-5.5373
-4.9053,-4.4738
-4.9053,-5.0763
-4.9053,-4.3492
-4.9053,-5.4371
-4.9053,-4.2739
-4.9053,-4.8584
-2.2655,-2.8899
-2.2655,-2.5275
-2.2655,-3.1288
-2.2655,-1.6255
-2.2655,-1.9372
-2.2655,-2.3798
-8.4261,-7.4384
-8.4261,-8.3456
-8.4261,-9.3014
4.2249,4.0239
4.2249,5.0067
4.2249,4.629
7.1068,7.0023
7.1068,6.3863
7.1068,6.4807
-1.6255,-2.1925
-1.6255,-2.2655
-1.6255,-2.3798
5.383,5.8846
5.383,5.8574
5.383,6.2403
5.383,5.2067
5.383,5.2302
5.383,5.8472
5.383,4.9427
5.383,4.8776
5.383,4.5702
-1.9016,-2.5125
-1.9016,-1.5596
-1.9016,-2.5074
-1.9016,-2.0274
-3.7233,-3.4046
-3.7233,-3.8854
-3.7233,-4.4738
-3.7233,-3.8064
-3.7233,-4.3492
-3.7233,-3.971
-3.7233,-4.2739
-3.7233,-3.2276
-3.971,-3.4046
-3.971,-3.8854
-3.971,-4.4738
-3.971,-3.8064
-3.971,-4.3492
-3.971,-4.4846
-3.971,-3.7233
-3.971,-3.2276
9.0389,9.8586
-1.9372,-1.2429
-1.9372,-2.5275
-1.9372,-1.8415
-1.9372,-2.2655
7.0715,6.8689
7.0715,6.448
7.0715,6.5028
7.0715,6.1666
7.0715,7.0023
3.5713,3.4054
3.5713,2.7034
3.5713,4.3846
-4.3363,-5.2446
-4.3363,-3.5233
-4.3363,-4.6973
-4.3363,-4.0732
-4.3363,-4.7108
-4.7108,-5.3999
-4.7108,-5.2446
-4.7108,-4.6973
-4.7108,-4.0732
-4.7108,-4.3363
-4.7108,-4.2739
-4.7108,-4.8584
4.7888,5.4422
4.7888,4.1699
4.7888,5.2067
4.7888,4.5113
4.7888,5.1424
4.7888,4.5702
-8.3456,-9.1528
-8.3456,-8.4261
-6.2822,-5.6798
-6.2822,-6.2167
-6.2822,-5.6464
5.0724,5.397
1.8017,2.328
1.8017,2.6375
-2.127,-1.9882
-2.127,-2.9166
-2.9166,-3.4287
-2.9166,-2.127
-2.9166,-2.932
6.1666,5.8846
6.1666,5.8824
6.1666,5.4422
6.1666,6.8689
6.1666,6.448
6.1666,6.5028
6.1666,6.3945
6.1666,7.0715
5.2589,4.3846
-4.2739,-3.8064
-4.2739,-4.0732
-4.2739,-4.3492
-4.2739,-4.9053
-4.2739,-3.7233
-4.2739,-4.7108
-4.2739,-4.8584
-4.2739,-3.6958
-9.3014,-9.1528
-9.3014,-8.4261
-4.2617,-4.624
-4.2617,-3.6705
-4.2617,-4.7412
-4.2617,-4.2141
-4.2617,-3.7332
-4.2617,-4.8828
-4.2617,-3.7728
-4.2617,-3.9328
-4.0815,-3.4287
-4.0815,-3.9328
-2.0274,-2.5074
-2.0274,-2.6994
-2.0274,-1.9016
-6.041,-5.9254
-6.041,-5.5373
-6.041,-6.7902
-6.041,-5.4371
-6.041,-6.2167
-6.041,-5.6464
-6.041,-6.6325
-2.5161,-2.8054
-2.5161,-2.1925
-2.5161,-3.2276
-2.932,-3.6705
-2.932,-2.5521
-2.932,-1.9882
-2.932,-3.2672
-2.932,-2.9044
-2.932,-2.9166
4.1161,4.0239
4.1161,3.5828
4.1161,4.8116
4.1161,4.7227
4.1161,3.792
4.1161,4.629
5.2453,5.8824
5.2453,5.83
5.2453,5.9892
5.2453,5.1424
5.2453,4.8811
2.6375,3.4054
2.6375,2.7034
2.6375,1.8017
2.6375,2.9353
-4.8584,-5.3999
-4.8584,-4.0732
-4.8584,-5.4371
-4.8584,-4.9053
-4.8584,-4.7108
-4.8584,-4.2739
4.8811,4.8783
4.8811,5.83
4.8811,5.2453
5.1146,5.504
5.1146,5.9052
5.1146,4.321
5.1146,5.397
5.1146,4.6858
4.0958,4.4606
4.0958,4.1699
4.0958,3.5046
4.0958,4.8776
4.0958,3.6788
4.0958,4.5702
1.0839,0.97645
-3.2276,-3.4046
-3.2276,-2.8054
-3.2276,-3.8064
-3.2276,-3.0909
-3.2276,-3.7233
-3.2276,-3.971
-3.2276,-2.5161
-5.8545,-5.9254
-5.8545,-5.3999
-5.8545,-5.2446
-5.8545,-5.2856
-5.8545,-6.3601
-5.8545,-6.4692
2.9353,3.5828
2.9353,2.328
2.9353,2.6375
-0.90969,-0.081421
7.0023,6.2403
7.0023,6.448
7.0023,7.1068
7.0023,7.0715
7.0023,6.4807
-3.3003,-3.688
-3.3003,-2.5074
-3.3003,-2.6994
-3.3003,-3.9944
-3.3003,-3.1455
-3.3003,-3.8189
-3.7728,-4.624
-3.7728,-3.6705
-3.7728,-4.2141
-3.7728,-3.2672
-3.7728,-3.7332
-3.7728,-2.9044
-3.7728,-4.2617
-3.7728,-3.1455
-3.7728,-3.9328
5.2758,5.6807
5.2758,4.8116
5.2758,4.7227
5.2758,4.3985
5.9154,5.4924
5.9154,6.452
5.9154,5.83
5.9154,6.53
5.9154,6.611
-5.0472,-5.0963
-5.0472,-5.6798
-5.0472,-4.4846
-5.0472,-4.2445
-5.0472,-4.7037
4.8776,4.4606
4.8776,5.2067
4.8776,5.2302
4.8776,5.8472
4.8776,4.9427
4.8776,5.383
4.8776,4.0958
4.8776,4.5702
-4.5938,-5.242
-4.5938,-4.2141
-4.5938,-3.9944
-4.5938,-3.8189
-3.6958,-3.8064
-3.6958,-3.0909
-3.6958,-4.0732
-3.6958,-4.2739
-5.6464,-5.5373
-5.6464,-5.0963
-5.6464,-5.0763
-5.6464,-5.6798
-5.6464,-6.2167
-5.6464,-6.2822
-5.6464,-6.041
-7.2487,-6.3601
-7.2487,-6.6325
-3.1455,-3.688
-3.1455,-2.5521
-3.1455,-2.5125
-3.1455,-3.2672
-3.1455,-3.7332
-3.1455,-2.5074
-3.1455,-2.9044
-3.1455,-3.3003
-3.1455,-3.7728
6.3863,5.8574
6.3863,5.504
6.3863,5.9052
6.3863,6.6306
6.3863,7.1068
6.3863,6.4807
-3.8189,-3.688
-3.8189,-3.0939
-3.8189,-3.7136
-3.8189,-3.9944
-3.8189,-3.3003
-3.8189,-4.5938
-6.6325,-5.9254
-6.6325,-6.7902
-6.6325,-6.3601
-6.6325,-6.041
-6.6325,-7.2487
-1.8318,-1.8415
-1.8318,-1.0504
-0.21036,-0.82633
-0.21036,0.68115
-0.21036,0.38917
3.6788,4.4606
3.6788,3.5046
3.6788,4.0958
-2.3798,-2.8054
-2.3798,-2.8899
-2.3798,-2.1925
-2.3798,-3.2667
-2.3798,-2.2655
-2.3798,-1.6255
0.97645,0.19215
0.97645,0.8563
0.97645,1.0839
-1.0998,-1.9882
-5.2768,-4.624
-5.2768,-4.7412
-5.2768,-4.8828
-3.9328,-4.624
-3.9328,-3.4287
-3.9328,-3.6705
-3.9328,-4.7412
-3.9328,-4.2617
-3.9328,-4.0815
-3.9328,-3.7728
4.5702,4.1699
4.5702,5.2067
4.5702,5.383
4.5702,4.7888
4.5702,4.0958
4.5702,4.8776
9.8586,9.0389
-0.64454,-0.22599
-0.64454,-1.2429
-4.7037,-4.0151
-4.7037,-4.4846
-4.7037,-4.2445
-4.7037,-5.0472
6.4807,5.8574
6.4807,6.2403
6.4807,5.8472
6.4807,7.1068
6.4807,7.0023
6.4807,6.3863
-1.0504,-0.22599
-1.0504,-1.2429
-1.0504,-0.79822
-1.0504,-1.8415
-1.0504,-1.8318
