4.569,5.2744
4.569,4.0864
4.569,5.0665
4.569,4.7576
4.569,4.303
4.569,4.9032
4.569,3.654
-3.1677,-3.5361
-3.1677,-2.6226
-3.1677,-2.5288
-3.1677,-3.5763
-3.1677,-3.6909
-3.1677,-3.1573
-3.1677,-4.0206
-4.6265,-3.9244
-4.6265,-4.7094
-4.6265,-4.147
-4.6265,-5.0853
-3.1532,-2.7777
-3.1532,-2.5397
-3.1532,-2.8419
-3.1532,-3.7135
0.38329,-0.13653
2.412,2.9347
2.412,3.3649
2.412,1.8758
2.412,2.6858
3.7337,3.4475
3.7337,4.1443
3.7337,2.9347
3.7337,3.3649
3.7337,4.107
-3.9244,-4.6265
-3.9244,-4.147
-3.9244,-3.6275
-3.9244,-3.232
-3.9244,-3.7135
7.3668,7.59
7.3668,6.944
7.3668,7.08
7.3668,6.4036
3.4165,3.6387
3.4165,4.3521
3.4165,3.2862
3.4165,2.6117
5.6797,6.3287
5.6797,5.6693
-4.7225,-3.9355
-4.7225,-4.147
-4.7225,-4.4412
-4.7225,-5.0853
-2.7777,-3.1532
-2.7777,-2.1197
-2.7777,-2.7541
-2.7777,-2.5397
-2.7777,-1.9164
-2.7777,-2.8419
-2.7777,-3.232
-2.7777,-3.7135
-0.4821,-0.15229
-0.4821,-1.1076
-0.4821,0.34952
-3.4868,-2.7371
-3.4868,-3.8846
-3.4868,-4.4189
-3.4868,-3.0972
-3.4868,-3.646
-3.4868,-3.5293
-3.4868,-3.8724
5.1073,5.6693
5.1073,5.6436
5.1073,4.7973
3.4475,3.7337
3.4475,2.9347
3.4475,3.6387
3.4475,4.107
3.4475,2.6858
-0.15229,-0.4821
-0.15229,-0.96897
-0.15229,0.034828
-0.15229,-1.1076
4.8139,4.1443
4.8139,5.6773
4.8139,4.7102
4.8139,4.107
-4.3335,-3.5845
-4.3335,-3.6994
-4.3335,-4.1433
-4.3335,-4.9024
-4.7094,-4.6265
-4.7094,-4.0934
-2.17,-1.6966
-2.17,-2.7541
-2.17,-2.6226
-2.17,-2.2717
-2.17,-1.8266
-2.17,-1.2249
-2.17,-2.8234
-5.8313,-5.2919
-5.8313,-6.4391
-5.8313,-5.3155
-5.8313,-5.9406
-5.8313,-5.8394
-5.8313,-6.4125
-5.4293,-4.9826
-5.4293,-5.3155
-5.4293,-5.7992
-5.4293,-4.827
-5.4293,-5.9406
-5.4293,-5.5452
5.888,5.5073
5.888,6.2102
5.888,6.4904
5.888,5.2566
5.888,6.4824
5.888,6.3369
5.888,5.5563
5.888,6.1456
-2.7371,-3.4868
-2.7371,-1.9037
-2.7371,-3.0972
-2.7371,-3.5293
-2.7371,-2.5648
-2.7371,-2.5311
-1.6966,-2.17
-1.6966,-2.1197
-1.6966,-2.5397
-1.6966,-2.2717
-1.6966,-1.2249
-1.6966,-1.3775
3.422,4.1833
3.422,3.9233
3.422,3.6543
3.422,3.851
-7.6758,-8.4234
4.1443,3.7337
4.1443,4.8139
4.1443,3.3649
4.1443,4.107
-5.2919,-5.8313
-5.2919,-5.2658
-5.2919,-5.3155
-5.2919,-4.6721
-5.2919,-4.7231
-5.2919,-5.8394
5.8354,5.5073
5.8354,6.4904
5.8354,6.3369
5.8354,6.4144
5.8354,6.8001
5.8354,5.2052
5.8354,6.1456
5.8354,5.6436
-0.58788,-0.96897
-0.58788,-1.0713
-0.58788,0.034828
-3.8846,-3.4868
-3.8846,-4.4189
-3.8846,-3.0972
-3.8846,-4.4136
-3.8846,-3.646
-3.8846,-4.1433
-3.8846,-3.5293
-3.8846,-3.8724
6.1212,6.145
6.1212,5.236
5.8555,5.5116
5.8555,6.2102
5.8555,6.145
5.8555,5.2744
5.8555,5.0665
5.8555,5.5563
5.8555,6.3406
5.8555,6.6303
5.5073,5.888
5.5073,5.8354
5.5073,6.4904
5.5073,5.2566
5.5073,6.3369
5.5073,5.2052
5.5073,4.9888
5.5073,6.1456
5.5073,4.6233
5.6773,4.8139
5.6773,4.7102
4.1833,3.422
4.1833,3.9233
4.1833,4.5688
4.1833,3.851
4.1833,4.9888
4.1833,4.6233
-5.2658,-5.2919
-5.2658,-5.899
-5.2658,-5.0546
-5.2658,-4.5258
-5.2658,-4.6721
-5.2658,-5.8394
-2.1197,-2.7777
-2.1197,-1.6966
-2.1197,-2.7541
-2.1197,-2.5397
-2.1197,-2.2717
-2.1197,-1.9164
-2.1197,-1.3775
-3.5845,-4.3335
-3.5845,-2.9449
-3.5845,-3.6994
-3.5845,-3.646
-3.5845,-3.1061
-3.5845,-4.1433
7.59,7.3668
7.59,6.944
7.59,7.2363
7.59,6.8001
-0.96897,-0.15229
-0.96897,-0.58788
-0.96897,-1.1076
-0.96897,-1.6634
6.9138,6.4904
6.9138,6.4824
6.9138,6.3369
6.9138,7.2363
6.9138,6.8001
6.9138,7.4541
6.9138,6.1456
6.9138,6.8351
-4.9575,-4.4189
-4.9575,-4.9826
-4.9575,-5.64
-4.9575,-4.4136
-4.9575,-4.9024
-4.9575,-5.5452
-3.9355,-4.7225
-3.9355,-3.5361
-3.9355,-4.147
-3.9355,-3.6909
-3.9355,-3.6275
-3.9355,-3.1573
-3.9355,-3.287
-3.9355,-4.4412
-1.0713,-0.58788
-1.0713,-1.7626
-1.0713,-0.9811
5.5116,5.8555
5.5116,6.145
5.5116,5.2744
5.5116,5.0665
5.5116,4.7576
5.5116,5.236
5.5116,6.3406
-2.7541,-2.7777
-2.7541,-2.17
-2.7541,-2.1197
-2.7541,-2.5397
-2.7541,-2.2717
-2.7541,-3.6275
-2.7541,-3.232
-2.7541,-3.287
-2.7541,-2.8234
6.2102,5.888
6.2102,5.8555
6.2102,6.4824
6.2102,5.5563
6.2102,6.8351
6.2102,6.3406
6.2102,6.6303
-6.6576,-5.7992
-6.6576,-6.2803
-6.6576,-5.9406
-6.6576,-6.4125
-4.4189,-3.4868
-4.4189,-3.8846
-4.4189,-4.9575
-4.4189,-4.9826
-4.4189,-4.3768
-4.4189,-4.4136
-4.4189,-3.5293
-4.4189,-3.8724
-2.9449,-3.5845
-2.9449,-3.0972
-2.9449,-3.646
-2.9449,-2.3446
-2.9449,-3.1061
-2.9449,-2.3215
-2.9449,-2.5311
0.034828,-0.15229
0.034828,-0.58788
-3.5361,-3.1677
-3.5361,-3.9355
-3.5361,-2.6226
-3.5361,-3.6909
-3.5361,-3.6275
-3.5361,-3.1573
-3.5361,-3.287
-3.5361,-4.4412
-3.5361,-2.8234
-3.5361,-4.0206
4.5192,3.6387
4.5192,4.3521
4.5192,4.7102
4.5192,4.107
4.5192,5.2172
2.3086,3.2862
2.3086,2.6117
6.3287,5.6797
6.3287,5.6693
6.3287,7.08
6.3287,6.4036
-0.85149,-0.28077
-0.85149,-1.3775
6.4904,5.888
6.4904,5.8354
6.4904,5.5073
6.4904,6.9138
6.4904,6.4824
6.4904,6.3369
6.4904,7.2363
6.4904,6.8001
6.4904,6.1456
6.4904,6.8351
-4.147,-4.6265
-4.147,-3.9244
-4.147,-4.7225
-4.147,-3.9355
-4.147,-3.6275
-4.147,-3.232
-4.147,-3.287
-4.147,-5.0853
3.9233,3.422
3.9233,4.1833
3.9233,3.6543
3.9233,4.303
3.9233,4.6233
6.145,6.1212
6.145,5.8555
6.145,5.5116
6.145,6.7616
6.145,5.236
6.145,6.3406
-3.6491,-3.1661
-3.6491,-4.3768
-3.6491,-3.5293
-3.6491,-3.8724
-3.6491,-4.2606
-3.6491,-3.6789
5.2566,5.888
5.2566,5.5073
5.2566,5.2744
5.2566,5.5563
5.2566,4.9888
5.2566,6.1456
5.2566,4.9032
5.2566,4.6233
-2.6226,-3.1677
-2.6226,-2.17
-2.6226,-3.5361
-2.6226,-2.5288
-2.6226,-1.8266
-2.6226,-3.1573
-2.6226,-3.287
-2.6226,-2.8234
-4.9826,-5.4293
-4.9826,-4.9575
-4.9826,-4.4189
-4.9826,-4.3768
-4.9826,-5.7992
-4.9826,-4.827
-4.9826,-5.5452
-5.64,-4.9575
-5.64,-6.2803
-5.64,-4.9024
-5.64,-5.5452
-5.64,-5.4587
5.2744,4.569
5.2744,5.8555
5.2744,5.5116
5.2744,5.2566
5.2744,5.0665
5.2744,4.7576
5.2744,5.5563
5.2744,4.9032
-5.899,-5.2658
-5.899,-5.0546
-5.899,-6.47
-5.899,-5.8394
-2.5288,-3.1677
-2.5288,-2.6226
-2.5288,-1.8266
-2.5288,-3.1573
-9.2029,-8.4234
-9.2029,-9.5454
-2.5397,-3.1532
-2.5397,-2.7777
-2.5397,-1.6966
-2.5397,-2.1197
-2.5397,-2.7541
-2.5397,-2.2717
-2.5397,-1.9164
-2.5397,-3.232
-2.5397,-2.8234
6.4824,5.888
6.4824,6.9138
6.4824,6.2102
6.4824,6.4904
6.4824,6.3369
6.4824,7.4541
6.4824,6.1456
6.4824,6.8351
6.4824,6.6303
5.6693,5.6797
5.6693,5.1073
5.6693,6.3287
5.6693,5.6436
5.6693,6.4036
6.3369,5.888
6.3369,5.8354
6.3369,5.5073
6.3369,6.9138
6.3369,6.4904
6.3369,6.4824
6.3369,6.4144
6.3369,6.944
6.3369,7.2363
6.3369,6.8001
6.3369,6.1456
4.5688,4.1833
4.5688,3.851
4.5688,5.2052
4.5688,4.9888
4.5688,4.7973
4.3103,4.3521
4.3103,5.094
6.4144,5.8354
6.4144,6.3369
6.4144,6.944
6.4144,6.8001
6.4144,5.6436
6.4144,6.4036
-0.82954,-1.0429
-3.3361,-4.0963
-3.3361,-3.9099
-3.3361,-3.6789
-1.9037,-2.7371
-1.9037,-1.7815
-1.9037,-2.5648
-1.9037,-2.5311
-2.2717,-2.17
-2.2717,-1.6966
-2.2717,-2.1197
-2.2717,-2.7541
-2.2717,-2.5397
-2.2717,-3.232
-2.2717,-2.8234
4.0864,4.569
4.0864,4.4573
4.0864,4.7576
4.0864,3.654
-3.1661,-3.6491
-3.1661,-3.5293
-3.1661,-3.8724
-3.1661,-2.5996
-3.1661,-2.5648
-3.1661,-3.6789
-5.0546,-5.2658
-5.0546,-5.899
-5.0546,-4.5258
-3.6994,-4.3335
-3.6994,-3.5845
-3.6994,-3.1061
-3.6994,-2.6937
6.944,7.3668
6.944,7.59
6.944,6.3369
6.944,6.4144
6.944,7.2363
6.944,6.8001
6.944,6.4036
-4.5258,-5.2658
-4.5258,-5.0546
-4.5258,-4.0963
-4.5258,-3.9099
-4.5258,-4.6721
-4.0963,-3.3361
-4.0963,-4.5258
-4.0963,-3.9099
-4.0963,-4.6721
-4.0963,-4.2606
-4.0963,-4.7231
-4.0963,-3.6789
-4.3768,-4.4189
-4.3768,-3.6491
-4.3768,-4.9826
-4.3768,-4.827
-4.3768,-3.5293
-4.3768,-3.8724
-4.3768,-4.2606
2.9347,2.412
2.9347,3.7337
2.9347,3.4475
2.9347,3.3649
2.9347,2.6858
-1.1076,-0.4821
-1.1076,-0.15229
-1.1076,-0.96897
3.6387,3.4165
3.6387,3.4475
3.6387,4.5192
3.6387,4.3521
3.6387,4.107
-3.0972,-3.4868
-3.0972,-2.7371
-3.0972,-3.8846
-3.0972,-2.9449
-3.0972,-3.646
-3.0972,-2.5311
4.3521,3.4165
4.3521,4.5192
4.3521,4.3103
4.3521,3.6387
4.3521,5.2172
3.6543,3.422
3.6543,3.9233
3.6543,4.303
3.6543,3.654
3.851,3.422
3.851,4.1833
3.851,4.5688
-6.4391,-5.8313
-6.4391,-6.47
-6.4391,-5.8394
-6.4391,-7.1082
-6.4391,-6.4125
-0.28077,-0.85149
-0.28077,-0.13653
-4.4136,-3.8846
-4.4136,-4.9575
-4.4136,-4.4189
-4.4136,-3.646
-4.4136,-4.1433
-4.4136,-4.9024
7.08,7.3668
7.08,6.3287
7.08,6.4036
7.2363,7.59
7.2363,6.9138
7.2363,6.4904
7.2363,6.3369
7.2363,6.944
7.2363,6.8001
7.2363,7.4541
-3.646,-3.4868
-3.646,-3.8846
-3.646,-3.5845
-3.646,-2.9449
-3.646,-3.0972
-3.646,-4.4136
-3.646,-4.1433
-2.3446,-2.9449
-2.3446,-3.1061
-2.3446,-2.3215
-2.3446,-1.7626
-2.3446,-2.6937
-2.3446,-1.6634
4.4573,4.0864
4.4573,4.7576
4.4573,5.236
-6.47,-5.899
-6.47,-6.4391
-6.47,-5.8394
-6.47,-7.1082
6.7616,6.145
6.7616,7.1156
6.7616,6.3406
6.7616,6.6303
-3.1061,-3.5845
-3.1061,-2.9449
-3.1061,-3.6994
-3.1061,-2.3446
-3.1061,-2.6937
-3.5763,-3.1677
-3.5763,-4.0206
-5.3155,-5.8313
-5.3155,-5.4293
-5.3155,-5.2919
-5.3155,-4.827
-5.3155,-5.9406
-5.3155,-4.7231
5.0665,4.569
5.0665,5.8555
5.0665,5.5116
5.0665,5.2744
5.0665,4.7576
5.0665,5.5563
5.0665,4.303
5.0665,4.9032
6.8001,5.8354
6.8001,7.59
6.8001,6.9138
6.8001,6.4904
6.8001,6.3369
6.8001,6.4144
6.8001,6.944
6.8001,7.2363
6.8001,6.1456
-5.7992,-5.4293
-5.7992,-6.6576
-5.7992,-4.9826
-5.7992,-6.2803
-5.7992,-5.9406
-5.7992,-5.5452
4.7576,4.569
4.7576,5.5116
4.7576,5.2744
4.7576,4.0864
4.7576,4.4573
4.7576,5.0665
4.7576,5.236
-4.1433,-4.3335
-4.1433,-3.8846
-4.1433,-3.5845
-4.1433,-4.4136
-4.1433,-3.646
-4.1433,-4.9024
-3.6909,-3.1677
-3.6909,-3.9355
-3.6909,-3.5361
-3.6909,-3.1573
-3.6909,-4.4412
-3.6909,-4.0206
5.2052,5.8354
5.2052,5.5073
5.2052,4.5688
5.2052,4.9888
5.2052,5.6436
5.2052,4.7973
4.7102,4.8139
4.7102,5.6773
4.7102,4.5192
4.7102,4.107
-2.0743,-2.6937
-2.0743,-1.6634
-4.827,-5.4293
-4.827,-4.9826
-4.827,-4.3768
-4.827,-5.3155
-4.827,-4.2606
-4.827,-4.7231
-2.3215,-2.9449
-2.3215,-2.3446
-2.3215,-1.7815
-2.3215,-1.7626
-2.3215,-2.5311
-8.6839,-8.4234
-8.6839,-9.5454
3.3649,2.412
3.3649,3.7337
3.3649,4.1443
3.3649,2.9347
7.1156,6.7616
7.1156,6.8351
7.1156,6.3406
7.1156,6.6303
-1.7815,-1.9037
-1.7815,-2.3215
-1.7815,-1.7626
-1.7815,-2.5311
-1.7815,-0.9811
5.5563,5.888
5.5563,5.8555
5.5563,6.2102
5.5563,5.2566
5.5563,5.2744
5.5563,5.0665
5.5563,4.9032
-1.8266,-2.17
-1.8266,-2.6226
-1.8266,-2.5288
-1.8266,-1.2249
-3.5293,-3.4868
-3.5293,-2.7371
-3.5293,-3.8846
-3.5293,-4.4189
-3.5293,-3.6491
-3.5293,-3.1661
-3.5293,-4.3768
-3.5293,-3.8724
-3.5293,-2.5648
-3.8724,-3.4868
-3.8724,-3.8846
-3.8724,-4.4189
-3.8724,-3.6491
-3.8724,-3.1661
-3.8724,-4.3768
-3.8724,-3.5293
-1.7626,-1.0713
-1.7626,-2.3446
-1.7626,-2.3215
-1.7626,-1.7815
-1.7626,-1.6634
7.4541,6.9138
7.4541,6.4824
7.4541,7.2363
7.4541,6.8351
3.2862,3.4165
3.2862,2.3086
-3.9099,-3.3361
-3.9099,-4.5258
-3.9099,-4.0963
-3.9099,-4.6721
-4.6721,-5.2919
-4.6721,-5.2658
-4.6721,-4.5258
-4.6721,-4.0963
-4.6721,-3.9099
-4.6721,-4.7231
4.9888,5.5073
4.9888,4.1833
4.9888,5.2566
4.9888,4.5688
4.9888,5.2052
4.9888,4.6233
-8.4234,-7.6758
-8.4234,-9.2029
-8.4234,-8.6839
-6.2803,-6.6576
-6.2803,-5.64
-6.2803,-5.7992
-6.2803,-5.5452
1.8758,2.412
1.8758,2.6858
-1.9164,-2.7777
-1.9164,-2.1197
-1.9164,-2.5397
-1.9164,-2.8419
-1.9164,-1.0429
-1.9164,-1.3775
-2.8419,-3.1532
-2.8419,-2.7777
-2.8419,-1.9164
6.1456,5.888
6.1456,5.8354
6.1456,5.5073
6.1456,6.9138
6.1456,6.4904
6.1456,5.2566
6.1456,6.4824
6.1456,6.3369
6.1456,6.8001
5.094,4.3103
-4.2606,-3.6491
-4.2606,-4.0963
-4.2606,-4.3768
-4.2606,-4.827
-4.2606,-4.7231
-4.2606,-3.6789
-9.5454,-9.2029
-9.5454,-8.6839
-3.6275,-3.9244
-3.6275,-3.9355
-3.6275,-2.7541
-3.6275,-3.5361
-3.6275,-4.147
-3.6275,-3.232
-3.6275,-3.287
-3.6275,-2.8234
-4.0934,-4.7094
-4.0934,-3.7135
-1.2249,-2.17
-1.2249,-1.6966
-1.2249,-1.8266
-5.9406,-5.8313
-5.9406,-5.4293
-5.9406,-6.6576
-5.9406,-5.3155
-5.9406,-5.7992
-5.9406,-6.4125
-2.5996,-3.1661
-2.5996,-2.5648
-3.232,-3.9244
-3.232,-2.7777
-3.232,-2.7541
-3.232,-4.147
-3.232,-2.5397
-3.232,-2.2717
-3.232,-3.6275
-3.232,-3.287
-3.232,-2.8234
-3.232,-3.7135
4.107,3.7337
4.107,3.4475
4.107,4.8139
4.107,4.1443
4.107,4.5192
4.107,3.6387
4.107,4.7102
5.6436,5.1073
5.6436,5.8354
5.6436,5.6693
5.6436,6.4144
5.6436,5.2052
5.6436,4.7973
5.6436,6.4036
2.6117,3.4165
2.6117,2.3086
2.6117,2.6858
-4.7231,-5.2919
-4.7231,-4.0963
-4.7231,-5.3155
-4.7231,-4.827
-4.7231,-4.6721
-4.7231,-4.2606
4.7973,5.1073
4.7973,4.5688
4.7973,5.2052
4.7973,5.6436
5.236,6.1212
5.236,5.5116
5.236,6.145
5.236,4.4573
5.236,4.7576
4.303,4.569
4.303,3.9233
4.303,3.6543
4.303,5.0665
4.303,4.9032
4.303,3.654
4.303,4.6233
0.34952,-0.4821
0.34952,0.7468
-2.5648,-2.7371
-2.5648,-1.9037
-2.5648,-3.1661
-2.5648,-3.5293
-2.5648,-2.5996
-5.8394,-5.8313
-5.8394,-5.2919
-5.8394,-5.2658
-5.8394,-5.899
-5.8394,-6.4391
-5.8394,-6.47
2.6858,2.412
2.6858,3.4475
2.6858,2.9347
2.6858,1.8758
2.6858,2.6117
-1.0429,-0.82954
-1.0429,-1.9164
-1.0429,-0.13653
-1.0429,-1.3775
6.8351,6.9138
6.8351,6.2102
6.8351,6.4904
6.8351,6.4824
6.8351,7.1156
6.8351,7.4541
6.8351,6.3406
6.8351,6.6303
-3.1573,-3.1677
-3.1573,-3.9355
-3.1573,-3.5361
-3.1573,-2.6226
-3.1573,-2.5288
-3.1573,-3.6909
-3.1573,-3.287
-3.1573,-2.8234
-3.287,-3.9355
-3.287,-2.7541
-3.287,-3.5361
-3.287,-4.147
-3.287,-2.6226
-3.287,-3.6275
-3.287,-3.232
-3.287,-3.1573
-3.287,-2.8234
5.2172,4.5192
5.2172,4.3521
6.4036,7.3668
6.4036,6.3287
6.4036,5.6693
6.4036,6.4144
6.4036,6.944
6.4036,7.08
6.4036,5.6436
-4.9024,-4.3335
-4.9024,-4.9575
-4.9024,-5.64
-4.9024,-4.4136
-4.9024,-4.1433
-4.9024,-5.4587
4.9032,4.569
4.9032,5.2566
4.9032,5.2744
4.9032,5.0665
4.9032,5.5563
4.9032,4.303
4.9032,4.6233
-4.4412,-4.7225
-4.4412,-3.9355
-4.4412,-3.5361
-4.4412,-3.6909
-4.4412,-4.0206
-3.6789,-3.6491
-3.6789,-3.3361
-3.6789,-3.1661
-3.6789,-4.0963
-3.6789,-4.2606
-5.5452,-5.4293
-5.5452,-4.9575
-5.5452,-4.9826
-5.5452,-5.64
-5.5452,-5.7992
-5.5452,-6.2803
-7.1082,-6.4391
-7.1082,-6.47
-7.1082,-6.4125
-2.8234,-2.17
-2.8234,-2.7541
-2.8234,-3.5361
-2.8234,-2.6226
-2.8234,-2.5397
-2.8234,-2.2717
-2.8234,-3.6275
-2.8234,-3.232
-2.8234,-3.1573
-2.8234,-3.287
6.3406,5.8555
6.3406,5.5116
6.3406,6.2102
6.3406,6.145
6.3406,6.7616
6.3406,7.1156
6.3406,6.8351
6.3406,6.6303
-4.0206,-3.1677
-4.0206,-3.5361
-4.0206,-3.5763
-4.0206,-3.6909
-4.0206,-4.4412
-6.4125,-5.8313
-6.4125,-6.6576
-6.4125,-6.4391
-6.4125,-5.9406
-6.4125,-7.1082
-2.6937,-3.6994
-2.6937,-2.3446
-2.6937,-3.1061
-2.6937,-2.0743
-0.13653,0.38329
-0.13653,-0.28077
-0.13653,-1.0429
3.654,4.569
3.654,4.0864
3.654,3.6543
3.654,4.303
-2.5311,-2.7371
-2.5311,-2.9449
-2.5311,-1.9037
-2.5311,-3.0972
-2.5311,-2.3215
-2.5311,-1.7815
0.7468,0.34952
-1.3775,-1.6966
-1.3775,-2.1197
-1.3775,-0.85149
-1.3775,-1.9164
-1.3775,-1.0429
-5.0853,-4.6265
-5.0853,-4.7225
-5.0853,-4.147
-3.7135,-3.1532
-3.7135,-3.9244
-3.7135,-2.7777
-3.7135,-4.0934
-3.7135,-3.232
4.6233,5.5073
4.6233,4.1833
4.6233,3.9233
4.6233,5.2566
4.6233,4.9888
4.6233,4.303
4.6233,4.9032
-0.9811,-1.0713
-0.9811,-1.7815
-5.4587,-5.64
-5.4587,-4.9024
6.6303,5.8555
6.6303,6.2102
6.6303,6.4824
6.6303,6.7616
6.6303,7.1156
6.6303,6.8351
6.6303,6.3406
-1.6634,-0.96897
-1.6634,-2.3446
-1.6634,-2.0743
-1.6634,-1.7626
-9.2029,-10
9.9527,10
