0.08162,-0.41902
0.08162,0.31186
0.08162,1.0257
0.08162,-0.28273
0.08162,0.65515
0.08162,-0.90882
0.08162,0.85484
0.08162,-0.0020043
0.08162,0.44048
0.08162,-0.41838
0.08162,-0.60552
0.08162,0.52386
0.08162,0.036461
0.08162,0.71033
0.08162,-0.28907
0.08162,-0.1226
0.08162,-0.71355
0.08162,0.28272
0.08162,-0.050621
0.08162,0.75724
0.08162,0.26919
-7.4705,-6.5344
-7.4705,-7.5916
-7.4705,-6.8077
-7.4705,-6.9526
-7.4705,-7.0185
-6.4839,-7.0278
-6.4839,-5.9336
-6.4839,-6.909
-6.4839,-5.6529
-6.4839,-6.3594
-6.4839,-5.7111
-6.4839,-6.0109
-6.4839,-6.1617
-5.6997,-6.5344
-5.6997,-5.9336
-5.6997,-6.1366
-5.6997,-4.9409
-5.6997,-5.4086
-5.6997,-6.3594
-5.6997,-5.7111
-5.6997,-5.2894
-5.6997,-4.9733
-5.6997,-6.0109
-5.6997,-5.737
-5.6997,-5.1758
0.48046,0.17994
0.48046,0.91819
0.48046,-0.24627
0.48046,0.063907
0.48046,1.0965
0.48046,0.057928
0.48046,0.5807
-1.3402,-1.6581
-1.3402,-1.1152
-1.3402,-0.81294
-1.3402,-0.90882
-1.3402,-0.41838
-1.3402,-1.2507
-1.3402,-0.88577
-1.3402,-0.60552
-1.3402,-1.0945
-1.3402,-0.79144
-1.3402,-1.7302
-1.3402,-1.2272
-1.3402,-1.9492
-0.77357,-0.24627
-0.77357,0.057928
-0.77357,-1.4822
-0.77357,-0.44763
-0.77357,-0.8009
-6.5344,-7.4705
-6.5344,-5.6997
-6.5344,-6.2565
-6.5344,-5.9336
-6.5344,-6.1366
-6.5344,-6.909
-6.5344,-6.8077
-6.5344,-6.3594
-6.5344,-5.737
-6.5344,-7.0185
1.1207,0.25858
1.1207,0.68938
1.1207,0.99968
1.1207,1.8772
1.1207,0.27678
1.1207,1.427
0.17994,0.48046
0.17994,0.91819
0.17994,-0.24627
0.17994,0.063907
0.17994,1.0965
0.17994,0.057928
0.17994,0.44048
0.17994,0.35579
0.17994,0.81027
0.17994,0.5807
0.17994,-0.010637
0.17994,-0.44763
0.17994,-0.39499
0.17994,-0.8009
1.3044,1.1709
1.3044,1.0257
1.3044,0.68938
1.3044,0.65515
1.3044,0.85484
1.3044,1.4171
1.3044,0.99968
1.3044,1.8772
1.3044,0.52386
1.3044,1.6394
1.3044,1.8818
1.3044,1.8454
1.3044,1.427
1.3044,0.75724
-7.0278,-6.4839
-7.0278,-6.909
-7.0278,-6.1617
-6.2565,-6.5344
-6.2565,-6.1366
-6.2565,-6.8077
-6.2565,-5.4086
-6.2565,-6.9526
-6.2565,-5.7561
-6.2565,-6.1553
-6.2565,-5.737
2.0938,2.0486
2.0938,3.0072
2.0938,3.0166
2.0938,2.1097
2.0938,1.3972
2.0938,2.5429
2.0938,2.459
2.0938,1.8489
2.0938,1.3407
2.0938,2.6273
3.4955,3.8095
3.4955,3.9592
3.4955,2.5725
3.4955,3.1595
3.4955,2.6779
3.4955,3.5591
3.4955,3.3064
3.4955,4.0016
3.4955,3.4293
3.4955,2.7332
3.4955,4.3278
3.4955,3.5435
3.4955,3.1463
3.4955,3.05
3.4955,2.9134
3.4955,3.8358
3.4955,3.0385
3.4955,4.3114
1.1709,1.3044
1.1709,0.81183
1.1709,0.31186
1.1709,1.0257
1.1709,0.85484
1.1709,0.44048
1.1709,1.4171
1.1709,0.81027
1.1709,2.047
1.1709,0.52386
1.1709,1.7677
1.1709,1.1889
1.1709,1.6394
1.1709,1.1837
1.1709,0.71033
1.1709,1.5652
1.1709,1.8818
1.1709,0.75724
1.1709,0.26919
-1.7744,-1.4822
-1.7744,-1.2507
-1.7744,-1.7302
-1.7744,-2.4798
-1.7744,-1.2272
-1.7744,-0.8009
3.9044,3.025
3.9044,3.6236
3.9044,4.1406
3.9044,3.3715
3.9044,4.7229
-0.41902,0.08162
-0.41902,-1.1152
-0.41902,-0.93044
-0.41902,0.31186
-0.41902,-0.28273
-0.41902,-0.90882
-0.41902,-0.0020043
-0.41902,-0.43877
-0.41902,-0.41838
-0.41902,-0.88577
-0.41902,-0.60552
-0.41902,-1.0945
-0.41902,0.52386
-0.41902,0.036461
-0.41902,-0.28907
-0.41902,-0.1226
-0.41902,-0.71355
-0.41902,0.28272
-0.41902,-0.050621
-0.41902,0.26919
4.3199,3.8095
4.3199,3.9592
4.3199,5.0265
4.3199,3.6236
4.3199,4.9542
4.3199,4.4724
4.3199,3.6143
4.3199,4.0005
4.3199,4.1406
4.3199,4.3114
4.3199,4.7229
-5.2039,-4.8032
-5.2039,-5.6529
-5.2039,-4.2971
-5.2039,-5.7111
-5.2039,-5.2894
-5.2039,-4.6839
-5.2039,-4.9733
-5.2039,-5.3685
-5.2039,-6.0109
-5.9336,-6.4839
-5.9336,-5.6997
-5.9336,-6.5344
-5.9336,-6.1366
-5.9336,-5.4086
-5.9336,-6.3594
-5.9336,-5.7111
-5.9336,-5.2894
-5.9336,-4.9733
-5.9336,-6.0109
-5.9336,-5.737
-5.9336,-5.1758
2.267,2.7919
2.267,1.4875
2.267,3.2019
2.267,2.0935
2.267,2.6779
2.267,1.9336
2.267,3.1463
2.267,1.9491
2.267,2.9527
2.267,2.3201
2.267,2.3713
2.267,2.6763
2.267,1.8028
2.7919,2.267
2.7919,3.2019
2.7919,3.1595
2.7919,2.6779
2.7919,3.5591
2.7919,1.9336
2.7919,2.7332
2.7919,3.6083
2.7919,3.5435
2.7919,3.1463
2.7919,2.9527
2.7919,2.3201
2.7919,3.05
2.7919,2.3713
2.7919,2.6763
0.81183,1.1709
0.81183,0.31186
0.81183,1.0257
0.81183,0.44048
0.81183,0.35579
0.81183,1.4171
0.81183,0.81027
0.81183,0.52386
0.81183,1.1889
0.81183,1.6394
0.81183,0.5807
0.81183,1.1837
0.81183,-0.010637
0.81183,0.71033
0.81183,1.5652
0.81183,-0.1226
0.81183,-0.050621
0.81183,0.75724
0.81183,0.26919
2.65,3.0072
2.65,3.0166
2.65,3.2184
2.65,2.5725
2.65,2.1097
2.65,2.5429
2.65,3.3064
2.65,3.4293
2.65,2.7332
2.65,2.0875
2.65,1.693
2.65,2.459
2.65,1.8489
2.65,2.2573
2.65,3.05
2.65,2.9134
2.65,2.3713
2.65,3.0385
-5.2184,-5.0584
-5.2184,-5.7561
-5.2184,-6.1553
-5.2184,-4.4482
1.4307,1.852
1.4307,0.91819
1.4307,1.0965
1.4307,0.81027
1.4307,1.7677
1.4307,1.1889
1.4307,0.5807
1.4307,1.1837
1.4307,1.5652
5.1874,4.7595
5.1874,5.0265
5.1874,4.3278
5.1874,4.6726
-1.6581,-1.3402
-1.6581,-1.1152
-1.6581,-2.3164
-1.6581,-0.90882
-1.6581,-1.2507
-1.6581,-0.88577
-1.6581,-1.0945
-1.6581,-1.7302
-1.6581,-1.6038
-1.6581,-1.9492
1.4875,2.267
1.4875,1.2913
1.4875,1.6372
1.4875,1.9336
1.4875,0.70717
1.4875,1.9491
1.4875,2.3201
1.4875,1.2651
1.4875,1.8028
1.852,1.4307
1.852,0.91819
1.852,1.0965
1.852,2.4146
1.852,1.7677
1.852,1.1889
2.0486,2.0938
2.0486,3.025
2.0486,1.3972
2.0486,2.459
2.0486,2.6273
3.8095,3.4955
3.8095,4.3199
3.8095,3.9592
3.8095,3.2184
3.8095,3.6236
3.8095,3.3064
3.8095,3.4293
3.8095,4.4724
3.8095,3.6143
3.8095,4.0005
3.8095,4.1406
3.8095,2.9134
3.8095,3.8358
3.8095,3.0385
3.8095,4.3114
-1.1152,-1.3402
-1.1152,-0.41902
-1.1152,-1.6581
-1.1152,-0.81294
-1.1152,-0.90882
-1.1152,-0.41838
-1.1152,-1.2507
-1.1152,-0.88577
-1.1152,-0.60552
-1.1152,-1.0945
-1.1152,-1.7302
-1.1152,-0.28907
-1.1152,-0.71355
-1.1152,-1.6038
-1.1152,-1.9492
-0.93044,-0.41902
-0.93044,-0.28273
-0.93044,-0.90882
-0.93044,-0.43877
-0.93044,-1.0945
-0.93044,0.036461
-0.93044,-1.3271
-0.93044,-0.22069
-0.93044,-1.5805
-0.93044,-0.71355
-0.93044,-1.6038
-0.93044,-0.87913
0.91819,0.48046
0.91819,0.17994
0.91819,1.4307
0.91819,1.852
0.91819,0.063907
0.91819,1.0965
0.91819,0.44048
0.91819,0.35579
0.91819,0.81027
0.91819,1.1889
0.91819,0.5807
0.91819,1.1837
-2.3164,-1.6581
-2.3164,-2.0212
-2.3164,-1.6038
-2.3164,-1.9492
0.31186,0.08162
0.31186,1.1709
0.31186,-0.41902
0.31186,0.81183
0.31186,1.0257
0.31186,0.063907
0.31186,-0.0020043
0.31186,0.44048
0.31186,0.35579
0.31186,-0.41838
0.31186,0.81027
0.31186,-0.60552
0.31186,0.52386
0.31186,1.1837
0.31186,-0.010637
0.31186,0.71033
0.31186,-0.28907
0.31186,-0.1226
0.31186,-0.050621
0.31186,0.75724
0.31186,0.26919
1.2913,1.4875
1.2913,1.6372
1.2913,1.9336
1.2913,1.3489
1.2913,0.70717
1.2913,1.693
1.2913,1.9491
1.2913,0.87896
-0.24627,0.48046
-0.24627,-0.77357
-0.24627,0.17994
-0.24627,0.063907
-0.24627,0.057928
-0.24627,-0.79144
-0.24627,0.5807
-0.24627,-0.44763
-0.24627,-0.39499
-0.24627,-0.8009
3.0072,2.0938
3.0072,2.65
3.0072,3.0166
3.0072,3.2184
3.0072,2.1097
3.0072,2.5429
3.0072,3.6236
3.0072,3.4293
3.0072,3.6143
3.0072,2.459
3.0072,2.9134
3.0072,3.3715
3.0072,3.0385
3.0072,2.6273
-2.0212,-2.3164
-2.0212,-1.3271
-2.0212,-1.5805
-2.0212,-1.6038
0.25858,1.1207
0.25858,0.68938
0.25858,-0.71577
0.25858,0.27678
0.25858,-0.22069
3.025,3.9044
3.025,2.0486
3.025,3.0166
3.025,3.3715
3.025,2.6273
1.0257,0.08162
1.0257,1.3044
1.0257,1.1709
1.0257,0.81183
1.0257,0.31186
1.0257,0.65515
1.0257,0.85484
1.0257,1.4171
1.0257,0.99968
1.0257,0.52386
1.0257,1.6394
1.0257,1.1837
1.0257,0.71033
1.0257,1.5652
1.0257,1.8818
1.0257,1.8454
1.0257,1.427
1.0257,0.28272
1.0257,0.75724
1.0257,0.26919
3.2019,2.267
3.2019,2.7919
3.2019,3.1595
3.2019,3.9473
3.2019,2.6779
3.2019,3.5591
3.2019,3.6186
3.2019,3.6083
3.2019,3.5435
3.2019,3.1463
3.2019,2.9527
3.2019,4.0441
3.2019,2.6763
-4.8032,-5.2039
-4.8032,-5.6529
-4.8032,-4.2971
-4.8032,-5.2894
-4.8032,-4.6839
-4.8032,-5.3685
-4.8032,-5.0976
-7.5916,-7.4705
-7.5916,-6.909
-7.5916,-7.0185
3.0166,2.0938
3.0166,2.65
3.0166,3.0072
3.0166,3.025
3.0166,3.2184
3.0166,2.5429
3.0166,3.6236
3.0166,3.6143
3.0166,2.459
3.0166,3.3715
3.0166,3.0385
3.0166,2.6273
0.68938,1.1207
0.68938,1.3044
0.68938,0.25858
0.68938,0.65515
0.68938,0.85484
0.68938,0.99968
0.68938,0.27678
0.68938,0.036461
0.68938,-0.22069
0.68938,1.427
0.68938,0.28272
-6.1366,-5.6997
-6.1366,-6.5344
-6.1366,-6.2565
-6.1366,-5.9336
-6.1366,-6.8077
-6.1366,-5.4086
-6.1366,-6.3594
-6.1366,-5.7111
-6.1366,-5.7561
-6.1366,-5.737
-6.1366,-7.0185
-6.1366,-5.1758
-0.28273,0.08162
-0.28273,-0.41902
-0.28273,-0.93044
-0.28273,0.65515
-0.28273,-0.90882
-0.28273,-0.0020043
-0.28273,-0.43877
-0.28273,0.27678
-0.28273,-0.60552
-0.28273,-1.0945
-0.28273,0.52386
-0.28273,0.036461
-0.28273,-0.22069
-0.28273,-0.28907
-0.28273,-0.71355
-0.28273,0.28272
-0.28273,-0.87913
-0.28273,0.26919
2.0935,2.267
2.0935,2.9527
2.0935,1.2651
2.0935,2.6763
2.0935,1.8028
3.9592,3.4955
3.9592,4.3199
3.9592,3.8095
3.9592,3.3064
3.9592,4.0016
3.9592,3.4293
3.9592,4.4724
3.9592,4.3278
3.9592,3.6143
3.9592,4.0005
3.9592,3.5435
3.9592,4.6726
3.9592,3.05
3.9592,3.8358
3.9592,4.3114
3.2184,2.65
3.2184,3.8095
3.2184,3.0072
3.2184,3.0166
3.2184,2.5725
3.2184,2.5429
3.2184,3.6236
3.2184,3.3064
3.2184,3.4293
3.2184,3.6143
3.2184,4.0005
3.2184,2.459
3.2184,2.9134
3.2184,3.3715
3.2184,3.0385
2.3649,2.5842
2.3649,1.4171
2.3649,2.047
2.3649,1.6394
2.3649,1.8818
2.3649,1.8454
2.3649,2.8686
-6.909,-6.4839
-6.909,-6.5344
-6.909,-7.0278
-6.909,-7.5916
-6.909,-6.3594
-6.909,-6.0109
-6.909,-7.0185
-0.81294,-1.3402
-0.81294,-1.1152
-0.81294,-0.90882
-0.81294,-0.41838
-0.81294,-1.2507
-0.81294,-0.88577
-0.81294,-0.60552
-0.81294,-0.79144
-0.81294,-1.7302
-0.81294,-0.010637
-0.81294,-0.44763
-0.81294,-1.2272
-0.81294,-0.39499
-0.81294,-0.28907
-0.81294,-0.1226
-0.81294,-0.050621
0.063907,0.48046
0.063907,0.17994
0.063907,0.91819
0.063907,0.31186
0.063907,-0.24627
0.063907,0.44048
0.063907,0.35579
0.063907,-0.41838
0.063907,0.81027
0.063907,-0.79144
0.063907,0.5807
0.063907,-0.010637
0.063907,-0.44763
0.063907,-0.39499
0.063907,-0.1226
0.063907,-0.8009
2.5842,2.3649
2.5842,1.8772
2.5842,1.8818
2.5842,1.8454
-5.0584,-5.2184
-5.0584,-4.9409
-5.0584,-5.4086
-5.0584,-4.5199
-5.0584,-5.7561
-5.0584,-4.4482
-5.0584,-5.737
0.65515,0.08162
0.65515,1.3044
0.65515,1.0257
0.65515,0.68938
0.65515,-0.28273
0.65515,0.85484
0.65515,-0.0020043
0.65515,1.4171
0.65515,0.99968
0.65515,0.27678
0.65515,0.52386
0.65515,0.036461
0.65515,1.427
0.65515,0.28272
0.65515,0.75724
0.65515,0.26919
-5.6529,-6.4839
-5.6529,-5.2039
-5.6529,-4.8032
-5.6529,-5.7111
-5.6529,-5.2894
-5.6529,-5.3685
-5.6529,-6.0367
-5.6529,-6.0109
-5.6529,-6.1617
1.0965,0.48046
1.0965,0.17994
1.0965,1.4307
1.0965,1.852
1.0965,0.91819
1.0965,0.5807
-0.90882,0.08162
-0.90882,-1.3402
-0.90882,-0.41902
-0.90882,-1.6581
-0.90882,-1.1152
-0.90882,-0.93044
-0.90882,-0.28273
-0.90882,-0.81294
-0.90882,-0.0020043
-0.90882,-0.41838
-0.90882,-0.88577
-0.90882,-0.60552
-0.90882,-1.0945
-0.90882,-1.3271
-0.90882,-0.28907
-0.90882,-0.71355
-0.90882,-1.6038
-0.90882,-0.050621
2.5725,3.4955
2.5725,2.65
2.5725,3.2184
2.5725,3.1595
2.5725,2.1097
2.5725,2.5429
2.5725,2.6779
2.5725,3.3064
2.5725,3.4293
2.5725,2.7332
2.5725,2.0875
2.5725,1.693
2.5725,1.9491
2.5725,2.2573
2.5725,2.3201
2.5725,3.05
2.5725,2.9134
2.5725,2.3713
2.5725,3.0385
0.85484,0.08162
0.85484,1.3044
0.85484,1.1709
0.85484,1.0257
0.85484,0.68938
0.85484,0.65515
0.85484,-0.0020043
0.85484,1.4171
0.85484,0.99968
0.85484,0.27678
0.85484,0.52386
0.85484,0.036461
0.85484,0.71033
0.85484,1.427
0.85484,0.28272
0.85484,0.75724
0.85484,0.26919
-6.8077,-7.4705
-6.8077,-6.5344
-6.8077,-6.2565
-6.8077,-6.1366
-6.8077,-6.9526
-6.8077,-7.0185
3.1595,3.4955
3.1595,2.7919
3.1595,3.2019
3.1595,2.5725
3.1595,3.9473
3.1595,2.6779
3.1595,3.5591
3.1595,3.3064
3.1595,4.0016
3.1595,2.7332
3.1595,3.6083
3.1595,3.5435
3.1595,3.1463
3.1595,2.3201
3.1595,3.05
3.1595,2.9134
3.1595,3.8358
3.1595,2.3713
3.9473,3.2019
3.9473,3.1595
3.9473,4.7595
3.9473,3.5591
3.9473,4.0016
3.9473,3.6083
3.9473,4.3278
3.9473,4.8633
3.9473,3.5435
3.9473,3.1463
3.9473,4.0441
3.9473,3.8358
3.9473,4.3599
-0.0020043,0.08162
-0.0020043,-0.41902
-0.0020043,0.31186
-0.0020043,-0.28273
-0.0020043,0.65515
-0.0020043,-0.90882
-0.0020043,0.85484
-0.0020043,-0.43877
-0.0020043,0.27678
-0.0020043,-0.60552
-0.0020043,0.52386
-0.0020043,0.036461
-0.0020043,-0.28907
-0.0020043,-0.71355
-0.0020043,0.28272
-0.0020043,-0.050621
-0.0020043,0.75724
-0.0020043,0.26919
-4.2971,-5.2039
-4.2971,-4.8032
-4.2971,-4.0376
-4.2971,-4.6839
-4.9409,-5.6997
-4.9409,-5.0584
-4.9409,-5.4086
-4.9409,-4.5348
-4.9409,-4.5199
-4.9409,-4.9733
-4.9409,-4.4482
-4.9409,-5.737
-4.9409,-5.1758
4.7595,5.1874
4.7595,3.9473
4.7595,4.0016
4.7595,4.3278
4.7595,4.8633
4.7595,4.6726
4.7595,4.3599
4.7595,4.3114
0.057928,0.48046
0.057928,-0.77357
0.057928,0.17994
0.057928,-0.24627
0.44048,0.08162
0.44048,0.17994
0.44048,1.1709
0.44048,0.81183
0.44048,0.91819
0.44048,0.31186
0.44048,0.063907
0.44048,0.35579
0.44048,-0.41838
0.44048,0.81027
0.44048,1.1889
0.44048,0.5807
0.44048,1.1837
0.44048,-0.010637
0.44048,0.71033
0.44048,-0.39499
0.44048,-0.28907
0.44048,-0.1226
0.44048,-0.050621
0.44048,0.75724
0.44048,0.26919
2.4146,1.852
2.4146,2.047
2.4146,1.7677
2.4146,1.5652
2.4146,2.8686
-0.43877,-0.41902
-0.43877,-0.93044
-0.43877,-0.28273
-0.43877,-0.0020043
-0.43877,-0.71577
-0.43877,0.27678
-0.43877,-1.0945
-0.43877,0.036461
-0.43877,-1.3271
-0.43877,-0.22069
-0.43877,-0.71355
-0.43877,0.28272
-0.43877,-0.87913
0.35579,0.17994
0.35579,0.81183
0.35579,0.91819
0.35579,0.31186
0.35579,0.063907
0.35579,0.44048
0.35579,-0.41838
0.35579,0.81027
0.35579,1.1889
0.35579,0.5807
0.35579,1.1837
0.35579,-0.010637
0.35579,-0.44763
0.35579,0.71033
0.35579,-0.39499
0.35579,-0.1226
0.35579,-0.050621
-0.41838,0.08162
-0.41838,-1.3402
-0.41838,-0.41902
-0.41838,-1.1152
-0.41838,0.31186
-0.41838,-0.81294
-0.41838,0.063907
-0.41838,-0.90882
-0.41838,0.44048
-0.41838,0.35579
-0.41838,-1.2507
-0.41838,-0.88577
-0.41838,-0.60552
-0.41838,-0.79144
-0.41838,-0.010637
-0.41838,-0.44763
-0.41838,-0.39499
-0.41838,-0.28907
-0.41838,-0.1226
-0.41838,-0.050621
-0.41838,0.26919
1.4171,1.3044
1.4171,1.1709
1.4171,0.81183
1.4171,1.0257
1.4171,2.3649
1.4171,0.65515
1.4171,0.85484
1.4171,0.99968
1.4171,2.047
1.4171,0.52386
1.4171,1.6394
1.4171,1.1837
1.4171,0.71033
1.4171,1.5652
1.4171,1.8818
1.4171,1.8454
1.4171,1.427
1.4171,0.75724
2.1097,2.0938
2.1097,2.65
2.1097,3.0072
2.1097,2.5725
2.1097,2.5429
2.1097,1.3489
2.1097,2.0875
2.1097,1.693
2.1097,2.459
2.1097,1.8489
2.1097,2.2573
2.1097,1.3407
2.1097,3.0385
1.6372,1.4875
1.6372,1.2913
1.6372,1.9336
1.6372,1.3489
1.6372,2.0875
1.6372,1.693
1.6372,1.9491
1.6372,2.2573
1.6372,2.3201
1.6372,2.3713
1.6372,0.87896
1.3972,2.0938
1.3972,2.0486
1.3972,1.8489
1.3972,1.3407
-5.4086,-5.6997
-5.4086,-6.2565
-5.4086,-5.9336
-5.4086,-6.1366
-5.4086,-5.0584
-5.4086,-4.9409
-5.4086,-4.5199
-5.4086,-5.7561
-5.4086,-4.9733
-5.4086,-5.737
-5.4086,-5.1758
-0.71577,0.25858
-0.71577,-0.43877
-0.71577,-0.22069
-0.71577,-1.5805
-0.71577,-0.87913
2.5429,2.0938
2.5429,2.65
2.5429,3.0072
2.5429,3.0166
2.5429,3.2184
2.5429,2.5725
2.5429,2.1097
2.5429,3.4293
2.5429,2.0875
2.5429,2.459
2.5429,1.8489
2.5429,2.2573
2.5429,2.9134
2.5429,3.0385
2.5429,2.6273
-4.0376,-4.2971
-4.0376,-4.5348
-4.0376,-4.6839
-4.0376,-4.9733
-4.0376,-3.8846
5.0265,4.3199
5.0265,5.1874
5.0265,4.9542
5.0265,4.4724
5.0265,4.6726
5.0265,4.3114
0.99968,1.1207
0.99968,1.3044
0.99968,1.0257
0.99968,0.68938
0.99968,0.65515
0.99968,0.85484
0.99968,1.4171
0.99968,1.8772
0.99968,0.27678
0.99968,0.52386
0.99968,0.036461
0.99968,1.8454
0.99968,1.427
0.99968,0.28272
-4.5348,-4.9409
-4.5348,-4.0376
-4.5348,-4.5199
-4.5348,-5.2894
-4.5348,-4.6839
-4.5348,-4.9733
-4.5348,-5.1758
-4.5348,-3.8846
2.6779,3.4955
2.6779,2.267
2.6779,2.7919
2.6779,3.2019
2.6779,2.5725
2.6779,3.1595
2.6779,3.5591
2.6779,1.9336
2.6779,2.7332
2.6779,3.5435
2.6779,3.1463
2.6779,1.9491
2.6779,2.2573
2.6779,2.3201
2.6779,3.05
2.6779,2.9134
2.6779,2.3713
2.6779,2.6763
3.5591,3.4955
3.5591,2.7919
3.5591,3.2019
3.5591,3.1595
3.5591,3.9473
3.5591,2.6779
3.5591,4.0016
3.5591,2.7332
3.5591,3.6083
3.5591,4.3278
3.5591,3.5435
3.5591,3.1463
3.5591,4.0441
3.5591,3.05
3.5591,3.8358
3.5591,4.3599
-1.4822,-0.77357
-1.4822,-1.7744
-1.4822,-1.2272
-1.4822,-0.8009
3.6236,3.9044
3.6236,4.3199
3.6236,3.8095
3.6236,3.0072
3.6236,3.0166
3.6236,3.2184
3.6236,3.4293
3.6236,3.6143
3.6236,4.0005
3.6236,4.1406
3.6236,3.3715
3.6236,3.0385
-1.2507,-1.3402
-1.2507,-1.7744
-1.2507,-1.6581
-1.2507,-1.1152
-1.2507,-0.81294
-1.2507,-0.41838
-1.2507,-0.88577
-1.2507,-0.60552
-1.2507,-0.79144
-1.2507,-1.7302
-1.2507,-0.44763
-1.2507,-1.2272
-1.2507,-0.39499
-1.2507,-0.8009
-1.2507,-1.9492
3.3064,3.4955
3.3064,2.65
3.3064,3.8095
3.3064,3.9592
3.3064,3.2184
3.3064,2.5725
3.3064,3.1595
3.3064,4.0016
3.3064,3.4293
3.3064,2.7332
3.3064,3.6143
3.3064,4.0005
3.3064,3.5435
3.3064,3.05
3.3064,2.9134
3.3064,3.8358
3.3064,3.0385
3.3064,4.3114
-0.88577,-1.3402
-0.88577,-0.41902
-0.88577,-1.6581
-0.88577,-1.1152
-0.88577,-0.81294
-0.88577,-0.90882
-0.88577,-0.41838
-0.88577,-1.2507
-0.88577,-0.60552
-0.88577,-1.0945
-0.88577,-0.79144
-0.88577,-1.7302
-0.88577,-0.010637
-0.88577,-0.39499
-0.88577,-0.28907
-0.88577,-0.1226
-0.88577,-0.050621
0.81027,0.17994
0.81027,1.1709
0.81027,0.81183
0.81027,1.4307
0.81027,0.91819
0.81027,0.31186
0.81027,0.063907
0.81027,0.44048
0.81027,0.35579
0.81027,1.7677
0.81027,1.1889
0.81027,0.5807
0.81027,1.1837
0.81027,-0.010637
0.81027,0.71033
0.81027,1.5652
2.047,1.1709
2.047,2.3649
2.047,2.4146
2.047,1.4171
2.047,1.7677
2.047,1.6394
2.047,1.1837
2.047,1.5652
2.047,1.8818
2.047,2.8686
1.9336,2.267
1.9336,2.7919
1.9336,1.4875
1.9336,1.2913
1.9336,1.6372
1.9336,2.6779
1.9336,2.7332
1.9336,1.9491
1.9336,2.2573
1.9336,2.3201
1.9336,1.2651
1.9336,2.3713
1.9336,1.8028
1.3489,1.2913
1.3489,2.1097
1.3489,1.6372
1.3489,2.0875
1.3489,1.693
1.3489,1.8489
1.3489,2.2573
1.3489,0.87896
1.3489,1.3407
3.6186,3.2019
3.6186,3.6083
3.6186,2.9527
3.6186,4.0441
4.0016,3.4955
4.0016,3.9592
4.0016,3.1595
4.0016,3.9473
4.0016,4.7595
4.0016,3.5591
4.0016,3.3064
4.0016,3.6083
4.0016,4.3278
4.0016,3.5435
4.0016,3.1463
4.0016,4.6726
4.0016,3.8358
4.0016,4.3599
4.0016,4.3114
1.8772,1.1207
1.8772,1.3044
1.8772,2.5842
1.8772,0.99968
1.8772,1.8454
1.8772,1.427
0.27678,1.1207
0.27678,0.25858
0.27678,0.68938
0.27678,-0.28273
0.27678,0.65515
0.27678,0.85484
0.27678,-0.0020043
0.27678,-0.43877
0.27678,0.99968
0.27678,0.036461
0.27678,-0.22069
0.27678,0.28272
3.4293,3.4955
3.4293,2.65
3.4293,3.8095
3.4293,3.0072
3.4293,3.9592
3.4293,3.2184
3.4293,2.5725
3.4293,2.5429
3.4293,3.6236
3.4293,3.3064
3.4293,3.6143
3.4293,4.0005
3.4293,3.5435
3.4293,3.05
3.4293,2.9134
3.4293,3.8358
3.4293,3.0385
3.4293,4.3114
4.9542,4.3199
4.9542,5.0265
4.9542,4.4724
4.9542,4.0005
4.9542,4.1406
4.9542,4.7229
-0.60552,0.08162
-0.60552,-1.3402
-0.60552,-0.41902
-0.60552,-1.1152
-0.60552,0.31186
-0.60552,-0.28273
-0.60552,-0.81294
-0.60552,-0.90882
-0.60552,-0.0020043
-0.60552,-0.41838
-0.60552,-1.2507
-0.60552,-0.88577
-0.60552,-1.0945
-0.60552,-0.010637
-0.60552,-0.39499
-0.60552,-0.28907
-0.60552,-0.1226
-0.60552,-0.71355
-0.60552,-0.050621
-0.60552,0.26919
0.70717,1.4875
0.70717,1.2913
0.70717,1.2651
0.70717,0.87896
-1.0945,-1.3402
-1.0945,-0.41902
-1.0945,-1.6581
-1.0945,-1.1152
-1.0945,-0.93044
-1.0945,-0.28273
-1.0945,-0.90882
-1.0945,-0.43877
-1.0945,-0.88577
-1.0945,-0.60552
-1.0945,-1.3271
-1.0945,-0.28907
-1.0945,-0.71355
-1.0945,-1.6038
4.4724,4.3199
4.4724,3.8095
4.4724,3.9592
4.4724,5.0265
4.4724,4.9542
4.4724,4.0005
4.4724,4.6726
4.4724,3.8358
4.4724,4.3114
-6.3594,-6.4839
-6.3594,-5.6997
-6.3594,-6.5344
-6.3594,-5.9336
-6.3594,-6.1366
-6.3594,-6.909
-6.3594,-5.7111
-6.3594,-6.0109
-6.3594,-7.0185
2.7332,3.4955
2.7332,2.7919
2.7332,2.65
2.7332,2.5725
2.7332,3.1595
2.7332,2.6779
2.7332,3.5591
2.7332,3.3064
2.7332,1.9336
2.7332,2.0875
2.7332,3.5435
2.7332,3.1463
2.7332,1.9491
2.7332,2.2573
2.7332,2.3201
2.7332,3.05
2.7332,2.9134
2.7332,2.3713
2.7332,3.0385
2.0875,2.65
2.0875,2.5725
2.0875,2.1097
2.0875,1.6372
2.0875,2.5429
2.0875,1.3489
2.0875,2.7332
2.0875,1.693
2.0875,2.459
2.0875,1.8489
2.0875,1.9491
2.0875,2.2573
2.0875,2.9134
2.0875,2.3713
2.0875,1.3407
2.0875,3.0385
0.52386,0.08162
0.52386,1.3044
0.52386,1.1709
0.52386,-0.41902
0.52386,0.81183
0.52386,0.31186
0.52386,1.0257
0.52386,-0.28273
0.52386,0.65515
0.52386,0.85484
0.52386,-0.0020043
0.52386,1.4171
0.52386,0.99968
0.52386,0.036461
0.52386,0.71033
0.52386,-0.28907
0.52386,0.28272
0.52386,-0.050621
0.52386,0.75724
0.52386,0.26919
1.7677,1.1709
1.7677,1.4307
1.7677,1.852
1.7677,2.4146
1.7677,0.81027
1.7677,2.047
1.7677,1.1889
1.7677,1.6394
1.7677,1.1837
1.7677,1.5652
3.6083,2.7919
3.6083,3.2019
3.6083,3.1595
3.6083,3.9473
3.6083,3.5591
3.6083,3.6186
3.6083,4.0016
3.6083,3.5435
3.6083,3.1463
3.6083,2.9527
3.6083,4.0441
3.6083,4.3599
3.6083,2.6763
0.036461,0.08162
0.036461,-0.41902
0.036461,-0.93044
0.036461,0.68938
0.036461,-0.28273
0.036461,0.65515
0.036461,0.85484
0.036461,-0.0020043
0.036461,-0.43877
0.036461,0.99968
0.036461,0.27678
0.036461,0.52386
0.036461,-0.22069
0.036461,-0.71355
0.036461,0.28272
4.3278,3.4955
4.3278,5.1874
4.3278,3.9592
4.3278,3.9473
4.3278,4.7595
4.3278,3.5591
4.3278,4.0016
4.3278,3.5435
4.3278,4.6726
4.3278,3.8358
4.3278,4.3599
4.3278,4.3114
-5.7111,-6.4839
-5.7111,-5.6997
-5.7111,-5.2039
-5.7111,-5.9336
-5.7111,-6.1366
-5.7111,-5.6529
-5.7111,-6.3594
-5.7111,-5.2894
-5.7111,-4.9733
-5.7111,-6.0109
-5.7111,-5.1758
1.1889,1.1709
1.1889,0.81183
1.1889,1.4307
1.1889,1.852
1.1889,0.91819
1.1889,0.44048
1.1889,0.35579
1.1889,0.81027
1.1889,1.7677
1.1889,0.5807
1.1889,1.1837
1.1889,0.71033
1.1889,1.5652
-0.79144,-1.3402
-0.79144,-0.24627
-0.79144,-0.81294
-0.79144,0.063907
-0.79144,-0.41838
-0.79144,-1.2507
-0.79144,-0.88577
-0.79144,-1.7302
-0.79144,-0.010637
-0.79144,-0.44763
-0.79144,-1.2272
-0.79144,-0.39499
-0.79144,-0.1226
-0.79144,-0.8009
3.6143,4.3199
3.6143,3.8095
3.6143,3.0072
3.6143,3.0166
3.6143,3.9592
3.6143,3.2184
3.6143,3.6236
3.6143,3.3064
3.6143,3.4293
3.6143,4.0005
3.6143,4.1406
3.6143,3.3715
3.6143,3.0385
1.693,2.65
1.693,1.2913
1.693,2.5725
1.693,2.1097
1.693,1.6372
1.693,1.3489
1.693,2.0875
1.693,1.8489
1.693,1.9491
1.693,2.2573
1.693,2.3713
1.693,0.87896
1.693,1.3407
4.0005,4.3199
4.0005,3.8095
4.0005,3.9592
4.0005,3.2184
4.0005,3.6236
4.0005,3.3064
4.0005,3.4293
4.0005,4.9542
4.0005,4.4724
4.0005,3.6143
4.0005,4.1406
4.0005,3.8358
4.0005,3.0385
4.0005,4.3114
4.8633,3.9473
4.8633,4.7595
4.8633,4.0441
4.8633,4.3599
-1.7302,-1.3402
-1.7302,-1.7744
-1.7302,-1.6581
-1.7302,-1.1152
-1.7302,-0.81294
-1.7302,-1.2507
-1.7302,-0.88577
-1.7302,-0.79144
-1.7302,-2.4798
-1.7302,-1.2272
-1.7302,-1.9492
-1.3271,-0.93044
-1.3271,-2.0212
-1.3271,-0.90882
-1.3271,-0.43877
-1.3271,-1.0945
-1.3271,-1.5805
-1.3271,-0.71355
-1.3271,-1.6038
-1.3271,-0.87913
2.459,2.0938
2.459,2.65
2.459,2.0486
2.459,3.0072
2.459,3.0166
2.459,3.2184
2.459,2.1097
2.459,2.5429
2.459,2.0875
2.459,1.8489
2.459,3.0385
2.459,2.6273
-0.22069,-0.93044
-0.22069,0.25858
-0.22069,0.68938
-0.22069,-0.28273
-0.22069,-0.43877
-0.22069,-0.71577
-0.22069,0.27678
-0.22069,0.036461
-0.22069,0.28272
-0.22069,-0.87913
-6.9526,-7.4705
-6.9526,-6.2565
-6.9526,-6.8077
-6.9526,-6.1553
3.5435,3.4955
3.5435,2.7919
3.5435,3.2019
3.5435,3.9592
3.5435,3.1595
3.5435,3.9473
3.5435,2.6779
3.5435,3.5591
3.5435,3.3064
3.5435,4.0016
3.5435,3.4293
3.5435,2.7332
3.5435,3.6083
3.5435,4.3278
3.5435,3.1463
3.5435,3.05
3.5435,2.9134
3.5435,3.8358
3.1463,3.4955
3.1463,2.267
3.1463,2.7919
3.1463,3.2019
3.1463,3.1595
3.1463,3.9473
3.1463,2.6779
3.1463,3.5591
3.1463,4.0016
3.1463,2.7332
3.1463,3.6083
3.1463,3.5435
3.1463,2.3201
3.1463,3.05
3.1463,2.6763
-1.5805,-0.93044
-1.5805,-2.0212
-1.5805,-0.71577
-1.5805,-1.3271
-1.5805,-0.87913
4.1406,3.9044
4.1406,4.3199
4.1406,3.8095
4.1406,3.6236
4.1406,4.9542
4.1406,3.6143
4.1406,4.0005
4.1406,3.3715
4.1406,4.7229
1.6394,1.3044
1.6394,1.1709
1.6394,0.81183
1.6394,1.0257
1.6394,2.3649
1.6394,1.4171
1.6394,2.047
1.6394,1.7677
1.6394,1.1837
1.6394,0.71033
1.6394,1.5652
1.6394,1.8818
1.6394,1.8454
1.6394,0.75724
0.5807,0.48046
0.5807,0.17994
0.5807,0.81183
0.5807,1.4307
0.5807,0.91819
0.5807,-0.24627
0.5807,0.063907
0.5807,1.0965
0.5807,0.44048
0.5807,0.35579
0.5807,0.81027
0.5807,1.1889
0.5807,1.1837
0.5807,-0.010637
1.8489,2.0938
1.8489,2.65
1.8489,2.1097
1.8489,1.3972
1.8489,2.5429
1.8489,1.3489
1.8489,2.0875
1.8489,1.693
1.8489,2.459
1.8489,2.2573
1.8489,1.3407
1.9491,2.267
1.9491,1.4875
1.9491,1.2913
1.9491,2.5725
1.9491,1.6372
1.9491,2.6779
1.9491,1.9336
1.9491,2.7332
1.9491,2.0875
1.9491,1.693
1.9491,2.2573
1.9491,2.3201
1.9491,2.3713
1.1837,1.1709
1.1837,0.81183
1.1837,1.4307
1.1837,0.91819
1.1837,0.31186
1.1837,1.0257
1.1837,0.44048
1.1837,0.35579
1.1837,1.4171
1.1837,0.81027
1.1837,2.047
1.1837,1.7677
1.1837,1.1889
1.1837,1.6394
1.1837,0.5807
1.1837,0.71033
1.1837,1.5652
1.1837,0.75724
4.6726,5.1874
4.6726,3.9592
4.6726,4.7595
4.6726,5.0265
4.6726,4.0016
4.6726,4.4724
4.6726,4.3278
4.6726,3.8358
4.6726,4.3114
2.9527,2.267
2.9527,2.7919
2.9527,3.2019
2.9527,2.0935
2.9527,3.6186
2.9527,3.6083
2.9527,2.6763
-0.010637,0.17994
-0.010637,0.81183
-0.010637,0.31186
-0.010637,-0.81294
-0.010637,0.063907
-0.010637,0.44048
-0.010637,0.35579
-0.010637,-0.41838
-0.010637,-0.88577
-0.010637,0.81027
-0.010637,-0.60552
-0.010637,-0.79144
-0.010637,0.5807
-0.010637,-0.44763
-0.010637,0.71033
-0.010637,-0.39499
-0.010637,-0.28907
-0.010637,-0.1226
-0.010637,-0.050621
-0.010637,0.26919
-0.44763,-0.77357
-0.44763,0.17994
-0.44763,-0.24627
-0.44763,-0.81294
-0.44763,0.063907
-0.44763,0.35579
-0.44763,-0.41838
-0.44763,-1.2507
-0.44763,-0.79144
-0.44763,-0.010637
-0.44763,-1.2272
-0.44763,-0.39499
-0.44763,-0.1226
-0.44763,-0.8009
-4.5199,-5.0584
-4.5199,-4.9409
-4.5199,-5.4086
-4.5199,-4.5348
-4.5199,-4.4482
-4.5199,-5.1758
-4.5199,-3.8846
-5.7561,-6.2565
-5.7561,-5.2184
-5.7561,-6.1366
-5.7561,-5.0584
-5.7561,-5.4086
-5.7561,-6.1553
-5.7561,-5.737
0.71033,0.08162
0.71033,1.1709
0.71033,0.81183
0.71033,0.31186
0.71033,1.0257
0.71033,0.85484
0.71033,0.44048
0.71033,0.35579
0.71033,1.4171
0.71033,0.81027
0.71033,0.52386
0.71033,1.1889
0.71033,1.6394
0.71033,1.1837
0.71033,-0.010637
0.71033,1.5652
0.71033,-0.1226
0.71033,-0.050621
0.71033,0.75724
0.71033,0.26919
-2.4798,-1.7744
-2.4798,-1.7302
-2.4798,-1.9492
2.2573,2.65
2.2573,2.5725
2.2573,2.1097
2.2573,1.6372
2.2573,2.5429
2.2573,2.6779
2.2573,1.9336
2.2573,1.3489
2.2573,2.7332
2.2573,2.0875
2.2573,1.693
2.2573,1.8489
2.2573,1.9491
2.2573,2.3201
2.2573,3.05
2.2573,2.9134
2.2573,2.3713
2.2573,3.0385
4.0441,3.2019
4.0441,3.9473
4.0441,3.5591
4.0441,3.6186
4.0441,3.6083
4.0441,4.8633
4.0441,4.3599
-5.2894,-5.6997
-5.2894,-5.2039
-5.2894,-5.9336
-5.2894,-4.8032
-5.2894,-5.6529
-5.2894,-4.5348
-5.2894,-5.7111
-5.2894,-4.6839
-5.2894,-4.9733
-5.2894,-6.0109
-5.2894,-5.1758
-4.6839,-5.2039
-4.6839,-4.8032
-4.6839,-4.2971
-4.6839,-4.0376
-4.6839,-4.5348
-4.6839,-5.2894
-4.6839,-4.9733
-4.6839,-5.1758
-6.1553,-6.2565
-6.1553,-5.2184
-6.1553,-6.9526
-6.1553,-5.7561
2.3201,2.267
2.3201,2.7919
2.3201,1.4875
2.3201,2.5725
2.3201,3.1595
2.3201,1.6372
2.3201,2.6779
2.3201,1.9336
2.3201,2.7332
2.3201,3.1463
2.3201,1.9491
2.3201,2.2573
2.3201,3.05
2.3201,2.3713
2.3201,2.6763
2.3201,1.8028
3.05,3.4955
3.05,2.7919
3.05,2.65
3.05,3.9592
3.05,2.5725
3.05,3.1595
3.05,2.6779
3.05,3.5591
3.05,3.3064
3.05,3.4293
3.05,2.7332
3.05,3.5435
3.05,3.1463
3.05,2.2573
3.05,2.3201
3.05,2.9134
3.05,3.8358
3.05,2.3713
3.05,3.0385
-4.9733,-5.6997
-4.9733,-5.2039
-4.9733,-5.9336
-4.9733,-4.9409
-4.9733,-5.4086
-4.9733,-4.0376
-4.9733,-4.5348
-4.9733,-5.7111
-4.9733,-5.2894
-4.9733,-4.6839
-4.9733,-5.1758
-1.2272,-1.3402
-1.2272,-1.7744
-1.2272,-0.81294
-1.2272,-1.4822
-1.2272,-1.2507
-1.2272,-0.79144
-1.2272,-1.7302
-1.2272,-0.44763
-1.2272,-0.39499
-1.2272,-0.8009
1.5652,1.1709
1.5652,0.81183
1.5652,1.4307
1.5652,1.0257
1.5652,2.4146
1.5652,1.4171
1.5652,0.81027
1.5652,2.047
1.5652,1.7677
1.5652,1.1889
1.5652,1.6394
1.5652,1.1837
1.5652,0.71033
1.5652,1.8818
-0.39499,0.17994
-0.39499,-0.24627
-0.39499,-0.81294
-0.39499,0.063907
-0.39499,0.44048
-0.39499,0.35579
-0.39499,-0.41838
-0.39499,-1.2507
-0.39499,-0.88577
-0.39499,-0.60552
-0.39499,-0.79144
-0.39499,-0.010637
-0.39499,-0.44763
-0.39499,-1.2272
-0.39499,-0.1226
-0.39499,-0.8009
-0.39499,-0.050621
2.9134,3.4955
2.9134,2.65
2.9134,3.8095
2.9134,3.0072
2.9134,3.2184
2.9134,2.5725
2.9134,3.1595
2.9134,2.5429
2.9134,2.6779
2.9134,3.3064
2.9134,3.4293
2.9134,2.7332
2.9134,2.0875
2.9134,3.5435
2.9134,2.2573
2.9134,3.05
2.9134,3.8358
2.9134,2.3713
2.9134,3.0385
1.8818,1.3044
1.8818,1.1709
1.8818,1.0257
1.8818,2.3649
1.8818,2.5842
1.8818,1.4171
1.8818,2.047
1.8818,1.6394
1.8818,1.5652
1.8818,1.8454
1.8818,1.427
-0.28907,0.08162
-0.28907,-0.41902
-0.28907,-1.1152
-0.28907,0.31186
-0.28907,-0.28273
-0.28907,-0.81294
-0.28907,-0.90882
-0.28907,-0.0020043
-0.28907,0.44048
-0.28907,-0.41838
-0.28907,-0.88577
-0.28907,-0.60552
-0.28907,-1.0945
-0.28907,0.52386
-0.28907,-0.010637
-0.28907,-0.1226
-0.28907,-0.71355
-0.28907,0.28272
-0.28907,-0.050621
-0.28907,0.26919
-0.1226,0.08162
-0.1226,-0.41902
-0.1226,0.81183
-0.1226,0.31186
-0.1226,-0.81294
-0.1226,0.063907
-0.1226,0.44048
-0.1226,0.35579
-0.1226,-0.41838
-0.1226,-0.88577
-0.1226,-0.60552
-0.1226,-0.79144
-0.1226,-0.010637
-0.1226,-0.44763
-0.1226,0.71033
-0.1226,-0.39499
-0.1226,-0.28907
-0.1226,-0.050621
-0.1226,0.26919
1.8454,1.3044
1.8454,1.0257
1.8454,2.3649
1.8454,2.5842
1.8454,1.4171
1.8454,0.99968
1.8454,1.8772
1.8454,1.6394
1.8454,1.8818
1.8454,1.427
3.8358,3.4955
3.8358,3.8095
3.8358,3.9592
3.8358,3.1595
3.8358,3.9473
3.8358,3.5591
3.8358,3.3064
3.8358,4.0016
3.8358,3.4293
3.8358,4.4724
3.8358,4.3278
3.8358,4.0005
3.8358,3.5435
3.8358,4.6726
3.8358,3.05
3.8358,2.9134
3.8358,4.3114
1.2651,1.4875
1.2651,2.0935
1.2651,1.9336
1.2651,0.70717
1.2651,1.8028
-0.8009,-0.77357
-0.8009,0.17994
-0.8009,-1.7744
-0.8009,-0.24627
-0.8009,0.063907
-0.8009,-1.4822
-0.8009,-1.2507
-0.8009,-0.79144
-0.8009,-0.44763
-0.8009,-1.2272
-0.8009,-0.39499
-5.3685,-5.2039
-5.3685,-4.8032
-5.3685,-5.6529
-5.3685,-6.0367
-5.3685,-5.0976
-5.3685,-6.1617
-4.4482,-5.2184
-4.4482,-5.0584
-4.4482,-4.9409
-4.4482,-4.5199
-0.71355,0.08162
-0.71355,-0.41902
-0.71355,-1.1152
-0.71355,-0.93044
-0.71355,-0.28273
-0.71355,-0.90882
-0.71355,-0.0020043
-0.71355,-0.43877
-0.71355,-0.60552
-0.71355,-1.0945
-0.71355,0.036461
-0.71355,-1.3271
-0.71355,-0.28907
-0.71355,-1.6038
-0.71355,0.28272
-0.71355,-0.87913
-6.0367,-5.6529
-6.0367,-5.3685
-6.0367,-5.0976
-6.0367,-6.1617
-6.0109,-6.4839
-6.0109,-5.6997
-6.0109,-5.2039
-6.0109,-5.9336
-6.0109,-6.909
-6.0109,-5.6529
-6.0109,-6.3594
-6.0109,-5.7111
-6.0109,-5.2894
-6.0109,-6.1617
-1.6038,-1.6581
-1.6038,-1.1152
-1.6038,-0.93044
-1.6038,-2.3164
-1.6038,-2.0212
-1.6038,-0.90882
-1.6038,-1.0945
-1.6038,-1.3271
-1.6038,-0.71355
-1.6038,-1.9492
1.427,1.1207
1.427,1.3044
1.427,1.0257
1.427,0.68938
1.427,0.65515
1.427,0.85484
1.427,1.4171
1.427,0.99968
1.427,1.8772
1.427,1.8818
1.427,1.8454
4.3599,3.9473
4.3599,4.7595
4.3599,3.5591
4.3599,4.0016
4.3599,3.6083
4.3599,4.3278
4.3599,4.8633
4.3599,4.0441
0.28272,0.08162
0.28272,-0.41902
0.28272,1.0257
0.28272,0.68938
0.28272,-0.28273
0.28272,0.65515
0.28272,0.85484
0.28272,-0.0020043
0.28272,-0.43877
0.28272,0.99968
0.28272,0.27678
0.28272,0.52386
0.28272,0.036461
0.28272,-0.22069
0.28272,-0.28907
0.28272,-0.71355
0.28272,0.75724
0.28272,0.26919
-5.0976,-4.8032
-5.0976,-5.3685
-5.0976,-6.0367
2.3713,2.267
2.3713,2.7919
2.3713,2.65
2.3713,2.5725
2.3713,3.1595
2.3713,1.6372
2.3713,2.6779
2.3713,1.9336
2.3713,2.7332
2.3713,2.0875
2.3713,1.693
2.3713,1.9491
2.3713,2.2573
2.3713,2.3201
2.3713,3.05
2.3713,2.9134
2.6763,2.267
2.6763,2.7919
2.6763,3.2019
2.6763,2.0935
2.6763,2.6779
2.6763,3.6083
2.6763,3.1463
2.6763,2.9527
2.6763,2.3201
2.6763,1.8028
1.8028,2.267
1.8028,1.4875
1.8028,2.0935
1.8028,1.9336
1.8028,2.3201
1.8028,1.2651
1.8028,2.6763
-5.737,-5.6997
-5.737,-6.5344
-5.737,-6.2565
-5.737,-5.9336
-5.737,-6.1366
-5.737,-5.0584
-5.737,-4.9409
-5.737,-5.4086
-5.737,-5.7561
-5.737,-5.1758
-0.87913,-0.93044
-0.87913,-0.28273
-0.87913,-0.43877
-0.87913,-0.71577
-0.87913,-1.3271
-0.87913,-0.22069
-0.87913,-1.5805
-0.87913,-0.71355
-7.0185,-7.4705
-7.0185,-6.5344
-7.0185,-7.5916
-7.0185,-6.1366
-7.0185,-6.909
-7.0185,-6.8077
-7.0185,-6.3594
0.87896,1.2913
0.87896,1.6372
0.87896,1.3489
0.87896,0.70717
0.87896,1.693
0.87896,1.3407
3.3715,3.9044
3.3715,3.0072
3.3715,3.025
3.3715,3.0166
3.3715,3.2184
3.3715,3.6236
3.3715,3.6143
3.3715,4.1406
3.3715,2.6273
1.3407,2.0938
1.3407,2.1097
1.3407,1.3972
1.3407,1.3489
1.3407,2.0875
1.3407,1.693
1.3407,1.8489
1.3407,0.87896
-0.050621,0.08162
-0.050621,-0.41902
-0.050621,0.81183
-0.050621,0.31186
-0.050621,-0.81294
-0.050621,-0.90882
-0.050621,-0.0020043
-0.050621,0.44048
-0.050621,0.35579
-0.050621,-0.41838
-0.050621,-0.88577
-0.050621,-0.60552
-0.050621,0.52386
-0.050621,-0.010637
-0.050621,0.71033
-0.050621,-0.39499
-0.050621,-0.28907
-0.050621,-0.1226
-0.050621,0.75724
-0.050621,0.26919
3.0385,3.4955
3.0385,2.65
3.0385,3.8095
3.0385,3.0072
3.0385,3.0166
3.0385,3.2184
3.0385,2.5725
3.0385,2.1097
3.0385,2.5429
3.0385,3.6236
3.0385,3.3064
3.0385,3.4293
3.0385,2.7332
3.0385,2.0875
3.0385,3.6143
3.0385,4.0005
3.0385,2.459
3.0385,2.2573
3.0385,3.05
3.0385,2.9134
2.8686,2.3649
2.8686,2.4146
2.8686,2.047
-5.1758,-5.6997
-5.1758,-5.9336
-5.1758,-6.1366
-5.1758,-4.9409
-5.1758,-5.4086
-5.1758,-4.5348
-5.1758,-5.7111
-5.1758,-4.5199
-5.1758,-5.2894
-5.1758,-4.6839
-5.1758,-4.9733
-5.1758,-5.737
-6.1617,-6.4839
-6.1617,-7.0278
-6.1617,-5.6529
-6.1617,-5.3685
-6.1617,-6.0367
-6.1617,-6.0109
-3.8846,-4.0376
-3.8846,-4.5348
-3.8846,-4.5199
0.75724,0.08162
0.75724,1.3044
0.75724,1.1709
0.75724,0.81183
0.75724,0.31186
0.75724,1.0257
0.75724,0.65515
0.75724,0.85484
0.75724,-0.0020043
0.75724,0.44048
0.75724,1.4171
0.75724,0.52386
0.75724,1.6394
0.75724,1.1837
0.75724,0.71033
0.75724,0.28272
0.75724,-0.050621
0.75724,0.26919
-1.9492,-1.3402
-1.9492,-1.6581
-1.9492,-1.1152
-1.9492,-2.3164
-1.9492,-1.2507
-1.9492,-1.7302
-1.9492,-2.4798
-1.9492,-1.6038
2.6273,2.0938
2.6273,2.0486
2.6273,3.0072
2.6273,3.025
2.6273,3.0166
2.6273,2.5429
2.6273,2.459
2.6273,3.3715
4.3114,3.4955
4.3114,4.3199
4.3114,3.8095
4.3114,3.9592
4.3114,4.7595
4.3114,5.0265
4.3114,3.3064
4.3114,4.0016
4.3114,3.4293
4.3114,4.4724
4.3114,4.3278
4.3114,4.0005
4.3114,4.6726
4.3114,3.8358
0.26919,0.08162
0.26919,1.1709
0.26919,-0.41902
0.26919,0.81183
0.26919,0.31186
0.26919,1.0257
0.26919,-0.28273
0.26919,0.65515
0.26919,0.85484
0.26919,-0.0020043
0.26919,0.44048
0.26919,-0.41838
0.26919,-0.60552
0.26919,0.52386
0.26919,-0.010637
0.26919,0.71033
0.26919,-0.28907
0.26919,-0.1226
0.26919,0.28272
0.26919,-0.050621
0.26919,0.75724
4.7229,3.9044
4.7229,4.3199
4.7229,4.9542
4.7229,4.1406
