5.1365,5.1527
5.1365,4.5815
5.1365,5.2619
5.1365,5.6059
5.1365,5.8343
5.1365,5.0645
5.1365,5.5631
5.1365,5.3642
5.1365,4.2337
5.1365,4.3349
5.1365,4.7157
5.1365,5.2607
5.1365,5.8858
5.1365,4.7073
5.1365,4.8331
5.1365,4.283
5.1365,5.4989
5.1365,5.6519
5.1365,4.6954
5.1365,5.0037
5.1365,4.9046
-4.7112,-5.6141
-4.7112,-4.2843
-4.7112,-4.9238
-5.6977,-6.2532
-5.6977,-5.4004
-5.6977,-5.4535
-5.6977,-4.9567
-5.6977,-4.8968
-5.6977,-5.3182
-5.6977,-6.0262
-4.2943,-4.5375
-4.2943,-4.6679
-4.2943,-4.1055
-4.2943,-3.4923
-4.2943,-3.6875
-4.2943,-4.9567
-4.2943,-4.8968
-4.2943,-4.6161
-4.2943,-4.2403
-4.2943,-3.6425
-4.2943,-4.0349
2.9766,3.211
2.9766,3.3978
2.9766,3.0077
2.9766,3.5938
2.9766,2.871
2.9766,2.3812
2.9766,3.8952
2.9766,3.6011
4.3002,4.637
4.3002,4.8071
4.3002,4.1526
4.3002,5.0645
4.3002,4.3349
4.3002,3.9356
4.3002,4.4699
4.3002,4.7157
4.3002,5.2882
4.3002,3.713
4.3002,3.9408
4.3002,3.4585
4.3002,4.3447
2.4975,3.0077
2.4975,2.3812
2.4975,2.836
2.4975,3.4305
2.4975,3.1386
-4.5375,-4.2943
-4.5375,-3.7473
-4.5375,-4.6679
-4.5375,-4.1055
-4.5375,-5.4004
-4.5375,-4.2843
-4.5375,-4.9567
-4.5375,-4.8968
-4.5375,-3.6425
-4.5375,-4.9238
6.8034,6.9367
6.8034,6.3477
6.8034,6.0853
6.8034,6.4586
6.8034,6.3058
6.8034,6.1248
3.211,2.9766
3.211,3.3978
3.211,3.0077
3.211,3.5938
3.211,2.3812
3.211,3.8952
3.211,3.9891
3.211,3.6011
3.211,4.0207
3.211,3.4305
3.211,3.8392
3.211,3.1386
5.6764,4.7516
5.6764,5.2619
5.6764,6.3477
5.6764,5.8343
5.6764,5.5631
5.6764,5.2504
5.6764,6.0853
5.6764,6.4586
5.6764,5.2607
5.6764,4.9102
5.6764,5.3569
5.6764,5.8705
5.6764,6.1248
5.6764,5.6519
5.6764,5.0037
-6.2532,-5.6977
-6.2532,-5.4004
-3.7473,-4.5375
-3.7473,-4.1055
-3.7473,-4.2843
-3.7473,-3.6875
-3.7473,-3.6998
-3.7473,-3.2051
-3.7473,-2.9568
-3.7473,-3.6425
-4.4357,-4.0626
-4.4357,-4.1122
-4.4357,-3.7551
-4.4357,-4.8893
-4.4357,-4.8926
-4.4357,-4.57
-4.4357,-4.3012
-4.4357,-5.0096
-4.4357,-5.2609
-4.4357,-3.7529
-4.8505,-4.0552
-4.8505,-4.2357
-4.8505,-5.0645
-4.8505,-5.4322
-4.8505,-5.7121
-4.8505,-5.3712
-4.8505,-4.6464
-4.8505,-4.8063
-4.8505,-4.3404
-4.8505,-5.3749
-4.8505,-4.6224
-4.8505,-5.1228
-4.8505,-5.7665
-4.8505,-5.1376
-4.8505,-4.8527
-4.8505,-4.5693
-4.8505,-4.4195
-4.8505,-3.9929
4.7516,5.6764
4.7516,4.413
4.7516,4.5815
4.7516,5.2619
4.7516,5.5631
4.7516,4.2337
4.7516,5.2504
4.7516,3.9891
4.7516,4.6525
4.7516,5.2607
4.7516,4.092
4.7516,3.9507
4.7516,4.9102
4.7516,4.281
4.7516,4.7073
4.7516,4.5153
4.7516,5.3569
4.7516,5.0037
4.7516,4.9046
3.2772,2.836
3.2772,3.9356
3.2772,3.713
3.2772,3.9408
3.2772,3.5124
3.2772,3.4585
3.2772,3.1386
-2.7754,-3.236
-2.7754,-3.4166
-2.7754,-3.0504
-2.7754,-3.3373
-2.7754,-2.4114
5.1527,5.1365
5.1527,4.8071
5.1527,5.801
5.1527,4.5815
5.1527,5.6059
5.1527,5.0645
5.1527,5.3642
5.1527,5.9717
5.1527,4.3349
5.1527,4.4699
5.1527,4.7157
5.1527,5.2882
5.1527,5.2607
5.1527,5.8858
5.1527,4.8331
5.1527,4.283
5.1527,5.4989
5.1527,5.6519
5.1527,4.6954
5.1527,4.9046
-3.2909,-4.0552
-3.2909,-4.2357
-3.2909,-3.4166
-3.2909,-2.8977
-3.2909,-3.5647
-3.2909,-3.7216
-3.2909,-3.7118
-3.2909,-3.0504
-3.2909,-3.9929
-3.2909,-2.4114
-5.0586,-4.6679
-5.0586,-4.9899
-5.0586,-5.4535
-5.0586,-4.8457
-5.0586,-4.8968
-5.0586,-4.6161
-5.0586,-4.4327
-5.0586,-4.2403
-5.0586,-5.6146
-5.0586,-5.3182
-4.6679,-4.2943
-4.6679,-4.5375
-4.6679,-5.0586
-4.6679,-4.1055
-4.6679,-5.4535
-4.6679,-3.6875
-4.6679,-4.9567
-4.6679,-4.8968
-4.6679,-4.6161
-4.6679,-4.2403
-4.6679,-5.3182
-4.6679,-4.0349
-6.4889,-5.9509
-6.4889,-6.6477
-6.4889,-6.0084
-6.4889,-7.1262
-6.4889,-5.7121
-6.4889,-6.2934
-6.4889,-5.7665
-6.4889,-5.9926
-6.4889,-6.6277
-6.4889,-6.0533
-6.4889,-6.4282
-6.4889,-6.8438
-5.9509,-6.4889
-5.9509,-6.0084
-5.9509,-5.4322
-5.9509,-5.7121
-5.9509,-5.3712
-5.9509,-6.2934
-5.9509,-5.3749
-5.9509,-5.7142
-5.9509,-5.1228
-5.9509,-5.7665
-5.9509,-6.6277
-5.9509,-6.0533
-5.9509,-5.1376
-5.9509,-5.6564
-5.9509,-6.4282
4.413,4.7516
4.413,4.5815
4.413,5.2619
4.413,4.2337
4.413,3.8952
4.413,5.2504
4.413,3.9891
4.413,5.2607
4.413,3.9507
4.413,4.9102
4.413,3.6011
4.413,4.281
4.413,4.0207
4.413,4.7073
4.413,4.5153
4.413,4.283
4.413,4.6954
4.413,5.0037
4.413,4.9046
-4.6992,-4.1122
-4.6992,-3.7551
-4.6992,-4.0378
-4.6992,-5.0645
-4.6992,-4.8893
-4.6992,-4.57
-4.6992,-4.6464
-4.6992,-4.3404
-4.6992,-5.3749
-4.6992,-5.198
-4.6992,-4.3012
-4.6992,-5.0096
-4.6992,-5.4087
-4.6992,-5.1376
-4.6992,-4.8527
-4.6992,-5.6564
-4.6992,-4.4195
-2.5052,-3.0078
-2.5052,-3.2051
-2.5052,-2.9568
-2.5052,-2.6183
3.5854,3.3838
3.5854,3.3978
3.5854,2.871
3.5854,3.9891
3.5854,4.092
3.5854,3.9507
3.5854,3.6011
3.5854,4.281
3.5854,4.5153
-4.0143,-4.543
-4.0143,-3.471
-4.0143,-4.6224
-4.0143,-4.0654
4.637,4.3002
4.637,4.8071
4.637,4.8842
4.637,5.0645
4.637,3.9356
4.637,4.4699
4.637,5.2882
4.637,3.9408
4.637,5.2091
4.637,4.3447
-6.6477,-6.4889
-6.6477,-6.2921
-6.6477,-5.9201
-6.6477,-6.2934
-6.6477,-6.9809
-6.6477,-5.9926
-6.6477,-6.0533
-6.6477,-7.3006
-6.6477,-6.8438
3.3838,3.5854
3.3838,2.871
3.3838,4.1877
3.3838,4.092
3.3838,3.9507
-4.0626,-4.4357
-4.0626,-3.236
-4.0626,-4.8926
-4.0626,-4.3012
-4.0626,-3.7529
-4.0552,-4.8505
-4.0552,-3.2909
-4.0552,-4.2357
-4.0552,-4.0378
-4.0552,-3.4166
-4.0552,-4.6464
-4.0552,-4.3404
-4.0552,-3.5647
-4.0552,-3.7216
-4.0552,-3.7118
-4.0552,-4.8527
-4.0552,-4.5693
-4.0552,-4.4195
-4.0552,-3.9929
4.8071,4.3002
4.8071,5.1527
4.8071,4.637
4.8071,4.1526
4.8071,5.0645
4.8071,4.3349
4.8071,3.9356
4.8071,4.4699
4.8071,4.7157
4.8071,5.2882
4.8071,3.9408
4.8071,5.767
4.8071,4.8331
4.8071,5.4989
4.8071,5.2091
4.8071,4.3447
5.801,5.1527
5.801,5.6059
5.801,5.0645
5.801,5.3642
5.801,5.9717
5.801,5.2882
5.801,5.8858
5.801,5.767
5.801,6.3698
5.801,6.4809
5.801,5.4989
5.801,5.2091
5.801,6.2749
3.3978,2.9766
3.3978,3.211
3.3978,3.5854
3.3978,3.5938
3.3978,2.871
3.3978,3.8952
3.3978,3.9891
3.3978,3.9507
3.3978,3.6011
3.3978,4.281
4.8842,4.637
4.8842,5.7506
4.8842,5.2091
4.8842,4.3447
4.5815,5.1365
4.5815,4.7516
4.5815,5.1527
4.5815,4.413
4.5815,5.2619
4.5815,3.5938
4.5815,5.3642
4.5815,4.2337
4.5815,3.8952
4.5815,4.3349
4.5815,3.9891
4.5815,4.7157
4.5815,5.2607
4.5815,4.281
4.5815,4.0207
4.5815,4.7073
4.5815,3.8392
4.5815,4.8331
4.5815,4.283
4.5815,4.6954
4.5815,5.0037
4.5815,4.9046
-6.2921,-6.6477
-6.2921,-5.9201
-6.2921,-6.2934
-6.2921,-5.6931
-6.2921,-6.9809
-6.2921,-5.5629
-6.2921,-5.9926
-6.2921,-5.4087
-6.2921,-5.6564
-6.2921,-6.1273
3.0077,2.9766
3.0077,2.4975
3.0077,3.211
3.0077,3.5938
3.0077,2.3812
3.0077,3.713
3.0077,3.6011
3.0077,3.4305
3.0077,3.8392
3.0077,3.1386
-4.1122,-4.4357
-4.1122,-4.6992
-4.1122,-3.7551
-4.1122,-4.0378
-4.1122,-5.0645
-4.1122,-4.8893
-4.1122,-4.57
-4.1122,-3.4166
-4.1122,-4.3404
-4.1122,-3.7216
-4.1122,-4.3012
-4.1122,-4.8527
-4.1122,-3.3373
-4.1122,-4.4195
-4.1122,-3.7529
5.7506,4.8842
5.7506,5.2882
5.7506,5.767
5.7506,6.4809
5.7506,5.2091
6.9367,6.8034
6.9367,6.3477
6.9367,6.8379
6.9367,6.3058
6.9367,6.3698
-3.236,-2.7754
-3.236,-4.0626
-3.236,-3.7551
-3.236,-3.3373
-3.236,-3.7529
5.2619,5.1365
5.2619,5.6764
5.2619,4.7516
5.2619,4.413
5.2619,4.5815
5.2619,5.8343
5.2619,5.5631
5.2619,5.2504
5.2619,6.0853
5.2619,5.2607
5.2619,4.9102
5.2619,4.7073
5.2619,4.5153
5.2619,5.3569
5.2619,6.1248
5.2619,5.6519
5.2619,5.0037
5.2619,4.9046
-6.0084,-6.4889
-6.0084,-5.9509
-6.0084,-5.4322
-6.0084,-5.2591
-6.0084,-5.7121
-6.0084,-5.3712
-6.0084,-6.4799
-6.0084,-5.7142
-6.0084,-5.1228
-6.0084,-5.7665
-6.0084,-6.6277
-6.0084,-5.7898
-6.0084,-6.4282
-4.9899,-5.0586
-4.9899,-5.4535
-4.9899,-4.8457
-4.9899,-4.6161
-4.9899,-4.4327
-4.9899,-4.2403
-4.9899,-5.6146
-4.9899,-5.6775
-5.6141,-4.7112
-5.6141,-5.4004
-5.6141,-4.9238
-3.7551,-4.4357
-3.7551,-4.6992
-3.7551,-4.1122
-3.7551,-3.236
-3.7551,-4.0378
-3.7551,-4.57
-3.7551,-3.4166
-3.7551,-3.7216
-3.7551,-4.3012
-3.7551,-3.3373
-3.7551,-4.4195
-3.7551,-3.7529
6.3477,6.8034
6.3477,5.6764
6.3477,6.9367
6.3477,5.8343
6.3477,5.5631
6.3477,6.0853
6.3477,6.3058
6.3477,5.8858
6.3477,6.3698
6.3477,6.1248
6.3477,5.6519
-4.1055,-4.2943
-4.1055,-4.5375
-4.1055,-3.7473
-4.1055,-4.6679
-4.1055,-4.2843
-4.1055,-3.6875
-4.1055,-4.9567
-4.1055,-3.2051
-4.1055,-3.6425
-4.1055,-4.9238
-4.1055,-4.0349
5.6059,5.1365
5.6059,5.1527
5.6059,5.801
5.6059,5.8343
5.6059,5.0645
5.6059,5.3642
5.6059,5.9717
5.6059,6.3058
5.6059,4.7157
5.6059,5.2882
5.6059,5.2607
5.6059,5.8858
5.6059,6.3698
5.6059,4.8331
5.6059,5.4989
5.6059,5.6519
5.6059,6.2749
5.6059,4.6954
5.6059,4.9046
-7.1262,-6.4889
-7.1262,-6.6277
-7.1262,-6.4282
-7.1262,-6.8438
-4.2357,-4.8505
-4.2357,-3.2909
-4.2357,-4.0552
-4.2357,-4.6464
-4.2357,-4.8063
-4.2357,-4.3404
-4.2357,-3.5647
-4.2357,-4.6224
-4.2357,-3.7216
-4.2357,-3.7118
-4.2357,-5.1228
-4.2357,-4.0654
-4.2357,-4.8527
-4.2357,-4.5693
-4.2357,-4.4195
-4.2357,-3.9929
-4.0378,-4.6992
-4.0378,-4.0552
-4.0378,-4.1122
-4.0378,-3.7551
-4.0378,-4.57
-4.0378,-3.4166
-4.0378,-4.6464
-4.0378,-4.3404
-4.0378,-3.7216
-4.0378,-3.7118
-4.0378,-4.3012
-4.0378,-4.8527
-4.0378,-3.3373
-4.0378,-4.4195
5.2364,5.9029
5.2364,5.2504
5.2364,4.6525
5.2364,4.9102
5.2364,4.5153
5.2364,5.3569
5.2364,5.8705
5.2364,4.9455
-5.4004,-5.6977
-5.4004,-4.5375
-5.4004,-6.2532
-5.4004,-5.6141
-5.4004,-4.9567
-5.4004,-5.3182
-5.4004,-4.9238
4.1526,4.3002
4.1526,4.8071
4.1526,5.0645
4.1526,4.3349
4.1526,3.9356
4.1526,4.4699
4.1526,4.7157
4.1526,3.713
4.1526,3.9408
4.1526,4.0207
4.1526,3.4305
4.1526,3.4585
4.1526,3.8392
4.1526,4.8331
4.1526,4.283
4.1526,4.6954
3.5938,2.9766
3.5938,3.211
3.5938,3.3978
3.5938,4.5815
3.5938,3.0077
3.5938,4.2337
3.5938,3.8952
3.5938,4.3349
3.5938,3.9891
3.5938,3.713
3.5938,3.6011
3.5938,4.0207
3.5938,3.4305
3.5938,3.8392
3.5938,4.283
3.5938,3.1386
5.9029,5.2364
5.9029,6.4586
5.9029,5.3569
5.9029,5.8705
5.9029,4.9455
-3.0078,-2.5052
-3.0078,-3.4923
-3.0078,-3.6875
-3.0078,-3.2718
-3.0078,-3.2051
-3.0078,-2.6183
-3.0078,-3.6425
5.8343,5.1365
5.8343,5.6764
5.8343,5.2619
5.8343,6.3477
5.8343,5.6059
5.8343,5.5631
5.8343,5.3642
5.8343,5.2504
5.8343,6.0853
5.8343,6.3058
5.8343,5.2607
5.8343,5.8858
5.8343,6.1248
5.8343,5.6519
5.8343,5.0037
5.8343,4.9046
-5.4535,-5.6977
-5.4535,-5.0586
-5.4535,-4.6679
-5.4535,-4.9899
-5.4535,-4.8968
-5.4535,-4.6161
-5.4535,-5.6146
-5.4535,-6.2937
-5.4535,-5.3182
-5.4535,-6.0262
2.871,2.9766
2.871,3.5854
2.871,3.3838
2.871,3.3978
2.871,3.6011
5.0645,5.1365
5.0645,4.3002
5.0645,5.1527
5.0645,4.637
5.0645,4.8071
5.0645,5.801
5.0645,5.6059
5.0645,4.1526
5.0645,5.3642
5.0645,5.9717
5.0645,4.3349
5.0645,4.4699
5.0645,4.7157
5.0645,5.2882
5.0645,5.767
5.0645,4.8331
5.0645,5.4989
5.0645,5.2091
5.0645,4.6954
-5.0645,-4.8505
-5.0645,-4.6992
-5.0645,-4.1122
-5.0645,-5.4322
-5.0645,-4.8893
-5.0645,-5.9201
-5.0645,-4.57
-5.0645,-5.7121
-5.0645,-4.6464
-5.0645,-4.3404
-5.0645,-5.3749
-5.0645,-5.198
-5.0645,-5.5629
-5.0645,-5.9926
-5.0645,-5.4087
-5.0645,-5.1376
-5.0645,-4.8527
-5.0645,-5.6564
-5.0645,-4.4195
5.5631,5.1365
5.5631,5.6764
5.5631,4.7516
5.5631,5.2619
5.5631,6.3477
5.5631,5.8343
5.5631,5.3642
5.5631,5.2504
5.5631,6.0853
5.5631,6.3058
5.5631,5.2607
5.5631,5.8858
5.5631,4.7073
5.5631,6.1248
5.5631,5.6519
5.5631,5.0037
5.5631,4.9046
-4.2843,-4.7112
-4.2843,-4.5375
-4.2843,-3.7473
-4.2843,-4.1055
-4.2843,-3.6998
-4.2843,-4.9238
-5.4322,-4.8505
-5.4322,-5.9509
-5.4322,-6.0084
-5.4322,-5.0645
-5.4322,-5.7121
-5.4322,-5.3712
-5.4322,-4.6464
-5.4322,-4.8063
-5.4322,-5.3749
-5.4322,-5.7142
-5.4322,-5.1228
-5.4322,-5.7665
-5.4322,-6.0533
-5.4322,-5.1376
-5.4322,-4.8527
-5.4322,-4.5693
-5.4322,-5.6564
-5.2591,-6.0084
-5.2591,-4.543
-5.2591,-5.3712
-5.2591,-4.8063
-5.2591,-5.7142
-5.2591,-4.6224
-5.2591,-4.9861
-5.2591,-5.1228
-5.2591,-5.7665
-5.2591,-5.7898
-5.2591,-4.5693
-5.2591,-5.142
5.3642,5.1365
5.3642,5.1527
5.3642,5.801
5.3642,4.5815
5.3642,5.6059
5.3642,5.8343
5.3642,5.0645
5.3642,5.5631
5.3642,5.9717
5.3642,6.3058
5.3642,4.7157
5.3642,5.2607
5.3642,5.8858
5.3642,4.8331
5.3642,5.4989
5.3642,5.6519
5.3642,4.6954
5.3642,5.0037
5.3642,4.9046
-4.8457,-5.0586
-4.8457,-4.9899
-4.8457,-4.0173
-4.8457,-4.4327
-4.8457,-5.6775
-3.4923,-4.2943
-3.4923,-3.0078
-3.4923,-3.6875
-3.4923,-3.829
-3.4923,-3.2718
-3.4923,-3.2051
-3.4923,-4.2403
-3.4923,-2.6183
-3.4923,-3.6425
-3.4923,-4.0349
-3.4923,-3.347
-4.543,-4.0143
-4.543,-5.2591
-4.543,-4.8063
-4.543,-4.6224
-4.543,-4.9861
-4.543,-4.0654
-4.543,-4.5693
-4.543,-5.142
2.3812,2.9766
2.3812,2.4975
2.3812,3.211
2.3812,3.0077
4.2337,5.1365
4.2337,4.7516
4.2337,4.413
4.2337,4.5815
4.2337,3.5938
4.2337,3.8952
4.2337,4.3349
4.2337,3.9891
4.2337,3.9507
4.2337,3.6011
4.2337,4.281
4.2337,4.0207
4.2337,4.7073
4.2337,3.8392
4.2337,4.8331
4.2337,4.283
4.2337,4.6954
4.2337,5.0037
4.2337,4.9046
4.1877,3.3838
4.1877,4.6525
4.1877,4.092
4.1877,4.5153
4.1877,4.9455
5.9717,5.1527
5.9717,5.801
5.9717,5.6059
5.9717,5.0645
5.9717,5.3642
5.9717,6.8379
5.9717,6.3058
5.9717,5.8858
5.9717,5.767
5.9717,6.3698
5.9717,5.4989
5.9717,5.6519
5.9717,6.2749
3.8952,2.9766
3.8952,3.211
3.8952,4.413
3.8952,3.3978
3.8952,4.5815
3.8952,3.5938
3.8952,4.2337
3.8952,4.3349
3.8952,3.9891
3.8952,3.9507
3.8952,3.6011
3.8952,4.281
3.8952,4.0207
3.8952,3.4305
3.8952,4.7073
3.8952,3.8392
3.8952,4.283
3.8952,4.6954
4.3349,5.1365
4.3349,4.3002
4.3349,5.1527
4.3349,4.8071
4.3349,4.5815
4.3349,4.1526
4.3349,3.5938
4.3349,5.0645
4.3349,4.2337
4.3349,3.8952
4.3349,3.9356
4.3349,4.4699
4.3349,4.7157
4.3349,3.713
4.3349,4.0207
4.3349,3.4305
4.3349,3.8392
4.3349,4.8331
4.3349,4.283
4.3349,4.6954
4.3349,4.9046
5.2504,5.6764
5.2504,4.7516
5.2504,4.413
5.2504,5.2619
5.2504,5.2364
5.2504,5.8343
5.2504,5.5631
5.2504,6.0853
5.2504,4.6525
5.2504,5.2607
5.2504,4.9102
5.2504,4.281
5.2504,4.7073
5.2504,4.5153
5.2504,5.3569
5.2504,5.8705
5.2504,6.1248
5.2504,5.0037
-4.8893,-4.4357
-4.8893,-4.6992
-4.8893,-4.1122
-4.8893,-5.0645
-4.8893,-4.57
-4.8893,-5.6931
-4.8893,-5.198
-4.8893,-5.5629
-4.8893,-4.3012
-4.8893,-5.0096
-4.8893,-5.4087
-4.8893,-4.8527
-4.8893,-5.2609
-4.8893,-4.4195
-5.9201,-6.6477
-5.9201,-6.2921
-5.9201,-5.0645
-5.9201,-6.2934
-5.9201,-5.6931
-5.9201,-5.3749
-5.9201,-5.198
-5.9201,-5.5629
-5.9201,-5.9926
-5.9201,-5.4087
-5.9201,-6.0533
-5.9201,-5.6564
-5.9201,-6.1273
-4.8926,-4.4357
-4.8926,-4.0626
-4.8926,-5.0096
-4.8926,-5.2609
-3.6875,-4.2943
-3.6875,-3.7473
-3.6875,-4.6679
-3.6875,-4.1055
-3.6875,-3.0078
-3.6875,-3.4923
-3.6875,-3.2718
-3.6875,-3.2051
-3.6875,-4.2403
-3.6875,-3.6425
-3.6875,-4.0349
6.8379,6.9367
6.8379,5.9717
6.8379,6.3698
6.8379,6.4809
6.8379,6.2749
-4.57,-4.4357
-4.57,-4.6992
-4.57,-4.1122
-4.57,-3.7551
-4.57,-4.0378
-4.57,-5.0645
-4.57,-4.8893
-4.57,-4.3404
-4.57,-5.198
-4.57,-4.3012
-4.57,-5.0096
-4.57,-5.4087
-4.57,-4.8527
-4.57,-4.4195
-4.57,-3.7529
-4.0173,-4.8457
-4.0173,-3.829
-4.0173,-4.4327
-4.0173,-3.347
-3.471,-4.0143
-3.471,-2.8977
-3.471,-3.5647
-3.471,-4.0654
-3.471,-3.9929
6.0853,6.8034
6.0853,5.6764
6.0853,5.2619
6.0853,6.3477
6.0853,5.8343
6.0853,5.5631
6.0853,5.2504
6.0853,6.4586
6.0853,6.3058
6.0853,5.2607
6.0853,5.8858
6.0853,5.8705
6.0853,6.1248
6.0853,5.6519
-3.829,-3.4923
-3.829,-4.0173
-3.829,-3.2718
-3.829,-4.6161
-3.829,-4.4327
-3.829,-4.2403
-3.829,-4.0349
-3.829,-3.347
-5.7121,-4.8505
-5.7121,-6.4889
-5.7121,-5.9509
-5.7121,-6.0084
-5.7121,-5.0645
-5.7121,-5.4322
-5.7121,-5.3712
-5.7121,-6.2934
-5.7121,-5.3749
-5.7121,-5.1228
-5.7121,-5.7665
-5.7121,-5.9926
-5.7121,-5.4087
-5.7121,-6.0533
-5.7121,-5.1376
-5.7121,-4.8527
-5.7121,-5.6564
-5.7121,-6.4282
-5.3712,-4.8505
-5.3712,-5.9509
-5.3712,-6.0084
-5.3712,-5.4322
-5.3712,-5.2591
-5.3712,-5.7121
-5.3712,-4.8063
-5.3712,-5.7142
-5.3712,-4.6224
-5.3712,-5.1228
-5.3712,-5.7665
-5.3712,-5.7898
-5.3712,-5.1376
-5.3712,-4.5693
-5.3712,-5.142
2.836,2.4975
2.836,3.2772
2.836,3.713
2.836,3.4585
2.836,3.1386
-3.4166,-2.7754
-3.4166,-3.2909
-3.4166,-4.0552
-3.4166,-4.1122
-3.4166,-3.7551
-3.4166,-4.0378
-3.4166,-4.3404
-3.4166,-3.7216
-3.4166,-3.7118
-3.4166,-3.0504
-3.4166,-3.3373
-3.4166,-4.4195
3.9356,4.3002
3.9356,3.2772
3.9356,4.637
3.9356,4.8071
3.9356,4.1526
3.9356,4.3349
3.9356,4.4699
3.9356,4.7157
3.9356,3.713
3.9356,3.9408
3.9356,3.4305
3.9356,3.4585
3.9356,3.8392
3.9356,3.1386
3.9356,4.3447
-4.6464,-4.8505
-4.6464,-4.6992
-4.6464,-4.0552
-4.6464,-4.2357
-4.6464,-4.0378
-4.6464,-5.0645
-4.6464,-5.4322
-4.6464,-4.8063
-4.6464,-4.3404
-4.6464,-5.3749
-4.6464,-3.7216
-4.6464,-3.7118
-4.6464,-5.1228
-4.6464,-5.1376
-4.6464,-4.8527
-4.6464,-4.5693
-4.6464,-4.4195
-4.6464,-3.9929
4.4699,4.3002
4.4699,5.1527
4.4699,4.637
4.4699,4.8071
4.4699,4.1526
4.4699,5.0645
4.4699,4.3349
4.4699,3.9356
4.4699,4.7157
4.4699,5.2882
4.4699,3.713
4.4699,3.9408
4.4699,4.0207
4.4699,3.8392
4.4699,4.8331
4.4699,4.283
4.4699,4.6954
3.9891,3.211
3.9891,4.7516
3.9891,4.413
3.9891,3.5854
3.9891,3.3978
3.9891,4.5815
3.9891,3.5938
3.9891,4.2337
3.9891,3.8952
3.9891,4.092
3.9891,3.9507
3.9891,3.6011
3.9891,4.281
3.9891,4.0207
3.9891,4.7073
3.9891,4.5153
3.9891,4.283
4.6525,4.7516
4.6525,5.2364
4.6525,4.1877
4.6525,5.2504
4.6525,4.092
4.6525,4.9102
4.6525,4.281
4.6525,4.5153
4.6525,5.3569
4.6525,4.9455
-6.2934,-6.4889
-6.2934,-5.9509
-6.2934,-6.6477
-6.2934,-6.2921
-6.2934,-5.9201
-6.2934,-5.7121
-6.2934,-5.3749
-6.2934,-5.9926
-6.2934,-5.4087
-6.2934,-6.0533
-6.2934,-5.6564
-6.2934,-6.8438
-5.6931,-6.2921
-5.6931,-4.8893
-5.6931,-5.9201
-5.6931,-5.198
-5.6931,-5.5629
-5.6931,-5.0096
-5.6931,-5.9926
-5.6931,-5.4087
-5.6931,-6.1273
-5.6931,-5.2609
-6.4799,-6.0084
-6.4799,-5.7142
-6.4799,-6.6277
-6.4799,-5.7898
-4.8063,-4.8505
-4.8063,-4.2357
-4.8063,-5.4322
-4.8063,-5.2591
-4.8063,-4.543
-4.8063,-5.3712
-4.8063,-4.6464
-4.8063,-5.7142
-4.8063,-4.6224
-4.8063,-5.1228
-4.8063,-5.7665
-4.8063,-4.0654
-4.8063,-5.1376
-4.8063,-4.5693
-4.8063,-5.142
-4.8063,-3.9929
6.4586,6.8034
6.4586,5.6764
6.4586,5.9029
6.4586,6.0853
6.4586,5.8705
6.4586,6.1248
6.3058,6.8034
6.3058,6.9367
6.3058,6.3477
6.3058,5.6059
6.3058,5.8343
6.3058,5.5631
6.3058,5.3642
6.3058,5.9717
6.3058,6.0853
6.3058,5.8858
6.3058,6.3698
6.3058,5.6519
-4.3404,-4.8505
-4.3404,-4.6992
-4.3404,-4.0552
-4.3404,-4.1122
-4.3404,-4.2357
-4.3404,-4.0378
-4.3404,-5.0645
-4.3404,-4.57
-4.3404,-3.4166
-4.3404,-4.6464
-4.3404,-3.7216
-4.3404,-3.7118
-4.3404,-5.1376
-4.3404,-4.8527
-4.3404,-4.5693
-4.3404,-4.4195
-4.3404,-3.9929
-2.8977,-3.2909
-2.8977,-3.471
-2.8977,-3.5647
-2.8977,-3.0504
-2.8977,-2.4114
4.7157,5.1365
4.7157,4.3002
4.7157,5.1527
4.7157,4.8071
4.7157,4.5815
4.7157,5.6059
4.7157,4.1526
4.7157,5.0645
4.7157,5.3642
4.7157,4.3349
4.7157,3.9356
4.7157,4.4699
4.7157,5.2882
4.7157,3.713
4.7157,4.0207
4.7157,3.8392
4.7157,4.8331
4.7157,4.283
4.7157,5.4989
4.7157,4.6954
4.7157,4.9046
-6.9809,-6.6477
-6.9809,-6.2921
-6.9809,-7.3006
-6.9809,-6.1273
5.2882,4.3002
5.2882,5.1527
5.2882,4.637
5.2882,4.8071
5.2882,5.801
5.2882,5.7506
5.2882,5.6059
5.2882,5.0645
5.2882,4.4699
5.2882,4.7157
5.2882,5.767
5.2882,5.4989
5.2882,5.2091
-3.5647,-3.2909
-3.5647,-4.0552
-3.5647,-4.2357
-3.5647,-3.471
-3.5647,-2.8977
-3.5647,-3.7118
-3.5647,-3.0504
-3.5647,-4.0654
-3.5647,-4.5693
-3.5647,-3.9929
-4.9567,-5.6977
-4.9567,-4.2943
-4.9567,-4.5375
-4.9567,-4.6679
-4.9567,-4.1055
-4.9567,-5.4004
-4.9567,-4.8968
-4.9567,-5.3182
-4.9567,-4.9238
-5.3749,-4.8505
-5.3749,-5.9509
-5.3749,-4.6992
-5.3749,-5.0645
-5.3749,-5.4322
-5.3749,-5.9201
-5.3749,-5.7121
-5.3749,-4.6464
-5.3749,-6.2934
-5.3749,-5.198
-5.3749,-5.1228
-5.3749,-5.7665
-5.3749,-5.9926
-5.3749,-5.4087
-5.3749,-6.0533
-5.3749,-5.1376
-5.3749,-4.8527
-5.3749,-5.6564
-5.3749,-4.4195
-5.198,-4.6992
-5.198,-5.0645
-5.198,-4.8893
-5.198,-5.9201
-5.198,-4.57
-5.198,-5.6931
-5.198,-5.3749
-5.198,-5.5629
-5.198,-4.3012
-5.198,-5.0096
-5.198,-5.9926
-5.198,-5.4087
-5.198,-4.8527
-5.198,-5.6564
-5.198,-5.2609
-5.198,-4.4195
5.2607,5.1365
5.2607,5.6764
5.2607,4.7516
5.2607,5.1527
5.2607,4.413
5.2607,4.5815
5.2607,5.2619
5.2607,5.6059
5.2607,5.8343
5.2607,5.5631
5.2607,5.3642
5.2607,5.2504
5.2607,6.0853
5.2607,5.8858
5.2607,4.7073
5.2607,4.8331
5.2607,5.6519
5.2607,4.6954
5.2607,5.0037
5.2607,4.9046
4.092,4.7516
4.092,3.5854
4.092,3.3838
4.092,4.1877
4.092,3.9891
4.092,4.6525
4.092,3.9507
4.092,4.9102
4.092,4.281
4.092,4.5153
-5.7142,-5.9509
-5.7142,-6.0084
-5.7142,-5.4322
-5.7142,-5.2591
-5.7142,-5.3712
-5.7142,-6.4799
-5.7142,-4.8063
-5.7142,-5.1228
-5.7142,-5.7665
-5.7142,-6.6277
-5.7142,-5.7898
-5.7142,-5.142
5.8858,5.1365
5.8858,5.1527
5.8858,5.801
5.8858,6.3477
5.8858,5.6059
5.8858,5.8343
5.8858,5.5631
5.8858,5.3642
5.8858,5.9717
5.8858,6.0853
5.8858,6.3058
5.8858,5.2607
5.8858,6.3698
5.8858,5.4989
5.8858,5.6519
-4.6224,-4.8505
-4.6224,-4.0143
-4.6224,-4.2357
-4.6224,-5.2591
-4.6224,-4.543
-4.6224,-5.3712
-4.6224,-4.8063
-4.6224,-5.1228
-4.6224,-4.0654
-4.6224,-4.5693
-4.6224,-5.142
-4.6224,-3.9929
-4.8968,-5.6977
-4.8968,-4.2943
-4.8968,-4.5375
-4.8968,-5.0586
-4.8968,-4.6679
-4.8968,-5.4535
-4.8968,-4.9567
-4.8968,-4.6161
-4.8968,-4.2403
-4.8968,-5.3182
-4.8968,-4.0349
3.9507,4.7516
3.9507,4.413
3.9507,3.5854
3.9507,3.3838
3.9507,3.3978
3.9507,4.2337
3.9507,3.8952
3.9507,3.9891
3.9507,4.092
3.9507,4.9102
3.9507,3.6011
3.9507,4.281
3.9507,4.7073
3.9507,4.5153
3.713,4.3002
3.713,3.2772
3.713,3.0077
3.713,4.1526
3.713,3.5938
3.713,4.3349
3.713,2.836
3.713,3.9356
3.713,4.4699
3.713,4.7157
3.713,3.9408
3.713,4.0207
3.713,3.4305
3.713,3.4585
3.713,3.8392
3.713,4.283
3.713,3.1386
-3.7216,-3.2909
-3.7216,-4.0552
-3.7216,-4.1122
-3.7216,-3.7551
-3.7216,-4.2357
-3.7216,-4.0378
-3.7216,-3.4166
-3.7216,-4.6464
-3.7216,-4.3404
-3.7216,-3.7118
-3.7216,-3.0504
-3.7216,-3.3373
-3.7216,-4.4195
-5.5629,-6.2921
-5.5629,-5.0645
-5.5629,-4.8893
-5.5629,-5.9201
-5.5629,-5.6931
-5.5629,-5.198
-5.5629,-5.0096
-5.5629,-5.9926
-5.5629,-5.4087
-5.5629,-5.6564
-5.5629,-6.1273
-5.5629,-5.2609
-3.7118,-3.2909
-3.7118,-4.0552
-3.7118,-4.2357
-3.7118,-4.0378
-3.7118,-3.4166
-3.7118,-4.6464
-3.7118,-4.3404
-3.7118,-3.5647
-3.7118,-3.7216
-3.7118,-3.0504
-3.7118,-4.4195
-3.7118,-3.9929
-4.9861,-5.2591
-4.9861,-4.543
-4.9861,-5.7898
-4.9861,-5.142
3.9408,4.3002
3.9408,3.2772
3.9408,4.637
3.9408,4.8071
3.9408,4.1526
3.9408,3.9356
3.9408,4.4699
3.9408,3.713
3.9408,3.5124
3.9408,3.4585
3.9408,4.3447
5.767,4.8071
5.767,5.801
5.767,5.7506
5.767,5.0645
5.767,5.9717
5.767,5.2882
5.767,6.4809
5.767,5.4989
5.767,5.2091
5.767,6.2749
-4.3012,-4.4357
-4.3012,-4.6992
-4.3012,-4.0626
-4.3012,-4.1122
-4.3012,-3.7551
-4.3012,-4.0378
-4.3012,-4.8893
-4.3012,-4.57
-4.3012,-5.198
-4.3012,-5.0096
-4.3012,-4.4195
-4.3012,-3.7529
6.3698,5.801
6.3698,6.9367
6.3698,6.3477
6.3698,5.6059
6.3698,5.9717
6.3698,6.8379
6.3698,6.3058
6.3698,5.8858
6.3698,5.4989
6.3698,5.6519
6.3698,6.2749
-3.6998,-3.7473
-3.6998,-4.2843
-3.6998,-2.9568
-5.1228,-4.8505
-5.1228,-5.9509
-5.1228,-6.0084
-5.1228,-4.2357
-5.1228,-5.4322
-5.1228,-5.2591
-5.1228,-5.7121
-5.1228,-5.3712
-5.1228,-4.6464
-5.1228,-4.8063
-5.1228,-5.3749
-5.1228,-5.7142
-5.1228,-4.6224
-5.1228,-5.7665
-5.1228,-5.1376
-5.1228,-4.8527
-5.1228,-4.5693
-5.7665,-4.8505
-5.7665,-6.4889
-5.7665,-5.9509
-5.7665,-6.0084
-5.7665,-5.4322
-5.7665,-5.2591
-5.7665,-5.7121
-5.7665,-5.3712
-5.7665,-4.8063
-5.7665,-5.3749
-5.7665,-5.7142
-5.7665,-5.1228
-5.7665,-6.6277
-5.7665,-6.0533
-5.7665,-5.1376
-5.7665,-6.4282
6.4809,5.801
6.4809,5.7506
6.4809,6.8379
6.4809,5.767
6.4809,6.2749
-3.0504,-2.7754
-3.0504,-3.2909
-3.0504,-3.4166
-3.0504,-2.8977
-3.0504,-3.5647
-3.0504,-3.7216
-3.0504,-3.7118
-3.0504,-3.3373
-3.0504,-2.4114
4.9102,5.6764
4.9102,4.7516
4.9102,4.413
4.9102,5.2619
4.9102,5.2364
4.9102,5.2504
4.9102,4.6525
4.9102,4.092
4.9102,3.9507
4.9102,4.281
4.9102,4.7073
4.9102,4.5153
4.9102,5.3569
4.9102,5.8705
4.9102,5.0037
3.6011,2.9766
3.6011,3.211
3.6011,4.413
3.6011,3.5854
3.6011,3.3978
3.6011,3.0077
3.6011,3.5938
3.6011,2.871
3.6011,4.2337
3.6011,3.8952
3.6011,3.9891
3.6011,3.9507
3.6011,4.281
3.6011,4.0207
3.6011,4.283
-5.0096,-4.4357
-5.0096,-4.6992
-5.0096,-4.8893
-5.0096,-4.8926
-5.0096,-4.57
-5.0096,-5.6931
-5.0096,-5.198
-5.0096,-5.5629
-5.0096,-4.3012
-5.0096,-5.4087
-5.0096,-5.2609
-5.9926,-6.4889
-5.9926,-6.6477
-5.9926,-6.2921
-5.9926,-5.0645
-5.9926,-5.9201
-5.9926,-5.7121
-5.9926,-6.2934
-5.9926,-5.6931
-5.9926,-5.3749
-5.9926,-5.198
-5.9926,-5.5629
-5.9926,-5.4087
-5.9926,-6.0533
-5.9926,-5.6564
4.281,4.7516
4.281,4.413
4.281,3.5854
4.281,3.3978
4.281,4.5815
4.281,4.2337
4.281,3.8952
4.281,5.2504
4.281,3.9891
4.281,4.6525
4.281,4.092
4.281,3.9507
4.281,4.9102
4.281,3.6011
4.281,4.7073
4.281,4.5153
4.281,5.0037
-4.0654,-4.0143
-4.0654,-4.2357
-4.0654,-4.543
-4.0654,-3.471
-4.0654,-4.8063
-4.0654,-3.5647
-4.0654,-4.6224
-4.0654,-4.5693
-4.0654,-3.9929
-6.6277,-6.4889
-6.6277,-5.9509
-6.6277,-6.0084
-6.6277,-7.1262
-6.6277,-6.4799
-6.6277,-5.7142
-6.6277,-5.7665
-6.6277,-6.4282
4.0207,3.211
4.0207,4.413
4.0207,4.5815
4.0207,4.1526
4.0207,3.5938
4.0207,4.2337
4.0207,3.8952
4.0207,4.3349
4.0207,4.4699
4.0207,3.9891
4.0207,4.7157
4.0207,3.713
4.0207,3.6011
4.0207,3.4305
4.0207,4.7073
4.0207,3.8392
4.0207,4.8331
4.0207,4.283
4.0207,4.6954
4.0207,4.9046
3.4305,2.4975
3.4305,3.211
3.4305,3.0077
3.4305,4.1526
3.4305,3.5938
3.4305,3.8952
3.4305,4.3349
3.4305,3.9356
3.4305,3.713
3.4305,4.0207
3.4305,3.4585
3.4305,3.8392
3.4305,4.283
3.4305,3.1386
-3.2718,-3.0078
-3.2718,-3.4923
-3.2718,-3.6875
-3.2718,-3.829
-3.2718,-4.2403
-3.2718,-2.6183
-3.2718,-4.0349
-3.2718,-3.347
-3.2051,-3.7473
-3.2051,-2.5052
-3.2051,-4.1055
-3.2051,-3.0078
-3.2051,-3.4923
-3.2051,-3.6875
-3.2051,-2.9568
-3.2051,-3.6425
4.7073,5.1365
4.7073,4.7516
4.7073,4.413
4.7073,4.5815
4.7073,5.2619
4.7073,5.5631
4.7073,4.2337
4.7073,3.8952
4.7073,5.2504
4.7073,3.9891
4.7073,5.2607
4.7073,3.9507
4.7073,4.9102
4.7073,4.281
4.7073,4.0207
4.7073,4.5153
4.7073,4.283
4.7073,4.6954
4.7073,5.0037
4.7073,4.9046
3.5124,3.2772
3.5124,3.9408
3.5124,4.3447
-5.4087,-4.6992
-5.4087,-6.2921
-5.4087,-5.0645
-5.4087,-4.8893
-5.4087,-5.9201
-5.4087,-4.57
-5.4087,-5.7121
-5.4087,-6.2934
-5.4087,-5.6931
-5.4087,-5.3749
-5.4087,-5.198
-5.4087,-5.5629
-5.4087,-5.0096
-5.4087,-5.9926
-5.4087,-6.0533
-5.4087,-5.1376
-5.4087,-4.8527
-5.4087,-5.6564
-5.7898,-6.0084
-5.7898,-5.2591
-5.7898,-5.3712
-5.7898,-6.4799
-5.7898,-5.7142
-5.7898,-4.9861
-5.7898,-5.142
-4.6161,-4.2943
-4.6161,-5.0586
-4.6161,-4.6679
-4.6161,-4.9899
-4.6161,-5.4535
-4.6161,-3.829
-4.6161,-4.8968
-4.6161,-4.4327
-4.6161,-4.2403
-4.6161,-5.3182
-4.6161,-4.0349
-4.4327,-5.0586
-4.4327,-4.9899
-4.4327,-4.8457
-4.4327,-4.0173
-4.4327,-3.829
-4.4327,-4.6161
-4.4327,-4.2403
-4.4327,-4.0349
-2.9568,-3.7473
-2.9568,-2.5052
-2.9568,-3.6998
-2.9568,-3.2051
-6.0533,-6.4889
-6.0533,-5.9509
-6.0533,-6.6477
-6.0533,-5.4322
-6.0533,-5.9201
-6.0533,-5.7121
-6.0533,-6.2934
-6.0533,-5.3749
-6.0533,-5.7665
-6.0533,-5.9926
-6.0533,-5.4087
-6.0533,-5.1376
-6.0533,-5.6564
-6.0533,-6.4282
-6.0533,-6.8438
-5.1376,-4.8505
-5.1376,-5.9509
-5.1376,-4.6992
-5.1376,-5.0645
-5.1376,-5.4322
-5.1376,-5.7121
-5.1376,-5.3712
-5.1376,-4.6464
-5.1376,-4.8063
-5.1376,-4.3404
-5.1376,-5.3749
-5.1376,-5.1228
-5.1376,-5.7665
-5.1376,-5.4087
-5.1376,-6.0533
-5.1376,-4.8527
-5.1376,-4.5693
-5.1376,-5.6564
-5.1376,-4.4195
-4.2403,-4.2943
-4.2403,-5.0586
-4.2403,-4.6679
-4.2403,-4.9899
-4.2403,-3.4923
-4.2403,-3.6875
-4.2403,-3.829
-4.2403,-4.8968
-4.2403,-3.2718
-4.2403,-4.6161
-4.2403,-4.4327
-4.2403,-4.0349
3.4585,4.3002
3.4585,3.2772
3.4585,4.1526
3.4585,2.836
3.4585,3.9356
3.4585,3.713
3.4585,3.9408
3.4585,3.4305
3.4585,3.8392
3.4585,3.1386
4.5153,4.7516
4.5153,4.413
4.5153,3.5854
4.5153,5.2619
4.5153,5.2364
4.5153,4.1877
4.5153,5.2504
4.5153,3.9891
4.5153,4.6525
4.5153,4.092
4.5153,3.9507
4.5153,4.9102
4.5153,4.281
4.5153,4.7073
4.5153,5.3569
4.5153,5.0037
3.8392,3.211
3.8392,4.5815
3.8392,3.0077
3.8392,4.1526
3.8392,3.5938
3.8392,4.2337
3.8392,3.8952
3.8392,4.3349
3.8392,3.9356
3.8392,4.4699
3.8392,4.7157
3.8392,3.713
3.8392,4.0207
3.8392,3.4305
3.8392,3.4585
3.8392,4.8331
3.8392,4.283
3.8392,3.1386
3.8392,4.6954
-4.8527,-4.8505
-4.8527,-4.6992
-4.8527,-4.0552
-4.8527,-4.1122
-4.8527,-4.2357
-4.8527,-4.0378
-4.8527,-5.0645
-4.8527,-5.4322
-4.8527,-4.8893
-4.8527,-4.57
-4.8527,-5.7121
-4.8527,-4.6464
-4.8527,-4.3404
-4.8527,-5.3749
-4.8527,-5.198
-4.8527,-5.1228
-4.8527,-5.4087
-4.8527,-5.1376
-4.8527,-4.5693
-4.8527,-5.6564
-4.8527,-4.4195
5.3569,5.6764
5.3569,4.7516
5.3569,5.2619
5.3569,5.2364
5.3569,5.9029
5.3569,5.2504
5.3569,4.6525
5.3569,4.9102
5.3569,4.5153
5.3569,5.8705
5.3569,6.1248
4.8331,5.1365
4.8331,5.1527
4.8331,4.8071
4.8331,4.5815
4.8331,5.6059
4.8331,4.1526
4.8331,5.0645
4.8331,5.3642
4.8331,4.2337
4.8331,4.3349
4.8331,4.4699
4.8331,4.7157
4.8331,5.2607
4.8331,4.0207
4.8331,3.8392
4.8331,4.283
4.8331,5.4989
4.8331,5.6519
4.8331,4.6954
4.8331,4.9046
4.283,5.1365
4.283,5.1527
4.283,4.413
4.283,4.5815
4.283,4.1526
4.283,3.5938
4.283,4.2337
4.283,3.8952
4.283,4.3349
4.283,4.4699
4.283,3.9891
4.283,4.7157
4.283,3.713
4.283,3.6011
4.283,4.0207
4.283,3.4305
4.283,4.7073
4.283,3.8392
4.283,4.8331
4.283,4.6954
4.283,4.9046
5.8705,5.6764
5.8705,5.2364
5.8705,5.9029
5.8705,5.2504
5.8705,6.0853
5.8705,6.4586
5.8705,4.9102
5.8705,5.3569
5.8705,6.1248
-4.5693,-4.8505
-4.5693,-4.0552
-4.5693,-4.2357
-4.5693,-5.4322
-4.5693,-5.2591
-4.5693,-4.543
-4.5693,-5.3712
-4.5693,-4.6464
-4.5693,-4.8063
-4.5693,-4.3404
-4.5693,-3.5647
-4.5693,-4.6224
-4.5693,-5.1228
-4.5693,-4.0654
-4.5693,-5.1376
-4.5693,-4.8527
-4.5693,-3.9929
-7.3006,-6.6477
-7.3006,-6.9809
-7.3006,-6.8438
3.1386,2.4975
3.1386,3.211
3.1386,3.2772
3.1386,3.0077
3.1386,3.5938
3.1386,2.836
3.1386,3.9356
3.1386,3.713
3.1386,3.4305
3.1386,3.4585
3.1386,3.8392
-5.6146,-5.0586
-5.6146,-4.9899
-5.6146,-5.4535
-5.6146,-6.2937
-5.6146,-5.6775
-5.6146,-6.0262
-2.6183,-2.5052
-2.6183,-3.0078
-2.6183,-3.4923
-2.6183,-3.2718
5.4989,5.1365
5.4989,5.1527
5.4989,4.8071
5.4989,5.801
5.4989,5.6059
5.4989,5.0645
5.4989,5.3642
5.4989,5.9717
5.4989,4.7157
5.4989,5.2882
5.4989,5.8858
5.4989,5.767
5.4989,6.3698
5.4989,4.8331
5.4989,6.2749
-6.2937,-5.4535
-6.2937,-5.6146
-6.2937,-5.6775
-6.2937,-6.0262
-5.3182,-5.6977
-5.3182,-5.0586
-5.3182,-4.6679
-5.3182,-5.4004
-5.3182,-5.4535
-5.3182,-4.9567
-5.3182,-4.8968
-5.3182,-4.6161
-5.3182,-6.0262
5.2091,4.637
5.2091,4.8071
5.2091,5.801
5.2091,4.8842
5.2091,5.7506
5.2091,5.0645
5.2091,5.2882
5.2091,5.767
5.2091,4.3447
6.1248,6.8034
6.1248,5.6764
6.1248,5.2619
6.1248,6.3477
6.1248,5.8343
6.1248,5.5631
6.1248,5.2504
6.1248,6.0853
6.1248,6.4586
6.1248,5.3569
6.1248,5.8705
-5.142,-5.2591
-5.142,-4.543
-5.142,-5.3712
-5.142,-4.8063
-5.142,-5.7142
-5.142,-4.6224
-5.142,-4.9861
-5.142,-5.7898
5.6519,5.1365
5.6519,5.6764
5.6519,5.1527
5.6519,5.2619
5.6519,6.3477
5.6519,5.6059
5.6519,5.8343
5.6519,5.5631
5.6519,5.3642
5.6519,5.9717
5.6519,6.0853
5.6519,6.3058
5.6519,5.2607
5.6519,5.8858
5.6519,6.3698
5.6519,4.8331
5.6519,4.6954
5.6519,5.0037
5.6519,4.9046
-5.6775,-4.9899
-5.6775,-4.8457
-5.6775,-5.6146
-5.6775,-6.2937
-5.6564,-5.9509
-5.6564,-4.6992
-5.6564,-6.2921
-5.6564,-5.0645
-5.6564,-5.4322
-5.6564,-5.9201
-5.6564,-5.7121
-5.6564,-6.2934
-5.6564,-5.3749
-5.6564,-5.198
-5.6564,-5.5629
-5.6564,-5.9926
-5.6564,-5.4087
-5.6564,-6.0533
-5.6564,-5.1376
-5.6564,-4.8527
-6.4282,-6.4889
-6.4282,-5.9509
-6.4282,-6.0084
-6.4282,-7.1262
-6.4282,-5.7121
-6.4282,-5.7665
-6.4282,-6.6277
-6.4282,-6.0533
-6.4282,-6.8438
-6.8438,-6.4889
-6.8438,-6.6477
-6.8438,-7.1262
-6.8438,-6.2934
-6.8438,-6.0533
-6.8438,-7.3006
-6.8438,-6.4282
-3.6425,-4.2943
-3.6425,-4.5375
-3.6425,-3.7473
-3.6425,-4.1055
-3.6425,-3.0078
-3.6425,-3.4923
-3.6425,-3.6875
-3.6425,-3.2051
-3.6425,-4.0349
6.2749,5.801
6.2749,5.6059
6.2749,5.9717
6.2749,6.8379
6.2749,5.767
6.2749,6.3698
6.2749,6.4809
6.2749,5.4989
-4.9238,-4.7112
-4.9238,-4.5375
-4.9238,-5.6141
-4.9238,-4.1055
-4.9238,-5.4004
-4.9238,-4.2843
-4.9238,-4.9567
-6.1273,-6.2921
-6.1273,-5.9201
-6.1273,-5.6931
-6.1273,-6.9809
-6.1273,-5.5629
-6.1273,-5.2609
-3.3373,-2.7754
-3.3373,-4.1122
-3.3373,-3.236
-3.3373,-3.7551
-3.3373,-4.0378
-3.3373,-3.4166
-3.3373,-3.7216
-3.3373,-3.0504
-3.3373,-3.7529
-5.2609,-4.4357
-5.2609,-4.8893
-5.2609,-4.8926
-5.2609,-5.6931
-5.2609,-5.198
-5.2609,-5.5629
-5.2609,-5.0096
-5.2609,-6.1273
4.6954,5.1365
4.6954,5.1527
4.6954,4.413
4.6954,4.5815
4.6954,5.6059
4.6954,4.1526
4.6954,5.0645
4.6954,5.3642
4.6954,4.2337
4.6954,3.8952
4.6954,4.3349
4.6954,4.4699
4.6954,4.7157
4.6954,5.2607
4.6954,4.0207
4.6954,4.7073
4.6954,3.8392
4.6954,4.8331
4.6954,4.283
4.6954,5.6519
4.6954,5.0037
4.6954,4.9046
-4.4195,-4.8505
-4.4195,-4.6992
-4.4195,-4.0552
-4.4195,-4.1122
-4.4195,-3.7551
-4.4195,-4.2357
-4.4195,-4.0378
-4.4195,-5.0645
-4.4195,-4.8893
-4.4195,-4.57
-4.4195,-3.4166
-4.4195,-4.6464
-4.4195,-4.3404
-4.4195,-5.3749
-4.4195,-5.198
-4.4195,-3.7216
-4.4195,-3.7118
-4.4195,-4.3012
-4.4195,-5.1376
-4.4195,-4.8527
4.9455,5.2364
4.9455,5.9029
4.9455,4.1877
4.9455,4.6525
-4.0349,-4.2943
-4.0349,-4.6679
-4.0349,-4.1055
-4.0349,-3.4923
-4.0349,-3.6875
-4.0349,-3.829
-4.0349,-4.8968
-4.0349,-3.2718
-4.0349,-4.6161
-4.0349,-4.4327
-4.0349,-4.2403
-4.0349,-3.6425
-6.0262,-5.6977
-6.0262,-5.4535
-6.0262,-5.6146
-6.0262,-6.2937
-6.0262,-5.3182
-3.347,-3.4923
-3.347,-4.0173
-3.347,-3.829
-3.347,-3.2718
5.0037,5.1365
5.0037,5.6764
5.0037,4.7516
5.0037,4.413
5.0037,4.5815
5.0037,5.2619
5.0037,5.8343
5.0037,5.5631
5.0037,5.3642
5.0037,4.2337
5.0037,5.2504
5.0037,5.2607
5.0037,4.9102
5.0037,4.281
5.0037,4.7073
5.0037,4.5153
5.0037,5.6519
5.0037,4.6954
5.0037,4.9046
4.3447,4.3002
4.3447,4.637
4.3447,4.8071
4.3447,4.8842
4.3447,3.9356
4.3447,3.9408
4.3447,3.5124
4.3447,5.2091
-3.7529,-4.4357
-3.7529,-4.0626
-3.7529,-4.1122
-3.7529,-3.236
-3.7529,-3.7551
-3.7529,-4.57
-3.7529,-4.3012
-3.7529,-3.3373
-3.9929,-4.8505
-3.9929,-3.2909
-3.9929,-4.0552
-3.9929,-4.2357
-3.9929,-3.471
-3.9929,-4.6464
-3.9929,-4.8063
-3.9929,-4.3404
-3.9929,-3.5647
-3.9929,-4.6224
-3.9929,-3.7118
-3.9929,-4.0654
-3.9929,-4.5693
4.9046,5.1365
4.9046,4.7516
4.9046,5.1527
4.9046,4.413
4.9046,4.5815
4.9046,5.2619
4.9046,5.6059
4.9046,5.8343
4.9046,5.5631
4.9046,5.3642
4.9046,4.2337
4.9046,4.3349
4.9046,4.7157
4.9046,5.2607
4.9046,4.0207
4.9046,4.7073
4.9046,4.8331
4.9046,4.283
4.9046,5.6519
4.9046,4.6954
4.9046,5.0037
-2.4114,-2.7754
-2.4114,-3.2909
-2.4114,-2.8977
-2.4114,-3.0504
