5.3837,5.2874
5.3837,4.7617
5.3837,4.8804
5.3837,5.6091
5.3837,5.7792
5.3837,6.1672
5.3837,5.1887
5.3837,5.9184
5.3837,5.5991
5.3837,4.5393
5.3837,4.4845
5.3837,4.8468
5.3837,5.6045
5.3837,6.1164
5.3837,5.0516
5.3837,5.0072
5.3837,4.5324
5.3837,5.6014
5.3837,5.9312
5.3837,4.8936
5.3837,5.3764
5.3837,5.1912
-3.4099,-4.3526
-3.4099,-3.3686
-3.4099,-2.653
-3.4099,-3.9642
-5.0544,-5.237
-5.0544,-4.5383
-5.0544,-5.1687
-5.0544,-4.3609
-5.0544,-4.389
-5.0544,-4.8922
-5.0544,-5.593
-3.9028,-3.8018
-3.9028,-4.0569
-3.9028,-3.4739
-3.9028,-3.3801
-3.9028,-3.3714
-3.9028,-4.3609
-3.9028,-4.389
-3.9028,-4.5764
-3.9028,-4.204
-3.9028,-3.1588
-3.9028,-3.8806
3.3295,3.517
3.3295,3.9958
3.3295,3.765
3.3295,3.168
3.3295,3.8098
3.3295,3.271
3.3295,2.6696
3.3295,4.2182
3.3295,4.3361
3.3295,3.9079
4.4078,4.6801
4.4078,4.9027
4.4078,4.2596
4.4078,5.1887
4.4078,4.4845
4.4078,4.0641
4.4078,4.5588
4.4078,4.8468
4.4078,5.3069
4.4078,3.8376
4.4078,3.9518
4.4078,3.5931
4.4078,5.1739
4.4078,4.3434
2.6864,3.168
2.6864,2.6696
2.6864,2.9705
2.6864,3.6087
2.6864,3.303
-3.8018,-3.9028
-3.8018,-3.0023
-3.8018,-4.0569
-3.8018,-3.4739
-3.8018,-4.5383
-3.8018,-3.3686
-3.8018,-4.3609
-3.8018,-4.389
-3.8018,-3.1588
-3.8018,-3.9642
7.1652,7.1984
7.1652,6.642
7.1652,6.4399
7.1652,6.8942
7.1652,6.5635
7.1652,6.5316
3.517,3.3295
3.517,3.765
3.517,3.168
3.517,3.8098
3.517,2.6696
3.517,4.2182
3.517,4.3361
3.517,3.9079
3.517,4.2591
3.517,3.6087
3.517,4.0318
3.517,3.303
6.0361,5.1576
6.0361,5.6091
6.0361,6.642
6.0361,6.1672
6.0361,5.9184
6.0361,5.6808
6.0361,6.4399
6.0361,6.8942
6.0361,5.6045
6.0361,5.3258
6.0361,5.7205
6.0361,6.2482
6.0361,6.5316
6.0361,5.3764
-5.237,-5.0544
-5.237,-4.3526
-5.237,-4.5383
-3.0023,-3.8018
-3.0023,-3.4739
-3.0023,-3.3686
-3.0023,-3.3714
-3.0023,-2.653
-3.0023,-2.6689
-3.0023,-2.2082
-3.0023,-3.1588
-3.5486,-3.004
-3.5486,-3.5712
-3.5486,-3.1934
-3.5486,-4.1652
-3.5486,-3.6592
-3.5486,-3.9489
-3.5486,-3.6104
-3.5486,-4.1044
-3.5486,-4.1995
-3.5486,-3.0787
-4.7126,-3.9565
-4.7126,-4.2731
-4.7126,-4.6017
-4.7126,-5.2514
-4.7126,-5.4891
-4.7126,-5.4084
-4.7126,-4.4276
-4.7126,-4.9286
-4.7126,-4.111
-4.7126,-5.09
-4.7126,-4.7783
-4.7126,-5.0664
-4.7126,-5.662
-4.7126,-4.885
-4.7126,-4.5165
-4.7126,-4.6128
-4.7126,-4.0845
-4.7126,-4.1256
5.1576,6.0361
5.1576,4.7617
5.1576,4.8804
5.1576,5.6091
5.1576,5.9184
5.1576,4.5393
5.1576,5.6808
5.1576,4.3361
5.1576,5.1287
5.1576,5.6045
5.1576,4.5601
5.1576,4.3077
5.1576,5.3258
5.1576,4.6749
5.1576,5.0516
5.1576,4.9196
5.1576,5.7205
5.1576,5.3764
5.1576,5.1912
3.3393,2.9705
3.3393,4.0641
3.3393,3.8376
3.3393,3.9518
3.3393,3.5332
3.3393,3.5931
3.3393,3.303
-2.3121,-2.4801
-2.3121,-3.1059
-2.3121,-2.937
-2.3121,-2.8529
-2.3121,-2.4791
5.2874,5.3837
5.2874,4.9027
5.2874,5.8682
5.2874,4.8804
5.2874,5.7792
5.2874,5.1887
5.2874,5.5991
5.2874,6.094
5.2874,4.4845
5.2874,4.5588
5.2874,4.8468
5.2874,5.3069
5.2874,5.6045
5.2874,6.1164
5.2874,5.0072
5.2874,4.5324
5.2874,5.6014
5.2874,5.9312
5.2874,4.8936
5.2874,5.1912
-3.3093,-3.9565
-3.3093,-4.2731
-3.3093,-3.6781
-3.3093,-3.1059
-3.3093,-3.1348
-3.3093,-3.7456
-3.3093,-3.4896
-3.3093,-3.6261
-3.3093,-2.937
-3.3093,-4.1256
-3.3093,-2.4791
-4.9995,-5.073
-4.9995,-5.1687
-4.9995,-5.1276
-4.9995,-4.389
-4.9995,-4.5764
-4.9995,-4.5205
-4.9995,-4.204
-4.9995,-5.5472
-4.9995,-4.8922
-4.0569,-3.9028
-4.0569,-3.8018
-4.0569,-3.4739
-4.0569,-4.5383
-4.0569,-3.3686
-4.0569,-3.3714
-4.0569,-4.3609
-4.0569,-4.389
-4.0569,-4.5764
-4.0569,-4.204
-4.0569,-4.8922
-4.0569,-3.1588
-4.0569,-3.9642
-4.0569,-3.8806
-6.1909,-5.8308
-6.1909,-5.9276
-6.1909,-6.0972
-6.1909,-6.8706
-6.1909,-5.4891
-6.1909,-5.7232
-6.1909,-5.662
-6.1909,-5.2886
-6.1909,-5.716
-6.1909,-6.2992
-6.1909,-6.3577
-5.8308,-6.1909
-5.8308,-6.0972
-5.8308,-5.2514
-5.8308,-5.4891
-5.8308,-5.4084
-5.8308,-5.7232
-5.8308,-5.09
-5.8308,-5.8707
-5.8308,-5.0664
-5.8308,-5.662
-5.8308,-6.6793
-5.8308,-5.716
-5.8308,-4.885
-5.8308,-5.1828
-5.8308,-6.2992
4.7617,5.3837
4.7617,5.1576
4.7617,4.8804
4.7617,5.6091
4.7617,4.5393
4.7617,4.2182
4.7617,4.3361
4.7617,5.6045
4.7617,4.3077
4.7617,5.3258
4.7617,3.9079
4.7617,4.6749
4.7617,4.2591
4.7617,5.0516
4.7617,4.9196
4.7617,4.5324
4.7617,4.8936
4.7617,5.3764
4.7617,5.1912
-4.1956,-3.5712
-4.1956,-3.1934
-4.1956,-3.6778
-4.1956,-4.6017
-4.1956,-4.1652
-4.1956,-3.9489
-4.1956,-4.4276
-4.1956,-4.111
-4.1956,-5.09
-4.1956,-4.5029
-4.1956,-4.7869
-4.1956,-3.6104
-4.1956,-4.1044
-4.1956,-4.8085
-4.1956,-4.885
-4.1956,-4.5165
-4.1956,-5.1828
-4.1956,-4.0845
-2.2319,-2.7695
-2.2319,-2.6689
-2.2319,-2.2082
-2.2319,-2.5042
-2.2319,-3.1588
3.9958,3.3295
3.9958,3.7942
3.9958,3.765
3.9958,3.271
3.9958,4.3361
3.9958,4.5601
3.9958,4.3077
3.9958,3.9079
3.9958,4.6749
3.9958,4.9196
-4.4003,-4.8871
-4.4003,-3.6781
-4.4003,-4.7783
-4.4003,-4.3192
4.6801,4.4078
4.6801,4.9027
4.6801,4.7667
4.6801,5.1887
4.6801,4.0641
4.6801,4.5588
4.6801,5.3069
4.6801,3.9518
4.6801,5.1739
4.6801,4.3434
-5.9276,-6.1909
-5.9276,-5.4357
-5.9276,-5.2143
-5.9276,-5.7232
-5.9276,-5.8056
-5.9276,-5.2886
-5.9276,-5.716
-5.9276,-6.533
-5.9276,-5.1828
-5.9276,-6.3577
3.7942,3.9958
3.7942,3.271
3.7942,4.5848
3.7942,4.5601
3.7942,4.3077
-3.004,-3.5486
-3.004,-3.6592
-3.004,-3.6104
-3.004,-3.0787
-3.9565,-4.7126
-3.9565,-3.3093
-3.9565,-4.2731
-3.9565,-3.6778
-3.9565,-3.1059
-3.9565,-4.4276
-3.9565,-4.111
-3.9565,-3.7456
-3.9565,-3.4896
-3.9565,-3.6261
-3.9565,-4.5165
-3.9565,-4.6128
-3.9565,-4.0845
-3.9565,-4.1256
4.9027,4.4078
4.9027,5.2874
4.9027,4.6801
4.9027,5.8682
4.9027,4.2596
4.9027,5.1887
4.9027,4.4845
4.9027,4.0641
4.9027,4.5588
4.9027,4.8468
4.9027,5.3069
4.9027,5.7469
4.9027,5.0072
4.9027,5.6014
4.9027,5.1739
4.9027,4.3434
5.8682,5.2874
5.8682,4.9027
5.8682,5.7792
5.8682,5.1887
5.8682,6.094
5.8682,5.3069
5.8682,6.1164
5.8682,5.7469
5.8682,6.5253
5.8682,6.4015
5.8682,5.6014
5.8682,5.1739
5.8682,6.3657
3.765,3.3295
3.765,3.517
3.765,3.9958
3.765,3.8098
3.765,3.271
3.765,4.5393
3.765,4.2182
3.765,4.3361
3.765,4.3077
3.765,3.9079
3.765,4.6749
4.7667,4.6801
4.7667,5.5873
4.7667,5.1739
4.7667,4.3434
4.8804,5.3837
4.8804,5.1576
4.8804,5.2874
4.8804,4.7617
4.8804,5.6091
4.8804,5.5991
4.8804,4.5393
4.8804,4.2182
4.8804,4.4845
4.8804,4.3361
4.8804,4.8468
4.8804,5.6045
4.8804,4.6749
4.8804,4.2591
4.8804,5.0516
4.8804,5.0072
4.8804,4.5324
4.8804,4.8936
4.8804,5.3764
4.8804,5.1912
-5.4357,-5.9276
-5.4357,-5.2143
-5.4357,-5.7232
-5.4357,-4.7052
-5.4357,-5.8056
-5.4357,-4.7869
-5.4357,-5.2886
-5.4357,-4.8085
-5.4357,-4.9631
3.168,3.3295
3.168,2.6864
3.168,3.517
3.168,3.8098
3.168,2.6696
3.168,3.9079
3.168,3.6087
3.168,4.0318
3.168,3.303
-3.5712,-3.5486
-3.5712,-4.1956
-3.5712,-3.1934
-3.5712,-3.6778
-3.5712,-4.1652
-3.5712,-3.9489
-3.5712,-3.1059
-3.5712,-4.111
-3.5712,-3.4896
-3.5712,-3.6261
-3.5712,-3.6104
-3.5712,-4.5165
-3.5712,-2.8529
-3.5712,-4.0845
-3.5712,-3.0787
5.5873,4.7667
5.5873,5.3069
5.5873,5.7469
5.5873,6.4015
5.5873,5.1739
7.1984,7.1652
7.1984,6.642
7.1984,6.9968
7.1984,6.5635
7.1984,6.5253
-2.4801,-2.3121
-2.4801,-3.1934
-2.4801,-2.8529
-2.4801,-3.0787
5.6091,5.3837
5.6091,6.0361
5.6091,5.1576
5.6091,4.7617
5.6091,4.8804
5.6091,6.1672
5.6091,5.9184
5.6091,5.6808
5.6091,6.4399
5.6091,5.6045
5.6091,5.3258
5.6091,4.6749
5.6091,5.0516
5.6091,4.9196
5.6091,5.7205
5.6091,6.2482
5.6091,6.5316
5.6091,5.9312
5.6091,5.3764
5.6091,5.1912
-6.0972,-6.1909
-6.0972,-5.8308
-6.0972,-5.2514
-6.0972,-5.4413
-6.0972,-5.4891
-6.0972,-5.4084
-6.0972,-6.6182
-6.0972,-5.8707
-6.0972,-5.662
-6.0972,-6.6793
-6.0972,-6.078
-6.0972,-6.2992
-5.073,-4.9995
-5.073,-5.1687
-5.073,-5.1276
-5.073,-4.5764
-5.073,-4.5205
-5.073,-4.204
-5.073,-5.5472
-5.073,-5.9725
-4.3526,-3.4099
-4.3526,-5.237
-4.3526,-4.5383
-4.3526,-3.9642
-3.1934,-3.5486
-3.1934,-4.1956
-3.1934,-3.5712
-3.1934,-2.4801
-3.1934,-3.6778
-3.1934,-3.9489
-3.1934,-3.1059
-3.1934,-3.4896
-3.1934,-3.6104
-3.1934,-2.8529
-3.1934,-4.0845
-3.1934,-3.0787
6.642,7.1652
6.642,6.0361
6.642,7.1984
6.642,6.1672
6.642,5.9184
6.642,6.4399
6.642,6.5635
6.642,6.1164
6.642,6.5253
6.642,6.5316
6.642,5.9312
-3.4739,-3.9028
-3.4739,-3.8018
-3.4739,-3.0023
-3.4739,-4.0569
-3.4739,-3.3686
-3.4739,-3.3714
-3.4739,-4.3609
-3.4739,-4.389
-3.4739,-2.6689
-3.4739,-3.1588
-3.4739,-3.8806
5.7792,5.3837
5.7792,5.2874
5.7792,5.8682
5.7792,6.1672
5.7792,5.1887
5.7792,5.5991
5.7792,6.094
5.7792,6.5635
5.7792,4.8468
5.7792,5.3069
5.7792,5.6045
5.7792,6.1164
5.7792,6.5253
5.7792,5.0072
5.7792,5.6014
5.7792,5.9312
5.7792,6.3657
5.7792,4.8936
5.7792,5.1912
-6.8706,-6.1909
-6.8706,-6.6793
-6.8706,-6.2992
-6.8706,-6.3577
-4.2731,-4.7126
-4.2731,-3.3093
-4.2731,-3.9565
-4.2731,-4.4276
-4.2731,-4.9286
-4.2731,-4.111
-4.2731,-3.7456
-4.2731,-4.7783
-4.2731,-3.4896
-4.2731,-3.6261
-4.2731,-5.0664
-4.2731,-4.3192
-4.2731,-4.885
-4.2731,-4.5165
-4.2731,-4.6128
-4.2731,-4.0845
-4.2731,-4.1256
-3.6778,-4.1956
-3.6778,-3.9565
-3.6778,-3.5712
-3.6778,-3.1934
-3.6778,-4.6017
-3.6778,-3.9489
-3.6778,-3.1059
-3.6778,-4.4276
-3.6778,-4.111
-3.6778,-3.4896
-3.6778,-3.6261
-3.6778,-3.6104
-3.6778,-4.5165
-3.6778,-2.8529
-3.6778,-4.0845
5.7661,6.4456
5.7661,5.6808
5.7661,5.1287
5.7661,5.3258
5.7661,5.7205
5.7661,6.2482
5.7661,5.4916
-4.5383,-5.0544
-4.5383,-3.8018
-4.5383,-5.237
-4.5383,-4.0569
-4.5383,-4.3526
-4.5383,-4.3609
-4.5383,-4.389
-4.5383,-4.8922
-4.5383,-3.9642
4.2596,4.4078
4.2596,4.9027
4.2596,5.1887
4.2596,4.4845
4.2596,4.0641
4.2596,4.5588
4.2596,4.8468
4.2596,3.8376
4.2596,3.9518
4.2596,4.2591
4.2596,3.6087
4.2596,3.5931
4.2596,4.0318
4.2596,5.0072
4.2596,4.5324
4.2596,3.303
4.2596,4.8936
3.8098,3.3295
3.8098,3.517
3.8098,3.765
3.8098,3.168
3.8098,4.5393
3.8098,4.2182
3.8098,4.4845
3.8098,4.3361
3.8098,3.8376
3.8098,3.9079
3.8098,4.2591
3.8098,3.6087
3.8098,4.0318
3.8098,4.5324
3.8098,3.303
6.4456,5.7661
6.4456,6.8942
6.4456,5.7205
6.4456,6.2482
-2.7695,-2.2319
-2.7695,-3.3801
-2.7695,-3.3714
-2.7695,-3.1795
-2.7695,-2.6689
-2.7695,-2.5042
-2.7695,-3.1588
6.1672,5.3837
6.1672,6.0361
6.1672,5.6091
6.1672,6.642
6.1672,5.7792
6.1672,5.9184
6.1672,5.5991
6.1672,6.4399
6.1672,6.5635
6.1672,5.6045
6.1672,6.1164
6.1672,6.5316
6.1672,5.9312
6.1672,5.3764
6.1672,5.1912
-5.1687,-5.0544
-5.1687,-4.9995
-5.1687,-5.073
-5.1687,-4.389
-5.1687,-4.5764
-5.1687,-5.5472
-5.1687,-5.9899
-5.1687,-4.8922
-5.1687,-5.593
3.271,3.3295
3.271,3.9958
3.271,3.7942
3.271,3.765
3.271,3.9079
5.1887,5.3837
5.1887,4.4078
5.1887,5.2874
5.1887,4.6801
5.1887,4.9027
5.1887,5.8682
5.1887,5.7792
5.1887,4.2596
5.1887,5.5991
5.1887,6.094
5.1887,4.4845
5.1887,4.5588
5.1887,4.8468
5.1887,5.3069
5.1887,5.7469
5.1887,5.0072
5.1887,5.6014
5.1887,5.1739
5.1887,4.8936
-4.6017,-4.7126
-4.6017,-4.1956
-4.6017,-3.6778
-4.6017,-5.2514
-4.6017,-4.1652
-4.6017,-5.2143
-4.6017,-3.9489
-4.6017,-5.4891
-4.6017,-4.4276
-4.6017,-4.111
-4.6017,-5.09
-4.6017,-4.5029
-4.6017,-4.7869
-4.6017,-5.2886
-4.6017,-4.8085
-4.6017,-4.885
-4.6017,-4.5165
-4.6017,-5.1828
-4.6017,-4.0845
5.9184,5.3837
5.9184,6.0361
5.9184,5.1576
5.9184,5.6091
5.9184,6.642
5.9184,6.1672
5.9184,5.5991
5.9184,5.6808
5.9184,6.4399
5.9184,6.5635
5.9184,5.6045
5.9184,6.1164
5.9184,5.0516
5.9184,6.5316
5.9184,5.9312
5.9184,5.3764
5.9184,5.1912
-3.3686,-3.4099
-3.3686,-3.8018
-3.3686,-3.0023
-3.3686,-4.0569
-3.3686,-3.4739
-3.3686,-2.653
-3.3686,-3.9642
-5.2514,-4.7126
-5.2514,-5.8308
-5.2514,-6.0972
-5.2514,-4.6017
-5.2514,-5.4413
-5.2514,-5.4891
-5.2514,-5.4084
-5.2514,-4.4276
-5.2514,-4.9286
-5.2514,-5.09
-5.2514,-5.8707
-5.2514,-5.0664
-5.2514,-5.662
-5.2514,-5.716
-5.2514,-4.885
-5.2514,-4.5165
-5.2514,-4.6128
-5.2514,-5.1828
-5.4413,-6.0972
-5.4413,-5.2514
-5.4413,-4.8871
-5.4413,-5.4084
-5.4413,-4.9286
-5.4413,-5.8707
-5.4413,-4.7783
-5.4413,-5.6109
-5.4413,-5.0664
-5.4413,-5.662
-5.4413,-6.078
-5.4413,-4.6128
-5.4413,-5.4142
5.5991,5.3837
5.5991,5.2874
5.5991,4.8804
5.5991,5.7792
5.5991,6.1672
5.5991,5.1887
5.5991,5.9184
5.5991,6.094
5.5991,6.5635
5.5991,4.8468
5.5991,5.6045
5.5991,6.1164
5.5991,5.0072
5.5991,5.6014
5.5991,5.9312
5.5991,4.8936
5.5991,5.3764
5.5991,5.1912
-5.1276,-4.9995
-5.1276,-5.073
-5.1276,-4.2787
-5.1276,-4.5205
-3.3801,-3.9028
-3.3801,-2.7695
-3.3801,-3.3714
-3.3801,-3.902
-3.3801,-3.1795
-3.3801,-4.204
-3.3801,-2.5042
-3.3801,-3.1588
-3.3801,-3.8806
-3.3801,-3.5344
-4.8871,-4.4003
-4.8871,-5.4413
-4.8871,-4.9286
-4.8871,-4.7783
-4.8871,-5.6109
-4.8871,-4.3192
-4.8871,-5.4142
2.6696,3.3295
2.6696,2.6864
2.6696,3.517
2.6696,3.168
4.5393,5.3837
4.5393,5.1576
4.5393,4.7617
4.5393,3.765
4.5393,4.8804
4.5393,3.8098
4.5393,4.2182
4.5393,4.4845
4.5393,4.3361
4.5393,4.3077
4.5393,3.9079
4.5393,4.6749
4.5393,4.2591
4.5393,5.0516
4.5393,4.0318
4.5393,5.0072
4.5393,4.5324
4.5393,4.8936
4.5393,5.3764
4.5393,5.1912
4.5848,3.7942
4.5848,5.1287
4.5848,4.5601
4.5848,5.4916
6.094,5.2874
6.094,5.8682
6.094,5.7792
6.094,5.1887
6.094,5.5991
6.094,6.9968
6.094,6.5635
6.094,5.3069
6.094,6.1164
6.094,5.7469
6.094,6.5253
6.094,5.6014
6.094,5.9312
6.094,6.3657
4.2182,3.3295
4.2182,3.517
4.2182,4.7617
4.2182,3.765
4.2182,4.8804
4.2182,3.8098
4.2182,4.5393
4.2182,4.4845
4.2182,4.3361
4.2182,4.3077
4.2182,3.9079
4.2182,4.6749
4.2182,4.2591
4.2182,3.6087
4.2182,5.0516
4.2182,4.0318
4.2182,4.5324
4.2182,4.8936
4.2182,5.1912
4.4845,5.3837
4.4845,4.4078
4.4845,5.2874
4.4845,4.9027
4.4845,4.8804
4.4845,4.2596
4.4845,3.8098
4.4845,5.1887
4.4845,4.5393
4.4845,4.2182
4.4845,4.0641
4.4845,4.5588
4.4845,4.8468
4.4845,3.8376
4.4845,4.2591
4.4845,3.6087
4.4845,4.0318
4.4845,5.0072
4.4845,4.5324
4.4845,4.8936
4.4845,5.1912
5.6808,6.0361
5.6808,5.1576
5.6808,5.6091
5.6808,5.7661
5.6808,5.9184
5.6808,6.4399
5.6808,5.1287
5.6808,5.6045
5.6808,5.3258
5.6808,5.0516
5.6808,4.9196
5.6808,5.7205
5.6808,6.2482
5.6808,6.5316
5.6808,5.3764
-4.1652,-3.5486
-4.1652,-4.1956
-4.1652,-3.5712
-4.1652,-4.6017
-4.1652,-3.9489
-4.1652,-4.7052
-4.1652,-4.5029
-4.1652,-4.7869
-4.1652,-3.6104
-4.1652,-4.1044
-4.1652,-4.8085
-4.1652,-4.1995
-4.1652,-4.0845
-5.2143,-5.9276
-5.2143,-5.4357
-5.2143,-4.6017
-5.2143,-5.7232
-5.2143,-4.7052
-5.2143,-4.5029
-5.2143,-4.7869
-5.2143,-5.2886
-5.2143,-4.8085
-5.2143,-5.716
-5.2143,-5.1828
-5.2143,-4.9631
-3.6592,-3.5486
-3.6592,-3.004
-3.6592,-4.1044
-3.6592,-4.1995
-3.3714,-3.9028
-3.3714,-3.0023
-3.3714,-4.0569
-3.3714,-3.4739
-3.3714,-2.7695
-3.3714,-3.3801
-3.3714,-3.902
-3.3714,-3.1795
-3.3714,-2.6689
-3.3714,-4.204
-3.3714,-3.1588
-3.3714,-3.8806
6.9968,7.1984
6.9968,6.094
6.9968,6.5253
6.9968,6.3657
-3.9489,-3.5486
-3.9489,-4.1956
-3.9489,-3.5712
-3.9489,-3.1934
-3.9489,-3.6778
-3.9489,-4.6017
-3.9489,-4.1652
-3.9489,-4.111
-3.9489,-4.5029
-3.9489,-4.7869
-3.9489,-3.6104
-3.9489,-4.1044
-3.9489,-4.8085
-3.9489,-4.5165
-3.9489,-4.0845
-3.9489,-3.0787
-4.2787,-5.1276
-4.2787,-3.902
-4.2787,-4.5205
-4.2787,-3.5344
-3.6781,-3.3093
-3.6781,-4.4003
-3.6781,-3.1348
-3.6781,-3.7456
-3.6781,-4.3192
-3.6781,-4.1256
6.4399,7.1652
6.4399,6.0361
6.4399,5.6091
6.4399,6.642
6.4399,6.1672
6.4399,5.9184
6.4399,5.6808
6.4399,6.8942
6.4399,6.5635
6.4399,5.6045
6.4399,6.2482
6.4399,6.5316
6.4399,5.9312
-3.902,-3.3801
-3.902,-3.3714
-3.902,-4.2787
-3.902,-3.1795
-3.902,-4.5205
-3.902,-4.204
-3.902,-3.8806
-3.902,-3.5344
-5.4891,-4.7126
-5.4891,-6.1909
-5.4891,-5.8308
-5.4891,-6.0972
-5.4891,-4.6017
-5.4891,-5.2514
-5.4891,-5.4084
-5.4891,-5.7232
-5.4891,-5.09
-5.4891,-5.0664
-5.4891,-5.662
-5.4891,-5.2886
-5.4891,-4.8085
-5.4891,-5.716
-5.4891,-4.885
-5.4891,-4.5165
-5.4891,-5.1828
-5.4891,-6.2992
-5.4084,-4.7126
-5.4084,-5.8308
-5.4084,-6.0972
-5.4084,-5.2514
-5.4084,-5.4413
-5.4084,-5.4891
-5.4084,-4.9286
-5.4084,-5.8707
-5.4084,-4.7783
-5.4084,-5.0664
-5.4084,-5.662
-5.4084,-6.078
-5.4084,-4.885
-5.4084,-4.6128
-5.4084,-5.4142
2.9705,2.6864
2.9705,3.3393
2.9705,3.8376
2.9705,3.5931
2.9705,3.303
-3.1059,-2.3121
-3.1059,-3.3093
-3.1059,-3.9565
-3.1059,-3.5712
-3.1059,-3.1934
-3.1059,-3.6778
-3.1059,-4.111
-3.1059,-3.4896
-3.1059,-3.6261
-3.1059,-2.937
-3.1059,-2.8529
4.0641,4.4078
4.0641,3.3393
4.0641,4.6801
4.0641,4.9027
4.0641,4.2596
4.0641,4.4845
4.0641,4.5588
4.0641,4.8468
4.0641,3.8376
4.0641,3.9518
4.0641,3.5931
4.0641,4.0318
4.0641,3.303
4.0641,4.3434
-4.4276,-4.7126
-4.4276,-4.1956
-4.4276,-3.9565
-4.4276,-4.2731
-4.4276,-3.6778
-4.4276,-4.6017
-4.4276,-5.2514
-4.4276,-4.9286
-4.4276,-4.111
-4.4276,-5.09
-4.4276,-3.4896
-4.4276,-3.6261
-4.4276,-5.0664
-4.4276,-4.885
-4.4276,-4.5165
-4.4276,-4.6128
-4.4276,-4.0845
-4.4276,-4.1256
4.5588,4.4078
4.5588,5.2874
4.5588,4.6801
4.5588,4.9027
4.5588,4.2596
4.5588,5.1887
4.5588,4.4845
4.5588,4.0641
4.5588,4.8468
4.5588,5.3069
4.5588,3.8376
4.5588,3.9518
4.5588,4.2591
4.5588,3.5931
4.5588,4.0318
4.5588,5.0072
4.5588,4.5324
4.5588,4.8936
4.3361,3.3295
4.3361,3.517
4.3361,5.1576
4.3361,4.7617
4.3361,3.9958
4.3361,3.765
4.3361,4.8804
4.3361,3.8098
4.3361,4.5393
4.3361,4.2182
4.3361,4.5601
4.3361,4.3077
4.3361,3.9079
4.3361,4.6749
4.3361,4.2591
4.3361,5.0516
4.3361,4.9196
4.3361,4.5324
5.1287,5.1576
5.1287,5.7661
5.1287,4.5848
5.1287,5.6808
5.1287,4.5601
5.1287,5.3258
5.1287,4.6749
5.1287,4.9196
5.1287,5.7205
5.1287,5.4916
-5.7232,-6.1909
-5.7232,-5.8308
-5.7232,-5.9276
-5.7232,-5.4357
-5.7232,-5.2143
-5.7232,-5.4891
-5.7232,-5.09
-5.7232,-5.2886
-5.7232,-4.8085
-5.7232,-5.716
-5.7232,-5.1828
-5.7232,-6.3577
-4.7052,-5.4357
-4.7052,-4.1652
-4.7052,-5.2143
-4.7052,-4.5029
-4.7052,-4.7869
-4.7052,-4.1044
-4.7052,-4.8085
-4.7052,-4.9631
-4.7052,-4.1995
-6.6182,-6.0972
-6.6182,-5.8707
-6.6182,-6.6793
-6.6182,-6.078
-4.9286,-4.7126
-4.9286,-4.2731
-4.9286,-5.2514
-4.9286,-5.4413
-4.9286,-4.8871
-4.9286,-5.4084
-4.9286,-4.4276
-4.9286,-5.8707
-4.9286,-4.7783
-4.9286,-5.0664
-4.9286,-5.662
-4.9286,-4.3192
-4.9286,-4.885
-4.9286,-4.6128
-4.9286,-5.4142
-4.9286,-4.1256
6.8942,7.1652
6.8942,6.0361
6.8942,6.4456
6.8942,6.4399
6.8942,6.2482
6.8942,6.5316
6.5635,7.1652
6.5635,7.1984
6.5635,6.642
6.5635,5.7792
6.5635,6.1672
6.5635,5.9184
6.5635,5.5991
6.5635,6.094
6.5635,6.4399
6.5635,6.1164
6.5635,6.5253
6.5635,5.9312
-4.111,-4.7126
-4.111,-4.1956
-4.111,-3.9565
-4.111,-3.5712
-4.111,-4.2731
-4.111,-3.6778
-4.111,-4.6017
-4.111,-3.9489
-4.111,-3.1059
-4.111,-4.4276
-4.111,-3.4896
-4.111,-3.6261
-4.111,-4.885
-4.111,-4.5165
-4.111,-4.6128
-4.111,-4.0845
-4.111,-4.1256
-3.1348,-3.3093
-3.1348,-3.6781
-3.1348,-3.7456
-3.1348,-2.937
-3.1348,-2.4791
4.8468,5.3837
4.8468,4.4078
4.8468,5.2874
4.8468,4.9027
4.8468,4.8804
4.8468,5.7792
4.8468,4.2596
4.8468,5.1887
4.8468,5.5991
4.8468,4.4845
4.8468,4.0641
4.8468,4.5588
4.8468,5.3069
4.8468,3.8376
4.8468,4.2591
4.8468,4.0318
4.8468,5.0072
4.8468,4.5324
4.8468,5.6014
4.8468,4.8936
4.8468,5.1912
-5.8056,-5.9276
-5.8056,-5.4357
-5.8056,-6.533
-5.8056,-4.9631
5.3069,4.4078
5.3069,5.2874
5.3069,4.6801
5.3069,4.9027
5.3069,5.8682
5.3069,5.5873
5.3069,5.7792
5.3069,5.1887
5.3069,6.094
5.3069,4.5588
5.3069,4.8468
5.3069,5.7469
5.3069,5.6014
5.3069,5.1739
-3.7456,-3.3093
-3.7456,-3.9565
-3.7456,-4.2731
-3.7456,-3.6781
-3.7456,-3.1348
-3.7456,-3.6261
-3.7456,-2.937
-3.7456,-4.3192
-3.7456,-4.6128
-3.7456,-4.1256
-4.3609,-5.0544
-4.3609,-3.9028
-4.3609,-3.8018
-4.3609,-4.0569
-4.3609,-3.4739
-4.3609,-4.5383
-4.3609,-4.389
-4.3609,-4.5764
-4.3609,-4.8922
-4.3609,-3.9642
-5.09,-4.7126
-5.09,-5.8308
-5.09,-4.1956
-5.09,-4.6017
-5.09,-5.2514
-5.09,-5.4891
-5.09,-4.4276
-5.09,-5.7232
-5.09,-4.5029
-5.09,-5.0664
-5.09,-5.662
-5.09,-5.2886
-5.09,-4.8085
-5.09,-5.716
-5.09,-4.885
-5.09,-4.5165
-5.09,-5.1828
-5.09,-4.0845
-4.5029,-4.1956
-4.5029,-4.6017
-4.5029,-4.1652
-4.5029,-5.2143
-4.5029,-3.9489
-4.5029,-4.7052
-4.5029,-5.09
-4.5029,-4.7869
-4.5029,-3.6104
-4.5029,-4.1044
-4.5029,-5.2886
-4.5029,-4.8085
-4.5029,-4.5165
-4.5029,-5.1828
-4.5029,-4.1995
-4.5029,-4.0845
5.6045,5.3837
5.6045,6.0361
5.6045,5.1576
5.6045,5.2874
5.6045,4.7617
5.6045,4.8804
5.6045,5.6091
5.6045,5.7792
5.6045,6.1672
5.6045,5.9184
5.6045,5.5991
5.6045,5.6808
5.6045,6.4399
5.6045,6.1164
5.6045,5.0516
5.6045,5.0072
5.6045,5.9312
5.6045,4.8936
5.6045,5.3764
5.6045,5.1912
4.5601,5.1576
4.5601,3.9958
4.5601,3.7942
4.5601,4.5848
4.5601,4.3361
4.5601,5.1287
4.5601,4.3077
4.5601,5.3258
4.5601,4.6749
4.5601,4.9196
-5.8707,-5.8308
-5.8707,-6.0972
-5.8707,-5.2514
-5.8707,-5.4413
-5.8707,-5.4084
-5.8707,-6.6182
-5.8707,-4.9286
-5.8707,-5.0664
-5.8707,-5.662
-5.8707,-6.6793
-5.8707,-6.078
-5.8707,-5.4142
-5.8707,-6.2992
6.1164,5.3837
6.1164,5.2874
6.1164,5.8682
6.1164,6.642
6.1164,5.7792
6.1164,6.1672
6.1164,5.9184
6.1164,5.5991
6.1164,6.094
6.1164,6.5635
6.1164,5.6045
6.1164,6.5253
6.1164,5.6014
6.1164,5.9312
-4.7783,-4.7126
-4.7783,-4.4003
-4.7783,-4.2731
-4.7783,-5.4413
-4.7783,-4.8871
-4.7783,-5.4084
-4.7783,-4.9286
-4.7783,-5.0664
-4.7783,-4.3192
-4.7783,-4.6128
-4.7783,-5.4142
-4.7783,-4.1256
-4.389,-5.0544
-4.389,-3.9028
-4.389,-3.8018
-4.389,-4.9995
-4.389,-4.0569
-4.389,-3.4739
-4.389,-4.5383
-4.389,-5.1687
-4.389,-4.3609
-4.389,-4.5764
-4.389,-4.204
-4.389,-4.8922
-4.389,-3.8806
4.3077,5.1576
4.3077,4.7617
4.3077,3.9958
4.3077,3.7942
4.3077,3.765
4.3077,4.5393
4.3077,4.2182
4.3077,4.3361
4.3077,4.5601
4.3077,3.9079
4.3077,4.6749
4.3077,5.0516
4.3077,4.9196
3.8376,4.4078
3.8376,3.3393
3.8376,4.2596
3.8376,3.8098
3.8376,4.4845
3.8376,2.9705
3.8376,4.0641
3.8376,4.5588
3.8376,4.8468
3.8376,3.9518
3.8376,4.2591
3.8376,3.6087
3.8376,3.5931
3.8376,4.0318
3.8376,4.5324
3.8376,3.303
-3.4896,-3.3093
-3.4896,-3.9565
-3.4896,-3.5712
-3.4896,-3.1934
-3.4896,-4.2731
-3.4896,-3.6778
-3.4896,-3.1059
-3.4896,-4.4276
-3.4896,-4.111
-3.4896,-3.6261
-3.4896,-2.937
-3.4896,-2.8529
-3.4896,-4.0845
-4.7869,-4.1956
-4.7869,-5.4357
-4.7869,-4.6017
-4.7869,-4.1652
-4.7869,-5.2143
-4.7869,-3.9489
-4.7869,-4.7052
-4.7869,-4.5029
-4.7869,-4.1044
-4.7869,-5.2886
-4.7869,-4.8085
-4.7869,-5.1828
-4.7869,-4.9631
-4.7869,-4.1995
-3.6261,-3.3093
-3.6261,-3.9565
-3.6261,-3.5712
-3.6261,-4.2731
-3.6261,-3.6778
-3.6261,-3.1059
-3.6261,-4.4276
-3.6261,-4.111
-3.6261,-3.7456
-3.6261,-3.4896
-3.6261,-2.937
-3.6261,-4.0845
-3.6261,-4.1256
-5.6109,-5.4413
-5.6109,-4.8871
-5.6109,-6.078
-5.6109,-5.4142
3.9518,4.4078
3.9518,3.3393
3.9518,4.6801
3.9518,4.2596
3.9518,4.0641
3.9518,4.5588
3.9518,3.8376
3.9518,3.5332
3.9518,3.5931
3.9518,4.3434
5.7469,4.9027
5.7469,5.8682
5.7469,5.5873
5.7469,5.1887
5.7469,6.094
5.7469,5.3069
5.7469,6.4015
5.7469,5.6014
5.7469,5.1739
5.7469,6.3657
-3.6104,-3.5486
-3.6104,-4.1956
-3.6104,-3.004
-3.6104,-3.5712
-3.6104,-3.1934
-3.6104,-3.6778
-3.6104,-4.1652
-3.6104,-3.9489
-3.6104,-4.5029
-3.6104,-4.1044
-3.6104,-4.0845
-3.6104,-3.0787
6.5253,5.8682
6.5253,7.1984
6.5253,6.642
6.5253,5.7792
6.5253,6.094
6.5253,6.9968
6.5253,6.5635
6.5253,6.1164
6.5253,5.6014
6.5253,5.9312
6.5253,6.3657
-2.653,-3.4099
-2.653,-3.0023
-2.653,-3.3686
-2.653,-2.2082
-5.0664,-4.7126
-5.0664,-5.8308
-5.0664,-4.2731
-5.0664,-5.2514
-5.0664,-5.4413
-5.0664,-5.4891
-5.0664,-5.4084
-5.0664,-4.4276
-5.0664,-4.9286
-5.0664,-5.09
-5.0664,-5.8707
-5.0664,-4.7783
-5.0664,-5.662
-5.0664,-4.885
-5.0664,-4.5165
-5.0664,-4.6128
-5.662,-4.7126
-5.662,-6.1909
-5.662,-5.8308
-5.662,-6.0972
-5.662,-5.2514
-5.662,-5.4413
-5.662,-5.4891
-5.662,-5.4084
-5.662,-4.9286
-5.662,-5.09
-5.662,-5.8707
-5.662,-5.0664
-5.662,-5.716
-5.662,-4.885
-5.662,-6.2992
6.4015,5.8682
6.4015,5.5873
6.4015,5.7469
6.4015,6.3657
-2.937,-2.3121
-2.937,-3.3093
-2.937,-3.1059
-2.937,-3.1348
-2.937,-3.7456
-2.937,-3.4896
-2.937,-3.6261
-2.937,-2.8529
-2.937,-2.4791
5.3258,6.0361
5.3258,5.1576
5.3258,4.7617
5.3258,5.6091
5.3258,5.7661
5.3258,5.6808
5.3258,5.1287
5.3258,4.5601
5.3258,4.6749
5.3258,5.0516
5.3258,4.9196
5.3258,5.7205
5.3258,6.2482
5.3258,5.3764
3.9079,3.3295
3.9079,3.517
3.9079,4.7617
3.9079,3.9958
3.9079,3.765
3.9079,3.168
3.9079,3.8098
3.9079,3.271
3.9079,4.5393
3.9079,4.2182
3.9079,4.3361
3.9079,4.3077
3.9079,4.6749
3.9079,4.2591
3.9079,4.0318
3.9079,4.5324
-4.1044,-3.5486
-4.1044,-4.1956
-4.1044,-4.1652
-4.1044,-3.6592
-4.1044,-3.9489
-4.1044,-4.7052
-4.1044,-4.5029
-4.1044,-4.7869
-4.1044,-3.6104
-4.1044,-4.8085
-4.1044,-4.1995
-5.2886,-6.1909
-5.2886,-5.9276
-5.2886,-5.4357
-5.2886,-4.6017
-5.2886,-5.2143
-5.2886,-5.4891
-5.2886,-5.7232
-5.2886,-5.09
-5.2886,-4.5029
-5.2886,-4.7869
-5.2886,-4.8085
-5.2886,-5.716
-5.2886,-5.1828
4.6749,5.1576
4.6749,4.7617
4.6749,3.9958
4.6749,3.765
4.6749,4.8804
4.6749,5.6091
4.6749,4.5393
4.6749,4.2182
4.6749,4.3361
4.6749,5.1287
4.6749,4.5601
4.6749,4.3077
4.6749,5.3258
4.6749,3.9079
4.6749,5.0516
4.6749,4.9196
4.6749,5.3764
-4.3192,-4.4003
-4.3192,-4.2731
-4.3192,-4.8871
-4.3192,-3.6781
-4.3192,-4.9286
-4.3192,-3.7456
-4.3192,-4.7783
-4.3192,-4.6128
-4.3192,-4.1256
-6.6793,-5.8308
-6.6793,-6.0972
-6.6793,-6.8706
-6.6793,-6.6182
-6.6793,-5.8707
-6.6793,-6.2992
4.2591,3.517
4.2591,4.7617
4.2591,4.8804
4.2591,4.2596
4.2591,3.8098
4.2591,4.5393
4.2591,4.2182
4.2591,4.4845
4.2591,4.5588
4.2591,4.3361
4.2591,4.8468
4.2591,3.8376
4.2591,3.9079
4.2591,3.6087
4.2591,5.0516
4.2591,4.0318
4.2591,5.0072
4.2591,4.5324
4.2591,4.8936
4.2591,5.1912
3.6087,2.6864
3.6087,3.517
3.6087,3.168
3.6087,4.2596
3.6087,3.8098
3.6087,4.2182
3.6087,4.4845
3.6087,3.8376
3.6087,4.2591
3.6087,3.5931
3.6087,4.0318
3.6087,4.5324
3.6087,3.303
-3.1795,-2.7695
-3.1795,-3.3801
-3.1795,-3.3714
-3.1795,-3.902
-3.1795,-2.5042
-3.1795,-3.8806
-3.1795,-3.5344
-2.6689,-3.0023
-2.6689,-2.2319
-2.6689,-3.4739
-2.6689,-2.7695
-2.6689,-3.3714
-2.6689,-2.2082
-2.6689,-3.1588
5.0516,5.3837
5.0516,5.1576
5.0516,4.7617
5.0516,4.8804
5.0516,5.6091
5.0516,5.9184
5.0516,4.5393
5.0516,4.2182
5.0516,5.6808
5.0516,4.3361
5.0516,5.6045
5.0516,4.3077
5.0516,5.3258
5.0516,4.6749
5.0516,4.2591
5.0516,4.9196
5.0516,4.5324
5.0516,4.8936
5.0516,5.3764
5.0516,5.1912
3.5332,3.3393
3.5332,3.9518
3.5332,4.3434
-4.8085,-4.1956
-4.8085,-5.4357
-4.8085,-4.6017
-4.8085,-4.1652
-4.8085,-5.2143
-4.8085,-3.9489
-4.8085,-5.4891
-4.8085,-5.7232
-4.8085,-4.7052
-4.8085,-5.09
-4.8085,-4.5029
-4.8085,-4.7869
-4.8085,-4.1044
-4.8085,-5.2886
-4.8085,-5.716
-4.8085,-4.885
-4.8085,-4.5165
-4.8085,-5.1828
-4.8085,-4.0845
-6.078,-6.0972
-6.078,-5.4413
-6.078,-5.4084
-6.078,-6.6182
-6.078,-5.8707
-6.078,-5.6109
-6.078,-5.4142
-4.5764,-3.9028
-4.5764,-4.9995
-4.5764,-4.0569
-4.5764,-5.073
-4.5764,-5.1687
-4.5764,-4.3609
-4.5764,-4.389
-4.5764,-4.5205
-4.5764,-4.204
-4.5764,-5.5472
-4.5764,-4.8922
-4.5764,-3.8806
-4.5205,-4.9995
-4.5205,-5.073
-4.5205,-5.1276
-4.5205,-4.2787
-4.5205,-3.902
-4.5205,-4.5764
-4.5205,-4.204
-4.5205,-3.8806
-2.2082,-3.0023
-2.2082,-2.2319
-2.2082,-2.653
-2.2082,-2.6689
-5.716,-6.1909
-5.716,-5.8308
-5.716,-5.9276
-5.716,-5.2514
-5.716,-5.2143
-5.716,-5.4891
-5.716,-5.7232
-5.716,-5.09
-5.716,-5.662
-5.716,-5.2886
-5.716,-4.8085
-5.716,-4.885
-5.716,-5.1828
-5.716,-6.2992
-5.716,-6.3577
-4.885,-4.7126
-4.885,-5.8308
-4.885,-4.1956
-4.885,-4.2731
-4.885,-4.6017
-4.885,-5.2514
-4.885,-5.4891
-4.885,-5.4084
-4.885,-4.4276
-4.885,-4.9286
-4.885,-4.111
-4.885,-5.09
-4.885,-5.0664
-4.885,-5.662
-4.885,-4.8085
-4.885,-5.716
-4.885,-4.5165
-4.885,-4.6128
-4.885,-5.1828
-4.885,-4.0845
-4.204,-3.9028
-4.204,-4.9995
-4.204,-4.0569
-4.204,-5.073
-4.204,-3.3801
-4.204,-3.3714
-4.204,-3.902
-4.204,-4.389
-4.204,-4.5764
-4.204,-4.5205
-4.204,-3.8806
3.5931,4.4078
3.5931,3.3393
3.5931,4.2596
3.5931,2.9705
3.5931,4.0641
3.5931,4.5588
3.5931,3.8376
3.5931,3.9518
3.5931,3.6087
3.5931,4.0318
3.5931,3.303
4.9196,5.1576
4.9196,4.7617
4.9196,3.9958
4.9196,5.6091
4.9196,5.6808
4.9196,4.3361
4.9196,5.1287
4.9196,4.5601
4.9196,4.3077
4.9196,5.3258
4.9196,4.6749
4.9196,5.0516
4.9196,5.7205
4.9196,5.3764
4.0318,3.517
4.0318,3.168
4.0318,4.2596
4.0318,3.8098
4.0318,4.5393
4.0318,4.2182
4.0318,4.4845
4.0318,4.0641
4.0318,4.5588
4.0318,4.8468
4.0318,3.8376
4.0318,3.9079
4.0318,4.2591
4.0318,3.6087
4.0318,3.5931
4.0318,5.0072
4.0318,4.5324
4.0318,3.303
4.0318,4.8936
-4.5165,-4.7126
-4.5165,-4.1956
-4.5165,-3.9565
-4.5165,-3.5712
-4.5165,-4.2731
-4.5165,-3.6778
-4.5165,-4.6017
-4.5165,-5.2514
-4.5165,-3.9489
-4.5165,-5.4891
-4.5165,-4.4276
-4.5165,-4.111
-4.5165,-5.09
-4.5165,-4.5029
-4.5165,-5.0664
-4.5165,-4.8085
-4.5165,-4.885
-4.5165,-4.6128
-4.5165,-5.1828
-4.5165,-4.0845
5.7205,6.0361
5.7205,5.1576
5.7205,5.6091
5.7205,5.7661
5.7205,6.4456
5.7205,5.6808
5.7205,5.1287
5.7205,5.3258
5.7205,4.9196
5.7205,6.2482
5.7205,6.5316
5.0072,5.3837
5.0072,5.2874
5.0072,4.9027
5.0072,4.8804
5.0072,5.7792
5.0072,4.2596
5.0072,5.1887
5.0072,5.5991
5.0072,4.5393
5.0072,4.4845
5.0072,4.5588
5.0072,4.8468
5.0072,5.6045
5.0072,4.2591
5.0072,4.0318
5.0072,4.5324
5.0072,5.6014
5.0072,4.8936
5.0072,5.1912
4.5324,5.3837
4.5324,5.2874
4.5324,4.7617
4.5324,4.8804
4.5324,4.2596
4.5324,3.8098
4.5324,4.5393
4.5324,4.2182
4.5324,4.4845
4.5324,4.5588
4.5324,4.3361
4.5324,4.8468
4.5324,3.8376
4.5324,3.9079
4.5324,4.2591
4.5324,3.6087
4.5324,5.0516
4.5324,4.0318
4.5324,5.0072
4.5324,4.8936
4.5324,5.1912
6.2482,6.0361
6.2482,5.6091
6.2482,5.7661
6.2482,6.4456
6.2482,5.6808
6.2482,6.4399
6.2482,6.8942
6.2482,5.3258
6.2482,5.7205
6.2482,6.5316
-4.6128,-4.7126
-4.6128,-3.9565
-4.6128,-4.2731
-4.6128,-5.2514
-4.6128,-5.4413
-4.6128,-5.4084
-4.6128,-4.4276
-4.6128,-4.9286
-4.6128,-4.111
-4.6128,-3.7456
-4.6128,-4.7783
-4.6128,-5.0664
-4.6128,-4.3192
-4.6128,-4.885
-4.6128,-4.5165
-4.6128,-4.1256
-6.533,-5.9276
-6.533,-5.8056
-6.533,-6.3577
3.303,2.6864
3.303,3.517
3.303,3.3393
3.303,3.168
3.303,4.2596
3.303,3.8098
3.303,2.9705
3.303,4.0641
3.303,3.8376
3.303,3.6087
3.303,3.5931
3.303,4.0318
-5.5472,-4.9995
-5.5472,-5.073
-5.5472,-5.1687
-5.5472,-4.5764
-5.5472,-5.9899
-5.5472,-5.9725
-5.5472,-5.593
-2.5042,-2.2319
-2.5042,-2.7695
-2.5042,-3.3801
-2.5042,-3.1795
5.6014,5.3837
5.6014,5.2874
5.6014,4.9027
5.6014,5.8682
5.6014,5.7792
5.6014,5.1887
5.6014,5.5991
5.6014,6.094
5.6014,4.8468
5.6014,5.3069
5.6014,6.1164
5.6014,5.7469
5.6014,6.5253
5.6014,5.0072
5.6014,5.1739
5.6014,6.3657
-5.9899,-5.1687
-5.9899,-5.5472
-5.9899,-5.9725
-5.9899,-5.593
-4.8922,-5.0544
-4.8922,-4.9995
-4.8922,-4.0569
-4.8922,-4.5383
-4.8922,-5.1687
-4.8922,-4.3609
-4.8922,-4.389
-4.8922,-4.5764
-4.8922,-5.593
5.1739,4.4078
5.1739,4.6801
5.1739,4.9027
5.1739,5.8682
5.1739,4.7667
5.1739,5.5873
5.1739,5.1887
5.1739,5.3069
5.1739,5.7469
5.1739,5.6014
5.1739,4.3434
6.5316,7.1652
6.5316,6.0361
6.5316,5.6091
6.5316,6.642
6.5316,6.1672
6.5316,5.9184
6.5316,5.6808
6.5316,6.4399
6.5316,6.8942
6.5316,5.7205
6.5316,6.2482
-5.4142,-5.4413
-5.4142,-4.8871
-5.4142,-5.4084
-5.4142,-4.9286
-5.4142,-5.8707
-5.4142,-4.7783
-5.4142,-5.6109
-5.4142,-6.078
5.9312,5.3837
5.9312,5.2874
5.9312,5.6091
5.9312,6.642
5.9312,5.7792
5.9312,6.1672
5.9312,5.9184
5.9312,5.5991
5.9312,6.094
5.9312,6.4399
5.9312,6.5635
5.9312,5.6045
5.9312,6.1164
5.9312,6.5253
5.9312,5.3764
5.9312,5.1912
-5.9725,-5.073
-5.9725,-5.5472
-5.9725,-5.9899
-5.1828,-5.8308
-5.1828,-4.1956
-5.1828,-5.9276
-5.1828,-4.6017
-5.1828,-5.2514
-5.1828,-5.2143
-5.1828,-5.4891
-5.1828,-5.7232
-5.1828,-5.09
-5.1828,-4.5029
-5.1828,-4.7869
-5.1828,-5.2886
-5.1828,-4.8085
-5.1828,-5.716
-5.1828,-4.885
-5.1828,-4.5165
-6.2992,-6.1909
-6.2992,-5.8308
-6.2992,-6.0972
-6.2992,-6.8706
-6.2992,-5.4891
-6.2992,-5.8707
-6.2992,-5.662
-6.2992,-6.6793
-6.2992,-5.716
-6.2992,-6.3577
-6.3577,-6.1909
-6.3577,-5.9276
-6.3577,-6.8706
-6.3577,-5.7232
-6.3577,-5.716
-6.3577,-6.533
-6.3577,-6.2992
-3.1588,-3.9028
-3.1588,-3.8018
-3.1588,-3.0023
-3.1588,-4.0569
-3.1588,-2.2319
-3.1588,-3.4739
-3.1588,-2.7695
-3.1588,-3.3801
-3.1588,-3.3714
-3.1588,-2.6689
-3.1588,-3.8806
6.3657,5.8682
6.3657,5.7792
6.3657,6.094
6.3657,6.9968
6.3657,5.7469
6.3657,6.5253
6.3657,6.4015
6.3657,5.6014
-3.9642,-3.4099
-3.9642,-3.8018
-3.9642,-4.0569
-3.9642,-4.3526
-3.9642,-4.5383
-3.9642,-3.3686
-3.9642,-4.3609
-4.9631,-5.4357
-4.9631,-5.2143
-4.9631,-4.7052
-4.9631,-5.8056
-4.9631,-4.7869
-4.9631,-4.1995
-2.8529,-2.3121
-2.8529,-3.5712
-2.8529,-2.4801
-2.8529,-3.1934
-2.8529,-3.6778
-2.8529,-3.1059
-2.8529,-3.4896
-2.8529,-2.937
-2.8529,-3.0787
-4.1995,-3.5486
-4.1995,-4.1652
-4.1995,-3.6592
-4.1995,-4.7052
-4.1995,-4.5029
-4.1995,-4.7869
-4.1995,-4.1044
-4.1995,-4.9631
4.8936,5.3837
4.8936,5.2874
4.8936,4.7617
4.8936,4.8804
4.8936,5.7792
4.8936,4.2596
4.8936,5.1887
4.8936,5.5991
4.8936,4.5393
4.8936,4.2182
4.8936,4.4845
4.8936,4.5588
4.8936,4.8468
4.8936,5.6045
4.8936,4.2591
4.8936,5.0516
4.8936,4.0318
4.8936,5.0072
4.8936,4.5324
4.8936,5.3764
4.8936,5.1912
-4.0845,-4.7126
-4.0845,-4.1956
-4.0845,-3.9565
-4.0845,-3.5712
-4.0845,-3.1934
-4.0845,-4.2731
-4.0845,-3.6778
-4.0845,-4.6017
-4.0845,-4.1652
-4.0845,-3.9489
-4.0845,-4.4276
-4.0845,-4.111
-4.0845,-5.09
-4.0845,-4.5029
-4.0845,-3.4896
-4.0845,-3.6261
-4.0845,-3.6104
-4.0845,-4.8085
-4.0845,-4.885
-4.0845,-4.5165
5.4916,5.7661
5.4916,4.5848
5.4916,5.1287
-3.8806,-3.9028
-3.8806,-4.0569
-3.8806,-3.4739
-3.8806,-3.3801
-3.8806,-3.3714
-3.8806,-3.902
-3.8806,-4.389
-3.8806,-3.1795
-3.8806,-4.5764
-3.8806,-4.5205
-3.8806,-4.204
-3.8806,-3.1588
-5.593,-5.0544
-5.593,-5.1687
-5.593,-5.5472
-5.593,-5.9899
-5.593,-4.8922
-3.5344,-3.3801
-3.5344,-4.2787
-3.5344,-3.902
-3.5344,-3.1795
5.3764,5.3837
5.3764,6.0361
5.3764,5.1576
5.3764,4.7617
5.3764,4.8804
5.3764,5.6091
5.3764,6.1672
5.3764,5.9184
5.3764,5.5991
5.3764,4.5393
5.3764,5.6808
5.3764,5.6045
5.3764,5.3258
5.3764,4.6749
5.3764,5.0516
5.3764,4.9196
5.3764,5.9312
5.3764,4.8936
5.3764,5.1912
4.3434,4.4078
4.3434,4.6801
4.3434,4.9027
4.3434,4.7667
4.3434,4.0641
4.3434,3.9518
4.3434,3.5332
4.3434,5.1739
-3.0787,-3.5486
-3.0787,-3.004
-3.0787,-3.5712
-3.0787,-2.4801
-3.0787,-3.1934
-3.0787,-3.9489
-3.0787,-3.6104
-3.0787,-2.8529
-4.1256,-4.7126
-4.1256,-3.3093
-4.1256,-3.9565
-4.1256,-4.2731
-4.1256,-3.6781
-4.1256,-4.4276
-4.1256,-4.9286
-4.1256,-4.111
-4.1256,-3.7456
-4.1256,-4.7783
-4.1256,-3.6261
-4.1256,-4.3192
-4.1256,-4.6128
5.1912,5.3837
5.1912,5.1576
5.1912,5.2874
5.1912,4.7617
5.1912,4.8804
5.1912,5.6091
5.1912,5.7792
5.1912,6.1672
5.1912,5.9184
5.1912,5.5991
5.1912,4.5393
5.1912,4.2182
5.1912,4.4845
5.1912,4.8468
5.1912,5.6045
5.1912,4.2591
5.1912,5.0516
5.1912,5.0072
5.1912,4.5324
5.1912,5.9312
5.1912,4.8936
5.1912,5.3764
-2.4791,-2.3121
-2.4791,-3.3093
-2.4791,-3.1348
-2.4791,-2.937
