0.4404,-0.10078
0.4404,1.0032
0.4404,0.5686
0.4404,1.3502
0.4404,0.023137
0.4404,0.9528
0.4404,-0.55265
0.4404,1.1603
0.4404,0.28939
0.4404,0.63671
0.4404,-0.1809
0.4404,-0.36622
0.4404,0.84477
0.4404,0.39013
0.4404,0.95826
0.4404,-0.033445
0.4404,0.12336
0.4404,-0.37928
0.4404,0.59711
0.4404,0.1997
0.4404,1.0865
0.4404,0.53333
-7.2754,-6.3337
-7.2754,-7.4294
-7.2754,-6.6228
-7.2754,-6.8203
-7.2754,-6.8345
-6.2979,-6.8425
-6.2979,-5.8036
-6.2979,-6.7639
-6.2979,-5.5045
-6.2979,-6.188
-6.2979,-5.5795
-6.2979,-5.8209
-6.2979,-5.9656
-5.4881,-6.3337
-5.4881,-5.8036
-5.4881,-5.979
-5.4881,-4.8126
-5.4881,-5.3439
-5.4881,-6.188
-5.4881,-5.5795
-5.4881,-5.1346
-5.4881,-4.8474
-5.4881,-5.8209
-5.4881,-5.6644
-5.4881,-5.0031
0.52872,0.28938
0.52872,1.0048
0.52872,-0.14163
0.52872,0.16786
0.52872,1.1878
0.52872,0.18743
0.52872,0.68682
-1.112,-1.5382
-1.112,-1.4289
-1.112,-0.89918
-1.112,-0.59095
-1.112,-0.55265
-1.112,-0.1809
-1.112,-0.98839
-1.112,-0.66149
-1.112,-0.36622
-1.112,-0.79588
-1.112,-0.59171
-1.112,-1.5191
-1.112,-1.0366
-1.112,-1.325
-1.112,-1.7529
-0.68616,-0.14163
-0.68616,0.18743
-0.68616,-1.4114
-0.68616,-0.3372
-0.68616,-0.6934
-6.3337,-7.2754
-6.3337,-5.4881
-6.3337,-6.1264
-6.3337,-5.8036
-6.3337,-5.979
-6.3337,-6.7639
-6.3337,-6.6228
-6.3337,-6.188
-6.3337,-5.5795
-6.3337,-5.6644
-6.3337,-6.8345
1.463,0.60514
1.463,1.0749
1.463,1.3031
1.463,2.2304
1.463,0.64653
1.463,1.7639
0.28938,0.52872
0.28938,1.0048
0.28938,-0.14163
0.28938,0.16786
0.28938,0.18743
0.28938,0.63671
0.28938,0.52865
0.28938,0.98367
0.28938,0.68682
0.28938,0.1814
0.28938,-0.3372
0.28938,-0.22205
0.28938,-0.6934
1.6497,1.4147
1.6497,1.3502
1.6497,1.0749
1.6497,0.9528
1.6497,1.1603
1.6497,1.7239
1.6497,1.3031
1.6497,2.2304
1.6497,0.84477
1.6497,1.8249
1.6497,2.1457
1.6497,2.2088
1.6497,1.7639
1.6497,1.0865
-6.8425,-6.2979
-6.8425,-6.7639
-6.8425,-5.9656
-6.1264,-6.3337
-6.1264,-5.979
-6.1264,-6.6228
-6.1264,-5.3439
-6.1264,-6.8203
-6.1264,-5.6141
-6.1264,-6.1276
-6.1264,-5.6644
2.6187,2.5721
2.6187,3.419
2.6187,3.5412
2.6187,2.5194
2.6187,1.8523
2.6187,2.9564
2.6187,2.9441
2.6187,2.294
2.6187,1.8031
2.6187,3.2361
3.6568,4.1313
3.6568,4.2213
3.6568,2.9101
3.6568,3.2052
3.6568,2.7432
3.6568,3.6437
3.6568,3.6055
3.6568,4.0954
3.6568,3.7648
3.6568,2.934
3.6568,4.4181
3.6568,3.5543
3.6568,3.1679
3.6568,3.2298
3.6568,3.2328
3.6568,4.0093
3.6568,3.4684
3.6568,4.5815
1.4147,1.6497
1.4147,1.0032
1.4147,0.5686
1.4147,1.3502
1.4147,1.1603
1.4147,0.63671
1.4147,1.7239
1.4147,0.98367
1.4147,2.2663
1.4147,0.84477
1.4147,1.9192
1.4147,1.3574
1.4147,1.8249
1.4147,1.3898
1.4147,0.95826
1.4147,1.808
1.4147,2.1457
1.4147,1.0865
1.4147,0.53333
-1.5382,-1.112
-1.5382,-1.4114
-1.5382,-0.98839
-1.5382,-0.59171
-1.5382,-1.5191
-1.5382,-2.2263
-1.5382,-1.0366
-1.5382,-0.6934
4.5167,3.7269
4.5167,4.2374
4.5167,4.7532
4.5167,3.9935
4.5167,5.327
-0.10078,0.4404
-0.10078,-0.89918
-0.10078,-0.59534
-0.10078,0.5686
-0.10078,0.023137
-0.10078,-0.55265
-0.10078,0.28939
-0.10078,-0.074758
-0.10078,-0.1809
-0.10078,-0.66149
-0.10078,-0.36622
-0.10078,-0.79588
-0.10078,0.84477
-0.10078,0.39013
-0.10078,-0.033445
-0.10078,0.12336
-0.10078,-0.37928
-0.10078,0.59711
-0.10078,0.1997
-0.10078,0.53333
4.7234,4.1313
4.7234,4.2213
4.7234,4.2374
4.7234,3.7648
4.7234,5.4348
4.7234,4.8677
4.7234,4.0935
4.7234,4.3387
4.7234,4.7532
4.7234,4.5815
4.7234,5.327
-5.0012,-4.6743
-5.0012,-5.5045
-5.0012,-4.1311
-5.0012,-5.5795
-5.0012,-5.1346
-5.0012,-4.4741
-5.0012,-4.8474
-5.0012,-5.2104
-5.0012,-5.8209
-5.8036,-6.2979
-5.8036,-5.4881
-5.8036,-6.3337
-5.8036,-5.979
-5.8036,-5.3439
-5.8036,-6.188
-5.8036,-5.5795
-5.8036,-5.1346
-5.8036,-4.8474
-5.8036,-5.8209
-5.8036,-5.6644
-5.8036,-5.0031
2.2349,2.8062
2.2349,1.5866
2.2349,3.1054
2.2349,1.987
2.2349,2.7432
2.2349,2.0083
2.2349,3.1679
2.2349,2.2238
2.2349,2.3935
2.2349,2.5869
2.2349,1.8323
2.8062,2.2349
2.8062,3.1054
2.8062,3.2052
2.8062,2.7432
2.8062,3.6437
2.8062,2.0083
2.8062,2.934
2.8062,3.552
2.8062,3.5543
2.8062,3.1679
2.8062,2.7691
2.8062,2.3935
2.8062,3.2298
2.8062,2.6384
2.8062,2.5869
2.8062,1.8323
1.0032,0.4404
1.0032,1.4147
1.0032,0.5686
1.0032,1.3502
1.0032,0.63671
1.0032,0.52865
1.0032,0.98367
1.0032,0.84477
1.0032,1.3574
1.0032,1.8249
1.0032,0.68682
1.0032,1.3898
1.0032,0.1814
1.0032,0.95826
1.0032,1.808
1.0032,0.12336
1.0032,0.1997
1.0032,1.0865
1.0032,0.53333
3.0808,3.419
3.0808,3.5412
3.0808,3.7033
3.0808,2.9101
3.0808,2.5194
3.0808,2.9564
3.0808,3.6055
3.0808,3.7648
3.0808,2.934
3.0808,2.4385
3.0808,2.9441
3.0808,2.294
3.0808,2.5493
3.0808,3.2298
3.0808,3.2328
3.0808,2.6384
3.0808,3.4684
-5.203,-4.9355
-5.203,-5.6141
-5.203,-6.1276
-5.203,-4.3601
1.4699,1.9332
1.4699,1.0048
1.4699,1.1878
1.4699,0.98367
1.4699,1.9192
1.4699,1.3574
1.4699,0.68682
1.4699,1.3898
1.4699,1.808
5.3126,4.8055
5.3126,5.3368
5.3126,4.4181
5.3126,4.7908
-1.4289,-1.112
-1.4289,-0.89918
-1.4289,-2.123
-1.4289,-0.55265
-1.4289,-0.98839
-1.4289,-0.66149
-1.4289,-0.79588
-1.4289,-1.5191
-1.4289,-1.325
-1.4289,-1.7529
1.5866,2.2349
1.5866,1.5484
1.5866,1.9593
1.5866,2.0083
1.5866,0.85953
1.5866,2.2238
1.5866,2.3935
1.5866,1.2231
1.5866,1.8323
1.9332,1.4699
1.9332,1.0048
1.9332,1.1878
1.9332,2.5448
1.9332,1.9192
1.9332,1.3574
2.5721,2.6187
2.5721,1.8523
2.5721,2.9441
2.5721,3.2361
4.1313,3.6568
4.1313,4.7234
4.1313,4.2213
4.1313,3.7033
4.1313,4.2374
4.1313,3.6055
4.1313,4.0954
4.1313,3.7648
4.1313,4.8677
4.1313,4.0935
4.1313,4.3387
4.1313,3.2328
4.1313,4.0093
4.1313,3.4684
4.1313,4.5815
-0.89918,-1.112
-0.89918,-0.10078
-0.89918,-1.4289
-0.89918,-0.59095
-0.89918,-0.55265
-0.89918,-0.1809
-0.89918,-0.98839
-0.89918,-0.66149
-0.89918,-0.36622
-0.89918,-0.79588
-0.89918,-1.5191
-0.89918,-1.0342
-0.89918,-0.033445
-0.89918,-0.37928
-0.89918,-1.325
-0.89918,-1.7529
-0.59534,-0.10078
-0.59534,0.023137
-0.59534,-0.55265
-0.59534,-0.074758
-0.59534,-0.79588
-0.59534,0.39013
-0.59534,-1.0342
-0.59534,0.16515
-0.59534,-1.1704
-0.59534,-0.37928
-0.59534,-1.325
-0.59534,-0.55574
1.0048,0.52872
1.0048,0.28938
1.0048,1.4699
1.0048,1.9332
1.0048,0.16786
1.0048,1.1878
1.0048,0.63671
1.0048,0.52865
1.0048,0.98367
1.0048,1.3574
1.0048,0.68682
1.0048,1.3898
-2.123,-1.4289
-2.123,-1.7007
-2.123,-1.325
-2.123,-1.7529
0.5686,0.4404
0.5686,1.4147
0.5686,-0.10078
0.5686,1.0032
0.5686,1.3502
0.5686,0.28939
0.5686,0.63671
0.5686,0.52865
0.5686,-0.1809
0.5686,0.98367
0.5686,-0.36622
0.5686,0.84477
0.5686,1.3898
0.5686,0.1814
0.5686,0.95826
0.5686,-0.033445
0.5686,0.12336
0.5686,0.1997
0.5686,1.0865
0.5686,0.53333
1.5484,1.5866
1.5484,1.9593
1.5484,2.0083
1.5484,1.6922
1.5484,0.85953
1.5484,2.0556
1.5484,2.2238
1.5484,1.2114
-0.14163,0.52872
-0.14163,-0.68616
-0.14163,0.28938
-0.14163,0.16786
-0.14163,0.18743
-0.14163,-0.59171
-0.14163,0.68682
-0.14163,-0.3372
-0.14163,-0.22205
-0.14163,-0.6934
3.419,2.6187
3.419,3.0808
3.419,3.5412
3.419,3.7033
3.419,2.9101
3.419,2.5194
3.419,2.9564
3.419,4.2374
3.419,3.7648
3.419,4.0935
3.419,2.9441
3.419,3.2328
3.419,3.9935
3.419,3.4684
3.419,3.2361
-1.7007,-2.123
-1.7007,-1.0342
-1.7007,-1.1704
-1.7007,-1.325
0.60514,1.463
0.60514,1.0749
0.60514,-0.21769
0.60514,0.64653
0.60514,0.16515
3.7269,4.5167
3.7269,3.5412
3.7269,3.9935
3.7269,3.2361
1.3502,0.4404
1.3502,1.6497
1.3502,1.4147
1.3502,1.0032
1.3502,0.5686
1.3502,0.9528
1.3502,1.1603
1.3502,1.7239
1.3502,1.3031
1.3502,0.84477
1.3502,1.8249
1.3502,1.3898
1.3502,0.95826
1.3502,1.808
1.3502,2.1457
1.3502,2.2088
1.3502,1.7639
1.3502,0.59711
1.3502,1.0865
1.3502,0.53333
3.1054,2.2349
3.1054,2.8062
3.1054,3.2052
3.1054,3.9268
3.1054,2.7432
3.1054,3.6437
3.1054,3.2446
3.1054,3.552
3.1054,3.5543
3.1054,3.1679
3.1054,2.7691
3.1054,3.782
3.1054,2.5869
-4.6743,-5.0012
-4.6743,-5.5045
-4.6743,-4.1311
-4.6743,-4.4741
-4.6743,-5.2104
-4.6743,-4.8851
-7.4294,-7.2754
-7.4294,-6.7639
-7.4294,-6.8345
3.5412,2.6187
3.5412,3.0808
3.5412,3.419
3.5412,3.7269
3.5412,3.7033
3.5412,2.9564
3.5412,4.2374
3.5412,4.0935
3.5412,2.9441
3.5412,3.9935
3.5412,3.4684
3.5412,3.2361
1.0749,1.463
1.0749,1.6497
1.0749,0.60514
1.0749,0.9528
1.0749,1.1603
1.0749,1.3031
1.0749,0.64653
1.0749,0.39013
1.0749,0.16515
1.0749,1.7639
1.0749,0.59711
-5.979,-5.4881
-5.979,-6.3337
-5.979,-6.1264
-5.979,-5.8036
-5.979,-6.6228
-5.979,-5.3439
-5.979,-6.188
-5.979,-5.5795
-5.979,-5.6141
-5.979,-5.6644
-5.979,-6.8345
-5.979,-5.0031
0.023137,0.4404
0.023137,-0.10078
0.023137,-0.59534
0.023137,0.9528
0.023137,-0.55265
0.023137,0.28939
0.023137,-0.074758
0.023137,0.64653
0.023137,-0.36622
0.023137,-0.79588
0.023137,0.84477
0.023137,0.39013
0.023137,0.16515
0.023137,-0.033445
0.023137,-0.37928
0.023137,0.59711
0.023137,-0.55574
0.023137,0.1997
0.023137,0.53333
1.987,2.2349
1.987,2.7691
1.987,2.5869
1.987,1.8323
4.2213,3.6568
4.2213,4.7234
4.2213,4.1313
4.2213,3.6055
4.2213,4.0954
4.2213,3.7648
4.2213,4.8677
4.2213,4.4181
4.2213,4.0935
4.2213,4.3387
4.2213,3.5543
4.2213,4.7908
4.2213,3.2298
4.2213,4.0093
4.2213,3.4684
4.2213,4.5815
3.7033,3.0808
3.7033,4.1313
3.7033,3.419
3.7033,3.5412
3.7033,2.9101
3.7033,2.9564
3.7033,4.2374
3.7033,3.6055
3.7033,3.7648
3.7033,4.0935
3.7033,4.3387
3.7033,2.9441
3.7033,3.2328
3.7033,3.9935
3.7033,3.4684
2.616,2.9475
2.616,1.7239
2.616,2.2663
2.616,1.8249
2.616,2.1457
2.616,2.2088
2.616,3.0308
-6.7639,-6.2979
-6.7639,-6.3337
-6.7639,-6.8425
-6.7639,-7.4294
-6.7639,-6.188
-6.7639,-5.8209
-6.7639,-6.8345
-0.59095,-1.112
-0.59095,-0.89918
-0.59095,-0.55265
-0.59095,-0.1809
-0.59095,-0.98839
-0.59095,-0.66149
-0.59095,-0.36622
-0.59095,-0.59171
-0.59095,-1.5191
-0.59095,0.1814
-0.59095,-0.3372
-0.59095,-1.0366
-0.59095,-0.22205
-0.59095,-0.033445
-0.59095,0.12336
-0.59095,0.1997
0.16786,0.52872
0.16786,0.28938
0.16786,1.0048
0.16786,-0.14163
0.16786,0.63671
0.16786,0.52865
0.16786,-0.1809
0.16786,0.98367
0.16786,-0.59171
0.16786,0.68682
0.16786,0.1814
0.16786,-0.3372
0.16786,-0.22205
0.16786,0.12336
0.16786,-0.6934
2.9475,2.616
2.9475,2.2304
2.9475,2.1457
2.9475,2.2088
-4.9355,-5.203
-4.9355,-4.8126
-4.9355,-5.3439
-4.9355,-4.3731
-4.9355,-5.6141
-4.9355,-4.3601
-4.9355,-5.6644
-4.9355,-5.0031
0.9528,0.4404
0.9528,1.6497
0.9528,1.3502
0.9528,1.0749
0.9528,0.023137
0.9528,1.1603
0.9528,0.28939
0.9528,1.7239
0.9528,1.3031
0.9528,0.64653
0.9528,0.84477
0.9528,0.39013
0.9528,1.7639
0.9528,0.59711
0.9528,1.0865
0.9528,0.53333
-5.5045,-6.2979
-5.5045,-5.0012
-5.5045,-4.6743
-5.5045,-5.5795
-5.5045,-5.1346
-5.5045,-5.2104
-5.5045,-5.8054
-5.5045,-5.8209
-5.5045,-5.9656
1.1878,0.52872
1.1878,1.4699
1.1878,1.9332
1.1878,1.0048
1.1878,0.68682
-0.55265,0.4404
-0.55265,-1.112
-0.55265,-0.10078
-0.55265,-1.4289
-0.55265,-0.89918
-0.55265,-0.59534
-0.55265,0.023137
-0.55265,-0.59095
-0.55265,0.28939
-0.55265,-0.074758
-0.55265,-0.1809
-0.55265,-0.66149
-0.55265,-0.36622
-0.55265,-0.79588
-0.55265,-1.0342
-0.55265,-0.033445
-0.55265,-0.37928
-0.55265,-1.325
-0.55265,0.1997
2.9101,3.6568
2.9101,3.0808
2.9101,3.419
2.9101,3.7033
2.9101,2.5194
2.9101,1.9593
2.9101,2.9564
2.9101,2.7432
2.9101,3.6055
2.9101,3.7648
2.9101,2.934
2.9101,2.4385
2.9101,2.0556
2.9101,2.2238
2.9101,2.5493
2.9101,3.2298
2.9101,3.2328
2.9101,2.6384
2.9101,3.4684
1.1603,0.4404
1.1603,1.6497
1.1603,1.4147
1.1603,1.3502
1.1603,1.0749
1.1603,0.9528
1.1603,0.28939
1.1603,1.7239
1.1603,1.3031
1.1603,0.64653
1.1603,0.84477
1.1603,0.39013
1.1603,0.95826
1.1603,1.7639
1.1603,0.59711
1.1603,1.0865
1.1603,0.53333
-6.6228,-7.2754
-6.6228,-6.3337
-6.6228,-6.1264
-6.6228,-5.979
-6.6228,-6.8203
-6.6228,-5.6644
-6.6228,-6.8345
3.2052,3.6568
3.2052,2.8062
3.2052,3.1054
3.2052,3.9268
3.2052,2.7432
3.2052,3.6437
3.2052,3.6055
3.2052,4.0954
3.2052,2.934
3.2052,3.552
3.2052,3.5543
3.2052,3.1679
3.2052,2.3935
3.2052,3.2298
3.2052,3.2328
3.2052,4.0093
3.2052,2.6384
3.2052,2.5869
3.9268,3.1054
3.9268,3.2052
3.9268,4.8055
3.9268,3.6437
3.9268,4.0954
3.9268,3.552
3.9268,4.4181
3.9268,4.5819
3.9268,3.5543
3.9268,3.1679
3.9268,3.782
3.9268,4.0093
3.9268,4.3074
0.28939,0.4404
0.28939,-0.10078
0.28939,0.5686
0.28939,0.023137
0.28939,0.9528
0.28939,-0.55265
0.28939,1.1603
0.28939,-0.074758
0.28939,0.64653
0.28939,-0.36622
0.28939,0.84477
0.28939,0.39013
0.28939,0.95826
0.28939,-0.033445
0.28939,-0.37928
0.28939,0.59711
0.28939,0.1997
0.28939,1.0865
0.28939,0.53333
-4.1311,-5.0012
-4.1311,-4.6743
-4.1311,-3.8185
-4.1311,-4.4741
-4.8126,-5.4881
-4.8126,-4.9355
-4.8126,-5.3439
-4.8126,-4.3962
-4.8126,-4.3731
-4.8126,-4.8474
-4.8126,-4.3601
-4.8126,-5.6644
-4.8126,-5.0031
-4.8126,-3.8295
4.8055,5.3126
4.8055,3.9268
4.8055,4.0954
4.8055,4.4181
4.8055,4.5819
4.8055,4.7908
4.8055,4.3074
0.18743,0.52872
0.18743,-0.68616
0.18743,0.28938
0.18743,-0.14163
0.63671,0.4404
0.63671,0.28938
0.63671,1.4147
0.63671,1.0032
0.63671,1.0048
0.63671,0.5686
0.63671,0.16786
0.63671,0.52865
0.63671,-0.1809
0.63671,0.98367
0.63671,1.3574
0.63671,0.68682
0.63671,1.3898
0.63671,0.1814
0.63671,0.95826
0.63671,-0.22205
0.63671,-0.033445
0.63671,0.12336
0.63671,0.1997
0.63671,1.0865
0.63671,0.53333
2.5448,1.9332
2.5448,2.2663
2.5448,1.9192
2.5448,1.808
2.5448,3.0308
-0.074758,-0.10078
-0.074758,-0.59534
-0.074758,0.023137
-0.074758,-0.55265
-0.074758,0.28939
-0.074758,-0.21769
-0.074758,0.64653
-0.074758,-0.79588
-0.074758,0.39013
-0.074758,-1.0342
-0.074758,0.16515
-0.074758,-0.37928
-0.074758,0.59711
-0.074758,-0.55574
0.52865,0.28938
0.52865,1.0032
0.52865,1.0048
0.52865,0.5686
0.52865,0.16786
0.52865,0.63671
0.52865,-0.1809
0.52865,0.98367
0.52865,1.3574
0.52865,0.68682
0.52865,1.3898
0.52865,0.1814
0.52865,-0.3372
0.52865,0.95826
0.52865,-0.22205
0.52865,0.12336
0.52865,0.1997
-0.1809,0.4404
-0.1809,-1.112
-0.1809,-0.10078
-0.1809,-0.89918
-0.1809,0.5686
-0.1809,-0.59095
-0.1809,0.16786
-0.1809,-0.55265
-0.1809,0.63671
-0.1809,0.52865
-0.1809,-0.98839
-0.1809,-0.66149
-0.1809,-0.36622
-0.1809,-0.59171
-0.1809,0.1814
-0.1809,-0.3372
-0.1809,-0.22205
-0.1809,-0.033445
-0.1809,0.12336
-0.1809,0.1997
-0.1809,0.53333
1.7239,1.6497
1.7239,1.4147
1.7239,1.3502
1.7239,2.616
1.7239,0.9528
1.7239,1.1603
1.7239,1.3031
1.7239,2.2663
1.7239,0.84477
1.7239,1.8249
1.7239,1.3898
1.7239,0.95826
1.7239,1.808
1.7239,2.1457
1.7239,2.2088
1.7239,1.7639
1.7239,1.0865
2.5194,2.6187
2.5194,3.0808
2.5194,3.419
2.5194,2.9101
2.5194,2.9564
2.5194,1.6922
2.5194,2.4385
2.5194,2.0556
2.5194,2.9441
2.5194,2.294
2.5194,2.5493
2.5194,1.8031
1.9593,1.5866
1.9593,1.5484
1.9593,2.9101
1.9593,2.0083
1.9593,1.6922
1.9593,2.4385
1.9593,2.0556
1.9593,2.2238
1.9593,2.5493
1.9593,2.3935
1.9593,2.6384
1.9593,1.2114
1.8523,2.6187
1.8523,2.5721
1.8523,2.294
1.8523,1.8031
-5.3439,-5.4881
-5.3439,-6.1264
-5.3439,-5.8036
-5.3439,-5.979
-5.3439,-4.9355
-5.3439,-4.8126
-5.3439,-4.3731
-5.3439,-5.6141
-5.3439,-5.6644
-5.3439,-5.0031
-0.21769,0.60514
-0.21769,-0.074758
-0.21769,0.16515
-0.21769,-1.1704
-0.21769,-0.55574
2.9564,2.6187
2.9564,3.0808
2.9564,3.419
2.9564,3.5412
2.9564,3.7033
2.9564,2.9101
2.9564,2.5194
2.9564,3.7648
2.9564,2.4385
2.9564,2.0556
2.9564,2.9441
2.9564,2.294
2.9564,2.5493
2.9564,3.2328
2.9564,3.4684
2.9564,3.2361
-3.8185,-4.1311
-3.8185,-4.3962
-3.8185,-4.4741
-3.8185,-3.8295
5.3368,5.3126
5.3368,5.4348
5.3368,4.8677
5.3368,4.7908
5.3368,4.5815
1.3031,1.463
1.3031,1.6497
1.3031,1.3502
1.3031,1.0749
1.3031,0.9528
1.3031,1.1603
1.3031,1.7239
1.3031,2.2304
1.3031,0.64653
1.3031,0.84477
1.3031,0.39013
1.3031,2.2088
1.3031,1.7639
1.3031,0.59711
-4.3962,-4.8126
-4.3962,-3.8185
-4.3962,-4.3731
-4.3962,-5.1346
-4.3962,-4.4741
-4.3962,-4.8474
-4.3962,-5.0031
-4.3962,-3.8295
2.7432,3.6568
2.7432,2.2349
2.7432,2.8062
2.7432,3.1054
2.7432,2.9101
2.7432,3.2052
2.7432,3.6437
2.7432,2.0083
2.7432,2.934
2.7432,3.5543
2.7432,3.1679
2.7432,2.2238
2.7432,2.5493
2.7432,2.3935
2.7432,3.2298
2.7432,3.2328
2.7432,2.6384
2.7432,2.5869
3.6437,3.6568
3.6437,2.8062
3.6437,3.1054
3.6437,3.2052
3.6437,3.9268
3.6437,2.7432
3.6437,4.0954
3.6437,3.552
3.6437,4.4181
3.6437,3.5543
3.6437,3.1679
3.6437,3.782
3.6437,3.2298
3.6437,4.0093
3.6437,4.3074
-1.4114,-0.68616
-1.4114,-1.5382
-1.4114,-1.0366
-1.4114,-0.6934
4.2374,4.5167
4.2374,4.7234
4.2374,4.1313
4.2374,3.419
4.2374,3.5412
4.2374,3.7033
4.2374,3.7648
4.2374,4.0935
4.2374,4.3387
4.2374,4.7532
4.2374,3.9935
4.2374,3.4684
-0.98839,-1.112
-0.98839,-1.5382
-0.98839,-1.4289
-0.98839,-0.89918
-0.98839,-0.59095
-0.98839,-0.1809
-0.98839,-0.66149
-0.98839,-0.36622
-0.98839,-0.59171
-0.98839,-1.5191
-0.98839,-0.3372
-0.98839,-1.0366
-0.98839,-0.22205
-0.98839,-0.6934
-0.98839,-1.7529
3.6055,3.6568
3.6055,3.0808
3.6055,4.1313
3.6055,4.2213
3.6055,3.7033
3.6055,2.9101
3.6055,3.2052
3.6055,4.0954
3.6055,3.7648
3.6055,2.934
3.6055,4.0935
3.6055,4.3387
3.6055,3.5543
3.6055,3.2298
3.6055,3.2328
3.6055,4.0093
3.6055,2.6384
3.6055,3.4684
3.6055,4.5815
-0.66149,-1.112
-0.66149,-0.10078
-0.66149,-1.4289
-0.66149,-0.89918
-0.66149,-0.59095
-0.66149,-0.55265
-0.66149,-0.1809
-0.66149,-0.98839
-0.66149,-0.36622
-0.66149,-0.79588
-0.66149,-0.59171
-0.66149,-1.5191
-0.66149,-0.22205
-0.66149,-0.033445
-0.66149,0.12336
-0.66149,0.1997
0.98367,0.28938
0.98367,1.4147
0.98367,1.0032
0.98367,1.4699
0.98367,1.0048
0.98367,0.5686
0.98367,0.16786
0.98367,0.63671
0.98367,0.52865
0.98367,1.9192
0.98367,1.3574
0.98367,0.68682
0.98367,1.3898
0.98367,0.1814
0.98367,0.95826
0.98367,1.808
0.98367,0.12336
2.2663,1.4147
2.2663,2.616
2.2663,2.5448
2.2663,1.7239
2.2663,1.9192
2.2663,1.8249
2.2663,1.3898
2.2663,1.808
2.2663,2.1457
2.2663,3.0308
2.0083,2.2349
2.0083,2.8062
2.0083,1.5866
2.0083,1.5484
2.0083,1.9593
2.0083,2.7432
2.0083,2.934
2.0083,2.2238
2.0083,2.5493
2.0083,2.3935
2.0083,1.2231
2.0083,2.6384
2.0083,1.8323
1.6922,1.5484
1.6922,2.5194
1.6922,1.9593
1.6922,2.4385
1.6922,2.0556
1.6922,2.294
1.6922,2.5493
1.6922,1.2114
1.6922,1.8031
3.2446,3.1054
3.2446,3.552
3.2446,2.7691
3.2446,3.782
4.0954,3.6568
4.0954,4.1313
4.0954,4.2213
4.0954,3.2052
4.0954,3.9268
4.0954,4.8055
4.0954,3.6437
4.0954,3.6055
4.0954,3.552
4.0954,4.4181
4.0954,3.5543
4.0954,3.1679
4.0954,4.7908
4.0954,3.2298
4.0954,4.0093
4.0954,4.3074
4.0954,4.5815
2.2304,1.463
2.2304,1.6497
2.2304,2.9475
2.2304,1.3031
2.2304,2.2088
2.2304,1.7639
0.64653,1.463
0.64653,0.60514
0.64653,1.0749
0.64653,0.023137
0.64653,0.9528
0.64653,1.1603
0.64653,0.28939
0.64653,-0.074758
0.64653,1.3031
0.64653,0.39013
0.64653,0.16515
0.64653,0.59711
3.7648,3.6568
3.7648,4.7234
3.7648,3.0808
3.7648,4.1313
3.7648,3.419
3.7648,4.2213
3.7648,3.7033
3.7648,2.9101
3.7648,2.9564
3.7648,4.2374
3.7648,3.6055
3.7648,4.0935
3.7648,4.3387
3.7648,3.2298
3.7648,3.2328
3.7648,4.0093
3.7648,3.4684
3.7648,4.5815
5.4348,4.7234
5.4348,5.3368
5.4348,4.8677
5.4348,4.7532
5.4348,5.327
-0.36622,0.4404
-0.36622,-1.112
-0.36622,-0.10078
-0.36622,-0.89918
-0.36622,0.5686
-0.36622,0.023137
-0.36622,-0.59095
-0.36622,-0.55265
-0.36622,0.28939
-0.36622,-0.1809
-0.36622,-0.98839
-0.36622,-0.66149
-0.36622,-0.79588
-0.36622,-0.59171
-0.36622,0.1814
-0.36622,-0.22205
-0.36622,-0.033445
-0.36622,0.12336
-0.36622,-0.37928
-0.36622,0.1997
-0.36622,0.53333
0.85953,1.5866
0.85953,1.5484
0.85953,1.2231
0.85953,1.2114
-0.79588,-1.112
-0.79588,-0.10078
-0.79588,-1.4289
-0.79588,-0.89918
-0.79588,-0.59534
-0.79588,0.023137
-0.79588,-0.55265
-0.79588,-0.074758
-0.79588,-0.66149
-0.79588,-0.36622
-0.79588,-1.0342
-0.79588,-0.033445
-0.79588,-0.37928
-0.79588,-1.325
4.8677,4.7234
4.8677,4.1313
4.8677,4.2213
4.8677,5.3368
4.8677,5.4348
4.8677,4.3387
4.8677,4.7532
4.8677,4.7908
4.8677,4.5815
-6.188,-6.2979
-6.188,-5.4881
-6.188,-6.3337
-6.188,-5.8036
-6.188,-5.979
-6.188,-6.7639
-6.188,-5.5795
-6.188,-5.8209
-6.188,-6.8345
2.934,3.6568
2.934,2.8062
2.934,3.0808
2.934,2.9101
2.934,3.2052
2.934,2.7432
2.934,3.6055
2.934,2.0083
2.934,2.4385
2.934,3.5543
2.934,3.1679
2.934,2.2238
2.934,2.5493
2.934,2.3935
2.934,3.2298
2.934,3.2328
2.934,2.6384
2.4385,3.0808
2.4385,2.9101
2.4385,2.5194
2.4385,1.9593
2.4385,2.9564
2.4385,1.6922
2.4385,2.934
2.4385,2.0556
2.4385,2.9441
2.4385,2.294
2.4385,2.2238
2.4385,2.5493
2.4385,3.2328
2.4385,2.6384
2.4385,1.8031
0.84477,0.4404
0.84477,1.6497
0.84477,1.4147
0.84477,-0.10078
0.84477,1.0032
0.84477,0.5686
0.84477,1.3502
0.84477,0.023137
0.84477,0.9528
0.84477,1.1603
0.84477,0.28939
0.84477,1.7239
0.84477,1.3031
0.84477,0.39013
0.84477,0.95826
0.84477,-0.033445
0.84477,0.59711
0.84477,0.1997
0.84477,1.0865
0.84477,0.53333
1.9192,1.4147
1.9192,1.4699
1.9192,1.9332
1.9192,2.5448
1.9192,0.98367
1.9192,2.2663
1.9192,1.3574
1.9192,1.8249
1.9192,1.3898
1.9192,1.808
3.552,2.8062
3.552,3.1054
3.552,3.2052
3.552,3.9268
3.552,3.6437
3.552,3.2446
3.552,4.0954
3.552,3.5543
3.552,3.1679
3.552,2.7691
3.552,3.782
3.552,4.3074
3.552,2.5869
0.39013,0.4404
0.39013,-0.10078
0.39013,-0.59534
0.39013,1.0749
0.39013,0.023137
0.39013,0.9528
0.39013,1.1603
0.39013,0.28939
0.39013,-0.074758
0.39013,1.3031
0.39013,0.64653
0.39013,0.84477
0.39013,0.16515
0.39013,-0.37928
0.39013,0.59711
4.4181,3.6568
4.4181,5.3126
4.4181,4.2213
4.4181,3.9268
4.4181,4.8055
4.4181,3.6437
4.4181,4.0954
4.4181,3.5543
4.4181,4.7908
4.4181,4.0093
4.4181,4.3074
4.4181,4.5815
-5.5795,-6.2979
-5.5795,-5.4881
-5.5795,-6.3337
-5.5795,-5.0012
-5.5795,-5.8036
-5.5795,-5.979
-5.5795,-5.5045
-5.5795,-6.188
-5.5795,-5.1346
-5.5795,-4.8474
-5.5795,-5.8209
-5.5795,-5.0031
1.3574,1.4147
1.3574,1.0032
1.3574,1.4699
1.3574,1.9332
1.3574,1.0048
1.3574,0.63671
1.3574,0.52865
1.3574,0.98367
1.3574,1.9192
1.3574,1.8249
1.3574,0.68682
1.3574,1.3898
1.3574,0.95826
1.3574,1.808
-0.59171,-1.112
-0.59171,-1.5382
-0.59171,-0.14163
-0.59171,-0.59095
-0.59171,0.16786
-0.59171,-0.1809
-0.59171,-0.98839
-0.59171,-0.66149
-0.59171,-0.36622
-0.59171,-1.5191
-0.59171,0.1814
-0.59171,-0.3372
-0.59171,-1.0366
-0.59171,-0.22205
-0.59171,0.12336
-0.59171,-0.6934
4.0935,4.7234
4.0935,4.1313
4.0935,3.419
4.0935,3.5412
4.0935,4.2213
4.0935,3.7033
4.0935,4.2374
4.0935,3.6055
4.0935,3.7648
4.0935,4.3387
4.0935,4.7532
4.0935,3.9935
4.0935,3.4684
2.0556,1.5484
2.0556,2.9101
2.0556,2.5194
2.0556,1.9593
2.0556,2.9564
2.0556,1.6922
2.0556,2.4385
2.0556,2.294
2.0556,2.2238
2.0556,2.5493
2.0556,2.6384
2.0556,1.2114
2.0556,1.8031
4.3387,4.7234
4.3387,4.1313
4.3387,4.2213
4.3387,3.7033
4.3387,4.2374
4.3387,3.6055
4.3387,3.7648
4.3387,4.8677
4.3387,4.0935
4.3387,4.7532
4.3387,4.0093
4.3387,3.4684
4.3387,4.5815
4.5819,3.9268
4.5819,4.8055
4.5819,3.782
4.5819,4.3074
-1.5191,-1.112
-1.5191,-1.5382
-1.5191,-1.4289
-1.5191,-0.89918
-1.5191,-0.59095
-1.5191,-0.98839
-1.5191,-0.66149
-1.5191,-0.59171
-1.5191,-2.2263
-1.5191,-1.0366
-1.5191,-1.7529
-1.0342,-0.89918
-1.0342,-0.59534
-1.0342,-1.7007
-1.0342,-0.55265
-1.0342,-0.074758
-1.0342,-0.79588
-1.0342,-1.1704
-1.0342,-0.37928
-1.0342,-1.325
-1.0342,-0.55574
2.9441,2.6187
2.9441,3.0808
2.9441,2.5721
2.9441,3.419
2.9441,3.5412
2.9441,3.7033
2.9441,2.5194
2.9441,2.9564
2.9441,2.4385
2.9441,2.294
2.9441,3.4684
2.9441,3.2361
0.16515,-0.59534
0.16515,0.60514
0.16515,1.0749
0.16515,0.023137
0.16515,-0.074758
0.16515,-0.21769
0.16515,0.64653
0.16515,0.39013
0.16515,-0.37928
0.16515,0.59711
0.16515,-0.55574
-6.8203,-7.2754
-6.8203,-6.1264
-6.8203,-6.6228
-6.8203,-6.1276
3.5543,3.6568
3.5543,2.8062
3.5543,3.1054
3.5543,4.2213
3.5543,3.2052
3.5543,3.9268
3.5543,2.7432
3.5543,3.6437
3.5543,3.6055
3.5543,4.0954
3.5543,2.934
3.5543,3.552
3.5543,4.4181
3.5543,3.1679
3.5543,3.2298
3.5543,3.2328
3.5543,4.0093
3.1679,3.6568
3.1679,2.2349
3.1679,2.8062
3.1679,3.1054
3.1679,3.2052
3.1679,3.9268
3.1679,2.7432
3.1679,3.6437
3.1679,4.0954
3.1679,2.934
3.1679,3.552
3.1679,3.5543
3.1679,2.7691
3.1679,2.3935
3.1679,3.2298
3.1679,2.5869
-1.1704,-0.59534
-1.1704,-1.7007
-1.1704,-0.21769
-1.1704,-1.0342
-1.1704,-0.55574
4.7532,4.5167
4.7532,4.7234
4.7532,4.2374
4.7532,5.4348
4.7532,4.8677
4.7532,4.0935
4.7532,4.3387
4.7532,3.9935
4.7532,5.327
1.8249,1.6497
1.8249,1.4147
1.8249,1.0032
1.8249,1.3502
1.8249,2.616
1.8249,1.7239
1.8249,2.2663
1.8249,1.9192
1.8249,1.3574
1.8249,1.3898
1.8249,0.95826
1.8249,1.808
1.8249,2.1457
1.8249,2.2088
1.8249,1.0865
0.68682,0.52872
0.68682,0.28938
0.68682,1.0032
0.68682,1.4699
0.68682,1.0048
0.68682,-0.14163
0.68682,0.16786
0.68682,1.1878
0.68682,0.63671
0.68682,0.52865
0.68682,0.98367
0.68682,1.3574
0.68682,1.3898
0.68682,0.1814
2.294,2.6187
2.294,3.0808
2.294,2.5194
2.294,1.8523
2.294,2.9564
2.294,1.6922
2.294,2.4385
2.294,2.0556
2.294,2.9441
2.294,2.5493
2.294,1.8031
2.2238,2.2349
2.2238,1.5866
2.2238,1.5484
2.2238,2.9101
2.2238,1.9593
2.2238,2.7432
2.2238,2.0083
2.2238,2.934
2.2238,2.4385
2.2238,2.0556
2.2238,2.5493
2.2238,2.3935
2.2238,3.2298
2.2238,2.6384
1.3898,1.4147
1.3898,1.0032
1.3898,1.4699
1.3898,1.0048
1.3898,0.5686
1.3898,1.3502
1.3898,0.63671
1.3898,0.52865
1.3898,1.7239
1.3898,0.98367
1.3898,2.2663
1.3898,1.9192
1.3898,1.3574
1.3898,1.8249
1.3898,0.68682
1.3898,0.95826
1.3898,1.808
1.3898,1.0865
4.7908,5.3126
4.7908,4.2213
4.7908,4.8055
4.7908,5.3368
4.7908,4.0954
4.7908,4.8677
4.7908,4.4181
4.7908,4.0093
4.7908,4.5815
2.7691,2.8062
2.7691,3.1054
2.7691,1.987
2.7691,3.2446
2.7691,3.552
2.7691,3.1679
2.7691,2.5869
0.1814,0.28938
0.1814,1.0032
0.1814,0.5686
0.1814,-0.59095
0.1814,0.16786
0.1814,0.63671
0.1814,0.52865
0.1814,-0.1809
0.1814,0.98367
0.1814,-0.36622
0.1814,-0.59171
0.1814,0.68682
0.1814,-0.3372
0.1814,0.95826
0.1814,-0.22205
0.1814,-0.033445
0.1814,0.12336
0.1814,0.1997
0.1814,0.53333
-0.3372,-0.68616
-0.3372,0.28938
-0.3372,-0.14163
-0.3372,-0.59095
-0.3372,0.16786
-0.3372,0.52865
-0.3372,-0.1809
-0.3372,-0.98839
-0.3372,-0.59171
-0.3372,0.1814
-0.3372,-1.0366
-0.3372,-0.22205
-0.3372,0.12336
-0.3372,-0.6934
-4.3731,-4.9355
-4.3731,-4.8126
-4.3731,-5.3439
-4.3731,-4.3962
-4.3731,-4.3601
-4.3731,-5.0031
-4.3731,-3.8295
-5.6141,-6.1264
-5.6141,-5.203
-5.6141,-5.979
-5.6141,-4.9355
-5.6141,-5.3439
-5.6141,-6.1276
-5.6141,-5.6644
0.95826,0.4404
0.95826,1.4147
0.95826,1.0032
0.95826,0.5686
0.95826,1.3502
0.95826,1.1603
0.95826,0.28939
0.95826,0.63671
0.95826,0.52865
0.95826,1.7239
0.95826,0.98367
0.95826,0.84477
0.95826,1.3574
0.95826,1.8249
0.95826,1.3898
0.95826,0.1814
0.95826,1.808
0.95826,0.12336
0.95826,0.1997
0.95826,1.0865
0.95826,0.53333
-2.2263,-1.5382
-2.2263,-1.5191
-2.2263,-1.7529
2.5493,3.0808
2.5493,2.9101
2.5493,2.5194
2.5493,1.9593
2.5493,2.9564
2.5493,2.7432
2.5493,2.0083
2.5493,1.6922
2.5493,2.934
2.5493,2.4385
2.5493,2.0556
2.5493,2.294
2.5493,2.2238
2.5493,2.3935
2.5493,3.2298
2.5493,3.2328
2.5493,2.6384
2.5493,3.4684
3.782,3.1054
3.782,3.9268
3.782,3.6437
3.782,3.2446
3.782,3.552
3.782,4.5819
3.782,4.3074
-5.1346,-5.4881
-5.1346,-5.0012
-5.1346,-5.8036
-5.1346,-5.5045
-5.1346,-4.3962
-5.1346,-5.5795
-5.1346,-4.4741
-5.1346,-4.8474
-5.1346,-5.8209
-5.1346,-5.0031
-4.4741,-5.0012
-4.4741,-4.6743
-4.4741,-4.1311
-4.4741,-3.8185
-4.4741,-4.3962
-4.4741,-5.1346
-4.4741,-4.8474
-4.4741,-5.0031
-6.1276,-6.1264
-6.1276,-5.203
-6.1276,-6.8203
-6.1276,-5.6141
2.3935,2.2349
2.3935,2.8062
2.3935,1.5866
2.3935,3.2052
2.3935,1.9593
2.3935,2.7432
2.3935,2.0083
2.3935,2.934
2.3935,3.1679
2.3935,2.2238
2.3935,2.5493
2.3935,3.2298
2.3935,2.6384
2.3935,2.5869
2.3935,1.8323
3.2298,3.6568
3.2298,2.8062
3.2298,3.0808
3.2298,4.2213
3.2298,2.9101
3.2298,3.2052
3.2298,2.7432
3.2298,3.6437
3.2298,3.6055
3.2298,4.0954
3.2298,3.7648
3.2298,2.934
3.2298,3.5543
3.2298,3.1679
3.2298,2.2238
3.2298,2.5493
3.2298,2.3935
3.2298,3.2328
3.2298,4.0093
3.2298,2.6384
3.2298,3.4684
-4.8474,-5.4881
-4.8474,-5.0012
-4.8474,-5.8036
-4.8474,-4.8126
-4.8474,-4.3962
-4.8474,-5.5795
-4.8474,-5.1346
-4.8474,-4.4741
-4.8474,-5.0031
-1.0366,-1.112
-1.0366,-1.5382
-1.0366,-0.59095
-1.0366,-1.4114
-1.0366,-0.98839
-1.0366,-0.59171
-1.0366,-1.5191
-1.0366,-0.3372
-1.0366,-0.22205
-1.0366,-0.6934
1.808,1.4147
1.808,1.0032
1.808,1.4699
1.808,1.3502
1.808,2.5448
1.808,1.7239
1.808,0.98367
1.808,2.2663
1.808,1.9192
1.808,1.3574
1.808,1.8249
1.808,1.3898
1.808,0.95826
1.808,2.1457
1.808,1.0865
-0.22205,0.28938
-0.22205,-0.14163
-0.22205,-0.59095
-0.22205,0.16786
-0.22205,0.63671
-0.22205,0.52865
-0.22205,-0.1809
-0.22205,-0.98839
-0.22205,-0.66149
-0.22205,-0.36622
-0.22205,-0.59171
-0.22205,0.1814
-0.22205,-0.3372
-0.22205,-1.0366
-0.22205,-0.033445
-0.22205,0.12336
-0.22205,-0.6934
-0.22205,0.1997
3.2328,3.6568
3.2328,3.0808
3.2328,4.1313
3.2328,3.419
3.2328,3.7033
3.2328,2.9101
3.2328,3.2052
3.2328,2.9564
3.2328,2.7432
3.2328,3.6055
3.2328,3.7648
3.2328,2.934
3.2328,2.4385
3.2328,3.5543
3.2328,2.5493
3.2328,3.2298
3.2328,4.0093
3.2328,2.6384
3.2328,3.4684
2.1457,1.6497
2.1457,1.4147
2.1457,1.3502
2.1457,2.616
2.1457,2.9475
2.1457,1.7239
2.1457,2.2663
2.1457,1.8249
2.1457,1.808
2.1457,2.2088
2.1457,3.0308
-0.033445,0.4404
-0.033445,-0.10078
-0.033445,-0.89918
-0.033445,0.5686
-0.033445,0.023137
-0.033445,-0.59095
-0.033445,-0.55265
-0.033445,0.28939
-0.033445,0.63671
-0.033445,-0.1809
-0.033445,-0.66149
-0.033445,-0.36622
-0.033445,-0.79588
-0.033445,0.84477
-0.033445,0.1814
-0.033445,-0.22205
-0.033445,0.12336
-0.033445,-0.37928
-0.033445,0.59711
-0.033445,0.1997
-0.033445,0.53333
0.12336,0.4404
0.12336,-0.10078
0.12336,1.0032
0.12336,0.5686
0.12336,-0.59095
0.12336,0.16786
0.12336,0.63671
0.12336,0.52865
0.12336,-0.1809
0.12336,-0.66149
0.12336,0.98367
0.12336,-0.36622
0.12336,-0.59171
0.12336,0.1814
0.12336,-0.3372
0.12336,0.95826
0.12336,-0.22205
0.12336,-0.033445
0.12336,0.1997
0.12336,0.53333
2.2088,1.6497
2.2088,1.3502
2.2088,2.616
2.2088,2.9475
2.2088,1.7239
2.2088,1.3031
2.2088,2.2304
2.2088,1.8249
2.2088,2.1457
2.2088,1.7639
4.0093,3.6568
4.0093,4.1313
4.0093,4.2213
4.0093,3.2052
4.0093,3.9268
4.0093,3.6437
4.0093,3.6055
4.0093,4.0954
4.0093,3.7648
4.0093,4.4181
4.0093,4.3387
4.0093,3.5543
4.0093,4.7908
4.0093,3.2298
4.0093,3.2328
4.0093,4.5815
1.2231,1.5866
1.2231,2.0083
1.2231,0.85953
1.2231,1.8323
-0.6934,-0.68616
-0.6934,0.28938
-0.6934,-1.5382
-0.6934,-0.14163
-0.6934,0.16786
-0.6934,-1.4114
-0.6934,-0.98839
-0.6934,-0.59171
-0.6934,-0.3372
-0.6934,-1.0366
-0.6934,-0.22205
-5.2104,-5.0012
-5.2104,-4.6743
-5.2104,-5.5045
-5.2104,-5.8054
-5.2104,-5.8209
-5.2104,-4.8851
-5.2104,-5.9656
-4.3601,-5.203
-4.3601,-4.9355
-4.3601,-4.8126
-4.3601,-4.3731
-0.37928,0.4404
-0.37928,-0.10078
-0.37928,-0.89918
-0.37928,-0.59534
-0.37928,0.023137
-0.37928,-0.55265
-0.37928,0.28939
-0.37928,-0.074758
-0.37928,-0.36622
-0.37928,-0.79588
-0.37928,0.39013
-0.37928,-1.0342
-0.37928,0.16515
-0.37928,-0.033445
-0.37928,-1.325
-0.37928,0.59711
-0.37928,-0.55574
-5.8054,-5.5045
-5.8054,-5.2104
-5.8054,-4.8851
-5.8054,-5.9656
-5.8209,-6.2979
-5.8209,-5.4881
-5.8209,-5.0012
-5.8209,-5.8036
-5.8209,-6.7639
-5.8209,-5.5045
-5.8209,-6.188
-5.8209,-5.5795
-5.8209,-5.1346
-5.8209,-5.2104
-5.8209,-5.9656
-1.325,-1.112
-1.325,-1.4289
-1.325,-0.89918
-1.325,-0.59534
-1.325,-2.123
-1.325,-1.7007
-1.325,-0.55265
-1.325,-0.79588
-1.325,-1.0342
-1.325,-0.37928
-1.325,-1.7529
1.7639,1.463
1.7639,1.6497
1.7639,1.3502
1.7639,1.0749
1.7639,0.9528
1.7639,1.1603
1.7639,1.7239
1.7639,1.3031
1.7639,2.2304
1.7639,2.2088
4.3074,3.9268
4.3074,4.8055
4.3074,3.6437
4.3074,4.0954
4.3074,3.552
4.3074,4.4181
4.3074,4.5819
4.3074,3.782
0.59711,0.4404
0.59711,-0.10078
0.59711,1.3502
0.59711,1.0749
0.59711,0.023137
0.59711,0.9528
0.59711,1.1603
0.59711,0.28939
0.59711,-0.074758
0.59711,1.3031
0.59711,0.64653
0.59711,0.84477
0.59711,0.39013
0.59711,0.16515
0.59711,-0.033445
0.59711,-0.37928
0.59711,1.0865
0.59711,0.53333
-4.8851,-4.6743
-4.8851,-5.2104
-4.8851,-5.8054
2.6384,2.8062
2.6384,3.0808
2.6384,2.9101
2.6384,3.2052
2.6384,1.9593
2.6384,2.7432
2.6384,3.6055
2.6384,2.0083
2.6384,2.934
2.6384,2.4385
2.6384,2.0556
2.6384,2.2238
2.6384,2.5493
2.6384,2.3935
2.6384,3.2298
2.6384,3.2328
2.5869,2.2349
2.5869,2.8062
2.5869,3.1054
2.5869,1.987
2.5869,3.2052
2.5869,2.7432
2.5869,3.552
2.5869,3.1679
2.5869,2.7691
2.5869,2.3935
2.5869,1.8323
1.8323,2.2349
1.8323,2.8062
1.8323,1.5866
1.8323,1.987
1.8323,2.0083
1.8323,2.3935
1.8323,1.2231
1.8323,2.5869
-5.6644,-5.4881
-5.6644,-6.3337
-5.6644,-6.1264
-5.6644,-5.8036
-5.6644,-5.979
-5.6644,-4.9355
-5.6644,-6.6228
-5.6644,-4.8126
-5.6644,-5.3439
-5.6644,-5.6141
-5.6644,-5.0031
-0.55574,-0.59534
-0.55574,0.023137
-0.55574,-0.074758
-0.55574,-0.21769
-0.55574,-1.0342
-0.55574,0.16515
-0.55574,-1.1704
-0.55574,-0.37928
-6.8345,-7.2754
-6.8345,-6.3337
-6.8345,-7.4294
-6.8345,-5.979
-6.8345,-6.7639
-6.8345,-6.6228
-6.8345,-6.188
1.2114,1.5484
1.2114,1.9593
1.2114,1.6922
1.2114,0.85953
1.2114,2.0556
1.2114,1.8031
3.9935,4.5167
3.9935,3.419
3.9935,3.7269
3.9935,3.5412
3.9935,3.7033
3.9935,4.2374
3.9935,4.0935
3.9935,4.7532
3.9935,3.2361
1.8031,2.6187
1.8031,2.5194
1.8031,1.8523
1.8031,1.6922
1.8031,2.4385
1.8031,2.0556
1.8031,2.294
1.8031,1.2114
0.1997,0.4404
0.1997,-0.10078
0.1997,1.0032
0.1997,0.5686
0.1997,0.023137
0.1997,-0.59095
0.1997,-0.55265
0.1997,0.28939
0.1997,0.63671
0.1997,0.52865
0.1997,-0.1809
0.1997,-0.66149
0.1997,-0.36622
0.1997,0.84477
0.1997,0.1814
0.1997,0.95826
0.1997,-0.22205
0.1997,-0.033445
0.1997,0.12336
0.1997,1.0865
0.1997,0.53333
3.4684,3.6568
3.4684,3.0808
3.4684,4.1313
3.4684,3.419
3.4684,3.5412
3.4684,4.2213
3.4684,3.7033
3.4684,2.9101
3.4684,2.9564
3.4684,4.2374
3.4684,3.6055
3.4684,3.7648
3.4684,4.0935
3.4684,4.3387
3.4684,2.9441
3.4684,2.5493
3.4684,3.2298
3.4684,3.2328
3.0308,2.616
3.0308,2.5448
3.0308,2.2663
3.0308,2.1457
-5.0031,-5.4881
-5.0031,-5.8036
-5.0031,-5.979
-5.0031,-4.9355
-5.0031,-4.8126
-5.0031,-5.3439
-5.0031,-4.3962
-5.0031,-5.5795
-5.0031,-4.3731
-5.0031,-5.1346
-5.0031,-4.4741
-5.0031,-4.8474
-5.0031,-5.6644
-5.9656,-6.2979
-5.9656,-6.8425
-5.9656,-5.5045
-5.9656,-5.2104
-5.9656,-5.8054
-5.9656,-5.8209
-3.8295,-4.8126
-3.8295,-3.8185
-3.8295,-4.3962
-3.8295,-4.3731
1.0865,0.4404
1.0865,1.6497
1.0865,1.4147
1.0865,1.0032
1.0865,0.5686
1.0865,1.3502
1.0865,0.9528
1.0865,1.1603
1.0865,0.28939
1.0865,0.63671
1.0865,1.7239
1.0865,0.84477
1.0865,1.8249
1.0865,1.3898
1.0865,0.95826
1.0865,1.808
1.0865,0.59711
1.0865,0.1997
1.0865,0.53333
-1.7529,-1.112
-1.7529,-1.4289
-1.7529,-0.89918
-1.7529,-2.123
-1.7529,-0.98839
-1.7529,-1.5191
-1.7529,-2.2263
-1.7529,-1.325
3.2361,2.6187
3.2361,2.5721
3.2361,3.419
3.2361,3.7269
3.2361,3.5412
3.2361,2.9564
3.2361,2.9441
3.2361,3.9935
4.5815,3.6568
4.5815,4.7234
4.5815,4.1313
4.5815,4.2213
4.5815,5.3368
4.5815,3.6055
4.5815,4.0954
4.5815,3.7648
4.5815,4.8677
4.5815,4.4181
4.5815,4.3387
4.5815,4.7908
4.5815,4.0093
0.53333,0.4404
0.53333,1.4147
0.53333,-0.10078
0.53333,1.0032
0.53333,0.5686
0.53333,1.3502
0.53333,0.023137
0.53333,0.9528
0.53333,1.1603
0.53333,0.28939
0.53333,0.63671
0.53333,-0.1809
0.53333,-0.36622
0.53333,0.84477
0.53333,0.1814
0.53333,0.95826
0.53333,-0.033445
0.53333,0.12336
0.53333,0.59711
0.53333,0.1997
0.53333,1.0865
5.327,4.5167
5.327,4.7234
5.327,5.4348
5.327,4.7532
