5.2482,4.6338
5.2482,5.2831
5.2482,4.5386
5.2482,5.1569
5.2482,5.6901
5.2482,5.5344
5.2482,5.4958
5.2482,5.2718
5.2482,6.0825
5.2482,6.2317
5.2482,4.9086
5.2482,5.0494
5.2482,5.657
5.2482,4.5383
5.2482,4.9834
5.2482,5.6973
5.2482,5.8502
5.2482,4.6493
5.2482,4.9622
5.2482,4.9067
-3.7382,-3.6504
-3.7382,-2.9722
-3.7382,-4.3073
-5.2947,-5.6207
-5.2947,-4.5076
-5.2947,-4.9473
-5.2947,-5.6028
-5.2947,-4.6502
-5.2947,-4.8277
-5.2947,-4.9181
-5.2947,-5.2813
-5.2947,-5.8877
-4.2129,-4.2163
-4.2129,-3.3698
-4.2129,-4.5076
-4.2129,-3.9548
-4.2129,-3.8298
-4.2129,-3.7242
-4.2129,-4.2665
-4.2129,-4.6502
-4.2129,-4.8277
-4.2129,-4.9181
-4.2129,-4.7937
-4.2129,-3.616
-4.2129,-4.3629
2.824,3.2321
2.824,3.2
2.824,3.027
2.824,3.6485
2.824,2.7494
2.824,2.3779
2.824,3.6896
2.824,3.4927
4.6597,5.2831
4.6597,4.9605
4.6597,5.1253
4.6597,4.2919
4.6597,5.1616
4.6597,4.4275
4.6597,4.3428
4.6597,4.6668
4.6597,4.9086
4.6597,5.5335
4.6597,3.9082
4.6597,4.2965
4.6597,3.8277
4.6597,3.9544
4.6597,4.9834
4.6597,4.882
2.6493,3.027
2.6493,2.3779
2.6493,3.1495
2.6493,3.504
2.6493,3.3338
-4.2163,-4.2129
-4.2163,-3.3698
-4.2163,-4.5076
-4.2163,-3.9548
-4.2163,-4.9473
-4.2163,-3.6504
-4.2163,-4.6502
-4.2163,-4.8277
-4.2163,-3.616
-4.2163,-4.3073
6.5801,6.8801
6.5801,6.2646
6.5801,5.8922
6.5801,6.0222
6.5801,5.9641
3.2321,2.824
3.2321,3.2
3.2321,3.027
3.2321,3.6485
3.2321,2.3779
3.2321,3.8814
3.2321,3.6896
3.2321,3.4927
3.2321,4.0478
3.2321,3.504
3.2321,3.9544
3.2321,3.3338
5.4922,4.6338
5.4922,5.1569
5.4922,6.2646
5.4922,5.5344
5.4922,5.4958
5.4922,4.9716
5.4922,5.8922
5.4922,6.0222
5.4922,4.5473
5.4922,4.8816
5.4922,5.4341
5.4922,5.9641
5.4922,4.9622
-5.6207,-5.2947
-5.6207,-4.9473
-5.6207,-5.8877
-3.3698,-4.2129
-3.3698,-4.2163
-3.3698,-3.9548
-3.3698,-3.6504
-3.3698,-3.7242
-3.3698,-2.9722
-3.3698,-3.1787
-3.3698,-2.5657
-3.3698,-3.616
-2.4125,-1.9255
-2.4125,-3.174
-2.4125,-2.938
-2.4125,-2.9836
-2.4125,-1.8211
-2.4125,-3.1179
-2.4125,-2.7795
-2.4125,-2.6686
-2.4125,-2.2648
-2.4125,-2.4126
-4.6378,-4.2172
-4.6378,-4.6113
-4.6378,-3.7599
-4.6378,-4.6485
-4.6378,-4.5038
-4.6378,-5.1987
-4.6378,-4.2326
-4.6378,-5.184
-4.6378,-4.0344
-4.6378,-4.0979
-4.6378,-5.3882
-4.6378,-4.9371
-4.6378,-5.0432
-4.6378,-4.32
-4.6378,-3.9508
-4.6378,-4.8303
-4.6378,-3.6578
-4.6378,-4.8048
4.6338,5.2482
4.6338,5.4922
4.6338,4.1308
4.6338,4.5386
4.6338,5.1569
4.6338,5.5344
4.6338,5.4958
4.6338,4.2188
4.6338,4.9716
4.6338,4.2505
4.6338,5.0494
4.6338,3.9027
4.6338,4.5473
4.6338,3.8629
4.6338,4.5383
4.6338,4.2742
4.6338,4.8816
4.6338,4.9622
4.6338,4.9067
3.6558,3.1495
3.6558,4.3428
3.6558,4.2965
3.6558,4.4262
3.6558,3.8277
-3.0044,-2.4083
-3.0044,-3.4971
-3.0044,-3.7449
-3.0044,-3.0239
5.2831,5.2482
5.2831,4.6597
5.2831,5.1253
5.2831,6.0143
5.2831,5.6901
5.2831,5.1616
5.2831,5.2718
5.2831,6.0825
5.2831,4.4275
5.2831,4.6668
5.2831,4.9086
5.2831,5.5335
5.2831,5.657
5.2831,6.0246
5.2831,4.9834
5.2831,4.3482
5.2831,5.6973
5.2831,4.6493
5.2831,4.9067
-4.1008,-4.2172
-4.1008,-4.6113
-4.1008,-3.4971
-4.1008,-4.6924
-4.1008,-4.6196
-4.1008,-3.7028
-4.1008,-4.1422
-4.1008,-3.7449
-4.1008,-4.8048
-4.1008,-3.9594
-5.4503,-6.0072
-5.4503,-5.6028
-5.4503,-5.4491
-5.4503,-4.9181
-5.4503,-4.8514
-5.4503,-4.7937
-5.4503,-6.0065
-5.4503,-5.2813
-4.5076,-5.2947
-4.5076,-4.2129
-4.5076,-4.2163
-4.5076,-3.9548
-4.5076,-3.7242
-4.5076,-4.6502
-4.5076,-4.8277
-4.5076,-4.9181
-4.5076,-4.7937
-4.5076,-5.2813
-4.5076,-3.616
-4.5076,-4.3629
-4.7109,-4.8477
-4.7109,-5.4163
-4.7109,-5.3974
-4.7109,-4.5038
-4.7109,-4.1424
-4.7109,-5.0432
-4.7109,-3.795
-4.7109,-4.3298
-4.7109,-4.2256
-4.7109,-3.997
-4.7109,-5.2154
-4.7109,-4.8343
-4.8477,-4.7109
-4.8477,-5.4163
-4.8477,-4.6485
-4.8477,-4.5038
-4.8477,-5.1987
-4.8477,-4.1424
-4.8477,-4.0979
-4.8477,-4.9371
-4.8477,-5.0432
-4.8477,-5.7515
-4.8477,-4.3298
-4.8477,-4.32
-4.8477,-3.997
-4.8477,-5.2154
4.1308,4.6338
4.1308,3.2
4.1308,4.5386
4.1308,4.2188
4.1308,3.8814
4.1308,3.6896
4.1308,5.0494
4.1308,3.9027
4.1308,3.4022
4.1308,4.5473
4.1308,3.4927
4.1308,3.8629
4.1308,4.0478
4.1308,4.5383
4.1308,4.2742
4.1308,4.3482
4.1308,4.6493
4.1308,4.9622
4.1308,4.9067
-3.4737,-3.174
-3.4737,-3.5306
-3.4737,-3.7599
-3.4737,-2.9836
-3.4737,-3.1179
-3.4737,-4.2326
-3.4737,-4.0344
-3.4737,-4.0979
-3.4737,-3.2968
-3.4737,-3.0856
-3.4737,-2.7795
-3.4737,-2.6686
-3.4737,-3.6234
-3.4737,-4.32
-3.4737,-3.9508
-3.4737,-3.6578
-2.6303,-3.1619
-2.6303,-3.1787
-2.6303,-2.5657
-2.6303,-3.0484
3.1094,3.6466
3.1094,3.2
3.1094,2.7494
3.1094,3.586
3.1094,3.6896
3.1094,3.9027
3.1094,3.4022
3.1094,3.8629
-5.7893,-5.796
-5.7893,-5.1106
-5.7893,-5.3882
-5.7893,-6.4759
-5.7893,-5.2794
4.9605,4.6597
4.9605,5.1253
4.9605,5.4227
4.9605,5.1616
4.9605,4.3428
4.9605,4.6668
4.9605,5.5335
4.9605,4.2965
4.9605,5.6198
4.9605,4.882
-3.6367,-3.0812
-3.6367,-3.4281
-3.6367,-4.1424
-3.6367,-3.0302
-3.6367,-3.795
-3.6367,-4.3298
-3.6367,-4.2256
-3.6367,-3.997
3.6466,3.1094
3.6466,3.586
3.6466,4.2505
3.6466,3.9027
3.6466,3.4022
3.6466,4.5473
3.6466,3.8629
3.6466,4.2742
-1.9255,-2.4125
-1.9255,-1.8211
-1.9255,-2.7795
-1.9255,-2.4126
-4.2172,-4.6378
-4.2172,-4.1008
-4.2172,-4.6113
-4.2172,-3.5306
-4.2172,-3.4971
-4.2172,-4.2326
-4.2172,-4.0344
-4.2172,-4.6196
-4.2172,-3.7028
-4.2172,-4.1422
-4.2172,-3.9508
-4.2172,-4.8303
-4.2172,-3.6578
-4.2172,-4.8048
5.1253,4.6597
5.1253,5.2831
5.1253,4.9605
5.1253,4.2919
5.1253,5.1616
5.1253,4.3428
5.1253,4.6668
5.1253,4.9086
5.1253,5.5335
5.1253,4.2965
5.1253,6.0246
5.1253,5.6973
5.1253,5.6198
5.1253,4.882
6.0143,5.2831
6.0143,5.6901
6.0143,5.1616
6.0143,6.0825
6.0143,5.5335
6.0143,6.0246
6.0143,6.7546
6.0143,5.6973
6.0143,6.3587
3.2,2.824
3.2,3.2321
3.2,4.1308
3.2,3.1094
3.2,3.6485
3.2,2.7494
3.2,3.8814
3.2,3.6896
3.2,3.4022
3.2,3.4927
3.2,3.8629
5.4227,4.9605
5.4227,6.2185
5.4227,5.6198
5.4227,4.882
4.5386,5.2482
4.5386,4.6338
4.5386,4.1308
4.5386,5.2718
4.5386,4.2188
4.5386,3.8814
4.5386,4.4275
4.5386,3.6896
4.5386,4.9086
4.5386,5.0494
4.5386,3.8629
4.5386,4.0478
4.5386,4.5383
4.5386,4.2742
4.5386,4.9834
4.5386,4.3482
4.5386,4.6493
4.5386,4.9622
4.5386,4.9067
-3.0812,-3.6367
-3.0812,-3.4281
-3.0812,-2.6086
-3.0812,-3.0302
-3.0812,-3.2968
-3.0812,-3.0856
-3.0812,-3.795
-3.0812,-3.6234
-3.0812,-2.3902
3.027,2.824
3.027,2.6493
3.027,3.2321
3.027,3.6485
3.027,2.3779
3.027,3.1495
3.027,3.4927
3.027,3.504
3.027,3.9544
3.027,3.3338
-3.174,-2.4125
-3.174,-3.4737
-3.174,-2.938
-3.174,-3.5306
-3.174,-2.9836
-3.174,-3.1179
-3.174,-3.4971
-3.174,-4.0344
-3.174,-3.7028
-3.174,-2.7795
-3.174,-3.9508
-3.174,-3.0239
-3.174,-3.6578
-3.174,-2.4126
6.2185,5.4227
6.2185,5.5335
6.2185,6.0246
6.2185,6.7546
6.2185,5.6198
6.8801,6.5801
6.8801,6.2646
6.8801,6.9629
6.8801,6.2317
6.8801,6.5365
-2.4083,-3.0044
-2.4083,-2.938
-2.4083,-3.0239
-2.4083,-2.4126
5.1569,5.2482
5.1569,5.4922
5.1569,4.6338
5.1569,5.5344
5.1569,5.4958
5.1569,4.9716
5.1569,5.8922
5.1569,5.0494
5.1569,4.5473
5.1569,4.5383
5.1569,4.2742
5.1569,4.8816
5.1569,5.4341
5.1569,5.9641
5.1569,5.8502
5.1569,4.9622
5.1569,4.9067
-5.4163,-4.7109
-5.4163,-4.8477
-5.4163,-4.6485
-5.4163,-5.6583
-5.4163,-4.5038
-5.4163,-5.1987
-5.4163,-6.2954
-5.4163,-5.7465
-5.4163,-4.9371
-5.4163,-5.0432
-5.4163,-5.7515
-5.4163,-5.2154
-6.0072,-5.4503
-6.0072,-5.4491
-6.0072,-6.0065
-6.0072,-6.7211
-4.7833,-4.9473
-4.7833,-4.3073
-2.938,-2.4125
-2.938,-3.174
-2.938,-2.4083
-2.938,-3.5306
-2.938,-3.1179
-2.938,-3.4971
-2.938,-3.7028
-2.938,-2.7795
-2.938,-3.0239
-2.938,-3.6578
-2.938,-2.4126
6.2646,6.5801
6.2646,5.4922
6.2646,6.8801
6.2646,5.5344
6.2646,5.4958
6.2646,5.8922
6.2646,6.2317
6.2646,5.657
6.2646,6.5365
6.2646,5.9641
6.2646,5.8502
-3.9548,-4.2129
-3.9548,-4.2163
-3.9548,-3.3698
-3.9548,-4.5076
-3.9548,-3.6504
-3.9548,-3.7242
-3.9548,-4.6502
-3.9548,-4.8277
-3.9548,-3.1787
-3.9548,-3.616
-3.9548,-4.3073
-3.9548,-4.3629
5.6901,5.2482
5.6901,5.2831
5.6901,6.0143
5.6901,5.5344
5.6901,5.1616
5.6901,5.2718
5.6901,6.0825
5.6901,6.2317
5.6901,4.9086
5.6901,5.5335
5.6901,5.0494
5.6901,5.657
5.6901,6.5365
5.6901,4.9834
5.6901,5.6973
5.6901,5.8502
5.6901,6.3587
5.6901,4.9067
-5.3974,-4.7109
-5.3974,-5.7515
-5.3974,-5.2154
-5.3974,-4.8343
-4.6113,-4.6378
-4.6113,-4.1008
-4.6113,-4.2172
-4.6113,-4.2326
-4.6113,-5.184
-4.6113,-4.0344
-4.6113,-4.6196
-4.6113,-5.3882
-4.6113,-3.7028
-4.6113,-4.1422
-4.6113,-4.9371
-4.6113,-5.2794
-4.6113,-4.32
-4.6113,-3.9508
-4.6113,-4.8303
-4.6113,-4.8048
-3.5306,-3.4737
-3.5306,-4.2172
-3.5306,-3.174
-3.5306,-2.938
-3.5306,-3.7599
-3.5306,-3.1179
-3.5306,-3.4971
-3.5306,-4.2326
-3.5306,-4.0344
-3.5306,-3.7028
-3.5306,-4.1422
-3.5306,-2.7795
-3.5306,-3.9508
-3.5306,-3.0239
-3.5306,-3.6578
4.801,5.2742
4.801,4.9716
4.801,4.2505
4.801,4.5473
4.801,4.8816
4.801,5.4341
4.801,4.2824
-4.9473,-5.2947
-4.9473,-4.2163
-4.9473,-5.6207
-4.9473,-4.7833
-4.9473,-4.6502
-4.9473,-4.8277
-4.9473,-4.3073
4.2919,4.6597
4.2919,5.1253
4.2919,3.6485
4.2919,5.1616
4.2919,4.4275
4.2919,4.3428
4.2919,4.6668
4.2919,4.9086
4.2919,3.9082
4.2919,4.2965
4.2919,4.0478
4.2919,3.504
4.2919,3.8277
4.2919,3.9544
4.2919,4.9834
4.2919,4.3482
4.2919,3.3338
4.2919,4.6493
3.6485,2.824
3.6485,3.2321
3.6485,3.2
3.6485,3.027
3.6485,4.2919
3.6485,4.2188
3.6485,3.8814
3.6485,4.4275
3.6485,3.6896
3.6485,3.9082
3.6485,3.4927
3.6485,4.0478
3.6485,3.504
3.6485,3.9544
3.6485,4.3482
3.6485,3.3338
5.2742,4.801
5.2742,6.0222
5.2742,4.8816
5.2742,5.4341
5.2742,4.2824
-3.1619,-2.6303
-3.1619,-3.8298
-3.1619,-3.7242
-3.1619,-3.7325
-3.1619,-3.1787
-3.1619,-3.0484
-3.1619,-3.616
5.5344,5.2482
5.5344,5.4922
5.5344,4.6338
5.5344,5.1569
5.5344,6.2646
5.5344,5.6901
5.5344,5.4958
5.5344,5.2718
5.5344,6.0825
5.5344,5.8922
5.5344,6.2317
5.5344,5.0494
5.5344,5.657
5.5344,4.5383
5.5344,5.8502
5.5344,4.9622
5.5344,4.9067
-5.6028,-5.2947
-5.6028,-5.4503
-5.6028,-4.8277
-5.6028,-4.9181
-5.6028,-4.7937
-5.6028,-6.0065
-5.6028,-6.4485
-5.6028,-5.2813
-5.6028,-5.8877
2.7494,2.824
2.7494,3.1094
2.7494,3.2
2.7494,3.6896
2.7494,3.4022
2.7494,3.4927
5.1616,4.6597
5.1616,5.2831
5.1616,4.9605
5.1616,5.1253
5.1616,6.0143
5.1616,5.6901
5.1616,4.2919
5.1616,5.2718
5.1616,4.4275
5.1616,4.3428
5.1616,4.6668
5.1616,4.9086
5.1616,5.5335
5.1616,6.0246
5.1616,4.9834
5.1616,5.6973
5.1616,5.6198
-3.7599,-4.6378
-3.7599,-3.4737
-3.7599,-3.5306
-3.7599,-4.6485
-3.7599,-2.9836
-3.7599,-3.4281
-3.7599,-3.1179
-3.7599,-4.5038
-3.7599,-4.2326
-3.7599,-4.0344
-3.7599,-4.0979
-3.7599,-3.2968
-3.7599,-3.0856
-3.7599,-3.795
-3.7599,-3.6234
-3.7599,-4.32
-3.7599,-3.9508
-3.7599,-3.997
-3.7599,-3.6578
5.4958,5.2482
5.4958,5.4922
5.4958,4.6338
5.4958,5.1569
5.4958,6.2646
5.4958,5.5344
5.4958,4.9716
5.4958,5.8922
5.4958,6.2317
5.4958,5.0494
5.4958,5.657
5.4958,5.4341
5.4958,5.9641
5.4958,5.8502
5.4958,4.9622
5.4958,4.9067
-3.6504,-3.7382
-3.6504,-4.2163
-3.6504,-3.3698
-3.6504,-3.9548
-3.6504,-2.9722
-3.6504,-3.616
-3.6504,-4.3073
-4.6485,-4.6378
-4.6485,-4.8477
-4.6485,-5.4163
-4.6485,-3.7599
-4.6485,-4.5038
-4.6485,-5.1987
-4.6485,-4.2326
-4.6485,-5.184
-4.6485,-4.0979
-4.6485,-4.9371
-4.6485,-5.0432
-4.6485,-4.3298
-4.6485,-4.32
-4.6485,-3.9508
-4.6485,-4.8303
-4.6485,-3.997
-5.6583,-5.4163
-5.6583,-5.796
-5.6583,-5.1987
-5.6583,-5.184
-5.6583,-5.7465
-5.6583,-5.3882
-5.6583,-4.9371
-5.6583,-5.0432
-5.6583,-6.3474
-5.6583,-4.8303
-5.6583,-5.9691
5.2718,5.2482
5.2718,5.2831
5.2718,4.5386
5.2718,5.6901
5.2718,5.5344
5.2718,5.1616
5.2718,6.0825
5.2718,4.4275
5.2718,4.6668
5.2718,4.9086
5.2718,5.0494
5.2718,5.657
5.2718,4.9834
5.2718,4.3482
5.2718,5.6973
5.2718,5.8502
5.2718,4.6493
5.2718,4.9622
5.2718,4.9067
-5.4491,-5.4503
-5.4491,-6.0072
-5.4491,-4.7754
-5.4491,-4.8514
-5.4491,-4.7937
-3.8298,-4.2129
-3.8298,-3.1619
-3.8298,-3.7242
-3.8298,-4.2665
-3.8298,-3.7325
-3.8298,-3.1787
-3.8298,-4.7937
-3.8298,-3.616
-3.8298,-4.3629
-3.8298,-4.1613
-5.796,-5.7893
-5.796,-5.6583
-5.796,-5.184
-5.796,-5.3882
-5.796,-6.4759
-5.796,-5.2794
-5.796,-5.9691
2.3779,2.824
2.3779,2.6493
2.3779,3.2321
2.3779,3.027
4.2188,4.6338
4.2188,4.1308
4.2188,4.5386
4.2188,3.6485
4.2188,3.8814
4.2188,4.4275
4.2188,3.6896
4.2188,5.0494
4.2188,3.4927
4.2188,3.8629
4.2188,4.0478
4.2188,4.5383
4.2188,4.2742
4.2188,3.9544
4.2188,4.9834
4.2188,4.3482
4.2188,4.6493
4.2188,4.9622
4.2188,4.9067
3.586,3.1094
3.586,3.6466
3.586,4.2505
3.586,3.9027
3.586,4.2824
6.0825,5.2482
6.0825,5.2831
6.0825,6.0143
6.0825,5.6901
6.0825,5.5344
6.0825,5.2718
6.0825,6.9629
6.0825,6.2317
6.0825,5.657
6.0825,6.5365
6.0825,5.6973
6.0825,5.8502
6.0825,6.3587
3.8814,3.2321
3.8814,4.1308
3.8814,3.2
3.8814,4.5386
3.8814,3.6485
3.8814,4.2188
3.8814,4.4275
3.8814,3.6896
3.8814,3.4022
3.8814,3.4927
3.8814,3.8629
3.8814,4.0478
3.8814,3.504
3.8814,4.5383
3.8814,3.9544
3.8814,4.3482
3.8814,4.6493
4.4275,4.6597
4.4275,5.2831
4.4275,4.5386
4.4275,4.2919
4.4275,3.6485
4.4275,5.1616
4.4275,5.2718
4.4275,4.2188
4.4275,3.8814
4.4275,4.3428
4.4275,4.6668
4.4275,4.9086
4.4275,3.9082
4.4275,4.0478
4.4275,3.504
4.4275,3.9544
4.4275,4.9834
4.4275,4.3482
4.4275,4.6493
4.4275,4.9067
4.9716,5.4922
4.9716,4.6338
4.9716,5.1569
4.9716,4.801
4.9716,5.4958
4.9716,5.8922
4.9716,4.2505
4.9716,5.0494
4.9716,4.5473
4.9716,4.5383
4.9716,4.2742
4.9716,4.8816
4.9716,5.4341
4.9716,5.9641
4.9716,4.9622
-2.9836,-2.4125
-2.9836,-3.4737
-2.9836,-3.174
-2.9836,-3.7599
-2.9836,-3.4281
-2.9836,-3.1179
-2.9836,-2.6086
-2.9836,-3.2968
-2.9836,-3.0856
-2.9836,-2.7795
-2.9836,-2.6686
-2.9836,-3.6234
-2.9836,-2.2648
-2.9836,-3.6578
-3.4281,-3.6367
-3.4281,-3.0812
-3.4281,-3.7599
-3.4281,-2.9836
-3.4281,-4.1424
-3.4281,-2.6086
-3.4281,-4.0979
-3.4281,-3.2968
-3.4281,-3.0856
-3.4281,-3.795
-3.4281,-3.6234
-3.4281,-4.3298
-3.4281,-3.997
-1.8211,-2.4125
-1.8211,-1.9255
-1.8211,-2.6686
-1.8211,-2.2648
-3.7242,-4.2129
-3.7242,-3.3698
-3.7242,-4.5076
-3.7242,-3.9548
-3.7242,-3.1619
-3.7242,-3.8298
-3.7242,-4.2665
-3.7242,-3.7325
-3.7242,-3.1787
-3.7242,-3.616
-3.7242,-4.3629
6.9629,6.8801
6.9629,6.0825
6.9629,6.5365
6.9629,6.7546
6.9629,6.3587
-3.1179,-2.4125
-3.1179,-3.4737
-3.1179,-3.174
-3.1179,-2.938
-3.1179,-3.5306
-3.1179,-3.7599
-3.1179,-2.9836
-3.1179,-4.0344
-3.1179,-3.2968
-3.1179,-3.0856
-3.1179,-2.7795
-3.1179,-2.6686
-3.1179,-3.6234
-3.1179,-3.9508
-3.1179,-3.6578
-3.1179,-2.4126
-4.7754,-5.4491
-4.7754,-4.2665
-4.7754,-4.8514
-4.7754,-4.7937
-4.7754,-4.1613
-5.1106,-5.7893
-5.1106,-4.6924
-5.1106,-4.6196
-5.1106,-5.2794
-5.1106,-4.8048
5.8922,6.5801
5.8922,5.4922
5.8922,5.1569
5.8922,6.2646
5.8922,5.5344
5.8922,5.4958
5.8922,4.9716
5.8922,6.2317
5.8922,5.0494
5.8922,5.657
5.8922,5.4341
5.8922,5.9641
5.8922,5.8502
5.8922,4.9622
-4.2665,-4.2129
-4.2665,-3.8298
-4.2665,-3.7242
-4.2665,-4.7754
-4.2665,-3.7325
-4.2665,-4.9181
-4.2665,-4.8514
-4.2665,-4.7937
-4.2665,-4.3629
-4.2665,-4.1613
-4.5038,-4.6378
-4.5038,-4.7109
-4.5038,-4.8477
-4.5038,-5.4163
-4.5038,-3.7599
-4.5038,-4.6485
-4.5038,-5.1987
-4.5038,-4.1424
-4.5038,-4.0979
-4.5038,-4.9371
-4.5038,-5.0432
-4.5038,-3.795
-4.5038,-3.6234
-4.5038,-4.3298
-4.5038,-4.32
-4.5038,-3.9508
-4.5038,-3.997
-4.5038,-5.2154
-5.1987,-4.6378
-5.1987,-4.8477
-5.1987,-5.4163
-5.1987,-4.6485
-5.1987,-5.6583
-5.1987,-4.5038
-5.1987,-5.184
-5.1987,-5.7465
-5.1987,-5.3882
-5.1987,-4.9371
-5.1987,-5.0432
-5.1987,-4.32
-5.1987,-4.8303
-5.1987,-5.9691
3.1495,2.6493
3.1495,3.6558
3.1495,3.027
3.1495,3.9082
3.1495,3.504
3.1495,3.8277
3.1495,3.3338
-3.4971,-3.0044
-3.4971,-4.1008
-3.4971,-4.2172
-3.4971,-3.174
-3.4971,-2.938
-3.4971,-3.5306
-3.4971,-4.0344
-3.4971,-3.7028
-3.4971,-4.1422
-3.4971,-3.7449
-3.4971,-3.0239
-3.4971,-3.6578
4.3428,4.6597
4.3428,3.6558
4.3428,4.9605
4.3428,5.1253
4.3428,4.2919
4.3428,5.1616
4.3428,4.4275
4.3428,4.6668
4.3428,3.9082
4.3428,4.2965
4.3428,3.8277
4.3428,3.9544
4.3428,4.882
-4.2326,-4.6378
-4.2326,-3.4737
-4.2326,-4.2172
-4.2326,-4.6113
-4.2326,-3.5306
-4.2326,-3.7599
-4.2326,-4.6485
-4.2326,-5.184
-4.2326,-4.0344
-4.2326,-4.0979
-4.2326,-3.7028
-4.2326,-4.1422
-4.2326,-4.9371
-4.2326,-4.32
-4.2326,-3.9508
-4.2326,-4.8303
-4.2326,-3.6578
-4.2326,-4.8048
4.6668,4.6597
4.6668,5.2831
4.6668,4.9605
4.6668,5.1253
4.6668,4.2919
4.6668,5.1616
4.6668,5.2718
4.6668,4.4275
4.6668,4.3428
4.6668,4.9086
4.6668,5.5335
4.6668,3.9082
4.6668,4.0478
4.6668,3.9544
4.6668,4.9834
4.6668,4.3482
4.6668,4.6493
3.6896,2.824
3.6896,3.2321
3.6896,4.1308
3.6896,3.1094
3.6896,3.2
3.6896,4.5386
3.6896,3.6485
3.6896,2.7494
3.6896,4.2188
3.6896,3.8814
3.6896,3.9027
3.6896,3.4022
3.6896,3.4927
3.6896,3.8629
3.6896,4.0478
3.6896,4.5383
3.6896,4.2742
4.2505,4.6338
4.2505,3.6466
4.2505,4.801
4.2505,3.586
4.2505,4.9716
4.2505,3.9027
4.2505,4.5473
4.2505,4.2742
4.2505,4.8816
4.2505,4.2824
-4.1424,-4.7109
-4.1424,-4.8477
-4.1424,-3.6367
-4.1424,-3.4281
-4.1424,-4.5038
-4.1424,-3.795
-4.1424,-4.3298
-4.1424,-4.2256
-4.1424,-3.997
-4.1424,-4.8343
-2.6086,-3.0812
-2.6086,-2.9836
-2.6086,-3.4281
-2.6086,-3.2968
-2.6086,-3.0856
-2.6086,-2.6686
-2.6086,-2.3902
-2.6086,-2.2648
-6.2954,-5.4163
-6.2954,-5.7465
-6.2954,-5.7515
-6.2954,-6.3474
-5.184,-4.6378
-5.184,-4.6113
-5.184,-4.6485
-5.184,-5.6583
-5.184,-5.796
-5.184,-5.1987
-5.184,-4.2326
-5.184,-5.7465
-5.184,-5.3882
-5.184,-4.9371
-5.184,-5.0432
-5.184,-5.2794
-5.184,-4.8303
-5.184,-5.9691
-5.184,-4.8048
6.0222,6.5801
6.0222,5.4922
6.0222,5.2742
6.0222,5.4341
6.0222,5.9641
6.2317,5.2482
6.2317,6.8801
6.2317,6.2646
6.2317,5.6901
6.2317,5.5344
6.2317,5.4958
6.2317,6.0825
6.2317,5.8922
6.2317,5.657
6.2317,6.5365
6.2317,5.8502
-4.0344,-4.6378
-4.0344,-3.4737
-4.0344,-4.2172
-4.0344,-3.174
-4.0344,-4.6113
-4.0344,-3.5306
-4.0344,-3.7599
-4.0344,-3.1179
-4.0344,-3.4971
-4.0344,-4.2326
-4.0344,-3.7028
-4.0344,-4.1422
-4.0344,-4.32
-4.0344,-3.9508
-4.0344,-4.8303
-4.0344,-3.6578
-4.0344,-4.8048
-4.6924,-4.1008
-4.6924,-5.1106
-4.6924,-4.6196
-4.6924,-3.7449
-4.6924,-3.9594
4.9086,5.2482
4.9086,4.6597
4.9086,5.2831
4.9086,5.1253
4.9086,4.5386
4.9086,5.6901
4.9086,4.2919
4.9086,5.1616
4.9086,5.2718
4.9086,4.4275
4.9086,4.6668
4.9086,5.5335
4.9086,4.0478
4.9086,3.9544
4.9086,4.9834
4.9086,4.3482
4.9086,5.6973
4.9086,4.6493
4.9086,4.9067
-3.0302,-3.6367
-3.0302,-3.0812
-3.0302,-2.3902
5.5335,4.6597
5.5335,5.2831
5.5335,4.9605
5.5335,5.1253
5.5335,6.0143
5.5335,6.2185
5.5335,5.6901
5.5335,5.1616
5.5335,4.6668
5.5335,4.9086
5.5335,6.0246
5.5335,4.9834
5.5335,5.6973
5.5335,5.6198
5.5335,6.3587
-4.6196,-4.1008
-4.6196,-4.2172
-4.6196,-4.6113
-4.6196,-5.1106
-4.6196,-4.6924
-4.6196,-4.1422
-4.6196,-3.7449
-4.6196,-5.2794
-4.6196,-4.8048
-4.6502,-5.2947
-4.6502,-4.2129
-4.6502,-4.2163
-4.6502,-4.5076
-4.6502,-3.9548
-4.6502,-4.9473
-4.6502,-4.8277
-4.6502,-5.2813
-4.6502,-4.3073
-4.0979,-4.6378
-4.0979,-4.8477
-4.0979,-3.4737
-4.0979,-3.7599
-4.0979,-4.6485
-4.0979,-3.4281
-4.0979,-4.5038
-4.0979,-4.2326
-4.0979,-3.2968
-4.0979,-4.9371
-4.0979,-5.0432
-4.0979,-3.795
-4.0979,-3.6234
-4.0979,-4.3298
-4.0979,-4.32
-4.0979,-3.9508
-4.0979,-3.997
-4.0979,-3.6578
-3.2968,-3.4737
-3.2968,-3.0812
-3.2968,-3.7599
-3.2968,-2.9836
-3.2968,-3.4281
-3.2968,-3.1179
-3.2968,-2.6086
-3.2968,-4.0979
-3.2968,-3.0856
-3.2968,-2.7795
-3.2968,-2.6686
-3.2968,-3.795
-3.2968,-3.6234
-3.2968,-3.9508
-3.2968,-3.997
-3.2968,-3.6578
5.0494,5.2482
5.0494,4.6338
5.0494,4.1308
5.0494,4.5386
5.0494,5.1569
5.0494,5.6901
5.0494,5.5344
5.0494,5.4958
5.0494,5.2718
5.0494,4.2188
5.0494,4.9716
5.0494,5.8922
5.0494,5.657
5.0494,4.5383
5.0494,4.2742
5.0494,4.9834
5.0494,5.8502
5.0494,4.6493
5.0494,4.9622
5.0494,4.9067
3.9027,4.6338
3.9027,4.1308
3.9027,3.1094
3.9027,3.6466
3.9027,3.586
3.9027,3.6896
3.9027,4.2505
3.9027,3.4022
3.9027,4.5473
3.9027,3.8629
3.9027,4.2742
-5.7465,-5.4163
-5.7465,-5.6583
-5.7465,-5.1987
-5.7465,-6.2954
-5.7465,-5.184
-5.7465,-4.9371
-5.7465,-5.0432
-5.7465,-5.7515
-5.7465,-6.3474
-5.7465,-5.9691
5.657,5.2482
5.657,5.2831
5.657,6.2646
5.657,5.6901
5.657,5.5344
5.657,5.4958
5.657,5.2718
5.657,6.0825
5.657,5.8922
5.657,6.2317
5.657,5.0494
5.657,6.5365
5.657,4.9834
5.657,5.6973
5.657,5.8502
5.657,4.9622
5.657,4.9067
-5.3882,-4.6378
-5.3882,-5.7893
-5.3882,-4.6113
-5.3882,-5.6583
-5.3882,-5.796
-5.3882,-5.1987
-5.3882,-5.184
-5.3882,-4.9371
-5.3882,-5.2794
-5.3882,-4.8303
-5.3882,-5.9691
-5.3882,-4.8048
-4.8277,-5.2947
-4.8277,-4.2129
-4.8277,-4.2163
-4.8277,-4.5076
-4.8277,-3.9548
-4.8277,-4.9473
-4.8277,-5.6028
-4.8277,-4.6502
-4.8277,-4.9181
-4.8277,-4.7937
-4.8277,-5.2813
-4.8277,-4.3629
3.4022,4.1308
3.4022,3.1094
3.4022,3.6466
3.4022,3.2
3.4022,2.7494
3.4022,3.8814
3.4022,3.6896
3.4022,3.9027
3.4022,3.4927
3.4022,3.8629
3.4022,4.2742
3.9082,4.6597
3.9082,4.2919
3.9082,3.6485
3.9082,4.4275
3.9082,3.1495
3.9082,4.3428
3.9082,4.6668
3.9082,4.2965
3.9082,4.0478
3.9082,3.504
3.9082,3.8277
3.9082,3.9544
3.9082,4.3482
3.9082,3.3338
-3.7028,-4.1008
-3.7028,-4.2172
-3.7028,-3.174
-3.7028,-2.938
-3.7028,-4.6113
-3.7028,-3.5306
-3.7028,-3.4971
-3.7028,-4.2326
-3.7028,-4.0344
-3.7028,-4.1422
-3.7028,-3.7449
-3.7028,-3.0239
-3.7028,-3.6578
-3.0856,-3.4737
-3.0856,-3.0812
-3.0856,-3.7599
-3.0856,-2.9836
-3.0856,-3.4281
-3.0856,-3.1179
-3.0856,-2.6086
-3.0856,-3.2968
-3.0856,-2.6686
-3.0856,-3.795
-3.0856,-3.6234
-3.0856,-3.997
-3.0856,-2.3902
-3.0856,-2.2648
-4.1422,-4.1008
-4.1422,-4.2172
-4.1422,-4.6113
-4.1422,-3.5306
-4.1422,-3.4971
-4.1422,-4.2326
-4.1422,-4.0344
-4.1422,-4.6196
-4.1422,-3.7028
-4.1422,-3.7449
-4.1422,-4.8303
-4.1422,-3.6578
-4.1422,-4.8048
-6.4759,-5.7893
-6.4759,-5.796
-6.4759,-6.3474
-6.4759,-5.9691
4.2965,4.6597
4.2965,3.6558
4.2965,4.9605
4.2965,5.1253
4.2965,4.2919
4.2965,4.3428
4.2965,3.9082
4.2965,4.4262
4.2965,3.8277
4.2965,4.882
6.0246,5.2831
6.0246,5.1253
6.0246,6.0143
6.0246,6.2185
6.0246,5.1616
6.0246,5.5335
6.0246,6.7546
6.0246,5.6973
6.0246,5.6198
6.0246,6.3587
-2.7795,-2.4125
-2.7795,-3.4737
-2.7795,-1.9255
-2.7795,-3.174
-2.7795,-2.938
-2.7795,-3.5306
-2.7795,-2.9836
-2.7795,-3.1179
-2.7795,-3.2968
-2.7795,-2.6686
-2.7795,-3.6578
-2.7795,-2.4126
6.5365,6.8801
6.5365,6.2646
6.5365,5.6901
6.5365,6.0825
6.5365,6.9629
6.5365,6.2317
6.5365,5.657
6.5365,5.8502
6.5365,6.3587
-2.9722,-3.7382
-2.9722,-3.3698
-2.9722,-3.6504
-2.9722,-2.5657
-4.9371,-4.6378
-4.9371,-4.8477
-4.9371,-5.4163
-4.9371,-4.6113
-4.9371,-4.6485
-4.9371,-5.6583
-4.9371,-4.5038
-4.9371,-5.1987
-4.9371,-4.2326
-4.9371,-5.184
-4.9371,-4.0979
-4.9371,-5.7465
-4.9371,-5.3882
-4.9371,-5.0432
-4.9371,-4.32
-4.9371,-3.9508
-4.9371,-4.8303
-5.0432,-4.6378
-5.0432,-4.7109
-5.0432,-4.8477
-5.0432,-5.4163
-5.0432,-4.6485
-5.0432,-5.6583
-5.0432,-4.5038
-5.0432,-5.1987
-5.0432,-5.184
-5.0432,-4.0979
-5.0432,-5.7465
-5.0432,-4.9371
-5.0432,-5.7515
-5.0432,-4.3298
-5.0432,-4.32
-5.0432,-5.2154
6.7546,6.0143
6.7546,6.2185
6.7546,6.9629
6.7546,6.0246
6.7546,6.3587
-3.7449,-3.0044
-3.7449,-4.1008
-3.7449,-3.4971
-3.7449,-4.6924
-3.7449,-4.6196
-3.7449,-3.7028
-3.7449,-4.1422
-3.7449,-3.0239
-3.7449,-3.9594
4.5473,5.4922
4.5473,4.6338
4.5473,4.1308
4.5473,3.6466
4.5473,5.1569
4.5473,4.801
4.5473,4.9716
4.5473,4.2505
4.5473,3.9027
4.5473,3.8629
4.5473,4.5383
4.5473,4.2742
4.5473,4.8816
4.5473,5.4341
4.5473,4.9622
3.4927,2.824
3.4927,3.2321
3.4927,4.1308
3.4927,3.2
3.4927,3.027
3.4927,3.6485
3.4927,2.7494
3.4927,4.2188
3.4927,3.8814
3.4927,3.6896
3.4927,3.4022
3.4927,3.8629
3.4927,4.0478
3.4927,3.504
3.4927,3.9544
3.4927,4.3482
-2.6686,-2.4125
-2.6686,-3.4737
-2.6686,-2.9836
-2.6686,-1.8211
-2.6686,-3.1179
-2.6686,-2.6086
-2.6686,-3.2968
-2.6686,-3.0856
-2.6686,-2.7795
-2.6686,-3.6234
-2.6686,-2.2648
-3.795,-4.7109
-3.795,-3.6367
-3.795,-3.0812
-3.795,-3.7599
-3.795,-3.4281
-3.795,-4.5038
-3.795,-4.1424
-3.795,-4.0979
-3.795,-3.2968
-3.795,-3.0856
-3.795,-3.6234
-3.795,-4.3298
-3.795,-4.2256
-3.795,-3.997
3.8629,4.6338
3.8629,4.1308
3.8629,3.1094
3.8629,3.6466
3.8629,3.2
3.8629,4.5386
3.8629,4.2188
3.8629,3.8814
3.8629,3.6896
3.8629,3.9027
3.8629,3.4022
3.8629,4.5473
3.8629,3.4927
3.8629,4.5383
3.8629,4.2742
-5.2794,-5.7893
-5.2794,-4.6113
-5.2794,-5.796
-5.2794,-5.1106
-5.2794,-5.184
-5.2794,-4.6196
-5.2794,-5.3882
-5.2794,-4.8303
-5.2794,-4.8048
-5.7515,-4.8477
-5.7515,-5.4163
-5.7515,-5.3974
-5.7515,-6.2954
-5.7515,-5.7465
-5.7515,-5.0432
-5.7515,-5.2154
4.0478,3.2321
4.0478,4.1308
4.0478,4.5386
4.0478,4.2919
4.0478,3.6485
4.0478,4.2188
4.0478,3.8814
4.0478,4.4275
4.0478,4.6668
4.0478,3.6896
4.0478,4.9086
4.0478,3.9082
4.0478,3.4927
4.0478,3.504
4.0478,4.5383
4.0478,3.9544
4.0478,4.9834
4.0478,4.3482
4.0478,4.6493
4.0478,4.9067
3.504,2.6493
3.504,3.2321
3.504,3.027
3.504,4.2919
3.504,3.6485
3.504,3.8814
3.504,4.4275
3.504,3.1495
3.504,3.9082
3.504,3.4927
3.504,4.0478
3.504,3.8277
3.504,3.9544
3.504,4.3482
3.504,3.3338
-3.7325,-3.1619
-3.7325,-3.8298
-3.7325,-3.7242
-3.7325,-4.2665
-3.7325,-3.0484
-3.7325,-4.1613
-3.1787,-3.3698
-3.1787,-2.6303
-3.1787,-3.9548
-3.1787,-3.1619
-3.1787,-3.8298
-3.1787,-3.7242
-3.1787,-2.5657
-3.1787,-3.616
4.5383,5.2482
4.5383,4.6338
4.5383,4.1308
4.5383,4.5386
4.5383,5.1569
4.5383,5.5344
4.5383,4.2188
4.5383,3.8814
4.5383,4.9716
4.5383,3.6896
4.5383,5.0494
4.5383,4.5473
4.5383,3.8629
4.5383,4.0478
4.5383,4.2742
4.5383,4.3482
4.5383,4.6493
4.5383,4.9622
4.5383,4.9067
4.4262,3.6558
4.4262,4.2965
4.4262,4.882
-3.6234,-3.4737
-3.6234,-3.0812
-3.6234,-3.7599
-3.6234,-2.9836
-3.6234,-3.4281
-3.6234,-3.1179
-3.6234,-4.5038
-3.6234,-4.0979
-3.6234,-3.2968
-3.6234,-3.0856
-3.6234,-2.6686
-3.6234,-3.795
-3.6234,-4.3298
-3.6234,-4.32
-3.6234,-3.9508
-3.6234,-3.997
-6.3474,-5.6583
-6.3474,-6.2954
-6.3474,-5.7465
-6.3474,-6.4759
-6.3474,-5.9691
-4.9181,-5.2947
-4.9181,-4.2129
-4.9181,-5.4503
-4.9181,-4.5076
-4.9181,-5.6028
-4.9181,-4.2665
-4.9181,-4.8277
-4.9181,-4.8514
-4.9181,-4.7937
-4.9181,-5.2813
-4.9181,-4.3629
-4.8514,-5.4503
-4.8514,-5.4491
-4.8514,-4.7754
-4.8514,-4.2665
-4.8514,-4.9181
-4.8514,-4.7937
-4.8514,-4.3629
-4.8514,-4.1613
-2.5657,-3.3698
-2.5657,-2.6303
-2.5657,-2.9722
-2.5657,-3.1787
-4.3298,-4.7109
-4.3298,-4.8477
-4.3298,-3.6367
-4.3298,-4.6485
-4.3298,-3.4281
-4.3298,-4.5038
-4.3298,-4.1424
-4.3298,-4.0979
-4.3298,-5.0432
-4.3298,-3.795
-4.3298,-3.6234
-4.3298,-4.32
-4.3298,-3.997
-4.3298,-5.2154
-4.3298,-4.8343
-4.32,-4.6378
-4.32,-4.8477
-4.32,-3.4737
-4.32,-4.6113
-4.32,-3.7599
-4.32,-4.6485
-4.32,-4.5038
-4.32,-5.1987
-4.32,-4.2326
-4.32,-4.0344
-4.32,-4.0979
-4.32,-4.9371
-4.32,-5.0432
-4.32,-3.6234
-4.32,-4.3298
-4.32,-3.9508
-4.32,-4.8303
-4.32,-3.997
-4.32,-3.6578
-4.7937,-4.2129
-4.7937,-5.4503
-4.7937,-4.5076
-4.7937,-5.6028
-4.7937,-5.4491
-4.7937,-3.8298
-4.7937,-4.7754
-4.7937,-4.2665
-4.7937,-4.8277
-4.7937,-4.9181
-4.7937,-4.8514
-4.7937,-5.2813
-4.7937,-4.3629
3.8277,4.6597
3.8277,3.6558
3.8277,4.2919
3.8277,3.1495
3.8277,4.3428
3.8277,3.9082
3.8277,4.2965
3.8277,3.504
3.8277,3.9544
3.8277,3.3338
4.2742,4.6338
4.2742,4.1308
4.2742,3.6466
4.2742,4.5386
4.2742,5.1569
4.2742,4.2188
4.2742,4.9716
4.2742,3.6896
4.2742,4.2505
4.2742,5.0494
4.2742,3.9027
4.2742,3.4022
4.2742,4.5473
4.2742,3.8629
4.2742,4.5383
4.2742,4.8816
4.2742,4.9622
3.9544,4.6597
3.9544,3.2321
3.9544,3.027
3.9544,4.2919
3.9544,3.6485
3.9544,4.2188
3.9544,3.8814
3.9544,4.4275
3.9544,4.3428
3.9544,4.6668
3.9544,4.9086
3.9544,3.9082
3.9544,3.4927
3.9544,4.0478
3.9544,3.504
3.9544,3.8277
3.9544,4.3482
3.9544,3.3338
3.9544,4.6493
-3.9508,-4.6378
-3.9508,-3.4737
-3.9508,-4.2172
-3.9508,-3.174
-3.9508,-4.6113
-3.9508,-3.5306
-3.9508,-3.7599
-3.9508,-4.6485
-3.9508,-3.1179
-3.9508,-4.5038
-3.9508,-4.2326
-3.9508,-4.0344
-3.9508,-4.0979
-3.9508,-3.2968
-3.9508,-4.9371
-3.9508,-3.6234
-3.9508,-4.32
-3.9508,-4.8303
-3.9508,-3.997
-3.9508,-3.6578
4.8816,5.4922
4.8816,4.6338
4.8816,5.1569
4.8816,4.801
4.8816,5.2742
4.8816,4.9716
4.8816,4.2505
4.8816,4.5473
4.8816,4.2742
4.8816,5.4341
4.8816,4.2824
4.9834,5.2482
4.9834,4.6597
4.9834,5.2831
4.9834,4.5386
4.9834,5.6901
4.9834,4.2919
4.9834,5.1616
4.9834,5.2718
4.9834,4.2188
4.9834,4.4275
4.9834,4.6668
4.9834,4.9086
4.9834,5.5335
4.9834,5.0494
4.9834,5.657
4.9834,4.0478
4.9834,4.3482
4.9834,5.6973
4.9834,4.6493
4.9834,4.9067
4.3482,5.2831
4.3482,4.1308
4.3482,4.5386
4.3482,4.2919
4.3482,3.6485
4.3482,5.2718
4.3482,4.2188
4.3482,3.8814
4.3482,4.4275
4.3482,4.6668
4.3482,4.9086
4.3482,3.9082
4.3482,3.4927
4.3482,4.0478
4.3482,3.504
4.3482,4.5383
4.3482,3.9544
4.3482,4.9834
4.3482,4.6493
4.3482,4.9067
5.4341,5.4922
5.4341,5.1569
5.4341,4.801
5.4341,5.2742
5.4341,5.4958
5.4341,4.9716
5.4341,5.8922
5.4341,6.0222
5.4341,4.5473
5.4341,4.8816
5.4341,5.9641
-4.8303,-4.6378
-4.8303,-4.2172
-4.8303,-4.6113
-4.8303,-4.6485
-4.8303,-5.6583
-4.8303,-5.1987
-4.8303,-4.2326
-4.8303,-5.184
-4.8303,-4.0344
-4.8303,-5.3882
-4.8303,-4.1422
-4.8303,-4.9371
-4.8303,-5.2794
-4.8303,-4.32
-4.8303,-3.9508
-4.8303,-4.8048
-4.2256,-4.7109
-4.2256,-3.6367
-4.2256,-4.1424
-4.2256,-3.795
-4.2256,-4.8343
3.3338,2.6493
3.3338,3.2321
3.3338,3.027
3.3338,4.2919
3.3338,3.6485
3.3338,3.1495
3.3338,3.9082
3.3338,3.504
3.3338,3.8277
3.3338,3.9544
-6.0065,-5.4503
-6.0065,-6.0072
-6.0065,-5.6028
-6.0065,-6.4485
-6.0065,-5.2813
-6.0065,-6.7211
-6.0065,-5.8877
-3.0484,-2.6303
-3.0484,-3.1619
-3.0484,-3.7325
5.6973,5.2482
5.6973,5.2831
5.6973,5.1253
5.6973,6.0143
5.6973,5.6901
5.6973,5.1616
5.6973,5.2718
5.6973,6.0825
5.6973,4.9086
5.6973,5.5335
5.6973,5.657
5.6973,6.0246
5.6973,4.9834
5.6973,6.3587
-6.4485,-5.6028
-6.4485,-6.0065
-6.4485,-6.7211
-6.4485,-5.8877
-5.2813,-5.2947
-5.2813,-5.4503
-5.2813,-4.5076
-5.2813,-5.6028
-5.2813,-4.6502
-5.2813,-4.8277
-5.2813,-4.9181
-5.2813,-4.7937
-5.2813,-6.0065
-5.2813,-5.8877
5.6198,4.9605
5.6198,5.1253
5.6198,5.4227
5.6198,6.2185
5.6198,5.1616
5.6198,5.5335
5.6198,6.0246
5.6198,4.882
5.9641,6.5801
5.9641,5.4922
5.9641,5.1569
5.9641,6.2646
5.9641,5.4958
5.9641,4.9716
5.9641,5.8922
5.9641,6.0222
5.9641,5.4341
-5.9691,-5.6583
-5.9691,-5.796
-5.9691,-5.1987
-5.9691,-5.184
-5.9691,-5.7465
-5.9691,-5.3882
-5.9691,-6.4759
-5.9691,-6.3474
5.8502,5.2482
5.8502,5.1569
5.8502,6.2646
5.8502,5.6901
5.8502,5.5344
5.8502,5.4958
5.8502,5.2718
5.8502,6.0825
5.8502,5.8922
5.8502,6.2317
5.8502,5.0494
5.8502,5.657
5.8502,6.5365
5.8502,4.9622
5.8502,4.9067
-6.7211,-6.0072
-6.7211,-6.0065
-6.7211,-6.4485
-3.997,-4.7109
-3.997,-4.8477
-3.997,-3.6367
-3.997,-3.7599
-3.997,-4.6485
-3.997,-3.4281
-3.997,-4.5038
-3.997,-4.1424
-3.997,-4.0979
-3.997,-3.2968
-3.997,-3.0856
-3.997,-3.795
-3.997,-3.6234
-3.997,-4.3298
-3.997,-4.32
-3.997,-3.9508
-5.2154,-4.7109
-5.2154,-4.8477
-5.2154,-5.4163
-5.2154,-5.3974
-5.2154,-4.5038
-5.2154,-5.0432
-5.2154,-5.7515
-5.2154,-4.3298
-5.2154,-4.8343
-4.8343,-4.7109
-4.8343,-5.3974
-4.8343,-4.1424
-4.8343,-4.3298
-4.8343,-4.2256
-4.8343,-5.2154
-3.616,-4.2129
-3.616,-4.2163
-3.616,-3.3698
-3.616,-4.5076
-3.616,-3.9548
-3.616,-3.1619
-3.616,-3.6504
-3.616,-3.8298
-3.616,-3.7242
-3.616,-3.1787
-3.616,-4.3629
6.3587,6.0143
6.3587,5.6901
6.3587,6.0825
6.3587,6.9629
6.3587,5.5335
6.3587,6.0246
6.3587,6.5365
6.3587,6.7546
6.3587,5.6973
-4.3073,-3.7382
-4.3073,-4.2163
-4.3073,-4.7833
-4.3073,-3.9548
-4.3073,-4.9473
-4.3073,-3.6504
-4.3073,-4.6502
-2.3902,-3.0812
-2.3902,-2.6086
-2.3902,-3.0302
-2.3902,-3.0856
-2.3902,-2.2648
-3.0239,-3.0044
-3.0239,-3.174
-3.0239,-2.4083
-3.0239,-2.938
-3.0239,-3.5306
-3.0239,-3.4971
-3.0239,-3.7028
-3.0239,-3.7449
-3.0239,-2.4126
-2.2648,-2.4125
-2.2648,-2.9836
-2.2648,-1.8211
-2.2648,-2.6086
-2.2648,-3.0856
-2.2648,-2.6686
-2.2648,-2.3902
4.6493,5.2482
4.6493,5.2831
4.6493,4.1308
4.6493,4.5386
4.6493,4.2919
4.6493,5.2718
4.6493,4.2188
4.6493,3.8814
4.6493,4.4275
4.6493,4.6668
4.6493,4.9086
4.6493,5.0494
4.6493,4.0478
4.6493,4.5383
4.6493,3.9544
4.6493,4.9834
4.6493,4.3482
4.6493,4.9622
4.6493,4.9067
-3.6578,-4.6378
-3.6578,-3.4737
-3.6578,-4.2172
-3.6578,-3.174
-3.6578,-2.938
-3.6578,-3.5306
-3.6578,-3.7599
-3.6578,-2.9836
-3.6578,-3.1179
-3.6578,-3.4971
-3.6578,-4.2326
-3.6578,-4.0344
-3.6578,-4.0979
-3.6578,-3.2968
-3.6578,-3.7028
-3.6578,-4.1422
-3.6578,-2.7795
-3.6578,-4.32
-3.6578,-3.9508
4.2824,4.801
4.2824,5.2742
4.2824,3.586
4.2824,4.2505
4.2824,4.8816
-4.3629,-4.2129
-4.3629,-4.5076
-4.3629,-3.9548
-4.3629,-3.8298
-4.3629,-3.7242
-4.3629,-4.2665
-4.3629,-4.8277
-4.3629,-4.9181
-4.3629,-4.8514
-4.3629,-4.7937
-4.3629,-3.616
-5.8877,-5.2947
-5.8877,-5.6207
-5.8877,-5.6028
-5.8877,-6.0065
-5.8877,-6.4485
-5.8877,-5.2813
-4.1613,-3.8298
-4.1613,-4.7754
-4.1613,-4.2665
-4.1613,-3.7325
-4.1613,-4.8514
4.9622,5.2482
4.9622,5.4922
4.9622,4.6338
4.9622,4.1308
4.9622,4.5386
4.9622,5.1569
4.9622,5.5344
4.9622,5.4958
4.9622,5.2718
4.9622,4.2188
4.9622,4.9716
4.9622,5.8922
4.9622,5.0494
4.9622,5.657
4.9622,4.5473
4.9622,4.5383
4.9622,4.2742
4.9622,5.8502
4.9622,4.6493
4.9622,4.9067
4.882,4.6597
4.882,4.9605
4.882,5.1253
4.882,5.4227
4.882,4.3428
4.882,4.2965
4.882,4.4262
4.882,5.6198
-2.4126,-2.4125
-2.4126,-1.9255
-2.4126,-3.174
-2.4126,-2.4083
-2.4126,-2.938
-2.4126,-3.1179
-2.4126,-2.7795
-2.4126,-3.0239
-4.8048,-4.6378
-4.8048,-4.1008
-4.8048,-4.2172
-4.8048,-4.6113
-4.8048,-5.1106
-4.8048,-4.2326
-4.8048,-5.184
-4.8048,-4.0344
-4.8048,-4.6196
-4.8048,-5.3882
-4.8048,-4.1422
-4.8048,-5.2794
-4.8048,-4.8303
4.9067,5.2482
4.9067,4.6338
4.9067,5.2831
4.9067,4.1308
4.9067,4.5386
4.9067,5.1569
4.9067,5.6901
4.9067,5.5344
4.9067,5.4958
4.9067,5.2718
4.9067,4.2188
4.9067,4.4275
4.9067,4.9086
4.9067,5.0494
4.9067,5.657
4.9067,4.0478
4.9067,4.5383
4.9067,4.9834
4.9067,4.3482
4.9067,5.8502
4.9067,4.6493
4.9067,4.9622
-3.9594,-4.1008
-3.9594,-4.6924
-3.9594,-3.7449
