0.1076,-0.5992
0.1076,0.19234
0.1076,0.96934
0.1076,-0.39576
0.1076,0.49574
0.1076,0.81057
0.1076,-0.21513
0.1076,-0.31217
0.1076,0.88626
0.1076,0.25994
0.1076,-0.73453
0.1076,0.46641
0.1076,-0.06753
0.1076,0.54521
0.1076,-0.33508
0.1076,-0.83393
0.1076,0.22184
0.1076,-0.21498
0.1076,0.67479
0.1076,0.16151
-6.4522,-6.7651
-6.4522,-5.76
-6.4522,-5.6787
-6.4522,-6.1073
-5.8358,-6.606
-5.8358,-6.1337
-5.8358,-5.1111
-5.8358,-5.5541
-5.8358,-5.0339
-5.8358,-5.3698
-5.8358,-5.8816
-4.8354,-5.582
-4.8354,-5.1299
-4.8354,-5.1637
-4.8354,-4.0083
-4.8354,-4.4151
-4.8354,-5.5541
-4.8354,-5.0339
-4.8354,-4.5875
-4.8354,-4.2194
-4.8354,-4.7147
-4.8354,-4.3236
0.27448,-0.080419
0.27448,0.64222
0.27448,-0.49259
0.27448,-0.2177
0.27448,0.90385
0.27448,-0.17038
0.27448,0.57368
0.27448,0.29528
-1.4694,-1.815
-1.4694,-1.2527
-1.4694,-1.0735
-1.4694,-0.97197
-1.4694,-0.62296
-1.4694,-1.4947
-1.4694,-1.0081
-1.4694,-0.73453
-1.4694,-1.3614
-1.4694,-1.0612
-1.4694,-1.9557
-1.4694,-1.4614
-1.4694,-1.843
-1.4694,-2.1504
-1.0601,-0.49259
-1.0601,-0.17038
-1.0601,-1.7955
-1.0601,-0.7069
-1.0601,-1.0371
-5.582,-4.8354
-5.582,-5.1163
-5.582,-5.1299
-5.582,-5.1637
-5.582,-6.1337
-5.582,-5.76
-5.582,-5.5541
-5.582,-4.7147
-5.582,-6.1073
1.2641,0.39743
1.2641,0.71294
1.2641,0.88626
1.2641,2.0814
1.2641,1.4769
-0.080419,0.27448
-0.080419,0.64222
-0.080419,-0.49259
-0.080419,-0.2177
-0.080419,-0.17038
-0.080419,0.16624
-0.080419,0.57368
-0.080419,0.29528
-0.080419,-0.27828
-0.080419,-0.7069
-0.080419,-0.67785
-0.080419,-1.0371
1.2558,0.96934
1.2558,0.71294
1.2558,0.49574
1.2558,0.81057
1.2558,1.3675
1.2558,0.88626
1.2558,2.0814
1.2558,0.46641
1.2558,1.3661
1.2558,1.7225
1.2558,1.7854
1.2558,1.4769
1.2558,0.67479
-6.606,-5.8358
-6.606,-6.7651
-6.606,-6.1337
-6.606,-5.8816
-5.1163,-5.582
-5.1163,-5.1637
-5.1163,-5.76
-5.1163,-4.4151
-5.1163,-5.6787
-5.1163,-4.5061
-5.1163,-4.7762
-5.1163,-4.7147
2.6737,2.9689
2.6737,3.2137
2.6737,3.459
2.6737,2.2806
2.6737,2.2111
2.6737,2.7172
2.6737,2.882
2.6737,2.1792
2.6737,1.8746
2.6737,3.3021
2.7762,3.4801
2.7762,3.3667
2.7762,2.3449
2.7762,2.2151
2.7762,1.8294
2.7762,2.4163
2.7762,2.8985
2.7762,2.9636
2.7762,3.1494
2.7762,2.0917
2.7762,3.2279
2.7762,2.5582
2.7762,1.9955
2.7762,2.3957
2.7762,2.5879
2.7762,3.0775
2.7762,2.9774
2.7762,3.6315
0.94886,0.73081
0.94886,0.19234
0.94886,0.96934
0.94886,0.81057
0.94886,0.19142
0.94886,1.3675
0.94886,0.57368
0.94886,1.8246
0.94886,0.46641
0.94886,1.4639
0.94886,1.3661
0.94886,0.98045
0.94886,0.54521
0.94886,1.3542
0.94886,1.7225
0.94886,0.67479
0.94886,0.16151
-1.9723,-1.7955
-1.9723,-1.4947
-1.9723,-1.0612
-1.9723,-1.9557
-1.9723,-2.7064
-1.9723,-1.4614
4.5143,3.9234
4.5143,3.9272
4.5143,4.3668
4.5143,3.907
4.5143,5.0208
-0.5992,0.1076
-0.5992,-1.2527
-0.5992,-1.036
-0.5992,-0.39576
-0.5992,-0.97197
-0.5992,-0.21513
-0.5992,-0.31217
-0.5992,-0.62296
-0.5992,-1.0081
-0.5992,-0.73453
-0.5992,-1.3614
-0.5992,-0.06753
-0.5992,-0.33508
-0.5992,-0.83393
-0.5992,-0.73846
-0.5992,-0.21498
-0.5992,0.16151
4.1905,3.4801
4.1905,3.3667
4.1905,4.4125
4.1905,3.9272
4.1905,4.68
4.1905,4.0305
4.1905,3.6857
4.1905,3.7543
4.1905,4.3668
4.1905,3.6315
4.1905,5.0208
-4.6314,-4.2818
-4.6314,-5.1111
-4.6314,-3.7582
-4.6314,-5.0339
-4.6314,-4.5875
-4.6314,-4.0598
-4.6314,-4.2194
-4.6314,-4.8648
-4.6314,-5.3698
-5.1299,-4.8354
-5.1299,-5.582
-5.1299,-5.1637
-5.1299,-4.4151
-5.1299,-5.5541
-5.1299,-5.0339
-5.1299,-4.5875
-5.1299,-4.2194
-5.1299,-5.3698
-5.1299,-4.7147
-5.1299,-4.3236
1.0999,1.6086
1.0999,1.8383
1.0999,0.75196
1.0999,1.8294
1.0999,1.0646
1.0999,1.9955
1.0999,1.3251
1.0999,1.4985
1.0999,0.39367
1.0999,1.7535
1.0999,1.3311
1.0999,0.60884
1.6086,1.0999
1.6086,1.8383
1.6086,2.2151
1.6086,1.8294
1.6086,2.4163
1.6086,1.0646
1.6086,2.0917
1.6086,2.5582
1.6086,1.9955
1.6086,1.4821
1.6086,1.4985
1.6086,2.3957
1.6086,1.7535
1.6086,1.3311
1.6086,0.60884
0.73081,0.94886
0.73081,0.64222
0.73081,0.19234
0.73081,0.96934
0.73081,0.19142
0.73081,0.16624
0.73081,0.57368
0.73081,0.46641
0.73081,1.4639
0.73081,1.0987
0.73081,1.3661
0.73081,0.29528
0.73081,0.98045
0.73081,0.54521
0.73081,1.3542
0.73081,0.67479
0.73081,0.16151
2.6049,3.2137
2.6049,3.306
2.6049,2.3449
2.6049,2.2806
2.6049,2.7172
2.6049,2.8985
2.6049,3.1494
2.6049,2.0917
2.6049,2.0901
2.6049,2.882
2.6049,2.1792
2.6049,1.9218
2.6049,2.3957
2.6049,2.5879
2.6049,1.7535
2.6049,2.9774
-3.9675,-3.9317
-3.9675,-4.5061
-3.9675,-4.7762
-3.9675,-3.3242
1.5457,1.8416
1.5457,0.64222
1.5457,0.90385
1.5457,1.4639
1.5457,1.0987
1.5457,0.98045
4.0624,3.4697
4.0624,4.4125
4.0624,3.2279
4.0624,3.7642
-1.815,-1.4694
-1.815,-1.2527
-1.815,-2.5531
-1.815,-1.0735
-1.815,-0.97197
-1.815,-1.4947
-1.815,-1.0081
-1.815,-1.3614
-1.815,-1.9557
-1.815,-1.843
-1.815,-2.1504
0.7803,1.0255
0.7803,1.4227
0.7803,1.0646
0.7803,0.29781
0.7803,1.3251
0.7803,1.4985
0.7803,0.39367
0.7803,1.7535
1.8416,1.5457
1.8416,2.3193
1.8416,1.8246
1.8416,1.4639
1.8416,1.0987
1.8416,0.98045
1.8416,1.3542
2.9689,2.6737
2.9689,2.2111
2.9689,2.882
2.9689,3.3021
3.4801,2.7762
3.4801,4.1905
3.4801,3.3667
3.4801,3.306
3.4801,3.9272
3.4801,2.8985
3.4801,3.1494
3.4801,4.0305
3.4801,3.6857
3.4801,3.7543
3.4801,2.5879
3.4801,3.0775
3.4801,2.9774
3.4801,3.6315
-1.2527,-1.4694
-1.2527,-0.5992
-1.2527,-1.815
-1.2527,-1.036
-1.2527,-1.0735
-1.2527,-0.97197
-1.2527,-0.62296
-1.2527,-1.4947
-1.2527,-1.0081
-1.2527,-0.73453
-1.2527,-1.3614
-1.2527,-1.4115
-1.2527,-0.33508
-1.2527,-0.83393
-1.2527,-1.843
-1.2527,-2.1504
-1.036,-0.5992
-1.036,-1.2527
-1.036,-0.39576
-1.036,-0.97197
-1.036,-0.31217
-1.036,-1.3614
-1.036,-1.4115
-1.036,-1.3658
-1.036,-0.83393
-1.036,-1.843
-1.036,-0.73846
0.64222,0.27448
0.64222,-0.080419
0.64222,0.73081
0.64222,1.5457
0.64222,-0.2177
0.64222,0.90385
0.64222,0.16624
0.64222,0.57368
0.64222,1.0987
0.64222,0.29528
0.64222,0.98045
-2.5531,-1.815
-2.5531,-2.0991
-2.5531,-1.843
-2.5531,-2.1504
0.19234,0.1076
0.19234,0.94886
0.19234,0.73081
0.19234,0.96934
0.19234,-0.21513
0.19234,0.19142
0.19234,0.16624
0.19234,-0.62296
0.19234,0.57368
0.19234,-0.73453
0.19234,0.46641
0.19234,0.98045
0.19234,-0.27828
0.19234,0.54521
0.19234,-0.33508
0.19234,-0.32445
0.19234,-0.21498
0.19234,0.67479
0.19234,0.16151
1.0255,0.7803
1.0255,1.4227
1.0255,1.5267
1.0255,0.29781
1.0255,1.6497
1.0255,1.3251
1.0255,1.9218
1.0255,1.0445
-0.49259,0.27448
-0.49259,-1.0601
-0.49259,-0.080419
-0.49259,-0.2177
-0.49259,-0.17038
-0.49259,0.29528
-0.49259,-0.7069
-0.49259,-0.67785
-0.49259,-1.0371
3.2137,2.6737
3.2137,2.6049
3.2137,3.459
3.2137,3.306
3.2137,2.2806
3.2137,2.7172
3.2137,3.9272
3.2137,3.1494
3.2137,3.6857
3.2137,2.882
3.2137,2.5879
3.2137,3.907
3.2137,2.9774
3.2137,3.3021
-2.0991,-2.5531
-2.0991,-1.3614
-2.0991,-1.4115
-2.0991,-1.3658
-2.0991,-1.843
0.39743,1.2641
0.39743,0.71294
0.39743,-0.53535
0.39743,0.25994
0.39743,-0.11333
0.39743,0.22184
3.9234,4.5143
3.9234,3.459
3.9234,3.907
3.9234,3.3021
0.96934,0.1076
0.96934,1.2558
0.96934,0.94886
0.96934,0.73081
0.96934,0.19234
0.96934,0.49574
0.96934,0.81057
0.96934,1.3675
0.96934,0.88626
0.96934,0.46641
0.96934,1.3661
0.96934,0.54521
0.96934,1.3542
0.96934,1.7225
0.96934,1.7854
0.96934,0.67479
0.96934,0.16151
1.8383,1.0999
1.8383,1.6086
1.8383,2.2151
1.8383,2.6096
1.8383,1.8294
1.8383,2.4163
1.8383,1.576
1.8383,2.1563
1.8383,2.5582
1.8383,1.9955
1.8383,1.4821
1.8383,1.3311
-4.2818,-4.6314
-4.2818,-5.1111
-4.2818,-3.7582
-4.2818,-4.5875
-4.2818,-4.0598
-4.2818,-4.8648
-4.2818,-4.3202
-6.7651,-6.4522
-6.7651,-6.606
-6.7651,-6.1337
-6.7651,-6.1073
3.459,2.6737
3.459,3.2137
3.459,3.9234
3.459,3.306
3.459,2.7172
3.459,3.9272
3.459,3.6857
3.459,2.882
3.459,3.907
3.459,2.9774
3.459,3.3021
0.71294,1.2641
0.71294,1.2558
0.71294,0.39743
0.71294,0.49574
0.71294,0.81057
0.71294,0.88626
0.71294,0.25994
0.71294,-0.11333
0.71294,1.4769
0.71294,0.22184
-5.1637,-4.8354
-5.1637,-5.582
-5.1637,-5.1163
-5.1637,-5.1299
-5.1637,-5.76
-5.1637,-4.4151
-5.1637,-5.5541
-5.1637,-4.5061
-5.1637,-4.7147
-5.1637,-6.1073
-0.39576,0.1076
-0.39576,-0.5992
-0.39576,-1.036
-0.39576,0.49574
-0.39576,-0.97197
-0.39576,-0.21513
-0.39576,-0.31217
-0.39576,0.25994
-0.39576,-0.73453
-0.39576,-1.3614
-0.39576,0.46641
-0.39576,-0.06753
-0.39576,-0.11333
-0.39576,-0.33508
-0.39576,-0.83393
-0.39576,0.22184
-0.39576,-0.73846
-0.39576,0.16151
0.75196,1.0999
0.75196,1.4821
0.75196,1.3311
0.75196,0.60884
3.3667,2.7762
3.3667,4.1905
3.3667,3.4801
3.3667,2.8985
3.3667,2.9636
3.3667,3.1494
3.3667,4.0305
3.3667,3.2279
3.3667,3.6857
3.3667,3.7543
3.3667,2.5582
3.3667,3.7642
3.3667,2.3957
3.3667,2.5879
3.3667,3.0775
3.3667,2.9774
3.3667,3.6315
3.306,2.6049
3.306,3.4801
3.306,3.2137
3.306,3.459
3.306,2.3449
3.306,2.7172
3.306,3.9272
3.306,2.8985
3.306,3.1494
3.306,3.6857
3.306,3.7543
3.306,2.882
3.306,2.5879
3.306,3.907
3.306,2.9774
2.2003,2.5175
2.2003,1.3675
2.2003,1.8246
2.2003,1.3661
2.2003,1.7225
2.2003,1.7854
2.2003,2.6022
-6.1337,-5.8358
-6.1337,-5.582
-6.1337,-6.606
-6.1337,-6.7651
-6.1337,-5.5541
-6.1337,-5.3698
-6.1337,-6.1073
-1.0735,-1.4694
-1.0735,-1.815
-1.0735,-1.2527
-1.0735,-0.97197
-1.0735,-0.62296
-1.0735,-1.4947
-1.0735,-1.0081
-1.0735,-0.73453
-1.0735,-1.0612
-1.0735,-1.9557
-1.0735,-0.27828
-1.0735,-0.7069
-1.0735,-1.4614
-1.0735,-0.67785
-1.0735,-0.33508
-1.0735,-0.32445
-1.0735,-0.21498
-0.2177,0.27448
-0.2177,-0.080419
-0.2177,0.64222
-0.2177,-0.49259
-0.2177,0.19142
-0.2177,0.16624
-0.2177,-0.62296
-0.2177,0.57368
-0.2177,-1.0612
-0.2177,0.29528
-0.2177,-0.27828
-0.2177,-0.7069
-0.2177,-0.67785
-0.2177,-0.32445
-0.2177,-1.0371
2.5175,2.2003
2.5175,2.0814
2.5175,1.7225
2.5175,1.7854
-3.9317,-3.9675
-3.9317,-4.0083
-3.9317,-4.4151
-3.9317,-3.5548
-3.9317,-4.5061
-3.9317,-3.3242
-3.9317,-4.7147
0.49574,0.1076
0.49574,1.2558
0.49574,0.96934
0.49574,0.71294
0.49574,-0.39576
0.49574,0.81057
0.49574,-0.21513
0.49574,-0.31217
0.49574,1.3675
0.49574,0.88626
0.49574,0.25994
0.49574,0.46641
0.49574,-0.06753
0.49574,0.22184
0.49574,0.67479
0.49574,0.16151
-5.1111,-5.8358
-5.1111,-4.6314
-5.1111,-4.2818
-5.1111,-5.0339
-5.1111,-4.5875
-5.1111,-4.8648
-5.1111,-5.2827
-5.1111,-5.3698
-5.1111,-5.8816
0.90385,0.27448
0.90385,1.5457
0.90385,0.64222
0.90385,1.0987
0.90385,0.29528
-0.97197,-1.4694
-0.97197,-0.5992
-0.97197,-1.815
-0.97197,-1.2527
-0.97197,-1.036
-0.97197,-0.39576
-0.97197,-1.0735
-0.97197,-0.21513
-0.97197,-0.62296
-0.97197,-1.0081
-0.97197,-0.73453
-0.97197,-1.3614
-0.97197,-1.4115
-0.97197,-0.33508
-0.97197,-0.83393
-0.97197,-1.843
-0.97197,-0.21498
2.3449,2.7762
2.3449,2.6049
2.3449,3.306
2.3449,2.2151
2.3449,2.2806
2.3449,1.4227
2.3449,2.7172
2.3449,1.8294
2.3449,2.8985
2.3449,3.1494
2.3449,2.0917
2.3449,2.0901
2.3449,1.6497
2.3449,1.9218
2.3449,2.3957
2.3449,2.5879
2.3449,1.7535
2.3449,2.9774
0.81057,0.1076
0.81057,1.2558
0.81057,0.94886
0.81057,0.96934
0.81057,0.71294
0.81057,0.49574
0.81057,1.3675
0.81057,0.88626
0.81057,0.25994
0.81057,0.46641
0.81057,-0.06753
0.81057,1.3661
0.81057,0.54521
0.81057,1.7854
0.81057,1.4769
0.81057,0.22184
0.81057,0.67479
0.81057,0.16151
-5.76,-6.4522
-5.76,-5.582
-5.76,-5.1163
-5.76,-5.1637
-5.76,-5.6787
-5.76,-6.1073
2.2151,2.7762
2.2151,1.6086
2.2151,1.8383
2.2151,2.3449
2.2151,1.8294
2.2151,2.4163
2.2151,2.8985
2.2151,2.9636
2.2151,2.0917
2.2151,2.5582
2.2151,1.9955
2.2151,1.4985
2.2151,2.3957
2.2151,2.5879
2.2151,3.0775
2.2151,1.7535
2.6096,1.8383
2.6096,3.4697
2.6096,2.4163
2.6096,2.9636
2.6096,2.1563
2.6096,3.2279
2.6096,2.5582
2.6096,1.9955
2.6096,2.3264
2.6096,3.0775
2.6096,2.8895
-0.21513,0.1076
-0.21513,-0.5992
-0.21513,0.19234
-0.21513,-0.39576
-0.21513,0.49574
-0.21513,-0.97197
-0.21513,-0.31217
-0.21513,-0.62296
-0.21513,-1.0081
-0.21513,-0.73453
-0.21513,0.46641
-0.21513,-0.06753
-0.21513,0.54521
-0.21513,-0.33508
-0.21513,-0.32445
-0.21513,-0.83393
-0.21513,0.22184
-0.21513,-0.21498
-0.21513,0.67479
-0.21513,0.16151
-3.7582,-4.6314
-3.7582,-4.2818
-3.7582,-3.3637
-3.7582,-4.0598
-3.7582,-4.3202
-4.0083,-4.8354
-4.0083,-3.9317
-4.0083,-4.4151
-4.0083,-3.7157
-4.0083,-3.5548
-4.0083,-4.5061
-4.0083,-4.2194
-4.0083,-3.3242
-4.0083,-4.7147
-4.0083,-4.3236
3.4697,4.0624
3.4697,2.6096
3.4697,2.9636
3.4697,3.2279
3.4697,3.1856
3.4697,3.7642
3.4697,2.8895
-0.17038,0.27448
-0.17038,-1.0601
-0.17038,-0.080419
-0.17038,-0.49259
0.19142,0.94886
0.19142,0.73081
0.19142,0.19234
0.19142,-0.2177
0.19142,0.16624
0.19142,-0.62296
0.19142,0.57368
0.19142,0.46641
0.19142,0.29528
0.19142,0.98045
0.19142,-0.27828
0.19142,0.54521
0.19142,-0.67785
0.19142,-0.33508
0.19142,-0.32445
0.19142,-0.21498
0.19142,0.67479
0.19142,0.16151
2.3193,1.8416
2.3193,1.8246
2.3193,1.4639
2.3193,2.6022
-0.31217,0.1076
-0.31217,-0.5992
-0.31217,-1.036
-0.31217,-0.39576
-0.31217,0.49574
-0.31217,-0.21513
-0.31217,-0.53535
-0.31217,0.25994
-0.31217,-0.06753
-0.31217,-0.11333
-0.31217,-0.83393
-0.31217,0.22184
-0.31217,-0.73846
0.16624,-0.080419
0.16624,0.73081
0.16624,0.64222
0.16624,0.19234
0.16624,-0.2177
0.16624,0.19142
0.16624,-0.62296
0.16624,0.57368
0.16624,1.0987
0.16624,0.29528
0.16624,0.98045
0.16624,-0.27828
0.16624,-0.7069
0.16624,0.54521
0.16624,-0.67785
0.16624,-0.32445
0.16624,-0.21498
0.16624,0.16151
-0.62296,-1.4694
-0.62296,-0.5992
-0.62296,-1.2527
-0.62296,0.19234
-0.62296,-1.0735
-0.62296,-0.2177
-0.62296,-0.97197
-0.62296,-0.21513
-0.62296,0.19142
-0.62296,0.16624
-0.62296,-1.4947
-0.62296,-1.0081
-0.62296,-0.73453
-0.62296,-1.0612
-0.62296,-0.27828
-0.62296,-0.7069
-0.62296,-0.67785
-0.62296,-0.33508
-0.62296,-0.32445
-0.62296,-0.21498
-0.62296,0.16151
1.3675,1.2558
1.3675,0.94886
1.3675,0.96934
1.3675,2.2003
1.3675,0.49574
1.3675,0.81057
1.3675,0.88626
1.3675,1.8246
1.3675,0.46641
1.3675,1.3661
1.3675,1.3542
1.3675,1.7225
1.3675,1.7854
1.3675,1.4769
1.3675,0.67479
2.2806,2.6737
2.2806,2.6049
2.2806,3.2137
2.2806,2.3449
2.2806,1.4227
2.2806,2.7172
2.2806,1.5267
2.2806,2.0901
2.2806,1.6497
2.2806,2.882
2.2806,2.1792
2.2806,1.9218
2.2806,1.8746
2.2806,2.9774
1.4227,0.7803
1.4227,1.0255
1.4227,2.3449
1.4227,2.2806
1.4227,1.0646
1.4227,1.5267
1.4227,2.0917
1.4227,2.0901
1.4227,1.6497
1.4227,1.3251
1.4227,1.9218
1.4227,1.4985
1.4227,1.7535
1.4227,1.0445
2.2111,2.6737
2.2111,2.9689
2.2111,2.1792
2.2111,1.8746
-4.4151,-4.8354
-4.4151,-5.1163
-4.4151,-5.1299
-4.4151,-5.1637
-4.4151,-3.9317
-4.4151,-4.0083
-4.4151,-3.5548
-4.4151,-4.5061
-4.4151,-4.2194
-4.4151,-4.7147
-4.4151,-4.3236
-0.53535,0.39743
-0.53535,-0.31217
-0.53535,-0.11333
-0.53535,-1.3658
-0.53535,-0.73846
2.7172,2.6737
2.7172,2.6049
2.7172,3.2137
2.7172,3.459
2.7172,3.306
2.7172,2.3449
2.7172,2.2806
2.7172,3.1494
2.7172,2.0901
2.7172,2.882
2.7172,2.1792
2.7172,1.9218
2.7172,2.5879
2.7172,2.9774
2.7172,3.3021
-3.3637,-3.7582
-3.3637,-3.7157
-3.3637,-4.0598
-3.3637,-4.2194
-3.3637,-2.9938
4.4125,4.1905
4.4125,4.0624
4.4125,4.68
4.4125,4.0305
4.4125,3.7642
4.4125,3.6315
0.88626,0.1076
0.88626,1.2641
0.88626,1.2558
0.88626,0.96934
0.88626,0.71294
0.88626,0.49574
0.88626,0.81057
0.88626,1.3675
0.88626,0.25994
0.88626,0.46641
0.88626,-0.06753
0.88626,1.7854
0.88626,1.4769
0.88626,0.22184
-3.7157,-4.0083
-3.7157,-3.3637
-3.7157,-3.5548
-3.7157,-4.5875
-3.7157,-4.0598
-3.7157,-4.2194
-3.7157,-4.3236
-3.7157,-2.9938
1.8294,2.7762
1.8294,1.0999
1.8294,1.6086
1.8294,1.8383
1.8294,2.3449
1.8294,2.2151
1.8294,2.4163
1.8294,1.0646
1.8294,2.0917
1.8294,2.5582
1.8294,1.9955
1.8294,1.3251
1.8294,1.9218
1.8294,1.4985
1.8294,2.3957
1.8294,2.5879
1.8294,1.7535
1.8294,1.3311
2.4163,2.7762
2.4163,1.6086
2.4163,1.8383
2.4163,2.2151
2.4163,2.6096
2.4163,1.8294
2.4163,2.9636
2.4163,2.1563
2.4163,3.2279
2.4163,2.5582
2.4163,1.9955
2.4163,2.3957
2.4163,3.0775
2.4163,2.8895
-1.7955,-1.0601
-1.7955,-1.9723
-1.7955,-1.4614
-1.7955,-1.0371
3.9272,4.5143
3.9272,4.1905
3.9272,3.4801
3.9272,3.2137
3.9272,3.459
3.9272,3.306
3.9272,3.1494
3.9272,3.6857
3.9272,3.7543
3.9272,4.3668
3.9272,3.907
3.9272,2.9774
-1.4947,-1.4694
-1.4947,-1.9723
-1.4947,-1.815
-1.4947,-1.2527
-1.4947,-1.0735
-1.4947,-0.62296
-1.4947,-1.0081
-1.4947,-0.73453
-1.4947,-1.0612
-1.4947,-1.9557
-1.4947,-1.4614
-1.4947,-0.67785
-1.4947,-2.1504
2.8985,2.7762
2.8985,2.6049
2.8985,3.4801
2.8985,3.3667
2.8985,3.306
2.8985,2.3449
2.8985,2.2151
2.8985,2.9636
2.8985,3.1494
2.8985,2.0917
2.8985,3.6857
2.8985,3.7543
2.8985,2.5582
2.8985,2.3957
2.8985,2.5879
2.8985,3.0775
2.8985,2.9774
2.8985,3.6315
-1.0081,-1.4694
-1.0081,-0.5992
-1.0081,-1.815
-1.0081,-1.2527
-1.0081,-1.0735
-1.0081,-0.97197
-1.0081,-0.21513
-1.0081,-0.62296
-1.0081,-1.4947
-1.0081,-0.73453
-1.0081,-1.3614
-1.0081,-1.0612
-1.0081,-0.27828
-1.0081,-0.67785
-1.0081,-0.33508
-1.0081,-0.32445
-1.0081,-0.21498
0.57368,0.27448
0.57368,-0.080419
0.57368,0.94886
0.57368,0.73081
0.57368,0.64222
0.57368,0.19234
0.57368,-0.2177
0.57368,0.19142
0.57368,0.16624
0.57368,1.4639
0.57368,1.0987
0.57368,0.29528
0.57368,0.98045
0.57368,-0.27828
0.57368,0.54521
0.57368,1.3542
1.8246,0.94886
1.8246,1.8416
1.8246,2.2003
1.8246,2.3193
1.8246,1.3675
1.8246,1.4639
1.8246,1.3661
1.8246,0.98045
1.8246,1.3542
1.8246,1.7225
1.8246,2.6022
1.0646,1.0999
1.0646,1.6086
1.0646,0.7803
1.0646,1.4227
1.0646,1.8294
1.0646,1.3251
1.0646,1.4985
1.0646,0.39367
1.0646,1.7535
1.0646,0.60884
1.5267,1.0255
1.5267,2.2806
1.5267,1.4227
1.5267,2.0901
1.5267,1.6497
1.5267,2.1792
1.5267,1.0445
1.5267,1.8746
1.576,1.8383
1.576,2.1563
1.576,1.4821
1.576,2.3264
2.9636,2.7762
2.9636,3.3667
2.9636,2.2151
2.9636,2.6096
2.9636,3.4697
2.9636,2.4163
2.9636,2.8985
2.9636,2.1563
2.9636,3.2279
2.9636,2.5582
2.9636,1.9955
2.9636,3.7642
2.9636,3.0775
2.9636,2.8895
2.9636,3.6315
2.0814,1.2641
2.0814,1.2558
2.0814,2.5175
2.0814,1.7854
2.0814,1.4769
0.25994,0.1076
0.25994,0.39743
0.25994,0.71294
0.25994,-0.39576
0.25994,0.49574
0.25994,0.81057
0.25994,-0.31217
0.25994,0.88626
0.25994,-0.06753
0.25994,-0.11333
0.25994,0.22184
0.25994,-0.73846
3.1494,2.7762
3.1494,2.6049
3.1494,3.4801
3.1494,3.2137
3.1494,3.3667
3.1494,3.306
3.1494,2.3449
3.1494,2.7172
3.1494,3.9272
3.1494,2.8985
3.1494,3.6857
3.1494,3.7543
3.1494,2.3957
3.1494,2.5879
3.1494,3.0775
3.1494,2.9774
3.1494,3.6315
4.68,4.1905
4.68,4.4125
4.68,4.0305
4.68,4.3668
4.68,5.0208
-0.73453,0.1076
-0.73453,-1.4694
-0.73453,-0.5992
-0.73453,-1.2527
-0.73453,0.19234
-0.73453,-0.39576
-0.73453,-1.0735
-0.73453,-0.97197
-0.73453,-0.21513
-0.73453,-0.62296
-0.73453,-1.4947
-0.73453,-1.0081
-0.73453,-1.3614
-0.73453,-0.06753
-0.73453,-0.27828
-0.73453,-0.67785
-0.73453,-0.33508
-0.73453,-0.32445
-0.73453,-0.83393
-0.73453,-0.21498
-0.73453,0.16151
0.29781,0.7803
0.29781,1.0255
0.29781,1.0445
-1.3614,-1.4694
-1.3614,-0.5992
-1.3614,-1.815
-1.3614,-1.2527
-1.3614,-1.036
-1.3614,-2.0991
-1.3614,-0.39576
-1.3614,-0.97197
-1.3614,-1.0081
-1.3614,-0.73453
-1.3614,-1.4115
-1.3614,-0.83393
-1.3614,-1.843
-1.3614,-0.73846
4.0305,4.1905
4.0305,3.4801
4.0305,3.3667
4.0305,4.4125
4.0305,4.68
4.0305,3.6857
4.0305,3.7543
4.0305,4.3668
4.0305,3.7642
4.0305,3.0775
4.0305,3.6315
-5.5541,-5.8358
-5.5541,-4.8354
-5.5541,-5.582
-5.5541,-5.1299
-5.5541,-5.1637
-5.5541,-6.1337
-5.5541,-5.0339
-5.5541,-5.3698
-5.5541,-6.1073
2.0917,2.7762
2.0917,1.6086
2.0917,2.6049
2.0917,2.3449
2.0917,2.2151
2.0917,1.4227
2.0917,1.8294
2.0917,2.8985
2.0917,2.0901
2.0917,2.5582
2.0917,1.9955
2.0917,1.3251
2.0917,1.9218
2.0917,1.4985
2.0917,2.3957
2.0917,2.5879
2.0917,1.7535
2.0917,2.9774
2.0901,2.6049
2.0901,2.3449
2.0901,2.2806
2.0901,1.4227
2.0901,2.7172
2.0901,1.5267
2.0901,2.0917
2.0901,1.6497
2.0901,2.882
2.0901,2.1792
2.0901,1.3251
2.0901,1.9218
2.0901,2.5879
2.0901,1.7535
2.0901,2.9774
0.46641,0.1076
0.46641,1.2558
0.46641,0.94886
0.46641,0.73081
0.46641,0.19234
0.46641,0.96934
0.46641,-0.39576
0.46641,0.49574
0.46641,0.81057
0.46641,-0.21513
0.46641,0.19142
0.46641,1.3675
0.46641,0.88626
0.46641,-0.06753
0.46641,1.3661
0.46641,0.54521
0.46641,-0.33508
0.46641,0.22184
0.46641,-0.21498
0.46641,0.67479
0.46641,0.16151
1.4639,0.94886
1.4639,0.73081
1.4639,1.5457
1.4639,1.8416
1.4639,2.3193
1.4639,0.57368
1.4639,1.8246
1.4639,1.0987
1.4639,1.3661
1.4639,0.98045
1.4639,1.3542
2.1563,1.8383
2.1563,2.6096
2.1563,2.4163
2.1563,1.576
2.1563,2.9636
2.1563,2.5582
2.1563,1.9955
2.1563,1.4821
2.1563,2.3264
2.1563,2.8895
2.1563,1.3311
-0.06753,0.1076
-0.06753,-0.5992
-0.06753,-0.39576
-0.06753,0.49574
-0.06753,0.81057
-0.06753,-0.21513
-0.06753,-0.31217
-0.06753,0.88626
-0.06753,0.25994
-0.06753,-0.73453
-0.06753,0.46641
-0.06753,-0.11333
-0.06753,-0.33508
-0.06753,-0.83393
-0.06753,0.22184
-0.06753,-0.73846
-0.06753,-0.21498
-0.06753,0.16151
3.2279,2.7762
3.2279,4.0624
3.2279,3.3667
3.2279,2.6096
3.2279,3.4697
3.2279,2.4163
3.2279,2.9636
3.2279,2.5582
3.2279,3.7642
3.2279,3.0775
3.2279,2.8895
3.2279,3.6315
-5.0339,-5.8358
-5.0339,-4.8354
-5.0339,-4.6314
-5.0339,-5.1299
-5.0339,-5.1111
-5.0339,-5.5541
-5.0339,-4.5875
-5.0339,-4.2194
-5.0339,-5.3698
-5.0339,-4.3236
1.0987,0.73081
1.0987,1.5457
1.0987,1.8416
1.0987,0.64222
1.0987,0.90385
1.0987,0.16624
1.0987,0.57368
1.0987,1.4639
1.0987,0.29528
1.0987,0.98045
1.0987,1.3542
-1.0612,-1.4694
-1.0612,-1.9723
-1.0612,-1.0735
-1.0612,-0.2177
-1.0612,-0.62296
-1.0612,-1.4947
-1.0612,-1.0081
-1.0612,-1.9557
-1.0612,-0.27828
-1.0612,-0.7069
-1.0612,-1.4614
-1.0612,-0.67785
-1.0612,-0.32445
-1.0612,-1.0371
3.6857,4.1905
3.6857,3.4801
3.6857,3.2137
3.6857,3.459
3.6857,3.3667
3.6857,3.306
3.6857,3.9272
3.6857,2.8985
3.6857,3.1494
3.6857,4.0305
3.6857,3.7543
3.6857,4.3668
3.6857,3.907
3.6857,2.9774
1.6497,1.0255
1.6497,2.3449
1.6497,2.2806
1.6497,1.4227
1.6497,1.5267
1.6497,2.0901
1.6497,2.1792
1.6497,1.3251
1.6497,1.9218
1.6497,1.7535
1.6497,1.0445
1.6497,1.8746
3.7543,4.1905
3.7543,3.4801
3.7543,3.3667
3.7543,3.306
3.7543,3.9272
3.7543,2.8985
3.7543,3.1494
3.7543,4.0305
3.7543,3.6857
3.7543,4.3668
3.7543,2.9774
3.7543,3.6315
3.1856,3.4697
3.1856,2.3264
3.1856,2.8895
-1.9557,-1.4694
-1.9557,-1.9723
-1.9557,-1.815
-1.9557,-1.0735
-1.9557,-1.4947
-1.9557,-1.0612
-1.9557,-2.7064
-1.9557,-1.4614
-1.9557,-2.1504
-1.4115,-1.2527
-1.4115,-1.036
-1.4115,-2.0991
-1.4115,-0.97197
-1.4115,-1.3614
-1.4115,-1.3658
-1.4115,-0.83393
-1.4115,-1.843
-1.4115,-0.73846
2.882,2.6737
2.882,2.6049
2.882,2.9689
2.882,3.2137
2.882,3.459
2.882,3.306
2.882,2.2806
2.882,2.7172
2.882,2.0901
2.882,2.1792
2.882,2.9774
2.882,3.3021
-0.11333,0.39743
-0.11333,0.71294
-0.11333,-0.39576
-0.11333,-0.31217
-0.11333,-0.53535
-0.11333,0.25994
-0.11333,-0.06753
-0.11333,0.22184
-0.11333,-0.73846
-5.6787,-6.4522
-5.6787,-5.1163
-5.6787,-5.76
-5.6787,-4.7762
2.5582,2.7762
2.5582,1.6086
2.5582,1.8383
2.5582,3.3667
2.5582,2.2151
2.5582,2.6096
2.5582,1.8294
2.5582,2.4163
2.5582,2.8985
2.5582,2.9636
2.5582,2.0917
2.5582,2.1563
2.5582,3.2279
2.5582,1.9955
2.5582,2.3957
2.5582,2.5879
2.5582,3.0775
1.9955,2.7762
1.9955,1.0999
1.9955,1.6086
1.9955,1.8383
1.9955,2.2151
1.9955,2.6096
1.9955,1.8294
1.9955,2.4163
1.9955,2.9636
1.9955,2.0917
1.9955,2.1563
1.9955,2.5582
1.9955,1.4821
1.9955,1.4985
1.9955,2.3957
1.9955,1.3311
-1.3658,-1.036
-1.3658,-2.0991
-1.3658,-0.53535
-1.3658,-1.4115
-1.3658,-0.73846
4.3668,4.5143
4.3668,4.1905
4.3668,3.9272
4.3668,4.68
4.3668,4.0305
4.3668,3.6857
4.3668,3.7543
4.3668,3.907
4.3668,5.0208
1.3661,1.2558
1.3661,0.94886
1.3661,0.73081
1.3661,0.96934
1.3661,2.2003
1.3661,0.81057
1.3661,1.3675
1.3661,1.8246
1.3661,0.46641
1.3661,1.4639
1.3661,0.98045
1.3661,0.54521
1.3661,1.3542
1.3661,1.7225
1.3661,1.7854
1.3661,0.67479
0.29528,0.27448
0.29528,-0.080419
0.29528,0.73081
0.29528,0.64222
0.29528,-0.49259
0.29528,-0.2177
0.29528,0.90385
0.29528,0.19142
0.29528,0.16624
0.29528,0.57368
0.29528,1.0987
0.29528,0.98045
0.29528,-0.27828
0.29528,-0.7069
2.1792,2.6737
2.1792,2.6049
2.1792,2.2806
2.1792,2.2111
2.1792,2.7172
2.1792,1.5267
2.1792,2.0901
2.1792,1.6497
2.1792,2.882
2.1792,1.9218
2.1792,1.8746
1.3251,1.0999
1.3251,0.7803
1.3251,1.0255
1.3251,1.4227
1.3251,1.8294
1.3251,1.0646
1.3251,2.0917
1.3251,2.0901
1.3251,1.6497
1.3251,1.9218
1.3251,1.4985
1.3251,1.7535
0.98045,0.94886
0.98045,0.73081
0.98045,1.5457
0.98045,1.8416
0.98045,0.64222
0.98045,0.19234
0.98045,0.19142
0.98045,0.16624
0.98045,0.57368
0.98045,1.8246
0.98045,1.4639
0.98045,1.0987
0.98045,1.3661
0.98045,0.29528
0.98045,0.54521
0.98045,1.3542
3.7642,4.0624
3.7642,3.3667
3.7642,3.4697
3.7642,4.4125
3.7642,2.9636
3.7642,4.0305
3.7642,3.2279
3.7642,3.0775
3.7642,3.6315
1.4821,1.6086
1.4821,1.8383
1.4821,0.75196
1.4821,1.576
1.4821,2.1563
1.4821,1.9955
1.4821,2.3264
1.4821,1.3311
-0.27828,-0.080419
-0.27828,0.19234
-0.27828,-1.0735
-0.27828,-0.2177
-0.27828,0.19142
-0.27828,0.16624
-0.27828,-0.62296
-0.27828,-1.0081
-0.27828,0.57368
-0.27828,-0.73453
-0.27828,-1.0612
-0.27828,0.29528
-0.27828,-0.7069
-0.27828,0.54521
-0.27828,-0.67785
-0.27828,-0.33508
-0.27828,-0.32445
-0.27828,-0.21498
-0.27828,0.16151
-0.7069,-1.0601
-0.7069,-0.080419
-0.7069,-0.49259
-0.7069,-1.0735
-0.7069,-0.2177
-0.7069,0.16624
-0.7069,-0.62296
-0.7069,-1.0612
-0.7069,0.29528
-0.7069,-0.27828
-0.7069,-1.4614
-0.7069,-0.67785
-0.7069,-0.32445
-0.7069,-1.0371
-3.5548,-3.9317
-3.5548,-4.0083
-3.5548,-4.4151
-3.5548,-3.7157
-3.5548,-4.2194
-3.5548,-3.3242
-3.5548,-4.3236
-3.5548,-2.9938
-4.5061,-5.1163
-4.5061,-3.9675
-4.5061,-5.1637
-4.5061,-3.9317
-4.5061,-4.0083
-4.5061,-4.4151
-4.5061,-4.7762
-4.5061,-4.7147
0.54521,0.1076
0.54521,0.94886
0.54521,0.73081
0.54521,0.19234
0.54521,0.96934
0.54521,0.81057
0.54521,-0.21513
0.54521,0.19142
0.54521,0.16624
0.54521,0.57368
0.54521,0.46641
0.54521,1.3661
0.54521,0.98045
0.54521,-0.27828
0.54521,1.3542
0.54521,-0.33508
0.54521,-0.32445
0.54521,-0.21498
0.54521,0.67479
0.54521,0.16151
-2.7064,-1.9723
-2.7064,-1.9557
-2.7064,-2.1504
1.9218,2.6049
1.9218,1.0255
1.9218,2.3449
1.9218,2.2806
1.9218,1.4227
1.9218,2.7172
1.9218,1.8294
1.9218,2.0917
1.9218,2.0901
1.9218,1.6497
1.9218,2.1792
1.9218,1.3251
1.9218,1.4985
1.9218,2.3957
1.9218,2.5879
1.9218,1.7535
2.3264,2.6096
2.3264,1.576
2.3264,2.1563
2.3264,3.1856
2.3264,1.4821
2.3264,2.8895
-4.5875,-4.8354
-4.5875,-4.6314
-4.5875,-5.1299
-4.5875,-4.2818
-4.5875,-5.1111
-4.5875,-3.7157
-4.5875,-5.0339
-4.5875,-4.0598
-4.5875,-4.2194
-4.5875,-5.3698
-4.5875,-4.3236
-4.0598,-4.6314
-4.0598,-4.2818
-4.0598,-3.7582
-4.0598,-3.3637
-4.0598,-3.7157
-4.0598,-4.5875
-4.0598,-4.2194
-4.0598,-4.3236
-4.7762,-5.1163
-4.7762,-3.9675
-4.7762,-5.6787
-4.7762,-4.5061
1.4985,1.0999
1.4985,1.6086
1.4985,0.7803
1.4985,2.2151
1.4985,1.4227
1.4985,1.8294
1.4985,1.0646
1.4985,2.0917
1.4985,1.9955
1.4985,1.3251
1.4985,1.9218
1.4985,2.3957
1.4985,1.7535
1.4985,1.3311
2.3957,2.7762
2.3957,1.6086
2.3957,2.6049
2.3957,3.3667
2.3957,2.3449
2.3957,2.2151
2.3957,1.8294
2.3957,2.4163
2.3957,2.8985
2.3957,3.1494
2.3957,2.0917
2.3957,2.5582
2.3957,1.9955
2.3957,1.9218
2.3957,1.4985
2.3957,2.5879
2.3957,3.0775
2.3957,1.7535
2.3957,2.9774
-4.2194,-4.8354
-4.2194,-4.6314
-4.2194,-5.1299
-4.2194,-4.0083
-4.2194,-4.4151
-4.2194,-3.3637
-4.2194,-3.7157
-4.2194,-5.0339
-4.2194,-3.5548
-4.2194,-4.5875
-4.2194,-4.0598
-4.2194,-4.3236
-1.4614,-1.4694
-1.4614,-1.9723
-1.4614,-1.0735
-1.4614,-1.7955
-1.4614,-1.4947
-1.4614,-1.0612
-1.4614,-1.9557
-1.4614,-0.7069
-1.4614,-0.67785
-1.4614,-1.0371
1.3542,0.94886
1.3542,0.73081
1.3542,1.8416
1.3542,0.96934
1.3542,1.3675
1.3542,0.57368
1.3542,1.8246
1.3542,1.4639
1.3542,1.0987
1.3542,1.3661
1.3542,0.98045
1.3542,0.54521
1.3542,1.7225
1.3542,0.67479
-0.67785,-0.080419
-0.67785,-0.49259
-0.67785,-1.0735
-0.67785,-0.2177
-0.67785,0.19142
-0.67785,0.16624
-0.67785,-0.62296
-0.67785,-1.4947
-0.67785,-1.0081
-0.67785,-0.73453
-0.67785,-1.0612
-0.67785,-0.27828
-0.67785,-0.7069
-0.67785,-1.4614
-0.67785,-0.32445
-0.67785,-1.0371
-0.67785,-0.21498
2.5879,2.7762
2.5879,2.6049
2.5879,3.4801
2.5879,3.2137
2.5879,3.3667
2.5879,3.306
2.5879,2.3449
2.5879,2.2151
2.5879,2.7172
2.5879,1.8294
2.5879,2.8985
2.5879,3.1494
2.5879,2.0917
2.5879,2.0901
2.5879,2.5582
2.5879,1.9218
2.5879,2.3957
2.5879,3.0775
2.5879,1.7535
2.5879,2.9774
1.7225,1.2558
1.7225,0.94886
1.7225,0.96934
1.7225,2.2003
1.7225,2.5175
1.7225,1.3675
1.7225,1.8246
1.7225,1.3661
1.7225,1.3542
1.7225,1.7854
-0.33508,0.1076
-0.33508,-0.5992
-0.33508,-1.2527
-0.33508,0.19234
-0.33508,-0.39576
-0.33508,-1.0735
-0.33508,-0.97197
-0.33508,-0.21513
-0.33508,0.19142
-0.33508,-0.62296
-0.33508,-1.0081
-0.33508,-0.73453
-0.33508,0.46641
-0.33508,-0.06753
-0.33508,-0.27828
-0.33508,0.54521
-0.33508,-0.32445
-0.33508,-0.83393
-0.33508,-0.21498
-0.33508,0.67479
-0.33508,0.16151
-0.32445,0.19234
-0.32445,-1.0735
-0.32445,-0.2177
-0.32445,-0.21513
-0.32445,0.19142
-0.32445,0.16624
-0.32445,-0.62296
-0.32445,-1.0081
-0.32445,-0.73453
-0.32445,-1.0612
-0.32445,-0.27828
-0.32445,-0.7069
-0.32445,0.54521
-0.32445,-0.67785
-0.32445,-0.33508
-0.32445,-0.21498
-0.32445,0.16151
1.7854,1.2558
1.7854,0.96934
1.7854,2.2003
1.7854,2.5175
1.7854,0.81057
1.7854,1.3675
1.7854,0.88626
1.7854,2.0814
1.7854,1.3661
1.7854,1.7225
1.7854,1.4769
3.0775,2.7762
3.0775,3.4801
3.0775,3.3667
3.0775,2.2151
3.0775,2.6096
3.0775,2.4163
3.0775,2.8985
3.0775,2.9636
3.0775,3.1494
3.0775,4.0305
3.0775,3.2279
3.0775,2.5582
3.0775,3.7642
3.0775,2.3957
3.0775,2.5879
3.0775,3.6315
0.39367,1.0999
0.39367,0.7803
0.39367,1.0646
0.39367,0.60884
-1.0371,-1.0601
-1.0371,-0.080419
-1.0371,-0.49259
-1.0371,-0.2177
-1.0371,-1.7955
-1.0371,-1.0612
-1.0371,-0.7069
-1.0371,-1.4614
-1.0371,-0.67785
-4.8648,-4.6314
-4.8648,-4.2818
-4.8648,-5.1111
-4.8648,-5.2827
-4.8648,-5.3698
-4.8648,-4.3202
-3.3242,-3.9675
-3.3242,-3.9317
-3.3242,-4.0083
-3.3242,-3.5548
-0.83393,0.1076
-0.83393,-0.5992
-0.83393,-1.2527
-0.83393,-1.036
-0.83393,-0.39576
-0.83393,-0.97197
-0.83393,-0.21513
-0.83393,-0.31217
-0.83393,-0.73453
-0.83393,-1.3614
-0.83393,-0.06753
-0.83393,-1.4115
-0.83393,-0.33508
-0.83393,-0.73846
-5.2827,-5.1111
-5.2827,-4.8648
-5.2827,-4.3202
-5.2827,-5.8816
-5.3698,-5.8358
-5.3698,-4.6314
-5.3698,-5.1299
-5.3698,-6.1337
-5.3698,-5.1111
-5.3698,-5.5541
-5.3698,-5.0339
-5.3698,-4.5875
-5.3698,-4.8648
-5.3698,-5.8816
-1.843,-1.4694
-1.843,-1.815
-1.843,-1.2527
-1.843,-1.036
-1.843,-2.5531
-1.843,-2.0991
-1.843,-0.97197
-1.843,-1.3614
-1.843,-1.4115
-1.843,-2.1504
1.4769,1.2641
1.4769,1.2558
1.4769,0.71294
1.4769,0.81057
1.4769,1.3675
1.4769,0.88626
1.4769,2.0814
1.4769,1.7854
2.8895,2.6096
2.8895,3.4697
2.8895,2.4163
2.8895,2.9636
2.8895,2.1563
2.8895,3.2279
2.8895,3.1856
2.8895,2.3264
0.22184,0.1076
0.22184,0.39743
0.22184,0.71294
0.22184,-0.39576
0.22184,0.49574
0.22184,0.81057
0.22184,-0.21513
0.22184,-0.31217
0.22184,0.88626
0.22184,0.25994
0.22184,0.46641
0.22184,-0.06753
0.22184,-0.11333
0.22184,0.16151
-4.3202,-4.2818
-4.3202,-3.7582
-4.3202,-4.8648
-4.3202,-5.2827
1.7535,1.0999
1.7535,1.6086
1.7535,2.6049
1.7535,0.7803
1.7535,2.3449
1.7535,2.2151
1.7535,1.4227
1.7535,1.8294
1.7535,1.0646
1.7535,2.0917
1.7535,2.0901
1.7535,1.6497
1.7535,1.3251
1.7535,1.9218
1.7535,1.4985
1.7535,2.3957
1.7535,2.5879
1.3311,1.0999
1.3311,1.6086
1.3311,1.8383
1.3311,0.75196
1.3311,1.8294
1.3311,2.1563
1.3311,1.9955
1.3311,1.4821
1.3311,1.4985
1.3311,0.60884
0.60884,1.0999
0.60884,1.6086
0.60884,0.75196
0.60884,1.0646
0.60884,0.39367
0.60884,1.3311
-4.7147,-4.8354
-4.7147,-5.582
-4.7147,-5.1163
-4.7147,-5.1299
-4.7147,-5.1637
-4.7147,-3.9317
-4.7147,-4.0083
-4.7147,-4.4151
-4.7147,-4.5061
-4.7147,-4.3236
-0.73846,-0.5992
-0.73846,-1.036
-0.73846,-0.39576
-0.73846,-0.31217
-0.73846,-0.53535
-0.73846,0.25994
-0.73846,-1.3614
-0.73846,-0.06753
-0.73846,-1.4115
-0.73846,-0.11333
-0.73846,-1.3658
-0.73846,-0.83393
-6.1073,-6.4522
-6.1073,-5.582
-6.1073,-6.7651
-6.1073,-5.1637
-6.1073,-6.1337
-6.1073,-5.76
-6.1073,-5.5541
1.0445,1.0255
1.0445,1.4227
1.0445,1.5267
1.0445,0.29781
1.0445,1.6497
1.0445,1.8746
3.907,4.5143
3.907,3.2137
3.907,3.9234
3.907,3.459
3.907,3.306
3.907,3.9272
3.907,3.6857
3.907,4.3668
3.907,3.3021
1.8746,2.6737
1.8746,2.2806
1.8746,2.2111
1.8746,1.5267
1.8746,1.6497
1.8746,2.1792
1.8746,1.0445
-0.21498,0.1076
-0.21498,-0.5992
-0.21498,0.19234
-0.21498,-1.0735
-0.21498,-0.97197
-0.21498,-0.21513
-0.21498,0.19142
-0.21498,0.16624
-0.21498,-0.62296
-0.21498,-1.0081
-0.21498,-0.73453
-0.21498,0.46641
-0.21498,-0.06753
-0.21498,-0.27828
-0.21498,0.54521
-0.21498,-0.67785
-0.21498,-0.33508
-0.21498,-0.32445
-0.21498,0.67479
-0.21498,0.16151
2.9774,2.7762
2.9774,2.6049
2.9774,3.4801
2.9774,3.2137
2.9774,3.459
2.9774,3.3667
2.9774,3.306
2.9774,2.3449
2.9774,2.2806
2.9774,2.7172
2.9774,3.9272
2.9774,2.8985
2.9774,3.1494
2.9774,2.0917
2.9774,2.0901
2.9774,3.6857
2.9774,3.7543
2.9774,2.882
2.9774,2.3957
2.9774,2.5879
2.6022,2.2003
2.6022,2.3193
2.6022,1.8246
-4.3236,-4.8354
-4.3236,-5.1299
-4.3236,-4.0083
-4.3236,-4.4151
-4.3236,-3.7157
-4.3236,-5.0339
-4.3236,-3.5548
-4.3236,-4.5875
-4.3236,-4.0598
-4.3236,-4.2194
-4.3236,-4.7147
-5.8816,-5.8358
-5.8816,-6.606
-5.8816,-5.1111
-5.8816,-5.2827
-5.8816,-5.3698
-2.9938,-3.3637
-2.9938,-3.7157
-2.9938,-3.5548
0.67479,0.1076
0.67479,1.2558
0.67479,0.94886
0.67479,0.73081
0.67479,0.19234
0.67479,0.96934
0.67479,0.49574
0.67479,0.81057
0.67479,-0.21513
0.67479,0.19142
0.67479,1.3675
0.67479,0.46641
0.67479,1.3661
0.67479,0.54521
0.67479,1.3542
0.67479,-0.33508
0.67479,-0.21498
0.67479,0.16151
-2.1504,-1.4694
-2.1504,-1.815
-2.1504,-1.2527
-2.1504,-2.5531
-2.1504,-1.4947
-2.1504,-1.9557
-2.1504,-2.7064
-2.1504,-1.843
3.3021,2.6737
3.3021,2.9689
3.3021,3.2137
3.3021,3.9234
3.3021,3.459
3.3021,2.7172
3.3021,2.882
3.3021,3.907
3.6315,2.7762
3.6315,4.1905
3.6315,3.4801
3.6315,3.3667
3.6315,4.4125
3.6315,2.8985
3.6315,2.9636
3.6315,3.1494
3.6315,4.0305
3.6315,3.2279
3.6315,3.7543
3.6315,3.7642
3.6315,3.0775
0.16151,0.1076
0.16151,0.94886
0.16151,-0.5992
0.16151,0.73081
0.16151,0.19234
0.16151,0.96934
0.16151,-0.39576
0.16151,0.49574
0.16151,0.81057
0.16151,-0.21513
0.16151,0.19142
0.16151,0.16624
0.16151,-0.62296
0.16151,-0.73453
0.16151,0.46641
0.16151,-0.06753
0.16151,-0.27828
0.16151,0.54521
0.16151,-0.33508
0.16151,-0.32445
0.16151,0.22184
0.16151,-0.21498
0.16151,0.67479
5.0208,4.5143
5.0208,4.1905
5.0208,4.68
5.0208,4.3668
