5.0397,4.9399
5.0397,4.3616
5.0397,4.9312
5.0397,5.422
5.0397,5.4695
5.0397,5.3805
5.0397,4.9752
5.0397,4.0582
5.0397,5.8274
5.0397,4.5416
5.0397,5.0282
5.0397,5.407
5.0397,4.4374
5.0397,4.652
5.0397,5.3217
5.0397,5.6802
5.0397,4.4094
5.0397,4.784
5.0397,4.7026
-3.1986,-4.1131
-3.1986,-3.2361
-3.1986,-2.5228
-3.1986,-3.8223
-4.9475,-5.144
-4.9475,-4.4533
-4.9475,-5.2962
-4.9475,-4.2569
-4.9475,-4.4497
-4.9475,-4.8882
-4.9475,-5.5934
-3.9835,-3.7284
-3.9835,-3.0558
-3.9835,-4.0775
-3.9835,-3.5188
-3.9835,-3.7248
-3.9835,-3.6052
-3.9835,-4.2569
-3.9835,-4.4497
-3.9835,-4.7025
-3.9835,-4.5297
-3.9835,-3.2905
-3.9835,-4.0978
2.6578,2.9705
2.6578,3.149
2.6578,2.7474
2.6578,3.3341
2.6578,2.7109
2.6578,2.1099
2.6578,3.3499
4.1914,4.5437
4.1914,4.6562
4.1914,3.9309
4.1914,4.802
4.1914,4.1597
4.1914,3.7793
4.1914,4.2593
4.1914,4.5416
4.1914,5.1161
4.1914,3.5613
4.1914,3.8175
4.1914,3.2748
4.1914,4.2431
2.2553,2.7474
2.2553,2.1099
2.2553,2.64
2.2553,3.2061
2.2553,2.9153
-3.7284,-3.9835
-3.7284,-3.0558
-3.7284,-4.0775
-3.7284,-3.5188
-3.7284,-4.4533
-3.7284,-3.2361
-3.7284,-4.2569
-3.7284,-4.4497
-3.7284,-3.8223
6.5825,6.7111
6.5825,6.187
6.5825,5.7986
6.5825,6.2105
6.5825,5.9815
2.9705,2.6578
2.9705,3.149
2.9705,2.7474
2.9705,3.3341
2.9705,2.1099
2.9705,3.7387
2.9705,3.6255
2.9705,3.3499
2.9705,3.8018
2.9705,3.2061
2.9705,3.5951
2.9705,2.9153
5.4937,4.9312
5.4937,6.187
5.4937,5.4695
5.4937,5.3805
5.4937,5.1379
5.4937,5.7986
5.4937,5.0282
5.4937,4.6258
5.4937,4.9726
5.4937,5.5486
5.4937,5.9815
5.4937,4.784
-5.144,-4.9475
-5.144,-4.4533
-5.144,-5.5934
-3.0558,-3.9835
-3.0558,-3.7284
-3.0558,-3.5188
-3.0558,-3.2361
-3.0558,-3.6052
-3.0558,-2.5228
-3.0558,-2.8328
-3.0558,-2.2986
-3.0558,-3.2905
-2.4598,-1.9702
-2.4598,-3.2847
-2.4598,-3.1281
-2.4598,-3.0472
-2.4598,-1.8668
-2.4598,-3.1441
-2.4598,-2.8002
-2.4598,-2.7505
-2.4598,-2.3156
-2.4598,-2.548
-4.7097,-4.3656
-4.7097,-4.7192
-4.7097,-4.6983
-4.7097,-4.5079
-4.7097,-5.2501
-4.7097,-4.3408
-4.7097,-5.3317
-4.7097,-4.1546
-4.7097,-4.1406
-4.7097,-5.5154
-4.7097,-4.9908
-4.7097,-5.0445
-4.7097,-4.3547
-4.7097,-4.0512
-4.7097,-4.9731
-4.7097,-3.7984
-4.7097,-4.9694
4.4544,4.0475
4.4544,4.3616
4.4544,4.9312
4.4544,5.3805
4.4544,4.0582
4.4544,5.1379
4.4544,3.6255
4.4544,4.3483
4.4544,5.0282
4.4544,3.8578
4.4544,4.6258
4.4544,3.8502
4.4544,4.4374
4.4544,4.2601
4.4544,4.9726
4.4544,4.784
4.4544,4.7026
3.1906,2.64
3.1906,3.7793
3.1906,3.5613
3.1906,3.8175
3.1906,3.5817
3.1906,3.2748
-3.2645,-2.5943
-3.2645,-3.6937
-3.2645,-3.9026
-3.2645,-3.1719
-3.2645,-4.1735
4.9399,5.0397
4.9399,4.6562
4.9399,5.618
4.9399,5.422
4.9399,4.802
4.9399,4.9752
4.9399,5.8274
4.9399,4.1597
4.9399,4.2593
4.9399,4.5416
4.9399,5.1161
4.9399,5.407
4.9399,4.652
4.9399,4.0517
4.9399,5.3217
4.9399,4.4094
4.9399,4.7026
-4.3513,-4.3656
-4.3513,-5.3223
-4.3513,-3.6937
-4.3513,-4.885
-4.3513,-4.8529
-4.3513,-3.8511
-4.3513,-4.321
-4.3513,-3.9026
-4.3513,-4.9694
-4.3513,-4.1735
-5.1739,-5.5246
-5.1739,-5.2962
-5.1739,-5.6754
-5.1739,-4.4497
-5.1739,-4.7025
-5.1739,-4.947
-5.1739,-4.5297
-5.1739,-5.8124
-5.1739,-4.8882
-4.0775,-3.9835
-4.0775,-3.7284
-4.0775,-3.5188
-4.0775,-3.6052
-4.0775,-4.2569
-4.0775,-4.4497
-4.0775,-4.7025
-4.0775,-4.5297
-4.0775,-4.8882
-4.0775,-3.2905
-4.0775,-4.0978
-4.6725,-4.7574
-4.6725,-5.4019
-4.6725,-5.3621
-4.6725,-4.5079
-4.6725,-4.1249
-4.6725,-5.0445
-4.6725,-3.7483
-4.6725,-4.2461
-4.6725,-4.0995
-4.6725,-5.1719
-4.6725,-4.7548
-4.7574,-4.6725
-4.7574,-5.4019
-4.7574,-4.6983
-4.7574,-4.5079
-4.7574,-5.2501
-4.7574,-4.1249
-4.7574,-4.1406
-4.7574,-4.9908
-4.7574,-5.0445
-4.7574,-4.2461
-4.7574,-4.3547
-4.7574,-3.9495
-4.7574,-5.1719
-4.7574,-4.7548
4.0475,4.4544
4.0475,3.149
4.0475,4.3616
4.0475,4.9312
4.0475,4.0582
4.0475,3.7387
4.0475,3.6255
4.0475,3.8578
4.0475,3.4028
4.0475,4.6258
4.0475,3.3499
4.0475,3.8502
4.0475,3.8018
4.0475,4.4374
4.0475,4.2601
4.0475,4.4094
4.0475,4.784
4.0475,4.7026
-3.5729,-3.2847
-3.5729,-3.1281
-3.5729,-3.665
-3.5729,-3.741
-3.5729,-3.0472
-3.5729,-3.1441
-3.5729,-4.3408
-3.5729,-4.1546
-3.5729,-4.1406
-3.5729,-3.2851
-3.5729,-2.8002
-3.5729,-2.7505
-3.5729,-3.6132
-3.5729,-4.3547
-3.5729,-4.0512
-3.5729,-3.9495
-3.5729,-3.7984
-2.4675,-3.1166
-2.4675,-2.8328
-2.4675,-2.2986
-2.4675,-3.046
-2.4675,-3.2905
3.0524,3.6249
3.0524,3.149
3.0524,2.7109
3.0524,3.8578
3.0524,3.4028
3.0524,3.8502
-6.0604,-5.9589
-6.0604,-5.3223
-6.0604,-5.5154
-6.0604,-6.6489
-6.0604,-5.4434
4.5437,4.1914
4.5437,4.6562
4.5437,4.8691
4.5437,4.802
4.5437,3.7793
4.5437,4.2593
4.5437,5.1161
4.5437,3.8175
4.5437,5.1353
4.5437,4.2431
-3.5787,-3.0372
-3.5787,-3.4158
-3.5787,-4.1249
-3.5787,-2.9596
-3.5787,-3.7483
-3.5787,-4.2461
-3.5787,-4.0995
3.6249,3.0524
3.6249,3.8073
3.6249,4.3483
3.6249,3.8578
3.6249,3.4028
3.6249,3.8502
3.6249,4.2601
-1.9702,-2.4598
-1.9702,-1.8668
-1.9702,-2.8002
-1.9702,-2.548
-4.3656,-4.7097
-4.3656,-4.3513
-4.3656,-4.7192
-4.3656,-3.665
-4.3656,-3.6937
-4.3656,-4.3408
-4.3656,-4.1546
-4.3656,-4.8529
-4.3656,-3.8511
-4.3656,-4.321
-4.3656,-4.0512
-4.3656,-4.9731
-4.3656,-3.7984
-4.3656,-4.9694
4.6562,4.1914
4.6562,4.9399
4.6562,4.5437
4.6562,3.9309
4.6562,4.802
4.6562,4.1597
4.6562,3.7793
4.6562,4.2593
4.6562,4.5416
4.6562,5.1161
4.6562,3.8175
4.6562,5.6229
4.6562,4.652
4.6562,5.3217
4.6562,5.1353
4.6562,4.2431
5.618,4.9399
5.618,5.422
5.618,4.802
5.618,5.8274
5.618,5.1161
5.618,5.407
5.618,5.6229
5.618,6.369
5.618,5.3217
5.618,5.1353
5.618,5.9463
3.149,2.6578
3.149,2.9705
3.149,4.0475
3.149,3.0524
3.149,3.3341
3.149,2.7109
3.149,3.7387
3.149,3.6255
3.149,3.4028
3.149,3.3499
3.149,3.8502
4.8691,4.5437
4.8691,5.7692
4.8691,5.1353
4.8691,4.2431
4.3616,5.0397
4.3616,4.4544
4.3616,4.0475
4.3616,4.9312
4.3616,4.9752
4.3616,4.0582
4.3616,3.7387
4.3616,4.1597
4.3616,3.6255
4.3616,5.0282
4.3616,3.8018
4.3616,4.4374
4.3616,4.652
4.3616,4.0517
4.3616,4.4094
4.3616,4.784
4.3616,4.7026
-3.0372,-3.5787
-3.0372,-3.4158
-3.0372,-2.6409
-3.0372,-2.9596
-3.0372,-3.2851
-3.0372,-3.0704
-3.0372,-3.7483
-3.0372,-2.3477
2.7474,2.6578
2.7474,2.2553
2.7474,2.9705
2.7474,3.3341
2.7474,2.1099
2.7474,3.3499
2.7474,3.2061
2.7474,3.5951
2.7474,2.9153
-3.2847,-2.4598
-3.2847,-3.5729
-3.2847,-3.1281
-3.2847,-3.665
-3.2847,-3.741
-3.2847,-3.0472
-3.2847,-3.1441
-3.2847,-3.6937
-3.2847,-4.1546
-3.2847,-3.8511
-3.2847,-2.8002
-3.2847,-4.0512
-3.2847,-3.1719
-3.2847,-3.7984
-3.2847,-2.548
5.7692,4.8691
5.7692,5.1161
5.7692,5.6229
5.7692,6.369
5.7692,5.1353
6.7111,6.5825
6.7111,6.187
6.7111,6.6047
6.7111,6.0616
6.7111,6.2629
-2.5943,-3.2645
-2.5943,-3.1281
-2.5943,-3.1719
-2.5943,-2.548
4.9312,5.0397
4.9312,5.4937
4.9312,4.4544
4.9312,4.0475
4.9312,4.3616
4.9312,5.4695
4.9312,5.3805
4.9312,5.1379
4.9312,5.7986
4.9312,5.0282
4.9312,4.6258
4.9312,4.4374
4.9312,4.2601
4.9312,4.9726
4.9312,5.5486
4.9312,4.784
4.9312,4.7026
-5.4019,-4.6725
-5.4019,-4.7574
-5.4019,-4.6983
-5.4019,-5.732
-5.4019,-4.5079
-5.4019,-5.2501
-5.4019,-6.308
-5.4019,-5.7447
-5.4019,-4.9908
-5.4019,-5.0445
-5.4019,-5.7817
-5.4019,-5.1719
-5.5246,-5.1739
-5.5246,-5.2962
-5.5246,-5.6754
-5.5246,-4.7025
-5.5246,-4.947
-5.5246,-4.5297
-5.5246,-5.8124
-5.5246,-6.3643
-4.1131,-3.1986
-4.1131,-4.4533
-4.1131,-3.8223
-3.1281,-2.4598
-3.1281,-3.5729
-3.1281,-3.2847
-3.1281,-2.5943
-3.1281,-3.665
-3.1281,-3.1441
-3.1281,-3.6937
-3.1281,-3.8511
-3.1281,-2.8002
-3.1281,-3.1719
-3.1281,-3.7984
-3.1281,-2.548
6.187,6.5825
6.187,5.4937
6.187,6.7111
6.187,5.4695
6.187,5.3805
6.187,5.7986
6.187,6.0616
6.187,6.2629
6.187,5.9815
6.187,5.6802
-3.5188,-3.9835
-3.5188,-3.7284
-3.5188,-3.0558
-3.5188,-4.0775
-3.5188,-3.2361
-3.5188,-3.6052
-3.5188,-4.2569
-3.5188,-4.4497
-3.5188,-2.8328
-3.5188,-3.2905
-3.5188,-4.0978
5.422,5.0397
5.422,4.9399
5.422,5.618
5.422,5.4695
5.422,4.802
5.422,4.9752
5.422,5.8274
5.422,6.0616
5.422,4.5416
5.422,5.1161
5.422,5.0282
5.422,5.407
5.422,6.2629
5.422,4.652
5.422,5.3217
5.422,5.6802
5.422,5.9463
5.422,4.7026
-5.3621,-4.6725
-5.3621,-5.7817
-5.3621,-5.1719
-5.3621,-4.7548
-4.7192,-4.7097
-4.7192,-4.3656
-4.7192,-4.3408
-4.7192,-5.3317
-4.7192,-4.1546
-4.7192,-4.8529
-4.7192,-5.5154
-4.7192,-3.8511
-4.7192,-4.321
-4.7192,-4.9908
-4.7192,-5.4434
-4.7192,-4.3547
-4.7192,-4.0512
-4.7192,-4.9731
-4.7192,-3.7984
-4.7192,-4.9694
-3.665,-3.5729
-3.665,-4.3656
-3.665,-3.2847
-3.665,-3.1281
-3.665,-3.741
-3.665,-3.1441
-3.665,-3.6937
-3.665,-4.3408
-3.665,-4.1546
-3.665,-3.8511
-3.665,-4.321
-3.665,-2.8002
-3.665,-4.0512
-3.665,-3.1719
-3.665,-3.7984
4.9553,5.4948
4.9553,5.1379
4.9553,4.3483
4.9553,4.6258
4.9553,4.9726
4.9553,5.5486
4.9553,4.5355
-4.4533,-4.9475
-4.4533,-3.7284
-4.4533,-5.144
-4.4533,-4.1131
-4.4533,-4.2569
-4.4533,-4.8882
-4.4533,-3.8223
3.9309,4.1914
3.9309,4.6562
3.9309,3.3341
3.9309,4.802
3.9309,4.1597
3.9309,3.7793
3.9309,4.2593
3.9309,4.5416
3.9309,3.5613
3.9309,3.8018
3.9309,3.2061
3.9309,3.2748
3.9309,3.5951
3.9309,4.652
3.9309,4.0517
3.9309,4.4094
3.3341,2.6578
3.3341,2.9705
3.3341,3.149
3.3341,2.7474
3.3341,3.9309
3.3341,4.0582
3.3341,3.7387
3.3341,4.1597
3.3341,3.6255
3.3341,3.5613
3.3341,3.3499
3.3341,3.8018
3.3341,3.2061
3.3341,3.5951
3.3341,4.0517
3.3341,2.9153
5.4948,4.9553
5.4948,6.2105
5.4948,4.9726
5.4948,5.5486
5.4948,4.5355
-3.1166,-2.4675
-3.1166,-3.7248
-3.1166,-3.6052
-3.1166,-3.6533
-3.1166,-2.8328
-3.1166,-3.046
-3.1166,-3.2905
5.4695,5.0397
5.4695,5.4937
5.4695,4.9312
5.4695,6.187
5.4695,5.422
5.4695,5.3805
5.4695,4.9752
5.4695,5.8274
5.4695,5.1379
5.4695,5.7986
5.4695,6.0616
5.4695,5.0282
5.4695,5.407
5.4695,5.6802
5.4695,4.784
5.4695,4.7026
-5.2962,-4.9475
-5.2962,-5.1739
-5.2962,-5.5246
-5.2962,-4.4497
-5.2962,-4.7025
-5.2962,-5.8124
-5.2962,-6.189
-5.2962,-4.8882
-5.2962,-5.5934
2.7109,2.6578
2.7109,3.0524
2.7109,3.149
2.7109,3.6255
2.7109,3.4028
2.7109,3.3499
4.802,4.1914
4.802,4.9399
4.802,4.5437
4.802,4.6562
4.802,5.618
4.802,5.422
4.802,3.9309
4.802,4.9752
4.802,4.1597
4.802,4.2593
4.802,4.5416
4.802,5.1161
4.802,5.6229
4.802,4.652
4.802,5.3217
4.802,5.1353
-3.741,-3.5729
-3.741,-3.2847
-3.741,-3.665
-3.741,-4.6983
-3.741,-3.0472
-3.741,-3.4158
-3.741,-3.1441
-3.741,-4.5079
-3.741,-4.3408
-3.741,-4.1546
-3.741,-4.1406
-3.741,-3.2851
-3.741,-3.0704
-3.741,-2.7505
-3.741,-3.6132
-3.741,-4.3547
-3.741,-4.0512
-3.741,-3.9495
-3.741,-3.7984
5.3805,5.0397
5.3805,5.4937
5.3805,4.4544
5.3805,4.9312
5.3805,6.187
5.3805,5.4695
5.3805,5.1379
5.3805,5.7986
5.3805,6.0616
5.3805,5.0282
5.3805,5.407
5.3805,4.4374
5.3805,5.5486
5.3805,5.9815
5.3805,5.6802
5.3805,4.784
5.3805,4.7026
-3.2361,-3.1986
-3.2361,-3.7284
-3.2361,-3.0558
-3.2361,-3.5188
-3.2361,-2.5228
-3.2361,-3.8223
-4.6983,-4.7097
-4.6983,-4.7574
-4.6983,-5.4019
-4.6983,-3.741
-4.6983,-4.5079
-4.6983,-5.2501
-4.6983,-4.3408
-4.6983,-5.3317
-4.6983,-4.1406
-4.6983,-4.9908
-4.6983,-5.0445
-4.6983,-4.2461
-4.6983,-4.3547
-4.6983,-4.0512
-4.6983,-4.9731
-4.6983,-3.9495
-5.732,-5.4019
-5.732,-5.9589
-5.732,-5.2501
-5.732,-5.3317
-5.732,-5.7447
-5.732,-5.5154
-5.732,-4.9908
-5.732,-5.0445
-5.732,-6.403
-5.732,-4.9731
-5.732,-6.0411
4.9752,5.0397
4.9752,4.9399
4.9752,4.3616
4.9752,5.422
4.9752,5.4695
4.9752,4.802
4.9752,5.8274
4.9752,4.1597
4.9752,4.5416
4.9752,5.0282
4.9752,5.407
4.9752,4.4374
4.9752,4.652
4.9752,4.0517
4.9752,5.3217
4.9752,5.6802
4.9752,4.4094
4.9752,4.784
4.9752,4.7026
-5.6754,-5.1739
-5.6754,-5.5246
-5.6754,-4.8685
-5.6754,-4.947
-5.6754,-6.3643
-3.7248,-3.9835
-3.7248,-3.1166
-3.7248,-3.6052
-3.7248,-4.3512
-3.7248,-3.6533
-3.7248,-4.5297
-3.7248,-3.046
-3.7248,-3.2905
-3.7248,-4.0978
-3.7248,-4.1153
-5.9589,-6.0604
-5.9589,-5.732
-5.9589,-5.3317
-5.9589,-5.5154
-5.9589,-6.6489
-5.9589,-5.4434
-5.9589,-6.0411
2.1099,2.6578
2.1099,2.2553
2.1099,2.9705
2.1099,2.7474
4.0582,5.0397
4.0582,4.4544
4.0582,4.0475
4.0582,4.3616
4.0582,3.3341
4.0582,3.7387
4.0582,4.1597
4.0582,3.6255
4.0582,5.0282
4.0582,3.3499
4.0582,3.8502
4.0582,3.8018
4.0582,4.4374
4.0582,3.5951
4.0582,4.652
4.0582,4.0517
4.0582,4.4094
4.0582,4.784
4.0582,4.7026
3.8073,3.6249
3.8073,4.3483
3.8073,3.8578
3.8073,4.5355
5.8274,5.0397
5.8274,4.9399
5.8274,5.618
5.8274,5.422
5.8274,5.4695
5.8274,4.9752
5.8274,6.6047
5.8274,6.0616
5.8274,5.407
5.8274,6.2629
5.8274,5.3217
5.8274,5.6802
5.8274,5.9463
3.7387,2.9705
3.7387,4.0475
3.7387,3.149
3.7387,4.3616
3.7387,3.3341
3.7387,4.0582
3.7387,4.1597
3.7387,3.6255
3.7387,3.3499
3.7387,3.8502
3.7387,3.8018
3.7387,3.2061
3.7387,4.4374
3.7387,3.5951
3.7387,4.0517
3.7387,4.4094
3.7387,4.7026
4.1597,4.1914
4.1597,4.9399
4.1597,4.6562
4.1597,4.3616
4.1597,3.9309
4.1597,3.3341
4.1597,4.802
4.1597,4.9752
4.1597,4.0582
4.1597,3.7387
4.1597,3.7793
4.1597,4.2593
4.1597,4.5416
4.1597,3.5613
4.1597,3.8018
4.1597,3.2061
4.1597,3.5951
4.1597,4.652
4.1597,4.0517
4.1597,4.4094
4.1597,4.7026
5.1379,5.4937
5.1379,4.4544
5.1379,4.9312
5.1379,4.9553
5.1379,5.4695
5.1379,5.3805
5.1379,5.7986
5.1379,4.3483
5.1379,5.0282
5.1379,4.6258
5.1379,4.2601
5.1379,4.9726
5.1379,5.5486
5.1379,5.9815
5.1379,4.784
-3.0472,-2.4598
-3.0472,-3.5729
-3.0472,-3.2847
-3.0472,-3.741
-3.0472,-3.1441
-3.0472,-2.6409
-3.0472,-3.2851
-3.0472,-3.0704
-3.0472,-2.8002
-3.0472,-2.7505
-3.0472,-3.6132
-3.0472,-2.3156
-3.0472,-3.7984
-3.4158,-3.5787
-3.4158,-3.0372
-3.4158,-3.741
-3.4158,-4.1249
-3.4158,-2.6409
-3.4158,-4.1406
-3.4158,-3.2851
-3.4158,-3.0704
-3.4158,-3.7483
-3.4158,-3.6132
-3.4158,-4.2461
-3.4158,-3.9495
-1.8668,-2.4598
-1.8668,-1.9702
-1.8668,-2.7505
-1.8668,-2.3156
-3.6052,-3.9835
-3.6052,-3.0558
-3.6052,-4.0775
-3.6052,-3.5188
-3.6052,-3.1166
-3.6052,-3.7248
-3.6052,-4.3512
-3.6052,-3.6533
-3.6052,-2.8328
-3.6052,-4.5297
-3.6052,-3.2905
-3.6052,-4.0978
6.6047,6.7111
6.6047,5.8274
6.6047,6.2629
6.6047,6.369
6.6047,5.9463
-3.1441,-2.4598
-3.1441,-3.5729
-3.1441,-3.2847
-3.1441,-3.1281
-3.1441,-3.665
-3.1441,-3.741
-3.1441,-3.0472
-3.1441,-3.2851
-3.1441,-2.8002
-3.1441,-2.7505
-3.1441,-3.6132
-3.1441,-4.0512
-3.1441,-3.7984
-3.1441,-2.548
-4.8685,-5.6754
-4.8685,-4.3512
-4.8685,-4.947
-4.8685,-4.5297
-4.8685,-4.1153
-5.3223,-4.3513
-5.3223,-6.0604
-5.3223,-4.885
-5.3223,-4.8529
-5.3223,-5.4434
-5.3223,-4.9694
5.7986,6.5825
5.7986,5.4937
5.7986,4.9312
5.7986,6.187
5.7986,5.4695
5.7986,5.3805
5.7986,5.1379
5.7986,6.0616
5.7986,5.0282
5.7986,5.5486
5.7986,5.9815
5.7986,5.6802
-4.3512,-3.7248
-4.3512,-3.6052
-4.3512,-4.8685
-4.3512,-3.6533
-4.3512,-4.7025
-4.3512,-4.947
-4.3512,-4.5297
-4.3512,-4.0978
-4.3512,-4.1153
-4.5079,-4.7097
-4.5079,-4.6725
-4.5079,-4.7574
-4.5079,-5.4019
-4.5079,-3.741
-4.5079,-4.6983
-4.5079,-5.2501
-4.5079,-4.1249
-4.5079,-4.1406
-4.5079,-4.9908
-4.5079,-5.0445
-4.5079,-3.7483
-4.5079,-3.6132
-4.5079,-4.2461
-4.5079,-4.3547
-4.5079,-4.0512
-4.5079,-3.9495
-4.5079,-5.1719
-5.2501,-4.7097
-5.2501,-4.7574
-5.2501,-5.4019
-5.2501,-4.6983
-5.2501,-5.732
-5.2501,-4.5079
-5.2501,-5.3317
-5.2501,-5.7447
-5.2501,-5.5154
-5.2501,-4.9908
-5.2501,-5.0445
-5.2501,-4.3547
-5.2501,-4.9731
-5.2501,-6.0411
2.64,2.2553
2.64,3.1906
2.64,3.2748
2.64,2.9153
-3.6937,-3.2645
-3.6937,-4.3513
-3.6937,-4.3656
-3.6937,-3.2847
-3.6937,-3.1281
-3.6937,-3.665
-3.6937,-4.1546
-3.6937,-3.8511
-3.6937,-4.321
-3.6937,-3.9026
-3.6937,-3.1719
-3.6937,-3.7984
3.7793,4.1914
3.7793,3.1906
3.7793,4.5437
3.7793,4.6562
3.7793,3.9309
3.7793,4.1597
3.7793,4.2593
3.7793,4.5416
3.7793,3.5613
3.7793,3.8175
3.7793,3.2061
3.7793,3.2748
3.7793,3.5951
3.7793,2.9153
3.7793,4.2431
-4.3408,-4.7097
-4.3408,-3.5729
-4.3408,-4.3656
-4.3408,-4.7192
-4.3408,-3.665
-4.3408,-3.741
-4.3408,-4.6983
-4.3408,-5.3317
-4.3408,-4.1546
-4.3408,-4.1406
-4.3408,-3.8511
-4.3408,-4.321
-4.3408,-4.9908
-4.3408,-4.3547
-4.3408,-4.0512
-4.3408,-4.9731
-4.3408,-3.7984
-4.3408,-4.9694
4.2593,4.1914
4.2593,4.9399
4.2593,4.5437
4.2593,4.6562
4.2593,3.9309
4.2593,4.802
4.2593,4.1597
4.2593,3.7793
4.2593,4.5416
4.2593,5.1161
4.2593,3.5613
4.2593,3.8175
4.2593,3.8018
4.2593,3.5951
4.2593,4.652
4.2593,4.0517
4.2593,4.4094
3.6255,2.9705
3.6255,4.4544
3.6255,4.0475
3.6255,3.149
3.6255,4.3616
3.6255,3.3341
3.6255,2.7109
3.6255,4.0582
3.6255,3.7387
3.6255,3.8578
3.6255,3.4028
3.6255,3.3499
3.6255,3.8502
3.6255,3.8018
3.6255,4.4374
3.6255,4.2601
4.3483,4.4544
4.3483,3.6249
4.3483,4.9553
4.3483,3.8073
4.3483,5.1379
4.3483,3.8578
4.3483,4.6258
4.3483,3.8502
4.3483,4.2601
4.3483,4.9726
4.3483,4.5355
-4.1249,-4.6725
-4.1249,-4.7574
-4.1249,-3.5787
-4.1249,-3.4158
-4.1249,-4.5079
-4.1249,-3.7483
-4.1249,-4.2461
-4.1249,-4.0995
-4.1249,-3.9495
-4.1249,-4.7548
-2.6409,-3.0372
-2.6409,-3.0472
-2.6409,-3.4158
-2.6409,-3.2851
-2.6409,-3.0704
-2.6409,-2.7505
-2.6409,-2.3477
-2.6409,-2.3156
-6.308,-5.4019
-6.308,-5.7447
-6.308,-5.7817
-6.308,-6.403
-5.3317,-4.7097
-5.3317,-4.7192
-5.3317,-4.6983
-5.3317,-5.732
-5.3317,-5.9589
-5.3317,-5.2501
-5.3317,-4.3408
-5.3317,-5.7447
-5.3317,-5.5154
-5.3317,-4.9908
-5.3317,-5.4434
-5.3317,-4.9731
-5.3317,-6.0411
-5.3317,-4.9694
6.2105,6.5825
6.2105,5.4948
6.2105,5.5486
6.2105,5.9815
6.0616,6.7111
6.0616,6.187
6.0616,5.422
6.0616,5.4695
6.0616,5.3805
6.0616,5.8274
6.0616,5.7986
6.0616,5.407
6.0616,6.2629
6.0616,5.6802
-4.1546,-4.7097
-4.1546,-3.5729
-4.1546,-4.3656
-4.1546,-3.2847
-4.1546,-4.7192
-4.1546,-3.665
-4.1546,-3.741
-4.1546,-3.6937
-4.1546,-4.3408
-4.1546,-3.8511
-4.1546,-4.321
-4.1546,-4.3547
-4.1546,-4.0512
-4.1546,-4.9731
-4.1546,-3.7984
-4.1546,-4.9694
-4.885,-4.3513
-4.885,-5.3223
-4.885,-4.8529
-4.885,-4.321
-4.885,-4.1735
4.5416,5.0397
4.5416,4.1914
4.5416,4.9399
4.5416,4.6562
4.5416,5.422
4.5416,3.9309
4.5416,4.802
4.5416,4.9752
4.5416,4.1597
4.5416,3.7793
4.5416,4.2593
4.5416,5.1161
4.5416,3.5613
4.5416,3.8018
4.5416,3.5951
4.5416,4.652
4.5416,4.0517
4.5416,5.3217
4.5416,4.4094
4.5416,4.7026
-2.9596,-3.5787
-2.9596,-3.0372
-2.9596,-2.3477
5.1161,4.1914
5.1161,4.9399
5.1161,4.5437
5.1161,4.6562
5.1161,5.618
5.1161,5.7692
5.1161,5.422
5.1161,4.802
5.1161,4.2593
5.1161,4.5416
5.1161,5.6229
5.1161,5.3217
5.1161,5.1353
5.1161,5.9463
-4.8529,-4.3513
-4.8529,-4.3656
-4.8529,-4.7192
-4.8529,-5.3223
-4.8529,-4.885
-4.8529,-4.321
-4.8529,-5.4434
-4.8529,-4.9731
-4.8529,-4.9694
-4.2569,-4.9475
-4.2569,-3.9835
-4.2569,-3.7284
-4.2569,-4.0775
-4.2569,-3.5188
-4.2569,-4.4533
-4.2569,-4.4497
-4.2569,-4.7025
-4.2569,-4.8882
-4.2569,-3.8223
-4.1406,-4.7097
-4.1406,-4.7574
-4.1406,-3.5729
-4.1406,-3.741
-4.1406,-4.6983
-4.1406,-3.4158
-4.1406,-4.5079
-4.1406,-4.3408
-4.1406,-3.2851
-4.1406,-4.9908
-4.1406,-5.0445
-4.1406,-3.7483
-4.1406,-3.6132
-4.1406,-4.2461
-4.1406,-4.3547
-4.1406,-4.0512
-4.1406,-3.9495
-4.1406,-3.7984
-3.2851,-3.5729
-3.2851,-3.0372
-3.2851,-3.741
-3.2851,-3.0472
-3.2851,-3.4158
-3.2851,-3.1441
-3.2851,-2.6409
-3.2851,-4.1406
-3.2851,-3.0704
-3.2851,-2.7505
-3.2851,-3.7483
-3.2851,-3.6132
-3.2851,-4.0512
-3.2851,-3.9495
-3.2851,-2.3156
5.0282,5.0397
5.0282,5.4937
5.0282,4.4544
5.0282,4.3616
5.0282,4.9312
5.0282,5.422
5.0282,5.4695
5.0282,5.3805
5.0282,4.9752
5.0282,4.0582
5.0282,5.1379
5.0282,5.7986
5.0282,5.407
5.0282,4.4374
5.0282,4.652
5.0282,5.6802
5.0282,4.4094
5.0282,4.784
5.0282,4.7026
3.8578,4.4544
3.8578,4.0475
3.8578,3.0524
3.8578,3.6249
3.8578,3.8073
3.8578,3.6255
3.8578,4.3483
3.8578,3.4028
3.8578,4.6258
3.8578,3.8502
3.8578,4.2601
-5.7447,-5.4019
-5.7447,-5.732
-5.7447,-5.2501
-5.7447,-6.308
-5.7447,-5.3317
-5.7447,-4.9908
-5.7447,-5.0445
-5.7447,-5.7817
-5.7447,-6.403
-5.7447,-6.0411
-5.7447,-5.1719
5.407,5.0397
5.407,4.9399
5.407,5.618
5.407,5.422
5.407,5.4695
5.407,5.3805
5.407,4.9752
5.407,5.8274
5.407,6.0616
5.407,5.0282
5.407,6.2629
5.407,4.652
5.407,5.3217
5.407,5.6802
5.407,5.9463
5.407,4.4094
5.407,4.784
5.407,4.7026
-5.5154,-4.7097
-5.5154,-6.0604
-5.5154,-4.7192
-5.5154,-5.732
-5.5154,-5.9589
-5.5154,-5.2501
-5.5154,-5.3317
-5.5154,-4.9908
-5.5154,-5.4434
-5.5154,-4.9731
-5.5154,-6.0411
-5.5154,-4.9694
-4.4497,-4.9475
-4.4497,-3.9835
-4.4497,-3.7284
-4.4497,-5.1739
-4.4497,-4.0775
-4.4497,-3.5188
-4.4497,-5.2962
-4.4497,-4.2569
-4.4497,-4.7025
-4.4497,-4.5297
-4.4497,-4.8882
-4.4497,-4.0978
3.4028,4.0475
3.4028,3.0524
3.4028,3.6249
3.4028,3.149
3.4028,2.7109
3.4028,3.6255
3.4028,3.8578
3.4028,3.3499
3.4028,3.8502
3.4028,4.2601
3.5613,4.1914
3.5613,3.1906
3.5613,3.9309
3.5613,3.3341
3.5613,4.1597
3.5613,3.7793
3.5613,4.2593
3.5613,4.5416
3.5613,3.8175
3.5613,3.8018
3.5613,3.2061
3.5613,3.2748
3.5613,3.5951
3.5613,4.0517
3.5613,2.9153
-3.8511,-4.3513
-3.8511,-4.3656
-3.8511,-3.2847
-3.8511,-3.1281
-3.8511,-4.7192
-3.8511,-3.665
-3.8511,-3.6937
-3.8511,-4.3408
-3.8511,-4.1546
-3.8511,-4.321
-3.8511,-3.9026
-3.8511,-3.1719
-3.8511,-3.7984
-3.0704,-3.0372
-3.0704,-3.741
-3.0704,-3.0472
-3.0704,-3.4158
-3.0704,-2.6409
-3.0704,-3.2851
-3.0704,-2.7505
-3.0704,-3.7483
-3.0704,-3.6132
-3.0704,-3.9495
-3.0704,-2.3477
-3.0704,-2.3156
-4.321,-4.3513
-4.321,-4.3656
-4.321,-4.7192
-4.321,-3.665
-4.321,-3.6937
-4.321,-4.3408
-4.321,-4.1546
-4.321,-4.885
-4.321,-4.8529
-4.321,-3.8511
-4.321,-3.9026
-4.321,-3.7984
-4.321,-4.9694
-6.6489,-6.0604
-6.6489,-5.9589
-6.6489,-6.403
-6.6489,-6.0411
3.8175,4.1914
3.8175,3.1906
3.8175,4.5437
3.8175,4.6562
3.8175,3.7793
3.8175,4.2593
3.8175,3.5613
3.8175,3.5817
3.8175,3.2748
3.8175,4.2431
5.6229,4.6562
5.6229,5.618
5.6229,5.7692
5.6229,4.802
5.6229,5.1161
5.6229,6.369
5.6229,5.3217
5.6229,5.1353
5.6229,5.9463
-2.8002,-2.4598
-2.8002,-3.5729
-2.8002,-1.9702
-2.8002,-3.2847
-2.8002,-3.1281
-2.8002,-3.665
-2.8002,-3.0472
-2.8002,-3.1441
-2.8002,-2.7505
-2.8002,-2.3156
-2.8002,-3.7984
-2.8002,-2.548
6.2629,6.7111
6.2629,6.187
6.2629,5.422
6.2629,5.8274
6.2629,6.6047
6.2629,6.0616
6.2629,5.407
6.2629,5.6802
6.2629,5.9463
-2.5228,-3.1986
-2.5228,-3.0558
-2.5228,-3.2361
-2.5228,-2.2986
-4.9908,-4.7097
-4.9908,-4.7574
-4.9908,-5.4019
-4.9908,-4.7192
-4.9908,-4.6983
-4.9908,-5.732
-4.9908,-4.5079
-4.9908,-5.2501
-4.9908,-4.3408
-4.9908,-5.3317
-4.9908,-4.1406
-4.9908,-5.7447
-4.9908,-5.5154
-4.9908,-5.0445
-4.9908,-4.3547
-4.9908,-4.0512
-4.9908,-4.9731
-5.0445,-4.7097
-5.0445,-4.6725
-5.0445,-4.7574
-5.0445,-5.4019
-5.0445,-4.6983
-5.0445,-5.732
-5.0445,-4.5079
-5.0445,-5.2501
-5.0445,-4.1406
-5.0445,-5.7447
-5.0445,-4.9908
-5.0445,-5.7817
-5.0445,-4.2461
-5.0445,-4.3547
-5.0445,-5.1719
6.369,5.618
6.369,5.7692
6.369,6.6047
6.369,5.6229
6.369,5.9463
-3.9026,-3.2645
-3.9026,-4.3513
-3.9026,-3.6937
-3.9026,-3.8511
-3.9026,-4.321
-3.9026,-3.1719
-3.9026,-4.1735
4.6258,5.4937
4.6258,4.4544
4.6258,4.0475
4.6258,4.9312
4.6258,4.9553
4.6258,5.1379
4.6258,4.3483
4.6258,3.8578
4.6258,3.8502
4.6258,4.4374
4.6258,4.2601
4.6258,4.9726
4.6258,5.5486
4.6258,4.784
3.3499,2.6578
3.3499,2.9705
3.3499,4.0475
3.3499,3.149
3.3499,2.7474
3.3499,3.3341
3.3499,2.7109
3.3499,4.0582
3.3499,3.7387
3.3499,3.6255
3.3499,3.4028
3.3499,3.8502
3.3499,3.8018
3.3499,3.2061
3.3499,3.5951
3.3499,4.0517
-2.7505,-2.4598
-2.7505,-3.5729
-2.7505,-3.741
-2.7505,-3.0472
-2.7505,-1.8668
-2.7505,-3.1441
-2.7505,-2.6409
-2.7505,-3.2851
-2.7505,-3.0704
-2.7505,-2.8002
-2.7505,-3.6132
-2.7505,-2.3156
-3.7483,-4.6725
-3.7483,-3.5787
-3.7483,-3.0372
-3.7483,-3.4158
-3.7483,-4.5079
-3.7483,-4.1249
-3.7483,-4.1406
-3.7483,-3.2851
-3.7483,-3.0704
-3.7483,-3.6132
-3.7483,-4.2461
-3.7483,-4.0995
-3.7483,-3.9495
3.8502,4.4544
3.8502,4.0475
3.8502,3.0524
3.8502,3.6249
3.8502,3.149
3.8502,4.0582
3.8502,3.7387
3.8502,3.6255
3.8502,4.3483
3.8502,3.8578
3.8502,3.4028
3.8502,4.6258
3.8502,3.3499
3.8502,4.4374
3.8502,4.2601
-5.4434,-6.0604
-5.4434,-4.7192
-5.4434,-5.9589
-5.4434,-5.3223
-5.4434,-5.3317
-5.4434,-4.8529
-5.4434,-5.5154
-5.4434,-4.9731
-5.4434,-4.9694
-5.7817,-5.4019
-5.7817,-5.3621
-5.7817,-6.308
-5.7817,-5.7447
-5.7817,-5.0445
-5.7817,-5.1719
3.8018,2.9705
3.8018,4.0475
3.8018,4.3616
3.8018,3.9309
3.8018,3.3341
3.8018,4.0582
3.8018,3.7387
3.8018,4.1597
3.8018,4.2593
3.8018,3.6255
3.8018,4.5416
3.8018,3.5613
3.8018,3.3499
3.8018,3.2061
3.8018,4.4374
3.8018,3.5951
3.8018,4.652
3.8018,4.0517
3.8018,4.4094
3.8018,4.7026
3.2061,2.2553
3.2061,2.9705
3.2061,2.7474
3.2061,3.9309
3.2061,3.3341
3.2061,3.7387
3.2061,4.1597
3.2061,3.7793
3.2061,3.5613
3.2061,3.3499
3.2061,3.8018
3.2061,3.2748
3.2061,3.5951
3.2061,4.0517
3.2061,2.9153
-3.6533,-3.1166
-3.6533,-3.7248
-3.6533,-3.6052
-3.6533,-4.3512
-3.6533,-3.046
-3.6533,-4.0978
-3.6533,-4.1153
-2.8328,-3.0558
-2.8328,-2.4675
-2.8328,-3.5188
-2.8328,-3.1166
-2.8328,-3.6052
-2.8328,-2.2986
-2.8328,-3.2905
4.4374,5.0397
4.4374,4.4544
4.4374,4.0475
4.4374,4.3616
4.4374,4.9312
4.4374,5.3805
4.4374,4.9752
4.4374,4.0582
4.4374,3.7387
4.4374,3.6255
4.4374,5.0282
4.4374,4.6258
4.4374,3.8502
4.4374,3.8018
4.4374,4.2601
4.4374,4.0517
4.4374,4.4094
4.4374,4.784
4.4374,4.7026
3.5817,3.1906
3.5817,3.8175
3.5817,4.2431
-3.6132,-3.5729
-3.6132,-3.741
-3.6132,-3.0472
-3.6132,-3.4158
-3.6132,-3.1441
-3.6132,-4.5079
-3.6132,-4.1406
-3.6132,-3.2851
-3.6132,-3.0704
-3.6132,-2.7505
-3.6132,-3.7483
-3.6132,-4.2461
-3.6132,-4.3547
-3.6132,-4.0512
-3.6132,-3.9495
-3.6132,-3.7984
-6.403,-5.732
-6.403,-6.308
-6.403,-5.7447
-6.403,-6.6489
-6.403,-6.0411
-4.7025,-3.9835
-4.7025,-5.1739
-4.7025,-4.0775
-4.7025,-5.5246
-4.7025,-5.2962
-4.7025,-4.3512
-4.7025,-4.2569
-4.7025,-4.4497
-4.7025,-4.947
-4.7025,-4.5297
-4.7025,-4.8882
-4.7025,-4.0978
-4.947,-5.1739
-4.947,-5.5246
-4.947,-5.6754
-4.947,-4.8685
-4.947,-4.3512
-4.947,-4.7025
-4.947,-4.5297
-4.947,-4.0978
-2.2986,-3.0558
-2.2986,-2.4675
-2.2986,-2.5228
-2.2986,-2.8328
-4.2461,-4.6725
-4.2461,-4.7574
-4.2461,-3.5787
-4.2461,-4.6983
-4.2461,-3.4158
-4.2461,-4.5079
-4.2461,-4.1249
-4.2461,-4.1406
-4.2461,-5.0445
-4.2461,-3.7483
-4.2461,-3.6132
-4.2461,-4.3547
-4.2461,-3.9495
-4.2461,-5.1719
-4.3547,-4.7097
-4.3547,-4.7574
-4.3547,-3.5729
-4.3547,-4.7192
-4.3547,-3.741
-4.3547,-4.6983
-4.3547,-4.5079
-4.3547,-5.2501
-4.3547,-4.3408
-4.3547,-4.1546
-4.3547,-4.1406
-4.3547,-4.9908
-4.3547,-5.0445
-4.3547,-3.6132
-4.3547,-4.2461
-4.3547,-4.0512
-4.3547,-4.9731
-4.3547,-3.9495
-4.3547,-3.7984
-4.5297,-3.9835
-4.5297,-5.1739
-4.5297,-4.0775
-4.5297,-5.5246
-4.5297,-3.7248
-4.5297,-3.6052
-4.5297,-4.8685
-4.5297,-4.3512
-4.5297,-4.4497
-4.5297,-4.7025
-4.5297,-4.947
-4.5297,-4.0978
3.2748,4.1914
3.2748,3.1906
3.2748,3.9309
3.2748,2.64
3.2748,3.7793
3.2748,3.5613
3.2748,3.8175
3.2748,3.2061
3.2748,3.5951
3.2748,2.9153
4.2601,4.4544
4.2601,4.0475
4.2601,3.6249
4.2601,4.9312
4.2601,5.1379
4.2601,3.6255
4.2601,4.3483
4.2601,3.8578
4.2601,3.4028
4.2601,4.6258
4.2601,3.8502
4.2601,4.4374
4.2601,4.9726
4.2601,4.784
3.5951,2.9705
3.5951,2.7474
3.5951,3.9309
3.5951,3.3341
3.5951,4.0582
3.5951,3.7387
3.5951,4.1597
3.5951,3.7793
3.5951,4.2593
3.5951,4.5416
3.5951,3.5613
3.5951,3.3499
3.5951,3.8018
3.5951,3.2061
3.5951,3.2748
3.5951,4.0517
3.5951,2.9153
3.5951,4.4094
-4.0512,-4.7097
-4.0512,-3.5729
-4.0512,-4.3656
-4.0512,-3.2847
-4.0512,-4.7192
-4.0512,-3.665
-4.0512,-3.741
-4.0512,-4.6983
-4.0512,-3.1441
-4.0512,-4.5079
-4.0512,-4.3408
-4.0512,-4.1546
-4.0512,-4.1406
-4.0512,-3.2851
-4.0512,-4.9908
-4.0512,-3.6132
-4.0512,-4.3547
-4.0512,-4.9731
-4.0512,-3.9495
-4.0512,-3.7984
4.9726,5.4937
4.9726,4.4544
4.9726,4.9312
4.9726,4.9553
4.9726,5.4948
4.9726,5.1379
4.9726,4.3483
4.9726,4.6258
4.9726,4.2601
4.9726,5.5486
4.652,5.0397
4.652,4.9399
4.652,4.6562
4.652,4.3616
4.652,5.422
4.652,3.9309
4.652,4.802
4.652,4.9752
4.652,4.0582
4.652,4.1597
4.652,4.2593
4.652,4.5416
4.652,5.0282
4.652,5.407
4.652,3.8018
4.652,4.0517
4.652,5.3217
4.652,4.4094
4.652,4.7026
4.0517,4.9399
4.0517,4.3616
4.0517,3.9309
4.0517,3.3341
4.0517,4.9752
4.0517,4.0582
4.0517,3.7387
4.0517,4.1597
4.0517,4.2593
4.0517,4.5416
4.0517,3.5613
4.0517,3.3499
4.0517,3.8018
4.0517,3.2061
4.0517,4.4374
4.0517,3.5951
4.0517,4.652
4.0517,4.4094
4.0517,4.7026
5.5486,5.4937
5.5486,4.9312
5.5486,4.9553
5.5486,5.4948
5.5486,5.3805
5.5486,5.1379
5.5486,5.7986
5.5486,6.2105
5.5486,4.6258
5.5486,4.9726
5.5486,5.9815
-4.9731,-4.7097
-4.9731,-4.3656
-4.9731,-4.7192
-4.9731,-4.6983
-4.9731,-5.732
-4.9731,-5.2501
-4.9731,-4.3408
-4.9731,-5.3317
-4.9731,-4.1546
-4.9731,-4.8529
-4.9731,-5.5154
-4.9731,-4.9908
-4.9731,-5.4434
-4.9731,-4.3547
-4.9731,-4.0512
-4.9731,-4.9694
-4.0995,-4.6725
-4.0995,-3.5787
-4.0995,-4.1249
-4.0995,-3.7483
-4.0995,-4.7548
2.9153,2.2553
2.9153,2.9705
2.9153,2.7474
2.9153,3.3341
2.9153,2.64
2.9153,3.7793
2.9153,3.5613
2.9153,3.2061
2.9153,3.2748
2.9153,3.5951
-5.8124,-5.1739
-5.8124,-5.5246
-5.8124,-5.2962
-5.8124,-6.189
-5.8124,-6.3643
-5.8124,-5.5934
-3.046,-2.4675
-3.046,-3.1166
-3.046,-3.7248
-3.046,-3.6533
5.3217,5.0397
5.3217,4.9399
5.3217,4.6562
5.3217,5.618
5.3217,5.422
5.3217,4.802
5.3217,4.9752
5.3217,5.8274
5.3217,4.5416
5.3217,5.1161
5.3217,5.407
5.3217,5.6229
5.3217,4.652
5.3217,5.9463
-6.189,-5.2962
-6.189,-5.8124
-6.189,-6.3643
-6.189,-5.5934
-4.8882,-4.9475
-4.8882,-5.1739
-4.8882,-4.0775
-4.8882,-4.4533
-4.8882,-5.2962
-4.8882,-4.2569
-4.8882,-4.4497
-4.8882,-4.7025
-4.8882,-5.5934
5.1353,4.5437
5.1353,4.6562
5.1353,5.618
5.1353,4.8691
5.1353,5.7692
5.1353,4.802
5.1353,5.1161
5.1353,5.6229
5.1353,4.2431
5.9815,6.5825
5.9815,5.4937
5.9815,6.187
5.9815,5.3805
5.9815,5.1379
5.9815,5.7986
5.9815,6.2105
5.9815,5.5486
-6.0411,-5.732
-6.0411,-5.9589
-6.0411,-5.2501
-6.0411,-5.3317
-6.0411,-5.7447
-6.0411,-5.5154
-6.0411,-6.6489
-6.0411,-6.403
5.6802,5.0397
5.6802,6.187
5.6802,5.422
5.6802,5.4695
5.6802,5.3805
5.6802,4.9752
5.6802,5.8274
5.6802,5.7986
5.6802,6.0616
5.6802,5.0282
5.6802,5.407
5.6802,6.2629
5.6802,4.7026
-6.3643,-5.5246
-6.3643,-5.6754
-6.3643,-5.8124
-6.3643,-6.189
-3.9495,-4.7574
-3.9495,-3.5729
-3.9495,-3.741
-3.9495,-4.6983
-3.9495,-3.4158
-3.9495,-4.5079
-3.9495,-4.1249
-3.9495,-4.1406
-3.9495,-3.2851
-3.9495,-3.0704
-3.9495,-3.7483
-3.9495,-3.6132
-3.9495,-4.2461
-3.9495,-4.3547
-3.9495,-4.0512
-5.1719,-4.6725
-5.1719,-4.7574
-5.1719,-5.4019
-5.1719,-5.3621
-5.1719,-4.5079
-5.1719,-5.7447
-5.1719,-5.0445
-5.1719,-5.7817
-5.1719,-4.2461
-5.1719,-4.7548
-4.7548,-4.6725
-4.7548,-4.7574
-4.7548,-5.3621
-4.7548,-4.1249
-4.7548,-4.0995
-4.7548,-5.1719
-3.2905,-3.9835
-3.2905,-3.0558
-3.2905,-4.0775
-3.2905,-2.4675
-3.2905,-3.5188
-3.2905,-3.1166
-3.2905,-3.7248
-3.2905,-3.6052
-3.2905,-2.8328
-3.2905,-4.0978
5.9463,5.618
5.9463,5.422
5.9463,5.8274
5.9463,6.6047
5.9463,5.1161
5.9463,5.407
5.9463,5.6229
5.9463,6.2629
5.9463,6.369
5.9463,5.3217
-3.8223,-3.1986
-3.8223,-3.7284
-3.8223,-4.1131
-3.8223,-4.4533
-3.8223,-3.2361
-3.8223,-4.2569
-2.3477,-3.0372
-2.3477,-2.6409
-2.3477,-2.9596
-2.3477,-3.0704
-2.3477,-2.3156
-3.1719,-3.2645
-3.1719,-3.2847
-3.1719,-2.5943
-3.1719,-3.1281
-3.1719,-3.665
-3.1719,-3.6937
-3.1719,-3.8511
-3.1719,-3.9026
-3.1719,-2.548
-2.3156,-2.4598
-2.3156,-3.0472
-2.3156,-1.8668
-2.3156,-2.6409
-2.3156,-3.2851
-2.3156,-3.0704
-2.3156,-2.8002
-2.3156,-2.7505
-2.3156,-2.3477
4.4094,5.0397
4.4094,4.9399
4.4094,4.0475
4.4094,4.3616
4.4094,3.9309
4.4094,4.9752
4.4094,4.0582
4.4094,3.7387
4.4094,4.1597
4.4094,4.2593
4.4094,4.5416
4.4094,5.0282
4.4094,5.407
4.4094,3.8018
4.4094,4.4374
4.4094,3.5951
4.4094,4.652
4.4094,4.0517
4.4094,4.784
4.4094,4.7026
-3.7984,-4.7097
-3.7984,-3.5729
-3.7984,-4.3656
-3.7984,-3.2847
-3.7984,-3.1281
-3.7984,-4.7192
-3.7984,-3.665
-3.7984,-3.741
-3.7984,-3.0472
-3.7984,-3.1441
-3.7984,-3.6937
-3.7984,-4.3408
-3.7984,-4.1546
-3.7984,-4.1406
-3.7984,-3.8511
-3.7984,-4.321
-3.7984,-2.8002
-3.7984,-3.6132
-3.7984,-4.3547
-3.7984,-4.0512
4.5355,4.9553
4.5355,5.4948
4.5355,3.8073
4.5355,4.3483
-4.0978,-3.9835
-4.0978,-4.0775
-4.0978,-3.5188
-4.0978,-3.7248
-4.0978,-3.6052
-4.0978,-4.3512
-4.0978,-4.4497
-4.0978,-3.6533
-4.0978,-4.7025
-4.0978,-4.947
-4.0978,-4.5297
-4.0978,-3.2905
-5.5934,-4.9475
-5.5934,-5.144
-5.5934,-5.2962
-5.5934,-5.8124
-5.5934,-6.189
-5.5934,-4.8882
-4.1153,-3.7248
-4.1153,-4.8685
-4.1153,-4.3512
-4.1153,-3.6533
4.784,5.0397
4.784,5.4937
4.784,4.4544
4.784,4.0475
4.784,4.3616
4.784,4.9312
4.784,5.4695
4.784,5.3805
4.784,4.9752
4.784,4.0582
4.784,5.1379
4.784,5.0282
4.784,5.407
4.784,4.6258
4.784,4.4374
4.784,4.2601
4.784,4.4094
4.784,4.7026
4.2431,4.1914
4.2431,4.5437
4.2431,4.6562
4.2431,4.8691
4.2431,3.7793
4.2431,3.8175
4.2431,3.5817
4.2431,5.1353
-2.548,-2.4598
-2.548,-1.9702
-2.548,-3.2847
-2.548,-2.5943
-2.548,-3.1281
-2.548,-3.1441
-2.548,-2.8002
-2.548,-3.1719
-4.9694,-4.7097
-4.9694,-4.3513
-4.9694,-4.3656
-4.9694,-4.7192
-4.9694,-5.3223
-4.9694,-4.3408
-4.9694,-5.3317
-4.9694,-4.1546
-4.9694,-4.8529
-4.9694,-5.5154
-4.9694,-4.321
-4.9694,-5.4434
-4.9694,-4.9731
4.7026,5.0397
4.7026,4.4544
4.7026,4.9399
4.7026,4.0475
4.7026,4.3616
4.7026,4.9312
4.7026,5.422
4.7026,5.4695
4.7026,5.3805
4.7026,4.9752
4.7026,4.0582
4.7026,3.7387
4.7026,4.1597
4.7026,4.5416
4.7026,5.0282
4.7026,5.407
4.7026,3.8018
4.7026,4.4374
4.7026,4.652
4.7026,4.0517
4.7026,5.6802
4.7026,4.4094
4.7026,4.784
-4.1735,-3.2645
-4.1735,-4.3513
-4.1735,-4.885
-4.1735,-3.9026
