4.9812,4.348
4.9812,5.8499
4.9812,5.3714
4.9812,4.1736
4.9812,4.5905
4.9812,5.4527
4.9812,4.7597
4.9812,4.9074
4.9812,4.1099
4.9812,5.2774
4.9812,5.0527
4.9812,4.5774
-3.6505,-4.5626
-3.6505,-3.5089
-3.6505,-2.8287
-3.6505,-4.0461
-5.0249,-4.3411
-5.0249,-5.3756
-5.0249,-4.4392
-5.0249,-4.7763
-5.0249,-5.6259
-5.0249,-4.5869
-5.0249,-4.8196
-5.0249,-5.2298
-5.0249,-5.7489
-4.0074,-4.3411
-4.0074,-4.4392
-4.0074,-3.8837
-4.0074,-3.1809
-4.0074,-3.4467
-4.0074,-4.5869
-4.0074,-4.8196
-4.0074,-4.3945
-4.0074,-3.8875
-4.0074,-3.399
-4.0074,-3.8617
2.9391,3.1966
2.9391,2.4085
2.9391,3.2503
2.9391,3.6106
2.9391,3.584
4.717,5.0298
4.717,5.2003
4.717,4.5155
4.717,5.1763
4.717,4.4987
4.717,4.798
4.717,4.0235
4.717,4.4458
4.717,3.9288
4.717,4.1302
4.717,5.6376
2.7495,2.9747
2.7495,2.4085
2.7495,3.282
2.7495,3.5243
2.7495,3.4064
-4.3411,-5.0249
-4.3411,-4.0074
-4.3411,-4.4392
-4.3411,-4.5626
-4.3411,-3.8837
-4.3411,-4.7763
-4.3411,-3.5089
-4.3411,-4.5869
-4.3411,-4.0461
6.069,5.1273
6.069,6.0499
6.069,5.5205
6.069,5.9709
3.1966,2.9391
3.1966,2.9747
3.1966,3.6404
3.1966,2.4085
3.1966,4.1501
3.1966,3.6106
3.1966,3.584
3.1966,3.5243
3.1966,4.113
5.1273,6.069
5.1273,4.9063
5.1273,4.6558
5.1273,5.1445
5.1273,5.5205
5.1273,4.4223
-5.3756,-5.0249
-5.3756,-4.7763
-5.3756,-5.6082
-5.3756,-6.1163
-5.3756,-5.7489
-3.0305,-3.8837
-3.0305,-3.5089
-3.0305,-3.4467
-3.0305,-2.8287
-3.0305,-2.8096
-3.0305,-2.2919
-3.0305,-3.399
-1.9118,-1.2288
-1.9118,-2.4242
-1.9118,-2.098
-1.9118,-1.7331
-1.9118,-2.7829
-1.9118,-2.282
-1.9118,-2.4496
-1.9118,-1.6679
-4.0112,-3.1856
-4.0112,-3.4289
-4.0112,-3.8733
-4.0112,-3.5258
-4.0112,-4.3696
-4.0112,-4.4043
-4.0112,-4.751
-4.0112,-3.5987
-4.0112,-4.6307
-4.0112,-3.4927
-4.0112,-4.5381
-4.0112,-4.385
-4.0112,-4.8631
-4.0112,-4.0559
-4.0112,-3.856
-4.0112,-4.2201
-4.0112,-3.0811
-4.0112,-3.8948
4.8295,4.428
4.8295,4.9063
4.8295,5.4477
4.8295,4.9978
4.8295,5.2134
4.8295,4.6558
4.8295,5.3071
4.8295,4.0864
4.8295,4.5267
4.8295,4.232
3.896,3.282
3.896,4.4987
3.896,4.0235
3.896,4.4458
3.896,4.1202
3.896,3.9288
3.896,3.4064
-1.6611,-1.1715
-1.6611,-2.2736
-1.6611,-1.804
-1.6611,-2.4662
4.8222,5.7963
4.8222,4.5155
4.8222,5.1763
4.8222,5.3714
4.8222,4.1501
4.8222,4.4615
4.8222,4.798
4.8222,5.4214
4.8222,4.1302
4.8222,4.9074
4.8222,4.1099
4.8222,5.2774
4.8222,4.113
4.8222,4.5774
-3.1791,-3.4289
-3.1791,-3.8733
-3.1791,-2.8379
-3.1791,-3.8814
-3.1791,-2.2736
-3.1791,-3.3313
-3.1791,-3.5924
-3.1791,-2.5633
-3.1791,-2.9661
-3.1791,-2.8101
-3.1791,-3.0811
-3.1791,-3.8948
-5.1557,-4.4392
-5.1557,-5.6259
-5.1557,-5.3181
-5.1557,-4.8196
-5.1557,-4.3945
-5.1557,-4.7034
-5.1557,-5.9814
-5.1557,-5.2298
-4.4392,-5.0249
-4.4392,-4.0074
-4.4392,-4.3411
-4.4392,-5.1557
-4.4392,-3.8837
-4.4392,-3.4467
-4.4392,-4.5869
-4.4392,-4.8196
-4.4392,-4.3945
-4.4392,-3.8875
-4.4392,-5.2298
-4.4392,-3.8617
-5.0848,-4.5154
-5.0848,-5.6476
-5.0848,-4.5841
-5.0848,-4.2988
-5.0848,-4.7929
-5.0848,-5.1253
-5.0848,-5.2244
-5.0848,-5.7595
-4.7967,-5.2637
-4.7967,-4.3696
-4.7967,-4.4043
-4.7967,-4.751
-4.7967,-4.5841
-4.7967,-4.2988
-4.7967,-5.3394
-4.7967,-4.385
-4.7967,-4.8631
-4.7967,-5.6953
-4.7967,-4.7929
-4.7967,-4.0559
-4.7967,-3.856
-4.7967,-3.9611
-4.7967,-5.2244
4.428,4.8295
4.428,4.348
4.428,4.9978
4.428,5.2134
4.428,4.5905
4.428,3.9547
4.428,3.6956
4.428,4.0864
4.428,3.8773
4.428,4.7597
4.428,4.5267
4.428,5.0527
-3.1856,-4.0112
-3.1856,-3.4289
-3.1856,-2.4242
-3.1856,-2.8379
-3.1856,-3.5258
-3.1856,-2.8768
-3.1856,-2.7829
-3.1856,-3.5987
-3.1856,-3.4927
-3.1856,-3.0869
-3.1856,-2.282
-3.1856,-2.4496
-3.1856,-3.5921
-3.1856,-4.0559
-3.1856,-3.856
-3.1856,-3.0811
-2.1707,-2.717
-2.1707,-2.8096
-2.1707,-2.2919
3.1579,3.6598
3.1579,3.431
3.1579,3.1599
3.1579,3.9547
3.1579,3.6956
3.1579,4.0864
-4.6663,-4.9094
-4.6663,-3.8814
-4.6663,-4.5381
-4.6663,-5.5946
-4.6663,-4.2308
5.0298,4.717
5.0298,5.2003
5.0298,5.5598
5.0298,4.4987
5.0298,4.4458
5.0298,5.6376
5.0298,4.9593
-4.5154,-5.0848
-4.5154,-3.9919
-4.5154,-4.5841
-4.5154,-4.3346
-4.5154,-4.2988
-4.5154,-4.0283
-4.5154,-4.7929
-4.5154,-5.1253
3.6598,3.1579
3.6598,3.1599
3.6598,4.6558
3.6598,3.8147
3.6598,3.6956
3.6598,4.0864
3.6598,4.232
-1.2288,-1.9118
-1.2288,-1.1715
-1.2288,-1.7331
-1.2288,-1.6679
-3.4289,-4.0112
-3.4289,-3.1791
-3.4289,-3.1856
-3.4289,-3.8733
-3.4289,-2.8379
-3.4289,-3.5987
-3.4289,-3.4927
-3.4289,-3.5924
-3.4289,-2.5633
-3.4289,-2.9661
-3.4289,-4.2201
-3.4289,-3.0811
-3.4289,-3.8948
5.2003,4.717
5.2003,5.0298
5.2003,4.5155
5.2003,5.1763
5.2003,4.4987
5.2003,4.798
5.2003,5.4214
5.2003,5.7281
5.2003,5.6376
5.7963,4.8222
5.7963,5.8499
5.7963,5.3714
5.7963,6.2089
5.7963,5.4214
5.7963,4.9074
5.7963,5.2774
5.7963,6.1185
3.431,3.1579
3.431,4.348
3.431,2.9695
3.431,3.817
3.431,3.2503
3.431,3.9547
3.431,3.6956
3.431,3.8773
5.5598,5.0298
5.5598,6.2518
5.5598,5.6376
5.5598,4.9593
4.348,4.9812
4.348,4.428
4.348,3.431
4.348,4.1736
4.348,3.817
4.348,4.5905
4.348,3.9547
4.348,3.8773
4.348,4.7597
4.348,5.0527
-3.9919,-4.5154
-3.9919,-4.5841
-3.9919,-4.3346
-3.9919,-3.49
-3.9919,-4.0283
-3.9919,-3.3447
2.9747,2.7495
2.9747,3.1966
2.9747,3.6404
2.9747,2.4085
2.9747,3.5243
2.9747,3.4064
-2.4242,-1.9118
-2.4242,-3.1856
-2.4242,-2.098
-2.4242,-2.8379
-2.4242,-2.7829
-2.4242,-2.2736
-2.4242,-2.5633
-2.4242,-2.9661
-2.4242,-2.282
-2.4242,-2.4496
-2.4242,-1.804
-2.4242,-3.0811
-2.4242,-1.6679
6.2518,5.5598
6.2518,6.4168
6.2518,5.6376
6.0499,6.069
6.0499,5.4477
6.0499,5.7897
6.0499,5.3071
6.0499,5.5205
-1.1715,-1.6611
-1.1715,-1.2288
-1.1715,-2.098
-1.1715,-1.804
-1.1715,-1.6679
4.9063,5.1273
4.9063,4.8295
4.9063,4.6558
4.9063,5.3071
4.9063,5.5205
4.9063,4.232
4.9063,4.4223
-5.2637,-4.7967
-5.2637,-4.3696
-5.2637,-5.1553
-5.2637,-4.4043
-5.2637,-4.751
-5.2637,-6.0758
-5.2637,-5.3394
-5.2637,-4.385
-5.2637,-4.8631
-5.2637,-5.6953
-5.2637,-4.7929
-5.2637,-5.2244
-6.5073,-5.6259
-6.5073,-5.9814
-6.5073,-6.1163
-6.5073,-5.7489
-4.5626,-3.6505
-4.5626,-4.3411
-4.5626,-4.7763
-4.5626,-4.0461
-2.098,-1.9118
-2.098,-2.4242
-2.098,-1.1715
-2.098,-2.8379
-2.098,-2.2736
-2.098,-2.5633
-2.098,-2.9661
-2.098,-2.282
-2.098,-1.804
-2.098,-1.6679
5.4477,4.8295
5.4477,6.0499
5.4477,4.9978
5.4477,5.2134
5.4477,5.7897
5.4477,4.6558
5.4477,5.3071
5.4477,5.5205
5.4477,4.5267
5.4477,5.6604
-3.8837,-4.0074
-3.8837,-4.3411
-3.8837,-3.0305
-3.8837,-4.4392
-3.8837,-3.5089
-3.8837,-3.4467
-3.8837,-4.5869
-3.8837,-3.399
-3.8837,-4.0461
-3.8837,-3.8617
5.8499,4.9812
5.8499,5.7963
5.8499,5.3714
5.8499,6.2089
5.8499,5.4527
5.8499,5.6604
5.8499,5.0527
-5.6476,-5.0848
-5.6476,-5.6953
-5.6476,-4.7929
-5.6476,-5.2244
-5.6476,-5.7595
-3.8733,-4.0112
-3.8733,-3.1791
-3.8733,-3.4289
-3.8733,-3.5987
-3.8733,-4.6307
-3.8733,-3.4927
-3.8733,-3.5924
-3.8733,-4.5381
-3.8733,-2.9661
-3.8733,-4.385
-3.8733,-4.2308
-3.8733,-4.0559
-3.8733,-4.2201
-3.8733,-3.0811
-3.8733,-3.8948
-2.8379,-3.1791
-2.8379,-3.1856
-2.8379,-3.4289
-2.8379,-2.4242
-2.8379,-2.098
-2.8379,-2.7829
-2.8379,-2.2736
-2.8379,-3.5987
-2.8379,-3.4927
-2.8379,-2.5633
-2.8379,-2.9661
-2.8379,-2.282
-2.8379,-3.0811
3.9412,4.3467
3.9412,3.8147
3.9412,4.4223
3.9412,3.222
-4.7763,-5.0249
-4.7763,-4.3411
-4.7763,-5.3756
-4.7763,-4.5626
-4.7763,-4.5869
-4.7763,-4.0461
4.5155,4.717
4.5155,4.8222
4.5155,5.2003
4.5155,3.6404
4.5155,5.1763
4.5155,4.1501
4.5155,4.4987
4.5155,4.4615
4.5155,4.798
4.5155,4.0235
4.5155,3.5243
4.5155,3.9288
4.5155,4.1302
3.6404,3.1966
3.6404,2.9747
3.6404,4.5155
3.6404,4.1501
3.6404,4.4615
3.6404,4.0235
3.6404,3.584
3.6404,3.5243
3.6404,4.1302
3.6404,3.4064
3.6404,4.113
4.3467,3.9412
4.3467,5.1445
4.3467,4.4223
-2.717,-2.1707
-2.717,-3.1809
-2.717,-3.4467
-2.717,-3.3938
-2.717,-2.8096
-2.717,-2.7255
4.9978,4.8295
4.9978,4.428
4.9978,5.4477
4.9978,5.2134
4.9978,5.7897
4.9978,4.6558
4.9978,5.3071
4.9978,4.0864
4.9978,4.7597
4.9978,4.5267
4.9978,5.6604
4.9978,5.0527
-5.6259,-5.0249
-5.6259,-5.1557
-5.6259,-6.5073
-5.6259,-4.8196
-5.6259,-5.9814
-5.6259,-5.2298
-5.6259,-5.7489
2.9695,3.431
2.9695,3.817
2.9695,3.2503
2.9695,3.8773
5.1763,4.717
5.1763,4.8222
5.1763,5.2003
5.1763,4.5155
5.1763,4.4615
5.1763,4.798
5.1763,5.4214
5.1763,5.7281
5.1763,5.2774
5.1763,5.6376
-3.5258,-4.0112
-3.5258,-3.1856
-3.5258,-4.3696
-3.5258,-2.8768
-3.5258,-3.3946
-3.5258,-2.7829
-3.5258,-4.4043
-3.5258,-3.5987
-3.5258,-3.4927
-3.5258,-4.2988
-3.5258,-3.0869
-3.5258,-3.5921
-3.5258,-4.0559
-3.5258,-3.856
-3.5258,-3.9611
-3.5258,-3.0811
5.2134,4.8295
5.2134,4.428
5.2134,5.4477
5.2134,4.9978
5.2134,5.7897
5.2134,5.4527
5.2134,4.7597
5.2134,4.5267
5.2134,5.6604
5.2134,5.0527
-3.5089,-3.6505
-3.5089,-4.3411
-3.5089,-3.0305
-3.5089,-3.8837
-3.5089,-2.8287
-3.5089,-3.399
-3.5089,-4.0461
-4.3696,-4.0112
-4.3696,-4.7967
-4.3696,-5.2637
-4.3696,-3.5258
-4.3696,-4.4043
-4.3696,-4.751
-4.3696,-3.5987
-4.3696,-4.6307
-4.3696,-4.2988
-4.3696,-4.385
-4.3696,-4.8631
-4.3696,-4.7929
-4.3696,-4.0559
-4.3696,-3.856
-4.3696,-4.2201
-4.3696,-3.9611
-5.1553,-5.2637
-5.1553,-4.9094
-5.1553,-4.751
-5.1553,-4.6307
-5.1553,-5.3394
-5.1553,-4.5381
-5.1553,-4.385
-5.1553,-4.8631
-5.1553,-5.8996
-5.1553,-4.2201
-5.1553,-5.2569
5.3714,4.9812
5.3714,4.8222
5.3714,5.7963
5.3714,5.8499
5.3714,6.2089
5.3714,4.5905
5.3714,5.4527
5.3714,4.9074
5.3714,5.2774
5.3714,5.0527
5.3714,4.5774
-5.3181,-5.1557
-5.3181,-4.7034
-5.3181,-5.9814
-3.1809,-4.0074
-3.1809,-2.717
-3.1809,-3.4467
-3.1809,-3.3938
-3.1809,-2.8096
-3.1809,-3.8875
-3.1809,-2.7255
-3.1809,-3.399
-3.1809,-3.8617
-4.9094,-4.6663
-4.9094,-5.1553
-4.9094,-4.6307
-4.9094,-4.5381
-4.9094,-5.5946
-4.9094,-4.2308
-4.9094,-4.2201
-4.9094,-5.2569
2.4085,2.9391
2.4085,2.7495
2.4085,3.1966
2.4085,2.9747
4.1736,4.9812
4.1736,4.348
4.1736,3.817
4.1736,3.2503
4.1736,4.5905
4.1736,3.6106
4.1736,3.8773
4.1736,4.9074
4.1736,4.1099
4.1736,4.113
4.1736,4.5774
3.1599,3.1579
3.1599,3.6598
3.1599,3.8147
3.1599,3.222
5.7897,6.0499
5.7897,5.4477
5.7897,4.9978
5.7897,5.2134
5.7897,5.3071
5.7897,6.3622
5.7897,5.6604
3.817,3.431
3.817,4.348
3.817,2.9695
3.817,4.1736
3.817,3.2503
3.817,4.5905
3.817,3.9547
3.817,3.6106
3.817,3.8773
3.817,4.1099
3.817,4.5774
4.1501,3.1966
4.1501,4.8222
4.1501,4.5155
4.1501,3.6404
4.1501,4.4615
4.1501,4.798
4.1501,4.0235
4.1501,3.584
4.1501,3.5243
4.1501,4.1302
4.1501,4.1099
4.1501,4.113
4.1501,4.5774
4.6558,5.1273
4.6558,4.8295
4.6558,3.6598
4.6558,4.9063
4.6558,5.4477
4.6558,4.9978
4.6558,5.3071
4.6558,3.8147
4.6558,5.5205
4.6558,4.0864
4.6558,4.5267
4.6558,4.232
4.6558,4.4223
-2.8768,-3.1856
-2.8768,-3.5258
-2.8768,-3.3946
-2.8768,-2.7829
-2.8768,-2.415
-2.8768,-3.0869
-2.8768,-2.4496
-2.8768,-3.5921
-2.8768,-2.8711
-3.3946,-3.5258
-3.3946,-2.8768
-3.3946,-2.415
-3.3946,-4.2988
-3.3946,-3.0869
-3.3946,-3.49
-3.3946,-4.0283
-3.3946,-3.5921
-3.3946,-3.856
-3.3946,-3.9611
-3.3946,-2.8711
-1.7331,-1.9118
-1.7331,-1.2288
-1.7331,-2.415
-1.7331,-2.4496
-3.4467,-4.0074
-3.4467,-3.0305
-3.4467,-4.4392
-3.4467,-3.8837
-3.4467,-2.717
-3.4467,-3.1809
-3.4467,-3.3938
-3.4467,-2.8096
-3.4467,-3.8875
-3.4467,-3.399
-3.4467,-3.8617
6.2089,5.7963
6.2089,5.8499
6.2089,5.3714
6.2089,5.4527
6.2089,6.1185
-2.7829,-1.9118
-2.7829,-3.1856
-2.7829,-2.4242
-2.7829,-2.8379
-2.7829,-3.5258
-2.7829,-2.8768
-2.7829,-3.5987
-2.7829,-3.4927
-2.7829,-3.0869
-2.7829,-2.282
-2.7829,-2.4496
-2.7829,-3.0811
-4.3696,-4.0016
-4.3696,-4.7034
-4.3696,-3.4166
-3.8814,-3.1791
-3.8814,-4.6663
-3.8814,-3.3313
-3.8814,-3.5924
-3.8814,-4.2308
-3.8814,-3.8948
5.3071,4.8295
5.3071,6.0499
5.3071,4.9063
5.3071,5.4477
5.3071,4.9978
5.3071,5.7897
5.3071,4.6558
5.3071,5.5205
5.3071,4.5267
-4.0016,-4.3696
-4.0016,-3.3938
-4.0016,-4.3945
-4.0016,-4.7034
-4.0016,-3.8875
-4.0016,-3.8617
-4.0016,-3.4166
-4.4043,-4.0112
-4.4043,-4.7967
-4.4043,-5.2637
-4.4043,-3.5258
-4.4043,-4.3696
-4.4043,-4.751
-4.4043,-4.5841
-4.4043,-4.2988
-4.4043,-4.385
-4.4043,-4.8631
-4.4043,-4.0283
-4.4043,-3.5921
-4.4043,-4.7929
-4.4043,-4.0559
-4.4043,-3.856
-4.4043,-3.9611
-4.4043,-5.2244
-4.751,-4.0112
-4.751,-4.7967
-4.751,-5.2637
-4.751,-4.3696
-4.751,-5.1553
-4.751,-4.4043
-4.751,-4.6307
-4.751,-5.3394
-4.751,-4.5381
-4.751,-4.385
-4.751,-4.8631
-4.751,-4.0559
-4.751,-4.2201
-4.751,-5.2569
3.282,2.7495
3.282,3.896
3.282,3.9288
3.282,3.4064
-2.2736,-1.6611
-2.2736,-3.1791
-2.2736,-2.4242
-2.2736,-2.098
-2.2736,-2.8379
-2.2736,-2.5633
-2.2736,-2.9661
-2.2736,-2.8101
-2.2736,-1.804
-2.2736,-2.4662
4.4987,4.717
4.4987,3.896
4.4987,5.0298
4.4987,5.2003
4.4987,4.5155
4.4987,4.0235
4.4987,4.4458
4.4987,3.9288
4.4987,4.1302
4.4987,4.9593
-3.5987,-4.0112
-3.5987,-3.1856
-3.5987,-3.4289
-3.5987,-3.8733
-3.5987,-2.8379
-3.5987,-3.5258
-3.5987,-4.3696
-3.5987,-2.7829
-3.5987,-3.4927
-3.5987,-3.0869
-3.5987,-4.385
-3.5987,-3.5921
-3.5987,-4.0559
-3.5987,-3.856
-3.5987,-4.2201
-3.5987,-3.0811
4.4615,4.8222
4.4615,4.5155
4.4615,3.6404
4.4615,5.1763
4.4615,4.1501
4.4615,4.798
4.4615,5.4214
4.4615,3.584
4.4615,4.1302
4.4615,4.9074
4.4615,4.1099
4.4615,5.2774
4.4615,4.113
4.4615,4.5774
3.2503,2.9391
3.2503,3.431
3.2503,2.9695
3.2503,4.1736
3.2503,3.817
3.2503,3.6106
3.2503,3.8773
3.2503,4.1099
3.8147,3.6598
3.8147,3.9412
3.8147,3.1599
3.8147,4.6558
3.8147,4.0864
3.8147,4.232
3.8147,4.4223
3.8147,3.222
-4.5841,-5.0848
-4.5841,-4.7967
-4.5841,-4.5154
-4.5841,-3.9919
-4.5841,-4.4043
-4.5841,-4.2988
-4.5841,-4.0283
-4.5841,-4.7929
-4.5841,-5.1253
-4.5841,-3.9611
-4.5841,-5.2244
-2.415,-2.8768
-2.415,-3.3946
-2.415,-1.7331
-2.415,-3.0869
-2.415,-2.4496
-2.415,-2.8711
-6.0758,-5.2637
-6.0758,-5.3394
-6.0758,-5.6953
-6.0758,-5.8996
-4.6307,-4.0112
-4.6307,-3.8733
-4.6307,-4.3696
-4.6307,-5.1553
-4.6307,-4.9094
-4.6307,-4.751
-4.6307,-5.3394
-4.6307,-4.5381
-4.6307,-4.385
-4.6307,-4.8631
-4.6307,-4.2308
-4.6307,-4.2201
-4.6307,-5.2569
-4.6307,-3.8948
5.1445,5.1273
5.1445,4.3467
5.1445,5.9709
5.5205,6.069
5.5205,5.1273
5.5205,6.0499
5.5205,4.9063
5.5205,5.4477
5.5205,4.6558
5.5205,5.3071
-3.4927,-4.0112
-3.4927,-3.1856
-3.4927,-3.4289
-3.4927,-3.8733
-3.4927,-2.8379
-3.4927,-3.5258
-3.4927,-2.7829
-3.4927,-3.5987
-3.4927,-2.9661
-3.4927,-4.385
-3.4927,-4.0559
-3.4927,-3.856
-3.4927,-4.2201
-3.4927,-3.0811
-3.4927,-3.8948
-3.3313,-3.1791
-3.3313,-3.8814
-3.3313,-3.5924
-3.3313,-2.8101
-3.3313,-2.4662
4.798,4.717
4.798,4.8222
4.798,5.2003
4.798,4.5155
4.798,5.1763
4.798,4.1501
4.798,4.4615
4.798,5.4214
4.798,4.0235
4.798,5.7281
4.798,4.1302
4.798,4.9074
4.798,5.2774
4.798,4.113
-4.3346,-4.5154
-4.3346,-3.9919
-4.3346,-5.1253
-4.3346,-3.3447
5.4214,4.8222
5.4214,5.2003
5.4214,5.7963
5.4214,5.1763
5.4214,4.4615
5.4214,4.798
5.4214,5.7281
5.4214,4.9074
5.4214,5.2774
5.4214,6.1185
-3.5924,-3.1791
-3.5924,-3.4289
-3.5924,-3.8733
-3.5924,-3.8814
-3.5924,-3.3313
-3.5924,-4.5381
-3.5924,-2.9661
-3.5924,-2.8101
-3.5924,-4.2308
-3.5924,-4.2201
-3.5924,-3.8948
-4.5869,-5.0249
-4.5869,-4.0074
-4.5869,-4.3411
-4.5869,-4.4392
-4.5869,-3.8837
-4.5869,-4.7763
-4.5869,-4.8196
-4.5869,-4.3945
-4.5869,-5.2298
-4.2988,-5.0848
-4.2988,-4.7967
-4.2988,-4.5154
-4.2988,-3.5258
-4.2988,-4.3696
-4.2988,-3.3946
-4.2988,-4.4043
-4.2988,-4.5841
-4.2988,-4.8631
-4.2988,-4.0283
-4.2988,-3.5921
-4.2988,-4.7929
-4.2988,-4.0559
-4.2988,-3.856
-4.2988,-3.9611
-4.2988,-5.2244
-3.0869,-3.1856
-3.0869,-3.5258
-3.0869,-2.8768
-3.0869,-3.3946
-3.0869,-2.7829
-3.0869,-3.5987
-3.0869,-2.415
-3.0869,-2.282
-3.0869,-2.4496
-3.0869,-3.5921
-3.0869,-3.856
-3.0869,-3.9611
-3.0869,-3.0811
4.5905,4.9812
4.5905,4.428
4.5905,4.348
4.5905,5.3714
4.5905,4.1736
4.5905,3.817
4.5905,5.4527
4.5905,3.8773
4.5905,4.7597
4.5905,4.9074
4.5905,4.1099
4.5905,5.0527
4.5905,4.5774
3.9547,4.428
3.9547,3.1579
3.9547,3.431
3.9547,4.348
3.9547,3.817
3.9547,3.6956
3.9547,4.0864
3.9547,3.8773
3.9547,4.7597
3.9547,4.5267
-5.3394,-4.7967
-5.3394,-5.2637
-5.3394,-5.1553
-5.3394,-4.751
-5.3394,-6.0758
-5.3394,-4.6307
-5.3394,-4.385
-5.3394,-4.8631
-5.3394,-5.6953
-5.3394,-5.8996
-5.3394,-5.2569
5.4527,4.9812
5.4527,5.8499
5.4527,5.2134
5.4527,5.3714
5.4527,6.2089
5.4527,4.5905
5.4527,4.7597
5.4527,5.6604
5.4527,5.0527
-4.5381,-4.0112
-4.5381,-4.6663
-4.5381,-3.8733
-4.5381,-5.1553
-4.5381,-4.9094
-4.5381,-4.751
-4.5381,-4.6307
-4.5381,-3.5924
-4.5381,-4.385
-4.5381,-4.2308
-4.5381,-4.2201
-4.5381,-5.2569
-4.5381,-3.8948
-4.8196,-5.0249
-4.8196,-4.0074
-4.8196,-5.1557
-4.8196,-4.4392
-4.8196,-5.6259
-4.8196,-4.5869
-4.8196,-4.3945
-4.8196,-4.7034
-4.8196,-5.2298
-4.8196,-3.8617
3.6956,4.428
3.6956,3.1579
3.6956,3.6598
3.6956,3.431
3.6956,3.9547
3.6956,4.0864
3.6956,3.8773
3.6956,4.5267
4.0235,4.717
4.0235,3.896
4.0235,4.5155
4.0235,3.6404
4.0235,4.1501
4.0235,4.4987
4.0235,4.798
4.0235,3.5243
4.0235,3.9288
4.0235,4.1302
4.0235,3.4064
-2.5633,-3.1791
-2.5633,-3.4289
-2.5633,-2.4242
-2.5633,-2.098
-2.5633,-2.8379
-2.5633,-2.2736
-2.5633,-2.9661
-2.5633,-2.282
-2.5633,-2.8101
-2.5633,-1.804
-2.5633,-3.0811
-3.49,-3.9919
-3.49,-3.3946
-3.49,-4.0283
-3.49,-3.5921
-3.49,-3.9611
-3.49,-3.3447
-3.49,-2.8711
-2.9661,-3.1791
-2.9661,-3.4289
-2.9661,-2.4242
-2.9661,-2.098
-2.9661,-3.8733
-2.9661,-2.8379
-2.9661,-2.2736
-2.9661,-3.4927
-2.9661,-3.5924
-2.9661,-2.5633
-2.9661,-2.8101
-2.9661,-3.0811
-2.9661,-3.8948
-5.5946,-4.6663
-5.5946,-4.9094
-5.5946,-5.8996
-5.5946,-5.2569
4.4458,4.717
4.4458,3.896
4.4458,5.0298
4.4458,4.4987
4.4458,4.1202
4.4458,3.9288
4.4458,4.9593
5.7281,5.2003
5.7281,5.1763
5.7281,4.798
5.7281,5.4214
5.7281,6.4168
5.7281,5.6376
5.7281,6.1185
-2.282,-1.9118
-2.282,-3.1856
-2.282,-2.4242
-2.282,-2.098
-2.282,-2.8379
-2.282,-2.7829
-2.282,-3.0869
-2.282,-2.5633
-2.282,-2.4496
-2.282,-3.0811
-2.282,-1.6679
6.3622,5.7897
6.3622,5.6604
-2.8287,-3.6505
-2.8287,-3.0305
-2.8287,-3.5089
-2.8287,-2.2919
-4.385,-4.0112
-4.385,-4.7967
-4.385,-5.2637
-4.385,-3.8733
-4.385,-4.3696
-4.385,-5.1553
-4.385,-4.4043
-4.385,-4.751
-4.385,-3.5987
-4.385,-4.6307
-4.385,-3.4927
-4.385,-5.3394
-4.385,-4.5381
-4.385,-4.8631
-4.385,-4.0559
-4.385,-3.856
-4.385,-4.2201
-4.8631,-4.0112
-4.8631,-4.7967
-4.8631,-5.2637
-4.8631,-4.3696
-4.8631,-5.1553
-4.8631,-4.4043
-4.8631,-4.751
-4.8631,-4.6307
-4.8631,-4.2988
-4.8631,-5.3394
-4.8631,-4.385
-4.8631,-5.6953
-4.8631,-4.7929
-4.8631,-4.0559
-4.8631,-5.2244
6.4168,6.2518
6.4168,5.7281
6.4168,5.6376
6.4168,6.1185
-2.8101,-3.1791
-2.8101,-2.2736
-2.8101,-3.3313
-2.8101,-3.5924
-2.8101,-2.5633
-2.8101,-2.9661
-2.8101,-2.4662
4.0864,4.8295
4.0864,4.428
4.0864,3.1579
4.0864,3.6598
4.0864,4.9978
4.0864,4.6558
4.0864,3.8147
4.0864,3.9547
4.0864,3.6956
4.0864,4.5267
4.0864,4.232
3.6106,2.9391
3.6106,3.1966
3.6106,4.1736
3.6106,3.817
3.6106,3.2503
3.6106,3.584
3.6106,4.1099
3.6106,4.113
3.6106,4.5774
-2.4496,-1.9118
-2.4496,-3.1856
-2.4496,-2.4242
-2.4496,-2.8768
-2.4496,-1.7331
-2.4496,-2.7829
-2.4496,-2.415
-2.4496,-3.0869
-2.4496,-2.282
-4.0283,-4.5154
-4.0283,-3.9919
-4.0283,-3.3946
-4.0283,-4.4043
-4.0283,-4.5841
-4.0283,-4.2988
-4.0283,-3.49
-4.0283,-3.5921
-4.0283,-4.7929
-4.0283,-3.9611
3.8773,4.428
3.8773,3.431
3.8773,4.348
3.8773,2.9695
3.8773,4.1736
3.8773,3.817
3.8773,3.2503
3.8773,4.5905
3.8773,3.9547
3.8773,3.6956
3.8773,4.7597
-4.2308,-4.6663
-4.2308,-3.8733
-4.2308,-4.9094
-4.2308,-3.8814
-4.2308,-4.6307
-4.2308,-3.5924
-4.2308,-4.5381
-4.2308,-4.2201
-4.2308,-3.8948
-5.6953,-4.7967
-5.6953,-5.2637
-5.6953,-5.6476
-5.6953,-6.0758
-5.6953,-5.3394
-5.6953,-4.8631
-5.6953,-5.2244
3.584,2.9391
3.584,3.1966
3.584,3.6404
3.584,4.1501
3.584,4.4615
3.584,3.6106
3.584,3.5243
3.584,4.1302
3.584,4.1099
3.584,4.113
3.5243,2.7495
3.5243,3.1966
3.5243,2.9747
3.5243,4.5155
3.5243,3.6404
3.5243,4.1501
3.5243,4.0235
3.5243,3.584
3.5243,3.9288
3.5243,4.1302
3.5243,3.4064
-3.3938,-2.717
-3.3938,-3.1809
-3.3938,-3.4467
-3.3938,-4.0016
-3.3938,-3.8875
-3.3938,-2.7255
-3.3938,-3.8617
-3.3938,-3.4166
-2.8096,-3.0305
-2.8096,-2.1707
-2.8096,-2.717
-2.8096,-3.1809
-2.8096,-3.4467
-2.8096,-2.2919
-2.8096,-3.399
4.7597,4.9812
4.7597,4.428
4.7597,4.348
4.7597,4.9978
4.7597,5.2134
4.7597,4.5905
4.7597,3.9547
4.7597,5.4527
4.7597,3.8773
4.7597,4.5267
4.7597,5.6604
4.7597,5.0527
4.1202,3.896
4.1202,4.4458
4.1202,4.9593
-3.5921,-3.1856
-3.5921,-3.5258
-3.5921,-2.8768
-3.5921,-3.3946
-3.5921,-4.4043
-3.5921,-3.5987
-3.5921,-4.2988
-3.5921,-3.0869
-3.5921,-3.49
-3.5921,-4.0283
-3.5921,-4.0559
-3.5921,-3.856
-3.5921,-3.9611
-5.8996,-5.1553
-5.8996,-6.0758
-5.8996,-5.3394
-5.8996,-5.5946
-5.8996,-5.2569
-4.3945,-4.0074
-4.3945,-5.1557
-4.3945,-4.4392
-4.3945,-4.0016
-4.3945,-4.5869
-4.3945,-4.8196
-4.3945,-4.7034
-4.3945,-3.8875
-4.3945,-3.8617
-4.7034,-5.1557
-4.7034,-5.3181
-4.7034,-4.3696
-4.7034,-4.0016
-4.7034,-4.8196
-4.7034,-4.3945
-4.7034,-3.8875
-2.2919,-3.0305
-2.2919,-2.1707
-2.2919,-2.8287
-2.2919,-2.8096
-4.7929,-5.0848
-4.7929,-4.7967
-4.7929,-4.5154
-4.7929,-5.2637
-4.7929,-5.6476
-4.7929,-4.3696
-4.7929,-4.4043
-4.7929,-4.5841
-4.7929,-4.2988
-4.7929,-4.8631
-4.7929,-4.0283
-4.7929,-3.9611
-4.7929,-5.2244
-4.0559,-4.0112
-4.0559,-4.7967
-4.0559,-3.1856
-4.0559,-3.8733
-4.0559,-3.5258
-4.0559,-4.3696
-4.0559,-4.4043
-4.0559,-4.751
-4.0559,-3.5987
-4.0559,-3.4927
-4.0559,-4.2988
-4.0559,-4.385
-4.0559,-4.8631
-4.0559,-3.5921
-4.0559,-3.856
-4.0559,-4.2201
-4.0559,-3.9611
-3.8875,-4.0074
-3.8875,-4.4392
-3.8875,-3.1809
-3.8875,-3.4467
-3.8875,-4.0016
-3.8875,-3.3938
-3.8875,-4.3945
-3.8875,-4.7034
-3.8875,-3.8617
-3.8875,-3.4166
3.9288,4.717
3.9288,3.896
3.9288,4.5155
3.9288,3.282
3.9288,4.4987
3.9288,4.0235
3.9288,4.4458
3.9288,3.5243
3.9288,4.1302
3.9288,3.4064
4.5267,4.8295
4.5267,4.428
4.5267,5.4477
4.5267,4.9978
4.5267,5.2134
4.5267,4.6558
4.5267,5.3071
4.5267,3.9547
4.5267,3.6956
4.5267,4.0864
4.5267,4.7597
4.5267,4.232
4.1302,4.717
4.1302,4.8222
4.1302,4.5155
4.1302,3.6404
4.1302,4.1501
4.1302,4.4987
4.1302,4.4615
4.1302,4.798
4.1302,4.0235
4.1302,3.584
4.1302,3.5243
4.1302,3.9288
4.1302,3.4064
4.1302,4.113
-3.856,-4.0112
-3.856,-4.7967
-3.856,-3.1856
-3.856,-3.5258
-3.856,-4.3696
-3.856,-3.3946
-3.856,-4.4043
-3.856,-3.5987
-3.856,-3.4927
-3.856,-4.2988
-3.856,-3.0869
-3.856,-4.385
-3.856,-3.5921
-3.856,-4.0559
-3.856,-3.9611
4.232,4.8295
4.232,3.6598
4.232,4.9063
4.232,4.6558
4.232,3.8147
4.232,4.0864
4.232,4.5267
4.232,4.4223
4.9074,4.9812
4.9074,4.8222
4.9074,5.7963
4.9074,5.3714
4.9074,4.1736
4.9074,4.4615
4.9074,4.798
4.9074,5.4214
4.9074,4.5905
4.9074,4.1099
4.9074,5.2774
4.9074,4.113
4.9074,4.5774
4.1099,4.9812
4.1099,4.8222
4.1099,4.1736
4.1099,3.817
4.1099,4.1501
4.1099,4.4615
4.1099,3.2503
4.1099,4.5905
4.1099,3.6106
4.1099,3.584
4.1099,4.9074
4.1099,4.113
4.1099,4.5774
4.4223,5.1273
4.4223,4.9063
4.4223,3.9412
4.4223,4.3467
4.4223,4.6558
4.4223,3.8147
4.4223,4.232
-4.2201,-4.0112
-4.2201,-3.4289
-4.2201,-3.8733
-4.2201,-4.3696
-4.2201,-5.1553
-4.2201,-4.9094
-4.2201,-4.751
-4.2201,-3.5987
-4.2201,-4.6307
-4.2201,-3.4927
-4.2201,-3.5924
-4.2201,-4.5381
-4.2201,-4.385
-4.2201,-4.2308
-4.2201,-4.0559
-4.2201,-3.8948
-5.1253,-5.0848
-5.1253,-4.5154
-5.1253,-4.5841
-5.1253,-4.3346
-5.1253,-5.7595
3.4064,2.7495
3.4064,3.896
3.4064,2.9747
3.4064,3.6404
3.4064,3.282
3.4064,4.0235
3.4064,3.5243
3.4064,3.9288
3.4064,4.1302
-5.9814,-5.1557
-5.9814,-6.5073
-5.9814,-5.6259
-5.9814,-5.3181
-2.7255,-2.717
-2.7255,-3.1809
-2.7255,-3.3938
-2.7255,-3.4166
5.2774,4.9812
5.2774,4.8222
5.2774,5.7963
5.2774,5.1763
5.2774,5.3714
5.2774,4.4615
5.2774,4.798
5.2774,5.4214
5.2774,4.9074
5.2774,6.1185
5.2774,4.5774
-5.6082,-5.3756
-5.6082,-6.1163
-5.2298,-5.0249
-5.2298,-5.1557
-5.2298,-4.4392
-5.2298,-5.6259
-5.2298,-4.5869
-5.2298,-4.8196
-5.2298,-5.7489
5.6376,4.717
5.6376,5.0298
5.6376,5.2003
5.6376,5.5598
5.6376,6.2518
5.6376,5.1763
5.6376,5.7281
5.6376,6.4168
5.9709,6.069
5.9709,5.1445
-5.2569,-5.1553
-5.2569,-4.9094
-5.2569,-4.751
-5.2569,-4.6307
-5.2569,-5.3394
-5.2569,-4.5381
-5.2569,-5.5946
-5.2569,-5.8996
5.6604,5.4477
5.6604,5.8499
5.6604,4.9978
5.6604,5.2134
5.6604,5.7897
5.6604,5.4527
5.6604,6.3622
5.6604,4.7597
5.6604,5.0527
-6.1163,-5.3756
-6.1163,-6.5073
-6.1163,-5.6082
-6.1163,-5.7489
-3.9611,-4.7967
-3.9611,-3.5258
-3.9611,-4.3696
-3.9611,-3.3946
-3.9611,-4.4043
-3.9611,-4.5841
-3.9611,-4.2988
-3.9611,-3.0869
-3.9611,-3.49
-3.9611,-4.0283
-3.9611,-3.5921
-3.9611,-4.7929
-3.9611,-4.0559
-3.9611,-3.856
-5.2244,-5.0848
-5.2244,-4.7967
-5.2244,-5.2637
-5.2244,-5.6476
-5.2244,-4.4043
-5.2244,-4.5841
-5.2244,-4.2988
-5.2244,-4.8631
-5.2244,-5.6953
-5.2244,-4.7929
-5.7595,-5.0848
-5.7595,-5.6476
-5.7595,-5.1253
-3.399,-4.0074
-3.399,-3.0305
-3.399,-3.8837
-3.399,-3.5089
-3.399,-3.1809
-3.399,-3.4467
-3.399,-2.8096
-3.399,-3.8617
6.1185,5.7963
6.1185,6.2089
6.1185,5.4214
6.1185,5.7281
6.1185,6.4168
6.1185,5.2774
-4.0461,-3.6505
-4.0461,-4.3411
-4.0461,-4.5626
-4.0461,-3.8837
-4.0461,-4.7763
-4.0461,-3.5089
-3.3447,-3.9919
-3.3447,-4.3346
-3.3447,-3.49
-3.3447,-2.8711
-1.804,-1.6611
-1.804,-2.4242
-1.804,-1.1715
-1.804,-2.098
-1.804,-2.2736
-1.804,-2.5633
-1.804,-1.6679
-2.8711,-2.8768
-2.8711,-3.3946
-2.8711,-2.415
-2.8711,-3.49
-2.8711,-3.3447
4.113,3.1966
4.113,4.8222
4.113,3.6404
4.113,4.1736
4.113,4.1501
4.113,4.4615
4.113,4.798
4.113,3.6106
4.113,3.584
4.113,4.1302
4.113,4.9074
4.113,4.1099
4.113,4.5774
-3.0811,-4.0112
-3.0811,-3.1791
-3.0811,-3.1856
-3.0811,-3.4289
-3.0811,-2.4242
-3.0811,-3.8733
-3.0811,-2.8379
-3.0811,-3.5258
-3.0811,-2.7829
-3.0811,-3.5987
-3.0811,-3.4927
-3.0811,-3.0869
-3.0811,-2.5633
-3.0811,-2.9661
-3.0811,-2.282
3.222,3.9412
3.222,3.1599
3.222,3.8147
-3.8617,-4.0074
-3.8617,-4.4392
-3.8617,-3.8837
-3.8617,-3.1809
-3.8617,-3.4467
-3.8617,-4.0016
-3.8617,-4.8196
-3.8617,-3.3938
-3.8617,-4.3945
-3.8617,-3.8875
-3.8617,-3.399
-5.7489,-5.0249
-5.7489,-5.3756
-5.7489,-6.5073
-5.7489,-5.6259
-5.7489,-5.2298
-5.7489,-6.1163
-3.4166,-4.3696
-3.4166,-4.0016
-3.4166,-3.3938
-3.4166,-3.8875
-3.4166,-2.7255
5.0527,4.9812
5.0527,4.428
5.0527,4.348
5.0527,5.8499
5.0527,4.9978
5.0527,5.2134
5.0527,5.3714
5.0527,4.5905
5.0527,5.4527
5.0527,4.7597
5.0527,5.6604
4.9593,5.0298
4.9593,5.5598
4.9593,4.4987
4.9593,4.4458
4.9593,4.1202
-1.6679,-1.9118
-1.6679,-1.2288
-1.6679,-2.4242
-1.6679,-1.1715
-1.6679,-2.098
-1.6679,-2.282
-1.6679,-1.804
-3.8948,-4.0112
-3.8948,-3.1791
-3.8948,-3.4289
-3.8948,-3.8733
-3.8948,-3.8814
-3.8948,-4.6307
-3.8948,-3.4927
-3.8948,-3.5924
-3.8948,-4.5381
-3.8948,-2.9661
-3.8948,-4.2308
-3.8948,-4.2201
4.5774,4.9812
4.5774,4.8222
4.5774,5.3714
4.5774,4.1736
4.5774,3.817
4.5774,4.1501
4.5774,4.4615
4.5774,4.5905
4.5774,3.6106
4.5774,4.9074
4.5774,4.1099
4.5774,5.2774
4.5774,4.113
-2.4662,-1.6611
-2.4662,-2.2736
-2.4662,-3.3313
-2.4662,-2.8101
