5.5291,5.3807
5.5291,4.9548
5.5291,4.9499
5.5291,5.7654
5.5291,5.8583
5.5291,6.2507
5.5291,6.0708
5.5291,5.639
5.5291,4.6817
5.5291,4.8844
5.5291,5.6975
5.5291,6.1827
5.5291,5.1878
5.5291,5.2276
5.5291,4.6511
5.5291,5.6843
5.5291,6.0319
5.5291,4.998
5.5291,5.5136
5.5291,5.2745
-3.5093,-4.3893
-3.5093,-3.3986
-3.5093,-2.7417
-3.5093,-4.0362
-5.1641,-5.2315
-5.1641,-4.6279
-5.1641,-5.1581
-5.1641,-4.3521
-5.1641,-4.8887
-5.1641,-5.6412
-3.8099,-3.8897
-3.8099,-3.0598
-3.8099,-4.0097
-3.8099,-3.544
-3.8099,-3.3615
-3.8099,-3.2974
-3.8099,-4.3521
-3.8099,-4.4041
-3.8099,-4.5042
-3.8099,-4.1999
-3.8099,-3.1518
-3.8099,-3.8298
3.3334,3.6788
3.3334,3.8917
3.3334,3.3265
3.3334,3.978
3.3334,3.5051
3.3334,2.7088
3.3334,4.0652
4.469,4.6441
4.469,4.9465
4.469,4.3298
4.469,5.2198
4.469,4.5172
4.469,4.0522
4.469,4.6079
4.469,4.8844
4.469,5.3221
4.469,3.9478
4.469,3.9329
4.469,3.6081
4.469,5.1407
4.469,4.3386
2.7775,3.3265
2.7775,2.7088
2.7775,2.9571
2.7775,3.7051
2.7775,3.3632
-3.8897,-3.8099
-3.8897,-3.0598
-3.8897,-4.0097
-3.8897,-3.544
-3.8897,-4.6279
-3.8897,-3.3986
-3.8897,-4.3521
-3.8897,-4.4041
-3.8897,-3.1518
-3.8897,-4.0362
7.2971,7.239
7.2971,6.8192
7.2971,6.5803
7.2971,7.1529
7.2971,6.6331
7.2971,6.7749
3.6788,3.3334
3.6788,3.8917
3.6788,3.3265
3.6788,3.978
3.6788,2.7088
3.6788,4.6817
3.6788,4.3768
3.6788,4.4936
3.6788,4.0652
3.6788,4.378
3.6788,3.7051
3.6788,4.0887
3.6788,3.3632
6.236,5.3043
6.236,5.7654
6.236,6.8192
6.236,6.2507
6.236,6.0708
6.236,5.8959
6.236,6.5803
6.236,7.1529
6.236,5.6975
6.236,5.5197
6.236,6.0026
6.236,6.5256
6.236,6.7749
6.236,6.0319
6.236,5.5136
-5.2315,-5.1641
-5.2315,-4.3893
-5.2315,-4.6279
-3.0598,-3.8099
-3.0598,-3.8897
-3.0598,-3.544
-3.0598,-3.3986
-3.0598,-3.2974
-3.0598,-2.7417
-3.0598,-2.7068
-3.0598,-2.2612
-3.0598,-3.1518
-3.6709,-3.133
-3.6709,-3.6545
-3.6709,-3.2818
-3.6709,-4.2516
-3.6709,-3.8157
-3.6709,-4.0268
-3.6709,-3.6675
-3.6709,-4.2888
-3.6709,-4.3145
-3.6709,-3.1225
-4.6109,-3.8603
-4.6109,-4.1283
-4.6109,-4.6496
-4.6109,-5.1175
-4.6109,-5.3736
-4.6109,-5.2738
-4.6109,-4.3646
-4.6109,-4.729
-4.6109,-4.0433
-4.6109,-5.0023
-4.6109,-4.5792
-4.6109,-4.992
-4.6109,-5.5849
-4.6109,-4.8128
-4.6109,-4.4678
-4.6109,-4.4587
-4.6109,-4.0257
-4.6109,-3.9379
5.3043,6.236
5.3043,4.9548
5.3043,4.9499
5.3043,5.7654
5.3043,6.0708
5.3043,4.6817
5.3043,5.8959
5.3043,4.4936
5.3043,5.4039
5.3043,5.6975
5.3043,4.776
5.3043,4.5084
5.3043,5.5197
5.3043,4.8674
5.3043,5.1878
5.3043,5.1242
5.3043,6.0026
5.3043,5.5136
5.3043,5.2745
3.3148,2.9571
3.3148,4.0522
3.3148,3.9329
3.3148,3.5676
3.3148,3.6081
-2.276,-2.5897
-2.276,-3.027
-2.276,-2.8441
-2.276,-2.8502
-2.276,-2.3304
5.3807,5.5291
5.3807,4.9465
5.3807,5.8646
5.3807,4.9499
5.3807,5.8583
5.3807,5.2198
5.3807,5.639
5.3807,6.1882
5.3807,4.5172
5.3807,4.6079
5.3807,4.8844
5.3807,5.3221
5.3807,6.1827
5.3807,5.2276
5.3807,4.6511
5.3807,5.6843
5.3807,6.0319
5.3807,4.998
5.3807,5.2745
-3.1653,-3.8603
-3.1653,-4.1283
-3.1653,-3.4822
-3.1653,-3.027
-3.1653,-2.9326
-3.1653,-3.5293
-3.1653,-3.3933
-3.1653,-3.5231
-3.1653,-2.8441
-3.1653,-3.9379
-3.1653,-2.3304
-4.9275,-5.1064
-4.9275,-5.1581
-4.9275,-5.1184
-4.9275,-4.4041
-4.9275,-4.5042
-4.9275,-4.4533
-4.9275,-4.1999
-4.9275,-5.5966
-4.9275,-4.8887
-4.0097,-3.8099
-4.0097,-3.8897
-4.0097,-3.544
-4.0097,-3.2974
-4.0097,-4.3521
-4.0097,-4.4041
-4.0097,-4.5042
-4.0097,-4.1999
-4.0097,-4.8887
-4.0097,-3.1518
-4.0097,-3.8298
-6.0764,-5.7479
-6.0764,-5.9817
-6.0764,-5.9841
-6.0764,-6.8335
-6.0764,-5.3736
-6.0764,-5.8211
-6.0764,-5.5849
-6.0764,-5.3968
-6.0764,-5.6137
-6.0764,-5.2158
-6.0764,-6.229
-6.0764,-6.4521
-5.7479,-6.0764
-5.7479,-5.9841
-5.7479,-5.1175
-5.7479,-5.3736
-5.7479,-5.2738
-5.7479,-5.8211
-5.7479,-5.0023
-5.7479,-5.6778
-5.7479,-4.992
-5.7479,-5.5849
-5.7479,-6.644
-5.7479,-5.6137
-5.7479,-4.8128
-5.7479,-5.2158
-5.7479,-6.229
4.9548,5.5291
4.9548,5.3043
4.9548,4.9499
4.9548,5.7654
4.9548,4.6817
4.9548,4.3768
4.9548,4.4936
4.9548,5.6975
4.9548,4.5084
4.9548,5.5197
4.9548,4.0652
4.9548,4.8674
4.9548,4.378
4.9548,5.1878
4.9548,5.1242
4.9548,4.6511
4.9548,4.998
4.9548,5.5136
4.9548,5.2745
-4.2281,-3.6545
-4.2281,-3.2818
-4.2281,-3.6445
-4.2281,-4.6496
-4.2281,-4.2516
-4.2281,-4.0268
-4.2281,-4.3646
-4.2281,-4.0433
-4.2281,-5.0023
-4.2281,-4.6146
-4.2281,-4.8947
-4.2281,-3.6675
-4.2281,-4.2888
-4.2281,-4.8621
-4.2281,-4.8128
-4.2281,-4.4678
-4.2281,-5.2158
-4.2281,-4.0257
-2.1325,-2.7861
-2.1325,-2.7068
-2.1325,-2.2612
-2.1325,-2.4948
4.1935,4.1254
4.1935,3.8917
4.1935,3.5051
4.1935,4.4936
4.1935,4.776
4.1935,4.5084
4.1935,4.0652
4.1935,4.8674
4.1935,5.1242
-4.1192,-4.6578
-4.1192,-3.4822
-4.1192,-4.5792
-4.1192,-4.1112
4.6441,4.469
4.6441,4.9465
4.6441,4.5886
4.6441,5.4462
4.6441,4.3298
4.6441,5.2198
4.6441,4.0522
4.6441,4.6079
4.6441,5.3221
4.6441,3.9329
4.6441,5.1407
4.6441,4.3386
-5.9817,-6.0764
-5.9817,-5.5691
-5.9817,-5.3854
-5.9817,-5.8211
-5.9817,-6.0529
-5.9817,-5.3968
-5.9817,-5.6137
-5.9817,-6.6573
-5.9817,-5.2158
-5.9817,-6.4521
4.1254,4.1935
4.1254,3.5051
4.1254,4.9722
4.1254,4.776
4.1254,4.5084
-3.133,-3.6709
-3.133,-2.5897
-3.133,-3.8157
-3.133,-3.6675
-3.133,-3.1225
-3.8603,-4.6109
-3.8603,-3.1653
-3.8603,-4.1283
-3.8603,-3.6445
-3.8603,-3.027
-3.8603,-4.3646
-3.8603,-4.0433
-3.8603,-3.5293
-3.8603,-3.3933
-3.8603,-3.5231
-3.8603,-4.4678
-3.8603,-4.4587
-3.8603,-4.0257
-3.8603,-3.9379
4.9465,4.469
4.9465,5.3807
4.9465,4.6441
4.9465,5.8646
4.9465,4.3298
4.9465,5.2198
4.9465,4.5172
4.9465,4.0522
4.9465,4.6079
4.9465,4.8844
4.9465,5.3221
4.9465,5.7047
4.9465,5.2276
4.9465,5.6843
4.9465,5.1407
4.9465,4.998
4.9465,4.3386
5.8646,5.3807
5.8646,4.9465
5.8646,5.8583
5.8646,5.2198
5.8646,6.1882
5.8646,5.3221
5.8646,5.7047
5.8646,6.5626
5.8646,6.3293
5.8646,5.6843
5.8646,5.1407
5.8646,6.3019
3.8917,3.3334
3.8917,3.6788
3.8917,4.1935
3.8917,3.978
3.8917,3.5051
3.8917,4.3768
3.8917,4.4936
3.8917,4.5084
3.8917,4.0652
3.8917,4.8674
4.5886,4.6441
4.5886,5.4462
4.5886,5.1407
4.5886,4.3386
4.9499,5.5291
4.9499,5.3043
4.9499,5.3807
4.9499,4.9548
4.9499,3.978
4.9499,5.639
4.9499,4.6817
4.9499,4.3768
4.9499,4.5172
4.9499,4.4936
4.9499,4.8844
4.9499,5.6975
4.9499,4.8674
4.9499,4.378
4.9499,5.1878
4.9499,4.0887
4.9499,5.2276
4.9499,4.6511
4.9499,4.998
4.9499,5.5136
4.9499,5.2745
-5.5691,-5.9817
-5.5691,-5.3854
-5.5691,-5.8211
-5.5691,-4.8712
-5.5691,-6.0529
-5.5691,-4.8947
-5.5691,-5.3968
-5.5691,-5.0833
3.3265,3.3334
3.3265,2.7775
3.3265,3.6788
3.3265,3.978
3.3265,2.7088
3.3265,4.0652
3.3265,3.7051
3.3265,4.0887
3.3265,3.3632
-3.6545,-3.6709
-3.6545,-4.2281
-3.6545,-3.2818
-3.6545,-3.6445
-3.6545,-4.6496
-3.6545,-4.2516
-3.6545,-4.0268
-3.6545,-3.027
-3.6545,-4.0433
-3.6545,-3.3933
-3.6545,-3.6675
-3.6545,-4.4678
-3.6545,-2.8502
-3.6545,-4.0257
-3.6545,-3.1225
5.4462,4.6441
5.4462,4.5886
5.4462,5.3221
5.4462,5.7047
5.4462,6.3293
5.4462,5.1407
7.239,7.2971
7.239,6.8192
7.239,6.9322
7.239,6.6331
7.239,6.5626
-2.5897,-2.276
-2.5897,-3.133
-2.5897,-3.2818
-2.5897,-2.8502
-2.5897,-3.1225
5.7654,5.5291
5.7654,6.236
5.7654,5.3043
5.7654,4.9548
5.7654,6.2507
5.7654,6.0708
5.7654,5.8959
5.7654,6.5803
5.7654,5.6975
5.7654,5.5197
5.7654,4.8674
5.7654,5.1878
5.7654,5.1242
5.7654,6.0026
5.7654,6.5256
5.7654,6.0319
5.7654,5.5136
5.7654,5.2745
-5.9841,-6.0764
-5.9841,-5.7479
-5.9841,-5.1175
-5.9841,-5.3736
-5.9841,-5.2738
-5.9841,-6.474
-5.9841,-5.6778
-5.9841,-4.992
-5.9841,-5.5849
-5.9841,-6.644
-5.9841,-5.8762
-5.9841,-6.229
-5.1064,-4.9275
-5.1064,-5.1581
-5.1064,-5.1184
-5.1064,-4.5042
-5.1064,-4.4533
-5.1064,-4.1999
-5.1064,-5.5966
-5.1064,-5.8759
-4.3893,-3.5093
-4.3893,-5.2315
-4.3893,-4.6279
-4.3893,-4.0362
-3.2818,-3.6709
-3.2818,-4.2281
-3.2818,-3.6545
-3.2818,-2.5897
-3.2818,-3.6445
-3.2818,-4.0268
-3.2818,-3.027
-3.2818,-3.3933
-3.2818,-3.6675
-3.2818,-2.8502
-3.2818,-4.0257
-3.2818,-3.1225
6.8192,7.2971
6.8192,6.236
6.8192,7.239
6.8192,6.2507
6.8192,6.0708
6.8192,6.5803
6.8192,6.6331
6.8192,6.1827
6.8192,6.5626
6.8192,6.7749
6.8192,6.0319
-3.544,-3.8099
-3.544,-3.8897
-3.544,-3.0598
-3.544,-4.0097
-3.544,-3.3986
-3.544,-3.2974
-3.544,-4.3521
-3.544,-4.4041
-3.544,-2.7068
-3.544,-3.1518
-3.544,-4.0362
-3.544,-3.8298
5.8583,5.5291
5.8583,5.3807
5.8583,5.8646
5.8583,6.2507
5.8583,5.2198
5.8583,5.639
5.8583,6.1882
5.8583,6.6331
5.8583,4.8844
5.8583,5.3221
5.8583,5.6975
5.8583,6.1827
5.8583,6.5626
5.8583,5.2276
5.8583,5.6843
5.8583,6.0319
5.8583,6.3019
5.8583,4.998
5.8583,5.2745
-6.8335,-6.0764
-6.8335,-6.644
-6.8335,-6.229
-6.8335,-6.4521
-4.1283,-4.6109
-4.1283,-3.1653
-4.1283,-3.8603
-4.1283,-4.3646
-4.1283,-4.729
-4.1283,-4.0433
-4.1283,-3.5293
-4.1283,-4.5792
-4.1283,-3.5231
-4.1283,-4.992
-4.1283,-4.1112
-4.1283,-4.8128
-4.1283,-4.4678
-4.1283,-4.4587
-4.1283,-4.0257
-4.1283,-3.9379
-3.6445,-4.2281
-3.6445,-3.8603
-3.6445,-3.6545
-3.6445,-3.2818
-3.6445,-4.0268
-3.6445,-3.027
-3.6445,-4.3646
-3.6445,-4.0433
-3.6445,-3.3933
-3.6445,-3.5231
-3.6445,-3.6675
-3.6445,-4.4678
-3.6445,-2.8502
-3.6445,-4.0257
5.9833,6.6842
5.9833,5.8959
5.9833,5.4039
5.9833,5.5197
5.9833,5.1242
5.9833,6.0026
5.9833,6.5256
5.9833,5.778
-4.6279,-5.1641
-4.6279,-3.8897
-4.6279,-5.2315
-4.6279,-4.3893
-4.6279,-4.3521
-4.6279,-4.4041
-4.6279,-4.8887
-4.6279,-4.0362
4.3298,4.469
4.3298,4.6441
4.3298,4.9465
4.3298,5.2198
4.3298,4.5172
4.3298,4.0522
4.3298,4.6079
4.3298,4.8844
4.3298,3.9478
4.3298,3.9329
4.3298,4.378
4.3298,3.7051
4.3298,3.6081
4.3298,4.0887
4.3298,5.2276
4.3298,4.6511
4.3298,4.998
3.978,3.3334
3.978,3.6788
3.978,3.8917
3.978,4.9499
3.978,3.3265
3.978,4.6817
3.978,4.3768
3.978,4.5172
3.978,4.4936
3.978,3.9478
3.978,4.0652
3.978,4.378
3.978,3.7051
3.978,4.0887
3.978,4.6511
3.978,3.3632
6.6842,5.9833
6.6842,7.1529
6.6842,6.0026
6.6842,6.5256
6.6842,5.778
-2.7861,-2.1325
-2.7861,-3.3615
-2.7861,-3.2974
-2.7861,-3.1646
-2.7861,-2.7068
-2.7861,-2.4948
-2.7861,-3.1518
6.2507,5.5291
6.2507,6.236
6.2507,5.7654
6.2507,6.8192
6.2507,5.8583
6.2507,6.0708
6.2507,5.639
6.2507,6.5803
6.2507,6.6331
6.2507,5.6975
6.2507,6.1827
6.2507,6.7749
6.2507,6.0319
6.2507,5.5136
6.2507,5.2745
-5.1581,-5.1641
-5.1581,-4.9275
-5.1581,-5.1064
-5.1581,-4.4041
-5.1581,-4.5042
-5.1581,-5.5966
-5.1581,-6.1232
-5.1581,-4.8887
-5.1581,-5.6412
3.5051,3.3334
3.5051,4.1935
3.5051,4.1254
3.5051,3.8917
3.5051,4.0652
5.2198,4.469
5.2198,5.3807
5.2198,4.6441
5.2198,4.9465
5.2198,5.8646
5.2198,5.8583
5.2198,4.3298
5.2198,5.639
5.2198,6.1882
5.2198,4.5172
5.2198,4.6079
5.2198,4.8844
5.2198,5.3221
5.2198,5.7047
5.2198,5.2276
5.2198,5.6843
5.2198,5.1407
5.2198,4.998
-4.6496,-4.6109
-4.6496,-4.2281
-4.6496,-3.6545
-4.6496,-5.1175
-4.6496,-4.2516
-4.6496,-4.0268
-4.6496,-5.3736
-4.6496,-4.3646
-4.6496,-4.0433
-4.6496,-5.0023
-4.6496,-4.6146
-4.6496,-4.8947
-4.6496,-5.3968
-4.6496,-4.8621
-4.6496,-5.6137
-4.6496,-4.8128
-4.6496,-4.4678
-4.6496,-5.2158
-4.6496,-4.0257
6.0708,5.5291
6.0708,6.236
6.0708,5.3043
6.0708,5.7654
6.0708,6.8192
6.0708,6.2507
6.0708,5.639
6.0708,5.8959
6.0708,6.5803
6.0708,5.6975
6.0708,6.1827
6.0708,5.5197
6.0708,5.1878
6.0708,6.5256
6.0708,6.7749
6.0708,6.0319
6.0708,5.5136
6.0708,5.2745
-3.3986,-3.5093
-3.3986,-3.8897
-3.3986,-3.0598
-3.3986,-3.544
-3.3986,-2.7417
-3.3986,-3.1518
-3.3986,-4.0362
-5.1175,-4.6109
-5.1175,-5.7479
-5.1175,-5.9841
-5.1175,-4.6496
-5.1175,-5.3736
-5.1175,-5.2738
-5.1175,-4.3646
-5.1175,-4.729
-5.1175,-5.0023
-5.1175,-5.6778
-5.1175,-4.992
-5.1175,-5.5849
-5.1175,-5.6137
-5.1175,-4.8128
-5.1175,-4.4678
-5.1175,-4.4587
-5.1175,-5.2158
-5.1853,-4.6578
-5.1853,-5.2738
-5.1853,-4.729
-5.1853,-5.6778
-5.1853,-4.5792
-5.1853,-5.3034
-5.1853,-4.992
-5.1853,-5.5849
-5.1853,-5.8762
-5.1853,-4.4587
-5.1853,-5.2153
5.639,5.5291
5.639,5.3807
5.639,4.9499
5.639,5.8583
5.639,6.2507
5.639,5.2198
5.639,6.0708
5.639,6.1882
5.639,6.6331
5.639,4.8844
5.639,5.6975
5.639,6.1827
5.639,5.1878
5.639,5.2276
5.639,4.6511
5.639,5.6843
5.639,6.0319
5.639,4.998
5.639,5.5136
5.639,5.2745
-5.1184,-4.9275
-5.1184,-5.1064
-5.1184,-4.2461
-5.1184,-4.4533
-5.1184,-5.8759
-3.3615,-3.8099
-3.3615,-2.7861
-3.3615,-3.2974
-3.3615,-3.844
-3.3615,-3.1646
-3.3615,-4.1999
-3.3615,-2.4948
-3.3615,-3.1518
-3.3615,-3.8298
-3.3615,-3.4192
-4.6578,-4.1192
-4.6578,-5.1853
-4.6578,-4.729
-4.6578,-4.5792
-4.6578,-5.3034
-4.6578,-4.1112
-4.6578,-5.2153
2.7088,3.3334
2.7088,2.7775
2.7088,3.6788
2.7088,3.3265
4.6817,5.5291
4.6817,3.6788
4.6817,5.3043
4.6817,4.9548
4.6817,4.9499
4.6817,3.978
4.6817,4.3768
4.6817,4.5172
4.6817,4.4936
4.6817,4.5084
4.6817,4.0652
4.6817,4.8674
4.6817,4.378
4.6817,5.1878
4.6817,4.0887
4.6817,4.6511
4.6817,4.998
4.6817,5.5136
4.6817,5.2745
4.9722,4.1254
4.9722,5.4039
4.9722,4.776
4.9722,5.1242
4.9722,5.778
6.1882,5.3807
6.1882,5.8646
6.1882,5.8583
6.1882,5.2198
6.1882,5.639
6.1882,6.9322
6.1882,6.6331
6.1882,6.1827
6.1882,5.7047
6.1882,6.5626
6.1882,5.6843
6.1882,6.0319
6.1882,6.3019
4.3768,3.6788
4.3768,4.9548
4.3768,3.8917
4.3768,4.9499
4.3768,3.978
4.3768,4.6817
4.3768,4.5172
4.3768,4.4936
4.3768,4.5084
4.3768,4.0652
4.3768,4.8674
4.3768,4.378
4.3768,3.7051
4.3768,5.1878
4.3768,4.0887
4.3768,4.6511
4.3768,4.998
4.3768,5.2745
4.5172,4.469
4.5172,5.3807
4.5172,4.9465
4.5172,4.9499
4.5172,4.3298
4.5172,3.978
4.5172,5.2198
4.5172,4.6817
4.5172,4.3768
4.5172,4.0522
4.5172,4.6079
4.5172,4.8844
4.5172,3.9478
4.5172,4.378
4.5172,3.7051
4.5172,4.0887
4.5172,5.2276
4.5172,4.6511
4.5172,4.998
4.5172,5.2745
5.8959,6.236
5.8959,5.3043
5.8959,5.7654
5.8959,5.9833
5.8959,6.0708
5.8959,6.5803
5.8959,5.4039
5.8959,5.6975
5.8959,5.5197
5.8959,5.1878
5.8959,5.1242
5.8959,6.0026
5.8959,6.5256
5.8959,6.7749
5.8959,5.5136
-4.2516,-3.6709
-4.2516,-4.2281
-4.2516,-3.6545
-4.2516,-4.6496
-4.2516,-4.0268
-4.2516,-4.8712
-4.2516,-4.6146
-4.2516,-4.8947
-4.2516,-3.6675
-4.2516,-4.2888
-4.2516,-4.8621
-4.2516,-4.3145
-4.2516,-4.0257
-5.3854,-5.9817
-5.3854,-5.5691
-5.3854,-5.8211
-5.3854,-4.8712
-5.3854,-4.6146
-5.3854,-4.8947
-5.3854,-5.3968
-5.3854,-4.8621
-5.3854,-5.6137
-5.3854,-5.2158
-5.3854,-5.0833
-3.8157,-3.6709
-3.8157,-3.133
-3.8157,-4.2888
-3.8157,-4.3145
-3.2974,-3.8099
-3.2974,-3.0598
-3.2974,-4.0097
-3.2974,-3.544
-3.2974,-2.7861
-3.2974,-3.3615
-3.2974,-3.844
-3.2974,-3.1646
-3.2974,-2.7068
-3.2974,-4.1999
-3.2974,-3.1518
-3.2974,-3.8298
6.9322,7.239
6.9322,6.1882
6.9322,6.5626
6.9322,6.3293
6.9322,6.3019
-4.0268,-3.6709
-4.0268,-4.2281
-4.0268,-3.6545
-4.0268,-3.2818
-4.0268,-3.6445
-4.0268,-4.6496
-4.0268,-4.2516
-4.0268,-4.0433
-4.0268,-4.6146
-4.0268,-4.8947
-4.0268,-3.6675
-4.0268,-4.2888
-4.0268,-4.8621
-4.0268,-4.4678
-4.0268,-4.0257
-4.0268,-3.1225
-4.2461,-5.1184
-4.2461,-3.844
-4.2461,-4.4533
-4.2461,-3.4192
-3.4822,-3.1653
-3.4822,-4.1192
-3.4822,-2.9326
-3.4822,-3.5293
-3.4822,-4.1112
-3.4822,-3.9379
6.5803,7.2971
6.5803,6.236
6.5803,5.7654
6.5803,6.8192
6.5803,6.2507
6.5803,6.0708
6.5803,5.8959
6.5803,6.6331
6.5803,5.6975
6.5803,6.1827
6.5803,6.5256
6.5803,6.7749
6.5803,6.0319
-3.844,-3.3615
-3.844,-3.2974
-3.844,-4.2461
-3.844,-3.1646
-3.844,-4.4533
-3.844,-4.1999
-3.844,-3.8298
-3.844,-3.4192
-5.3736,-4.6109
-5.3736,-6.0764
-5.3736,-5.7479
-5.3736,-5.9841
-5.3736,-4.6496
-5.3736,-5.1175
-5.3736,-5.2738
-5.3736,-5.8211
-5.3736,-5.0023
-5.3736,-4.992
-5.3736,-5.5849
-5.3736,-5.3968
-5.3736,-4.8621
-5.3736,-5.6137
-5.3736,-4.8128
-5.3736,-4.4678
-5.3736,-5.2158
-5.3736,-6.229
-5.2738,-4.6109
-5.2738,-5.7479
-5.2738,-5.9841
-5.2738,-5.1175
-5.2738,-5.1853
-5.2738,-5.3736
-5.2738,-4.729
-5.2738,-5.6778
-5.2738,-4.5792
-5.2738,-4.992
-5.2738,-5.5849
-5.2738,-5.8762
-5.2738,-4.8128
-5.2738,-4.4587
-5.2738,-5.2153
2.9571,2.7775
2.9571,3.3148
2.9571,3.6081
2.9571,3.3632
-3.027,-2.276
-3.027,-3.1653
-3.027,-3.8603
-3.027,-3.6545
-3.027,-3.2818
-3.027,-3.6445
-3.027,-3.3933
-3.027,-3.5231
-3.027,-2.8441
-3.027,-2.8502
4.0522,4.469
4.0522,3.3148
4.0522,4.6441
4.0522,4.9465
4.0522,4.3298
4.0522,4.5172
4.0522,4.6079
4.0522,4.8844
4.0522,3.9478
4.0522,3.9329
4.0522,3.6081
4.0522,4.0887
4.0522,4.3386
-4.3646,-4.6109
-4.3646,-4.2281
-4.3646,-3.8603
-4.3646,-4.1283
-4.3646,-3.6445
-4.3646,-4.6496
-4.3646,-5.1175
-4.3646,-4.729
-4.3646,-4.0433
-4.3646,-5.0023
-4.3646,-3.3933
-4.3646,-3.5231
-4.3646,-4.992
-4.3646,-4.8128
-4.3646,-4.4678
-4.3646,-4.4587
-4.3646,-4.0257
-4.3646,-3.9379
4.6079,4.469
4.6079,5.3807
4.6079,4.6441
4.6079,4.9465
4.6079,4.3298
4.6079,5.2198
4.6079,4.5172
4.6079,4.0522
4.6079,4.8844
4.6079,5.3221
4.6079,3.9478
4.6079,3.9329
4.6079,4.378
4.6079,3.6081
4.6079,4.0887
4.6079,5.2276
4.6079,4.6511
4.6079,4.998
4.4936,3.6788
4.4936,5.3043
4.4936,4.9548
4.4936,4.1935
4.4936,3.8917
4.4936,4.9499
4.4936,3.978
4.4936,4.6817
4.4936,4.3768
4.4936,4.776
4.4936,4.5084
4.4936,4.0652
4.4936,4.8674
4.4936,4.378
4.4936,5.1878
4.4936,5.1242
5.4039,5.3043
5.4039,5.9833
5.4039,4.9722
5.4039,5.8959
5.4039,4.776
5.4039,5.5197
5.4039,4.8674
5.4039,5.1242
5.4039,6.0026
5.4039,5.778
-5.8211,-6.0764
-5.8211,-5.7479
-5.8211,-5.9817
-5.8211,-5.5691
-5.8211,-5.3854
-5.8211,-5.3736
-5.8211,-5.0023
-5.8211,-5.3968
-5.8211,-4.8621
-5.8211,-5.6137
-5.8211,-6.6573
-5.8211,-5.2158
-5.8211,-6.229
-5.8211,-6.4521
-4.8712,-5.5691
-4.8712,-4.2516
-4.8712,-5.3854
-4.8712,-4.6146
-4.8712,-4.8947
-4.8712,-4.2888
-4.8712,-5.3968
-4.8712,-4.8621
-4.8712,-5.0833
-4.8712,-4.3145
-6.474,-5.9841
-6.474,-5.6778
-6.474,-6.644
-6.474,-5.8762
-4.729,-4.6109
-4.729,-4.1283
-4.729,-5.1175
-4.729,-5.1853
-4.729,-4.6578
-4.729,-5.2738
-4.729,-4.3646
-4.729,-5.6778
-4.729,-4.5792
-4.729,-4.992
-4.729,-4.1112
-4.729,-4.8128
-4.729,-4.4587
-4.729,-5.2153
-4.729,-3.9379
7.1529,7.2971
7.1529,6.236
7.1529,6.6842
7.1529,6.5256
7.1529,6.7749
6.6331,7.2971
6.6331,7.239
6.6331,6.8192
6.6331,5.8583
6.6331,6.2507
6.6331,5.639
6.6331,6.1882
6.6331,6.5803
6.6331,6.1827
6.6331,6.5626
6.6331,6.0319
-4.0433,-4.6109
-4.0433,-4.2281
-4.0433,-3.8603
-4.0433,-3.6545
-4.0433,-4.1283
-4.0433,-3.6445
-4.0433,-4.6496
-4.0433,-4.0268
-4.0433,-4.3646
-4.0433,-3.3933
-4.0433,-3.5231
-4.0433,-4.8128
-4.0433,-4.4678
-4.0433,-4.4587
-4.0433,-4.0257
-4.0433,-3.9379
-2.9326,-3.1653
-2.9326,-3.4822
-2.9326,-3.5293
-2.9326,-2.8441
-2.9326,-2.3304
4.8844,5.5291
4.8844,4.469
4.8844,5.3807
4.8844,4.9465
4.8844,4.9499
4.8844,5.8583
4.8844,4.3298
4.8844,5.2198
4.8844,5.639
4.8844,4.5172
4.8844,4.0522
4.8844,4.6079
4.8844,5.3221
4.8844,3.9478
4.8844,4.378
4.8844,4.0887
4.8844,5.2276
4.8844,4.6511
4.8844,5.6843
4.8844,4.998
4.8844,5.2745
-6.0529,-5.9817
-6.0529,-5.5691
-6.0529,-5.0833
5.3221,4.469
5.3221,5.3807
5.3221,4.6441
5.3221,4.9465
5.3221,5.8646
5.3221,5.4462
5.3221,5.8583
5.3221,5.2198
5.3221,4.6079
5.3221,4.8844
5.3221,5.7047
5.3221,5.2276
5.3221,5.6843
5.3221,5.1407
5.3221,6.3019
-3.5293,-3.1653
-3.5293,-3.8603
-3.5293,-4.1283
-3.5293,-3.4822
-3.5293,-2.9326
-3.5293,-3.5231
-3.5293,-2.8441
-3.5293,-4.1112
-3.5293,-4.4587
-3.5293,-3.9379
-4.3521,-5.1641
-4.3521,-3.8099
-4.3521,-3.8897
-4.3521,-4.0097
-4.3521,-3.544
-4.3521,-4.6279
-4.3521,-4.4041
-4.3521,-4.5042
-4.3521,-4.8887
-4.3521,-4.0362
-5.0023,-4.6109
-5.0023,-5.7479
-5.0023,-4.2281
-5.0023,-4.6496
-5.0023,-5.1175
-5.0023,-5.3736
-5.0023,-4.3646
-5.0023,-5.8211
-5.0023,-4.6146
-5.0023,-4.992
-5.0023,-5.5849
-5.0023,-5.3968
-5.0023,-4.8621
-5.0023,-5.6137
-5.0023,-4.8128
-5.0023,-4.4678
-5.0023,-5.2158
-5.0023,-4.0257
-4.6146,-4.2281
-4.6146,-4.6496
-4.6146,-4.2516
-4.6146,-5.3854
-4.6146,-4.0268
-4.6146,-4.8712
-4.6146,-5.0023
-4.6146,-4.8947
-4.6146,-3.6675
-4.6146,-4.2888
-4.6146,-5.3968
-4.6146,-4.8621
-4.6146,-4.4678
-4.6146,-5.2158
-4.6146,-4.3145
-4.6146,-4.0257
5.6975,5.5291
5.6975,6.236
5.6975,5.3043
5.6975,4.9548
5.6975,4.9499
5.6975,5.7654
5.6975,5.8583
5.6975,6.2507
5.6975,6.0708
5.6975,5.639
5.6975,5.8959
5.6975,6.5803
5.6975,6.1827
5.6975,5.1878
5.6975,5.2276
5.6975,6.0319
5.6975,4.998
5.6975,5.5136
5.6975,5.2745
4.776,5.3043
4.776,4.1935
4.776,4.1254
4.776,4.9722
4.776,4.4936
4.776,5.4039
4.776,4.5084
4.776,5.5197
4.776,4.8674
4.776,5.1242
-5.6778,-5.7479
-5.6778,-5.9841
-5.6778,-5.1175
-5.6778,-5.1853
-5.6778,-5.2738
-5.6778,-6.474
-5.6778,-4.729
-5.6778,-4.992
-5.6778,-5.5849
-5.6778,-5.8762
-5.6778,-5.2153
6.1827,5.5291
6.1827,5.3807
6.1827,6.8192
6.1827,5.8583
6.1827,6.2507
6.1827,6.0708
6.1827,5.639
6.1827,6.1882
6.1827,6.5803
6.1827,6.6331
6.1827,5.6975
6.1827,6.5626
6.1827,5.2276
6.1827,5.6843
6.1827,6.0319
-4.5792,-4.6109
-4.5792,-4.1192
-4.5792,-4.1283
-4.5792,-5.1853
-4.5792,-4.6578
-4.5792,-5.2738
-4.5792,-4.729
-4.5792,-4.992
-4.5792,-4.1112
-4.5792,-4.4587
-4.5792,-5.2153
-4.5792,-3.9379
-4.4041,-3.8099
-4.4041,-3.8897
-4.4041,-4.9275
-4.4041,-4.0097
-4.4041,-3.544
-4.4041,-4.6279
-4.4041,-5.1581
-4.4041,-4.3521
-4.4041,-4.5042
-4.4041,-4.1999
-4.4041,-4.8887
-4.4041,-3.8298
4.5084,5.3043
4.5084,4.9548
4.5084,4.1935
4.5084,4.1254
4.5084,3.8917
4.5084,4.6817
4.5084,4.3768
4.5084,4.4936
4.5084,4.776
4.5084,4.0652
4.5084,4.8674
4.5084,5.1878
4.5084,5.1242
3.9478,4.469
3.9478,4.3298
3.9478,3.978
3.9478,4.5172
3.9478,4.0522
3.9478,4.6079
3.9478,4.8844
3.9478,3.9329
3.9478,4.378
3.9478,3.7051
3.9478,3.6081
3.9478,4.0887
3.9478,4.6511
3.9478,3.3632
-3.3933,-3.1653
-3.3933,-3.8603
-3.3933,-3.6545
-3.3933,-3.2818
-3.3933,-3.6445
-3.3933,-3.027
-3.3933,-4.3646
-3.3933,-4.0433
-3.3933,-3.5231
-3.3933,-2.8441
-3.3933,-2.8502
-3.3933,-4.0257
-4.8947,-4.2281
-4.8947,-5.5691
-4.8947,-4.6496
-4.8947,-4.2516
-4.8947,-5.3854
-4.8947,-4.0268
-4.8947,-4.8712
-4.8947,-4.6146
-4.8947,-4.2888
-4.8947,-5.3968
-4.8947,-4.8621
-4.8947,-5.2158
-4.8947,-5.0833
-4.8947,-4.3145
-3.5231,-3.1653
-3.5231,-3.8603
-3.5231,-4.1283
-3.5231,-3.6445
-3.5231,-3.027
-3.5231,-4.3646
-3.5231,-4.0433
-3.5231,-3.5293
-3.5231,-3.3933
-3.5231,-2.8441
-3.5231,-4.4587
-3.5231,-4.0257
-3.5231,-3.9379
-5.3034,-5.1853
-5.3034,-4.6578
-5.3034,-5.8762
-5.3034,-5.2153
3.9329,4.469
3.9329,3.3148
3.9329,4.6441
3.9329,4.3298
3.9329,4.0522
3.9329,4.6079
3.9329,3.9478
3.9329,3.5676
3.9329,3.6081
3.9329,4.3386
5.7047,4.9465
5.7047,5.8646
5.7047,5.4462
5.7047,5.2198
5.7047,6.1882
5.7047,5.3221
5.7047,6.3293
5.7047,5.6843
5.7047,5.1407
5.7047,6.3019
-3.6675,-3.6709
-3.6675,-4.2281
-3.6675,-3.133
-3.6675,-3.6545
-3.6675,-3.2818
-3.6675,-3.6445
-3.6675,-4.2516
-3.6675,-4.0268
-3.6675,-4.6146
-3.6675,-4.2888
-3.6675,-4.0257
-3.6675,-3.1225
6.5626,5.8646
6.5626,7.239
6.5626,6.8192
6.5626,5.8583
6.5626,6.1882
6.5626,6.9322
6.5626,6.6331
6.5626,6.1827
6.5626,5.6843
6.5626,6.0319
6.5626,6.3019
-2.7417,-3.5093
-2.7417,-3.0598
-2.7417,-3.3986
-2.7417,-2.2612
-4.992,-4.6109
-4.992,-5.7479
-4.992,-5.9841
-4.992,-4.1283
-4.992,-5.1175
-4.992,-5.1853
-4.992,-5.3736
-4.992,-5.2738
-4.992,-4.3646
-4.992,-4.729
-4.992,-5.0023
-4.992,-5.6778
-4.992,-4.5792
-4.992,-5.5849
-4.992,-4.8128
-4.992,-4.4678
-4.992,-4.4587
-5.5849,-4.6109
-5.5849,-6.0764
-5.5849,-5.7479
-5.5849,-5.9841
-5.5849,-5.1175
-5.5849,-5.1853
-5.5849,-5.3736
-5.5849,-5.2738
-5.5849,-5.0023
-5.5849,-5.6778
-5.5849,-4.992
-5.5849,-5.6137
-5.5849,-4.8128
-5.5849,-6.229
6.3293,5.8646
6.3293,5.4462
6.3293,6.9322
6.3293,5.7047
6.3293,6.3019
-2.8441,-2.276
-2.8441,-3.1653
-2.8441,-3.027
-2.8441,-2.9326
-2.8441,-3.5293
-2.8441,-3.3933
-2.8441,-3.5231
-2.8441,-2.8502
-2.8441,-2.3304
5.5197,6.236
5.5197,5.3043
5.5197,4.9548
5.5197,5.7654
5.5197,5.9833
5.5197,6.0708
5.5197,5.8959
5.5197,5.4039
5.5197,4.776
5.5197,4.8674
5.5197,5.1878
5.5197,5.1242
5.5197,6.0026
5.5197,6.5256
5.5197,5.5136
4.0652,3.3334
4.0652,3.6788
4.0652,4.9548
4.0652,4.1935
4.0652,3.8917
4.0652,3.3265
4.0652,3.978
4.0652,3.5051
4.0652,4.6817
4.0652,4.3768
4.0652,4.4936
4.0652,4.5084
4.0652,4.8674
4.0652,4.378
-4.2888,-3.6709
-4.2888,-4.2281
-4.2888,-4.2516
-4.2888,-3.8157
-4.2888,-4.0268
-4.2888,-4.8712
-4.2888,-4.6146
-4.2888,-4.8947
-4.2888,-3.6675
-4.2888,-4.8621
-4.2888,-4.3145
-5.3968,-6.0764
-5.3968,-5.9817
-5.3968,-5.5691
-5.3968,-4.6496
-5.3968,-5.3854
-5.3968,-5.3736
-5.3968,-5.8211
-5.3968,-4.8712
-5.3968,-5.0023
-5.3968,-4.6146
-5.3968,-4.8947
-5.3968,-4.8621
-5.3968,-5.6137
-5.3968,-5.2158
4.8674,5.3043
4.8674,4.9548
4.8674,4.1935
4.8674,3.8917
4.8674,4.9499
4.8674,5.7654
4.8674,4.6817
4.8674,4.3768
4.8674,4.4936
4.8674,5.4039
4.8674,4.776
4.8674,4.5084
4.8674,5.5197
4.8674,4.0652
4.8674,5.1878
4.8674,5.1242
4.8674,5.5136
-4.1112,-4.1192
-4.1112,-4.1283
-4.1112,-4.6578
-4.1112,-3.4822
-4.1112,-4.729
-4.1112,-3.5293
-4.1112,-4.5792
-4.1112,-4.4587
-4.1112,-3.9379
-6.644,-5.7479
-6.644,-5.9841
-6.644,-6.8335
-6.644,-6.474
-6.644,-6.229
4.378,3.6788
4.378,4.9548
4.378,4.9499
4.378,4.3298
4.378,3.978
4.378,4.6817
4.378,4.3768
4.378,4.5172
4.378,4.6079
4.378,4.4936
4.378,4.8844
4.378,3.9478
4.378,4.0652
4.378,3.7051
4.378,5.1878
4.378,4.0887
4.378,5.2276
4.378,4.6511
4.378,4.998
4.378,5.2745
3.7051,2.7775
3.7051,3.6788
3.7051,3.3265
3.7051,4.3298
3.7051,3.978
3.7051,4.3768
3.7051,4.5172
3.7051,3.9478
3.7051,4.378
3.7051,3.6081
3.7051,4.0887
3.7051,4.6511
3.7051,3.3632
-3.1646,-2.7861
-3.1646,-3.3615
-3.1646,-3.2974
-3.1646,-3.844
-3.1646,-2.4948
-3.1646,-3.8298
-3.1646,-3.4192
-2.7068,-3.0598
-2.7068,-2.1325
-2.7068,-3.544
-2.7068,-2.7861
-2.7068,-3.2974
-2.7068,-2.2612
-2.7068,-3.1518
5.1878,5.5291
5.1878,5.3043
5.1878,4.9548
5.1878,4.9499
5.1878,5.7654
5.1878,6.0708
5.1878,5.639
5.1878,4.6817
5.1878,4.3768
5.1878,5.8959
5.1878,4.4936
5.1878,5.6975
5.1878,4.5084
5.1878,5.5197
5.1878,4.8674
5.1878,4.378
5.1878,5.1242
5.1878,5.2276
5.1878,4.6511
5.1878,4.998
5.1878,5.5136
5.1878,5.2745
3.5676,3.3148
3.5676,3.9329
3.5676,4.3386
-4.8621,-4.2281
-4.8621,-4.6496
-4.8621,-4.2516
-4.8621,-5.3854
-4.8621,-4.0268
-4.8621,-5.3736
-4.8621,-5.8211
-4.8621,-4.8712
-4.8621,-5.0023
-4.8621,-4.6146
-4.8621,-4.8947
-4.8621,-4.2888
-4.8621,-5.3968
-4.8621,-5.6137
-4.8621,-4.8128
-4.8621,-4.4678
-4.8621,-5.2158
-4.8621,-4.0257
-5.8762,-5.9841
-5.8762,-5.1853
-5.8762,-5.2738
-5.8762,-6.474
-5.8762,-5.6778
-5.8762,-5.3034
-5.8762,-5.2153
-4.5042,-3.8099
-4.5042,-4.9275
-4.5042,-4.0097
-4.5042,-5.1064
-4.5042,-5.1581
-4.5042,-4.3521
-4.5042,-4.4041
-4.5042,-4.4533
-4.5042,-4.1999
-4.5042,-4.8887
-4.5042,-3.8298
-4.4533,-4.9275
-4.4533,-5.1064
-4.4533,-5.1184
-4.4533,-4.2461
-4.4533,-3.844
-4.4533,-4.5042
-4.4533,-4.1999
-4.4533,-3.8298
-2.2612,-3.0598
-2.2612,-2.1325
-2.2612,-2.7417
-2.2612,-2.7068
-2.2612,-3.1518
-5.6137,-6.0764
-5.6137,-5.7479
-5.6137,-5.9817
-5.6137,-4.6496
-5.6137,-5.1175
-5.6137,-5.3854
-5.6137,-5.3736
-5.6137,-5.8211
-5.6137,-5.0023
-5.6137,-5.5849
-5.6137,-5.3968
-5.6137,-4.8621
-5.6137,-4.8128
-5.6137,-5.2158
-5.6137,-6.229
-5.6137,-6.4521
-4.8128,-4.6109
-4.8128,-5.7479
-4.8128,-4.2281
-4.8128,-4.1283
-4.8128,-4.6496
-4.8128,-5.1175
-4.8128,-5.3736
-4.8128,-5.2738
-4.8128,-4.3646
-4.8128,-4.729
-4.8128,-4.0433
-4.8128,-5.0023
-4.8128,-4.992
-4.8128,-5.5849
-4.8128,-4.8621
-4.8128,-5.6137
-4.8128,-4.4678
-4.8128,-4.4587
-4.8128,-5.2158
-4.8128,-4.0257
-4.1999,-3.8099
-4.1999,-4.9275
-4.1999,-4.0097
-4.1999,-5.1064
-4.1999,-3.3615
-4.1999,-3.2974
-4.1999,-3.844
-4.1999,-4.4041
-4.1999,-4.5042
-4.1999,-4.4533
-4.1999,-3.8298
3.6081,4.469
3.6081,3.3148
3.6081,4.3298
3.6081,2.9571
3.6081,4.0522
3.6081,4.6079
3.6081,3.9478
3.6081,3.9329
3.6081,3.7051
3.6081,4.0887
3.6081,3.3632
5.1242,5.3043
5.1242,4.9548
5.1242,4.1935
5.1242,5.7654
5.1242,5.9833
5.1242,4.9722
5.1242,5.8959
5.1242,4.4936
5.1242,5.4039
5.1242,4.776
5.1242,4.5084
5.1242,5.5197
5.1242,4.8674
5.1242,5.1878
5.1242,6.0026
5.1242,5.5136
4.0887,3.6788
4.0887,4.9499
4.0887,3.3265
4.0887,4.3298
4.0887,3.978
4.0887,4.6817
4.0887,4.3768
4.0887,4.5172
4.0887,4.0522
4.0887,4.6079
4.0887,4.8844
4.0887,3.9478
4.0887,4.378
4.0887,3.7051
4.0887,3.6081
4.0887,4.6511
4.0887,3.3632
4.0887,4.998
-4.4678,-4.6109
-4.4678,-4.2281
-4.4678,-3.8603
-4.4678,-3.6545
-4.4678,-4.1283
-4.4678,-3.6445
-4.4678,-4.6496
-4.4678,-5.1175
-4.4678,-4.0268
-4.4678,-5.3736
-4.4678,-4.3646
-4.4678,-4.0433
-4.4678,-5.0023
-4.4678,-4.6146
-4.4678,-4.992
-4.4678,-4.8621
-4.4678,-4.8128
-4.4678,-4.4587
-4.4678,-5.2158
-4.4678,-4.0257
6.0026,6.236
6.0026,5.3043
6.0026,5.7654
6.0026,5.9833
6.0026,6.6842
6.0026,5.8959
6.0026,5.4039
6.0026,5.5197
6.0026,5.1242
6.0026,6.5256
6.0026,6.7749
5.2276,5.5291
5.2276,5.3807
5.2276,4.9465
5.2276,4.9499
5.2276,5.8583
5.2276,4.3298
5.2276,5.2198
5.2276,5.639
5.2276,4.5172
5.2276,4.6079
5.2276,4.8844
5.2276,5.3221
5.2276,5.6975
5.2276,6.1827
5.2276,4.378
5.2276,5.1878
5.2276,4.6511
5.2276,5.6843
5.2276,6.0319
5.2276,4.998
5.2276,5.2745
4.6511,5.5291
4.6511,5.3807
4.6511,4.9548
4.6511,4.9499
4.6511,4.3298
4.6511,3.978
4.6511,5.639
4.6511,4.6817
4.6511,4.3768
4.6511,4.5172
4.6511,4.6079
4.6511,4.8844
4.6511,3.9478
4.6511,4.378
4.6511,3.7051
4.6511,5.1878
4.6511,4.0887
4.6511,5.2276
4.6511,4.998
4.6511,5.2745
6.5256,6.236
6.5256,5.7654
6.5256,5.9833
6.5256,6.6842
6.5256,6.0708
6.5256,5.8959
6.5256,6.5803
6.5256,7.1529
6.5256,5.5197
6.5256,6.0026
6.5256,6.7749
-4.4587,-4.6109
-4.4587,-3.8603
-4.4587,-4.1283
-4.4587,-5.1175
-4.4587,-5.1853
-4.4587,-5.2738
-4.4587,-4.3646
-4.4587,-4.729
-4.4587,-4.0433
-4.4587,-3.5293
-4.4587,-4.5792
-4.4587,-3.5231
-4.4587,-4.992
-4.4587,-4.1112
-4.4587,-4.8128
-4.4587,-4.4678
-4.4587,-3.9379
-6.6573,-5.9817
-6.6573,-5.8211
-6.6573,-6.4521
3.3632,2.7775
3.3632,3.6788
3.3632,3.3265
3.3632,3.978
3.3632,2.9571
3.3632,3.9478
3.3632,3.7051
3.3632,3.6081
3.3632,4.0887
-5.5966,-4.9275
-5.5966,-5.1064
-5.5966,-5.1581
-5.5966,-6.1232
-5.5966,-5.8759
-5.5966,-5.6412
-2.4948,-2.1325
-2.4948,-2.7861
-2.4948,-3.3615
-2.4948,-3.1646
5.6843,5.5291
5.6843,5.3807
5.6843,4.9465
5.6843,5.8646
5.6843,5.8583
5.6843,5.2198
5.6843,5.639
5.6843,6.1882
5.6843,4.8844
5.6843,5.3221
5.6843,6.1827
5.6843,5.7047
5.6843,6.5626
5.6843,5.2276
5.6843,6.3019
-6.1232,-5.1581
-6.1232,-5.5966
-6.1232,-5.8759
-6.1232,-5.6412
-4.8887,-5.1641
-4.8887,-4.9275
-4.8887,-4.0097
-4.8887,-4.6279
-4.8887,-5.1581
-4.8887,-4.3521
-4.8887,-4.4041
-4.8887,-4.5042
-4.8887,-5.6412
5.1407,4.469
5.1407,4.6441
5.1407,4.9465
5.1407,5.8646
5.1407,4.5886
5.1407,5.4462
5.1407,5.2198
5.1407,5.3221
5.1407,5.7047
5.1407,4.3386
6.7749,7.2971
6.7749,6.236
6.7749,6.8192
6.7749,6.2507
6.7749,6.0708
6.7749,5.8959
6.7749,6.5803
6.7749,7.1529
6.7749,6.0026
6.7749,6.5256
-5.2153,-5.1853
-5.2153,-4.6578
-5.2153,-5.2738
-5.2153,-4.729
-5.2153,-5.6778
-5.2153,-4.5792
-5.2153,-5.3034
-5.2153,-5.8762
6.0319,5.5291
6.0319,6.236
6.0319,5.3807
6.0319,5.7654
6.0319,6.8192
6.0319,5.8583
6.0319,6.2507
6.0319,6.0708
6.0319,5.639
6.0319,6.1882
6.0319,6.5803
6.0319,6.6331
6.0319,5.6975
6.0319,6.1827
6.0319,6.5626
6.0319,5.2276
6.0319,5.5136
6.0319,5.2745
-5.8759,-5.1064
-5.8759,-5.1184
-5.8759,-5.5966
-5.8759,-6.1232
-5.2158,-6.0764
-5.2158,-5.7479
-5.2158,-4.2281
-5.2158,-5.9817
-5.2158,-4.6496
-5.2158,-5.1175
-5.2158,-5.3854
-5.2158,-5.3736
-5.2158,-5.8211
-5.2158,-5.0023
-5.2158,-4.6146
-5.2158,-4.8947
-5.2158,-5.3968
-5.2158,-4.8621
-5.2158,-5.6137
-5.2158,-4.8128
-5.2158,-4.4678
-6.229,-6.0764
-6.229,-5.7479
-6.229,-5.9841
-6.229,-6.8335
-6.229,-5.3736
-6.229,-5.8211
-6.229,-5.5849
-6.229,-6.644
-6.229,-5.6137
-6.229,-6.4521
-6.4521,-6.0764
-6.4521,-5.9817
-6.4521,-6.8335
-6.4521,-5.8211
-6.4521,-5.6137
-6.4521,-6.6573
-6.4521,-6.229
-3.1518,-3.8099
-3.1518,-3.8897
-3.1518,-3.0598
-3.1518,-4.0097
-3.1518,-3.544
-3.1518,-2.7861
-3.1518,-3.3986
-3.1518,-3.3615
-3.1518,-3.2974
-3.1518,-2.7068
-3.1518,-2.2612
-3.1518,-3.8298
6.3019,5.8646
6.3019,5.8583
6.3019,6.1882
6.3019,6.9322
6.3019,5.3221
6.3019,5.7047
6.3019,6.5626
6.3019,6.3293
6.3019,5.6843
-4.0362,-3.5093
-4.0362,-3.8897
-4.0362,-4.3893
-4.0362,-3.544
-4.0362,-4.6279
-4.0362,-3.3986
-4.0362,-4.3521
-5.0833,-5.5691
-5.0833,-5.3854
-5.0833,-4.8712
-5.0833,-6.0529
-5.0833,-4.8947
-5.0833,-4.3145
-2.8502,-2.276
-2.8502,-3.6545
-2.8502,-2.5897
-2.8502,-3.2818
-2.8502,-3.6445
-2.8502,-3.027
-2.8502,-3.3933
-2.8502,-2.8441
-2.8502,-3.1225
-4.3145,-3.6709
-4.3145,-4.2516
-4.3145,-3.8157
-4.3145,-4.8712
-4.3145,-4.6146
-4.3145,-4.8947
-4.3145,-4.2888
-4.3145,-5.0833
4.998,5.5291
4.998,5.3807
4.998,4.9548
4.998,4.9465
4.998,4.9499
4.998,5.8583
4.998,4.3298
4.998,5.2198
4.998,5.639
4.998,4.6817
4.998,4.3768
4.998,4.5172
4.998,4.6079
4.998,4.8844
4.998,5.6975
4.998,4.378
4.998,5.1878
4.998,4.0887
4.998,5.2276
4.998,4.6511
4.998,5.5136
4.998,5.2745
-4.0257,-4.6109
-4.0257,-4.2281
-4.0257,-3.8603
-4.0257,-3.6545
-4.0257,-3.2818
-4.0257,-4.1283
-4.0257,-3.6445
-4.0257,-4.6496
-4.0257,-4.2516
-4.0257,-4.0268
-4.0257,-4.3646
-4.0257,-4.0433
-4.0257,-5.0023
-4.0257,-4.6146
-4.0257,-3.3933
-4.0257,-3.5231
-4.0257,-3.6675
-4.0257,-4.8621
-4.0257,-4.8128
-4.0257,-4.4678
5.778,5.9833
5.778,6.6842
5.778,4.9722
5.778,5.4039
-3.8298,-3.8099
-3.8298,-4.0097
-3.8298,-3.544
-3.8298,-3.3615
-3.8298,-3.2974
-3.8298,-3.844
-3.8298,-4.4041
-3.8298,-3.1646
-3.8298,-4.5042
-3.8298,-4.4533
-3.8298,-4.1999
-3.8298,-3.1518
-5.6412,-5.1641
-5.6412,-5.1581
-5.6412,-5.5966
-5.6412,-6.1232
-5.6412,-4.8887
-3.4192,-3.3615
-3.4192,-4.2461
-3.4192,-3.844
-3.4192,-3.1646
5.5136,5.5291
5.5136,6.236
5.5136,5.3043
5.5136,4.9548
5.5136,4.9499
5.5136,5.7654
5.5136,6.2507
5.5136,6.0708
5.5136,5.639
5.5136,4.6817
5.5136,5.8959
5.5136,5.6975
5.5136,5.5197
5.5136,4.8674
5.5136,5.1878
5.5136,5.1242
5.5136,6.0319
5.5136,4.998
5.5136,5.2745
4.3386,4.469
4.3386,4.6441
4.3386,4.9465
4.3386,4.5886
4.3386,4.0522
4.3386,3.9329
4.3386,3.5676
4.3386,5.1407
-3.1225,-3.6709
-3.1225,-3.133
-3.1225,-3.6545
-3.1225,-2.5897
-3.1225,-3.2818
-3.1225,-4.0268
-3.1225,-3.6675
-3.1225,-2.8502
-3.9379,-4.6109
-3.9379,-3.1653
-3.9379,-3.8603
-3.9379,-4.1283
-3.9379,-3.4822
-3.9379,-4.3646
-3.9379,-4.729
-3.9379,-4.0433
-3.9379,-3.5293
-3.9379,-4.5792
-3.9379,-3.5231
-3.9379,-4.1112
-3.9379,-4.4587
5.2745,5.5291
5.2745,5.3043
5.2745,5.3807
5.2745,4.9548
5.2745,4.9499
5.2745,5.7654
5.2745,5.8583
5.2745,6.2507
5.2745,6.0708
5.2745,5.639
5.2745,4.6817
5.2745,4.3768
5.2745,4.5172
5.2745,4.8844
5.2745,5.6975
5.2745,4.378
5.2745,5.1878
5.2745,5.2276
5.2745,4.6511
5.2745,6.0319
5.2745,4.998
5.2745,5.5136
-2.3304,-2.276
-2.3304,-3.1653
-2.3304,-2.9326
-2.3304,-2.8441
