0.12198,-0.36086
0.12198,0.45205
0.12198,1.0271
0.12198,-0.33257
0.12198,0.56173
0.12198,0.81964
0.12198,-0.014913
0.12198,0.61319
0.12198,-0.24425
0.12198,-0.5064
0.12198,0.53042
0.12198,-0.0673
0.12198,0.8414
0.12198,-0.2453
0.12198,0.083335
0.12198,-0.71038
0.12198,0.23454
0.12198,0.059364
0.12198,0.84945
0.12198,0.37353
-7.8804,-7.568
-7.8804,-7.4029
-7.8804,-7.8948
-7.8804,-7.1799
-6.2191,-6.7708
-6.2191,-6.819
-6.2191,-5.4657
-6.2191,-6.5006
-6.2191,-5.8915
-6.2191,-5.9318
-6.2191,-5.868
-6.18,-6.88
-6.18,-6.2733
-6.18,-6.7433
-6.18,-5.8014
-6.18,-6.2383
-6.18,-6.5006
-6.18,-5.8915
-6.18,-5.523
-6.18,-5.3536
-6.18,-6.5839
-6.18,-5.7581
0.9846,0.58685
0.9846,1.2496
0.9846,0.25437
0.9846,0.377
0.9846,1.6114
0.9846,0.75728
0.9846,0.60951
0.9846,0.88847
-1.1655,-1.3546
-1.1655,-1.5058
-1.1655,-1.0712
-1.1655,-0.6225
-1.1655,-0.86489
-1.1655,-0.24425
-1.1655,-0.99102
-1.1655,-0.75981
-1.1655,-0.5064
-1.1655,-0.47643
-1.1655,-1.475
-1.1655,-0.81145
-1.1655,-1.8313
-0.13187,0.25437
-0.13187,0.75728
-0.13187,-0.95099
-0.13187,-0.09998
-0.13187,-0.31614
-6.88,-6.18
-6.88,-7.1702
-6.88,-6.2733
-6.88,-6.7433
-6.88,-6.819
-6.88,-7.4029
-6.88,-6.5006
-6.88,-5.8915
-6.88,-7.1799
0.79757,-0.060392
0.79757,0.49784
0.79757,0.86605
0.79757,1.7239
0.79757,0.096381
0.79757,1.2934
0.58685,0.9846
0.58685,1.2496
0.58685,0.25437
0.58685,0.377
0.58685,0.75728
0.58685,0.60951
0.58685,1.0503
0.58685,0.88847
0.58685,0.18163
0.58685,-0.09998
0.58685,-0.11327
0.58685,-0.31614
1.2401,1.2893
1.2401,1.0271
1.2401,0.49784
1.2401,0.56173
1.2401,0.81964
1.2401,1.4314
1.2401,0.86605
1.2401,0.53042
1.2401,1.6914
1.2401,1.8217
1.2401,1.7671
1.2401,1.2934
1.2401,0.84945
-6.7708,-6.2191
-6.7708,-7.568
-6.7708,-6.819
-6.7708,-5.868
-7.1702,-6.88
-7.1702,-6.7433
-7.1702,-7.4029
-7.1702,-6.2383
-7.1702,-7.8948
-7.1702,-6.827
-7.1702,-7.5064
-7.1702,-6.5839
0.9922,0.64398
0.9922,1.9465
0.9922,1.8016
0.9922,1.3904
0.9922,0.30771
0.9922,1.7273
0.9922,1.4255
0.9922,1.0669
0.9922,0.66124
0.9922,1.2555
3.0319,3.0445
3.0319,3.3062
3.0319,2.1036
3.0319,2.8917
3.0319,2.5161
3.0319,3.4064
3.0319,2.7645
3.0319,3.6586
3.0319,2.7044
3.0319,2.2896
3.0319,3.9657
3.0319,3.2402
3.0319,3.0558
3.0319,2.669
3.0319,2.432
3.0319,3.4336
3.0319,2.3271
3.0319,3.6363
1.2893,1.2401
1.2893,0.9829
1.2893,0.45205
1.2893,1.0271
1.2893,0.81964
1.2893,0.61319
1.2893,1.4314
1.2893,1.0503
1.2893,2.192
1.2893,0.53042
1.2893,1.9611
1.2893,1.4874
1.2893,1.6914
1.2893,1.3808
1.2893,0.8414
1.2893,1.7432
1.2893,1.8217
1.2893,0.84945
1.2893,0.37353
-1.3546,-1.1655
-1.3546,-0.95099
-1.3546,-0.99102
-1.3546,-1.475
-1.3546,-2.14
-1.3546,-0.81145
2.2575,1.5051
2.2575,2.4709
2.2575,2.8579
2.2575,2.0112
2.2575,3.1284
-0.36086,0.12198
-0.36086,-1.0712
-0.36086,-1.0162
-0.36086,0.45205
-0.36086,-0.33257
-0.36086,-0.86489
-0.36086,-0.014913
-0.36086,-0.54529
-0.36086,-0.24425
-0.36086,-0.75981
-0.36086,-0.5064
-0.36086,-1.0783
-0.36086,0.53042
-0.36086,-0.0673
-0.36086,-0.2453
-0.36086,0.083335
-0.36086,-0.71038
-0.36086,0.23454
-0.36086,0.059364
-0.36086,0.37353
3.2547,3.0445
3.2547,2.4709
3.2547,3.7794
3.2547,3.687
3.2547,2.6319
3.2547,3.061
3.2547,2.8579
3.2547,3.6363
3.2547,3.1284
-5.2277,-4.6783
-5.2277,-5.4657
-5.2277,-5.8915
-5.2277,-5.523
-5.2277,-4.9442
-5.2277,-5.3536
-5.2277,-4.9331
-5.2277,-5.9318
-6.2733,-6.18
-6.2733,-6.88
-6.2733,-6.7433
-6.2733,-6.2383
-6.2733,-6.5006
-6.2733,-5.8915
-6.2733,-5.523
-6.2733,-5.9318
-6.2733,-6.5839
-6.2733,-5.7581
2.3611,2.7561
2.3611,1.5739
2.3611,3.2797
2.3611,2.4984
2.3611,2.5161
2.3611,1.9372
2.3611,3.0558
2.3611,1.6938
2.3611,3.1716
2.3611,2.2834
2.3611,2.038
2.3611,2.8237
2.3611,2.0722
2.7561,2.3611
2.7561,3.2797
2.7561,2.8917
2.7561,2.5161
2.7561,3.4064
2.7561,1.9372
2.7561,2.2896
2.7561,3.6612
2.7561,3.2402
2.7561,3.0558
2.7561,3.1716
2.7561,2.2834
2.7561,2.669
2.7561,2.038
2.7561,2.8237
0.9829,1.2893
0.9829,0.45205
0.9829,1.0271
0.9829,0.61319
0.9829,0.60951
0.9829,1.0503
0.9829,0.53042
0.9829,1.9611
0.9829,1.4874
0.9829,1.6914
0.9829,0.88847
0.9829,1.3808
0.9829,0.18163
0.9829,0.8414
0.9829,1.7432
0.9829,0.083335
0.9829,0.059364
0.9829,0.84945
0.9829,0.37353
2.0044,1.9465
2.0044,1.8016
2.0044,2.3264
2.0044,2.1036
2.0044,1.3904
2.0044,1.7273
2.0044,2.7645
2.0044,2.7044
2.0044,2.2896
2.0044,1.5916
2.0044,1.4255
2.0044,1.0669
2.0044,1.7971
2.0044,2.669
2.0044,2.432
2.0044,2.038
2.0044,2.3271
-6.643,-6.1779
-6.643,-6.827
-6.643,-7.5064
-6.643,-5.6996
1.7695,2.2837
1.7695,1.2496
1.7695,1.6114
1.7695,1.0503
1.7695,1.9611
1.7695,1.4874
1.7695,0.88847
1.7695,1.3808
1.7695,1.7432
4.6889,4.4577
4.6889,4.3077
4.6889,3.9657
4.6889,4.0848
-1.5058,-1.1655
-1.5058,-1.0712
-1.5058,-2.1598
-1.5058,-0.6225
-1.5058,-0.86489
-1.5058,-0.99102
-1.5058,-0.75981
-1.5058,-1.0783
-1.5058,-1.475
-1.5058,-1.5823
-1.5058,-1.8313
1.5739,2.3611
1.5739,1.1334
1.5739,1.3917
1.5739,1.9372
1.5739,0.78747
1.5739,1.6938
1.5739,2.2834
1.5739,1.5193
1.5739,2.038
1.5739,2.0722
2.2837,1.7695
2.2837,1.6114
2.2837,2.6601
2.2837,1.9611
2.2837,1.4874
0.64398,0.9922
0.64398,0.30771
0.64398,1.4255
0.64398,1.2555
3.0445,3.0319
3.0445,3.2547
3.0445,3.3062
3.0445,2.3264
3.0445,2.4709
3.0445,2.7645
3.0445,2.7044
3.0445,3.687
3.0445,2.6319
3.0445,3.061
3.0445,2.432
3.0445,3.4336
3.0445,2.3271
3.0445,3.6363
-1.0712,-1.1655
-1.0712,-0.36086
-1.0712,-1.5058
-1.0712,-0.6225
-1.0712,-0.86489
-1.0712,-0.24425
-1.0712,-0.99102
-1.0712,-0.75981
-1.0712,-0.5064
-1.0712,-1.0783
-1.0712,-0.2453
-1.0712,-0.71038
-1.0712,-1.5823
-1.0712,-1.8313
-1.0162,-0.36086
-1.0162,-0.33257
-1.0162,-0.86489
-1.0162,-0.54529
-1.0162,-1.0783
-1.0162,-0.0673
-1.0162,-1.3966
-1.0162,-0.35941
-1.0162,-1.6936
-1.0162,-0.71038
-1.0162,-1.5823
-1.0162,-1.0525
1.2496,0.9846
1.2496,0.58685
1.2496,1.7695
1.2496,0.377
1.2496,1.6114
1.2496,0.60951
1.2496,1.0503
1.2496,1.4874
1.2496,0.88847
1.2496,1.3808
-2.1598,-1.5058
-2.1598,-2.1028
-2.1598,-1.5823
-2.1598,-1.8313
0.45205,0.12198
0.45205,1.2893
0.45205,-0.36086
0.45205,0.9829
0.45205,1.0271
0.45205,0.377
0.45205,-0.014913
0.45205,0.61319
0.45205,0.60951
0.45205,-0.24425
0.45205,1.0503
0.45205,-0.5064
0.45205,0.53042
0.45205,1.3808
0.45205,0.18163
0.45205,0.8414
0.45205,-0.2453
0.45205,0.083335
0.45205,0.059364
0.45205,0.84945
0.45205,0.37353
1.1334,1.5739
1.1334,1.3917
1.1334,1.9372
1.1334,0.83828
1.1334,0.78747
1.1334,1.2658
1.1334,1.6938
1.1334,1.7971
1.1334,2.038
1.1334,0.48961
0.25437,0.9846
0.25437,-0.13187
0.25437,0.58685
0.25437,0.377
0.25437,0.75728
0.25437,-0.47643
0.25437,0.88847
0.25437,-0.09998
0.25437,-0.11327
0.25437,-0.31614
1.9465,0.9922
1.9465,2.0044
1.9465,1.8016
1.9465,2.3264
1.9465,2.1036
1.9465,1.3904
1.9465,1.7273
1.9465,2.4709
1.9465,2.7044
1.9465,2.6319
1.9465,1.4255
1.9465,2.432
1.9465,2.0112
1.9465,2.3271
1.9465,1.2555
-2.1028,-2.1598
-2.1028,-1.3966
-2.1028,-1.6936
-2.1028,-1.5823
-0.060392,0.79757
-0.060392,0.49784
-0.060392,-0.87305
-0.060392,0.096381
-0.060392,-0.35941
1.5051,2.2575
1.5051,1.8016
1.5051,2.0112
1.5051,1.2555
1.0271,0.12198
1.0271,1.2401
1.0271,1.2893
1.0271,0.9829
1.0271,0.45205
1.0271,0.56173
1.0271,0.81964
1.0271,1.4314
1.0271,0.86605
1.0271,0.53042
1.0271,1.6914
1.0271,1.3808
1.0271,0.8414
1.0271,1.7432
1.0271,1.8217
1.0271,0.23454
1.0271,0.84945
1.0271,0.37353
3.2797,2.3611
3.2797,2.7561
3.2797,2.8917
3.2797,3.8921
3.2797,2.5161
3.2797,3.4064
3.2797,3.8098
3.2797,3.6612
3.2797,3.0558
3.2797,3.1716
3.2797,4.0837
3.2797,2.8237
-4.6783,-5.2277
-4.6783,-5.4657
-4.6783,-4.2314
-4.6783,-5.523
-4.6783,-4.9442
-4.6783,-4.9331
-4.6783,-4.2287
-7.568,-7.8804
-7.568,-6.7708
-7.568,-6.819
-7.568,-7.1799
1.8016,0.9922
1.8016,2.0044
1.8016,1.9465
1.8016,1.5051
1.8016,2.3264
1.8016,1.7273
1.8016,2.4709
1.8016,2.6319
1.8016,1.4255
1.8016,2.0112
1.8016,2.3271
1.8016,1.2555
0.49784,0.79757
0.49784,1.2401
0.49784,-0.060392
0.49784,0.56173
0.49784,0.81964
0.49784,0.86605
0.49784,0.096381
0.49784,-0.0673
0.49784,-0.35941
0.49784,1.2934
0.49784,0.23454
-6.7433,-6.18
-6.7433,-6.88
-6.7433,-7.1702
-6.7433,-6.2733
-6.7433,-7.4029
-6.7433,-6.2383
-6.7433,-6.5006
-6.7433,-6.827
-6.7433,-6.5839
-6.7433,-7.1799
-0.33257,0.12198
-0.33257,-0.36086
-0.33257,-1.0162
-0.33257,0.56173
-0.33257,-0.86489
-0.33257,-0.014913
-0.33257,-0.54529
-0.33257,0.096381
-0.33257,-0.5064
-0.33257,-1.0783
-0.33257,0.53042
-0.33257,-0.0673
-0.33257,-0.35941
-0.33257,-0.2453
-0.33257,-0.71038
-0.33257,0.23454
-0.33257,-1.0525
-0.33257,0.059364
-0.33257,0.37353
2.4984,2.3611
2.4984,3.1716
2.4984,1.5193
2.4984,2.8237
2.4984,2.0722
3.3062,3.0319
3.3062,3.0445
3.3062,2.7645
3.3062,3.6586
3.3062,2.7044
3.3062,3.687
3.3062,3.9657
3.3062,2.6319
3.3062,3.061
3.3062,3.2402
3.3062,4.0848
3.3062,2.669
3.3062,2.432
3.3062,3.4336
3.3062,2.3271
3.3062,3.6363
2.3264,2.0044
2.3264,3.0445
2.3264,1.9465
2.3264,1.8016
2.3264,2.1036
2.3264,1.7273
2.3264,2.4709
2.3264,2.7645
2.3264,2.7044
2.3264,2.6319
2.3264,3.061
2.3264,1.4255
2.3264,2.8579
2.3264,2.432
2.3264,2.0112
2.3264,2.3271
2.2897,2.482
2.2897,1.4314
2.2897,2.192
2.2897,1.6914
2.2897,1.7432
2.2897,1.8217
2.2897,1.7671
2.2897,2.8541
-6.819,-6.2191
-6.819,-6.88
-6.819,-6.7708
-6.819,-7.568
-6.819,-6.5006
-6.819,-5.9318
-6.819,-7.1799
-0.6225,-1.1655
-0.6225,-1.5058
-0.6225,-1.0712
-0.6225,-0.86489
-0.6225,-0.24425
-0.6225,-0.99102
-0.6225,-0.75981
-0.6225,-0.5064
-0.6225,-0.47643
-0.6225,-1.475
-0.6225,0.18163
-0.6225,-0.09998
-0.6225,-0.81145
-0.6225,-0.11327
-0.6225,-0.2453
-0.6225,0.083335
-0.6225,0.059364
0.377,0.9846
0.377,0.58685
0.377,1.2496
0.377,0.45205
0.377,0.25437
0.377,0.61319
0.377,0.60951
0.377,-0.24425
0.377,1.0503
0.377,-0.47643
0.377,0.88847
0.377,0.18163
0.377,-0.09998
0.377,-0.11327
0.377,0.083335
0.377,-0.31614
2.482,2.2897
2.482,1.7239
2.482,1.8217
2.482,1.7671
2.482,2.8541
-6.1779,-6.643
-6.1779,-5.8014
-6.1779,-6.2383
-6.1779,-5.4253
-6.1779,-6.827
-6.1779,-5.6996
-6.1779,-6.5839
0.56173,0.12198
0.56173,1.2401
0.56173,1.0271
0.56173,0.49784
0.56173,-0.33257
0.56173,0.81964
0.56173,-0.014913
0.56173,1.4314
0.56173,0.86605
0.56173,0.096381
0.56173,0.53042
0.56173,-0.0673
0.56173,1.2934
0.56173,0.23454
0.56173,0.84945
0.56173,0.37353
-5.4657,-6.2191
-5.4657,-5.2277
-5.4657,-4.6783
-5.4657,-5.8915
-5.4657,-5.523
-5.4657,-4.9331
-5.4657,-5.0907
-5.4657,-5.9318
-5.4657,-5.868
1.6114,0.9846
1.6114,1.7695
1.6114,2.2837
1.6114,1.2496
1.6114,0.88847
-0.86489,-1.1655
-0.86489,-0.36086
-0.86489,-1.5058
-0.86489,-1.0712
-0.86489,-1.0162
-0.86489,-0.33257
-0.86489,-0.6225
-0.86489,-0.014913
-0.86489,-0.24425
-0.86489,-0.75981
-0.86489,-0.5064
-0.86489,-1.0783
-0.86489,-1.3966
-0.86489,-0.2453
-0.86489,-0.71038
-0.86489,-1.5823
-0.86489,0.059364
2.1036,3.0319
2.1036,2.0044
2.1036,1.9465
2.1036,2.3264
2.1036,2.8917
2.1036,1.3904
2.1036,1.7273
2.1036,2.5161
2.1036,2.7645
2.1036,2.7044
2.1036,2.2896
2.1036,1.5916
2.1036,1.2658
2.1036,1.6938
2.1036,1.7971
2.1036,2.669
2.1036,2.432
2.1036,2.038
2.1036,2.3271
0.81964,0.12198
0.81964,1.2401
0.81964,1.2893
0.81964,1.0271
0.81964,0.49784
0.81964,0.56173
0.81964,-0.014913
0.81964,1.4314
0.81964,0.86605
0.81964,0.096381
0.81964,0.53042
0.81964,-0.0673
0.81964,0.8414
0.81964,1.8217
0.81964,1.2934
0.81964,0.23454
0.81964,0.84945
0.81964,0.37353
-7.4029,-7.8804
-7.4029,-6.88
-7.4029,-7.1702
-7.4029,-6.7433
-7.4029,-7.8948
-7.4029,-7.1799
2.8917,3.0319
2.8917,2.7561
2.8917,3.2797
2.8917,2.1036
2.8917,3.8921
2.8917,2.5161
2.8917,3.4064
2.8917,2.7645
2.8917,3.6586
2.8917,2.2896
2.8917,3.6612
2.8917,3.2402
2.8917,3.0558
2.8917,2.2834
2.8917,2.669
2.8917,2.432
2.8917,3.4336
2.8917,2.038
2.8917,2.8237
3.8921,3.2797
3.8921,2.8917
3.8921,4.4577
3.8921,3.4064
3.8921,3.6586
3.8921,3.6612
3.8921,3.9657
3.8921,4.802
3.8921,3.2402
3.8921,3.0558
3.8921,4.0837
3.8921,3.4336
3.8921,4.2703
-0.014913,0.12198
-0.014913,-0.36086
-0.014913,0.45205
-0.014913,-0.33257
-0.014913,0.56173
-0.014913,-0.86489
-0.014913,0.81964
-0.014913,-0.54529
-0.014913,0.096381
-0.014913,-0.5064
-0.014913,0.53042
-0.014913,-0.0673
-0.014913,-0.2453
-0.014913,-0.71038
-0.014913,0.23454
-0.014913,0.059364
-0.014913,0.84945
-0.014913,0.37353
-4.2314,-4.6783
-4.2314,-4.483
-4.2314,-4.9442
-5.8014,-6.18
-5.8014,-6.1779
-5.8014,-6.2383
-5.8014,-5.165
-5.8014,-5.4253
-5.8014,-5.3536
-5.8014,-5.6996
-5.8014,-6.5839
-5.8014,-5.7581
4.4577,4.6889
4.4577,3.8921
4.4577,3.6586
4.4577,3.9657
4.4577,4.802
4.4577,4.0848
4.4577,4.2703
0.75728,0.9846
0.75728,-0.13187
0.75728,0.58685
0.75728,0.25437
0.61319,0.12198
0.61319,1.2893
0.61319,0.9829
0.61319,0.45205
0.61319,0.377
0.61319,0.60951
0.61319,-0.24425
0.61319,1.0503
0.61319,1.4874
0.61319,0.88847
0.61319,1.3808
0.61319,0.18163
0.61319,0.8414
0.61319,-0.11327
0.61319,-0.2453
0.61319,0.083335
0.61319,0.059364
0.61319,0.84945
0.61319,0.37353
2.6601,2.2837
2.6601,2.192
2.6601,1.9611
2.6601,1.7432
2.6601,2.8541
-0.54529,-0.36086
-0.54529,-1.0162
-0.54529,-0.33257
-0.54529,-0.014913
-0.54529,-0.87305
-0.54529,0.096381
-0.54529,-1.0783
-0.54529,-0.0673
-0.54529,-1.3966
-0.54529,-0.35941
-0.54529,-0.71038
-0.54529,0.23454
-0.54529,-1.0525
0.60951,0.9846
0.60951,0.58685
0.60951,0.9829
0.60951,1.2496
0.60951,0.45205
0.60951,0.377
0.60951,0.61319
0.60951,-0.24425
0.60951,1.0503
0.60951,1.4874
0.60951,0.88847
0.60951,1.3808
0.60951,0.18163
0.60951,-0.09998
0.60951,0.8414
0.60951,-0.11327
0.60951,0.083335
0.60951,0.059364
0.60951,0.37353
-0.24425,0.12198
-0.24425,-1.1655
-0.24425,-0.36086
-0.24425,-1.0712
-0.24425,0.45205
-0.24425,-0.6225
-0.24425,0.377
-0.24425,-0.86489
-0.24425,0.61319
-0.24425,0.60951
-0.24425,-0.99102
-0.24425,-0.75981
-0.24425,-0.5064
-0.24425,-0.47643
-0.24425,0.18163
-0.24425,-0.09998
-0.24425,-0.11327
-0.24425,-0.2453
-0.24425,0.083335
-0.24425,0.059364
-0.24425,0.37353
1.4314,1.2401
1.4314,1.2893
1.4314,1.0271
1.4314,2.2897
1.4314,0.56173
1.4314,0.81964
1.4314,0.86605
1.4314,2.192
1.4314,0.53042
1.4314,1.6914
1.4314,1.3808
1.4314,0.8414
1.4314,1.7432
1.4314,1.8217
1.4314,1.7671
1.4314,1.2934
1.4314,0.84945
1.3904,0.9922
1.3904,2.0044
1.3904,1.9465
1.3904,2.1036
1.3904,1.7273
1.3904,0.83828
1.3904,1.5916
1.3904,1.2658
1.3904,1.4255
1.3904,1.0669
1.3904,1.7971
1.3904,0.66124
1.3904,2.3271
1.3917,1.5739
1.3917,1.1334
1.3917,1.9372
1.3917,0.83828
1.3917,2.2896
1.3917,1.5916
1.3917,1.2658
1.3917,1.6938
1.3917,1.7971
1.3917,2.2834
1.3917,2.038
1.3917,0.48961
0.30771,0.9922
0.30771,0.64398
0.30771,1.0669
0.30771,0.66124
-6.2383,-6.18
-6.2383,-7.1702
-6.2383,-6.2733
-6.2383,-6.7433
-6.2383,-6.1779
-6.2383,-5.8014
-6.2383,-5.4253
-6.2383,-6.827
-6.2383,-5.3536
-6.2383,-6.5839
-6.2383,-5.7581
-0.87305,-0.060392
-0.87305,-0.54529
-0.87305,-0.35941
-0.87305,-1.6936
-0.87305,-1.0525
1.7273,0.9922
1.7273,2.0044
1.7273,1.9465
1.7273,1.8016
1.7273,2.3264
1.7273,2.1036
1.7273,1.3904
1.7273,2.7044
1.7273,1.5916
1.7273,1.2658
1.7273,1.4255
1.7273,1.0669
1.7273,1.7971
1.7273,2.432
1.7273,2.3271
1.7273,1.2555
-4.483,-4.2314
-4.483,-5.165
-4.483,-4.9442
-4.483,-5.3536
-4.483,-4.7674
4.3077,4.6889
4.3077,3.7794
4.3077,3.687
4.3077,4.0848
4.3077,3.6363
0.86605,0.79757
0.86605,1.2401
0.86605,1.0271
0.86605,0.49784
0.86605,0.56173
0.86605,0.81964
0.86605,1.4314
0.86605,1.7239
0.86605,0.096381
0.86605,0.53042
0.86605,-0.0673
0.86605,1.7671
0.86605,1.2934
0.86605,0.23454
-5.165,-5.8014
-5.165,-4.483
-5.165,-5.4253
-5.165,-5.523
-5.165,-4.9442
-5.165,-5.3536
-5.165,-5.7581
-5.165,-4.7674
2.5161,3.0319
2.5161,2.3611
2.5161,2.7561
2.5161,3.2797
2.5161,2.1036
2.5161,2.8917
2.5161,3.4064
2.5161,2.7645
2.5161,1.9372
2.5161,2.2896
2.5161,3.2402
2.5161,3.0558
2.5161,1.6938
2.5161,1.7971
2.5161,2.2834
2.5161,2.669
2.5161,2.432
2.5161,2.038
2.5161,2.8237
3.4064,3.0319
3.4064,2.7561
3.4064,3.2797
3.4064,2.8917
3.4064,3.8921
3.4064,2.5161
3.4064,3.6586
3.4064,3.6612
3.4064,3.9657
3.4064,3.2402
3.4064,3.0558
3.4064,4.0837
3.4064,2.669
3.4064,3.4336
3.4064,4.2703
-0.95099,-0.13187
-0.95099,-1.3546
-0.95099,-0.81145
-0.95099,-0.31614
2.4709,2.2575
2.4709,3.2547
2.4709,3.0445
2.4709,1.9465
2.4709,1.8016
2.4709,2.3264
2.4709,2.7044
2.4709,2.6319
2.4709,3.061
2.4709,2.8579
2.4709,2.0112
2.4709,2.3271
-0.99102,-1.1655
-0.99102,-1.3546
-0.99102,-1.5058
-0.99102,-1.0712
-0.99102,-0.6225
-0.99102,-0.24425
-0.99102,-0.75981
-0.99102,-0.5064
-0.99102,-0.47643
-0.99102,-1.475
-0.99102,-0.09998
-0.99102,-0.81145
-0.99102,-0.11327
-0.99102,-0.31614
-0.99102,-1.8313
2.7645,3.0319
2.7645,2.0044
2.7645,3.0445
2.7645,3.3062
2.7645,2.3264
2.7645,2.1036
2.7645,2.8917
2.7645,2.5161
2.7645,3.6586
2.7645,2.7044
2.7645,2.2896
2.7645,2.6319
2.7645,3.061
2.7645,3.2402
2.7645,2.669
2.7645,2.432
2.7645,3.4336
2.7645,2.3271
2.7645,3.6363
-0.75981,-1.1655
-0.75981,-0.36086
-0.75981,-1.5058
-0.75981,-1.0712
-0.75981,-0.6225
-0.75981,-0.86489
-0.75981,-0.24425
-0.75981,-0.99102
-0.75981,-0.5064
-0.75981,-1.0783
-0.75981,-0.47643
-0.75981,0.18163
-0.75981,-0.11327
-0.75981,-0.2453
-0.75981,0.083335
-0.75981,0.059364
1.0503,0.58685
1.0503,1.2893
1.0503,0.9829
1.0503,1.7695
1.0503,1.2496
1.0503,0.45205
1.0503,0.377
1.0503,0.61319
1.0503,0.60951
1.0503,1.9611
1.0503,1.4874
1.0503,0.88847
1.0503,1.3808
1.0503,0.18163
1.0503,0.8414
1.0503,1.7432
1.0503,0.083335
2.192,1.2893
2.192,2.2897
2.192,2.6601
2.192,1.4314
2.192,1.9611
2.192,1.6914
2.192,1.3808
2.192,1.7432
2.192,1.8217
2.192,2.8541
1.9372,2.3611
1.9372,2.7561
1.9372,1.5739
1.9372,1.1334
1.9372,1.3917
1.9372,2.5161
1.9372,2.2896
1.9372,1.6938
1.9372,1.7971
1.9372,2.2834
1.9372,2.038
1.9372,2.8237
1.9372,2.0722
0.83828,1.1334
0.83828,1.3904
0.83828,1.3917
0.83828,1.5916
0.83828,1.2658
0.83828,1.0669
0.83828,1.6938
0.83828,1.7971
0.83828,0.48961
0.83828,0.66124
3.8098,3.2797
3.8098,3.6612
3.8098,3.1716
3.8098,4.0837
3.6586,3.0319
3.6586,3.3062
3.6586,2.8917
3.6586,3.8921
3.6586,4.4577
3.6586,3.4064
3.6586,2.7645
3.6586,3.6612
3.6586,3.9657
3.6586,3.2402
3.6586,3.0558
3.6586,4.0848
3.6586,2.669
3.6586,3.4336
3.6586,4.2703
3.6586,3.6363
1.7239,0.79757
1.7239,2.482
1.7239,0.86605
1.7239,1.7671
1.7239,1.2934
0.096381,0.79757
0.096381,-0.060392
0.096381,0.49784
0.096381,-0.33257
0.096381,0.56173
0.096381,0.81964
0.096381,-0.014913
0.096381,-0.54529
0.096381,0.86605
0.096381,-0.0673
0.096381,-0.35941
0.096381,0.23454
2.7044,3.0319
2.7044,2.0044
2.7044,3.0445
2.7044,1.9465
2.7044,3.3062
2.7044,2.3264
2.7044,2.1036
2.7044,1.7273
2.7044,2.4709
2.7044,2.7645
2.7044,2.6319
2.7044,3.061
2.7044,2.669
2.7044,2.432
2.7044,3.4336
2.7044,2.3271
2.7044,3.6363
3.7794,3.2547
3.7794,4.3077
3.7794,3.687
3.7794,3.061
3.7794,2.8579
3.7794,3.1284
-0.5064,0.12198
-0.5064,-1.1655
-0.5064,-0.36086
-0.5064,-1.0712
-0.5064,0.45205
-0.5064,-0.33257
-0.5064,-0.6225
-0.5064,-0.86489
-0.5064,-0.014913
-0.5064,-0.24425
-0.5064,-0.99102
-0.5064,-0.75981
-0.5064,-1.0783
-0.5064,-0.47643
-0.5064,0.18163
-0.5064,-0.11327
-0.5064,-0.2453
-0.5064,0.083335
-0.5064,-0.71038
-0.5064,0.059364
-0.5064,0.37353
0.78747,1.5739
0.78747,1.1334
0.78747,1.5193
0.78747,0.48961
-1.0783,-0.36086
-1.0783,-1.5058
-1.0783,-1.0712
-1.0783,-1.0162
-1.0783,-0.33257
-1.0783,-0.86489
-1.0783,-0.54529
-1.0783,-0.75981
-1.0783,-0.5064
-1.0783,-1.3966
-1.0783,-0.2453
-1.0783,-0.71038
-1.0783,-1.5823
-1.0783,-1.0525
3.687,3.2547
3.687,3.0445
3.687,3.3062
3.687,4.3077
3.687,3.7794
3.687,3.061
3.687,4.0848
3.687,3.4336
3.687,3.6363
-6.5006,-6.2191
-6.5006,-6.18
-6.5006,-6.88
-6.5006,-6.2733
-6.5006,-6.7433
-6.5006,-6.819
-6.5006,-5.8915
-6.5006,-5.9318
-6.5006,-7.1799
2.2896,3.0319
2.2896,2.7561
2.2896,2.0044
2.2896,2.1036
2.2896,2.8917
2.2896,1.3917
2.2896,2.5161
2.2896,2.7645
2.2896,1.9372
2.2896,1.5916
2.2896,3.2402
2.2896,3.0558
2.2896,1.6938
2.2896,1.7971
2.2896,2.2834
2.2896,2.669
2.2896,2.432
2.2896,2.038
2.2896,2.3271
1.5916,2.0044
1.5916,2.1036
1.5916,1.3904
1.5916,1.3917
1.5916,1.7273
1.5916,0.83828
1.5916,2.2896
1.5916,1.2658
1.5916,1.4255
1.5916,1.0669
1.5916,1.6938
1.5916,1.7971
1.5916,2.432
1.5916,2.038
1.5916,0.66124
1.5916,2.3271
0.53042,0.12198
0.53042,1.2401
0.53042,1.2893
0.53042,-0.36086
0.53042,0.9829
0.53042,0.45205
0.53042,1.0271
0.53042,-0.33257
0.53042,0.56173
0.53042,0.81964
0.53042,-0.014913
0.53042,1.4314
0.53042,0.86605
0.53042,-0.0673
0.53042,0.8414
0.53042,-0.2453
0.53042,0.23454
0.53042,0.059364
0.53042,0.84945
0.53042,0.37353
1.9611,1.2893
1.9611,0.9829
1.9611,1.7695
1.9611,2.2837
1.9611,2.6601
1.9611,1.0503
1.9611,2.192
1.9611,1.4874
1.9611,1.6914
1.9611,1.3808
1.9611,1.7432
3.6612,2.7561
3.6612,3.2797
3.6612,2.8917
3.6612,3.8921
3.6612,3.4064
3.6612,3.8098
3.6612,3.6586
3.6612,3.2402
3.6612,3.0558
3.6612,3.1716
3.6612,4.0837
3.6612,4.2703
3.6612,2.8237
-0.0673,0.12198
-0.0673,-0.36086
-0.0673,-1.0162
-0.0673,0.49784
-0.0673,-0.33257
-0.0673,0.56173
-0.0673,0.81964
-0.0673,-0.014913
-0.0673,-0.54529
-0.0673,0.86605
-0.0673,0.096381
-0.0673,0.53042
-0.0673,-0.35941
-0.0673,-0.71038
-0.0673,0.23454
3.9657,3.0319
3.9657,4.6889
3.9657,3.3062
3.9657,3.8921
3.9657,4.4577
3.9657,3.4064
3.9657,3.6586
3.9657,3.2402
3.9657,4.0848
3.9657,3.4336
3.9657,4.2703
3.9657,3.6363
-5.8915,-6.2191
-5.8915,-6.18
-5.8915,-6.88
-5.8915,-5.2277
-5.8915,-6.2733
-5.8915,-5.4657
-5.8915,-6.5006
-5.8915,-5.523
-5.8915,-5.3536
-5.8915,-5.9318
-5.8915,-5.7581
1.4874,1.2893
1.4874,0.9829
1.4874,1.7695
1.4874,2.2837
1.4874,1.2496
1.4874,0.61319
1.4874,0.60951
1.4874,1.0503
1.4874,1.9611
1.4874,0.88847
1.4874,1.3808
1.4874,0.8414
1.4874,1.7432
-0.47643,-1.1655
-0.47643,0.25437
-0.47643,-0.6225
-0.47643,0.377
-0.47643,-0.24425
-0.47643,-0.99102
-0.47643,-0.75981
-0.47643,-0.5064
-0.47643,-1.475
-0.47643,0.18163
-0.47643,-0.09998
-0.47643,-0.81145
-0.47643,-0.11327
-0.47643,0.083335
-0.47643,-0.31614
2.6319,3.2547
2.6319,3.0445
2.6319,1.9465
2.6319,1.8016
2.6319,3.3062
2.6319,2.3264
2.6319,2.4709
2.6319,2.7645
2.6319,2.7044
2.6319,3.061
2.6319,2.8579
2.6319,2.0112
2.6319,2.3271
1.2658,1.1334
1.2658,2.1036
1.2658,1.3904
1.2658,1.3917
1.2658,1.7273
1.2658,0.83828
1.2658,1.5916
1.2658,1.0669
1.2658,1.6938
1.2658,1.7971
1.2658,2.038
1.2658,0.48961
1.2658,0.66124
3.061,3.2547
3.061,3.0445
3.061,3.3062
3.061,2.3264
3.061,2.4709
3.061,2.7645
3.061,2.7044
3.061,3.7794
3.061,3.687
3.061,2.6319
3.061,2.8579
3.061,3.4336
3.061,2.3271
3.061,3.6363
4.802,3.8921
4.802,4.4577
4.802,4.0837
4.802,4.2703
-1.475,-1.1655
-1.475,-1.3546
-1.475,-1.5058
-1.475,-0.6225
-1.475,-0.99102
-1.475,-0.47643
-1.475,-2.14
-1.475,-0.81145
-1.475,-1.8313
-1.3966,-1.0162
-1.3966,-2.1028
-1.3966,-0.86489
-1.3966,-0.54529
-1.3966,-1.0783
-1.3966,-1.6936
-1.3966,-0.71038
-1.3966,-1.5823
-1.3966,-1.0525
1.4255,0.9922
1.4255,2.0044
1.4255,0.64398
1.4255,1.9465
1.4255,1.8016
1.4255,2.3264
1.4255,1.3904
1.4255,1.7273
1.4255,1.5916
1.4255,1.0669
1.4255,2.3271
1.4255,1.2555
-0.35941,-1.0162
-0.35941,-0.060392
-0.35941,0.49784
-0.35941,-0.33257
-0.35941,-0.54529
-0.35941,-0.87305
-0.35941,0.096381
-0.35941,-0.0673
-0.35941,0.23454
-0.35941,-1.0525
-7.8948,-7.8804
-7.8948,-7.1702
-7.8948,-7.4029
-7.8948,-7.5064
3.2402,3.0319
3.2402,2.7561
3.2402,3.3062
3.2402,2.8917
3.2402,3.8921
3.2402,2.5161
3.2402,3.4064
3.2402,2.7645
3.2402,3.6586
3.2402,2.2896
3.2402,3.6612
3.2402,3.9657
3.2402,3.0558
3.2402,2.669
3.2402,2.432
3.2402,3.4336
3.0558,3.0319
3.0558,2.3611
3.0558,2.7561
3.0558,3.2797
3.0558,2.8917
3.0558,3.8921
3.0558,2.5161
3.0558,3.4064
3.0558,3.6586
3.0558,2.2896
3.0558,3.6612
3.0558,3.2402
3.0558,3.1716
3.0558,2.2834
3.0558,2.669
3.0558,2.8237
-1.6936,-1.0162
-1.6936,-2.1028
-1.6936,-0.87305
-1.6936,-1.3966
-1.6936,-1.0525
2.8579,2.2575
2.8579,3.2547
2.8579,2.3264
2.8579,2.4709
2.8579,3.7794
2.8579,2.6319
2.8579,3.061
2.8579,2.0112
2.8579,3.1284
1.6914,1.2401
1.6914,1.2893
1.6914,0.9829
1.6914,1.0271
1.6914,2.2897
1.6914,1.4314
1.6914,2.192
1.6914,1.9611
1.6914,1.3808
1.6914,0.8414
1.6914,1.7432
1.6914,1.8217
1.6914,1.7671
1.6914,0.84945
0.88847,0.9846
0.88847,0.58685
0.88847,0.9829
0.88847,1.7695
0.88847,1.2496
0.88847,0.25437
0.88847,0.377
0.88847,1.6114
0.88847,0.61319
0.88847,0.60951
0.88847,1.0503
0.88847,1.4874
0.88847,1.3808
0.88847,0.18163
0.88847,-0.11327
1.0669,0.9922
1.0669,2.0044
1.0669,1.3904
1.0669,0.30771
1.0669,1.7273
1.0669,0.83828
1.0669,1.5916
1.0669,1.2658
1.0669,1.4255
1.0669,1.7971
1.0669,0.66124
1.6938,2.3611
1.6938,1.5739
1.6938,1.1334
1.6938,2.1036
1.6938,1.3917
1.6938,2.5161
1.6938,1.9372
1.6938,0.83828
1.6938,2.2896
1.6938,1.5916
1.6938,1.2658
1.6938,1.7971
1.6938,2.2834
1.6938,2.038
1.3808,1.2893
1.3808,0.9829
1.3808,1.7695
1.3808,1.2496
1.3808,0.45205
1.3808,1.0271
1.3808,0.61319
1.3808,0.60951
1.3808,1.4314
1.3808,1.0503
1.3808,2.192
1.3808,1.9611
1.3808,1.4874
1.3808,1.6914
1.3808,0.88847
1.3808,0.8414
1.3808,1.7432
1.3808,0.84945
4.0848,4.6889
4.0848,3.3062
4.0848,4.4577
4.0848,4.3077
4.0848,3.6586
4.0848,3.687
4.0848,3.9657
4.0848,3.4336
4.0848,3.6363
3.1716,2.3611
3.1716,2.7561
3.1716,3.2797
3.1716,2.4984
3.1716,3.8098
3.1716,3.6612
3.1716,3.0558
3.1716,2.8237
0.18163,0.58685
0.18163,0.9829
0.18163,0.45205
0.18163,-0.6225
0.18163,0.377
0.18163,0.61319
0.18163,0.60951
0.18163,-0.24425
0.18163,-0.75981
0.18163,1.0503
0.18163,-0.5064
0.18163,-0.47643
0.18163,0.88847
0.18163,-0.09998
0.18163,0.8414
0.18163,-0.11327
0.18163,-0.2453
0.18163,0.083335
0.18163,0.059364
0.18163,0.37353
-0.09998,-0.13187
-0.09998,0.58685
-0.09998,0.25437
-0.09998,-0.6225
-0.09998,0.377
-0.09998,0.60951
-0.09998,-0.24425
-0.09998,-0.99102
-0.09998,-0.47643
-0.09998,0.18163
-0.09998,-0.81145
-0.09998,-0.11327
-0.09998,0.083335
-0.09998,-0.31614
-5.4253,-6.1779
-5.4253,-5.8014
-5.4253,-6.2383
-5.4253,-5.165
-5.4253,-5.3536
-5.4253,-5.6996
-5.4253,-5.7581
-5.4253,-4.7674
-6.827,-7.1702
-6.827,-6.643
-6.827,-6.7433
-6.827,-6.1779
-6.827,-6.2383
-6.827,-7.5064
-6.827,-6.5839
0.8414,0.12198
0.8414,1.2893
0.8414,0.9829
0.8414,0.45205
0.8414,1.0271
0.8414,0.81964
0.8414,0.61319
0.8414,0.60951
0.8414,1.4314
0.8414,1.0503
0.8414,0.53042
0.8414,1.4874
0.8414,1.6914
0.8414,1.3808
0.8414,0.18163
0.8414,1.7432
0.8414,0.083335
0.8414,0.059364
0.8414,0.84945
0.8414,0.37353
-2.14,-1.3546
-2.14,-1.475
-2.14,-1.8313
1.7971,2.0044
1.7971,1.1334
1.7971,2.1036
1.7971,1.3904
1.7971,1.3917
1.7971,1.7273
1.7971,2.5161
1.7971,1.9372
1.7971,0.83828
1.7971,2.2896
1.7971,1.5916
1.7971,1.2658
1.7971,1.0669
1.7971,1.6938
1.7971,2.2834
1.7971,2.669
1.7971,2.432
1.7971,2.038
4.0837,3.2797
4.0837,3.8921
4.0837,3.4064
4.0837,3.8098
4.0837,3.6612
4.0837,4.802
4.0837,4.2703
-5.523,-6.18
-5.523,-5.2277
-5.523,-6.2733
-5.523,-4.6783
-5.523,-5.4657
-5.523,-5.165
-5.523,-5.8915
-5.523,-4.9442
-5.523,-5.3536
-5.523,-5.9318
-5.523,-5.7581
-4.9442,-5.2277
-4.9442,-4.6783
-4.9442,-4.2314
-4.9442,-4.483
-4.9442,-5.165
-4.9442,-5.523
-4.9442,-5.3536
-4.9442,-5.7581
-7.5064,-7.1702
-7.5064,-6.643
-7.5064,-7.8948
-7.5064,-6.827
2.2834,2.3611
2.2834,2.7561
2.2834,1.5739
2.2834,2.8917
2.2834,1.3917
2.2834,2.5161
2.2834,1.9372
2.2834,2.2896
2.2834,3.0558
2.2834,1.6938
2.2834,1.7971
2.2834,2.669
2.2834,2.038
2.2834,2.8237
2.2834,2.0722
2.669,3.0319
2.669,2.7561
2.669,2.0044
2.669,3.3062
2.669,2.1036
2.669,2.8917
2.669,2.5161
2.669,3.4064
2.669,2.7645
2.669,3.6586
2.669,2.7044
2.669,2.2896
2.669,3.2402
2.669,3.0558
2.669,1.7971
2.669,2.2834
2.669,2.432
2.669,3.4336
2.669,2.038
2.669,2.3271
-5.3536,-6.18
-5.3536,-5.2277
-5.3536,-5.8014
-5.3536,-6.2383
-5.3536,-4.483
-5.3536,-5.165
-5.3536,-5.8915
-5.3536,-5.4253
-5.3536,-5.523
-5.3536,-4.9442
-5.3536,-5.7581
-0.81145,-1.1655
-0.81145,-1.3546
-0.81145,-0.6225
-0.81145,-0.95099
-0.81145,-0.99102
-0.81145,-0.47643
-0.81145,-1.475
-0.81145,-0.09998
-0.81145,-0.11327
-0.81145,-0.31614
1.7432,1.2893
1.7432,0.9829
1.7432,1.7695
1.7432,1.0271
1.7432,2.2897
1.7432,2.6601
1.7432,1.4314
1.7432,1.0503
1.7432,2.192
1.7432,1.9611
1.7432,1.4874
1.7432,1.6914
1.7432,1.3808
1.7432,0.8414
1.7432,1.8217
1.7432,0.84945
-0.11327,0.58685
-0.11327,0.25437
-0.11327,-0.6225
-0.11327,0.377
-0.11327,0.61319
-0.11327,0.60951
-0.11327,-0.24425
-0.11327,-0.99102
-0.11327,-0.75981
-0.11327,-0.5064
-0.11327,-0.47643
-0.11327,0.88847
-0.11327,0.18163
-0.11327,-0.09998
-0.11327,-0.81145
-0.11327,-0.2453
-0.11327,0.083335
-0.11327,-0.31614
-0.11327,0.059364
2.432,3.0319
2.432,2.0044
2.432,3.0445
2.432,1.9465
2.432,3.3062
2.432,2.3264
2.432,2.1036
2.432,2.8917
2.432,1.7273
2.432,2.5161
2.432,2.7645
2.432,2.7044
2.432,2.2896
2.432,1.5916
2.432,3.2402
2.432,1.7971
2.432,2.669
2.432,3.4336
2.432,2.038
2.432,2.3271
1.8217,1.2401
1.8217,1.2893
1.8217,1.0271
1.8217,2.2897
1.8217,2.482
1.8217,0.81964
1.8217,1.4314
1.8217,2.192
1.8217,1.6914
1.8217,1.7432
1.8217,1.7671
1.8217,1.2934
-0.2453,0.12198
-0.2453,-0.36086
-0.2453,-1.0712
-0.2453,0.45205
-0.2453,-0.33257
-0.2453,-0.6225
-0.2453,-0.86489
-0.2453,-0.014913
-0.2453,0.61319
-0.2453,-0.24425
-0.2453,-0.75981
-0.2453,-0.5064
-0.2453,-1.0783
-0.2453,0.53042
-0.2453,0.18163
-0.2453,-0.11327
-0.2453,0.083335
-0.2453,-0.71038
-0.2453,0.059364
-0.2453,0.37353
0.083335,0.12198
0.083335,-0.36086
0.083335,0.9829
0.083335,0.45205
0.083335,-0.6225
0.083335,0.377
0.083335,0.61319
0.083335,0.60951
0.083335,-0.24425
0.083335,-0.75981
0.083335,1.0503
0.083335,-0.5064
0.083335,-0.47643
0.083335,0.18163
0.083335,-0.09998
0.083335,0.8414
0.083335,-0.11327
0.083335,-0.2453
0.083335,0.059364
0.083335,0.37353
1.7671,1.2401
1.7671,2.2897
1.7671,2.482
1.7671,1.4314
1.7671,0.86605
1.7671,1.7239
1.7671,1.6914
1.7671,1.8217
1.7671,1.2934
3.4336,3.0319
3.4336,3.0445
3.4336,3.3062
3.4336,2.8917
3.4336,3.8921
3.4336,3.4064
3.4336,2.7645
3.4336,3.6586
3.4336,2.7044
3.4336,3.687
3.4336,3.9657
3.4336,3.061
3.4336,3.2402
3.4336,4.0848
3.4336,2.669
3.4336,2.432
3.4336,3.6363
1.5193,1.5739
1.5193,2.4984
1.5193,0.78747
1.5193,2.0722
-0.31614,-0.13187
-0.31614,0.58685
-0.31614,0.25437
-0.31614,0.377
-0.31614,-0.95099
-0.31614,-0.99102
-0.31614,-0.47643
-0.31614,-0.09998
-0.31614,-0.81145
-0.31614,-0.11327
-4.9331,-5.2277
-4.9331,-4.6783
-4.9331,-5.4657
-4.9331,-5.0907
-4.9331,-4.2287
-5.6996,-6.643
-5.6996,-6.1779
-5.6996,-5.8014
-5.6996,-5.4253
-0.71038,0.12198
-0.71038,-0.36086
-0.71038,-1.0712
-0.71038,-1.0162
-0.71038,-0.33257
-0.71038,-0.86489
-0.71038,-0.014913
-0.71038,-0.54529
-0.71038,-0.5064
-0.71038,-1.0783
-0.71038,-0.0673
-0.71038,-1.3966
-0.71038,-0.2453
-0.71038,-1.5823
-0.71038,0.23454
-0.71038,-1.0525
-5.0907,-5.4657
-5.0907,-4.9331
-5.0907,-4.2287
-5.0907,-5.868
-5.9318,-6.2191
-5.9318,-5.2277
-5.9318,-6.2733
-5.9318,-6.819
-5.9318,-5.4657
-5.9318,-6.5006
-5.9318,-5.8915
-5.9318,-5.523
-5.9318,-5.868
-1.5823,-1.5058
-1.5823,-1.0712
-1.5823,-1.0162
-1.5823,-2.1598
-1.5823,-2.1028
-1.5823,-0.86489
-1.5823,-1.0783
-1.5823,-1.3966
-1.5823,-0.71038
-1.5823,-1.8313
1.2934,0.79757
1.2934,1.2401
1.2934,0.49784
1.2934,0.56173
1.2934,0.81964
1.2934,1.4314
1.2934,0.86605
1.2934,1.7239
1.2934,1.8217
1.2934,1.7671
4.2703,3.8921
4.2703,4.4577
4.2703,3.4064
4.2703,3.6586
4.2703,3.6612
4.2703,3.9657
4.2703,4.802
4.2703,4.0837
0.23454,0.12198
0.23454,-0.36086
0.23454,1.0271
0.23454,0.49784
0.23454,-0.33257
0.23454,0.56173
0.23454,0.81964
0.23454,-0.014913
0.23454,-0.54529
0.23454,0.86605
0.23454,0.096381
0.23454,0.53042
0.23454,-0.0673
0.23454,-0.35941
0.23454,-0.71038
0.23454,0.84945
0.23454,0.37353
-4.2287,-4.6783
-4.2287,-4.9331
-4.2287,-5.0907
2.038,2.3611
2.038,2.7561
2.038,2.0044
2.038,1.5739
2.038,1.1334
2.038,2.1036
2.038,2.8917
2.038,1.3917
2.038,2.5161
2.038,1.9372
2.038,2.2896
2.038,1.5916
2.038,1.2658
2.038,1.6938
2.038,1.7971
2.038,2.2834
2.038,2.669
2.038,2.432
2.8237,2.3611
2.8237,2.7561
2.8237,3.2797
2.8237,2.4984
2.8237,2.8917
2.8237,2.5161
2.8237,1.9372
2.8237,3.6612
2.8237,3.0558
2.8237,3.1716
2.8237,2.2834
2.8237,2.0722
2.0722,2.3611
2.0722,1.5739
2.0722,2.4984
2.0722,1.9372
2.0722,2.2834
2.0722,1.5193
2.0722,2.8237
-6.5839,-6.18
-6.5839,-7.1702
-6.5839,-6.2733
-6.5839,-6.7433
-6.5839,-6.1779
-6.5839,-5.8014
-6.5839,-6.2383
-6.5839,-6.827
-6.5839,-5.7581
-1.0525,-1.0162
-1.0525,-0.33257
-1.0525,-0.54529
-1.0525,-0.87305
-1.0525,-1.0783
-1.0525,-1.3966
-1.0525,-0.35941
-1.0525,-1.6936
-1.0525,-0.71038
-7.1799,-7.8804
-7.1799,-6.88
-7.1799,-7.568
-7.1799,-6.7433
-7.1799,-6.819
-7.1799,-7.4029
-7.1799,-6.5006
0.48961,1.1334
0.48961,1.3917
0.48961,0.83828
0.48961,0.78747
0.48961,1.2658
0.48961,0.66124
2.0112,2.2575
2.0112,1.9465
2.0112,1.5051
2.0112,1.8016
2.0112,2.3264
2.0112,2.4709
2.0112,2.6319
2.0112,2.8579
2.0112,1.2555
0.66124,0.9922
0.66124,1.3904
0.66124,0.30771
0.66124,0.83828
0.66124,1.5916
0.66124,1.2658
0.66124,1.0669
0.66124,0.48961
0.059364,0.12198
0.059364,-0.36086
0.059364,0.9829
0.059364,0.45205
0.059364,-0.33257
0.059364,-0.6225
0.059364,-0.86489
0.059364,-0.014913
0.059364,0.61319
0.059364,0.60951
0.059364,-0.24425
0.059364,-0.75981
0.059364,-0.5064
0.059364,0.53042
0.059364,0.18163
0.059364,0.8414
0.059364,-0.11327
0.059364,-0.2453
0.059364,0.083335
0.059364,0.84945
0.059364,0.37353
2.3271,3.0319
2.3271,2.0044
2.3271,3.0445
2.3271,1.9465
2.3271,1.8016
2.3271,3.3062
2.3271,2.3264
2.3271,2.1036
2.3271,1.3904
2.3271,1.7273
2.3271,2.4709
2.3271,2.7645
2.3271,2.7044
2.3271,2.2896
2.3271,1.5916
2.3271,2.6319
2.3271,3.061
2.3271,1.4255
2.3271,2.669
2.3271,2.432
2.8541,2.2897
2.8541,2.482
2.8541,2.6601
2.8541,2.192
-5.7581,-6.18
-5.7581,-6.2733
-5.7581,-5.8014
-5.7581,-6.2383
-5.7581,-5.165
-5.7581,-5.8915
-5.7581,-5.4253
-5.7581,-5.523
-5.7581,-4.9442
-5.7581,-5.3536
-5.7581,-6.5839
-5.868,-6.2191
-5.868,-6.7708
-5.868,-5.4657
-5.868,-5.0907
-5.868,-5.9318
-4.7674,-4.483
-4.7674,-5.165
-4.7674,-5.4253
0.84945,0.12198
0.84945,1.2401
0.84945,1.2893
0.84945,0.9829
0.84945,0.45205
0.84945,1.0271
0.84945,0.56173
0.84945,0.81964
0.84945,-0.014913
0.84945,0.61319
0.84945,1.4314
0.84945,0.53042
0.84945,1.6914
0.84945,1.3808
0.84945,0.8414
0.84945,1.7432
0.84945,0.23454
0.84945,0.059364
0.84945,0.37353
-1.8313,-1.1655
-1.8313,-1.5058
-1.8313,-1.0712
-1.8313,-2.1598
-1.8313,-0.99102
-1.8313,-1.475
-1.8313,-2.14
-1.8313,-1.5823
1.2555,0.9922
1.2555,0.64398
1.2555,1.9465
1.2555,1.5051
1.2555,1.8016
1.2555,1.7273
1.2555,1.4255
1.2555,2.0112
3.6363,3.0319
3.6363,3.2547
3.6363,3.0445
3.6363,3.3062
3.6363,4.3077
3.6363,2.7645
3.6363,3.6586
3.6363,2.7044
3.6363,3.687
3.6363,3.9657
3.6363,3.061
3.6363,4.0848
3.6363,3.4336
0.37353,0.12198
0.37353,1.2893
0.37353,-0.36086
0.37353,0.9829
0.37353,0.45205
0.37353,1.0271
0.37353,-0.33257
0.37353,0.56173
0.37353,0.81964
0.37353,-0.014913
0.37353,0.61319
0.37353,0.60951
0.37353,-0.24425
0.37353,-0.5064
0.37353,0.53042
0.37353,0.18163
0.37353,0.8414
0.37353,-0.2453
0.37353,0.083335
0.37353,0.23454
0.37353,0.059364
0.37353,0.84945
3.1284,2.2575
3.1284,3.2547
3.1284,3.7794
3.1284,2.8579
