0.30292,1.0704
0.30292,-0.51042
0.30292,0.3123
0.30292,1.1774
0.30292,-0.14463
0.30292,0.70848
0.30292,1.0242
0.30292,-0.059403
0.30292,-0.078943
0.30292,0.50602
0.30292,-0.58457
0.30292,0.60831
0.30292,0.20605
0.30292,0.70245
0.30292,-0.23826
0.30292,-0.54911
0.30292,0.51256
0.30292,-0.051381
0.30292,0.84129
0.30292,0.23196
-6.3136,-5.5817
-6.3136,-5.6911
-6.3136,-5.9121
-5.191,-5.8278
-5.191,-4.7666
-5.191,-5.6827
-5.191,-4.4534
-5.191,-5.2669
-5.191,-4.798
-5.191,-4.2608
-5.191,-4.64
-5.191,-5.0749
-4.58,-5.398
-4.58,-5.075
-4.58,-4.7666
-4.58,-4.9696
-4.58,-3.8148
-4.58,-4.2218
-4.58,-3.6803
-4.58,-5.2669
-4.58,-4.798
-4.58,-4.2608
-4.58,-3.8782
-4.58,-4.6344
-4.58,-4.1572
0.2117,-0.15541
0.2117,0.5407
0.2117,-0.50551
0.2117,-0.25356
0.2117,0.81556
0.2117,-0.32129
0.2117,0.65282
0.2117,0.22162
-1.1879,-0.51042
-1.1879,-1.6568
-1.1879,-1.2888
-1.1879,-0.8778
-1.1879,-0.95817
-1.1879,-0.46812
-1.1879,-1.4232
-1.1879,-0.80837
-1.1879,-0.58457
-1.1879,-1.0573
-1.1879,-0.99945
-1.1879,-1.8459
-1.1879,-1.4372
-1.1879,-0.61757
-1.1879,-0.23826
-1.1879,-2.0084
-1.1179,-0.50551
-1.1179,-0.32129
-1.1179,-1.5061
-1.1179,-0.69151
-1.1179,-1.0259
-5.398,-4.58
-5.398,-5.075
-5.398,-4.7666
-5.398,-4.9696
-5.398,-5.6827
-5.398,-5.5817
-5.398,-5.2669
-5.398,-4.798
-5.398,-4.6344
-5.398,-5.9121
1.4621,0.65193
1.4621,0.99181
1.4621,1.1542
1.4621,2.2444
1.4621,1.7049
-0.15541,0.2117
-0.15541,0.5407
-0.15541,-0.50551
-0.15541,-0.25356
-0.15541,-0.32129
-0.15541,0.24454
-0.15541,0.65282
-0.15541,0.22162
-0.15541,-0.13391
-0.15541,-0.69151
-0.15541,-0.61757
-0.15541,-1.0259
1.5214,1.0704
1.5214,1.1774
1.5214,0.99181
1.5214,0.70848
1.5214,1.0242
1.5214,1.5476
1.5214,1.1542
1.5214,2.2444
1.5214,1.5397
1.5214,1.8905
1.5214,2.0042
1.5214,1.7049
1.5214,0.84129
-5.8278,-5.191
-5.8278,-5.6827
-5.8278,-5.0749
-5.075,-4.58
-5.075,-5.398
-5.075,-4.9696
-5.075,-5.5817
-5.075,-4.2218
-5.075,-5.6911
-5.075,-4.5077
-5.075,-4.8648
-5.075,-4.6344
3.1735,3.5277
3.1735,3.6611
3.1735,3.9122
3.1735,2.736
3.1735,2.7486
3.1735,3.1328
3.1735,3.3228
3.1735,2.6493
3.1735,2.4191
3.1735,3.8014
3.202,3.8361
3.202,3.7941
3.202,2.7643
3.202,2.6465
3.202,2.2552
3.202,2.7967
3.202,3.2815
3.202,3.3956
3.202,3.5405
3.202,2.529
3.202,3.6325
3.202,2.9551
3.202,2.4099
3.202,2.8293
3.202,3.0448
3.202,3.4923
3.202,3.3919
3.202,4.0654
1.0704,0.30292
1.0704,1.5214
1.0704,0.75158
1.0704,0.3123
1.0704,1.1774
1.0704,0.70848
1.0704,1.0242
1.0704,0.34252
1.0704,1.5476
1.0704,1.9507
1.0704,0.60831
1.0704,1.4989
1.0704,1.5397
1.0704,1.0155
1.0704,0.70245
1.0704,1.2445
1.0704,1.8905
1.0704,0.84129
1.0704,0.23196
-2.0188,-1.5061
-2.0188,-1.4232
-2.0188,-1.8459
-2.0188,-2.593
-2.0188,-1.4372
4.9876,4.4508
4.9876,4.3754
4.9876,4.8
4.9876,4.356
-0.51042,0.30292
-0.51042,-1.1879
-0.51042,-1.2888
-0.51042,-0.74576
-0.51042,-0.14463
-0.51042,-0.95817
-0.51042,-0.059403
-0.51042,-0.078943
-0.51042,-0.46812
-0.51042,-0.80837
-0.51042,-0.58457
-0.51042,-1.0573
-0.51042,0.20605
-0.51042,-1.152
-0.51042,-0.23826
-0.51042,-0.16028
-0.51042,-0.54911
-0.51042,-0.051381
-0.51042,0.23196
4.591,3.8361
4.591,3.7941
4.591,4.3754
4.591,5.1064
4.591,4.4896
4.591,4.0519
4.591,4.1652
4.591,4.8
4.591,4.0654
4.591,5.4254
-3.9558,-3.4834
-3.9558,-4.4534
-3.9558,-3.3304
-3.9558,-4.2608
-3.9558,-3.5042
-3.9558,-3.8782
-3.9558,-4.1829
-3.9558,-4.64
-4.7666,-5.191
-4.7666,-4.58
-4.7666,-5.398
-4.7666,-4.9696
-4.7666,-4.2218
-4.7666,-5.2669
-4.7666,-4.798
-4.7666,-4.2608
-4.7666,-3.8782
-4.7666,-4.64
-4.7666,-4.6344
-4.7666,-4.1572
1.5671,2.0628
1.5671,2.2665
1.5671,1.1956
1.5671,2.2552
1.5671,1.4461
1.5671,2.4099
1.5671,1.7659
1.5671,1.9038
1.5671,0.8887
1.5671,2.1399
1.5671,1.7365
1.5671,1.0387
2.0628,1.5671
2.0628,2.2665
2.0628,2.6465
2.0628,2.2552
2.0628,2.7967
2.0628,1.4461
2.0628,2.529
2.0628,2.9551
2.0628,2.4099
2.0628,1.8756
2.0628,1.9038
2.0628,2.8293
2.0628,2.1399
2.0628,1.7365
0.75158,1.0704
0.75158,0.5407
0.75158,0.3123
0.75158,0.34252
0.75158,0.24454
0.75158,0.65282
0.75158,0.60831
0.75158,1.4989
0.75158,1.0992
0.75158,1.5397
0.75158,0.22162
0.75158,1.0155
0.75158,-0.13391
0.75158,0.70245
0.75158,1.2445
0.75158,-0.16028
0.75158,-0.051381
0.75158,0.84129
0.75158,0.23196
3.0459,3.6611
3.0459,3.7231
3.0459,2.7643
3.0459,2.736
3.0459,3.1328
3.0459,3.2815
3.0459,3.5405
3.0459,2.529
3.0459,2.4933
3.0459,2.13
3.0459,3.3228
3.0459,2.6493
3.0459,2.3599
3.0459,2.8293
3.0459,3.0448
3.0459,3.3919
-3.9905,-3.8536
-3.9905,-4.5077
-3.9905,-4.8648
-3.9905,-3.1372
1.4719,1.8301
1.4719,0.5407
1.4719,0.81556
1.4719,2.2997
1.4719,0.65282
1.4719,1.4989
1.4719,1.0992
1.4719,1.0155
4.4504,3.8516
4.4504,4.7316
4.4504,3.6325
4.4504,3.7617
4.4504,4.1544
-1.6568,-1.1879
-1.6568,-1.2888
-1.6568,-2.2872
-1.6568,-0.95817
-1.6568,-1.4232
-1.6568,-0.80837
-1.6568,-1.0573
-1.6568,-1.8459
-1.6568,-1.6794
-1.6568,-2.0084
1.2086,1.5082
1.2086,1.8626
1.2086,1.4461
1.2086,0.82735
1.2086,1.7659
1.2086,1.9038
1.2086,0.8887
1.2086,2.1399
1.8301,1.4719
1.8301,2.2997
1.8301,1.9507
1.8301,1.4989
1.8301,1.0992
1.8301,1.5397
1.8301,1.0155
1.8301,1.2445
3.5277,3.1735
3.5277,2.7486
3.5277,3.3228
3.5277,3.8014
3.8361,3.202
3.8361,4.591
3.8361,3.7941
3.8361,3.7231
3.8361,4.3754
3.8361,3.2815
3.8361,3.5405
3.8361,4.4896
3.8361,4.0519
3.8361,4.1652
3.8361,3.0448
3.8361,3.4923
3.8361,3.3919
3.8361,4.0654
-1.2888,-1.1879
-1.2888,-0.51042
-1.2888,-1.6568
-1.2888,-0.8778
-1.2888,-0.95817
-1.2888,-1.4232
-1.2888,-0.80837
-1.2888,-0.58457
-1.2888,-1.0573
-1.2888,-1.8459
-1.2888,-1.152
-1.2888,-0.54911
-1.2888,-1.6794
-1.2888,-2.0084
-0.74576,-0.51042
-0.74576,-0.14463
-0.74576,-0.95817
-0.74576,-0.078943
-0.74576,-1.0573
-0.74576,-1.152
-0.74576,-1.0961
-0.74576,-0.54911
-0.74576,-0.54642
0.5407,0.2117
0.5407,-0.15541
0.5407,0.75158
0.5407,1.4719
0.5407,-0.25356
0.5407,0.81556
0.5407,0.24454
0.5407,0.65282
0.5407,1.0992
0.5407,0.22162
0.5407,1.0155
-2.2872,-1.6568
-2.2872,-1.7844
-2.2872,-1.6794
-2.2872,-2.0084
0.3123,0.30292
0.3123,1.0704
0.3123,0.75158
0.3123,-0.059403
0.3123,0.34252
0.3123,0.24454
0.3123,-0.46812
0.3123,0.65282
0.3123,-0.58457
0.3123,0.60831
0.3123,1.0155
0.3123,-0.13391
0.3123,0.70245
0.3123,1.2445
0.3123,-0.23826
0.3123,-0.16028
0.3123,-0.051381
0.3123,0.84129
0.3123,0.23196
1.5082,1.2086
1.5082,1.8626
1.5082,2.0076
1.5082,0.82735
1.5082,2.4933
1.5082,2.13
1.5082,1.7659
1.5082,2.3599
1.5082,1.5656
-0.50551,0.2117
-0.50551,-1.1179
-0.50551,-0.15541
-0.50551,-0.25356
-0.50551,-0.32129
-0.50551,-1.5061
-0.50551,0.22162
-0.50551,-0.69151
-0.50551,-0.61757
-0.50551,-1.0259
3.6611,3.1735
3.6611,3.0459
3.6611,3.9122
3.6611,3.7231
3.6611,2.736
3.6611,3.1328
3.6611,4.3754
3.6611,3.5405
3.6611,4.0519
3.6611,3.3228
3.6611,3.0448
3.6611,4.356
3.6611,3.3919
3.6611,3.8014
-1.7844,-2.2872
-1.7844,-1.0573
-1.7844,-1.152
-1.7844,-1.0961
-1.7844,-1.6794
0.65193,1.4621
0.65193,0.99181
0.65193,-0.20218
0.65193,0.50602
0.65193,0.12782
4.4508,4.9876
4.4508,3.9122
4.4508,4.356
4.4508,3.8014
1.1774,0.30292
1.1774,1.5214
1.1774,1.0704
1.1774,0.70848
1.1774,1.0242
1.1774,1.5476
1.1774,1.1542
1.1774,0.60831
1.1774,1.5397
1.1774,0.70245
1.1774,1.2445
1.1774,1.8905
1.1774,2.0042
1.1774,1.7049
1.1774,0.51256
1.1774,0.84129
1.1774,0.23196
2.2665,1.5671
2.2665,2.0628
2.2665,2.6465
2.2665,3.0443
2.2665,2.2552
2.2665,2.7967
2.2665,2.106
2.2665,2.5968
2.2665,2.9551
2.2665,2.4099
2.2665,1.8756
2.2665,1.7365
-3.4834,-3.9558
-3.4834,-3.3304
-3.4834,-4.1829
-3.4834,-3.9767
-6.3955,-5.6827
-6.3955,-5.9121
3.9122,3.1735
3.9122,3.6611
3.9122,4.4508
3.9122,3.7231
3.9122,3.1328
3.9122,4.3754
3.9122,4.0519
3.9122,3.3228
3.9122,4.356
3.9122,3.3919
3.9122,3.8014
0.99181,1.4621
0.99181,1.5214
0.99181,0.65193
0.99181,0.70848
0.99181,1.0242
0.99181,1.1542
0.99181,0.50602
0.99181,0.20605
0.99181,0.12782
0.99181,1.7049
0.99181,0.51256
-4.9696,-4.58
-4.9696,-5.398
-4.9696,-5.075
-4.9696,-4.7666
-4.9696,-5.5817
-4.9696,-4.2218
-4.9696,-5.2669
-4.9696,-4.798
-4.9696,-4.5077
-4.9696,-4.6344
-4.9696,-5.9121
-4.9696,-4.1572
-0.14463,0.30292
-0.14463,-0.51042
-0.14463,-0.74576
-0.14463,0.70848
-0.14463,-0.95817
-0.14463,-0.059403
-0.14463,-0.078943
-0.14463,0.50602
-0.14463,-0.58457
-0.14463,-1.0573
-0.14463,0.60831
-0.14463,0.20605
-0.14463,0.12782
-0.14463,-0.23826
-0.14463,-0.54911
-0.14463,0.51256
-0.14463,-0.54642
-0.14463,0.23196
1.1956,1.5671
1.1956,1.8756
1.1956,1.7365
1.1956,1.0387
3.7941,3.202
3.7941,4.591
3.7941,3.8361
3.7941,3.2815
3.7941,3.3956
3.7941,3.5405
3.7941,4.4896
3.7941,3.6325
3.7941,4.0519
3.7941,4.1652
3.7941,2.9551
3.7941,4.1544
3.7941,2.8293
3.7941,3.0448
3.7941,3.4923
3.7941,4.0654
3.7231,3.0459
3.7231,3.8361
3.7231,3.6611
3.7231,3.9122
3.7231,2.7643
3.7231,3.1328
3.7231,4.3754
3.7231,3.2815
3.7231,3.5405
3.7231,4.0519
3.7231,4.1652
3.7231,3.3228
3.7231,3.0448
3.7231,4.356
3.7231,3.3919
2.3925,2.7886
2.3925,1.5476
2.3925,1.9507
2.3925,1.5397
2.3925,1.8905
2.3925,2.0042
2.3925,2.6925
-5.6827,-5.191
-5.6827,-5.398
-5.6827,-5.8278
-5.6827,-6.3955
-5.6827,-5.2669
-5.6827,-4.798
-5.6827,-5.9121
-0.8778,-1.1879
-0.8778,-1.2888
-0.8778,-0.25356
-0.8778,-0.95817
-0.8778,-0.46812
-0.8778,-1.4232
-0.8778,-0.80837
-0.8778,-0.58457
-0.8778,-0.99945
-0.8778,-1.8459
-0.8778,-0.13391
-0.8778,-0.69151
-0.8778,-1.4372
-0.8778,-0.61757
-0.8778,-0.23826
-0.8778,-0.16028
-0.8778,-1.0259
-0.8778,-0.051381
-0.25356,0.2117
-0.25356,-0.15541
-0.25356,0.5407
-0.25356,-0.50551
-0.25356,-0.8778
-0.25356,0.34252
-0.25356,0.24454
-0.25356,-0.46812
-0.25356,0.65282
-0.25356,-0.99945
-0.25356,0.22162
-0.25356,-0.13391
-0.25356,-0.69151
-0.25356,-0.61757
-0.25356,-0.16028
-0.25356,-1.0259
2.7886,2.3925
2.7886,2.2444
2.7886,1.8905
2.7886,2.0042
2.7886,2.6925
-3.8536,-3.9905
-3.8536,-3.8148
-3.8536,-4.2218
-3.8536,-3.3134
-3.8536,-4.5077
-3.8536,-3.1372
-3.8536,-4.6344
0.70848,0.30292
0.70848,1.5214
0.70848,1.0704
0.70848,1.1774
0.70848,0.99181
0.70848,-0.14463
0.70848,1.0242
0.70848,-0.059403
0.70848,-0.078943
0.70848,1.1542
0.70848,0.50602
0.70848,0.60831
0.70848,0.20605
0.70848,0.70245
0.70848,0.51256
0.70848,0.84129
0.70848,0.23196
-4.4534,-5.191
-4.4534,-3.9558
-4.4534,-4.798
-4.4534,-4.2608
-4.4534,-3.8782
-4.4534,-4.1829
-4.4534,-4.765
-4.4534,-4.64
-4.4534,-5.0749
0.81556,0.2117
0.81556,1.4719
0.81556,0.5407
0.81556,0.65282
0.81556,1.0992
0.81556,0.22162
-0.95817,-1.1879
-0.95817,-0.51042
-0.95817,-1.6568
-0.95817,-1.2888
-0.95817,-0.74576
-0.95817,-0.14463
-0.95817,-0.8778
-0.95817,-0.059403
-0.95817,-0.46812
-0.95817,-1.4232
-0.95817,-0.80837
-0.95817,-0.58457
-0.95817,-1.0573
-0.95817,-1.152
-0.95817,-0.23826
-0.95817,-0.54911
-0.95817,-1.6794
2.7643,3.202
2.7643,3.0459
2.7643,3.7231
2.7643,2.6465
2.7643,2.736
2.7643,1.8626
2.7643,3.1328
2.7643,2.2552
2.7643,3.2815
2.7643,3.5405
2.7643,2.529
2.7643,2.4933
2.7643,2.13
2.7643,1.7659
2.7643,2.3599
2.7643,2.8293
2.7643,3.0448
2.7643,2.1399
2.7643,3.3919
1.0242,0.30292
1.0242,1.5214
1.0242,1.0704
1.0242,1.1774
1.0242,0.99181
1.0242,0.70848
1.0242,1.5476
1.0242,1.1542
1.0242,0.50602
1.0242,0.60831
1.0242,0.20605
1.0242,2.0042
1.0242,1.7049
1.0242,0.51256
1.0242,0.84129
1.0242,0.23196
-5.5817,-6.3136
-5.5817,-5.398
-5.5817,-5.075
-5.5817,-4.9696
-5.5817,-5.6911
-5.5817,-4.6344
-5.5817,-5.9121
2.6465,3.202
2.6465,2.0628
2.6465,2.2665
2.6465,2.7643
2.6465,2.2552
2.6465,2.7967
2.6465,3.2815
2.6465,3.3956
2.6465,2.529
2.6465,2.9551
2.6465,2.4099
2.6465,1.9038
2.6465,2.8293
2.6465,3.0448
2.6465,3.4923
2.6465,2.1399
3.0443,2.2665
3.0443,3.8516
3.0443,2.7967
3.0443,3.3956
3.0443,2.5968
3.0443,3.6325
3.0443,2.9551
3.0443,2.4099
3.0443,2.8335
3.0443,3.4923
3.0443,3.3199
-0.059403,0.30292
-0.059403,-0.51042
-0.059403,0.3123
-0.059403,-0.14463
-0.059403,0.70848
-0.059403,-0.95817
-0.059403,-0.078943
-0.059403,-0.46812
-0.059403,-0.80837
-0.059403,-0.58457
-0.059403,0.60831
-0.059403,0.20605
-0.059403,-0.23826
-0.059403,-0.16028
-0.059403,-0.54911
-0.059403,0.51256
-0.059403,-0.051381
-0.059403,0.84129
-0.059403,0.23196
-3.3304,-3.9558
-3.3304,-3.4834
-3.3304,-2.8856
-3.3304,-3.5042
-3.3304,-3.8782
-3.8148,-4.58
-3.8148,-3.8536
-3.8148,-4.2218
-3.8148,-3.6803
-3.8148,-3.3134
-3.8148,-4.5077
-3.8148,-3.8782
-3.8148,-4.6344
-3.8148,-4.1572
-3.8148,-2.911
3.8516,4.4504
3.8516,3.0443
3.8516,3.3956
3.8516,3.6325
3.8516,3.7617
3.8516,4.1544
3.8516,3.3199
-0.32129,0.2117
-0.32129,-1.1179
-0.32129,-0.15541
-0.32129,-0.50551
0.34252,1.0704
0.34252,0.75158
0.34252,0.3123
0.34252,-0.25356
0.34252,0.24454
0.34252,-0.46812
0.34252,0.65282
0.34252,0.60831
0.34252,0.22162
0.34252,1.0155
0.34252,-0.13391
0.34252,0.70245
0.34252,1.2445
0.34252,-0.61757
0.34252,-0.23826
0.34252,-0.16028
0.34252,-0.051381
0.34252,0.84129
0.34252,0.23196
2.2997,1.4719
2.2997,1.8301
2.2997,1.9507
2.2997,1.4989
2.2997,2.6925
-0.078943,0.30292
-0.078943,-0.51042
-0.078943,-0.74576
-0.078943,-0.14463
-0.078943,0.70848
-0.078943,-0.059403
-0.078943,-0.20218
-0.078943,0.50602
-0.078943,0.20605
-0.078943,0.12782
-0.078943,-0.54911
-0.078943,0.51256
-0.078943,-0.54642
0.24454,-0.15541
0.24454,0.75158
0.24454,0.5407
0.24454,0.3123
0.24454,-0.25356
0.24454,0.34252
0.24454,-0.46812
0.24454,0.65282
0.24454,1.0992
0.24454,0.22162
0.24454,1.0155
0.24454,-0.13391
0.24454,-0.69151
0.24454,0.70245
0.24454,-0.61757
0.24454,-0.16028
0.24454,-0.051381
-0.46812,-1.1879
-0.46812,-0.51042
-0.46812,0.3123
-0.46812,-0.8778
-0.46812,-0.25356
-0.46812,-0.95817
-0.46812,-0.059403
-0.46812,0.34252
-0.46812,0.24454
-0.46812,-1.4232
-0.46812,-0.80837
-0.46812,-0.58457
-0.46812,-0.99945
-0.46812,-0.13391
-0.46812,-0.69151
-0.46812,-0.61757
-0.46812,-0.23826
-0.46812,-0.16028
-0.46812,-0.051381
-0.46812,0.23196
1.5476,1.5214
1.5476,1.0704
1.5476,1.1774
1.5476,2.3925
1.5476,1.0242
1.5476,1.1542
1.5476,1.9507
1.5476,0.60831
1.5476,1.5397
1.5476,0.70245
1.5476,1.2445
1.5476,1.8905
1.5476,2.0042
1.5476,1.7049
1.5476,0.84129
2.736,3.1735
2.736,3.0459
2.736,3.6611
2.736,2.7643
2.736,1.8626
2.736,3.1328
2.736,2.0076
2.736,2.4933
2.736,2.13
2.736,3.3228
2.736,2.6493
2.736,2.3599
2.736,2.4191
2.736,3.3919
1.8626,1.2086
1.8626,1.5082
1.8626,2.7643
1.8626,2.736
1.8626,1.4461
1.8626,2.0076
1.8626,2.529
1.8626,2.4933
1.8626,2.13
1.8626,1.7659
1.8626,2.3599
1.8626,1.9038
1.8626,2.1399
2.7486,3.1735
2.7486,3.5277
2.7486,2.6493
2.7486,2.4191
-4.2218,-4.58
-4.2218,-5.075
-4.2218,-4.7666
-4.2218,-4.9696
-4.2218,-3.8536
-4.2218,-3.8148
-4.2218,-3.6803
-4.2218,-3.3134
-4.2218,-4.5077
-4.2218,-4.6344
-4.2218,-4.1572
-0.20218,0.65193
-0.20218,-0.078943
-0.20218,0.12782
-0.20218,-1.0961
-0.20218,-0.54642
3.1328,3.1735
3.1328,3.0459
3.1328,3.6611
3.1328,3.9122
3.1328,3.7231
3.1328,2.7643
3.1328,2.736
3.1328,3.5405
3.1328,2.4933
3.1328,2.13
3.1328,3.3228
3.1328,2.6493
3.1328,2.3599
3.1328,3.0448
3.1328,3.3919
3.1328,3.8014
-2.8856,-3.3304
-2.8856,-3.6803
-2.8856,-3.5042
-2.8856,-3.8782
-2.8856,-2.911
4.7316,4.4504
4.7316,5.1064
4.7316,4.4896
4.7316,4.1544
4.7316,4.0654
1.1542,1.4621
1.1542,1.5214
1.1542,1.1774
1.1542,0.99181
1.1542,0.70848
1.1542,1.0242
1.1542,1.5476
1.1542,0.50602
1.1542,0.60831
1.1542,0.20605
1.1542,2.0042
1.1542,1.7049
1.1542,0.51256
1.1542,0.84129
-3.6803,-4.58
-3.6803,-3.8148
-3.6803,-4.2218
-3.6803,-2.8856
-3.6803,-3.3134
-3.6803,-4.2608
-3.6803,-3.5042
-3.6803,-3.8782
-3.6803,-4.1572
-3.6803,-2.911
2.2552,3.202
2.2552,1.5671
2.2552,2.0628
2.2552,2.2665
2.2552,2.7643
2.2552,2.6465
2.2552,2.7967
2.2552,1.4461
2.2552,2.529
2.2552,2.9551
2.2552,2.4099
2.2552,1.7659
2.2552,2.3599
2.2552,1.9038
2.2552,2.8293
2.2552,3.0448
2.2552,2.1399
2.2552,1.7365
2.7967,3.202
2.7967,2.0628
2.7967,2.2665
2.7967,2.6465
2.7967,3.0443
2.7967,2.2552
2.7967,3.3956
2.7967,2.5968
2.7967,3.6325
2.7967,2.9551
2.7967,2.4099
2.7967,2.8293
2.7967,3.4923
2.7967,3.3199
-1.5061,-1.1179
-1.5061,-2.0188
-1.5061,-0.50551
-1.5061,-0.99945
-1.5061,-0.69151
-1.5061,-1.4372
-1.5061,-1.0259
4.3754,4.9876
4.3754,4.591
4.3754,3.8361
4.3754,3.6611
4.3754,3.9122
4.3754,3.7231
4.3754,3.5405
4.3754,4.0519
4.3754,4.1652
4.3754,4.8
4.3754,4.356
4.3754,3.3919
-1.4232,-1.1879
-1.4232,-2.0188
-1.4232,-1.6568
-1.4232,-1.2888
-1.4232,-0.8778
-1.4232,-0.95817
-1.4232,-0.46812
-1.4232,-0.80837
-1.4232,-0.99945
-1.4232,-1.8459
-1.4232,-1.4372
-1.4232,-0.61757
-1.4232,-2.0084
3.2815,3.202
3.2815,3.0459
3.2815,3.8361
3.2815,3.7941
3.2815,3.7231
3.2815,2.7643
3.2815,2.6465
3.2815,3.3956
3.2815,3.5405
3.2815,2.529
3.2815,4.0519
3.2815,4.1652
3.2815,2.9551
3.2815,2.8293
3.2815,3.0448
3.2815,3.4923
3.2815,3.3919
3.2815,4.0654
-0.80837,-1.1879
-0.80837,-0.51042
-0.80837,-1.6568
-0.80837,-1.2888
-0.80837,-0.8778
-0.80837,-0.95817
-0.80837,-0.059403
-0.80837,-0.46812
-0.80837,-1.4232
-0.80837,-0.58457
-0.80837,-1.0573
-0.80837,-0.99945
-0.80837,-0.13391
-0.80837,-0.61757
-0.80837,-0.23826
-0.80837,-0.16028
-0.80837,-0.051381
0.65282,0.2117
0.65282,-0.15541
0.65282,0.75158
0.65282,1.4719
0.65282,0.5407
0.65282,0.3123
0.65282,-0.25356
0.65282,0.81556
0.65282,0.34252
0.65282,0.24454
0.65282,1.4989
0.65282,1.0992
0.65282,0.22162
0.65282,1.0155
0.65282,-0.13391
0.65282,0.70245
0.65282,1.2445
1.9507,1.0704
1.9507,1.8301
1.9507,2.3925
1.9507,2.2997
1.9507,1.5476
1.9507,1.4989
1.9507,1.5397
1.9507,1.2445
1.9507,1.8905
1.9507,2.6925
1.4461,1.5671
1.4461,2.0628
1.4461,1.2086
1.4461,1.8626
1.4461,2.2552
1.4461,1.7659
1.4461,1.9038
1.4461,0.8887
1.4461,2.1399
1.4461,1.0387
2.0076,1.5082
2.0076,2.736
2.0076,1.8626
2.0076,2.4933
2.0076,2.13
2.0076,2.6493
2.0076,1.5656
2.0076,2.4191
2.106,2.2665
2.106,2.5968
2.106,1.8756
2.106,2.8335
3.3956,3.202
3.3956,3.7941
3.3956,2.6465
3.3956,3.0443
3.3956,3.8516
3.3956,2.7967
3.3956,3.2815
3.3956,2.5968
3.3956,3.6325
3.3956,2.9551
3.3956,2.4099
3.3956,4.1544
3.3956,3.4923
3.3956,3.3199
3.3956,4.0654
2.2444,1.4621
2.2444,1.5214
2.2444,2.7886
2.2444,2.0042
2.2444,1.7049
0.50602,0.30292
0.50602,0.65193
0.50602,0.99181
0.50602,-0.14463
0.50602,0.70848
0.50602,1.0242
0.50602,-0.078943
0.50602,1.1542
0.50602,0.20605
0.50602,0.12782
0.50602,0.51256
3.5405,3.202
3.5405,3.0459
3.5405,3.8361
3.5405,3.6611
3.5405,3.7941
3.5405,3.7231
3.5405,2.7643
3.5405,3.1328
3.5405,4.3754
3.5405,3.2815
3.5405,4.0519
3.5405,4.1652
3.5405,2.8293
3.5405,3.0448
3.5405,3.4923
3.5405,3.3919
3.5405,4.0654
5.1064,4.591
5.1064,4.7316
5.1064,4.4896
5.1064,4.8
5.1064,5.4254
-0.58457,0.30292
-0.58457,-1.1879
-0.58457,-0.51042
-0.58457,-1.2888
-0.58457,0.3123
-0.58457,-0.14463
-0.58457,-0.8778
-0.58457,-0.95817
-0.58457,-0.059403
-0.58457,-0.46812
-0.58457,-0.80837
-0.58457,-1.0573
-0.58457,-0.13391
-0.58457,-0.61757
-0.58457,-0.23826
-0.58457,-0.16028
-0.58457,-0.54911
-0.58457,-0.051381
-0.58457,0.23196
0.82735,1.2086
0.82735,1.5082
0.82735,1.5656
-1.0573,-1.1879
-1.0573,-0.51042
-1.0573,-1.6568
-1.0573,-1.2888
-1.0573,-0.74576
-1.0573,-1.7844
-1.0573,-0.14463
-1.0573,-0.95817
-1.0573,-0.80837
-1.0573,-0.58457
-1.0573,-1.152
-1.0573,-0.23826
-1.0573,-0.54911
-1.0573,-1.6794
-1.0573,-0.54642
4.4896,4.591
4.4896,3.8361
4.4896,3.7941
4.4896,4.7316
4.4896,5.1064
4.4896,4.1652
4.4896,4.8
4.4896,4.1544
4.4896,4.0654
-5.2669,-5.191
-5.2669,-4.58
-5.2669,-5.398
-5.2669,-4.7666
-5.2669,-4.9696
-5.2669,-5.6827
-5.2669,-4.798
-5.2669,-4.64
-5.2669,-5.9121
2.529,3.202
2.529,2.0628
2.529,3.0459
2.529,2.7643
2.529,2.6465
2.529,1.8626
2.529,2.2552
2.529,3.2815
2.529,2.4933
2.529,2.9551
2.529,2.4099
2.529,1.7659
2.529,2.3599
2.529,1.9038
2.529,2.8293
2.529,3.0448
2.529,2.1399
2.529,3.3919
2.4933,3.0459
2.4933,1.5082
2.4933,2.7643
2.4933,2.736
2.4933,1.8626
2.4933,3.1328
2.4933,2.0076
2.4933,2.529
2.4933,2.13
2.4933,3.3228
2.4933,2.6493
2.4933,1.7659
2.4933,2.3599
2.4933,3.0448
2.4933,2.1399
2.4933,3.3919
0.60831,0.30292
0.60831,1.0704
0.60831,0.75158
0.60831,0.3123
0.60831,1.1774
0.60831,-0.14463
0.60831,0.70848
0.60831,1.0242
0.60831,-0.059403
0.60831,0.34252
0.60831,1.5476
0.60831,1.1542
0.60831,0.20605
0.60831,0.70245
0.60831,1.2445
0.60831,-0.23826
0.60831,0.51256
0.60831,-0.051381
0.60831,0.84129
0.60831,0.23196
1.4989,1.0704
1.4989,0.75158
1.4989,1.4719
1.4989,1.8301
1.4989,2.2997
1.4989,0.65282
1.4989,1.9507
1.4989,1.0992
1.4989,1.5397
1.4989,1.0155
1.4989,1.2445
2.5968,2.2665
2.5968,3.0443
2.5968,2.7967
2.5968,2.106
2.5968,3.3956
2.5968,2.9551
2.5968,2.4099
2.5968,1.8756
2.5968,2.8335
2.5968,3.3199
0.20605,0.30292
0.20605,-0.51042
0.20605,0.99181
0.20605,-0.14463
0.20605,0.70848
0.20605,1.0242
0.20605,-0.059403
0.20605,-0.078943
0.20605,1.1542
0.20605,0.50602
0.20605,0.60831
0.20605,0.12782
0.20605,-0.23826
0.20605,-0.54911
0.20605,0.51256
0.20605,0.84129
0.20605,0.23196
3.6325,3.202
3.6325,4.4504
3.6325,3.7941
3.6325,3.0443
3.6325,3.8516
3.6325,2.7967
3.6325,3.3956
3.6325,2.9551
3.6325,4.1544
3.6325,3.4923
3.6325,3.3199
3.6325,4.0654
-4.798,-5.191
-4.798,-4.58
-4.798,-5.398
-4.798,-4.7666
-4.798,-4.9696
-4.798,-5.6827
-4.798,-4.4534
-4.798,-5.2669
-4.798,-4.2608
-4.798,-3.8782
-4.798,-4.64
-4.798,-4.1572
1.0992,0.75158
1.0992,1.4719
1.0992,1.8301
1.0992,0.5407
1.0992,0.81556
1.0992,0.24454
1.0992,0.65282
1.0992,1.4989
1.0992,0.22162
1.0992,1.0155
1.0992,1.2445
-0.99945,-1.1879
-0.99945,-0.8778
-0.99945,-0.25356
-0.99945,-0.46812
-0.99945,-1.5061
-0.99945,-1.4232
-0.99945,-0.80837
-0.99945,-1.8459
-0.99945,-0.13391
-0.99945,-0.69151
-0.99945,-1.4372
-0.99945,-0.61757
-0.99945,-0.16028
-0.99945,-1.0259
4.0519,4.591
4.0519,3.8361
4.0519,3.6611
4.0519,3.9122
4.0519,3.7941
4.0519,3.7231
4.0519,4.3754
4.0519,3.2815
4.0519,3.5405
4.0519,4.1652
4.0519,4.8
4.0519,4.356
4.0519,3.3919
2.13,3.0459
2.13,1.5082
2.13,2.7643
2.13,2.736
2.13,1.8626
2.13,3.1328
2.13,2.0076
2.13,2.4933
2.13,2.6493
2.13,1.7659
2.13,2.3599
2.13,2.1399
2.13,1.5656
2.13,2.4191
4.1652,4.591
4.1652,3.8361
4.1652,3.7941
4.1652,3.7231
4.1652,4.3754
4.1652,3.2815
4.1652,3.5405
4.1652,4.4896
4.1652,4.0519
4.1652,4.8
4.1652,3.4923
4.1652,3.3919
4.1652,4.0654
3.7617,4.4504
3.7617,3.8516
3.7617,2.8335
3.7617,3.3199
-1.8459,-1.1879
-1.8459,-2.0188
-1.8459,-1.6568
-1.8459,-1.2888
-1.8459,-0.8778
-1.8459,-1.4232
-1.8459,-0.99945
-1.8459,-2.593
-1.8459,-1.4372
-1.8459,-2.0084
-1.152,-0.51042
-1.152,-1.2888
-1.152,-0.74576
-1.152,-1.7844
-1.152,-0.95817
-1.152,-1.0573
-1.152,-1.0961
-1.152,-0.54911
-1.152,-1.6794
-1.152,-0.54642
3.3228,3.1735
3.3228,3.0459
3.3228,3.5277
3.3228,3.6611
3.3228,3.9122
3.3228,3.7231
3.3228,2.736
3.3228,3.1328
3.3228,2.4933
3.3228,2.6493
3.3228,3.3919
3.3228,3.8014
0.12782,0.65193
0.12782,0.99181
0.12782,-0.14463
0.12782,-0.078943
0.12782,-0.20218
0.12782,0.50602
0.12782,0.20605
0.12782,0.51256
0.12782,-0.54642
-5.6911,-6.3136
-5.6911,-5.075
-5.6911,-5.5817
-5.6911,-4.8648
2.9551,3.202
2.9551,2.0628
2.9551,2.2665
2.9551,3.7941
2.9551,2.6465
2.9551,3.0443
2.9551,2.2552
2.9551,2.7967
2.9551,3.2815
2.9551,3.3956
2.9551,2.529
2.9551,2.5968
2.9551,3.6325
2.9551,2.4099
2.9551,2.8293
2.9551,3.0448
2.9551,3.4923
2.4099,3.202
2.4099,1.5671
2.4099,2.0628
2.4099,2.2665
2.4099,2.6465
2.4099,3.0443
2.4099,2.2552
2.4099,2.7967
2.4099,3.3956
2.4099,2.529
2.4099,2.5968
2.4099,2.9551
2.4099,1.8756
2.4099,1.9038
2.4099,2.8293
2.4099,1.7365
-1.0961,-0.74576
-1.0961,-1.7844
-1.0961,-0.20218
-1.0961,-1.152
-1.0961,-0.54642
4.8,4.9876
4.8,4.591
4.8,4.3754
4.8,5.1064
4.8,4.4896
4.8,4.0519
4.8,4.1652
4.8,4.356
4.8,5.4254
1.5397,1.5214
1.5397,1.0704
1.5397,0.75158
1.5397,1.8301
1.5397,1.1774
1.5397,2.3925
1.5397,1.5476
1.5397,1.9507
1.5397,1.4989
1.5397,1.0155
1.5397,0.70245
1.5397,1.2445
1.5397,1.8905
1.5397,2.0042
1.5397,0.84129
0.22162,0.2117
0.22162,-0.15541
0.22162,0.75158
0.22162,0.5407
0.22162,-0.50551
0.22162,-0.25356
0.22162,0.81556
0.22162,0.34252
0.22162,0.24454
0.22162,0.65282
0.22162,1.0992
0.22162,1.0155
0.22162,-0.13391
0.22162,-0.69151
0.22162,-0.61757
0.22162,-0.16028
2.6493,3.1735
2.6493,3.0459
2.6493,2.736
2.6493,2.7486
2.6493,3.1328
2.6493,2.0076
2.6493,2.4933
2.6493,2.13
2.6493,3.3228
2.6493,2.3599
2.6493,2.4191
1.7659,1.5671
1.7659,1.2086
1.7659,1.5082
1.7659,2.7643
1.7659,1.8626
1.7659,2.2552
1.7659,1.4461
1.7659,2.529
1.7659,2.4933
1.7659,2.13
1.7659,2.3599
1.7659,1.9038
1.7659,0.8887
1.7659,2.1399
1.0155,1.0704
1.0155,0.75158
1.0155,1.4719
1.0155,1.8301
1.0155,0.5407
1.0155,0.3123
1.0155,0.34252
1.0155,0.24454
1.0155,0.65282
1.0155,1.4989
1.0155,1.0992
1.0155,1.5397
1.0155,0.22162
1.0155,0.70245
1.0155,1.2445
4.1544,4.4504
4.1544,3.7941
4.1544,3.8516
4.1544,4.7316
4.1544,3.3956
4.1544,4.4896
4.1544,3.6325
4.1544,3.4923
4.1544,4.0654
1.8756,2.0628
1.8756,2.2665
1.8756,1.1956
1.8756,2.106
1.8756,2.5968
1.8756,2.4099
1.8756,1.7365
-0.13391,-0.15541
-0.13391,0.75158
-0.13391,0.3123
-0.13391,-0.8778
-0.13391,-0.25356
-0.13391,0.34252
-0.13391,0.24454
-0.13391,-0.46812
-0.13391,-0.80837
-0.13391,0.65282
-0.13391,-0.58457
-0.13391,-0.99945
-0.13391,0.22162
-0.13391,-0.69151
-0.13391,0.70245
-0.13391,-0.61757
-0.13391,-0.23826
-0.13391,-0.16028
-0.13391,-0.051381
-0.13391,0.23196
-0.69151,-1.1179
-0.69151,-0.15541
-0.69151,-0.50551
-0.69151,-0.8778
-0.69151,-0.25356
-0.69151,0.24454
-0.69151,-0.46812
-0.69151,-1.5061
-0.69151,-0.99945
-0.69151,0.22162
-0.69151,-0.13391
-0.69151,-1.4372
-0.69151,-0.61757
-0.69151,-0.16028
-0.69151,-1.0259
-3.3134,-3.8536
-3.3134,-3.8148
-3.3134,-4.2218
-3.3134,-3.6803
-3.3134,-3.1372
-3.3134,-2.911
-4.5077,-5.075
-4.5077,-3.9905
-4.5077,-4.9696
-4.5077,-3.8536
-4.5077,-3.8148
-4.5077,-4.2218
-4.5077,-4.8648
-4.5077,-4.6344
0.70245,0.30292
0.70245,1.0704
0.70245,0.75158
0.70245,0.3123
0.70245,1.1774
0.70245,0.70848
0.70245,0.34252
0.70245,0.24454
0.70245,1.5476
0.70245,0.65282
0.70245,0.60831
0.70245,1.5397
0.70245,1.0155
0.70245,-0.13391
0.70245,1.2445
0.70245,-0.16028
0.70245,-0.051381
0.70245,0.84129
0.70245,0.23196
-2.593,-2.0188
-2.593,-1.8459
-2.593,-2.0084
2.3599,3.0459
2.3599,1.5082
2.3599,2.7643
2.3599,2.736
2.3599,1.8626
2.3599,3.1328
2.3599,2.2552
2.3599,2.529
2.3599,2.4933
2.3599,2.13
2.3599,2.6493
2.3599,1.7659
2.3599,1.9038
2.3599,2.8293
2.3599,3.0448
2.3599,2.1399
2.8335,3.0443
2.8335,2.106
2.8335,2.5968
2.8335,3.7617
2.8335,3.3199
-4.2608,-5.191
-4.2608,-4.58
-4.2608,-3.9558
-4.2608,-4.7666
-4.2608,-4.4534
-4.2608,-3.6803
-4.2608,-4.798
-4.2608,-3.5042
-4.2608,-3.8782
-4.2608,-4.64
-4.2608,-4.1572
-3.5042,-3.9558
-3.5042,-3.3304
-3.5042,-2.8856
-3.5042,-3.6803
-3.5042,-4.2608
-3.5042,-3.8782
-3.5042,-4.1572
-3.5042,-2.911
-4.8648,-5.075
-4.8648,-3.9905
-4.8648,-5.6911
-4.8648,-4.5077
1.9038,1.5671
1.9038,2.0628
1.9038,1.2086
1.9038,2.6465
1.9038,1.8626
1.9038,2.2552
1.9038,1.4461
1.9038,2.529
1.9038,2.4099
1.9038,1.7659
1.9038,2.3599
1.9038,2.8293
1.9038,2.1399
1.9038,1.7365
1.9038,1.0387
2.8293,3.202
2.8293,2.0628
2.8293,3.0459
2.8293,3.7941
2.8293,2.7643
2.8293,2.6465
2.8293,2.2552
2.8293,2.7967
2.8293,3.2815
2.8293,3.5405
2.8293,2.529
2.8293,2.9551
2.8293,2.4099
2.8293,2.3599
2.8293,1.9038
2.8293,3.0448
2.8293,3.4923
2.8293,2.1399
2.8293,3.3919
-3.8782,-4.58
-3.8782,-3.9558
-3.8782,-4.7666
-3.8782,-4.4534
-3.8782,-3.3304
-3.8782,-3.8148
-3.8782,-2.8856
-3.8782,-3.6803
-3.8782,-4.798
-3.8782,-4.2608
-3.8782,-3.5042
-3.8782,-4.64
-3.8782,-4.1572
-1.4372,-1.1879
-1.4372,-2.0188
-1.4372,-0.8778
-1.4372,-1.5061
-1.4372,-1.4232
-1.4372,-0.99945
-1.4372,-1.8459
-1.4372,-0.69151
-1.4372,-0.61757
-1.4372,-1.0259
1.2445,1.0704
1.2445,0.75158
1.2445,1.8301
1.2445,0.3123
1.2445,1.1774
1.2445,0.34252
1.2445,1.5476
1.2445,0.65282
1.2445,1.9507
1.2445,0.60831
1.2445,1.4989
1.2445,1.0992
1.2445,1.5397
1.2445,1.0155
1.2445,0.70245
1.2445,1.8905
1.2445,0.84129
-0.61757,-1.1879
-0.61757,-0.15541
-0.61757,-0.50551
-0.61757,-0.8778
-0.61757,-0.25356
-0.61757,0.34252
-0.61757,0.24454
-0.61757,-0.46812
-0.61757,-1.4232
-0.61757,-0.80837
-0.61757,-0.58457
-0.61757,-0.99945
-0.61757,0.22162
-0.61757,-0.13391
-0.61757,-0.69151
-0.61757,-1.4372
-0.61757,-0.16028
-0.61757,-1.0259
-0.61757,-0.051381
3.0448,3.202
3.0448,3.0459
3.0448,3.8361
3.0448,3.6611
3.0448,3.7941
3.0448,3.7231
3.0448,2.7643
3.0448,2.6465
3.0448,3.1328
3.0448,2.2552
3.0448,3.2815
3.0448,3.5405
3.0448,2.529
3.0448,2.4933
3.0448,2.9551
3.0448,2.3599
3.0448,2.8293
3.0448,3.4923
3.0448,2.1399
3.0448,3.3919
1.8905,1.5214
1.8905,1.0704
1.8905,1.1774
1.8905,2.3925
1.8905,2.7886
1.8905,1.5476
1.8905,1.9507
1.8905,1.5397
1.8905,1.2445
1.8905,2.0042
1.8905,2.6925
-0.23826,0.30292
-0.23826,-1.1879
-0.23826,-0.51042
-0.23826,0.3123
-0.23826,-0.14463
-0.23826,-0.8778
-0.23826,-0.95817
-0.23826,-0.059403
-0.23826,0.34252
-0.23826,-0.46812
-0.23826,-0.80837
-0.23826,-0.58457
-0.23826,-1.0573
-0.23826,0.60831
-0.23826,0.20605
-0.23826,-0.13391
-0.23826,-0.16028
-0.23826,-0.54911
-0.23826,-0.051381
-0.23826,0.23196
-0.16028,-0.51042
-0.16028,0.75158
-0.16028,0.3123
-0.16028,-0.8778
-0.16028,-0.25356
-0.16028,-0.059403
-0.16028,0.34252
-0.16028,0.24454
-0.16028,-0.46812
-0.16028,-0.80837
-0.16028,-0.58457
-0.16028,-0.99945
-0.16028,0.22162
-0.16028,-0.13391
-0.16028,-0.69151
-0.16028,0.70245
-0.16028,-0.61757
-0.16028,-0.23826
-0.16028,-0.051381
-0.16028,0.23196
2.0042,1.5214
2.0042,1.1774
2.0042,2.3925
2.0042,2.7886
2.0042,1.0242
2.0042,1.5476
2.0042,1.1542
2.0042,2.2444
2.0042,1.5397
2.0042,1.8905
2.0042,1.7049
3.4923,3.202
3.4923,3.8361
3.4923,3.7941
3.4923,2.6465
3.4923,3.0443
3.4923,2.7967
3.4923,3.2815
3.4923,3.3956
3.4923,3.5405
3.4923,3.6325
3.4923,4.1652
3.4923,2.9551
3.4923,4.1544
3.4923,2.8293
3.4923,3.0448
3.4923,4.0654
0.8887,1.5671
0.8887,1.2086
0.8887,1.4461
0.8887,1.7659
0.8887,1.0387
-1.0259,-1.1179
-1.0259,-0.15541
-1.0259,-0.50551
-1.0259,-0.8778
-1.0259,-0.25356
-1.0259,-1.5061
-1.0259,-0.99945
-1.0259,-0.69151
-1.0259,-1.4372
-1.0259,-0.61757
-4.1829,-3.9558
-4.1829,-3.4834
-4.1829,-4.4534
-4.1829,-4.765
-4.1829,-4.64
-4.1829,-3.9767
-4.1829,-5.0749
-3.1372,-3.9905
-3.1372,-3.8536
-3.1372,-3.3134
-0.54911,0.30292
-0.54911,-0.51042
-0.54911,-1.2888
-0.54911,-0.74576
-0.54911,-0.14463
-0.54911,-0.95817
-0.54911,-0.059403
-0.54911,-0.078943
-0.54911,-0.58457
-0.54911,-1.0573
-0.54911,0.20605
-0.54911,-1.152
-0.54911,-0.23826
-0.54911,-0.54642
-4.765,-4.4534
-4.765,-4.1829
-4.765,-3.9767
-4.765,-5.0749
-4.64,-5.191
-4.64,-3.9558
-4.64,-4.7666
-4.64,-4.4534
-4.64,-5.2669
-4.64,-4.798
-4.64,-4.2608
-4.64,-3.8782
-4.64,-4.1829
-4.64,-5.0749
-1.6794,-1.6568
-1.6794,-1.2888
-1.6794,-2.2872
-1.6794,-1.7844
-1.6794,-0.95817
-1.6794,-1.0573
-1.6794,-1.152
-1.6794,-2.0084
1.7049,1.4621
1.7049,1.5214
1.7049,1.1774
1.7049,0.99181
1.7049,1.0242
1.7049,1.5476
1.7049,1.1542
1.7049,2.2444
1.7049,2.0042
3.3199,3.0443
3.3199,3.8516
3.3199,2.7967
3.3199,3.3956
3.3199,2.5968
3.3199,3.6325
3.3199,3.7617
3.3199,2.8335
0.51256,0.30292
0.51256,1.1774
0.51256,0.99181
0.51256,-0.14463
0.51256,0.70848
0.51256,1.0242
0.51256,-0.059403
0.51256,-0.078943
0.51256,1.1542
0.51256,0.50602
0.51256,0.60831
0.51256,0.20605
0.51256,0.12782
0.51256,0.84129
0.51256,0.23196
-3.9767,-3.4834
-3.9767,-4.1829
-3.9767,-4.765
2.1399,1.5671
2.1399,2.0628
2.1399,1.2086
2.1399,2.7643
2.1399,2.6465
2.1399,1.8626
2.1399,2.2552
2.1399,1.4461
2.1399,2.529
2.1399,2.4933
2.1399,2.13
2.1399,1.7659
2.1399,2.3599
2.1399,1.9038
2.1399,2.8293
2.1399,3.0448
1.7365,1.5671
1.7365,2.0628
1.7365,2.2665
1.7365,1.1956
1.7365,2.2552
1.7365,2.4099
1.7365,1.8756
1.7365,1.9038
1.7365,1.0387
1.0387,1.5671
1.0387,1.1956
1.0387,1.4461
1.0387,1.9038
1.0387,0.8887
1.0387,1.7365
-4.6344,-4.58
-4.6344,-5.398
-4.6344,-5.075
-4.6344,-4.7666
-4.6344,-4.9696
-4.6344,-3.8536
-4.6344,-5.5817
-4.6344,-3.8148
-4.6344,-4.2218
-4.6344,-4.5077
-4.6344,-4.1572
-0.54642,-0.74576
-0.54642,-0.14463
-0.54642,-0.078943
-0.54642,-0.20218
-0.54642,-1.0573
-0.54642,-1.152
-0.54642,0.12782
-0.54642,-1.0961
-0.54642,-0.54911
-5.9121,-6.3136
-5.9121,-5.398
-5.9121,-6.3955
-5.9121,-4.9696
-5.9121,-5.6827
-5.9121,-5.5817
-5.9121,-5.2669
1.5656,1.5082
1.5656,2.0076
1.5656,0.82735
1.5656,2.13
1.5656,2.4191
4.356,4.9876
4.356,3.6611
4.356,4.4508
4.356,3.9122
4.356,3.7231
4.356,4.3754
4.356,4.0519
4.356,4.8
4.356,3.8014
2.4191,3.1735
2.4191,2.736
2.4191,2.7486
2.4191,2.0076
2.4191,2.13
2.4191,2.6493
2.4191,1.5656
-0.051381,0.30292
-0.051381,-0.51042
-0.051381,0.75158
-0.051381,0.3123
-0.051381,-0.8778
-0.051381,-0.059403
-0.051381,0.34252
-0.051381,0.24454
-0.051381,-0.46812
-0.051381,-0.80837
-0.051381,-0.58457
-0.051381,0.60831
-0.051381,-0.13391
-0.051381,0.70245
-0.051381,-0.61757
-0.051381,-0.23826
-0.051381,-0.16028
-0.051381,0.84129
-0.051381,0.23196
3.3919,3.202
3.3919,3.0459
3.3919,3.8361
3.3919,3.6611
3.3919,3.9122
3.3919,3.7231
3.3919,2.7643
3.3919,2.736
3.3919,3.1328
3.3919,4.3754
3.3919,3.2815
3.3919,3.5405
3.3919,2.529
3.3919,2.4933
3.3919,4.0519
3.3919,4.1652
3.3919,3.3228
3.3919,2.8293
3.3919,3.0448
2.6925,2.3925
2.6925,2.7886
2.6925,2.2997
2.6925,1.9507
2.6925,1.8905
-4.1572,-4.58
-4.1572,-4.7666
-4.1572,-4.9696
-4.1572,-3.8148
-4.1572,-4.2218
-4.1572,-3.6803
-4.1572,-4.798
-4.1572,-4.2608
-4.1572,-3.5042
-4.1572,-3.8782
-4.1572,-4.6344
-5.0749,-5.191
-5.0749,-5.8278
-5.0749,-4.4534
-5.0749,-4.1829
-5.0749,-4.765
-5.0749,-4.64
-2.911,-3.8148
-2.911,-2.8856
-2.911,-3.6803
-2.911,-3.3134
-2.911,-3.5042
0.84129,0.30292
0.84129,1.5214
0.84129,1.0704
0.84129,0.75158
0.84129,0.3123
0.84129,1.1774
0.84129,0.70848
0.84129,1.0242
0.84129,-0.059403
0.84129,0.34252
0.84129,1.5476
0.84129,1.1542
0.84129,0.60831
0.84129,0.20605
0.84129,1.5397
0.84129,0.70245
0.84129,1.2445
0.84129,0.51256
0.84129,-0.051381
0.84129,0.23196
-2.0084,-1.1879
-2.0084,-1.6568
-2.0084,-1.2888
-2.0084,-2.2872
-2.0084,-1.4232
-2.0084,-1.8459
-2.0084,-2.593
-2.0084,-1.6794
3.8014,3.1735
3.8014,3.5277
3.8014,3.6611
3.8014,4.4508
3.8014,3.9122
3.8014,3.1328
3.8014,3.3228
3.8014,4.356
4.0654,3.202
4.0654,4.591
4.0654,3.8361
4.0654,3.7941
4.0654,4.7316
4.0654,3.2815
4.0654,3.3956
4.0654,3.5405
4.0654,4.4896
4.0654,3.6325
4.0654,4.1652
4.0654,4.1544
4.0654,3.4923
0.23196,0.30292
0.23196,1.0704
0.23196,-0.51042
0.23196,0.75158
0.23196,0.3123
0.23196,1.1774
0.23196,-0.14463
0.23196,0.70848
0.23196,1.0242
0.23196,-0.059403
0.23196,0.34252
0.23196,-0.46812
0.23196,-0.58457
0.23196,0.60831
0.23196,0.20605
0.23196,-0.13391
0.23196,0.70245
0.23196,-0.23826
0.23196,-0.16028
0.23196,0.51256
0.23196,-0.051381
0.23196,0.84129
5.4254,4.591
5.4254,5.1064
5.4254,4.8
