-0.094811,-0.5911
-0.094811,0.61047
-0.094811,0.11952
-0.094811,0.78914
-0.094811,-0.52465
-0.094811,0.38364
-0.094811,-1.0622
-0.094811,0.54782
-0.094811,-0.24594
-0.094811,0.26365
-0.094811,-0.59792
-0.094811,-0.81973
-0.094811,0.29761
-0.094811,-0.21076
-0.094811,0.49983
-0.094811,-0.50429
-0.094811,-0.28536
-0.094811,-0.88375
-0.094811,0.024407
-0.094811,-0.22555
-0.094811,0.61442
-0.094811,0.075428
-6.4503,-6.7894
-6.4503,-5.7842
-6.4503,-5.8561
-6.4503,-6.1371
-5.8156,-6.5537
-5.8156,-6.1177
-5.8156,-5.039
-5.8156,-5.5871
-5.8156,-5.0411
-5.8156,-5.3023
-5.8156,-5.6598
-4.8299,-5.6022
-4.8299,-5.2594
-4.8299,-5.133
-4.8299,-5.2244
-4.8299,-4.0447
-4.8299,-4.4866
-4.8299,-5.5871
-4.8299,-5.0411
-4.8299,-4.6598
-4.8299,-4.2369
-4.8299,-4.7274
-4.8299,-4.3457
0.35833,0.028181
0.35833,0.75739
0.35833,-0.32644
0.35833,-0.10222
0.35833,1.0188
0.35833,0.10735
0.35833,0.45609
-1.5201,-1.8218
-1.5201,-1.8209
-1.5201,-1.3199
-1.5201,-0.97334
-1.5201,-1.0622
-1.5201,-0.59792
-1.5201,-1.4108
-1.5201,-1.1141
-1.5201,-0.81973
-1.5201,-0.97152
-1.5201,-1.9257
-1.5201,-1.3365
-1.5201,-1.8333
-1.5201,-2.1347
-0.86221,-0.32644
-0.86221,0.10735
-0.86221,-1.6258
-0.86221,-0.62183
-0.86221,-0.92745
-5.6022,-4.8299
-5.6022,-5.2594
-5.6022,-5.133
-5.6022,-5.2244
-5.6022,-6.1177
-5.6022,-5.7842
-5.6022,-5.5871
-5.6022,-5.0411
-5.6022,-6.1371
0.79125,-0.013814
0.79125,0.4074
0.79125,0.70847
0.79125,1.5681
0.79125,-0.037162
0.79125,1.2039
0.028181,0.35833
0.028181,0.75739
0.028181,-0.32644
0.028181,-0.10222
0.028181,0.10735
0.028181,0.21706
0.028181,0.66444
0.028181,0.45609
0.028181,-0.18616
0.028181,-0.62183
0.028181,-0.55382
0.028181,-0.92745
1.0339,0.95638
1.0339,0.78914
1.0339,0.4074
1.0339,0.38364
1.0339,0.54782
1.0339,1.2047
1.0339,0.70847
1.0339,1.5681
1.0339,0.29761
1.0339,1.3544
1.0339,1.5941
1.0339,1.6199
1.0339,1.2039
1.0339,0.024407
1.0339,0.61442
-6.5537,-5.8156
-6.5537,-6.7894
-6.5537,-6.1177
-6.5537,-5.6598
-5.2594,-4.8299
-5.2594,-5.6022
-5.2594,-5.133
-5.2594,-5.2244
-5.2594,-5.7842
-5.2594,-4.4866
-5.2594,-5.8561
-5.2594,-4.6759
-5.2594,-5.032
-5.2594,-4.7274
3.4572,3.7471
3.4572,3.9922
3.4572,4.2432
3.4572,3.0605
3.4572,2.9964
3.4572,3.4989
3.4572,3.6306
3.4572,2.9288
3.4572,2.6813
3.4572,4.1124
3.6231,4.3141
3.6231,4.2278
3.6231,3.1429
3.6231,3.0512
3.6231,2.6897
3.6231,3.3591
3.6231,3.7439
3.6231,3.9009
3.6231,3.9729
3.6231,2.9466
3.6231,4.1005
3.6231,3.3587
3.6231,2.8582
3.6231,3.2602
3.6231,3.4285
3.6231,3.92
3.6231,3.7681
3.6231,4.5103
0.95638,1.0339
0.95638,0.61047
0.95638,0.11952
0.95638,0.78914
0.95638,0.54782
0.95638,0.26365
0.95638,1.2047
0.95638,0.66444
0.95638,1.8545
0.95638,0.29761
0.95638,1.5662
0.95638,1.0613
0.95638,1.3544
0.95638,1.0295
0.95638,0.49983
0.95638,1.4304
0.95638,1.5941
0.95638,0.61442
0.95638,0.075428
-1.8218,-1.5201
-1.8218,-1.6258
-1.8218,-1.4108
-1.8218,-0.97152
-1.8218,-1.9257
-1.8218,-2.5566
-1.8218,-1.3365
-1.8218,-0.92745
5.3013,4.6663
5.3013,4.6937
5.3013,5.1425
5.3013,4.6984
5.3013,5.8195
-0.5911,-0.094811
-0.5911,-1.3199
-0.5911,-1.1725
-0.5911,0.11952
-0.5911,-0.52465
-0.5911,-0.97334
-0.5911,-1.0622
-0.5911,-0.24594
-0.5911,-0.707
-0.5911,-0.59792
-0.5911,-1.1141
-0.5911,-0.81973
-0.5911,-1.2892
-0.5911,0.29761
-0.5911,-0.21076
-0.5911,-0.50429
-0.5911,-0.28536
-0.5911,-0.88375
-0.5911,0.024407
-0.5911,-0.22555
-0.5911,0.075428
5.056,4.3141
5.056,4.2278
5.056,4.6937
5.056,5.5954
5.056,4.9317
5.056,4.478
5.056,4.6766
5.056,5.1425
5.056,4.5103
5.056,5.8195
-4.5791,-4.25
-4.5791,-5.039
-4.5791,-3.7017
-4.5791,-5.0411
-4.5791,-4.6598
-4.5791,-3.9702
-4.5791,-4.2369
-4.5791,-4.8111
-4.5791,-5.3023
-5.133,-4.8299
-5.133,-5.6022
-5.133,-5.2594
-5.133,-5.2244
-5.133,-4.4866
-5.133,-5.5871
-5.133,-5.0411
-5.133,-4.6598
-5.133,-4.2369
-5.133,-5.3023
-5.133,-4.7274
-5.133,-4.3457
1.9595,2.4974
1.9595,2.759
1.9595,1.6951
1.9595,2.6897
1.9595,1.9133
1.9595,2.8582
1.9595,2.1436
1.9595,2.3353
1.9595,1.2368
1.9595,2.5611
1.9595,2.2169
1.9595,1.4746
2.4974,1.9595
2.4974,2.759
2.4974,3.0512
2.4974,2.6897
2.4974,3.3591
2.4974,1.9133
2.4974,2.9466
2.4974,3.0529
2.4974,3.3587
2.4974,2.8582
2.4974,2.3607
2.4974,2.3353
2.4974,3.2602
2.4974,2.5611
2.4974,2.2169
0.61047,-0.094811
0.61047,0.95638
0.61047,0.11952
0.61047,0.78914
0.61047,0.26365
0.61047,0.21706
0.61047,0.66444
0.61047,0.29761
0.61047,1.0613
0.61047,1.3544
0.61047,0.45609
0.61047,1.0295
0.61047,-0.18616
0.61047,0.49983
0.61047,1.4304
0.61047,-0.28536
0.61047,-0.22555
0.61047,0.61442
0.61047,0.075428
3.4244,3.9922
3.4244,4.0902
3.4244,3.1429
3.4244,3.0605
3.4244,3.4989
3.4244,3.7439
3.4244,3.9729
3.4244,2.9466
3.4244,2.898
3.4244,2.4989
3.4244,3.6306
3.4244,2.9288
3.4244,2.709
3.4244,3.2602
3.4244,3.4285
3.4244,3.7681
-4.1425,-4.0446
-4.1425,-4.6759
-4.1425,-5.032
-4.1425,-3.4552
1.2789,1.8821
1.2789,0.75739
1.2789,1.0188
1.2789,0.66444
1.2789,1.5662
1.2789,1.0613
1.2789,0.45609
1.2789,1.0295
1.2789,1.4304
4.8417,4.3401
4.8417,5.2583
4.8417,4.1005
4.8417,4.0573
4.8417,4.6646
-1.8209,-1.5201
-1.8209,-1.3199
-1.8209,-2.4753
-1.8209,-0.97334
-1.8209,-1.0622
-1.8209,-1.4108
-1.8209,-1.1141
-1.8209,-0.81973
-1.8209,-1.2892
-1.8209,-1.9257
-1.8209,-1.8333
-1.8209,-2.1347
1.6114,1.8626
1.6114,2.2136
1.6114,1.9133
1.6114,1.1372
1.6114,2.1436
1.6114,2.3353
1.6114,1.2368
1.6114,2.5611
1.8821,1.2789
1.8821,2.225
1.8821,1.5662
1.8821,1.0613
3.7471,3.4572
3.7471,2.9964
3.7471,3.6306
3.7471,4.1124
4.3141,3.6231
4.3141,5.056
4.3141,4.2278
4.3141,4.0902
4.3141,4.6937
4.3141,3.7439
4.3141,3.9729
4.3141,4.9317
4.3141,4.478
4.3141,4.6766
4.3141,3.4285
4.3141,3.92
4.3141,3.7681
4.3141,4.5103
-1.3199,-1.5201
-1.3199,-0.5911
-1.3199,-1.8209
-1.3199,-0.97334
-1.3199,-1.0622
-1.3199,-0.59792
-1.3199,-1.4108
-1.3199,-1.1141
-1.3199,-0.81973
-1.3199,-1.2892
-1.3199,-1.554
-1.3199,-0.50429
-1.3199,-0.88375
-1.3199,-1.8333
-1.3199,-2.1347
-1.1725,-0.5911
-1.1725,-0.52465
-1.1725,-1.0622
-1.1725,-0.707
-1.1725,-1.2892
-1.1725,-0.21076
-1.1725,-1.554
-1.1725,-0.48277
-1.1725,-1.8252
-1.1725,-0.88375
-1.1725,-1.8333
-1.1725,-1.1739
0.75739,0.35833
0.75739,0.028181
0.75739,1.2789
0.75739,-0.10222
0.75739,1.0188
0.75739,0.26365
0.75739,0.21706
0.75739,0.66444
0.75739,1.0613
0.75739,0.45609
0.75739,1.0295
-2.4753,-1.8209
-2.4753,-2.2539
-2.4753,-1.8333
-2.4753,-2.1347
0.11952,-0.094811
0.11952,0.95638
0.11952,-0.5911
0.11952,0.61047
0.11952,0.78914
0.11952,-0.24594
0.11952,0.26365
0.11952,0.21706
0.11952,-0.59792
0.11952,0.66444
0.11952,-0.81973
0.11952,0.29761
0.11952,1.0295
0.11952,-0.18616
0.11952,0.49983
0.11952,-0.50429
0.11952,-0.28536
0.11952,-0.22555
0.11952,0.61442
0.11952,0.075428
1.8626,1.6114
1.8626,2.2136
1.8626,2.3005
1.8626,1.1372
1.8626,2.4989
1.8626,2.1436
1.8626,2.709
1.8626,1.8314
-0.32644,0.35833
-0.32644,-0.86221
-0.32644,0.028181
-0.32644,-0.10222
-0.32644,0.10735
-0.32644,0.45609
-0.32644,-0.62183
-0.32644,-0.55382
-0.32644,-0.92745
3.9922,3.4572
3.9922,3.4244
3.9922,4.2432
3.9922,4.0902
3.9922,3.0605
3.9922,3.4989
3.9922,4.6937
3.9922,3.9729
3.9922,4.478
3.9922,3.6306
3.9922,3.4285
3.9922,4.6984
3.9922,3.7681
3.9922,4.1124
-2.2539,-2.4753
-2.2539,-1.554
-2.2539,-1.8252
-2.2539,-1.8333
-0.013814,0.79125
-0.013814,0.4074
-0.013814,-0.82312
-0.013814,-0.037162
-0.013814,-0.48277
4.6663,5.3013
4.6663,4.2432
4.6663,4.6984
4.6663,4.1124
0.78914,-0.094811
0.78914,1.0339
0.78914,0.95638
0.78914,0.61047
0.78914,0.11952
0.78914,0.38364
0.78914,0.54782
0.78914,1.2047
0.78914,0.70847
0.78914,0.29761
0.78914,1.3544
0.78914,1.0295
0.78914,0.49983
0.78914,1.5941
0.78914,1.6199
0.78914,1.2039
0.78914,0.024407
0.78914,0.61442
0.78914,0.075428
2.759,1.9595
2.759,2.4974
2.759,3.0512
2.759,3.5156
2.759,2.6897
2.759,3.3591
2.759,2.6825
2.759,3.0529
2.759,3.3587
2.759,2.8582
2.759,2.3607
2.759,2.2169
-4.25,-4.5791
-4.25,-5.039
-4.25,-3.7017
-4.25,-4.6598
-4.25,-3.9702
-4.25,-4.8111
-4.25,-4.4379
-6.7894,-6.4503
-6.7894,-6.5537
-6.7894,-6.1177
-6.7894,-6.1371
4.2432,3.4572
4.2432,3.9922
4.2432,4.6663
4.2432,4.0902
4.2432,3.4989
4.2432,4.6937
4.2432,4.478
4.2432,3.6306
4.2432,4.6984
4.2432,3.7681
4.2432,4.1124
0.4074,0.79125
0.4074,1.0339
0.4074,-0.013814
0.4074,0.38364
0.4074,0.54782
0.4074,0.70847
0.4074,-0.037162
0.4074,-0.21076
0.4074,-0.48277
0.4074,1.2039
0.4074,0.024407
-5.2244,-4.8299
-5.2244,-5.6022
-5.2244,-5.2594
-5.2244,-5.133
-5.2244,-5.7842
-5.2244,-4.4866
-5.2244,-5.5871
-5.2244,-5.0411
-5.2244,-4.6759
-5.2244,-4.7274
-5.2244,-6.1371
-0.52465,-0.094811
-0.52465,-0.5911
-0.52465,-1.1725
-0.52465,0.38364
-0.52465,-1.0622
-0.52465,-0.24594
-0.52465,-0.707
-0.52465,-0.037162
-0.52465,-0.81973
-0.52465,-1.2892
-0.52465,0.29761
-0.52465,-0.21076
-0.52465,-0.48277
-0.52465,-0.50429
-0.52465,-0.88375
-0.52465,0.024407
-0.52465,-0.22555
-0.52465,0.075428
1.6951,1.9595
1.6951,2.3607
1.6951,2.2169
1.6951,1.4746
4.2278,3.6231
4.2278,5.056
4.2278,4.3141
4.2278,3.7439
4.2278,3.9009
4.2278,3.9729
4.2278,4.9317
4.2278,4.1005
4.2278,4.478
4.2278,4.6766
4.2278,3.3587
4.2278,4.6646
4.2278,3.2602
4.2278,3.4285
4.2278,3.92
4.2278,3.7681
4.2278,4.5103
4.0902,3.4244
4.0902,4.3141
4.0902,3.9922
4.0902,4.2432
4.0902,3.1429
4.0902,3.4989
4.0902,4.6937
4.0902,3.7439
4.0902,3.9729
4.0902,4.478
4.0902,4.6766
4.0902,3.6306
4.0902,3.4285
4.0902,4.6984
4.0902,3.7681
2.0656,2.3103
2.0656,1.2047
2.0656,1.8545
2.0656,1.3544
2.0656,1.4304
2.0656,1.5941
2.0656,1.6199
2.0656,2.6305
-6.1177,-5.8156
-6.1177,-5.6022
-6.1177,-6.5537
-6.1177,-6.7894
-6.1177,-5.5871
-6.1177,-5.3023
-6.1177,-6.1371
-0.97334,-1.5201
-0.97334,-0.5911
-0.97334,-1.8209
-0.97334,-1.3199
-0.97334,-1.0622
-0.97334,-0.59792
-0.97334,-1.4108
-0.97334,-1.1141
-0.97334,-0.81973
-0.97334,-0.97152
-0.97334,-1.9257
-0.97334,-0.18616
-0.97334,-0.62183
-0.97334,-1.3365
-0.97334,-0.55382
-0.97334,-0.50429
-0.97334,-0.28536
-0.97334,-0.22555
-0.10222,0.35833
-0.10222,0.028181
-0.10222,0.75739
-0.10222,-0.32644
-0.10222,0.26365
-0.10222,0.21706
-0.10222,-0.59792
-0.10222,0.66444
-0.10222,-0.97152
-0.10222,0.45609
-0.10222,-0.18616
-0.10222,-0.62183
-0.10222,-0.55382
-0.10222,-0.28536
-0.10222,-0.92745
2.3103,2.0656
2.3103,1.5681
2.3103,1.5941
2.3103,1.6199
2.3103,2.6305
-4.0446,-4.1425
-4.0446,-4.0447
-4.0446,-4.4866
-4.0446,-3.5425
-4.0446,-4.6759
-4.0446,-3.4552
-4.0446,-4.7274
0.38364,-0.094811
0.38364,1.0339
0.38364,0.78914
0.38364,0.4074
0.38364,-0.52465
0.38364,0.54782
0.38364,-0.24594
0.38364,1.2047
0.38364,0.70847
0.38364,-0.037162
0.38364,0.29761
0.38364,-0.21076
0.38364,1.2039
0.38364,0.024407
0.38364,0.61442
0.38364,0.075428
-5.039,-5.8156
-5.039,-4.5791
-5.039,-4.25
-5.039,-5.0411
-5.039,-4.6598
-5.039,-4.8111
-5.039,-5.3277
-5.039,-5.3023
-5.039,-5.6598
1.0188,0.35833
1.0188,1.2789
1.0188,0.75739
1.0188,0.45609
-1.0622,-0.094811
-1.0622,-1.5201
-1.0622,-0.5911
-1.0622,-1.8209
-1.0622,-1.3199
-1.0622,-1.1725
-1.0622,-0.52465
-1.0622,-0.97334
-1.0622,-0.24594
-1.0622,-0.707
-1.0622,-0.59792
-1.0622,-1.1141
-1.0622,-0.81973
-1.0622,-1.2892
-1.0622,-1.554
-1.0622,-0.50429
-1.0622,-0.88375
-1.0622,-1.8333
-1.0622,-0.22555
3.1429,3.6231
3.1429,3.4244
3.1429,4.0902
3.1429,3.0512
3.1429,3.0605
3.1429,2.2136
3.1429,3.4989
3.1429,2.6897
3.1429,3.7439
3.1429,3.9729
3.1429,2.9466
3.1429,2.898
3.1429,2.4989
3.1429,2.1436
3.1429,2.709
3.1429,3.2602
3.1429,3.4285
3.1429,2.5611
3.1429,3.7681
0.54782,-0.094811
0.54782,1.0339
0.54782,0.95638
0.54782,0.78914
0.54782,0.4074
0.54782,0.38364
0.54782,-0.24594
0.54782,1.2047
0.54782,0.70847
0.54782,-0.037162
0.54782,0.29761
0.54782,-0.21076
0.54782,0.49983
0.54782,1.2039
0.54782,0.024407
0.54782,0.61442
0.54782,0.075428
-5.7842,-6.4503
-5.7842,-5.6022
-5.7842,-5.2594
-5.7842,-5.2244
-5.7842,-5.8561
-5.7842,-6.1371
3.0512,3.6231
3.0512,2.4974
3.0512,2.759
3.0512,3.1429
3.0512,2.6897
3.0512,3.3591
3.0512,3.7439
3.0512,3.9009
3.0512,2.9466
3.0512,3.3587
3.0512,2.8582
3.0512,2.3353
3.0512,3.2602
3.0512,3.4285
3.0512,3.92
3.0512,2.5611
3.5156,2.759
3.5156,4.3401
3.5156,3.3591
3.5156,3.9009
3.5156,3.0529
3.5156,4.1005
3.5156,4.0573
3.5156,3.3587
3.5156,2.8582
3.5156,3.2711
3.5156,3.92
3.5156,3.7517
-0.24594,-0.094811
-0.24594,-0.5911
-0.24594,0.11952
-0.24594,-0.52465
-0.24594,0.38364
-0.24594,-1.0622
-0.24594,0.54782
-0.24594,-0.707
-0.24594,-0.037162
-0.24594,-0.81973
-0.24594,0.29761
-0.24594,-0.21076
-0.24594,-0.50429
-0.24594,-0.88375
-0.24594,0.024407
-0.24594,-0.22555
-0.24594,0.61442
-0.24594,0.075428
-3.7017,-4.5791
-3.7017,-4.25
-3.7017,-3.2883
-3.7017,-3.9702
-4.0447,-4.8299
-4.0447,-4.0446
-4.0447,-4.4866
-4.0447,-3.749
-4.0447,-3.5425
-4.0447,-4.2369
-4.0447,-3.4552
-4.0447,-4.7274
-4.0447,-4.3457
4.3401,4.8417
4.3401,3.5156
4.3401,3.9009
4.3401,4.1005
4.3401,4.0573
4.3401,4.6646
4.3401,3.7517
0.10735,0.35833
0.10735,-0.86221
0.10735,0.028181
0.10735,-0.32644
0.26365,-0.094811
0.26365,0.95638
0.26365,0.61047
0.26365,0.75739
0.26365,0.11952
0.26365,-0.10222
0.26365,0.21706
0.26365,-0.59792
0.26365,0.66444
0.26365,1.0613
0.26365,0.45609
0.26365,1.0295
0.26365,-0.18616
0.26365,0.49983
0.26365,-0.55382
0.26365,-0.50429
0.26365,-0.28536
0.26365,-0.22555
0.26365,0.61442
0.26365,0.075428
2.225,1.8821
2.225,1.8545
2.225,1.5662
2.225,1.4304
2.225,2.6305
-0.707,-0.5911
-0.707,-1.1725
-0.707,-0.52465
-0.707,-1.0622
-0.707,-0.24594
-0.707,-0.82312
-0.707,-0.037162
-0.707,-1.2892
-0.707,-0.21076
-0.707,-1.554
-0.707,-0.48277
-0.707,-0.88375
-0.707,0.024407
-0.707,-1.1739
0.21706,0.028181
0.21706,0.61047
0.21706,0.75739
0.21706,0.11952
0.21706,-0.10222
0.21706,0.26365
0.21706,-0.59792
0.21706,0.66444
0.21706,1.0613
0.21706,0.45609
0.21706,1.0295
0.21706,-0.18616
0.21706,-0.62183
0.21706,0.49983
0.21706,-0.55382
0.21706,-0.28536
0.21706,-0.22555
0.21706,0.075428
-0.59792,-0.094811
-0.59792,-1.5201
-0.59792,-0.5911
-0.59792,-1.3199
-0.59792,0.11952
-0.59792,-0.97334
-0.59792,-0.10222
-0.59792,-1.0622
-0.59792,0.26365
-0.59792,0.21706
-0.59792,-1.4108
-0.59792,-1.1141
-0.59792,-0.81973
-0.59792,-0.97152
-0.59792,-0.18616
-0.59792,-0.62183
-0.59792,-0.55382
-0.59792,-0.50429
-0.59792,-0.28536
-0.59792,-0.22555
-0.59792,0.075428
1.2047,1.0339
1.2047,0.95638
1.2047,0.78914
1.2047,2.0656
1.2047,0.38364
1.2047,0.54782
1.2047,0.70847
1.2047,1.8545
1.2047,0.29761
1.2047,1.3544
1.2047,1.0295
1.2047,0.49983
1.2047,1.4304
1.2047,1.5941
1.2047,1.6199
1.2047,1.2039
1.2047,0.61442
3.0605,3.4572
3.0605,3.4244
3.0605,3.9922
3.0605,3.1429
3.0605,2.2136
3.0605,3.4989
3.0605,2.3005
3.0605,2.898
3.0605,2.4989
3.0605,3.6306
3.0605,2.9288
3.0605,2.709
3.0605,2.6813
3.0605,3.7681
2.2136,1.6114
2.2136,1.8626
2.2136,3.1429
2.2136,3.0605
2.2136,1.9133
2.2136,2.3005
2.2136,2.9466
2.2136,2.898
2.2136,2.4989
2.2136,2.1436
2.2136,2.709
2.2136,2.3353
2.2136,2.5611
2.2136,1.8314
2.9964,3.4572
2.9964,3.7471
2.9964,2.9288
2.9964,2.6813
-4.4866,-4.8299
-4.4866,-5.2594
-4.4866,-5.133
-4.4866,-5.2244
-4.4866,-4.0446
-4.4866,-4.0447
-4.4866,-3.749
-4.4866,-3.5425
-4.4866,-4.6759
-4.4866,-4.2369
-4.4866,-4.7274
-4.4866,-4.3457
-0.82312,-0.013814
-0.82312,-0.707
-0.82312,-0.037162
-0.82312,-0.48277
-0.82312,-1.1739
3.4989,3.4572
3.4989,3.4244
3.4989,3.9922
3.4989,4.2432
3.4989,4.0902
3.4989,3.1429
3.4989,3.0605
3.4989,3.9729
3.4989,2.898
3.4989,2.4989
3.4989,3.6306
3.4989,2.9288
3.4989,2.709
3.4989,3.4285
3.4989,3.7681
3.4989,4.1124
-3.2883,-3.7017
-3.2883,-3.749
-3.2883,-3.9702
-3.2883,-4.2369
-3.2883,-3.0904
5.2583,4.8417
5.2583,5.5954
5.2583,4.9317
5.2583,4.6646
5.2583,4.5103
0.70847,0.79125
0.70847,1.0339
0.70847,0.78914
0.70847,0.4074
0.70847,0.38364
0.70847,0.54782
0.70847,1.2047
0.70847,1.5681
0.70847,-0.037162
0.70847,0.29761
0.70847,-0.21076
0.70847,1.6199
0.70847,1.2039
0.70847,0.024407
-3.749,-4.0447
-3.749,-4.4866
-3.749,-3.2883
-3.749,-3.5425
-3.749,-3.9702
-3.749,-4.2369
-3.749,-4.3457
-3.749,-3.0904
2.6897,3.6231
2.6897,1.9595
2.6897,2.4974
2.6897,2.759
2.6897,3.1429
2.6897,3.0512
2.6897,3.3591
2.6897,1.9133
2.6897,2.9466
2.6897,3.3587
2.6897,2.8582
2.6897,2.1436
2.6897,2.709
2.6897,2.3353
2.6897,3.2602
2.6897,3.4285
2.6897,2.5611
2.6897,2.2169
3.3591,3.6231
3.3591,2.4974
3.3591,2.759
3.3591,3.0512
3.3591,3.5156
3.3591,2.6897
3.3591,3.9009
3.3591,3.0529
3.3591,4.1005
3.3591,3.3587
3.3591,2.8582
3.3591,3.2602
3.3591,3.92
3.3591,3.7517
-1.6258,-0.86221
-1.6258,-1.8218
-1.6258,-1.3365
-1.6258,-0.92745
4.6937,5.3013
4.6937,5.056
4.6937,4.3141
4.6937,3.9922
4.6937,4.2432
4.6937,4.0902
4.6937,3.9729
4.6937,4.478
4.6937,4.6766
4.6937,5.1425
4.6937,4.6984
4.6937,3.7681
-1.4108,-1.5201
-1.4108,-1.8218
-1.4108,-1.8209
-1.4108,-1.3199
-1.4108,-0.97334
-1.4108,-0.59792
-1.4108,-1.1141
-1.4108,-0.81973
-1.4108,-0.97152
-1.4108,-1.9257
-1.4108,-0.62183
-1.4108,-1.3365
-1.4108,-0.55382
-1.4108,-0.92745
-1.4108,-2.1347
3.7439,3.6231
3.7439,3.4244
3.7439,4.3141
3.7439,4.2278
3.7439,4.0902
3.7439,3.1429
3.7439,3.0512
3.7439,3.9009
3.7439,3.9729
3.7439,2.9466
3.7439,4.478
3.7439,4.6766
3.7439,3.3587
3.7439,3.2602
3.7439,3.4285
3.7439,3.92
3.7439,3.7681
3.7439,4.5103
-1.1141,-1.5201
-1.1141,-0.5911
-1.1141,-1.8209
-1.1141,-1.3199
-1.1141,-0.97334
-1.1141,-1.0622
-1.1141,-0.59792
-1.1141,-1.4108
-1.1141,-0.81973
-1.1141,-1.2892
-1.1141,-0.97152
-1.1141,-1.9257
-1.1141,-0.55382
-1.1141,-0.50429
-1.1141,-0.28536
-1.1141,-0.22555
0.66444,0.028181
0.66444,0.95638
0.66444,0.61047
0.66444,1.2789
0.66444,0.75739
0.66444,0.11952
0.66444,-0.10222
0.66444,0.26365
0.66444,0.21706
0.66444,1.5662
0.66444,1.0613
0.66444,0.45609
0.66444,1.0295
0.66444,-0.18616
0.66444,0.49983
0.66444,1.4304
0.66444,-0.28536
1.8545,0.95638
1.8545,2.0656
1.8545,2.225
1.8545,1.2047
1.8545,1.5662
1.8545,1.3544
1.8545,1.0295
1.8545,1.4304
1.8545,1.5941
1.8545,2.6305
1.9133,1.9595
1.9133,2.4974
1.9133,1.6114
1.9133,2.2136
1.9133,2.6897
1.9133,2.1436
1.9133,2.3353
1.9133,1.2368
1.9133,2.5611
1.9133,2.2169
1.9133,1.4746
2.3005,1.8626
2.3005,3.0605
2.3005,2.2136
2.3005,2.898
2.3005,2.4989
2.3005,2.9288
2.3005,2.709
2.3005,1.8314
2.3005,2.6813
2.6825,2.759
2.6825,3.0529
2.6825,2.3607
2.6825,3.2711
3.9009,3.6231
3.9009,4.2278
3.9009,3.0512
3.9009,3.5156
3.9009,4.3401
3.9009,3.3591
3.9009,3.7439
3.9009,4.1005
3.9009,3.3587
3.9009,4.6646
3.9009,3.92
3.9009,3.7517
3.9009,4.5103
1.5681,0.79125
1.5681,1.0339
1.5681,2.3103
1.5681,0.70847
1.5681,1.6199
1.5681,1.2039
-0.037162,0.79125
-0.037162,-0.013814
-0.037162,0.4074
-0.037162,-0.52465
-0.037162,0.38364
-0.037162,0.54782
-0.037162,-0.24594
-0.037162,-0.707
-0.037162,-0.82312
-0.037162,0.70847
-0.037162,-0.21076
-0.037162,-0.48277
-0.037162,0.024407
3.9729,3.6231
3.9729,3.4244
3.9729,4.3141
3.9729,3.9922
3.9729,4.2278
3.9729,4.0902
3.9729,3.1429
3.9729,3.4989
3.9729,4.6937
3.9729,3.7439
3.9729,4.478
3.9729,4.6766
3.9729,3.2602
3.9729,3.4285
3.9729,3.92
3.9729,3.7681
3.9729,4.5103
5.5954,5.056
5.5954,5.2583
5.5954,4.9317
5.5954,4.6766
5.5954,5.1425
5.5954,5.8195
-0.81973,-0.094811
-0.81973,-1.5201
-0.81973,-0.5911
-0.81973,-1.8209
-0.81973,-1.3199
-0.81973,0.11952
-0.81973,-0.52465
-0.81973,-0.97334
-0.81973,-1.0622
-0.81973,-0.24594
-0.81973,-0.59792
-0.81973,-1.4108
-0.81973,-1.1141
-0.81973,-1.2892
-0.81973,-0.97152
-0.81973,-0.18616
-0.81973,-0.55382
-0.81973,-0.50429
-0.81973,-0.28536
-0.81973,-0.88375
-0.81973,-0.22555
-0.81973,0.075428
1.1372,1.6114
1.1372,1.8626
1.1372,1.8314
-1.2892,-0.5911
-1.2892,-1.8209
-1.2892,-1.3199
-1.2892,-1.1725
-1.2892,-0.52465
-1.2892,-1.0622
-1.2892,-0.707
-1.2892,-1.1141
-1.2892,-0.81973
-1.2892,-1.554
-1.2892,-0.50429
-1.2892,-0.88375
-1.2892,-1.8333
4.9317,5.056
4.9317,4.3141
4.9317,4.2278
4.9317,5.2583
4.9317,5.5954
4.9317,4.6766
4.9317,4.6646
4.9317,4.5103
-5.5871,-5.8156
-5.5871,-4.8299
-5.5871,-5.6022
-5.5871,-5.133
-5.5871,-5.2244
-5.5871,-6.1177
-5.5871,-5.0411
-5.5871,-4.6598
-5.5871,-5.3023
-5.5871,-6.1371
2.9466,3.6231
2.9466,2.4974
2.9466,3.4244
2.9466,3.1429
2.9466,3.0512
2.9466,2.2136
2.9466,2.6897
2.9466,3.7439
2.9466,2.898
2.9466,3.3587
2.9466,2.8582
2.9466,2.1436
2.9466,2.709
2.9466,2.3353
2.9466,3.2602
2.9466,3.4285
2.9466,2.5611
2.9466,3.7681
2.898,3.4244
2.898,3.1429
2.898,3.0605
2.898,2.2136
2.898,3.4989
2.898,2.3005
2.898,2.9466
2.898,2.4989
2.898,3.6306
2.898,2.9288
2.898,2.1436
2.898,2.709
2.898,3.4285
2.898,2.5611
2.898,3.7681
0.29761,-0.094811
0.29761,1.0339
0.29761,0.95638
0.29761,-0.5911
0.29761,0.61047
0.29761,0.11952
0.29761,0.78914
0.29761,-0.52465
0.29761,0.38364
0.29761,0.54782
0.29761,-0.24594
0.29761,1.2047
0.29761,0.70847
0.29761,-0.21076
0.29761,0.49983
0.29761,-0.50429
0.29761,0.024407
0.29761,-0.22555
0.29761,0.61442
0.29761,0.075428
1.5662,0.95638
1.5662,1.2789
1.5662,1.8821
1.5662,2.225
1.5662,0.66444
1.5662,1.8545
1.5662,1.0613
1.5662,1.3544
1.5662,1.0295
1.5662,1.4304
3.0529,2.4974
3.0529,2.759
3.0529,3.5156
3.0529,3.3591
3.0529,2.6825
3.0529,3.3587
3.0529,2.8582
3.0529,2.3607
3.0529,3.2711
3.0529,3.7517
3.0529,2.2169
-0.21076,-0.094811
-0.21076,-0.5911
-0.21076,-1.1725
-0.21076,0.4074
-0.21076,-0.52465
-0.21076,0.38364
-0.21076,0.54782
-0.21076,-0.24594
-0.21076,-0.707
-0.21076,0.70847
-0.21076,-0.037162
-0.21076,0.29761
-0.21076,-0.48277
-0.21076,-0.88375
-0.21076,0.024407
4.1005,3.6231
4.1005,4.8417
4.1005,4.2278
4.1005,3.5156
4.1005,4.3401
4.1005,3.3591
4.1005,3.9009
4.1005,3.3587
4.1005,4.6646
4.1005,3.92
4.1005,3.7517
4.1005,4.5103
-5.0411,-5.8156
-5.0411,-4.8299
-5.0411,-5.6022
-5.0411,-4.5791
-5.0411,-5.133
-5.0411,-5.2244
-5.0411,-5.039
-5.0411,-5.5871
-5.0411,-4.6598
-5.0411,-4.2369
-5.0411,-5.3023
-5.0411,-4.3457
1.0613,0.95638
1.0613,0.61047
1.0613,1.2789
1.0613,1.8821
1.0613,0.75739
1.0613,0.26365
1.0613,0.21706
1.0613,0.66444
1.0613,1.5662
1.0613,0.45609
1.0613,1.0295
1.0613,0.49983
1.0613,1.4304
-0.97152,-1.5201
-0.97152,-1.8218
-0.97152,-0.97334
-0.97152,-0.10222
-0.97152,-0.59792
-0.97152,-1.4108
-0.97152,-1.1141
-0.97152,-0.81973
-0.97152,-1.9257
-0.97152,-0.18616
-0.97152,-0.62183
-0.97152,-1.3365
-0.97152,-0.55382
-0.97152,-0.28536
-0.97152,-0.92745
4.478,5.056
4.478,4.3141
4.478,3.9922
4.478,4.2432
4.478,4.2278
4.478,4.0902
4.478,4.6937
4.478,3.7439
4.478,3.9729
4.478,4.6766
4.478,5.1425
4.478,4.6984
4.478,3.7681
2.4989,3.4244
2.4989,1.8626
2.4989,3.1429
2.4989,3.0605
2.4989,2.2136
2.4989,3.4989
2.4989,2.3005
2.4989,2.898
2.4989,2.9288
2.4989,2.1436
2.4989,2.709
2.4989,2.5611
2.4989,1.8314
2.4989,2.6813
4.6766,5.056
4.6766,4.3141
4.6766,4.2278
4.6766,4.0902
4.6766,4.6937
4.6766,3.7439
4.6766,3.9729
4.6766,5.5954
4.6766,4.9317
4.6766,4.478
4.6766,5.1425
4.6766,3.7681
4.6766,4.5103
4.0573,4.8417
4.0573,3.5156
4.0573,4.3401
4.0573,3.2711
4.0573,3.7517
-1.9257,-1.5201
-1.9257,-1.8218
-1.9257,-1.8209
-1.9257,-0.97334
-1.9257,-1.4108
-1.9257,-1.1141
-1.9257,-0.97152
-1.9257,-2.5566
-1.9257,-1.3365
-1.9257,-2.1347
-1.554,-1.3199
-1.554,-1.1725
-1.554,-2.2539
-1.554,-1.0622
-1.554,-0.707
-1.554,-1.2892
-1.554,-1.8252
-1.554,-0.88375
-1.554,-1.8333
-1.554,-1.1739
3.6306,3.4572
3.6306,3.4244
3.6306,3.7471
3.6306,3.9922
3.6306,4.2432
3.6306,4.0902
3.6306,3.0605
3.6306,3.4989
3.6306,2.898
3.6306,2.9288
3.6306,3.7681
3.6306,4.1124
-0.48277,-1.1725
-0.48277,-0.013814
-0.48277,0.4074
-0.48277,-0.52465
-0.48277,-0.707
-0.48277,-0.82312
-0.48277,-0.037162
-0.48277,-0.21076
-0.48277,-0.88375
-0.48277,0.024407
-0.48277,-1.1739
-5.8561,-6.4503
-5.8561,-5.2594
-5.8561,-5.7842
-5.8561,-5.032
3.3587,3.6231
3.3587,2.4974
3.3587,2.759
3.3587,4.2278
3.3587,3.0512
3.3587,3.5156
3.3587,2.6897
3.3587,3.3591
3.3587,3.7439
3.3587,3.9009
3.3587,2.9466
3.3587,3.0529
3.3587,4.1005
3.3587,2.8582
3.3587,3.2602
3.3587,3.4285
3.3587,3.92
2.8582,3.6231
2.8582,1.9595
2.8582,2.4974
2.8582,2.759
2.8582,3.0512
2.8582,3.5156
2.8582,2.6897
2.8582,3.3591
2.8582,2.9466
2.8582,3.0529
2.8582,3.3587
2.8582,2.3607
2.8582,2.3353
2.8582,3.2602
2.8582,2.2169
-1.8252,-1.1725
-1.8252,-2.2539
-1.8252,-1.554
-1.8252,-1.1739
5.1425,5.3013
5.1425,5.056
5.1425,4.6937
5.1425,5.5954
5.1425,4.478
5.1425,4.6766
5.1425,4.6984
5.1425,5.8195
1.3544,1.0339
1.3544,0.95638
1.3544,0.61047
1.3544,0.78914
1.3544,2.0656
1.3544,1.2047
1.3544,1.8545
1.3544,1.5662
1.3544,1.0295
1.3544,0.49983
1.3544,1.4304
1.3544,1.5941
1.3544,1.6199
1.3544,0.61442
0.45609,0.35833
0.45609,0.028181
0.45609,0.61047
0.45609,1.2789
0.45609,0.75739
0.45609,-0.32644
0.45609,-0.10222
0.45609,1.0188
0.45609,0.26365
0.45609,0.21706
0.45609,0.66444
0.45609,1.0613
0.45609,1.0295
0.45609,-0.18616
2.9288,3.4572
2.9288,3.4244
2.9288,3.0605
2.9288,2.9964
2.9288,3.4989
2.9288,2.3005
2.9288,2.898
2.9288,2.4989
2.9288,3.6306
2.9288,2.709
2.9288,2.6813
2.1436,1.9595
2.1436,1.6114
2.1436,1.8626
2.1436,3.1429
2.1436,2.2136
2.1436,2.6897
2.1436,1.9133
2.1436,2.9466
2.1436,2.898
2.1436,2.4989
2.1436,2.709
2.1436,2.3353
2.1436,2.5611
1.0295,0.95638
1.0295,0.61047
1.0295,1.2789
1.0295,0.75739
1.0295,0.11952
1.0295,0.78914
1.0295,0.26365
1.0295,0.21706
1.0295,1.2047
1.0295,0.66444
1.0295,1.8545
1.0295,1.5662
1.0295,1.0613
1.0295,1.3544
1.0295,0.45609
1.0295,0.49983
1.0295,1.4304
1.0295,0.61442
4.6646,4.8417
4.6646,4.2278
4.6646,4.3401
4.6646,5.2583
4.6646,3.9009
4.6646,4.9317
4.6646,4.1005
4.6646,3.92
4.6646,4.5103
2.3607,2.4974
2.3607,2.759
2.3607,1.6951
2.3607,2.6825
2.3607,3.0529
2.3607,2.8582
2.3607,2.2169
-0.18616,0.028181
-0.18616,0.61047
-0.18616,0.11952
-0.18616,-0.97334
-0.18616,-0.10222
-0.18616,0.26365
-0.18616,0.21706
-0.18616,-0.59792
-0.18616,0.66444
-0.18616,-0.81973
-0.18616,-0.97152
-0.18616,0.45609
-0.18616,-0.62183
-0.18616,0.49983
-0.18616,-0.55382
-0.18616,-0.50429
-0.18616,-0.28536
-0.18616,-0.22555
-0.18616,0.075428
-0.62183,-0.86221
-0.62183,0.028181
-0.62183,-0.32644
-0.62183,-0.97334
-0.62183,-0.10222
-0.62183,0.21706
-0.62183,-0.59792
-0.62183,-1.4108
-0.62183,-0.97152
-0.62183,-0.18616
-0.62183,-1.3365
-0.62183,-0.55382
-0.62183,-0.28536
-0.62183,-0.92745
-3.5425,-4.0446
-3.5425,-4.0447
-3.5425,-4.4866
-3.5425,-3.749
-3.5425,-3.4552
-3.5425,-4.3457
-3.5425,-3.0904
-4.6759,-5.2594
-4.6759,-4.1425
-4.6759,-5.2244
-4.6759,-4.0446
-4.6759,-4.4866
-4.6759,-5.032
-4.6759,-4.7274
0.49983,-0.094811
0.49983,0.95638
0.49983,0.61047
0.49983,0.11952
0.49983,0.78914
0.49983,0.54782
0.49983,0.26365
0.49983,0.21706
0.49983,1.2047
0.49983,0.66444
0.49983,0.29761
0.49983,1.0613
0.49983,1.3544
0.49983,1.0295
0.49983,-0.18616
0.49983,1.4304
0.49983,-0.50429
0.49983,-0.28536
0.49983,-0.22555
0.49983,0.61442
0.49983,0.075428
-2.5566,-1.8218
-2.5566,-1.9257
-2.5566,-2.1347
2.709,3.4244
2.709,1.8626
2.709,3.1429
2.709,3.0605
2.709,2.2136
2.709,3.4989
2.709,2.6897
2.709,2.3005
2.709,2.9466
2.709,2.898
2.709,2.4989
2.709,2.9288
2.709,2.1436
2.709,2.3353
2.709,3.2602
2.709,3.4285
2.709,2.5611
3.2711,3.5156
3.2711,2.6825
3.2711,3.0529
3.2711,4.0573
3.2711,3.7517
-4.6598,-4.8299
-4.6598,-4.5791
-4.6598,-5.133
-4.6598,-4.25
-4.6598,-5.039
-4.6598,-5.5871
-4.6598,-5.0411
-4.6598,-3.9702
-4.6598,-4.2369
-4.6598,-5.3023
-4.6598,-4.3457
-3.9702,-4.5791
-3.9702,-4.25
-3.9702,-3.7017
-3.9702,-3.2883
-3.9702,-3.749
-3.9702,-4.6598
-3.9702,-4.2369
-3.9702,-4.3457
-5.032,-5.2594
-5.032,-4.1425
-5.032,-5.8561
-5.032,-4.6759
2.3353,1.9595
2.3353,2.4974
2.3353,1.6114
2.3353,3.0512
2.3353,2.2136
2.3353,2.6897
2.3353,1.9133
2.3353,2.9466
2.3353,2.8582
2.3353,2.1436
2.3353,2.709
2.3353,3.2602
2.3353,2.5611
2.3353,2.2169
3.2602,3.6231
3.2602,2.4974
3.2602,3.4244
3.2602,4.2278
3.2602,3.1429
3.2602,3.0512
3.2602,2.6897
3.2602,3.3591
3.2602,3.7439
3.2602,3.9729
3.2602,2.9466
3.2602,3.3587
3.2602,2.8582
3.2602,2.709
3.2602,2.3353
3.2602,3.4285
3.2602,3.92
3.2602,2.5611
3.2602,3.7681
-4.2369,-4.8299
-4.2369,-4.5791
-4.2369,-5.133
-4.2369,-4.0447
-4.2369,-4.4866
-4.2369,-3.2883
-4.2369,-3.749
-4.2369,-5.0411
-4.2369,-4.6598
-4.2369,-3.9702
-4.2369,-4.3457
-1.3365,-1.5201
-1.3365,-1.8218
-1.3365,-0.97334
-1.3365,-1.6258
-1.3365,-1.4108
-1.3365,-0.97152
-1.3365,-1.9257
-1.3365,-0.62183
-1.3365,-0.55382
-1.3365,-0.92745
1.4304,0.95638
1.4304,0.61047
1.4304,1.2789
1.4304,2.0656
1.4304,2.225
1.4304,1.2047
1.4304,0.66444
1.4304,1.8545
1.4304,1.5662
1.4304,1.0613
1.4304,1.3544
1.4304,1.0295
1.4304,0.49983
1.4304,1.5941
1.4304,0.61442
-0.55382,0.028181
-0.55382,-0.32644
-0.55382,-0.97334
-0.55382,-0.10222
-0.55382,0.26365
-0.55382,0.21706
-0.55382,-0.59792
-0.55382,-1.4108
-0.55382,-1.1141
-0.55382,-0.81973
-0.55382,-0.97152
-0.55382,-0.18616
-0.55382,-0.62183
-0.55382,-1.3365
-0.55382,-0.50429
-0.55382,-0.28536
-0.55382,-0.92745
-0.55382,-0.22555
3.4285,3.6231
3.4285,3.4244
3.4285,4.3141
3.4285,3.9922
3.4285,4.2278
3.4285,4.0902
3.4285,3.1429
3.4285,3.0512
3.4285,3.4989
3.4285,2.6897
3.4285,3.7439
3.4285,3.9729
3.4285,2.9466
3.4285,2.898
3.4285,3.3587
3.4285,2.709
3.4285,3.2602
3.4285,3.92
3.4285,2.5611
3.4285,3.7681
1.5941,1.0339
1.5941,0.95638
1.5941,0.78914
1.5941,2.0656
1.5941,2.3103
1.5941,1.2047
1.5941,1.8545
1.5941,1.3544
1.5941,1.4304
1.5941,1.6199
1.5941,1.2039
-0.50429,-0.094811
-0.50429,-0.5911
-0.50429,-1.3199
-0.50429,0.11952
-0.50429,-0.52465
-0.50429,-0.97334
-0.50429,-1.0622
-0.50429,-0.24594
-0.50429,0.26365
-0.50429,-0.59792
-0.50429,-1.1141
-0.50429,-0.81973
-0.50429,-1.2892
-0.50429,0.29761
-0.50429,-0.18616
-0.50429,0.49983
-0.50429,-0.55382
-0.50429,-0.28536
-0.50429,-0.88375
-0.50429,-0.22555
-0.50429,0.075428
-0.28536,-0.094811
-0.28536,-0.5911
-0.28536,0.61047
-0.28536,0.11952
-0.28536,-0.97334
-0.28536,-0.10222
-0.28536,0.26365
-0.28536,0.21706
-0.28536,-0.59792
-0.28536,-1.1141
-0.28536,0.66444
-0.28536,-0.81973
-0.28536,-0.97152
-0.28536,-0.18616
-0.28536,-0.62183
-0.28536,0.49983
-0.28536,-0.55382
-0.28536,-0.50429
-0.28536,-0.22555
-0.28536,0.075428
1.6199,1.0339
1.6199,0.78914
1.6199,2.0656
1.6199,2.3103
1.6199,1.2047
1.6199,0.70847
1.6199,1.5681
1.6199,1.3544
1.6199,1.5941
1.6199,1.2039
3.92,3.6231
3.92,4.3141
3.92,4.2278
3.92,3.0512
3.92,3.5156
3.92,3.3591
3.92,3.7439
3.92,3.9009
3.92,3.9729
3.92,4.1005
3.92,3.3587
3.92,4.6646
3.92,3.2602
3.92,3.4285
3.92,4.5103
1.2368,1.9595
1.2368,1.6114
1.2368,1.9133
1.2368,1.4746
-0.92745,-0.86221
-0.92745,0.028181
-0.92745,-1.8218
-0.92745,-0.32644
-0.92745,-0.10222
-0.92745,-1.6258
-0.92745,-1.4108
-0.92745,-0.97152
-0.92745,-0.62183
-0.92745,-1.3365
-0.92745,-0.55382
-4.8111,-4.5791
-4.8111,-4.25
-4.8111,-5.039
-4.8111,-5.3277
-4.8111,-5.3023
-4.8111,-4.4379
-4.8111,-5.6598
-3.4552,-4.1425
-3.4552,-4.0446
-3.4552,-4.0447
-3.4552,-3.5425
-0.88375,-0.094811
-0.88375,-0.5911
-0.88375,-1.3199
-0.88375,-1.1725
-0.88375,-0.52465
-0.88375,-1.0622
-0.88375,-0.24594
-0.88375,-0.707
-0.88375,-0.81973
-0.88375,-1.2892
-0.88375,-0.21076
-0.88375,-1.554
-0.88375,-0.48277
-0.88375,-0.50429
-0.88375,-1.8333
-0.88375,0.024407
-0.88375,-1.1739
-5.3277,-5.039
-5.3277,-4.8111
-5.3277,-4.4379
-5.3277,-5.6598
-5.3023,-5.8156
-5.3023,-4.5791
-5.3023,-5.133
-5.3023,-6.1177
-5.3023,-5.039
-5.3023,-5.5871
-5.3023,-5.0411
-5.3023,-4.6598
-5.3023,-4.8111
-5.3023,-5.6598
-1.8333,-1.5201
-1.8333,-1.8209
-1.8333,-1.3199
-1.8333,-1.1725
-1.8333,-2.4753
-1.8333,-2.2539
-1.8333,-1.0622
-1.8333,-1.2892
-1.8333,-1.554
-1.8333,-0.88375
-1.8333,-2.1347
1.2039,0.79125
1.2039,1.0339
1.2039,0.78914
1.2039,0.4074
1.2039,0.38364
1.2039,0.54782
1.2039,1.2047
1.2039,0.70847
1.2039,1.5681
1.2039,1.5941
1.2039,1.6199
3.7517,3.5156
3.7517,4.3401
3.7517,3.3591
3.7517,3.9009
3.7517,3.0529
3.7517,4.1005
3.7517,4.0573
3.7517,3.2711
0.024407,-0.094811
0.024407,1.0339
0.024407,-0.5911
0.024407,0.78914
0.024407,0.4074
0.024407,-0.52465
0.024407,0.38364
0.024407,0.54782
0.024407,-0.24594
0.024407,-0.707
0.024407,0.70847
0.024407,-0.037162
0.024407,0.29761
0.024407,-0.21076
0.024407,-0.48277
0.024407,-0.88375
0.024407,0.61442
0.024407,0.075428
-4.4379,-4.25
-4.4379,-4.8111
-4.4379,-5.3277
2.5611,1.9595
2.5611,2.4974
2.5611,1.6114
2.5611,3.1429
2.5611,3.0512
2.5611,2.2136
2.5611,2.6897
2.5611,1.9133
2.5611,2.9466
2.5611,2.898
2.5611,2.4989
2.5611,2.1436
2.5611,2.709
2.5611,2.3353
2.5611,3.2602
2.5611,3.4285
2.2169,1.9595
2.2169,2.4974
2.2169,2.759
2.2169,1.6951
2.2169,2.6897
2.2169,1.9133
2.2169,3.0529
2.2169,2.8582
2.2169,2.3607
2.2169,2.3353
2.2169,1.4746
1.4746,1.9595
1.4746,1.6951
1.4746,1.9133
1.4746,1.2368
1.4746,2.2169
-4.7274,-4.8299
-4.7274,-5.2594
-4.7274,-5.133
-4.7274,-5.2244
-4.7274,-4.0446
-4.7274,-4.0447
-4.7274,-4.4866
-4.7274,-4.6759
-4.7274,-4.3457
-1.1739,-1.1725
-1.1739,-0.707
-1.1739,-0.82312
-1.1739,-1.554
-1.1739,-0.48277
-1.1739,-1.8252
-1.1739,-0.88375
-6.1371,-6.4503
-6.1371,-5.6022
-6.1371,-6.7894
-6.1371,-5.2244
-6.1371,-6.1177
-6.1371,-5.7842
-6.1371,-5.5871
1.8314,1.8626
1.8314,2.2136
1.8314,2.3005
1.8314,1.1372
1.8314,2.4989
1.8314,2.6813
4.6984,5.3013
4.6984,3.9922
4.6984,4.6663
4.6984,4.2432
4.6984,4.0902
4.6984,4.6937
4.6984,4.478
4.6984,5.1425
4.6984,4.1124
2.6813,3.4572
2.6813,3.0605
2.6813,2.9964
2.6813,2.3005
2.6813,2.4989
2.6813,2.9288
2.6813,1.8314
-0.22555,-0.094811
-0.22555,-0.5911
-0.22555,0.61047
-0.22555,0.11952
-0.22555,-0.52465
-0.22555,-0.97334
-0.22555,-1.0622
-0.22555,-0.24594
-0.22555,0.26365
-0.22555,0.21706
-0.22555,-0.59792
-0.22555,-1.1141
-0.22555,-0.81973
-0.22555,0.29761
-0.22555,-0.18616
-0.22555,0.49983
-0.22555,-0.55382
-0.22555,-0.50429
-0.22555,-0.28536
-0.22555,0.61442
-0.22555,0.075428
3.7681,3.6231
3.7681,3.4244
3.7681,4.3141
3.7681,3.9922
3.7681,4.2432
3.7681,4.2278
3.7681,4.0902
3.7681,3.1429
3.7681,3.0605
3.7681,3.4989
3.7681,4.6937
3.7681,3.7439
3.7681,3.9729
3.7681,2.9466
3.7681,2.898
3.7681,4.478
3.7681,4.6766
3.7681,3.6306
3.7681,3.2602
3.7681,3.4285
2.6305,2.0656
2.6305,2.3103
2.6305,2.225
2.6305,1.8545
-4.3457,-4.8299
-4.3457,-5.133
-4.3457,-4.0447
-4.3457,-4.4866
-4.3457,-3.749
-4.3457,-5.0411
-4.3457,-3.5425
-4.3457,-4.6598
-4.3457,-3.9702
-4.3457,-4.2369
-4.3457,-4.7274
-5.6598,-5.8156
-5.6598,-6.5537
-5.6598,-5.039
-5.6598,-4.8111
-5.6598,-5.3277
-5.6598,-5.3023
-3.0904,-3.2883
-3.0904,-3.749
-3.0904,-3.5425
0.61442,-0.094811
0.61442,1.0339
0.61442,0.95638
0.61442,0.61047
0.61442,0.11952
0.61442,0.78914
0.61442,0.38364
0.61442,0.54782
0.61442,-0.24594
0.61442,0.26365
0.61442,1.2047
0.61442,0.29761
0.61442,1.3544
0.61442,1.0295
0.61442,0.49983
0.61442,1.4304
0.61442,0.024407
0.61442,-0.22555
0.61442,0.075428
-2.1347,-1.5201
-2.1347,-1.8209
-2.1347,-1.3199
-2.1347,-2.4753
-2.1347,-1.4108
-2.1347,-1.9257
-2.1347,-2.5566
-2.1347,-1.8333
4.1124,3.4572
4.1124,3.7471
4.1124,3.9922
4.1124,4.6663
4.1124,4.2432
4.1124,3.4989
4.1124,3.6306
4.1124,4.6984
4.5103,3.6231
4.5103,5.056
4.5103,4.3141
4.5103,4.2278
4.5103,5.2583
4.5103,3.7439
4.5103,3.9009
4.5103,3.9729
4.5103,4.9317
4.5103,4.1005
4.5103,4.6766
4.5103,4.6646
4.5103,3.92
0.075428,-0.094811
0.075428,0.95638
0.075428,-0.5911
0.075428,0.61047
0.075428,0.11952
0.075428,0.78914
0.075428,-0.52465
0.075428,0.38364
0.075428,0.54782
0.075428,-0.24594
0.075428,0.26365
0.075428,0.21706
0.075428,-0.59792
0.075428,-0.81973
0.075428,0.29761
0.075428,-0.18616
0.075428,0.49983
0.075428,-0.50429
0.075428,-0.28536
0.075428,0.024407
0.075428,-0.22555
0.075428,0.61442
5.8195,5.3013
5.8195,5.056
5.8195,5.5954
5.8195,5.1425
