0.29653,-0.18722
0.29653,0.98912
0.29653,0.53354
0.29653,1.2493
0.29653,-0.10931
0.29653,0.8455
0.29653,-0.68273
0.29653,1.0316
0.29653,0.17731
0.29653,0.62957
0.29653,-0.17875
0.29653,-0.39164
0.29653,0.73995
0.29653,0.26701
0.29653,0.89825
0.29653,-0.12086
0.29653,0.12489
0.29653,-0.46616
0.29653,0.45622
0.29653,0.16432
0.29653,1.0072
0.29653,0.48429
-6.164,-6.6316
-6.164,-5.5379
-6.164,-5.4835
-6.164,-5.9796
-5.8546,-6.5515
-5.8546,-5.9775
-5.8546,-5.0376
-5.8546,-5.4403
-5.8546,-5.2998
-5.8546,-5.5846
-4.6207,-5.3596
-4.6207,-4.9435
-4.6207,-4.9555
-4.6207,-4.9736
-4.6207,-3.7548
-4.6207,-4.1758
-4.6207,-5.4403
-4.6207,-4.9055
-4.6207,-4.5811
-4.6207,-4.2046
-4.6207,-4.4367
-4.6207,-4.1539
0.7503,0.41297
0.7503,1.1165
0.7503,0.036226
0.7503,0.26277
0.7503,1.4303
0.7503,0.42019
0.7503,0.81796
-1.1458,-1.4572
-1.1458,-1.4493
-1.1458,-0.92599
-1.1458,-0.59064
-1.1458,-0.68273
-1.1458,-0.17875
-1.1458,-1.0014
-1.1458,-0.7019
-1.1458,-0.39164
-1.1458,-0.57958
-1.1458,-1.529
-1.1458,-0.95399
-1.1458,-1.3945
-1.1458,-1.8055
-0.50115,0.036226
-0.50115,0.42019
-0.50115,-1.1768
-0.50115,-0.23747
-0.50115,-0.51845
-5.3596,-4.6207
-5.3596,-4.9435
-5.3596,-4.9555
-5.3596,-4.9736
-5.3596,-5.9775
-5.3596,-5.5379
-5.3596,-5.4403
-5.3596,-4.9055
-5.3596,-5.9796
1.302,0.42373
1.302,0.89826
1.302,1.2108
1.302,2.0816
1.302,0.49028
1.302,1.6709
0.41297,0.7503
0.41297,1.1165
0.41297,0.036226
0.41297,0.26277
0.41297,0.42019
0.41297,0.6015
0.41297,1.037
0.41297,0.81796
0.41297,0.23025
0.41297,-0.23747
0.41297,-0.19172
0.41297,-0.51845
1.5179,1.382
1.5179,1.2493
1.5179,0.89826
1.5179,0.8455
1.5179,1.0316
1.5179,1.648
1.5179,1.2108
1.5179,2.0816
1.5179,0.73995
1.5179,1.8216
1.5179,2.0376
1.5179,2.0742
1.5179,1.6709
1.5179,1.0072
-6.5515,-5.8546
-6.5515,-6.6316
-6.5515,-5.9775
-4.9435,-4.6207
-4.9435,-5.3596
-4.9435,-4.9736
-4.9435,-5.5379
-4.9435,-4.1758
-4.9435,-5.4835
-4.9435,-4.3681
-4.9435,-4.6974
-4.9435,-4.4367
2.9039,3.091
2.9039,3.6855
2.9039,3.8585
2.9039,2.7799
2.9039,2.2937
2.9039,3.1698
2.9039,3.2501
2.9039,2.5019
2.9039,2.1355
2.9039,3.4995
3.7044,4.2594
3.7044,4.2837
3.7044,3.0266
3.7044,3.1666
3.7044,2.741
3.7044,3.463
3.7044,3.7177
3.7044,4.0232
3.7044,3.9082
3.7044,2.9125
3.7044,4.3729
3.7044,3.5331
3.7044,3.0171
3.7044,3.2587
3.7044,3.3718
3.7044,4.0563
3.7044,3.6138
3.7044,4.5896
1.382,1.5179
1.382,0.98912
1.382,0.53354
1.382,1.2493
1.382,1.0316
1.382,0.62957
1.382,1.648
1.382,1.037
1.382,2.2892
1.382,0.73995
1.382,1.9579
1.382,1.4044
1.382,1.8216
1.382,1.3944
1.382,0.89825
1.382,1.8145
1.382,2.0376
1.382,1.0072
1.382,0.48429
-1.4572,-1.1458
-1.4572,-1.1768
-1.4572,-1.0014
-1.4572,-0.57958
-1.4572,-1.529
-1.4572,-2.186
-1.4572,-0.95399
-1.4572,-0.51845
4.9379,4.1467
4.9379,4.4571
4.9379,4.9674
4.9379,4.3285
-0.18722,0.29653
-0.18722,-0.92599
-0.18722,-0.76145
-0.18722,0.53354
-0.18722,-0.10931
-0.18722,-0.68273
-0.18722,0.17731
-0.18722,-0.23124
-0.18722,-0.17875
-0.18722,-0.7019
-0.18722,-0.39164
-0.18722,-0.89666
-0.18722,0.73995
-0.18722,0.26701
-0.18722,-0.12086
-0.18722,0.12489
-0.18722,-0.46616
-0.18722,0.45622
-0.18722,0.16432
-0.18722,0.48429
4.9357,4.2594
4.9357,4.2837
4.9357,4.4571
4.9357,5.5093
4.9357,4.9222
4.9357,4.2436
4.9357,4.5731
4.9357,4.9674
4.9357,4.5896
4.9357,5.6559
-4.5743,-4.285
-4.5743,-5.0376
-4.5743,-3.8082
-4.5743,-4.9055
-4.5743,-4.5811
-4.5743,-3.9421
-4.5743,-4.2046
-4.5743,-4.9171
-4.5743,-5.2998
-4.9555,-4.6207
-4.9555,-5.3596
-4.9555,-4.9736
-4.9555,-4.1758
-4.9555,-5.4403
-4.9555,-4.9055
-4.9555,-4.5811
-4.9555,-4.2046
-4.9555,-5.2998
-4.9555,-4.4367
-4.9555,-4.1539
2.1072,2.7101
2.1072,1.5601
2.1072,1.803
2.1072,2.741
2.1072,1.9178
2.1072,3.0171
2.1072,2.1715
2.1072,2.382
2.1072,1.1269
2.1072,2.5662
2.1072,2.3827
2.1072,1.669
2.7101,2.1072
2.7101,3.0153
2.7101,3.1666
2.7101,2.741
2.7101,3.463
2.7101,1.9178
2.7101,2.9125
2.7101,3.4359
2.7101,3.5331
2.7101,3.0171
2.7101,2.6101
2.7101,2.382
2.7101,3.2587
2.7101,2.5662
2.7101,2.3827
0.98912,0.29653
0.98912,1.382
0.98912,0.53354
0.98912,1.2493
0.98912,0.62957
0.98912,0.6015
0.98912,1.037
0.98912,0.73995
0.98912,1.4044
0.98912,1.8216
0.98912,0.81796
0.98912,1.3944
0.98912,0.23025
0.98912,0.89825
0.98912,1.8145
0.98912,0.12489
0.98912,0.16432
0.98912,1.0072
0.98912,0.48429
3.2319,3.6855
3.2319,3.869
3.2319,3.0266
3.2319,2.7799
3.2319,3.1698
3.2319,3.7177
3.2319,3.9082
3.2319,2.9125
3.2319,2.6559
3.2319,2.227
3.2319,3.2501
3.2319,2.5019
3.2319,2.6037
3.2319,3.2587
3.2319,3.3718
3.2319,2.5662
3.2319,3.6138
-3.7413,-3.7652
-3.7413,-4.3681
-3.7413,-4.6974
-3.7413,-3.1227
1.596,2.1276
1.596,1.1165
1.596,1.4303
1.596,1.037
1.596,1.9579
1.596,1.4044
1.596,0.81796
1.596,1.3944
1.596,1.8145
5.2456,4.6654
5.2456,5.366
5.2456,4.3729
5.2456,4.8109
-1.4493,-1.1458
-1.4493,-0.92599
-1.4493,-2.1182
-1.4493,-0.68273
-1.4493,-1.0014
-1.4493,-0.7019
-1.4493,-0.89666
-1.4493,-1.529
-1.4493,-1.3945
-1.4493,-1.8055
1.5601,2.1072
1.5601,1.6358
1.5601,2.0111
1.5601,1.9178
1.5601,0.93078
1.5601,2.1715
1.5601,2.382
1.5601,1.1269
1.5601,1.669
2.1276,1.596
2.1276,1.4303
2.1276,2.6624
2.1276,1.9579
2.1276,1.4044
3.091,2.9039
3.091,2.2937
3.091,3.2501
3.091,3.4995
4.2594,3.7044
4.2594,4.9357
4.2594,4.2837
4.2594,3.869
4.2594,4.4571
4.2594,3.7177
4.2594,3.9082
4.2594,4.9222
4.2594,4.2436
4.2594,4.5731
4.2594,3.3718
4.2594,4.0563
4.2594,3.6138
4.2594,4.5896
-0.92599,-1.1458
-0.92599,-0.18722
-0.92599,-1.4493
-0.92599,-0.59064
-0.92599,-0.68273
-0.92599,-0.17875
-0.92599,-1.0014
-0.92599,-0.7019
-0.92599,-0.39164
-0.92599,-0.89666
-0.92599,-1.529
-0.92599,-1.1313
-0.92599,-0.12086
-0.92599,-0.46616
-0.92599,-1.3945
-0.92599,-1.8055
-0.76145,-0.18722
-0.76145,-0.10931
-0.76145,-0.68273
-0.76145,-0.23124
-0.76145,-0.89666
-0.76145,-1.1313
-0.76145,0.032045
-0.76145,-1.3404
-0.76145,-0.46616
-0.76145,-1.3945
-0.76145,-0.70666
1.1165,0.7503
1.1165,0.41297
1.1165,1.596
1.1165,0.26277
1.1165,1.4303
1.1165,0.6015
1.1165,1.037
1.1165,1.4044
1.1165,0.81796
1.1165,1.3944
-2.1182,-1.4493
-2.1182,-1.789
-2.1182,-1.3945
-2.1182,-1.8055
0.53354,0.29653
0.53354,1.382
0.53354,-0.18722
0.53354,0.98912
0.53354,1.2493
0.53354,0.17731
0.53354,0.62957
0.53354,0.6015
0.53354,-0.17875
0.53354,1.037
0.53354,-0.39164
0.53354,0.73995
0.53354,1.3944
0.53354,0.23025
0.53354,0.89825
0.53354,-0.12086
0.53354,0.12489
0.53354,0.16432
0.53354,1.0072
0.53354,0.48429
1.6358,1.5601
1.6358,2.0111
1.6358,1.9178
1.6358,1.9444
1.6358,0.93078
1.6358,2.227
1.6358,2.1715
1.6358,2.6037
1.6358,1.4398
0.036226,0.7503
0.036226,-0.50115
0.036226,0.41297
0.036226,0.26277
0.036226,0.42019
0.036226,-0.57958
0.036226,0.81796
0.036226,-0.23747
0.036226,-0.19172
0.036226,-0.51845
3.6855,2.9039
3.6855,3.2319
3.6855,3.8585
3.6855,3.869
3.6855,2.7799
3.6855,3.1698
3.6855,4.4571
3.6855,3.9082
3.6855,4.2436
3.6855,3.2501
3.6855,3.3718
3.6855,4.3285
3.6855,3.6138
3.6855,3.4995
-1.789,-2.1182
-1.789,-1.1313
-1.789,-1.3404
-1.789,-1.3945
0.42373,1.302
0.42373,0.89826
0.42373,-0.41344
0.42373,0.49028
0.42373,0.032045
4.1467,4.9379
4.1467,3.8585
4.1467,4.3285
4.1467,3.4995
1.2493,0.29653
1.2493,1.5179
1.2493,1.382
1.2493,0.98912
1.2493,0.53354
1.2493,0.8455
1.2493,1.0316
1.2493,1.648
1.2493,1.2108
1.2493,0.73995
1.2493,1.8216
1.2493,1.3944
1.2493,0.89825
1.2493,1.8145
1.2493,2.0376
1.2493,2.0742
1.2493,0.45622
1.2493,1.0072
1.2493,0.48429
3.0153,2.7101
3.0153,3.1666
3.0153,3.8467
3.0153,2.741
3.0153,3.463
3.0153,3.0041
3.0153,3.4359
3.0153,3.5331
3.0153,3.0171
3.0153,2.6101
3.0153,3.7481
3.0153,2.3827
-4.285,-4.5743
-4.285,-5.0376
-4.285,-3.8082
-4.285,-4.5811
-4.285,-3.9421
-4.285,-4.9171
-4.285,-4.7838
-6.6316,-6.164
-6.6316,-6.5515
-6.6316,-5.9775
-6.6316,-5.9796
3.8585,2.9039
3.8585,3.6855
3.8585,4.1467
3.8585,3.869
3.8585,3.1698
3.8585,4.4571
3.8585,4.2436
3.8585,3.2501
3.8585,4.3285
3.8585,3.6138
3.8585,3.4995
0.89826,1.302
0.89826,1.5179
0.89826,0.42373
0.89826,0.8455
0.89826,1.0316
0.89826,1.2108
0.89826,0.49028
0.89826,0.26701
0.89826,0.032045
0.89826,1.6709
0.89826,0.45622
-4.9736,-4.6207
-4.9736,-5.3596
-4.9736,-4.9435
-4.9736,-4.9555
-4.9736,-5.5379
-4.9736,-4.1758
-4.9736,-5.4403
-4.9736,-4.9055
-4.9736,-4.3681
-4.9736,-4.4367
-0.10931,0.29653
-0.10931,-0.18722
-0.10931,-0.76145
-0.10931,0.8455
-0.10931,-0.68273
-0.10931,0.17731
-0.10931,-0.23124
-0.10931,0.49028
-0.10931,-0.39164
-0.10931,-0.89666
-0.10931,0.73995
-0.10931,0.26701
-0.10931,0.032045
-0.10931,-0.12086
-0.10931,-0.46616
-0.10931,0.45622
-0.10931,-0.70666
-0.10931,0.48429
1.803,2.1072
1.803,2.6101
1.803,2.3827
1.803,1.669
4.2837,3.7044
4.2837,4.9357
4.2837,4.2594
4.2837,3.7177
4.2837,4.0232
4.2837,3.9082
4.2837,4.9222
4.2837,4.3729
4.2837,4.2436
4.2837,4.5731
4.2837,3.5331
4.2837,4.8109
4.2837,3.3718
4.2837,4.0563
4.2837,3.6138
4.2837,4.5896
3.869,3.2319
3.869,4.2594
3.869,3.6855
3.869,3.8585
3.869,3.0266
3.869,3.1698
3.869,4.4571
3.869,3.7177
3.869,3.9082
3.869,4.2436
3.869,4.5731
3.869,3.2501
3.869,3.3718
3.869,4.3285
3.869,3.6138
2.5209,2.839
2.5209,1.648
2.5209,2.2892
2.5209,1.8216
2.5209,1.8145
2.5209,2.0376
2.5209,2.0742
2.5209,3.023
-5.9775,-5.8546
-5.9775,-5.3596
-5.9775,-6.5515
-5.9775,-6.6316
-5.9775,-5.4403
-5.9775,-5.2998
-5.9775,-5.9796
-0.59064,-1.1458
-0.59064,-0.92599
-0.59064,-0.68273
-0.59064,-0.17875
-0.59064,-1.0014
-0.59064,-0.7019
-0.59064,-0.39164
-0.59064,-0.57958
-0.59064,-1.529
-0.59064,0.23025
-0.59064,-0.23747
-0.59064,-0.95399
-0.59064,-0.19172
-0.59064,-0.12086
-0.59064,0.12489
-0.59064,0.16432
0.26277,0.7503
0.26277,0.41297
0.26277,1.1165
0.26277,0.036226
0.26277,0.62957
0.26277,0.6015
0.26277,-0.17875
0.26277,1.037
0.26277,-0.57958
0.26277,0.81796
0.26277,0.23025
0.26277,-0.23747
0.26277,-0.19172
0.26277,0.12489
0.26277,-0.51845
2.839,2.5209
2.839,2.0816
2.839,2.0376
2.839,2.0742
2.839,3.023
-3.7652,-3.7413
-3.7652,-3.7548
-3.7652,-4.1758
-3.7652,-3.3017
-3.7652,-4.3681
-3.7652,-3.1227
-3.7652,-4.4367
0.8455,0.29653
0.8455,1.5179
0.8455,1.2493
0.8455,0.89826
0.8455,-0.10931
0.8455,1.0316
0.8455,0.17731
0.8455,1.648
0.8455,1.2108
0.8455,0.49028
0.8455,0.73995
0.8455,0.26701
0.8455,1.6709
0.8455,0.45622
0.8455,1.0072
0.8455,0.48429
-5.0376,-5.8546
-5.0376,-4.5743
-5.0376,-4.285
-5.0376,-5.4403
-5.0376,-4.9055
-5.0376,-4.5811
-5.0376,-4.9171
-5.0376,-5.2998
-5.0376,-5.5846
1.4303,0.7503
1.4303,1.596
1.4303,2.1276
1.4303,1.1165
1.4303,0.81796
-0.68273,0.29653
-0.68273,-1.1458
-0.68273,-0.18722
-0.68273,-1.4493
-0.68273,-0.92599
-0.68273,-0.76145
-0.68273,-0.10931
-0.68273,-0.59064
-0.68273,0.17731
-0.68273,-0.17875
-0.68273,-0.7019
-0.68273,-0.39164
-0.68273,-0.89666
-0.68273,-1.1313
-0.68273,-0.12086
-0.68273,-0.46616
-0.68273,-1.3945
-0.68273,0.16432
3.0266,3.7044
3.0266,3.2319
3.0266,3.869
3.0266,3.1666
3.0266,2.7799
3.0266,3.1698
3.0266,2.741
3.0266,3.7177
3.0266,3.9082
3.0266,2.9125
3.0266,2.6559
3.0266,2.227
3.0266,2.1715
3.0266,2.6037
3.0266,3.2587
3.0266,3.3718
3.0266,2.5662
3.0266,3.6138
1.0316,0.29653
1.0316,1.5179
1.0316,1.382
1.0316,1.2493
1.0316,0.89826
1.0316,0.8455
1.0316,0.17731
1.0316,1.648
1.0316,1.2108
1.0316,0.49028
1.0316,0.73995
1.0316,0.26701
1.0316,0.89825
1.0316,1.6709
1.0316,0.45622
1.0316,1.0072
1.0316,0.48429
-5.5379,-6.164
-5.5379,-5.3596
-5.5379,-4.9435
-5.5379,-4.9736
-5.5379,-5.4403
-5.5379,-5.4835
-5.5379,-5.9796
3.1666,3.7044
3.1666,2.7101
3.1666,3.0153
3.1666,3.0266
3.1666,2.741
3.1666,3.463
3.1666,3.7177
3.1666,4.0232
3.1666,2.9125
3.1666,3.5331
3.1666,3.0171
3.1666,2.382
3.1666,3.2587
3.1666,3.3718
3.1666,4.0563
3.1666,2.5662
3.8467,3.0153
3.8467,4.6654
3.8467,3.463
3.8467,4.0232
3.8467,3.4359
3.8467,4.3729
3.8467,3.5331
3.8467,3.0171
3.8467,3.7481
3.8467,4.0563
3.8467,4.1821
0.17731,0.29653
0.17731,-0.18722
0.17731,0.53354
0.17731,-0.10931
0.17731,0.8455
0.17731,-0.68273
0.17731,1.0316
0.17731,-0.23124
0.17731,0.49028
0.17731,-0.39164
0.17731,0.73995
0.17731,0.26701
0.17731,0.89825
0.17731,-0.12086
0.17731,-0.46616
0.17731,0.45622
0.17731,0.16432
0.17731,1.0072
0.17731,0.48429
-3.8082,-4.5743
-3.8082,-4.285
-3.8082,-3.2793
-3.8082,-3.9421
-3.7548,-4.6207
-3.7548,-3.7652
-3.7548,-4.1758
-3.7548,-3.6078
-3.7548,-3.3017
-3.7548,-4.2046
-3.7548,-3.1227
-3.7548,-4.4367
-3.7548,-4.1539
-3.7548,-2.9091
4.6654,5.2456
4.6654,3.8467
4.6654,4.0232
4.6654,4.3729
4.6654,4.6518
4.6654,4.8109
4.6654,4.1821
0.42019,0.7503
0.42019,-0.50115
0.42019,0.41297
0.42019,0.036226
0.62957,0.29653
0.62957,1.382
0.62957,0.98912
0.62957,0.53354
0.62957,0.26277
0.62957,0.6015
0.62957,-0.17875
0.62957,1.037
0.62957,1.4044
0.62957,0.81796
0.62957,1.3944
0.62957,0.23025
0.62957,0.89825
0.62957,-0.19172
0.62957,-0.12086
0.62957,0.12489
0.62957,0.16432
0.62957,1.0072
0.62957,0.48429
2.6624,2.1276
2.6624,2.2892
2.6624,1.9579
2.6624,1.8145
2.6624,3.023
-0.23124,-0.18722
-0.23124,-0.76145
-0.23124,-0.10931
-0.23124,0.17731
-0.23124,-0.41344
-0.23124,0.49028
-0.23124,-0.89666
-0.23124,0.26701
-0.23124,-1.1313
-0.23124,0.032045
-0.23124,-0.46616
-0.23124,0.45622
-0.23124,-0.70666
0.6015,0.41297
0.6015,0.98912
0.6015,1.1165
0.6015,0.53354
0.6015,0.26277
0.6015,0.62957
0.6015,-0.17875
0.6015,1.037
0.6015,1.4044
0.6015,0.81796
0.6015,1.3944
0.6015,0.23025
0.6015,-0.23747
0.6015,0.89825
0.6015,-0.19172
0.6015,0.12489
0.6015,0.16432
-0.17875,0.29653
-0.17875,-1.1458
-0.17875,-0.18722
-0.17875,-0.92599
-0.17875,0.53354
-0.17875,-0.59064
-0.17875,0.26277
-0.17875,-0.68273
-0.17875,0.62957
-0.17875,0.6015
-0.17875,-1.0014
-0.17875,-0.7019
-0.17875,-0.39164
-0.17875,-0.57958
-0.17875,0.23025
-0.17875,-0.23747
-0.17875,-0.19172
-0.17875,-0.12086
-0.17875,0.12489
-0.17875,0.16432
-0.17875,0.48429
1.648,1.5179
1.648,1.382
1.648,1.2493
1.648,2.5209
1.648,0.8455
1.648,1.0316
1.648,1.2108
1.648,2.2892
1.648,0.73995
1.648,1.8216
1.648,1.3944
1.648,0.89825
1.648,1.8145
1.648,2.0376
1.648,2.0742
1.648,1.6709
1.648,1.0072
2.7799,2.9039
2.7799,3.2319
2.7799,3.6855
2.7799,3.0266
2.7799,3.1698
2.7799,1.9444
2.7799,2.6559
2.7799,2.227
2.7799,3.2501
2.7799,2.5019
2.7799,2.6037
2.7799,2.1355
2.7799,3.6138
2.0111,1.5601
2.0111,1.6358
2.0111,1.9178
2.0111,1.9444
2.0111,2.9125
2.0111,2.6559
2.0111,2.227
2.0111,2.1715
2.0111,2.6037
2.0111,2.382
2.0111,2.5662
2.0111,1.4398
2.2937,2.9039
2.2937,3.091
2.2937,2.5019
2.2937,2.1355
-4.1758,-4.6207
-4.1758,-4.9435
-4.1758,-4.9555
-4.1758,-4.9736
-4.1758,-3.7652
-4.1758,-3.7548
-4.1758,-3.6078
-4.1758,-3.3017
-4.1758,-4.3681
-4.1758,-4.2046
-4.1758,-4.4367
-4.1758,-4.1539
-0.41344,0.42373
-0.41344,-0.23124
-0.41344,0.032045
-0.41344,-1.3404
-0.41344,-0.70666
3.1698,2.9039
3.1698,3.2319
3.1698,3.6855
3.1698,3.8585
3.1698,3.869
3.1698,3.0266
3.1698,2.7799
3.1698,2.6559
3.1698,2.227
3.1698,3.2501
3.1698,2.5019
3.1698,2.6037
3.1698,3.3718
3.1698,3.6138
3.1698,3.4995
-3.2793,-3.8082
-3.2793,-3.6078
-3.2793,-3.9421
-3.2793,-2.9091
5.366,5.2456
5.366,5.5093
5.366,4.9222
5.366,4.8109
5.366,4.5896
1.2108,1.302
1.2108,1.5179
1.2108,1.2493
1.2108,0.89826
1.2108,0.8455
1.2108,1.0316
1.2108,1.648
1.2108,2.0816
1.2108,0.49028
1.2108,0.73995
1.2108,0.26701
1.2108,2.0742
1.2108,1.6709
1.2108,0.45622
-3.6078,-3.7548
-3.6078,-4.1758
-3.6078,-3.2793
-3.6078,-3.3017
-3.6078,-3.9421
-3.6078,-4.2046
-3.6078,-4.1539
-3.6078,-2.9091
2.741,3.7044
2.741,2.1072
2.741,2.7101
2.741,3.0153
2.741,3.0266
2.741,3.1666
2.741,3.463
2.741,1.9178
2.741,2.9125
2.741,3.5331
2.741,3.0171
2.741,2.1715
2.741,2.6037
2.741,2.382
2.741,3.2587
2.741,3.3718
2.741,2.5662
2.741,2.3827
3.463,3.7044
3.463,2.7101
3.463,3.0153
3.463,3.1666
3.463,3.8467
3.463,2.741
3.463,4.0232
3.463,3.4359
3.463,4.3729
3.463,3.5331
3.463,3.0171
3.463,3.2587
3.463,4.0563
3.463,4.1821
-1.1768,-0.50115
-1.1768,-1.4572
-1.1768,-0.95399
-1.1768,-0.51845
4.4571,4.9379
4.4571,4.9357
4.4571,4.2594
4.4571,3.6855
4.4571,3.8585
4.4571,3.869
4.4571,3.9082
4.4571,4.2436
4.4571,4.5731
4.4571,4.9674
4.4571,4.3285
4.4571,3.6138
-1.0014,-1.1458
-1.0014,-1.4572
-1.0014,-1.4493
-1.0014,-0.92599
-1.0014,-0.59064
-1.0014,-0.17875
-1.0014,-0.7019
-1.0014,-0.57958
-1.0014,-1.529
-1.0014,-0.23747
-1.0014,-0.95399
-1.0014,-0.19172
-1.0014,-0.51845
-1.0014,-1.8055
3.7177,3.7044
3.7177,3.2319
3.7177,4.2594
3.7177,4.2837
3.7177,3.869
3.7177,3.0266
3.7177,3.1666
3.7177,4.0232
3.7177,3.9082
3.7177,2.9125
3.7177,4.2436
3.7177,4.5731
3.7177,3.5331
3.7177,3.2587
3.7177,3.3718
3.7177,4.0563
3.7177,3.6138
3.7177,4.5896
-0.7019,-1.1458
-0.7019,-0.18722
-0.7019,-1.4493
-0.7019,-0.92599
-0.7019,-0.59064
-0.7019,-0.68273
-0.7019,-0.17875
-0.7019,-1.0014
-0.7019,-0.39164
-0.7019,-0.89666
-0.7019,-0.57958
-0.7019,-1.529
-0.7019,-0.19172
-0.7019,-0.12086
-0.7019,0.12489
-0.7019,0.16432
1.037,0.41297
1.037,1.382
1.037,0.98912
1.037,1.596
1.037,1.1165
1.037,0.53354
1.037,0.26277
1.037,0.62957
1.037,0.6015
1.037,1.9579
1.037,1.4044
1.037,0.81796
1.037,1.3944
1.037,0.23025
1.037,0.89825
1.037,1.8145
1.037,0.12489
2.2892,1.382
2.2892,2.5209
2.2892,2.6624
2.2892,1.648
2.2892,1.9579
2.2892,1.8216
2.2892,1.3944
2.2892,1.8145
2.2892,2.0376
2.2892,3.023
1.9178,2.1072
1.9178,2.7101
1.9178,1.5601
1.9178,1.6358
1.9178,2.0111
1.9178,2.741
1.9178,2.1715
1.9178,2.6037
1.9178,2.382
1.9178,1.1269
1.9178,2.5662
1.9178,1.669
1.9444,1.6358
1.9444,2.7799
1.9444,2.0111
1.9444,2.6559
1.9444,2.227
1.9444,2.5019
1.9444,2.6037
1.9444,1.4398
1.9444,2.1355
3.0041,3.0153
3.0041,3.4359
3.0041,2.6101
3.0041,3.7481
4.0232,3.7044
4.0232,4.2837
4.0232,3.1666
4.0232,3.8467
4.0232,4.6654
4.0232,3.463
4.0232,3.7177
4.0232,3.4359
4.0232,4.3729
4.0232,3.5331
4.0232,4.8109
4.0232,3.2587
4.0232,4.0563
4.0232,4.1821
4.0232,4.5896
2.0816,1.302
2.0816,1.5179
2.0816,2.839
2.0816,1.2108
2.0816,2.0742
2.0816,1.6709
0.49028,1.302
0.49028,0.42373
0.49028,0.89826
0.49028,-0.10931
0.49028,0.8455
0.49028,1.0316
0.49028,0.17731
0.49028,-0.23124
0.49028,1.2108
0.49028,0.26701
0.49028,0.032045
0.49028,0.45622
3.9082,3.7044
3.9082,3.2319
3.9082,4.2594
3.9082,3.6855
3.9082,4.2837
3.9082,3.869
3.9082,3.0266
3.9082,4.4571
3.9082,3.7177
3.9082,4.2436
3.9082,4.5731
3.9082,3.2587
3.9082,3.3718
3.9082,4.0563
3.9082,3.6138
3.9082,4.5896
5.5093,4.9357
5.5093,5.366
5.5093,4.9222
5.5093,4.5731
5.5093,5.6559
-0.39164,0.29653
-0.39164,-1.1458
-0.39164,-0.18722
-0.39164,-0.92599
-0.39164,0.53354
-0.39164,-0.10931
-0.39164,-0.59064
-0.39164,-0.68273
-0.39164,0.17731
-0.39164,-0.17875
-0.39164,-0.7019
-0.39164,-0.89666
-0.39164,-0.57958
-0.39164,0.23025
-0.39164,-0.19172
-0.39164,-0.12086
-0.39164,0.12489
-0.39164,-0.46616
-0.39164,0.16432
-0.39164,0.48429
0.93078,1.5601
0.93078,1.6358
0.93078,1.1269
-0.89666,-0.18722
-0.89666,-1.4493
-0.89666,-0.92599
-0.89666,-0.76145
-0.89666,-0.10931
-0.89666,-0.68273
-0.89666,-0.23124
-0.89666,-0.7019
-0.89666,-0.39164
-0.89666,-1.1313
-0.89666,-0.12086
-0.89666,-0.46616
-0.89666,-1.3945
4.9222,4.9357
4.9222,4.2594
4.9222,4.2837
4.9222,5.366
4.9222,5.5093
4.9222,4.5731
4.9222,4.8109
4.9222,4.0563
4.9222,4.5896
-5.4403,-5.8546
-5.4403,-4.6207
-5.4403,-5.3596
-5.4403,-4.9555
-5.4403,-4.9736
-5.4403,-5.9775
-5.4403,-5.0376
-5.4403,-5.5379
-5.4403,-4.9055
-5.4403,-4.5811
-5.4403,-5.2998
-5.4403,-5.9796
2.9125,3.7044
2.9125,2.7101
2.9125,3.2319
2.9125,3.0266
2.9125,3.1666
2.9125,2.0111
2.9125,2.741
2.9125,3.7177
2.9125,2.6559
2.9125,3.5331
2.9125,3.0171
2.9125,2.1715
2.9125,2.6037
2.9125,2.382
2.9125,3.2587
2.9125,3.3718
2.9125,2.5662
2.9125,3.6138
2.6559,3.2319
2.6559,3.0266
2.6559,2.7799
2.6559,2.0111
2.6559,3.1698
2.6559,1.9444
2.6559,2.9125
2.6559,2.227
2.6559,3.2501
2.6559,2.5019
2.6559,2.1715
2.6559,2.6037
2.6559,3.3718
2.6559,2.5662
2.6559,2.1355
2.6559,3.6138
0.73995,0.29653
0.73995,1.5179
0.73995,1.382
0.73995,-0.18722
0.73995,0.98912
0.73995,0.53354
0.73995,1.2493
0.73995,-0.10931
0.73995,0.8455
0.73995,1.0316
0.73995,0.17731
0.73995,1.648
0.73995,1.2108
0.73995,0.26701
0.73995,0.89825
0.73995,-0.12086
0.73995,0.45622
0.73995,0.16432
0.73995,1.0072
0.73995,0.48429
1.9579,1.382
1.9579,1.596
1.9579,2.1276
1.9579,2.6624
1.9579,1.037
1.9579,2.2892
1.9579,1.4044
1.9579,1.8216
1.9579,1.3944
1.9579,1.8145
3.4359,2.7101
3.4359,3.0153
3.4359,3.8467
3.4359,3.463
3.4359,3.0041
3.4359,4.0232
3.4359,3.5331
3.4359,3.0171
3.4359,2.6101
3.4359,3.7481
3.4359,4.1821
0.26701,0.29653
0.26701,-0.18722
0.26701,0.89826
0.26701,-0.10931
0.26701,0.8455
0.26701,1.0316
0.26701,0.17731
0.26701,-0.23124
0.26701,1.2108
0.26701,0.49028
0.26701,0.73995
0.26701,0.032045
0.26701,-0.46616
0.26701,0.45622
4.3729,3.7044
4.3729,5.2456
4.3729,4.2837
4.3729,3.8467
4.3729,4.6654
4.3729,3.463
4.3729,4.0232
4.3729,3.5331
4.3729,4.8109
4.3729,4.0563
4.3729,4.1821
4.3729,4.5896
-4.9055,-4.6207
-4.9055,-5.3596
-4.9055,-4.5743
-4.9055,-4.9555
-4.9055,-4.9736
-4.9055,-5.0376
-4.9055,-5.4403
-4.9055,-4.5811
-4.9055,-4.2046
-4.9055,-5.2998
-4.9055,-4.1539
1.4044,1.382
1.4044,0.98912
1.4044,1.596
1.4044,2.1276
1.4044,1.1165
1.4044,0.62957
1.4044,0.6015
1.4044,1.037
1.4044,1.9579
1.4044,1.8216
1.4044,0.81796
1.4044,1.3944
1.4044,0.89825
1.4044,1.8145
-0.57958,-1.1458
-0.57958,-1.4572
-0.57958,0.036226
-0.57958,-0.59064
-0.57958,0.26277
-0.57958,-0.17875
-0.57958,-1.0014
-0.57958,-0.7019
-0.57958,-0.39164
-0.57958,-1.529
-0.57958,0.23025
-0.57958,-0.23747
-0.57958,-0.95399
-0.57958,-0.19172
-0.57958,0.12489
-0.57958,-0.51845
4.2436,4.9357
4.2436,4.2594
4.2436,3.6855
4.2436,3.8585
4.2436,4.2837
4.2436,3.869
4.2436,4.4571
4.2436,3.7177
4.2436,3.9082
4.2436,4.5731
4.2436,4.9674
4.2436,4.3285
4.2436,3.6138
2.227,3.2319
2.227,1.6358
2.227,3.0266
2.227,2.7799
2.227,2.0111
2.227,3.1698
2.227,1.9444
2.227,2.6559
2.227,2.5019
2.227,2.1715
2.227,2.6037
2.227,2.5662
2.227,1.4398
2.227,2.1355
4.5731,4.9357
4.5731,4.2594
4.5731,4.2837
4.5731,3.869
4.5731,4.4571
4.5731,3.7177
4.5731,3.9082
4.5731,5.5093
4.5731,4.9222
4.5731,4.2436
4.5731,4.9674
4.5731,3.6138
4.5731,4.5896
4.6518,4.6654
4.6518,3.7481
4.6518,4.1821
-1.529,-1.1458
-1.529,-1.4572
-1.529,-1.4493
-1.529,-0.92599
-1.529,-0.59064
-1.529,-1.0014
-1.529,-0.7019
-1.529,-0.57958
-1.529,-2.186
-1.529,-0.95399
-1.529,-1.8055
-1.1313,-0.92599
-1.1313,-0.76145
-1.1313,-1.789
-1.1313,-0.68273
-1.1313,-0.23124
-1.1313,-0.89666
-1.1313,-1.3404
-1.1313,-0.46616
-1.1313,-1.3945
-1.1313,-0.70666
3.2501,2.9039
3.2501,3.2319
3.2501,3.091
3.2501,3.6855
3.2501,3.8585
3.2501,3.869
3.2501,2.7799
3.2501,3.1698
3.2501,2.6559
3.2501,2.5019
3.2501,3.6138
3.2501,3.4995
0.032045,-0.76145
0.032045,0.42373
0.032045,0.89826
0.032045,-0.10931
0.032045,-0.23124
0.032045,-0.41344
0.032045,0.49028
0.032045,0.26701
0.032045,0.45622
0.032045,-0.70666
-5.4835,-6.164
-5.4835,-4.9435
-5.4835,-5.5379
-5.4835,-4.6974
3.5331,3.7044
3.5331,2.7101
3.5331,3.0153
3.5331,4.2837
3.5331,3.1666
3.5331,3.8467
3.5331,2.741
3.5331,3.463
3.5331,3.7177
3.5331,4.0232
3.5331,2.9125
3.5331,3.4359
3.5331,4.3729
3.5331,3.0171
3.5331,3.2587
3.5331,3.3718
3.5331,4.0563
3.0171,3.7044
3.0171,2.1072
3.0171,2.7101
3.0171,3.0153
3.0171,3.1666
3.0171,3.8467
3.0171,2.741
3.0171,3.463
3.0171,2.9125
3.0171,3.4359
3.0171,3.5331
3.0171,2.6101
3.0171,2.382
3.0171,3.2587
3.0171,2.3827
-1.3404,-0.76145
-1.3404,-1.789
-1.3404,-0.41344
-1.3404,-1.1313
-1.3404,-0.70666
4.9674,4.9379
4.9674,4.9357
4.9674,4.4571
4.9674,4.2436
4.9674,4.5731
4.9674,4.3285
4.9674,5.6559
1.8216,1.5179
1.8216,1.382
1.8216,0.98912
1.8216,1.2493
1.8216,2.5209
1.8216,1.648
1.8216,2.2892
1.8216,1.9579
1.8216,1.4044
1.8216,1.3944
1.8216,0.89825
1.8216,1.8145
1.8216,2.0376
1.8216,2.0742
1.8216,1.0072
0.81796,0.7503
0.81796,0.41297
0.81796,0.98912
0.81796,1.596
0.81796,1.1165
0.81796,0.036226
0.81796,0.26277
0.81796,1.4303
0.81796,0.62957
0.81796,0.6015
0.81796,1.037
0.81796,1.4044
0.81796,1.3944
0.81796,0.23025
2.5019,2.9039
2.5019,3.2319
2.5019,2.7799
2.5019,2.2937
2.5019,3.1698
2.5019,1.9444
2.5019,2.6559
2.5019,2.227
2.5019,3.2501
2.5019,2.6037
2.5019,2.1355
2.1715,2.1072
2.1715,1.5601
2.1715,1.6358
2.1715,3.0266
2.1715,2.0111
2.1715,2.741
2.1715,1.9178
2.1715,2.9125
2.1715,2.6559
2.1715,2.227
2.1715,2.6037
2.1715,2.382
2.1715,2.5662
1.3944,1.382
1.3944,0.98912
1.3944,1.596
1.3944,1.1165
1.3944,0.53354
1.3944,1.2493
1.3944,0.62957
1.3944,0.6015
1.3944,1.648
1.3944,1.037
1.3944,2.2892
1.3944,1.9579
1.3944,1.4044
1.3944,1.8216
1.3944,0.81796
1.3944,0.89825
1.3944,1.8145
1.3944,1.0072
4.8109,5.2456
4.8109,4.2837
4.8109,4.6654
4.8109,5.366
4.8109,4.0232
4.8109,4.9222
4.8109,4.3729
4.8109,4.0563
4.8109,4.5896
2.6101,2.7101
2.6101,3.0153
2.6101,1.803
2.6101,3.0041
2.6101,3.4359
2.6101,3.0171
2.6101,2.3827
0.23025,0.41297
0.23025,0.98912
0.23025,0.53354
0.23025,-0.59064
0.23025,0.26277
0.23025,0.62957
0.23025,0.6015
0.23025,-0.17875
0.23025,1.037
0.23025,-0.39164
0.23025,-0.57958
0.23025,0.81796
0.23025,-0.23747
0.23025,0.89825
0.23025,-0.19172
0.23025,-0.12086
0.23025,0.12489
0.23025,0.16432
0.23025,0.48429
-0.23747,-0.50115
-0.23747,0.41297
-0.23747,0.036226
-0.23747,-0.59064
-0.23747,0.26277
-0.23747,0.6015
-0.23747,-0.17875
-0.23747,-1.0014
-0.23747,-0.57958
-0.23747,0.23025
-0.23747,-0.95399
-0.23747,-0.19172
-0.23747,0.12489
-0.23747,-0.51845
-3.3017,-3.7652
-3.3017,-3.7548
-3.3017,-4.1758
-3.3017,-3.6078
-3.3017,-3.1227
-3.3017,-4.1539
-3.3017,-2.9091
-4.3681,-4.9435
-4.3681,-3.7413
-4.3681,-4.9736
-4.3681,-3.7652
-4.3681,-4.1758
-4.3681,-4.6974
-4.3681,-4.4367
0.89825,0.29653
0.89825,1.382
0.89825,0.98912
0.89825,0.53354
0.89825,1.2493
0.89825,1.0316
0.89825,0.17731
0.89825,0.62957
0.89825,0.6015
0.89825,1.648
0.89825,1.037
0.89825,0.73995
0.89825,1.4044
0.89825,1.8216
0.89825,1.3944
0.89825,0.23025
0.89825,1.8145
0.89825,0.12489
0.89825,0.16432
0.89825,1.0072
0.89825,0.48429
-2.186,-1.4572
-2.186,-1.529
-2.186,-1.8055
2.6037,3.2319
2.6037,1.6358
2.6037,3.0266
2.6037,2.7799
2.6037,2.0111
2.6037,3.1698
2.6037,2.741
2.6037,1.9178
2.6037,1.9444
2.6037,2.9125
2.6037,2.6559
2.6037,2.227
2.6037,2.5019
2.6037,2.1715
2.6037,2.382
2.6037,3.2587
2.6037,3.3718
2.6037,2.5662
3.7481,3.0153
3.7481,3.8467
3.7481,3.0041
3.7481,3.4359
3.7481,4.6518
3.7481,4.1821
-4.5811,-4.6207
-4.5811,-4.5743
-4.5811,-4.9555
-4.5811,-4.285
-4.5811,-5.0376
-4.5811,-5.4403
-4.5811,-4.9055
-4.5811,-3.9421
-4.5811,-4.2046
-4.5811,-5.2998
-4.5811,-4.1539
-3.9421,-4.5743
-3.9421,-4.285
-3.9421,-3.8082
-3.9421,-3.2793
-3.9421,-3.6078
-3.9421,-4.5811
-3.9421,-4.2046
-3.9421,-4.1539
-4.6974,-4.9435
-4.6974,-3.7413
-4.6974,-5.4835
-4.6974,-4.3681
2.382,2.1072
2.382,2.7101
2.382,1.5601
2.382,3.1666
2.382,2.0111
2.382,2.741
2.382,1.9178
2.382,2.9125
2.382,3.0171
2.382,2.1715
2.382,2.6037
2.382,3.2587
2.382,2.5662
2.382,2.3827
2.382,1.669
3.2587,3.7044
3.2587,2.7101
3.2587,3.2319
3.2587,3.0266
3.2587,3.1666
3.2587,2.741
3.2587,3.463
3.2587,3.7177
3.2587,4.0232
3.2587,3.9082
3.2587,2.9125
3.2587,3.5331
3.2587,3.0171
3.2587,2.6037
3.2587,2.382
3.2587,3.3718
3.2587,4.0563
3.2587,2.5662
3.2587,3.6138
-4.2046,-4.6207
-4.2046,-4.5743
-4.2046,-4.9555
-4.2046,-3.7548
-4.2046,-4.1758
-4.2046,-3.6078
-4.2046,-4.9055
-4.2046,-4.5811
-4.2046,-3.9421
-4.2046,-4.1539
-0.95399,-1.1458
-0.95399,-1.4572
-0.95399,-0.59064
-0.95399,-1.1768
-0.95399,-1.0014
-0.95399,-0.57958
-0.95399,-1.529
-0.95399,-0.23747
-0.95399,-0.19172
-0.95399,-0.51845
1.8145,1.382
1.8145,0.98912
1.8145,1.596
1.8145,1.2493
1.8145,2.5209
1.8145,2.6624
1.8145,1.648
1.8145,1.037
1.8145,2.2892
1.8145,1.9579
1.8145,1.4044
1.8145,1.8216
1.8145,1.3944
1.8145,0.89825
1.8145,2.0376
1.8145,1.0072
-0.19172,0.41297
-0.19172,0.036226
-0.19172,-0.59064
-0.19172,0.26277
-0.19172,0.62957
-0.19172,0.6015
-0.19172,-0.17875
-0.19172,-1.0014
-0.19172,-0.7019
-0.19172,-0.39164
-0.19172,-0.57958
-0.19172,0.23025
-0.19172,-0.23747
-0.19172,-0.95399
-0.19172,-0.12086
-0.19172,0.12489
-0.19172,-0.51845
-0.19172,0.16432
3.3718,3.7044
3.3718,3.2319
3.3718,4.2594
3.3718,3.6855
3.3718,4.2837
3.3718,3.869
3.3718,3.0266
3.3718,3.1666
3.3718,3.1698
3.3718,2.741
3.3718,3.7177
3.3718,3.9082
3.3718,2.9125
3.3718,2.6559
3.3718,3.5331
3.3718,2.6037
3.3718,3.2587
3.3718,4.0563
3.3718,2.5662
3.3718,3.6138
2.0376,1.5179
2.0376,1.382
2.0376,1.2493
2.0376,2.5209
2.0376,2.839
2.0376,1.648
2.0376,2.2892
2.0376,1.8216
2.0376,1.8145
2.0376,2.0742
2.0376,1.6709
-0.12086,0.29653
-0.12086,-0.18722
-0.12086,-0.92599
-0.12086,0.53354
-0.12086,-0.10931
-0.12086,-0.59064
-0.12086,-0.68273
-0.12086,0.17731
-0.12086,0.62957
-0.12086,-0.17875
-0.12086,-0.7019
-0.12086,-0.39164
-0.12086,-0.89666
-0.12086,0.73995
-0.12086,0.23025
-0.12086,-0.19172
-0.12086,0.12489
-0.12086,-0.46616
-0.12086,0.45622
-0.12086,0.16432
-0.12086,0.48429
0.12489,0.29653
0.12489,-0.18722
0.12489,0.98912
0.12489,0.53354
0.12489,-0.59064
0.12489,0.26277
0.12489,0.62957
0.12489,0.6015
0.12489,-0.17875
0.12489,-0.7019
0.12489,1.037
0.12489,-0.39164
0.12489,-0.57958
0.12489,0.23025
0.12489,-0.23747
0.12489,0.89825
0.12489,-0.19172
0.12489,-0.12086
0.12489,0.16432
0.12489,0.48429
2.0742,1.5179
2.0742,1.2493
2.0742,2.5209
2.0742,2.839
2.0742,1.648
2.0742,1.2108
2.0742,2.0816
2.0742,1.8216
2.0742,2.0376
2.0742,1.6709
4.0563,3.7044
4.0563,4.2594
4.0563,4.2837
4.0563,3.1666
4.0563,3.8467
4.0563,3.463
4.0563,3.7177
4.0563,4.0232
4.0563,3.9082
4.0563,4.9222
4.0563,4.3729
4.0563,3.5331
4.0563,4.8109
4.0563,3.2587
4.0563,3.3718
4.0563,4.5896
1.1269,2.1072
1.1269,1.5601
1.1269,1.9178
1.1269,0.93078
1.1269,1.669
-0.51845,-0.50115
-0.51845,0.41297
-0.51845,-1.4572
-0.51845,0.036226
-0.51845,0.26277
-0.51845,-1.1768
-0.51845,-1.0014
-0.51845,-0.57958
-0.51845,-0.23747
-0.51845,-0.95399
-0.51845,-0.19172
-4.9171,-4.5743
-4.9171,-4.285
-4.9171,-5.0376
-4.9171,-5.5767
-4.9171,-4.7838
-4.9171,-5.5846
-3.1227,-3.7413
-3.1227,-3.7652
-3.1227,-3.7548
-3.1227,-3.3017
-0.46616,0.29653
-0.46616,-0.18722
-0.46616,-0.92599
-0.46616,-0.76145
-0.46616,-0.10931
-0.46616,-0.68273
-0.46616,0.17731
-0.46616,-0.23124
-0.46616,-0.39164
-0.46616,-0.89666
-0.46616,0.26701
-0.46616,-1.1313
-0.46616,-0.12086
-0.46616,-1.3945
-0.46616,0.45622
-0.46616,-0.70666
-5.5767,-4.9171
-5.5767,-4.7838
-5.5767,-5.5846
-5.2998,-5.8546
-5.2998,-4.5743
-5.2998,-4.9555
-5.2998,-5.9775
-5.2998,-5.0376
-5.2998,-5.4403
-5.2998,-4.9055
-5.2998,-4.5811
-5.2998,-5.5846
-1.3945,-1.1458
-1.3945,-1.4493
-1.3945,-0.92599
-1.3945,-0.76145
-1.3945,-2.1182
-1.3945,-1.789
-1.3945,-0.68273
-1.3945,-0.89666
-1.3945,-1.1313
-1.3945,-0.46616
-1.3945,-1.8055
1.6709,1.302
1.6709,1.5179
1.6709,0.89826
1.6709,0.8455
1.6709,1.0316
1.6709,1.648
1.6709,1.2108
1.6709,2.0816
1.6709,2.0376
1.6709,2.0742
4.1821,3.8467
4.1821,4.6654
4.1821,3.463
4.1821,4.0232
4.1821,3.4359
4.1821,4.3729
4.1821,4.6518
4.1821,3.7481
0.45622,0.29653
0.45622,-0.18722
0.45622,1.2493
0.45622,0.89826
0.45622,-0.10931
0.45622,0.8455
0.45622,1.0316
0.45622,0.17731
0.45622,-0.23124
0.45622,1.2108
0.45622,0.49028
0.45622,0.73995
0.45622,0.26701
0.45622,0.032045
0.45622,-0.12086
0.45622,-0.46616
0.45622,1.0072
0.45622,0.48429
-4.7838,-4.285
-4.7838,-4.9171
-4.7838,-5.5767
2.5662,2.1072
2.5662,2.7101
2.5662,3.2319
2.5662,3.0266
2.5662,3.1666
2.5662,2.0111
2.5662,2.741
2.5662,1.9178
2.5662,2.9125
2.5662,2.6559
2.5662,2.227
2.5662,2.1715
2.5662,2.6037
2.5662,2.382
2.5662,3.2587
2.5662,3.3718
2.3827,2.1072
2.3827,2.7101
2.3827,3.0153
2.3827,1.803
2.3827,2.741
2.3827,3.0171
2.3827,2.6101
2.3827,2.382
2.3827,1.669
1.669,2.1072
1.669,1.5601
1.669,1.803
1.669,1.9178
1.669,2.382
1.669,1.1269
1.669,2.3827
-4.4367,-4.6207
-4.4367,-4.9435
-4.4367,-4.9555
-4.4367,-4.9736
-4.4367,-3.7652
-4.4367,-3.7548
-4.4367,-4.1758
-4.4367,-4.3681
-4.4367,-4.1539
-0.70666,-0.76145
-0.70666,-0.10931
-0.70666,-0.23124
-0.70666,-0.41344
-0.70666,-1.1313
-0.70666,0.032045
-0.70666,-1.3404
-0.70666,-0.46616
-5.9796,-6.164
-5.9796,-5.3596
-5.9796,-6.6316
-5.9796,-5.9775
-5.9796,-5.5379
-5.9796,-5.4403
1.4398,1.6358
1.4398,2.0111
1.4398,1.9444
1.4398,2.227
1.4398,2.1355
4.3285,4.9379
4.3285,3.6855
4.3285,4.1467
4.3285,3.8585
4.3285,3.869
4.3285,4.4571
4.3285,4.2436
4.3285,4.9674
4.3285,3.4995
2.1355,2.9039
2.1355,2.7799
2.1355,2.2937
2.1355,1.9444
2.1355,2.6559
2.1355,2.227
2.1355,2.5019
2.1355,1.4398
0.16432,0.29653
0.16432,-0.18722
0.16432,0.98912
0.16432,0.53354
0.16432,-0.59064
0.16432,-0.68273
0.16432,0.17731
0.16432,0.62957
0.16432,0.6015
0.16432,-0.17875
0.16432,-0.7019
0.16432,-0.39164
0.16432,0.73995
0.16432,0.23025
0.16432,0.89825
0.16432,-0.19172
0.16432,-0.12086
0.16432,0.12489
0.16432,1.0072
0.16432,0.48429
3.6138,3.7044
3.6138,3.2319
3.6138,4.2594
3.6138,3.6855
3.6138,3.8585
3.6138,4.2837
3.6138,3.869
3.6138,3.0266
3.6138,2.7799
3.6138,3.1698
3.6138,4.4571
3.6138,3.7177
3.6138,3.9082
3.6138,2.9125
3.6138,2.6559
3.6138,4.2436
3.6138,4.5731
3.6138,3.2501
3.6138,3.2587
3.6138,3.3718
3.023,2.5209
3.023,2.839
3.023,2.6624
3.023,2.2892
-4.1539,-4.6207
-4.1539,-4.9555
-4.1539,-3.7548
-4.1539,-4.1758
-4.1539,-3.6078
-4.1539,-4.9055
-4.1539,-3.3017
-4.1539,-4.5811
-4.1539,-3.9421
-4.1539,-4.2046
-4.1539,-4.4367
-5.5846,-5.8546
-5.5846,-5.0376
-5.5846,-4.9171
-5.5846,-5.5767
-5.5846,-5.2998
-2.9091,-3.7548
-2.9091,-3.2793
-2.9091,-3.6078
-2.9091,-3.3017
1.0072,0.29653
1.0072,1.5179
1.0072,1.382
1.0072,0.98912
1.0072,0.53354
1.0072,1.2493
1.0072,0.8455
1.0072,1.0316
1.0072,0.17731
1.0072,0.62957
1.0072,1.648
1.0072,0.73995
1.0072,1.8216
1.0072,1.3944
1.0072,0.89825
1.0072,1.8145
1.0072,0.45622
1.0072,0.16432
1.0072,0.48429
-1.8055,-1.1458
-1.8055,-1.4493
-1.8055,-0.92599
-1.8055,-2.1182
-1.8055,-1.0014
-1.8055,-1.529
-1.8055,-2.186
-1.8055,-1.3945
3.4995,2.9039
3.4995,3.091
3.4995,3.6855
3.4995,4.1467
3.4995,3.8585
3.4995,3.1698
3.4995,3.2501
3.4995,4.3285
4.5896,3.7044
4.5896,4.9357
4.5896,4.2594
4.5896,4.2837
4.5896,5.366
4.5896,3.7177
4.5896,4.0232
4.5896,3.9082
4.5896,4.9222
4.5896,4.3729
4.5896,4.5731
4.5896,4.8109
4.5896,4.0563
0.48429,0.29653
0.48429,1.382
0.48429,-0.18722
0.48429,0.98912
0.48429,0.53354
0.48429,1.2493
0.48429,-0.10931
0.48429,0.8455
0.48429,1.0316
0.48429,0.17731
0.48429,0.62957
0.48429,-0.17875
0.48429,-0.39164
0.48429,0.73995
0.48429,0.23025
0.48429,0.89825
0.48429,-0.12086
0.48429,0.12489
0.48429,0.45622
0.48429,0.16432
0.48429,1.0072
5.6559,4.9357
5.6559,5.5093
5.6559,4.9674
