4.961,4.7583
4.961,5.7576
4.961,4.4046
4.961,5.7776
4.961,5.3429
4.961,4.0839
4.961,4.6741
4.961,5.4547
4.961,4.9884
4.961,4.0701
4.961,5.308
4.961,4.2775
4.961,5.035
4.961,4.5584
-3.6098,-4.5688
-3.6098,-3.4537
-3.6098,-2.809
-3.6098,-4.0308
-4.9799,-4.2471
-4.9799,-5.2977
-4.9799,-4.2734
-4.9799,-4.6844
-4.9799,-5.6289
-4.9799,-4.5292
-4.9799,-4.7209
-4.9799,-5.2153
-4.9799,-5.6471
-3.9016,-4.2471
-3.9016,-4.2734
-3.9016,-3.7739
-3.9016,-3.0524
-3.9016,-3.2908
-3.9016,-4.5292
-3.9016,-4.7209
-3.9016,-4.2546
-3.9016,-3.7218
-3.9016,-3.2676
-3.9016,-3.6369
2.7069,3.271
2.7069,2.8035
2.7069,2.4831
2.7069,3.3476
2.7069,3.2167
4.7179,5.1738
4.7179,5.2406
4.7179,4.4552
4.7179,5.2052
4.7179,4.1399
4.7179,4.6645
4.7179,4.4366
4.7179,4.877
4.7179,3.9861
4.7179,4.6116
4.7179,4.0949
4.7179,4.0589
2.8698,3.1142
2.8698,3.3521
2.8698,3.6021
2.8698,3.4302
-4.2471,-4.9799
-4.2471,-3.9016
-4.2471,-4.2734
-4.2471,-4.5688
-4.2471,-3.7739
-4.2471,-4.6844
-4.2471,-3.4537
-4.2471,-4.5292
-4.2471,-4.0308
6.1983,5.3648
6.1983,5.6941
6.1983,5.6855
3.271,2.7069
3.271,3.1142
3.271,3.6728
3.271,2.4831
3.271,4.1399
3.271,3.2167
3.271,3.6753
3.271,3.6021
3.271,4.0589
3.271,4.0701
5.3648,6.1983
5.3648,5.0741
5.3648,5.0958
5.3648,5.6941
5.3648,4.5887
5.3648,5.6855
-5.2977,-4.9799
-5.2977,-4.5688
-5.2977,-4.6844
-5.2977,-5.5834
-5.2977,-6.1955
-5.2977,-5.6471
-2.9099,-3.7739
-2.9099,-3.4537
-2.9099,-3.2908
-2.9099,-2.809
-2.9099,-2.6137
-2.9099,-2.1965
-2.9099,-3.2676
-1.7296,-1.158
-1.7296,-2.655
-1.7296,-1.8812
-1.7296,-2.6079
-1.7296,-2.216
-1.7296,-2.3321
-1.7296,-1.7079
-3.9857,-3.4344
-3.9857,-3.8415
-3.9857,-3.3758
-3.9857,-4.2513
-3.9857,-4.2583
-3.9857,-4.6937
-3.9857,-3.5218
-3.9857,-4.5136
-3.9857,-3.4181
-3.9857,-4.5143
-3.9857,-4.3687
-3.9857,-4.6827
-3.9857,-3.9527
-3.9857,-3.6276
-3.9857,-4.0886
-3.9857,-2.9951
-3.9857,-3.9434
4.7744,4.199
4.7744,5.0741
4.7744,5.6312
4.7744,5.2952
4.7744,4.9602
4.7744,4.6861
4.7744,5.195
4.7744,3.9484
4.7744,4.0136
4.7744,4.5999
4.7744,4.3945
4.7744,4.4642
3.9547,3.3521
3.9547,4.6645
3.9547,3.9861
3.9547,4.6116
3.9547,4.4162
3.9547,4.0949
3.9547,3.4302
-1.5877,-2.2361
-1.5877,-1.7891
-1.5877,-2.5327
4.7583,4.961
4.7583,4.4552
4.7583,5.2052
4.7583,5.3429
4.7583,4.1399
4.7583,4.4366
4.7583,4.877
4.7583,5.4633
4.7583,4.0589
4.7583,4.9884
4.7583,4.0701
4.7583,5.308
4.7583,4.2775
4.7583,4.5584
-3.1671,-3.4344
-3.1671,-3.8415
-3.1671,-2.7631
-3.1671,-3.9327
-3.1671,-2.2361
-3.1671,-3.4181
-3.1671,-3.357
-3.1671,-3.5756
-3.1671,-2.5626
-3.1671,-3.1229
-3.1671,-2.8393
-3.1671,-2.9951
-3.1671,-3.9434
-3.1671,-2.5327
-4.9892,-4.2734
-4.9892,-5.6289
-4.9892,-5.2026
-4.9892,-4.7209
-4.9892,-4.2546
-4.9892,-4.5654
-4.9892,-5.878
-4.9892,-5.2153
-4.2734,-4.9799
-4.2734,-3.9016
-4.2734,-4.2471
-4.2734,-4.9892
-4.2734,-3.7739
-4.2734,-3.2908
-4.2734,-4.5292
-4.2734,-4.7209
-4.2734,-4.2546
-4.2734,-3.7218
-4.2734,-5.2153
-4.2734,-3.6369
-4.8558,-4.691
-4.8558,-4.2777
-4.8558,-5.5329
-4.8558,-4.2583
-4.8558,-4.3211
-4.8558,-4.4506
-4.8558,-4.8513
-4.8558,-5.0613
-4.8558,-5.4
-4.691,-4.8558
-4.691,-5.0684
-4.691,-4.2513
-4.691,-4.2583
-4.691,-4.6937
-4.691,-4.3211
-4.691,-3.8799
-4.691,-5.2548
-4.691,-4.3687
-4.691,-4.6827
-4.691,-5.553
-4.691,-4.4506
-4.691,-3.9527
-4.691,-5.0613
4.199,4.7744
4.199,3.3247
4.199,4.4046
4.199,4.9602
4.199,4.0839
4.199,3.7259
4.199,4.6741
4.199,3.9484
4.199,3.6055
4.199,3.8202
4.199,4.5999
4.199,4.3945
4.199,5.035
-3.0253,-3.4344
-3.0253,-2.361
-3.0253,-2.7631
-3.0253,-3.3758
-3.0253,-2.655
-3.0253,-2.6079
-3.0253,-3.5218
-3.0253,-3.4181
-3.0253,-2.9174
-3.0253,-3.1229
-3.0253,-2.216
-3.0253,-2.3321
-3.0253,-3.2441
-3.0253,-3.9527
-3.0253,-3.6276
-3.0253,-2.9951
-2.0635,-2.6678
-2.0635,-3.0524
-2.0635,-2.6137
-2.0635,-2.1965
3.0028,3.5452
3.0028,3.3247
3.0028,2.8035
3.0028,3.2313
3.0028,3.9484
3.0028,3.6055
-4.7669,-4.9458
-4.7669,-3.9327
-4.7669,-4.5143
-4.7669,-4.3039
5.1738,4.7179
5.1738,5.2406
5.1738,5.6492
5.1738,5.2052
5.1738,4.6645
5.1738,4.6116
5.1738,5.7136
5.1738,5.1781
-4.2777,-4.8558
-4.2777,-3.7267
-4.2777,-4.3211
-4.2777,-4.004
-4.2777,-3.7843
-4.2777,-4.4506
-4.2777,-4.8513
3.5452,3.0028
3.5452,3.2313
3.5452,3.9189
3.5452,3.9484
3.5452,3.6055
3.5452,4.0136
3.5452,4.3945
3.5452,4.4642
-1.158,-1.7296
-1.158,-1.2273
-1.158,-1.7079
-3.4344,-3.9857
-3.4344,-3.1671
-3.4344,-3.0253
-3.4344,-3.8415
-3.4344,-2.7631
-3.4344,-3.5218
-3.4344,-3.4181
-3.4344,-3.5756
-3.4344,-2.5626
-3.4344,-3.1229
-3.4344,-2.8393
-3.4344,-4.0886
-3.4344,-2.9951
-3.4344,-3.9434
5.2406,4.7179
5.2406,5.1738
5.2406,4.4552
5.2406,5.2052
5.2406,4.6645
5.2406,4.877
5.2406,5.4633
5.2406,5.7764
5.2406,5.7136
5.7576,4.961
5.7576,5.7776
5.7576,5.3429
5.7576,6.2577
5.7576,5.4633
5.7576,4.9884
5.7576,5.308
5.7576,6.1003
3.3247,4.199
3.3247,3.0028
3.3247,2.8035
3.3247,4.0839
3.3247,3.7259
3.3247,3.3476
3.3247,3.9484
3.3247,3.6055
3.3247,3.8202
5.6492,5.1738
5.6492,6.3698
5.6492,5.7136
5.6492,5.1781
4.4046,4.961
4.4046,4.199
4.4046,5.3429
4.4046,4.0839
4.4046,3.7259
4.4046,4.6741
4.4046,3.8202
4.4046,4.5999
4.4046,4.0701
4.4046,4.2775
4.4046,5.035
4.4046,4.5584
-3.7267,-4.2777
-3.7267,-3.2163
-3.7267,-4.3211
-3.7267,-4.004
-3.7267,-3.2236
-3.7267,-3.7843
-3.7267,-3.094
3.1142,2.8698
3.1142,3.271
3.1142,3.6728
3.1142,2.4831
3.1142,3.2167
3.1142,3.6021
3.1142,4.0589
3.1142,3.4302
-2.361,-3.0253
-2.361,-2.0964
-2.361,-2.7631
-2.361,-2.6079
-2.361,-2.2361
-2.361,-2.5626
-2.361,-3.1229
-2.361,-2.216
-2.361,-2.3321
-2.361,-1.7891
-2.361,-2.9951
-2.361,-1.7079
6.3698,5.6492
6.3698,6.4038
6.3698,5.7136
6.1403,5.6312
6.1403,5.2952
6.1403,6.0362
6.1403,5.195
6.1403,5.6941
-1.2273,-1.158
-1.2273,-2.0964
-1.2273,-1.7891
-1.2273,-1.7079
5.0741,5.3648
5.0741,4.7744
5.0741,5.6312
5.0741,4.6861
5.0741,5.195
5.0741,5.6941
5.0741,4.4642
5.0741,4.5887
-5.0684,-4.691
-5.0684,-4.2513
-5.0684,-5.0624
-5.0684,-4.2583
-5.0684,-4.6937
-5.0684,-5.9419
-5.0684,-5.2548
-5.0684,-4.3687
-5.0684,-4.6827
-5.0684,-5.553
-5.0684,-4.4506
-5.0684,-5.0613
-6.5617,-5.6289
-6.5617,-6.1955
-4.5688,-3.6098
-4.5688,-4.2471
-4.5688,-5.2977
-4.5688,-4.6844
-4.5688,-4.0308
-2.0964,-2.361
-2.0964,-1.2273
-2.0964,-2.7631
-2.0964,-2.6079
-2.0964,-2.2361
-2.0964,-2.5626
-2.0964,-2.216
-2.0964,-1.7891
-2.0964,-2.9951
-2.0964,-1.7079
5.6312,4.7744
5.6312,6.1403
5.6312,5.0741
5.6312,5.2952
5.6312,4.9602
5.6312,6.0362
5.6312,4.6861
5.6312,5.195
5.6312,5.6941
5.6312,5.528
-3.7739,-3.9016
-3.7739,-4.2471
-3.7739,-2.9099
-3.7739,-4.2734
-3.7739,-3.4537
-3.7739,-3.2908
-3.7739,-4.5292
-3.7739,-3.2676
-3.7739,-4.0308
-3.7739,-3.6369
5.7776,4.961
5.7776,5.7576
5.7776,5.3429
5.7776,6.0362
5.7776,6.2577
5.7776,5.4547
5.7776,6.3594
5.7776,5.308
5.7776,5.528
5.7776,5.035
-5.5329,-4.8558
-5.5329,-5.553
-5.5329,-5.0613
-5.5329,-5.4
-3.8415,-3.9857
-3.8415,-3.1671
-3.8415,-3.4344
-3.8415,-3.5218
-3.8415,-4.5136
-3.8415,-3.4181
-3.8415,-3.5756
-3.8415,-4.5143
-3.8415,-3.1229
-3.8415,-4.3687
-3.8415,-4.3039
-3.8415,-4.0886
-3.8415,-3.9434
-2.7631,-3.1671
-2.7631,-3.0253
-2.7631,-3.4344
-2.7631,-2.361
-2.7631,-2.0964
-2.7631,-2.6079
-2.7631,-2.2361
-2.7631,-3.5218
-2.7631,-3.4181
-2.7631,-2.5626
-2.7631,-3.1229
-2.7631,-2.216
-2.7631,-2.8393
-2.7631,-2.9951
4.0675,4.4445
4.0675,3.9189
4.0675,4.4642
4.0675,4.5887
4.0675,3.4411
-4.6844,-4.9799
-4.6844,-4.2471
-4.6844,-5.2977
-4.6844,-4.5688
-4.6844,-4.5292
-4.6844,-4.0308
4.4552,4.7179
4.4552,4.7583
4.4552,5.2406
4.4552,3.6728
4.4552,5.2052
4.4552,4.1399
4.4552,4.6645
4.4552,4.4366
4.4552,4.877
4.4552,3.9861
4.4552,3.6021
4.4552,4.0949
4.4552,4.0589
4.4552,4.2775
3.6728,3.271
3.6728,3.1142
3.6728,4.4552
3.6728,4.1399
3.6728,4.4366
3.6728,3.9861
3.6728,3.2167
3.6728,3.6753
3.6728,3.6021
3.6728,4.0589
3.6728,4.0701
3.6728,4.2775
4.4445,4.0675
4.4445,5.0958
4.4445,4.5887
-2.6678,-2.0635
-2.6678,-3.0524
-2.6678,-3.2908
-2.6678,-3.2215
-2.6678,-2.6137
-2.6678,-2.5661
-2.6678,-3.6369
5.2952,4.7744
5.2952,6.1403
5.2952,5.6312
5.2952,4.9602
5.2952,6.0362
5.2952,4.6861
5.2952,5.195
5.2952,5.4547
5.2952,4.5999
5.2952,4.3945
5.2952,5.528
5.2952,5.035
-5.6289,-4.9799
-5.6289,-4.9892
-5.6289,-6.5617
-5.6289,-4.7209
-5.6289,-5.878
-5.6289,-5.2153
-5.6289,-5.6471
2.8035,2.7069
2.8035,3.0028
2.8035,3.3247
2.8035,3.3476
2.8035,3.6055
5.2052,4.7179
5.2052,4.7583
5.2052,5.1738
5.2052,5.2406
5.2052,4.4552
5.2052,4.6645
5.2052,4.4366
5.2052,4.877
5.2052,5.4633
5.2052,5.7764
5.2052,4.9884
5.2052,5.308
5.2052,5.7136
-3.3758,-3.9857
-3.3758,-3.0253
-3.3758,-4.2513
-3.3758,-2.655
-3.3758,-3.2163
-3.3758,-2.6079
-3.3758,-4.2583
-3.3758,-3.5218
-3.3758,-3.4181
-3.3758,-3.8799
-3.3758,-2.9174
-3.3758,-3.2441
-3.3758,-3.9527
-3.3758,-3.6276
-3.3758,-3.6304
-3.3758,-2.9951
4.9602,4.7744
4.9602,4.199
4.9602,5.6312
4.9602,5.2952
4.9602,4.6861
4.9602,5.195
4.9602,4.6741
4.9602,5.4547
4.9602,4.5999
4.9602,4.3945
4.9602,5.528
4.9602,5.035
-3.4537,-3.6098
-3.4537,-4.2471
-3.4537,-2.9099
-3.4537,-3.7739
-3.4537,-3.2908
-3.4537,-2.809
-3.4537,-3.2676
-3.4537,-4.0308
-4.2513,-3.9857
-4.2513,-4.691
-4.2513,-5.0684
-4.2513,-3.3758
-4.2513,-4.2583
-4.2513,-4.6937
-4.2513,-3.5218
-4.2513,-3.8799
-4.2513,-4.3687
-4.2513,-4.6827
-4.2513,-4.4506
-4.2513,-3.9527
-4.2513,-3.6276
-4.2513,-4.0886
-4.2513,-3.6304
-5.0624,-5.0684
-5.0624,-4.9458
-5.0624,-4.6937
-5.0624,-4.5136
-5.0624,-5.2548
-5.0624,-4.5143
-5.0624,-4.3687
-5.0624,-4.6827
-5.0624,-5.7853
-5.0624,-4.0886
-5.0624,-5.2024
5.3429,4.961
5.3429,4.7583
5.3429,5.7576
5.3429,4.4046
5.3429,5.7776
5.3429,6.2577
5.3429,4.6741
5.3429,5.4547
5.3429,4.9884
5.3429,5.308
5.3429,5.528
5.3429,5.035
5.3429,4.5584
-5.2026,-4.9892
-5.2026,-4.5654
-5.2026,-5.878
-3.0524,-3.9016
-3.0524,-2.0635
-3.0524,-2.6678
-3.0524,-3.2908
-3.0524,-3.2215
-3.0524,-2.6137
-3.0524,-3.7218
-3.0524,-2.5661
-3.0524,-3.2676
-3.0524,-3.6369
-4.9458,-4.7669
-4.9458,-5.0624
-4.9458,-4.5136
-4.9458,-4.5143
-4.9458,-5.6517
-4.9458,-4.3039
-4.9458,-5.2024
2.4831,2.7069
2.4831,3.271
2.4831,3.1142
2.4831,3.2167
4.0839,4.961
4.0839,4.199
4.0839,3.3247
4.0839,4.4046
4.0839,3.7259
4.0839,3.3476
4.0839,4.6741
4.0839,3.2167
4.0839,3.8202
4.0839,3.6753
4.0839,4.5999
4.0839,4.0701
4.0839,4.2775
4.0839,4.5584
3.2313,3.0028
3.2313,3.5452
3.2313,3.9189
3.2313,4.0136
3.2313,3.4411
6.0362,6.1403
6.0362,5.6312
6.0362,5.7776
6.0362,5.2952
6.0362,5.4547
6.0362,6.3594
6.0362,5.528
3.7259,4.199
3.7259,3.3247
3.7259,4.4046
3.7259,4.0839
3.7259,3.3476
3.7259,4.6741
3.7259,3.2167
3.7259,3.8202
3.7259,3.6753
3.7259,4.0701
3.7259,4.2775
3.7259,4.5584
4.1399,4.7179
4.1399,3.271
4.1399,4.7583
4.1399,4.4552
4.1399,3.6728
4.1399,4.4366
4.1399,4.877
4.1399,3.9861
4.1399,3.6753
4.1399,3.6021
4.1399,4.0589
4.1399,4.9884
4.1399,4.0701
4.1399,4.2775
4.1399,4.5584
4.6861,4.7744
4.6861,5.0741
4.6861,5.6312
4.6861,5.2952
4.6861,4.9602
4.6861,5.195
4.6861,3.9189
4.6861,4.0136
4.6861,4.3945
4.6861,4.4642
4.6861,4.5887
-2.655,-1.7296
-2.655,-3.0253
-2.655,-3.3758
-2.655,-3.2163
-2.655,-1.8812
-2.655,-2.6079
-2.655,-2.5696
-2.655,-2.9174
-2.655,-2.216
-2.655,-2.3321
-2.655,-3.2441
-2.655,-3.6304
-2.655,-2.5691
-3.2163,-3.7267
-3.2163,-3.3758
-3.2163,-2.655
-3.2163,-2.5696
-3.2163,-3.8799
-3.2163,-2.9174
-3.2163,-3.2236
-3.2163,-3.7843
-3.2163,-3.2441
-3.2163,-3.6304
-3.2163,-2.5691
-1.8812,-1.7296
-1.8812,-2.655
-1.8812,-2.5696
-1.8812,-2.3321
-1.8812,-2.5691
-3.2908,-3.9016
-3.2908,-2.9099
-3.2908,-4.2734
-3.2908,-3.7739
-3.2908,-2.6678
-3.2908,-3.4537
-3.2908,-3.0524
-3.2908,-2.6137
-3.2908,-3.7218
-3.2908,-3.2676
-3.2908,-3.6369
6.2577,5.7576
6.2577,5.7776
6.2577,5.3429
6.2577,6.3594
6.2577,6.1003
-2.6079,-1.7296
-2.6079,-3.0253
-2.6079,-2.361
-2.6079,-2.0964
-2.6079,-2.7631
-2.6079,-3.3758
-2.6079,-2.655
-2.6079,-3.5218
-2.6079,-3.4181
-2.6079,-2.9174
-2.6079,-2.216
-2.6079,-2.3321
-2.6079,-2.9951
-2.6079,-1.7079
-4.2664,-3.9224
-4.2664,-4.5654
-4.2664,-3.338
-3.9327,-3.1671
-3.9327,-4.7669
-3.9327,-3.357
-3.9327,-3.5756
-3.9327,-4.3039
-3.9327,-3.9434
5.195,4.7744
5.195,6.1403
5.195,5.0741
5.195,5.6312
5.195,5.2952
5.195,4.9602
5.195,4.6861
5.195,5.6941
5.195,4.3945
5.195,4.4642
-3.9224,-4.2664
-3.9224,-3.2215
-3.9224,-4.2546
-3.9224,-4.5654
-3.9224,-3.7218
-3.9224,-3.6369
-3.9224,-3.338
-4.2583,-3.9857
-4.2583,-4.8558
-4.2583,-4.691
-4.2583,-5.0684
-4.2583,-3.3758
-4.2583,-4.2513
-4.2583,-4.3211
-4.2583,-3.8799
-4.2583,-4.3687
-4.2583,-4.6827
-4.2583,-3.7843
-4.2583,-4.4506
-4.2583,-3.9527
-4.2583,-3.6276
-4.2583,-3.6304
-4.2583,-5.0613
-4.6937,-3.9857
-4.6937,-4.691
-4.6937,-5.0684
-4.6937,-4.2513
-4.6937,-5.0624
-4.6937,-4.5136
-4.6937,-5.2548
-4.6937,-4.5143
-4.6937,-4.3687
-4.6937,-4.6827
-4.6937,-3.9527
-4.6937,-4.0886
-4.6937,-5.2024
3.3521,2.8698
3.3521,3.9547
3.3521,4.0949
3.3521,3.4302
-2.2361,-1.5877
-2.2361,-3.1671
-2.2361,-2.361
-2.2361,-2.0964
-2.2361,-2.7631
-2.2361,-2.5626
-2.2361,-3.1229
-2.2361,-2.8393
-2.2361,-1.7891
-2.2361,-2.5327
4.6645,4.7179
4.6645,3.9547
4.6645,5.1738
4.6645,5.2406
4.6645,4.4552
4.6645,5.2052
4.6645,4.877
4.6645,3.9861
4.6645,4.6116
4.6645,4.0949
4.6645,4.0589
-3.5218,-3.9857
-3.5218,-3.0253
-3.5218,-3.4344
-3.5218,-3.8415
-3.5218,-2.7631
-3.5218,-3.3758
-3.5218,-4.2513
-3.5218,-2.6079
-3.5218,-3.4181
-3.5218,-3.8799
-3.5218,-2.9174
-3.5218,-3.1229
-3.5218,-4.3687
-3.5218,-3.9527
-3.5218,-3.6276
-3.5218,-4.0886
-3.5218,-2.9951
4.4366,4.7179
4.4366,4.7583
4.4366,4.4552
4.4366,3.6728
4.4366,5.2052
4.4366,4.1399
4.4366,4.877
4.4366,3.9861
4.4366,3.6753
4.4366,3.6021
4.4366,4.0589
4.4366,4.9884
4.4366,4.0701
4.4366,5.308
4.4366,4.2775
4.4366,4.5584
3.3476,2.7069
3.3476,3.3247
3.3476,2.8035
3.3476,4.0839
3.3476,3.7259
3.3476,3.2167
3.3476,3.8202
3.3476,3.6753
3.3476,4.0701
3.9189,3.5452
3.9189,4.0675
3.9189,3.2313
3.9189,4.6861
3.9189,4.0136
3.9189,4.4642
3.9189,4.5887
3.9189,3.4411
-4.3211,-4.8558
-4.3211,-4.691
-4.3211,-4.2777
-4.3211,-3.7267
-4.3211,-4.2583
-4.3211,-3.8799
-4.3211,-3.7843
-4.3211,-4.4506
-4.3211,-4.8513
-4.3211,-3.6304
-4.3211,-5.0613
-2.5696,-2.655
-2.5696,-3.2163
-2.5696,-1.8812
-2.5696,-2.9174
-2.5696,-3.2236
-2.5696,-2.3321
-2.5696,-3.2441
-2.5696,-2.5691
-5.9419,-5.0684
-5.9419,-5.2548
-5.9419,-5.553
-5.9419,-5.7853
-4.5136,-3.9857
-4.5136,-3.8415
-4.5136,-5.0624
-4.5136,-4.9458
-4.5136,-4.6937
-4.5136,-5.2548
-4.5136,-4.5143
-4.5136,-4.3687
-4.5136,-4.6827
-4.5136,-4.3039
-4.5136,-4.0886
-4.5136,-5.2024
-4.5136,-3.9434
5.0958,5.3648
5.0958,4.4445
5.0958,4.5887
5.0958,5.6855
5.6941,6.1983
5.6941,5.3648
5.6941,6.1403
5.6941,5.0741
5.6941,5.6312
5.6941,5.195
-3.4181,-3.9857
-3.4181,-3.1671
-3.4181,-3.0253
-3.4181,-3.4344
-3.4181,-3.8415
-3.4181,-2.7631
-3.4181,-3.3758
-3.4181,-2.6079
-3.4181,-3.5218
-3.4181,-2.9174
-3.4181,-3.1229
-3.4181,-4.3687
-3.4181,-3.9527
-3.4181,-3.6276
-3.4181,-4.0886
-3.4181,-2.9951
-3.4181,-3.9434
-3.357,-3.1671
-3.357,-3.9327
-3.357,-3.5756
-3.357,-2.8393
-3.357,-2.5327
4.877,4.7179
4.877,4.7583
4.877,5.2406
4.877,4.4552
4.877,5.2052
4.877,4.1399
4.877,4.6645
4.877,4.4366
4.877,5.4633
4.877,5.7764
4.877,4.0589
4.877,4.9884
4.877,5.308
4.877,4.2775
-4.004,-4.2777
-4.004,-3.7267
-4.004,-4.8513
-4.004,-3.094
5.4633,4.7583
5.4633,5.2406
5.4633,5.7576
5.4633,5.2052
5.4633,4.877
5.4633,5.7764
5.4633,4.9884
5.4633,5.308
5.4633,6.1003
-3.5756,-3.1671
-3.5756,-3.4344
-3.5756,-3.8415
-3.5756,-3.9327
-3.5756,-3.357
-3.5756,-3.1229
-3.5756,-2.8393
-3.5756,-4.3039
-3.5756,-3.9434
-4.5292,-4.9799
-4.5292,-3.9016
-4.5292,-4.2471
-4.5292,-4.2734
-4.5292,-3.7739
-4.5292,-4.6844
-4.5292,-4.7209
-4.5292,-4.2546
-4.5292,-5.2153
-3.8799,-4.691
-3.8799,-3.3758
-3.8799,-4.2513
-3.8799,-3.2163
-3.8799,-4.2583
-3.8799,-3.5218
-3.8799,-4.3211
-3.8799,-2.9174
-3.8799,-4.6827
-3.8799,-3.7843
-3.8799,-3.2441
-3.8799,-4.4506
-3.8799,-3.9527
-3.8799,-3.6276
-3.8799,-3.6304
-2.9174,-3.0253
-2.9174,-3.3758
-2.9174,-2.655
-2.9174,-3.2163
-2.9174,-2.6079
-2.9174,-3.5218
-2.9174,-2.5696
-2.9174,-3.4181
-2.9174,-3.8799
-2.9174,-2.216
-2.9174,-2.3321
-2.9174,-3.2441
-2.9174,-3.6276
-2.9174,-3.6304
-2.9174,-2.9951
4.6741,4.961
4.6741,4.199
4.6741,4.4046
4.6741,4.9602
4.6741,5.3429
4.6741,4.0839
4.6741,3.7259
4.6741,5.4547
4.6741,3.8202
4.6741,4.5999
4.6741,4.0701
4.6741,5.528
4.6741,5.035
4.6741,4.5584
3.9484,4.7744
3.9484,4.199
3.9484,3.0028
3.9484,3.5452
3.9484,3.3247
3.9484,3.6055
3.9484,4.0136
3.9484,3.8202
3.9484,4.5999
3.9484,4.3945
-5.2548,-4.691
-5.2548,-5.0684
-5.2548,-5.0624
-5.2548,-4.6937
-5.2548,-5.9419
-5.2548,-4.5136
-5.2548,-4.3687
-5.2548,-4.6827
-5.2548,-5.553
-5.2548,-5.7853
-5.2548,-5.2024
5.4547,4.961
5.4547,5.7776
5.4547,5.2952
5.4547,4.9602
5.4547,5.3429
5.4547,6.0362
5.4547,4.6741
5.4547,6.3594
5.4547,4.5999
5.4547,5.528
5.4547,5.035
-4.5143,-3.9857
-4.5143,-4.7669
-4.5143,-3.8415
-4.5143,-5.0624
-4.5143,-4.9458
-4.5143,-4.6937
-4.5143,-4.5136
-4.5143,-4.3687
-4.5143,-4.3039
-4.5143,-4.0886
-4.5143,-5.2024
-4.5143,-3.9434
-4.7209,-4.9799
-4.7209,-3.9016
-4.7209,-4.9892
-4.7209,-4.2734
-4.7209,-5.6289
-4.7209,-4.5292
-4.7209,-4.2546
-4.7209,-4.5654
-4.7209,-5.2153
3.6055,4.199
3.6055,3.0028
3.6055,3.5452
3.6055,3.3247
3.6055,2.8035
3.6055,3.9484
3.6055,4.0136
3.6055,3.8202
3.6055,4.3945
3.9861,4.7179
3.9861,3.9547
3.9861,4.4552
3.9861,3.6728
3.9861,4.1399
3.9861,4.6645
3.9861,4.4366
3.9861,3.6021
3.9861,4.0949
3.9861,4.0589
3.9861,3.4302
-2.5626,-3.1671
-2.5626,-3.4344
-2.5626,-2.361
-2.5626,-2.0964
-2.5626,-2.7631
-2.5626,-2.2361
-2.5626,-3.1229
-2.5626,-2.8393
-2.5626,-1.7891
-2.5626,-2.9951
-2.5626,-2.5327
-3.2236,-3.7267
-3.2236,-3.2163
-3.2236,-2.5696
-3.2236,-3.7843
-3.2236,-3.2441
-3.2236,-3.6304
-3.2236,-3.094
-3.2236,-2.5691
-3.1229,-3.1671
-3.1229,-3.0253
-3.1229,-3.4344
-3.1229,-2.361
-3.1229,-3.8415
-3.1229,-2.7631
-3.1229,-2.2361
-3.1229,-3.5218
-3.1229,-3.4181
-3.1229,-3.5756
-3.1229,-2.5626
-3.1229,-2.8393
-3.1229,-2.9951
-3.1229,-3.9434
-5.6517,-4.9458
-5.6517,-5.7853
-5.6517,-5.2024
4.6116,4.7179
4.6116,3.9547
4.6116,5.1738
4.6116,4.6645
4.6116,4.4162
4.6116,4.0949
4.6116,5.1781
5.7764,5.2406
5.7764,5.2052
5.7764,4.877
5.7764,5.4633
5.7764,6.4038
5.7764,5.7136
5.7764,6.1003
-2.216,-1.7296
-2.216,-3.0253
-2.216,-2.361
-2.216,-2.0964
-2.216,-2.7631
-2.216,-2.655
-2.216,-2.6079
-2.216,-2.9174
-2.216,-2.3321
-2.216,-2.9951
-2.216,-1.7079
6.3594,5.7776
6.3594,6.0362
6.3594,6.2577
6.3594,5.4547
6.3594,5.528
-2.809,-3.6098
-2.809,-2.9099
-2.809,-3.4537
-2.809,-2.1965
-4.3687,-3.9857
-4.3687,-4.691
-4.3687,-5.0684
-4.3687,-3.8415
-4.3687,-4.2513
-4.3687,-5.0624
-4.3687,-4.2583
-4.3687,-4.6937
-4.3687,-3.5218
-4.3687,-4.5136
-4.3687,-3.4181
-4.3687,-5.2548
-4.3687,-4.5143
-4.3687,-4.6827
-4.3687,-3.9527
-4.3687,-3.6276
-4.3687,-4.0886
-4.6827,-3.9857
-4.6827,-4.691
-4.6827,-5.0684
-4.6827,-4.2513
-4.6827,-5.0624
-4.6827,-4.2583
-4.6827,-4.6937
-4.6827,-4.5136
-4.6827,-3.8799
-4.6827,-5.2548
-4.6827,-4.3687
-4.6827,-5.553
-4.6827,-4.4506
-4.6827,-3.9527
-4.6827,-5.0613
6.4038,6.3698
6.4038,5.7764
6.4038,5.7136
6.4038,6.1003
-2.8393,-3.1671
-2.8393,-3.4344
-2.8393,-2.7631
-2.8393,-2.2361
-2.8393,-3.357
-2.8393,-3.5756
-2.8393,-2.5626
-2.8393,-3.1229
-2.8393,-2.5327
4.0136,4.7744
4.0136,3.5452
4.0136,3.2313
4.0136,4.6861
4.0136,3.9189
4.0136,3.9484
4.0136,3.6055
4.0136,4.3945
4.0136,4.4642
3.2167,2.7069
3.2167,3.271
3.2167,3.1142
3.2167,3.6728
3.2167,2.4831
3.2167,4.0839
3.2167,3.7259
3.2167,3.3476
3.2167,3.6753
3.2167,4.0701
-2.3321,-1.7296
-2.3321,-3.0253
-2.3321,-2.361
-2.3321,-2.655
-2.3321,-1.8812
-2.3321,-2.6079
-2.3321,-2.5696
-2.3321,-2.9174
-2.3321,-2.216
-2.3321,-3.2441
-2.3321,-1.7079
-3.7843,-4.2777
-3.7843,-3.7267
-3.7843,-3.2163
-3.7843,-4.2583
-3.7843,-4.3211
-3.7843,-3.8799
-3.7843,-3.2236
-3.7843,-3.2441
-3.7843,-4.4506
-3.7843,-3.6304
3.8202,4.199
3.8202,3.3247
3.8202,4.4046
3.8202,4.0839
3.8202,3.7259
3.8202,3.3476
3.8202,4.6741
3.8202,3.9484
3.8202,3.6055
3.8202,4.5999
3.8202,4.3945
-4.3039,-4.7669
-4.3039,-3.8415
-4.3039,-4.9458
-4.3039,-3.9327
-4.3039,-4.5136
-4.3039,-3.5756
-4.3039,-4.5143
-4.3039,-4.0886
-4.3039,-3.9434
-5.553,-4.691
-5.553,-5.0684
-5.553,-5.5329
-5.553,-5.9419
-5.553,-5.2548
-5.553,-4.6827
-5.553,-5.0613
3.6753,3.271
3.6753,3.6728
3.6753,4.0839
3.6753,3.7259
3.6753,4.1399
3.6753,4.4366
3.6753,3.3476
3.6753,3.2167
3.6753,4.0701
3.6753,4.2775
3.6753,4.5584
3.6021,2.8698
3.6021,3.271
3.6021,3.1142
3.6021,4.4552
3.6021,3.6728
3.6021,4.1399
3.6021,4.4366
3.6021,3.9861
3.6021,4.0949
3.6021,4.0589
3.6021,3.4302
-3.2215,-2.6678
-3.2215,-3.0524
-3.2215,-3.9224
-3.2215,-3.7218
-3.2215,-2.5661
-3.2215,-3.6369
-3.2215,-3.338
-2.6137,-2.9099
-2.6137,-2.0635
-2.6137,-2.6678
-2.6137,-3.0524
-2.6137,-3.2908
-2.6137,-2.1965
-2.6137,-3.2676
4.5999,4.7744
4.5999,4.199
4.5999,4.4046
4.5999,5.2952
4.5999,4.9602
4.5999,4.0839
4.5999,4.6741
4.5999,3.9484
4.5999,5.4547
4.5999,3.8202
4.5999,4.3945
4.5999,5.528
4.5999,5.035
4.4162,3.9547
4.4162,4.6116
4.4162,5.1781
-3.2441,-3.0253
-3.2441,-3.3758
-3.2441,-2.655
-3.2441,-3.2163
-3.2441,-2.5696
-3.2441,-3.8799
-3.2441,-2.9174
-3.2441,-3.2236
-3.2441,-2.3321
-3.2441,-3.7843
-3.2441,-3.9527
-3.2441,-3.6276
-3.2441,-3.6304
-5.7853,-5.0624
-5.7853,-5.9419
-5.7853,-5.2548
-5.7853,-5.6517
-5.7853,-5.2024
-4.2546,-3.9016
-4.2546,-4.9892
-4.2546,-4.2734
-4.2546,-3.9224
-4.2546,-4.5292
-4.2546,-4.7209
-4.2546,-4.5654
-4.2546,-3.7218
-4.2546,-3.6369
-4.5654,-4.9892
-4.5654,-5.2026
-4.5654,-4.2664
-4.5654,-3.9224
-4.5654,-4.7209
-4.5654,-4.2546
-4.5654,-3.7218
-2.1965,-2.9099
-2.1965,-2.0635
-2.1965,-2.809
-2.1965,-2.6137
-4.4506,-4.8558
-4.4506,-4.691
-4.4506,-4.2777
-4.4506,-5.0684
-4.4506,-4.2513
-4.4506,-4.2583
-4.4506,-4.3211
-4.4506,-3.8799
-4.4506,-4.6827
-4.4506,-3.7843
-4.4506,-3.6304
-4.4506,-5.0613
-3.9527,-3.9857
-3.9527,-4.691
-3.9527,-3.0253
-3.9527,-3.3758
-3.9527,-4.2513
-3.9527,-4.2583
-3.9527,-4.6937
-3.9527,-3.5218
-3.9527,-3.4181
-3.9527,-3.8799
-3.9527,-4.3687
-3.9527,-4.6827
-3.9527,-3.2441
-3.9527,-3.6276
-3.9527,-4.0886
-3.9527,-3.6304
-3.7218,-3.9016
-3.7218,-4.2734
-3.7218,-3.0524
-3.7218,-3.2908
-3.7218,-3.9224
-3.7218,-3.2215
-3.7218,-4.2546
-3.7218,-4.5654
-3.7218,-3.6369
-3.7218,-3.338
4.0949,4.7179
4.0949,3.9547
4.0949,4.4552
4.0949,3.3521
4.0949,4.6645
4.0949,3.9861
4.0949,4.6116
4.0949,3.6021
4.0949,4.0589
4.0949,3.4302
4.3945,4.7744
4.3945,4.199
4.3945,3.5452
4.3945,5.2952
4.3945,4.9602
4.3945,4.6861
4.3945,5.195
4.3945,3.9484
4.3945,3.6055
4.3945,4.0136
4.3945,3.8202
4.3945,4.5999
4.3945,4.4642
4.0589,4.7179
4.0589,3.271
4.0589,4.7583
4.0589,3.1142
4.0589,4.4552
4.0589,3.6728
4.0589,4.1399
4.0589,4.6645
4.0589,4.4366
4.0589,4.877
4.0589,3.9861
4.0589,3.6021
4.0589,4.0949
4.0589,3.4302
4.0589,4.2775
-3.6276,-3.9857
-3.6276,-3.0253
-3.6276,-3.3758
-3.6276,-4.2513
-3.6276,-4.2583
-3.6276,-3.5218
-3.6276,-3.4181
-3.6276,-3.8799
-3.6276,-2.9174
-3.6276,-4.3687
-3.6276,-3.2441
-3.6276,-3.9527
-3.6276,-3.6304
-3.6276,-2.9951
4.4642,4.7744
4.4642,3.5452
4.4642,5.0741
4.4642,4.0675
4.4642,4.6861
4.4642,5.195
4.4642,3.9189
4.4642,4.0136
4.4642,4.3945
4.4642,4.5887
4.9884,4.961
4.9884,4.7583
4.9884,5.7576
4.9884,5.2052
4.9884,5.3429
4.9884,4.1399
4.9884,4.4366
4.9884,4.877
4.9884,5.4633
4.9884,4.0701
4.9884,5.308
4.9884,4.2775
4.9884,4.5584
4.0701,4.961
4.0701,3.271
4.0701,4.7583
4.0701,4.4046
4.0701,3.6728
4.0701,4.0839
4.0701,3.7259
4.0701,4.1399
4.0701,4.4366
4.0701,3.3476
4.0701,4.6741
4.0701,3.2167
4.0701,3.6753
4.0701,4.9884
4.0701,4.2775
4.0701,4.5584
4.5887,5.3648
4.5887,5.0741
4.5887,4.0675
4.5887,4.4445
4.5887,4.6861
4.5887,3.9189
4.5887,5.0958
4.5887,4.4642
-4.0886,-3.9857
-4.0886,-3.4344
-4.0886,-3.8415
-4.0886,-4.2513
-4.0886,-5.0624
-4.0886,-4.6937
-4.0886,-3.5218
-4.0886,-4.5136
-4.0886,-3.4181
-4.0886,-4.5143
-4.0886,-4.3687
-4.0886,-4.3039
-4.0886,-3.9527
-4.0886,-3.9434
-4.8513,-4.8558
-4.8513,-4.2777
-4.8513,-4.3211
-4.8513,-4.004
-4.8513,-5.4
3.4302,2.8698
3.4302,3.9547
3.4302,3.1142
3.4302,3.3521
3.4302,3.9861
3.4302,3.6021
3.4302,4.0949
3.4302,4.0589
-5.878,-4.9892
-5.878,-5.6289
-5.878,-5.2026
-5.878,-5.2153
-2.5661,-2.6678
-2.5661,-3.0524
-2.5661,-3.2215
-2.5661,-3.338
5.308,4.961
5.308,4.7583
5.308,5.7576
5.308,5.7776
5.308,5.2052
5.308,5.3429
5.308,4.4366
5.308,4.877
5.308,5.4633
5.308,4.9884
5.308,6.1003
5.308,4.5584
-5.5834,-5.2977
-5.2153,-4.9799
-5.2153,-4.9892
-5.2153,-4.2734
-5.2153,-5.6289
-5.2153,-4.5292
-5.2153,-4.7209
-5.2153,-5.878
-5.2153,-5.6471
5.7136,5.1738
5.7136,5.2406
5.7136,5.6492
5.7136,6.3698
5.7136,5.2052
5.7136,5.7764
5.7136,6.4038
5.6855,6.1983
5.6855,5.3648
5.6855,5.0958
-5.2024,-5.0624
-5.2024,-4.9458
-5.2024,-4.6937
-5.2024,-4.5136
-5.2024,-5.2548
-5.2024,-4.5143
-5.2024,-5.6517
-5.2024,-5.7853
5.528,5.6312
5.528,5.7776
5.528,5.2952
5.528,4.9602
5.528,5.3429
5.528,6.0362
5.528,4.6741
5.528,5.4547
5.528,6.3594
5.528,4.5999
5.528,5.035
-6.1955,-5.2977
-6.1955,-6.5617
-6.1955,-5.6471
-3.6304,-3.3758
-3.6304,-4.2513
-3.6304,-2.655
-3.6304,-3.2163
-3.6304,-4.2583
-3.6304,-4.3211
-3.6304,-3.8799
-3.6304,-2.9174
-3.6304,-3.2236
-3.6304,-3.7843
-3.6304,-3.2441
-3.6304,-4.4506
-3.6304,-3.9527
-3.6304,-3.6276
-5.0613,-4.8558
-5.0613,-4.691
-5.0613,-5.0684
-5.0613,-5.5329
-5.0613,-4.2583
-5.0613,-4.3211
-5.0613,-4.6827
-5.0613,-5.553
-5.0613,-4.4506
-5.4,-4.8558
-5.4,-5.5329
-5.4,-4.8513
-3.2676,-3.9016
-3.2676,-2.9099
-3.2676,-3.7739
-3.2676,-3.4537
-3.2676,-3.0524
-3.2676,-3.2908
-3.2676,-2.6137
-3.2676,-3.6369
6.1003,5.7576
6.1003,6.2577
6.1003,5.4633
6.1003,5.7764
6.1003,6.4038
6.1003,5.308
-4.0308,-3.6098
-4.0308,-4.2471
-4.0308,-4.5688
-4.0308,-3.7739
-4.0308,-4.6844
-4.0308,-3.4537
-3.094,-3.7267
-3.094,-4.004
-3.094,-3.2236
-3.094,-2.5691
-1.7891,-1.5877
-1.7891,-2.361
-1.7891,-1.2273
-1.7891,-2.0964
-1.7891,-2.2361
-1.7891,-2.5626
-1.7891,-1.7079
-2.5691,-2.655
-2.5691,-3.2163
-2.5691,-1.8812
-2.5691,-2.5696
-2.5691,-3.2236
-2.5691,-3.094
4.2775,4.961
4.2775,4.7583
4.2775,4.4046
4.2775,4.4552
4.2775,3.6728
4.2775,4.0839
4.2775,3.7259
4.2775,4.1399
4.2775,4.4366
4.2775,4.877
4.2775,3.6753
4.2775,4.0589
4.2775,4.9884
4.2775,4.0701
4.2775,4.5584
-2.9951,-3.9857
-2.9951,-3.1671
-2.9951,-3.0253
-2.9951,-3.4344
-2.9951,-2.361
-2.9951,-2.0964
-2.9951,-2.7631
-2.9951,-3.3758
-2.9951,-2.6079
-2.9951,-3.5218
-2.9951,-3.4181
-2.9951,-2.9174
-2.9951,-2.5626
-2.9951,-3.1229
-2.9951,-2.216
-2.9951,-3.6276
3.4411,4.0675
3.4411,3.2313
3.4411,3.9189
-3.6369,-3.9016
-3.6369,-4.2734
-3.6369,-3.7739
-3.6369,-2.6678
-3.6369,-3.0524
-3.6369,-3.2908
-3.6369,-3.9224
-3.6369,-3.2215
-3.6369,-4.2546
-3.6369,-3.7218
-3.6369,-3.2676
-5.6471,-4.9799
-5.6471,-5.2977
-5.6471,-5.6289
-5.6471,-5.2153
-5.6471,-6.1955
-3.338,-4.2664
-3.338,-3.9224
-3.338,-3.2215
-3.338,-3.7218
-3.338,-2.5661
5.035,4.961
5.035,4.199
5.035,4.4046
5.035,5.7776
5.035,5.2952
5.035,4.9602
5.035,5.3429
5.035,4.6741
5.035,5.4547
5.035,4.5999
5.035,5.528
5.035,4.5584
5.1781,5.1738
5.1781,5.6492
5.1781,4.6116
5.1781,4.4162
-1.7079,-1.7296
-1.7079,-1.158
-1.7079,-2.361
-1.7079,-1.2273
-1.7079,-2.0964
-1.7079,-2.6079
-1.7079,-2.216
-1.7079,-2.3321
-1.7079,-1.7891
-3.9434,-3.9857
-3.9434,-3.1671
-3.9434,-3.4344
-3.9434,-3.8415
-3.9434,-3.9327
-3.9434,-4.5136
-3.9434,-3.4181
-3.9434,-3.5756
-3.9434,-4.5143
-3.9434,-3.1229
-3.9434,-4.3039
-3.9434,-4.0886
4.5584,4.961
4.5584,4.7583
4.5584,4.4046
4.5584,5.3429
4.5584,4.0839
4.5584,3.7259
4.5584,4.1399
4.5584,4.4366
4.5584,4.6741
4.5584,3.6753
4.5584,4.9884
4.5584,4.0701
4.5584,5.308
4.5584,4.2775
4.5584,5.035
-2.5327,-1.5877
-2.5327,-3.1671
-2.5327,-2.2361
-2.5327,-3.357
-2.5327,-2.5626
-2.5327,-2.8393
