4.7995,4.7422
4.7995,4.1164
4.7995,4.2385
4.7995,4.9842
4.7995,5.2356
4.7995,5.5007
4.7995,4.6729
4.7995,5.2905
4.7995,4.9923
4.7995,3.9029
4.7995,4.3186
4.7995,4.9332
4.7995,5.5431
4.7995,4.392
4.7995,4.469
4.7995,3.9451
4.7995,5.1135
4.7995,5.336
4.7995,4.2582
4.7995,4.7493
4.7995,4.554
-2.8997,-3.4772
-2.8997,-3.6435
-2.8997,-2.9165
-2.8997,-2.2672
-2.8997,-3.5289
-4.6892,-4.6588
-4.6892,-4.0747
-4.6892,-5.0052
-4.6892,-4.0379
-4.6892,-4.6241
-4.6892,-5.3217
-3.7571,-3.4772
-3.7571,-2.786
-3.7571,-3.831
-3.7571,-3.3084
-3.7571,-3.5987
-3.7571,-3.3806
-3.7571,-4.0379
-3.7571,-4.2083
-3.7571,-4.5081
-3.7571,-4.3134
-3.7571,-3.1136
-3.7571,-3.9123
2.5244,2.8983
2.5244,3.0567
2.5244,2.5964
2.5244,3.1967
2.5244,2.5633
2.5244,1.953
2.5244,3.2002
3.8763,4.2322
3.8763,4.3401
3.8763,3.7537
3.8763,4.6729
3.8763,3.8669
3.8763,3.5424
3.8763,4.0667
3.8763,4.3186
3.8763,4.7964
3.8763,3.3292
3.8763,3.4755
3.8763,3.0444
3.8763,4.806
3.8763,3.9881
2.0766,2.5964
2.0766,1.953
2.0766,2.4743
2.0766,3.0078
2.0766,2.7042
-3.4772,-2.8997
-3.4772,-3.7571
-3.4772,-2.786
-3.4772,-3.831
-3.4772,-3.3084
-3.4772,-4.0747
-3.4772,-2.9165
-3.4772,-4.0379
-3.4772,-4.2083
-3.4772,-3.5289
6.5542,6.6202
6.5542,6.0675
6.5542,5.7776
6.5542,6.1609
6.5542,5.9709
6.5542,5.9026
2.8983,2.5244
2.8983,3.0567
2.8983,2.5964
2.8983,3.1967
2.8983,1.953
2.8983,3.5405
2.8983,3.6612
2.8983,3.2002
2.8983,3.6487
2.8983,3.0078
2.8983,3.402
2.8983,2.7042
5.4024,4.5009
5.4024,4.9842
5.4024,6.0675
5.4024,5.5007
5.4024,5.2905
5.4024,4.9565
5.4024,5.7776
5.4024,6.1609
5.4024,4.9332
5.4024,4.6296
5.4024,5.0801
5.4024,5.5896
5.4024,5.9026
5.4024,4.7493
-4.6588,-4.6892
-4.6588,-4.0747
-2.786,-3.7571
-2.786,-3.4772
-2.786,-3.3084
-2.786,-2.9165
-2.786,-3.3806
-2.786,-2.2672
-2.786,-2.6667
-2.786,-2.0558
-2.786,-3.1136
-2.5173,-1.9367
-2.5173,-3.1114
-2.5173,-2.7539
-2.5173,-3.1869
-2.5173,-2.2542
-2.5173,-3.2135
-2.5173,-2.8088
-2.5173,-2.9553
-2.5173,-2.777
-2.5173,-2.3344
-4.5304,-3.9233
-4.5304,-4.3001
-4.5304,-3.9323
-4.5304,-4.7659
-4.5304,-4.7463
-4.5304,-5.2511
-4.5304,-4.1512
-4.5304,-4.9787
-4.5304,-3.8753
-4.5304,-4.3512
-4.5304,-5.1319
-4.5304,-4.9123
-4.5304,-5.2546
-4.5304,-4.3901
-4.5304,-4.0057
-4.5304,-4.6346
-4.5304,-3.6206
-4.5304,-4.4262
4.5009,5.4024
4.5009,4.1164
4.5009,4.2385
4.5009,4.9842
4.5009,5.2905
4.5009,3.9029
4.5009,4.9565
4.5009,3.6612
4.5009,4.3439
4.5009,4.9332
4.5009,3.79
4.5009,3.62
4.5009,4.6296
4.5009,4.0193
4.5009,4.392
4.5009,4.21
4.5009,5.0801
4.5009,4.7493
4.5009,4.554
2.8922,2.4743
2.8922,3.5424
2.8922,3.3292
2.8922,3.4755
2.8922,3.2242
2.8922,3.0444
2.8922,2.7042
-2.3634,-2.0633
-2.3634,-3.0423
-2.3634,-3.114
-2.3634,-2.6073
4.7422,4.7995
4.7422,4.3401
4.7422,5.47
4.7422,4.2385
4.7422,5.2356
4.7422,4.6729
4.7422,4.9923
4.7422,5.5654
4.7422,3.8669
4.7422,4.0667
4.7422,4.3186
4.7422,4.7964
4.7422,4.9332
4.7422,5.5431
4.7422,4.469
4.7422,3.9451
4.7422,5.1135
4.7422,5.336
4.7422,4.2582
4.7422,4.554
-3.5797,-3.9233
-3.5797,-4.3001
-3.5797,-4.4762
-3.5797,-3.0423
-3.5797,-3.8578
-3.5797,-4.1117
-3.5797,-3.3703
-3.5797,-3.73
-3.5797,-3.114
-3.5797,-4.4262
-3.5797,-3.1043
-5.0006,-5.2888
-5.0006,-5.0052
-5.0006,-5.4838
-5.0006,-4.2083
-5.0006,-4.5081
-5.0006,-4.7163
-5.0006,-4.3134
-5.0006,-5.5162
-5.0006,-4.6241
-3.831,-3.7571
-3.831,-3.4772
-3.831,-3.3084
-3.831,-4.0747
-3.831,-2.9165
-3.831,-3.3806
-3.831,-4.0379
-3.831,-4.2083
-3.831,-4.5081
-3.831,-4.3134
-3.831,-4.6241
-3.831,-3.1136
-3.831,-3.5289
-3.831,-3.9123
-5.1477,-5.1211
-5.1477,-4.5052
-5.1477,-5.6568
-5.1477,-5.8169
-5.1477,-4.7463
-5.1477,-4.6388
-5.1477,-5.2546
-5.1477,-4.2041
-5.1477,-4.7459
-5.1477,-4.2825
-5.1477,-5.5624
-5.1477,-5.2157
-5.1211,-5.1477
-5.1211,-5.6568
-5.1211,-4.7659
-5.1211,-4.7463
-5.1211,-5.2511
-5.1211,-4.6388
-5.1211,-4.3512
-5.1211,-5.7268
-5.1211,-4.9123
-5.1211,-5.2546
-5.1211,-6.0511
-5.1211,-4.7459
-5.1211,-4.3901
-5.1211,-4.2825
-5.1211,-5.5624
4.1164,4.7995
4.1164,4.5009
4.1164,4.2385
4.1164,4.9842
4.1164,3.9029
4.1164,3.5405
4.1164,4.9565
4.1164,3.6612
4.1164,4.9332
4.1164,3.79
4.1164,3.62
4.1164,4.6296
4.1164,3.2002
4.1164,4.0193
4.1164,3.6487
4.1164,4.392
4.1164,4.21
4.1164,3.9451
4.1164,4.2582
4.1164,4.7493
4.1164,4.554
-3.5756,-3.1114
-3.5756,-2.7539
-3.5756,-3.3298
-3.5756,-3.9323
-3.5756,-3.1869
-3.5756,-3.2135
-3.5756,-4.1512
-3.5756,-3.8753
-3.5756,-4.3512
-3.5756,-3.5332
-3.5756,-2.8088
-3.5756,-2.9553
-3.5756,-3.9029
-3.5756,-4.3901
-3.5756,-4.0057
-3.5756,-4.2825
-3.5756,-3.6206
-2.3952,-2.9855
-2.3952,-2.6667
-2.3952,-2.0558
-2.3952,-3.0836
3.2622,3.1471
3.2622,3.0567
3.2622,2.5633
3.2622,3.6612
3.2622,3.79
3.2622,3.62
3.2622,3.2002
3.2622,4.0193
3.2622,4.21
-5.2764,-5.4034
-5.2764,-4.4762
-5.2764,-5.1319
-5.2764,-6.0969
-5.2764,-4.7983
4.2322,3.8763
4.2322,4.3401
4.2322,4.3605
4.2322,4.6729
4.2322,3.5424
4.2322,4.0667
4.2322,4.7964
4.2322,3.4755
4.2322,4.806
4.2322,3.9881
-4.5052,-5.1477
-4.5052,-3.8883
-4.5052,-3.9205
-4.5052,-4.6388
-4.5052,-4.1041
-4.5052,-4.2041
-4.5052,-4.7459
-4.5052,-5.003
-4.5052,-4.2825
-4.5052,-5.2157
3.1471,3.2622
3.1471,2.5633
3.1471,3.902
3.1471,3.79
3.1471,3.62
-1.9367,-2.5173
-1.9367,-2.2542
-1.9367,-2.8088
-1.9367,-2.3344
-3.9233,-4.5304
-3.9233,-3.5797
-3.9233,-4.3001
-3.9233,-3.3298
-3.9233,-3.0423
-3.9233,-4.1512
-3.9233,-3.8753
-3.9233,-4.1117
-3.9233,-3.3703
-3.9233,-3.73
-3.9233,-4.0057
-3.9233,-4.6346
-3.9233,-3.6206
-3.9233,-4.4262
4.3401,3.8763
4.3401,4.7422
4.3401,4.2322
4.3401,3.7537
4.3401,4.6729
4.3401,3.8669
4.3401,3.5424
4.3401,4.0667
4.3401,4.3186
4.3401,4.7964
4.3401,3.4755
4.3401,5.2806
4.3401,4.469
4.3401,5.1135
4.3401,4.806
4.3401,3.9881
5.47,4.7422
5.47,5.2356
5.47,4.6729
5.47,5.5654
5.47,4.7964
5.47,5.2806
5.47,5.993
5.47,5.9692
5.47,5.1135
5.47,4.806
5.47,5.9427
3.0567,2.5244
3.0567,2.8983
3.0567,3.2622
3.0567,3.1967
3.0567,2.5633
3.0567,3.5405
3.0567,3.6612
3.0567,3.62
3.0567,3.2002
3.0567,4.0193
4.3605,4.2322
4.3605,5.2687
4.3605,4.806
4.3605,3.9881
4.2385,4.7995
4.2385,4.5009
4.2385,4.7422
4.2385,4.1164
4.2385,4.9842
4.2385,4.9923
4.2385,3.9029
4.2385,3.5405
4.2385,3.8669
4.2385,3.6612
4.2385,4.3186
4.2385,4.9332
4.2385,4.0193
4.2385,3.6487
4.2385,4.392
4.2385,4.469
4.2385,3.9451
4.2385,4.2582
4.2385,4.7493
4.2385,4.554
-3.8883,-4.5052
-3.8883,-3.9205
-3.8883,-4.6388
-3.8883,-3.2724
-3.8883,-4.1041
-3.8883,-3.5351
-3.8883,-4.2041
-3.8883,-3.9029
-3.8883,-3.2598
2.5964,2.5244
2.5964,2.0766
2.5964,2.8983
2.5964,3.1967
2.5964,1.953
2.5964,3.3292
2.5964,3.2002
2.5964,3.0078
2.5964,3.402
2.5964,2.7042
-3.1114,-2.5173
-3.1114,-3.5756
-3.1114,-2.7539
-3.1114,-3.3298
-3.1114,-3.9323
-3.1114,-3.1869
-3.1114,-3.2135
-3.1114,-3.0423
-3.1114,-3.8753
-3.1114,-3.3703
-3.1114,-2.8088
-3.1114,-4.0057
-3.1114,-2.6073
-3.1114,-3.6206
-3.1114,-2.3344
5.2687,4.3605
5.2687,5.2806
5.2687,5.9692
5.2687,4.806
6.6202,6.5542
6.6202,6.0675
6.6202,6.508
6.6202,5.9709
6.6202,5.993
-2.0633,-2.3634
-2.0633,-2.7539
-2.0633,-2.6073
-2.0633,-2.3344
4.9842,4.7995
4.9842,5.4024
4.9842,4.5009
4.9842,4.1164
4.9842,4.2385
4.9842,5.5007
4.9842,5.2905
4.9842,4.9565
4.9842,5.7776
4.9842,4.9332
4.9842,4.6296
4.9842,4.0193
4.9842,4.392
4.9842,4.21
4.9842,5.0801
4.9842,5.5896
4.9842,5.9026
4.9842,5.336
4.9842,4.7493
4.9842,4.554
-5.6568,-5.1477
-5.6568,-5.1211
-5.6568,-4.7659
-5.6568,-5.5863
-5.6568,-4.7463
-5.6568,-5.2511
-5.6568,-6.4199
-5.6568,-5.7268
-5.6568,-4.9123
-5.6568,-5.2546
-5.6568,-6.0511
-5.6568,-5.5624
-5.2888,-5.0006
-5.2888,-5.0052
-5.2888,-5.4838
-5.2888,-4.5081
-5.2888,-4.7163
-5.2888,-4.3134
-5.2888,-5.5162
-5.2888,-6.1385
-3.6435,-2.8997
-3.6435,-4.0747
-3.6435,-3.5289
-2.7539,-2.5173
-2.7539,-3.5756
-2.7539,-3.1114
-2.7539,-2.0633
-2.7539,-3.3298
-2.7539,-3.2135
-2.7539,-3.0423
-2.7539,-3.3703
-2.7539,-2.8088
-2.7539,-2.6073
-2.7539,-3.6206
-2.7539,-2.3344
6.0675,6.5542
6.0675,5.4024
6.0675,6.6202
6.0675,5.5007
6.0675,5.2905
6.0675,5.7776
6.0675,5.9709
6.0675,5.5431
6.0675,5.993
6.0675,5.9026
6.0675,5.336
-3.3084,-3.7571
-3.3084,-3.4772
-3.3084,-2.786
-3.3084,-3.831
-3.3084,-2.9165
-3.3084,-3.3806
-3.3084,-4.0379
-3.3084,-4.2083
-3.3084,-2.6667
-3.3084,-3.1136
-3.3084,-3.9123
5.2356,4.7995
5.2356,4.7422
5.2356,5.47
5.2356,5.5007
5.2356,4.6729
5.2356,4.9923
5.2356,5.5654
5.2356,5.9709
5.2356,4.3186
5.2356,4.7964
5.2356,4.9332
5.2356,5.5431
5.2356,5.993
5.2356,4.469
5.2356,5.1135
5.2356,5.336
5.2356,5.9427
5.2356,4.554
-5.8169,-5.1477
-5.8169,-6.0511
-5.8169,-5.5624
-5.8169,-5.2157
-4.3001,-4.5304
-4.3001,-3.5797
-4.3001,-3.9233
-4.3001,-4.1512
-4.3001,-4.9787
-4.3001,-3.8753
-4.3001,-4.1117
-4.3001,-5.1319
-4.3001,-3.3703
-4.3001,-3.73
-4.3001,-4.9123
-4.3001,-4.7983
-4.3001,-4.3901
-4.3001,-4.0057
-4.3001,-4.6346
-4.3001,-3.6206
-4.3001,-4.4262
-3.3298,-3.5756
-3.3298,-3.9233
-3.3298,-3.1114
-3.3298,-2.7539
-3.3298,-3.2135
-3.3298,-3.0423
-3.3298,-4.1512
-3.3298,-3.8753
-3.3298,-3.3703
-3.3298,-3.73
-3.3298,-2.8088
-3.3298,-4.0057
-3.3298,-2.6073
-3.3298,-3.6206
4.8997,5.5693
4.8997,4.9565
4.8997,4.3439
4.8997,4.6296
4.8997,4.21
4.8997,5.0801
4.8997,5.5896
4.8997,4.7068
-4.0747,-4.6892
-4.0747,-3.4772
-4.0747,-4.6588
-4.0747,-3.831
-4.0747,-3.6435
-4.0747,-4.0379
-4.0747,-4.6241
-4.0747,-3.5289
3.7537,3.8763
3.7537,4.3401
3.7537,4.6729
3.7537,3.8669
3.7537,3.5424
3.7537,4.0667
3.7537,4.3186
3.7537,3.3292
3.7537,3.4755
3.7537,3.6487
3.7537,3.0078
3.7537,3.0444
3.7537,3.402
3.7537,4.469
3.7537,3.9451
3.7537,4.2582
3.1967,2.5244
3.1967,2.8983
3.1967,3.0567
3.1967,2.5964
3.1967,3.9029
3.1967,3.5405
3.1967,3.8669
3.1967,3.6612
3.1967,3.3292
3.1967,3.2002
3.1967,3.6487
3.1967,3.0078
3.1967,3.402
3.1967,3.9451
3.1967,2.7042
5.5693,4.8997
5.5693,6.1609
5.5693,5.0801
5.5693,5.5896
5.5693,4.7068
-2.9855,-2.3952
-2.9855,-3.5987
-2.9855,-3.3806
-2.9855,-3.6393
-2.9855,-2.6667
-2.9855,-3.0836
-2.9855,-3.1136
5.5007,4.7995
5.5007,5.4024
5.5007,4.9842
5.5007,6.0675
5.5007,5.2356
5.5007,5.2905
5.5007,4.9923
5.5007,5.7776
5.5007,5.9709
5.5007,4.9332
5.5007,5.5431
5.5007,5.9026
5.5007,5.336
5.5007,4.7493
5.5007,4.554
-5.0052,-4.6892
-5.0052,-5.0006
-5.0052,-5.2888
-5.0052,-4.2083
-5.0052,-4.5081
-5.0052,-5.5162
-5.0052,-5.9545
-5.0052,-4.6241
-5.0052,-5.3217
2.5633,2.5244
2.5633,3.2622
2.5633,3.1471
2.5633,3.0567
2.5633,3.2002
4.6729,4.7995
4.6729,3.8763
4.6729,4.7422
4.6729,4.2322
4.6729,4.3401
4.6729,5.47
4.6729,5.2356
4.6729,3.7537
4.6729,4.9923
4.6729,5.5654
4.6729,3.8669
4.6729,4.0667
4.6729,4.3186
4.6729,4.7964
4.6729,5.2806
4.6729,4.469
4.6729,5.1135
4.6729,4.806
4.6729,4.2582
-3.9323,-4.5304
-3.9323,-3.5756
-3.9323,-3.1114
-3.9323,-4.7659
-3.9323,-3.1869
-3.9323,-3.2135
-3.9323,-4.7463
-3.9323,-4.1512
-3.9323,-3.8753
-3.9323,-4.3512
-3.9323,-3.5332
-3.9323,-3.5351
-3.9323,-4.2041
-3.9323,-3.9029
-3.9323,-4.3901
-3.9323,-4.0057
-3.9323,-4.2825
-3.9323,-3.6206
5.2905,4.7995
5.2905,5.4024
5.2905,4.5009
5.2905,4.9842
5.2905,6.0675
5.2905,5.5007
5.2905,4.9923
5.2905,4.9565
5.2905,5.7776
5.2905,5.9709
5.2905,4.9332
5.2905,5.5431
5.2905,4.392
5.2905,5.9026
5.2905,5.336
5.2905,4.7493
5.2905,4.554
-2.9165,-2.8997
-2.9165,-3.4772
-2.9165,-2.786
-2.9165,-3.831
-2.9165,-3.3084
-2.9165,-2.2672
-2.9165,-3.5289
-4.7659,-4.5304
-4.7659,-5.1211
-4.7659,-5.6568
-4.7659,-3.9323
-4.7659,-4.7463
-4.7659,-5.2511
-4.7659,-4.1512
-4.7659,-4.9787
-4.7659,-4.3512
-4.7659,-5.7268
-4.7659,-4.9123
-4.7659,-5.2546
-4.7659,-4.7459
-4.7659,-4.3901
-4.7659,-4.0057
-4.7659,-4.6346
-4.7659,-4.2825
-5.5863,-5.6568
-5.5863,-5.4034
-5.5863,-5.2511
-5.5863,-4.9787
-5.5863,-5.7268
-5.5863,-5.1319
-5.5863,-6.0969
-5.5863,-4.9123
-5.5863,-5.2546
-5.5863,-6.2956
-5.5863,-4.6346
-5.5863,-5.7042
4.9923,4.7995
4.9923,4.7422
4.9923,4.2385
4.9923,5.2356
4.9923,5.5007
4.9923,4.6729
4.9923,5.2905
4.9923,5.5654
4.9923,5.9709
4.9923,4.3186
4.9923,4.9332
4.9923,5.5431
4.9923,4.392
4.9923,4.469
4.9923,5.1135
4.9923,5.336
4.9923,4.2582
4.9923,4.7493
4.9923,4.554
-5.4838,-5.0006
-5.4838,-5.2888
-5.4838,-4.8021
-5.4838,-4.7163
-3.5987,-3.7571
-3.5987,-2.9855
-3.5987,-3.3806
-3.5987,-4.2118
-3.5987,-3.6393
-3.5987,-4.3134
-3.5987,-3.0836
-3.5987,-3.1136
-3.5987,-3.9123
-3.5987,-4.1503
-5.4034,-5.2764
-5.4034,-5.5863
-5.4034,-4.9787
-5.4034,-5.1319
-5.4034,-6.0969
-5.4034,-4.7983
-5.4034,-4.6346
-5.4034,-5.7042
-5.4034,-4.4262
1.953,2.5244
1.953,2.0766
1.953,2.8983
1.953,2.5964
3.9029,4.7995
3.9029,4.5009
3.9029,4.1164
3.9029,4.2385
3.9029,3.1967
3.9029,3.5405
3.9029,3.8669
3.9029,3.6612
3.9029,3.62
3.9029,3.2002
3.9029,4.0193
3.9029,3.6487
3.9029,4.392
3.9029,3.402
3.9029,4.469
3.9029,3.9451
3.9029,4.2582
3.9029,4.7493
3.9029,4.554
3.902,3.1471
3.902,4.3439
3.902,3.79
3.902,4.21
3.902,4.7068
5.5654,4.7422
5.5654,5.47
5.5654,5.2356
5.5654,4.6729
5.5654,4.9923
5.5654,6.508
5.5654,5.9709
5.5654,4.7964
5.5654,5.5431
5.5654,5.2806
5.5654,5.993
5.5654,5.1135
5.5654,5.336
5.5654,5.9427
3.5405,2.8983
3.5405,4.1164
3.5405,3.0567
3.5405,4.2385
3.5405,3.1967
3.5405,3.9029
3.5405,3.8669
3.5405,3.6612
3.5405,3.62
3.5405,3.2002
3.5405,4.0193
3.5405,3.6487
3.5405,3.0078
3.5405,4.392
3.5405,3.402
3.5405,3.9451
3.5405,4.2582
3.8669,3.8763
3.8669,4.7422
3.8669,4.3401
3.8669,4.2385
3.8669,3.7537
3.8669,3.1967
3.8669,4.6729
3.8669,3.9029
3.8669,3.5405
3.8669,3.5424
3.8669,4.0667
3.8669,4.3186
3.8669,3.3292
3.8669,3.6487
3.8669,3.0078
3.8669,3.402
3.8669,4.469
3.8669,3.9451
3.8669,4.2582
3.8669,4.554
4.9565,5.4024
4.9565,4.5009
4.9565,4.1164
4.9565,4.9842
4.9565,4.8997
4.9565,5.2905
4.9565,5.7776
4.9565,4.3439
4.9565,4.9332
4.9565,4.6296
4.9565,4.0193
4.9565,4.392
4.9565,4.21
4.9565,5.0801
4.9565,5.5896
4.9565,5.9026
4.9565,4.7493
-3.1869,-2.5173
-3.1869,-3.5756
-3.1869,-3.1114
-3.1869,-3.9323
-3.1869,-3.2135
-3.1869,-3.2724
-3.1869,-3.5332
-3.1869,-3.5351
-3.1869,-2.8088
-3.1869,-2.9553
-3.1869,-3.9029
-3.1869,-2.777
-3.1869,-3.6206
-3.9205,-4.5052
-3.9205,-3.8883
-3.9205,-4.6388
-3.9205,-3.2724
-3.9205,-4.3512
-3.9205,-3.5332
-3.9205,-3.5351
-3.9205,-4.2041
-3.9205,-3.9029
-3.9205,-4.7459
-3.9205,-4.2825
-3.9205,-3.2598
-2.2542,-2.5173
-2.2542,-1.9367
-2.2542,-2.9553
-2.2542,-2.777
-3.3806,-3.7571
-3.3806,-2.786
-3.3806,-3.831
-3.3806,-3.3084
-3.3806,-2.9855
-3.3806,-3.5987
-3.3806,-4.2118
-3.3806,-3.6393
-3.3806,-2.6667
-3.3806,-4.3134
-3.3806,-3.1136
-3.3806,-3.9123
6.508,6.6202
6.508,5.5654
6.508,5.993
6.508,5.9427
-3.2135,-2.5173
-3.2135,-3.5756
-3.2135,-3.1114
-3.2135,-2.7539
-3.2135,-3.3298
-3.2135,-3.9323
-3.2135,-3.1869
-3.2135,-3.8753
-3.2135,-3.5332
-3.2135,-3.5351
-3.2135,-2.8088
-3.2135,-2.9553
-3.2135,-3.9029
-3.2135,-4.0057
-3.2135,-3.6206
-3.2135,-2.3344
-4.8021,-5.4838
-4.8021,-4.2118
-4.8021,-4.7163
-4.8021,-4.1503
-4.4762,-3.5797
-4.4762,-5.2764
-4.4762,-3.8578
-4.4762,-4.1117
-4.4762,-4.7983
-4.4762,-4.4262
5.7776,6.5542
5.7776,5.4024
5.7776,4.9842
5.7776,6.0675
5.7776,5.5007
5.7776,5.2905
5.7776,4.9565
5.7776,6.1609
5.7776,5.9709
5.7776,4.9332
5.7776,5.5431
5.7776,5.5896
5.7776,5.9026
5.7776,5.336
-4.2118,-3.5987
-4.2118,-3.3806
-4.2118,-4.8021
-4.2118,-3.6393
-4.2118,-4.7163
-4.2118,-4.3134
-4.2118,-3.9123
-4.2118,-4.1503
-4.7463,-4.5304
-4.7463,-5.1477
-4.7463,-5.1211
-4.7463,-5.6568
-4.7463,-3.9323
-4.7463,-4.7659
-4.7463,-5.2511
-4.7463,-4.6388
-4.7463,-4.3512
-4.7463,-4.9123
-4.7463,-5.2546
-4.7463,-4.2041
-4.7463,-3.9029
-4.7463,-4.7459
-4.7463,-4.3901
-4.7463,-4.0057
-4.7463,-4.2825
-4.7463,-5.5624
-5.2511,-4.5304
-5.2511,-5.1211
-5.2511,-5.6568
-5.2511,-4.7659
-5.2511,-5.5863
-5.2511,-4.7463
-5.2511,-4.9787
-5.2511,-5.7268
-5.2511,-5.1319
-5.2511,-4.9123
-5.2511,-5.2546
-5.2511,-4.3901
-5.2511,-4.6346
-5.2511,-5.7042
2.4743,2.0766
2.4743,2.8922
2.4743,3.0444
2.4743,2.7042
-3.0423,-2.3634
-3.0423,-3.5797
-3.0423,-3.9233
-3.0423,-3.1114
-3.0423,-2.7539
-3.0423,-3.3298
-3.0423,-3.8753
-3.0423,-3.3703
-3.0423,-3.73
-3.0423,-3.114
-3.0423,-2.6073
-3.0423,-3.6206
3.5424,3.8763
3.5424,2.8922
3.5424,4.2322
3.5424,4.3401
3.5424,3.7537
3.5424,3.8669
3.5424,4.0667
3.5424,4.3186
3.5424,3.3292
3.5424,3.4755
3.5424,3.0078
3.5424,3.0444
3.5424,3.402
3.5424,2.7042
3.5424,3.9881
-4.1512,-4.5304
-4.1512,-3.5756
-4.1512,-3.9233
-4.1512,-4.3001
-4.1512,-3.3298
-4.1512,-3.9323
-4.1512,-4.7659
-4.1512,-4.9787
-4.1512,-3.8753
-4.1512,-4.3512
-4.1512,-3.3703
-4.1512,-3.73
-4.1512,-4.9123
-4.1512,-4.3901
-4.1512,-4.0057
-4.1512,-4.6346
-4.1512,-3.6206
-4.1512,-4.4262
4.0667,3.8763
4.0667,4.7422
4.0667,4.2322
4.0667,4.3401
4.0667,3.7537
4.0667,4.6729
4.0667,3.8669
4.0667,3.5424
4.0667,4.3186
4.0667,4.7964
4.0667,3.3292
4.0667,3.4755
4.0667,3.6487
4.0667,3.402
4.0667,4.469
4.0667,3.9451
4.0667,4.2582
3.6612,2.8983
3.6612,4.5009
3.6612,4.1164
3.6612,3.2622
3.6612,3.0567
3.6612,4.2385
3.6612,3.1967
3.6612,3.9029
3.6612,3.5405
3.6612,3.79
3.6612,3.62
3.6612,3.2002
3.6612,4.0193
3.6612,3.6487
3.6612,4.392
3.6612,4.21
3.6612,3.9451
4.3439,4.5009
4.3439,4.8997
4.3439,3.902
4.3439,4.9565
4.3439,3.79
4.3439,4.6296
4.3439,4.0193
4.3439,4.21
4.3439,5.0801
4.3439,4.7068
-4.6388,-5.1477
-4.6388,-5.1211
-4.6388,-4.5052
-4.6388,-3.8883
-4.6388,-3.9205
-4.6388,-4.7463
-4.6388,-4.3512
-4.6388,-4.2041
-4.6388,-3.9029
-4.6388,-4.7459
-4.6388,-5.003
-4.6388,-4.2825
-4.6388,-5.5624
-4.6388,-5.2157
-3.2724,-3.8883
-3.2724,-3.1869
-3.2724,-3.9205
-3.2724,-3.5332
-3.2724,-3.5351
-3.2724,-2.9553
-3.2724,-4.2041
-3.2724,-3.9029
-3.2724,-3.2598
-3.2724,-2.777
-6.4199,-5.6568
-6.4199,-5.7268
-6.4199,-6.0511
-6.4199,-6.2956
-4.9787,-4.5304
-4.9787,-4.3001
-4.9787,-4.7659
-4.9787,-5.5863
-4.9787,-5.4034
-4.9787,-5.2511
-4.9787,-4.1512
-4.9787,-5.7268
-4.9787,-5.1319
-4.9787,-4.9123
-4.9787,-4.7983
-4.9787,-4.3901
-4.9787,-4.6346
-4.9787,-5.7042
-4.9787,-4.4262
6.1609,6.5542
6.1609,5.4024
6.1609,5.5693
6.1609,5.7776
6.1609,5.5896
6.1609,5.9026
5.9709,6.5542
5.9709,6.6202
5.9709,6.0675
5.9709,5.2356
5.9709,5.5007
5.9709,5.2905
5.9709,4.9923
5.9709,5.5654
5.9709,5.7776
5.9709,5.5431
5.9709,5.993
5.9709,5.336
-3.8753,-4.5304
-3.8753,-3.5756
-3.8753,-3.9233
-3.8753,-3.1114
-3.8753,-4.3001
-3.8753,-3.3298
-3.8753,-3.9323
-3.8753,-3.2135
-3.8753,-3.0423
-3.8753,-4.1512
-3.8753,-3.3703
-3.8753,-3.73
-3.8753,-4.3901
-3.8753,-4.0057
-3.8753,-4.6346
-3.8753,-3.6206
-3.8753,-4.4262
-3.8578,-3.5797
-3.8578,-4.4762
-3.8578,-4.1117
-3.8578,-3.73
-3.8578,-3.114
-3.8578,-3.1043
4.3186,4.7995
4.3186,3.8763
4.3186,4.7422
4.3186,4.3401
4.3186,4.2385
4.3186,5.2356
4.3186,3.7537
4.3186,4.6729
4.3186,4.9923
4.3186,3.8669
4.3186,3.5424
4.3186,4.0667
4.3186,4.7964
4.3186,3.3292
4.3186,3.6487
4.3186,3.402
4.3186,4.469
4.3186,3.9451
4.3186,5.1135
4.3186,4.2582
4.3186,4.554
-4.1041,-4.5052
-4.1041,-3.8883
-4.1041,-5.003
-4.1041,-3.2598
4.7964,3.8763
4.7964,4.7422
4.7964,4.2322
4.7964,4.3401
4.7964,5.47
4.7964,5.2356
4.7964,4.6729
4.7964,5.5654
4.7964,4.0667
4.7964,4.3186
4.7964,5.2806
4.7964,4.469
4.7964,5.1135
4.7964,4.806
-4.1117,-3.5797
-4.1117,-3.9233
-4.1117,-4.3001
-4.1117,-4.4762
-4.1117,-3.8578
-4.1117,-3.3703
-4.1117,-3.73
-4.1117,-3.114
-4.1117,-4.7983
-4.1117,-4.6346
-4.1117,-4.4262
-4.0379,-4.6892
-4.0379,-3.7571
-4.0379,-3.4772
-4.0379,-3.831
-4.0379,-3.3084
-4.0379,-4.0747
-4.0379,-4.2083
-4.0379,-4.5081
-4.0379,-4.6241
-4.0379,-3.5289
-4.3512,-4.5304
-4.3512,-5.1211
-4.3512,-3.5756
-4.3512,-3.9323
-4.3512,-4.7659
-4.3512,-3.9205
-4.3512,-4.7463
-4.3512,-4.1512
-4.3512,-4.6388
-4.3512,-3.5332
-4.3512,-4.9123
-4.3512,-5.2546
-4.3512,-4.2041
-4.3512,-3.9029
-4.3512,-4.7459
-4.3512,-4.3901
-4.3512,-4.0057
-4.3512,-4.2825
-3.5332,-3.5756
-3.5332,-3.9323
-3.5332,-3.1869
-3.5332,-3.9205
-3.5332,-3.2135
-3.5332,-3.2724
-3.5332,-4.3512
-3.5332,-3.5351
-3.5332,-2.8088
-3.5332,-2.9553
-3.5332,-4.2041
-3.5332,-3.9029
-3.5332,-4.0057
-3.5332,-4.2825
-3.5332,-2.777
-3.5332,-3.6206
4.9332,4.7995
4.9332,5.4024
4.9332,4.5009
4.9332,4.7422
4.9332,4.1164
4.9332,4.2385
4.9332,4.9842
4.9332,5.2356
4.9332,5.5007
4.9332,5.2905
4.9332,4.9923
4.9332,4.9565
4.9332,5.7776
4.9332,5.5431
4.9332,4.392
4.9332,4.469
4.9332,5.336
4.9332,4.2582
4.9332,4.7493
4.9332,4.554
3.79,4.5009
3.79,4.1164
3.79,3.2622
3.79,3.1471
3.79,3.902
3.79,3.6612
3.79,4.3439
3.79,3.62
3.79,4.6296
3.79,4.0193
3.79,4.21
-5.7268,-5.1211
-5.7268,-5.6568
-5.7268,-4.7659
-5.7268,-5.5863
-5.7268,-5.2511
-5.7268,-6.4199
-5.7268,-4.9787
-5.7268,-4.9123
-5.7268,-5.2546
-5.7268,-6.0511
-5.7268,-6.2956
-5.7268,-5.7042
5.5431,4.7995
5.5431,4.7422
5.5431,6.0675
5.5431,5.2356
5.5431,5.5007
5.5431,5.2905
5.5431,4.9923
5.5431,5.5654
5.5431,5.7776
5.5431,5.9709
5.5431,4.9332
5.5431,5.993
5.5431,5.1135
5.5431,5.336
-5.1319,-4.5304
-5.1319,-5.2764
-5.1319,-4.3001
-5.1319,-5.5863
-5.1319,-5.4034
-5.1319,-5.2511
-5.1319,-4.9787
-5.1319,-4.9123
-5.1319,-4.7983
-5.1319,-4.6346
-5.1319,-5.7042
-5.1319,-4.4262
-4.2083,-3.7571
-4.2083,-3.4772
-4.2083,-5.0006
-4.2083,-3.831
-4.2083,-3.3084
-4.2083,-5.0052
-4.2083,-4.0379
-4.2083,-4.5081
-4.2083,-4.3134
-4.2083,-4.6241
-4.2083,-3.9123
3.62,4.5009
3.62,4.1164
3.62,3.2622
3.62,3.1471
3.62,3.0567
3.62,3.9029
3.62,3.5405
3.62,3.6612
3.62,3.79
3.62,3.2002
3.62,4.0193
3.62,4.392
3.62,4.21
3.3292,3.8763
3.3292,2.8922
3.3292,2.5964
3.3292,3.7537
3.3292,3.1967
3.3292,3.8669
3.3292,3.5424
3.3292,4.0667
3.3292,4.3186
3.3292,3.4755
3.3292,3.6487
3.3292,3.0078
3.3292,3.0444
3.3292,3.402
3.3292,3.9451
3.3292,2.7042
-3.3703,-3.5797
-3.3703,-3.9233
-3.3703,-3.1114
-3.3703,-2.7539
-3.3703,-4.3001
-3.3703,-3.3298
-3.3703,-3.0423
-3.3703,-4.1512
-3.3703,-3.8753
-3.3703,-4.1117
-3.3703,-3.73
-3.3703,-3.114
-3.3703,-2.6073
-3.3703,-3.6206
-3.5351,-3.8883
-3.5351,-3.9323
-3.5351,-3.1869
-3.5351,-3.9205
-3.5351,-3.2135
-3.5351,-3.2724
-3.5351,-3.5332
-3.5351,-2.9553
-3.5351,-4.2041
-3.5351,-3.9029
-3.5351,-4.2825
-3.5351,-3.2598
-3.5351,-2.777
-3.73,-3.5797
-3.73,-3.9233
-3.73,-4.3001
-3.73,-3.3298
-3.73,-3.0423
-3.73,-4.1512
-3.73,-3.8753
-3.73,-3.8578
-3.73,-4.1117
-3.73,-3.3703
-3.73,-3.114
-3.73,-3.6206
-3.73,-4.4262
-6.0969,-5.2764
-6.0969,-5.5863
-6.0969,-5.4034
-6.0969,-6.2956
-6.0969,-5.7042
3.4755,3.8763
3.4755,2.8922
3.4755,4.2322
3.4755,4.3401
3.4755,3.7537
3.4755,3.5424
3.4755,4.0667
3.4755,3.3292
3.4755,3.2242
3.4755,3.0444
3.4755,3.9881
5.2806,4.3401
5.2806,5.47
5.2806,5.2687
5.2806,4.6729
5.2806,5.5654
5.2806,4.7964
5.2806,5.9692
5.2806,5.1135
5.2806,4.806
5.2806,5.9427
-2.8088,-2.5173
-2.8088,-3.5756
-2.8088,-1.9367
-2.8088,-3.1114
-2.8088,-2.7539
-2.8088,-3.3298
-2.8088,-3.1869
-2.8088,-3.2135
-2.8088,-3.5332
-2.8088,-2.9553
-2.8088,-3.6206
-2.8088,-2.3344
5.993,5.47
5.993,6.6202
5.993,6.0675
5.993,5.2356
5.993,5.5654
5.993,6.508
5.993,5.9709
5.993,5.5431
5.993,5.1135
5.993,5.336
5.993,5.9427
-2.2672,-2.8997
-2.2672,-2.786
-2.2672,-2.9165
-2.2672,-2.0558
-4.9123,-4.5304
-4.9123,-5.1211
-4.9123,-5.6568
-4.9123,-4.3001
-4.9123,-4.7659
-4.9123,-5.5863
-4.9123,-4.7463
-4.9123,-5.2511
-4.9123,-4.1512
-4.9123,-4.9787
-4.9123,-4.3512
-4.9123,-5.7268
-4.9123,-5.1319
-4.9123,-5.2546
-4.9123,-4.3901
-4.9123,-4.0057
-4.9123,-4.6346
-5.2546,-4.5304
-5.2546,-5.1477
-5.2546,-5.1211
-5.2546,-5.6568
-5.2546,-4.7659
-5.2546,-5.5863
-5.2546,-4.7463
-5.2546,-5.2511
-5.2546,-4.3512
-5.2546,-5.7268
-5.2546,-4.9123
-5.2546,-6.0511
-5.2546,-4.7459
-5.2546,-4.3901
-5.2546,-5.5624
5.9692,5.47
5.9692,5.2687
5.9692,5.2806
5.9692,5.9427
-3.114,-2.3634
-3.114,-3.5797
-3.114,-3.0423
-3.114,-3.8578
-3.114,-4.1117
-3.114,-3.3703
-3.114,-3.73
-3.114,-2.6073
-3.114,-3.1043
4.6296,5.4024
4.6296,4.5009
4.6296,4.1164
4.6296,4.9842
4.6296,4.8997
4.6296,4.9565
4.6296,4.3439
4.6296,3.79
4.6296,4.0193
4.6296,4.392
4.6296,4.21
4.6296,5.0801
4.6296,5.5896
4.6296,4.7493
3.2002,2.5244
3.2002,2.8983
3.2002,4.1164
3.2002,3.2622
3.2002,3.0567
3.2002,2.5964
3.2002,3.1967
3.2002,2.5633
3.2002,3.9029
3.2002,3.5405
3.2002,3.6612
3.2002,3.62
3.2002,4.0193
3.2002,3.6487
-2.9553,-2.5173
-2.9553,-3.5756
-2.9553,-3.1869
-2.9553,-2.2542
-2.9553,-3.2135
-2.9553,-3.2724
-2.9553,-3.5332
-2.9553,-3.5351
-2.9553,-2.8088
-2.9553,-3.9029
-2.9553,-2.777
-4.2041,-5.1477
-4.2041,-4.5052
-4.2041,-3.8883
-4.2041,-3.9323
-4.2041,-3.9205
-4.2041,-4.7463
-4.2041,-4.6388
-4.2041,-3.2724
-4.2041,-4.3512
-4.2041,-3.5332
-4.2041,-3.5351
-4.2041,-3.9029
-4.2041,-4.7459
-4.2041,-4.2825
4.0193,4.5009
4.0193,4.1164
4.0193,3.2622
4.0193,3.0567
4.0193,4.2385
4.0193,4.9842
4.0193,3.9029
4.0193,3.5405
4.0193,4.9565
4.0193,3.6612
4.0193,4.3439
4.0193,3.79
4.0193,3.62
4.0193,4.6296
4.0193,3.2002
4.0193,4.392
4.0193,4.21
4.0193,4.7493
-4.7983,-5.2764
-4.7983,-4.3001
-4.7983,-5.4034
-4.7983,-4.4762
-4.7983,-4.9787
-4.7983,-4.1117
-4.7983,-5.1319
-4.7983,-4.6346
-4.7983,-4.4262
-6.0511,-5.1211
-6.0511,-5.6568
-6.0511,-5.8169
-6.0511,-6.4199
-6.0511,-5.7268
-6.0511,-5.2546
-6.0511,-5.5624
3.6487,2.8983
3.6487,4.1164
3.6487,4.2385
3.6487,3.7537
3.6487,3.1967
3.6487,3.9029
3.6487,3.5405
3.6487,3.8669
3.6487,4.0667
3.6487,3.6612
3.6487,4.3186
3.6487,3.3292
3.6487,3.2002
3.6487,3.0078
3.6487,3.402
3.6487,4.469
3.6487,3.9451
3.6487,4.2582
3.6487,4.554
3.0078,2.0766
3.0078,2.8983
3.0078,2.5964
3.0078,3.7537
3.0078,3.1967
3.0078,3.5405
3.0078,3.8669
3.0078,3.5424
3.0078,3.3292
3.0078,3.6487
3.0078,3.0444
3.0078,3.402
3.0078,3.9451
3.0078,2.7042
-3.6393,-2.9855
-3.6393,-3.5987
-3.6393,-3.3806
-3.6393,-4.2118
-3.6393,-3.0836
-3.6393,-3.9123
-3.6393,-4.1503
-2.6667,-2.786
-2.6667,-2.3952
-2.6667,-3.3084
-2.6667,-2.9855
-2.6667,-3.3806
-2.6667,-2.0558
-2.6667,-3.1136
4.392,4.7995
4.392,4.5009
4.392,4.1164
4.392,4.2385
4.392,4.9842
4.392,5.2905
4.392,4.9923
4.392,3.9029
4.392,3.5405
4.392,4.9565
4.392,3.6612
4.392,4.9332
4.392,3.62
4.392,4.6296
4.392,4.0193
4.392,4.21
4.392,3.9451
4.392,4.2582
4.392,4.7493
4.392,4.554
3.2242,2.8922
3.2242,3.4755
3.2242,3.9881
-3.9029,-3.5756
-3.9029,-3.8883
-3.9029,-3.9323
-3.9029,-3.1869
-3.9029,-3.9205
-3.9029,-3.2135
-3.9029,-4.7463
-3.9029,-4.6388
-3.9029,-3.2724
-3.9029,-4.3512
-3.9029,-3.5332
-3.9029,-3.5351
-3.9029,-2.9553
-3.9029,-4.2041
-3.9029,-4.7459
-3.9029,-4.3901
-3.9029,-4.0057
-3.9029,-4.2825
-6.2956,-5.5863
-6.2956,-6.4199
-6.2956,-5.7268
-6.2956,-6.0969
-6.2956,-5.7042
-4.5081,-3.7571
-4.5081,-5.0006
-4.5081,-3.831
-4.5081,-5.2888
-4.5081,-5.0052
-4.5081,-4.0379
-4.5081,-4.2083
-4.5081,-4.7163
-4.5081,-4.3134
-4.5081,-4.6241
-4.5081,-3.9123
-4.7163,-5.0006
-4.7163,-5.2888
-4.7163,-5.4838
-4.7163,-4.8021
-4.7163,-4.2118
-4.7163,-4.5081
-4.7163,-4.3134
-4.7163,-3.9123
-2.0558,-2.786
-2.0558,-2.3952
-2.0558,-2.2672
-2.0558,-2.6667
-4.7459,-5.1477
-4.7459,-5.1211
-4.7459,-4.5052
-4.7459,-4.7659
-4.7459,-3.9205
-4.7459,-4.7463
-4.7459,-4.6388
-4.7459,-4.3512
-4.7459,-5.2546
-4.7459,-4.2041
-4.7459,-3.9029
-4.7459,-4.3901
-4.7459,-4.2825
-4.7459,-5.5624
-4.7459,-5.2157
-4.3901,-4.5304
-4.3901,-5.1211
-4.3901,-3.5756
-4.3901,-4.3001
-4.3901,-3.9323
-4.3901,-4.7659
-4.3901,-4.7463
-4.3901,-5.2511
-4.3901,-4.1512
-4.3901,-4.9787
-4.3901,-3.8753
-4.3901,-4.3512
-4.3901,-4.9123
-4.3901,-5.2546
-4.3901,-3.9029
-4.3901,-4.7459
-4.3901,-4.0057
-4.3901,-4.6346
-4.3901,-4.2825
-4.3901,-3.6206
-4.3134,-3.7571
-4.3134,-5.0006
-4.3134,-3.831
-4.3134,-5.2888
-4.3134,-3.5987
-4.3134,-3.3806
-4.3134,-4.2118
-4.3134,-4.2083
-4.3134,-4.5081
-4.3134,-4.7163
-4.3134,-3.9123
3.0444,3.8763
3.0444,2.8922
3.0444,3.7537
3.0444,2.4743
3.0444,3.5424
3.0444,3.3292
3.0444,3.4755
3.0444,3.0078
3.0444,3.402
3.0444,2.7042
4.21,4.5009
4.21,4.1164
4.21,3.2622
4.21,4.9842
4.21,4.8997
4.21,3.902
4.21,4.9565
4.21,3.6612
4.21,4.3439
4.21,3.79
4.21,3.62
4.21,4.6296
4.21,4.0193
4.21,4.392
4.21,5.0801
4.21,4.7493
3.402,2.8983
3.402,2.5964
3.402,3.7537
3.402,3.1967
3.402,3.9029
3.402,3.5405
3.402,3.8669
3.402,3.5424
3.402,4.0667
3.402,4.3186
3.402,3.3292
3.402,3.6487
3.402,3.0078
3.402,3.0444
3.402,3.9451
3.402,2.7042
3.402,4.2582
-4.0057,-4.5304
-4.0057,-3.5756
-4.0057,-3.9233
-4.0057,-3.1114
-4.0057,-4.3001
-4.0057,-3.3298
-4.0057,-3.9323
-4.0057,-4.7659
-4.0057,-3.2135
-4.0057,-4.7463
-4.0057,-4.1512
-4.0057,-3.8753
-4.0057,-4.3512
-4.0057,-3.5332
-4.0057,-4.9123
-4.0057,-3.9029
-4.0057,-4.3901
-4.0057,-4.6346
-4.0057,-4.2825
-4.0057,-3.6206
5.0801,5.4024
5.0801,4.5009
5.0801,4.9842
5.0801,4.8997
5.0801,5.5693
5.0801,4.9565
5.0801,4.3439
5.0801,4.6296
5.0801,4.21
5.0801,5.5896
5.0801,5.9026
4.469,4.7995
4.469,4.7422
4.469,4.3401
4.469,4.2385
4.469,5.2356
4.469,3.7537
4.469,4.6729
4.469,4.9923
4.469,3.9029
4.469,3.8669
4.469,4.0667
4.469,4.3186
4.469,4.7964
4.469,4.9332
4.469,3.6487
4.469,3.9451
4.469,5.1135
4.469,5.336
4.469,4.2582
4.469,4.554
3.9451,4.7995
3.9451,4.7422
3.9451,4.1164
3.9451,4.2385
3.9451,3.7537
3.9451,3.1967
3.9451,3.9029
3.9451,3.5405
3.9451,3.8669
3.9451,4.0667
3.9451,3.6612
3.9451,4.3186
3.9451,3.3292
3.9451,3.6487
3.9451,3.0078
3.9451,4.392
3.9451,3.402
3.9451,4.469
3.9451,4.2582
3.9451,4.554
5.5896,5.4024
5.5896,4.9842
5.5896,4.8997
5.5896,5.5693
5.5896,4.9565
5.5896,5.7776
5.5896,6.1609
5.5896,4.6296
5.5896,5.0801
5.5896,5.9026
-4.6346,-4.5304
-4.6346,-3.9233
-4.6346,-4.3001
-4.6346,-4.7659
-4.6346,-5.5863
-4.6346,-5.4034
-4.6346,-5.2511
-4.6346,-4.1512
-4.6346,-4.9787
-4.6346,-3.8753
-4.6346,-4.1117
-4.6346,-5.1319
-4.6346,-4.9123
-4.6346,-4.7983
-4.6346,-4.3901
-4.6346,-4.0057
-4.6346,-4.4262
-5.003,-4.5052
-5.003,-4.6388
-5.003,-4.1041
-5.003,-5.2157
2.7042,2.0766
2.7042,2.8983
2.7042,2.8922
2.7042,2.5964
2.7042,3.1967
2.7042,2.4743
2.7042,3.5424
2.7042,3.3292
2.7042,3.0078
2.7042,3.0444
2.7042,3.402
-5.5162,-5.0006
-5.5162,-5.2888
-5.5162,-5.0052
-5.5162,-5.9545
-5.5162,-4.6241
-5.5162,-6.1385
-5.5162,-5.3217
-3.0836,-2.3952
-3.0836,-2.9855
-3.0836,-3.5987
-3.0836,-3.6393
5.1135,4.7995
5.1135,4.7422
5.1135,4.3401
5.1135,5.47
5.1135,5.2356
5.1135,4.6729
5.1135,4.9923
5.1135,5.5654
5.1135,4.3186
5.1135,4.7964
5.1135,5.5431
5.1135,5.2806
5.1135,5.993
5.1135,4.469
5.1135,4.806
5.1135,5.9427
-5.9545,-5.0052
-5.9545,-5.5162
-5.9545,-6.1385
-5.9545,-5.3217
-4.6241,-4.6892
-4.6241,-5.0006
-4.6241,-3.831
-4.6241,-4.0747
-4.6241,-5.0052
-4.6241,-4.0379
-4.6241,-4.2083
-4.6241,-4.5081
-4.6241,-5.5162
-4.6241,-5.3217
4.806,3.8763
4.806,4.2322
4.806,4.3401
4.806,5.47
4.806,4.3605
4.806,5.2687
4.806,4.6729
4.806,4.7964
4.806,5.2806
4.806,5.1135
4.806,3.9881
5.9026,6.5542
5.9026,5.4024
5.9026,4.9842
5.9026,6.0675
5.9026,5.5007
5.9026,5.2905
5.9026,4.9565
5.9026,5.7776
5.9026,6.1609
5.9026,5.0801
5.9026,5.5896
-5.7042,-5.5863
-5.7042,-5.4034
-5.7042,-5.2511
-5.7042,-4.9787
-5.7042,-5.7268
-5.7042,-5.1319
-5.7042,-6.0969
-5.7042,-6.2956
5.336,4.7995
5.336,4.7422
5.336,4.9842
5.336,6.0675
5.336,5.2356
5.336,5.5007
5.336,5.2905
5.336,4.9923
5.336,5.5654
5.336,5.7776
5.336,5.9709
5.336,4.9332
5.336,5.5431
5.336,5.993
5.336,4.469
5.336,4.7493
5.336,4.554
-6.1385,-5.2888
-6.1385,-5.5162
-6.1385,-5.9545
-4.2825,-5.1477
-4.2825,-5.1211
-4.2825,-3.5756
-4.2825,-4.5052
-4.2825,-3.9323
-4.2825,-4.7659
-4.2825,-3.9205
-4.2825,-4.7463
-4.2825,-4.6388
-4.2825,-4.3512
-4.2825,-3.5332
-4.2825,-3.5351
-4.2825,-4.2041
-4.2825,-3.9029
-4.2825,-4.7459
-4.2825,-4.3901
-4.2825,-4.0057
-5.5624,-5.1477
-5.5624,-5.1211
-5.5624,-5.6568
-5.5624,-5.8169
-5.5624,-4.7463
-5.5624,-4.6388
-5.5624,-5.2546
-5.5624,-6.0511
-5.5624,-4.7459
-5.5624,-5.2157
-5.2157,-5.1477
-5.2157,-4.5052
-5.2157,-5.8169
-5.2157,-4.6388
-5.2157,-4.7459
-5.2157,-5.003
-5.2157,-5.5624
-3.1136,-3.7571
-3.1136,-2.786
-3.1136,-3.831
-3.1136,-3.3084
-3.1136,-2.9855
-3.1136,-3.5987
-3.1136,-3.3806
-3.1136,-2.6667
-3.1136,-3.9123
5.9427,5.47
5.9427,5.2356
5.9427,5.5654
5.9427,6.508
5.9427,5.2806
5.9427,5.993
5.9427,5.9692
5.9427,5.1135
-3.5289,-2.8997
-3.5289,-3.4772
-3.5289,-3.831
-3.5289,-3.6435
-3.5289,-4.0747
-3.5289,-2.9165
-3.5289,-4.0379
-3.2598,-3.8883
-3.2598,-3.9205
-3.2598,-3.2724
-3.2598,-4.1041
-3.2598,-3.5351
-3.2598,-2.777
-2.6073,-2.3634
-2.6073,-3.1114
-2.6073,-2.0633
-2.6073,-2.7539
-2.6073,-3.3298
-2.6073,-3.0423
-2.6073,-3.3703
-2.6073,-3.114
-2.6073,-2.3344
-2.777,-2.5173
-2.777,-3.1869
-2.777,-2.2542
-2.777,-3.2724
-2.777,-3.5332
-2.777,-3.5351
-2.777,-2.9553
-2.777,-3.2598
4.2582,4.7995
4.2582,4.7422
4.2582,4.1164
4.2582,4.2385
4.2582,3.7537
4.2582,4.6729
4.2582,4.9923
4.2582,3.9029
4.2582,3.5405
4.2582,3.8669
4.2582,4.0667
4.2582,4.3186
4.2582,4.9332
4.2582,3.6487
4.2582,4.392
4.2582,3.402
4.2582,4.469
4.2582,3.9451
4.2582,4.7493
4.2582,4.554
-3.6206,-4.5304
-3.6206,-3.5756
-3.6206,-3.9233
-3.6206,-3.1114
-3.6206,-2.7539
-3.6206,-4.3001
-3.6206,-3.3298
-3.6206,-3.9323
-3.6206,-3.1869
-3.6206,-3.2135
-3.6206,-3.0423
-3.6206,-4.1512
-3.6206,-3.8753
-3.6206,-3.5332
-3.6206,-3.3703
-3.6206,-3.73
-3.6206,-2.8088
-3.6206,-4.3901
-3.6206,-4.0057
4.7068,4.8997
4.7068,5.5693
4.7068,3.902
4.7068,4.3439
-3.9123,-3.7571
-3.9123,-3.831
-3.9123,-3.3084
-3.9123,-3.5987
-3.9123,-3.3806
-3.9123,-4.2118
-3.9123,-4.2083
-3.9123,-3.6393
-3.9123,-4.5081
-3.9123,-4.7163
-3.9123,-4.3134
-3.9123,-3.1136
-5.3217,-4.6892
-5.3217,-5.0052
-5.3217,-5.5162
-5.3217,-5.9545
-5.3217,-4.6241
-4.1503,-3.5987
-4.1503,-4.8021
-4.1503,-4.2118
-4.1503,-3.6393
4.7493,4.7995
4.7493,5.4024
4.7493,4.5009
4.7493,4.1164
4.7493,4.2385
4.7493,4.9842
4.7493,5.5007
4.7493,5.2905
4.7493,4.9923
4.7493,3.9029
4.7493,4.9565
4.7493,4.9332
4.7493,4.6296
4.7493,4.0193
4.7493,4.392
4.7493,4.21
4.7493,5.336
4.7493,4.2582
4.7493,4.554
3.9881,3.8763
3.9881,4.2322
3.9881,4.3401
3.9881,4.3605
3.9881,3.5424
3.9881,3.4755
3.9881,3.2242
3.9881,4.806
-2.3344,-2.5173
-2.3344,-1.9367
-2.3344,-3.1114
-2.3344,-2.0633
-2.3344,-2.7539
-2.3344,-3.2135
-2.3344,-2.8088
-2.3344,-2.6073
-4.4262,-4.5304
-4.4262,-3.5797
-4.4262,-3.9233
-4.4262,-4.3001
-4.4262,-5.4034
-4.4262,-4.4762
-4.4262,-4.1512
-4.4262,-4.9787
-4.4262,-3.8753
-4.4262,-4.1117
-4.4262,-5.1319
-4.4262,-3.73
-4.4262,-4.7983
-4.4262,-4.6346
4.554,4.7995
4.554,4.5009
4.554,4.7422
4.554,4.1164
4.554,4.2385
4.554,4.9842
4.554,5.2356
4.554,5.5007
4.554,5.2905
4.554,4.9923
4.554,3.9029
4.554,3.8669
4.554,4.3186
4.554,4.9332
4.554,3.6487
4.554,4.392
4.554,4.469
4.554,3.9451
4.554,5.336
4.554,4.2582
4.554,4.7493
-3.1043,-3.5797
-3.1043,-3.8578
-3.1043,-3.114
