4.5298,5.3552
4.5298,3.9004
4.5298,5.134
-3.2524,-2.8884
-3.2524,-2.3786
-3.2524,-3.8688
-5.4017,-4.6324
-5.4017,-5.5968
-5.4017,-5.0498
-5.4017,-6.1469
-3.1848,-3.7103
-3.1848,-2.3981
-3.1848,-3.6372
-3.1848,-2.9627
-3.1848,-2.3827
2.3228,3.2583
5.6681,5.0712
5.6681,6.2446
5.6681,5.0078
5.6681,6.2193
3.1855,2.7448
-4.6324,-5.4017
-4.6324,-3.7187
-4.6324,-4.7542
-4.6324,-4.3704
-4.6324,-3.8688
7.6905,6.8366
3.392,2.6604
3.392,3.0606
3.392,3.784
3.392,3.2583
3.392,4.3295
5.818,6.5018
5.818,5.7585
5.818,6.2827
5.818,5.1014
-6.3409,-7.0446
-6.3409,-5.5968
-6.3409,-6.3219
-6.3409,-6.1469
-2.1847,-2.8884
-2.1847,-1.8414
-2.1847,-2.3786
-2.1847,-1.337
-0.0061207,0.27501
-0.0061207,-0.40633
-0.0061207,0.99459
-3.4072,-2.9294
-3.4072,-2.6018
-3.4072,-3.3902
-3.4072,-3.8974
5.2943,4.445
5.2943,5.309
5.2943,6.1696
5.2943,5.1406
5.2943,4.3894
4.0642,3.5672
4.0642,4.5857
5.0141,4.9291
5.0141,4.5449
5.0141,5.0078
5.0141,5.5914
5.0141,4.3295
-2.7886,-2.0538
-2.7886,-2.4614
-2.7886,-3.2984
-2.7886,-2.7855
-2.7886,-3.505
-5.4519,-6.0345
-5.4519,-5.0498
-5.4519,-4.929
-5.4519,-5.9653
-3.7103,-3.1848
-3.7103,-3.7187
-3.7103,-4.3704
-3.7103,-3.6372
-3.7103,-2.9627
-6.6802,-6.5625
-6.6802,-5.9158
-6.6802,-6.046
-5.4298,-4.9514
-5.4298,-4.9687
-5.4298,-5.8561
-5.4298,-5.9193
3.7989,3.0453
3.7989,3.2575
3.7989,3.4917
3.7989,3.7603
3.7989,4.3705
3.7989,4.3242
-2.5246,-2.4369
-2.5246,-2.6018
-2.5246,-3.3902
-0.56309,-1.4867
2.5396,3.0453
2.5396,3.4917
-5.3205,-4.4606
-5.3205,-5.5775
-5.3205,-5.8051
5.0712,5.6681
5.0712,4.3306
5.0712,4.5101
5.0712,5.0078
5.0712,5.6228
5.0712,4.5857
-5.0187,-4.1025
-5.0187,-5.574
-5.0187,-4.8258
4.445,5.2943
4.445,3.8306
4.445,5.1406
4.445,4.3894
2.1003,2.8399
-2.9294,-3.4072
-2.9294,-2.4614
-2.9294,-2.6018
-2.9294,-3.2984
6.2446,5.6681
6.2446,6.5948
6.2446,5.5914
6.2446,6.9635
5.8717,6.5948
5.8717,4.9291
5.8717,5.5914
3.0453,3.7989
3.0453,2.5396
3.0453,2.5939
3.0453,3.2575
3.0453,3.4917
7.0729,7.98
7.0729,6.4063
3.3164,3.2575
3.3164,2.7022
3.3164,3.9004
3.3164,3.7603
3.3164,3.4347
-4.1025,-5.0187
-4.1025,-3.26
-4.1025,-4.0506
-4.1025,-3.5208
2.6604,3.392
2.6604,3.0606
-2.0538,-2.7886
-2.0538,-2.7855
-2.0538,-1.6477
7.3013,7.98
7.3013,8.2617
7.0426,6.5018
7.0426,6.1696
2.8399,2.1003
2.8399,3.3152
6.5018,5.818
6.5018,7.0426
6.5018,5.7585
6.5018,6.8366
-5.3314,-5.8975
-5.3314,-4.6664
-7.0446,-6.3409
-4.1516,-3.8688
0.27501,-0.0061207
0.27501,-0.72851
5.6834,4.8364
5.6834,5.134
-3.7187,-4.6324
-3.7187,-3.7103
-3.7187,-2.8884
-3.7187,-2.9627
-3.7187,-3.8688
7.389,6.537
7.389,7.127
-6.5625,-6.6802
-6.5625,-6.6408
-6.5625,-5.9158
-6.5625,-5.9193
-4.1369,-3.2984
-4.1369,-4.6297
-4.1369,-3.8974
-4.1369,-3.8006
-2.4614,-2.7886
-2.4614,-2.9294
-2.4614,-3.2984
-2.4614,-1.6477
-2.4614,-1.9433
4.3181,3.9998
4.3181,5.1014
4.3181,3.3152
-5.5968,-5.4017
-5.5968,-6.3409
-5.5968,-4.7542
-5.5968,-6.3219
4.3306,5.0712
4.3306,3.784
4.3306,4.5101
4.3306,4.5449
4.3306,5.0078
4.3306,3.9371
4.3306,3.6503
3.0606,3.392
3.0606,2.6604
3.0606,3.784
3.0606,2.817
3.0606,3.6503
5.4177,6.2827
5.4177,5.1014
-1.4256,-1.8414
-1.4256,-2.3827
5.309,5.2943
5.309,4.3242
-7.0965,-6.6209
-7.0965,-6.1469
2.5939,3.0453
2.5939,3.2575
2.5939,2.7022
6.5948,6.2446
6.5948,5.8717
6.5948,7.4141
-3.2301,-2.4369
-3.2301,-4.1181
-3.2301,-3.3877
-3.2301,-3.3902
4.8364,5.6834
4.8364,4.3705
4.8364,4.3772
-2.8884,-3.2524
-2.8884,-2.1847
-2.8884,-3.7187
-2.8884,-2.3981
-2.8884,-2.9627
-2.8884,-3.8688
-4.9514,-5.4298
-4.9514,-4.1181
-4.9514,-5.8561
-5.8975,-5.3314
-5.8975,-5.1381
6.537,7.389
6.537,5.7403
6.537,6.5498
6.537,7.127
6.537,6.1714
-6.0345,-5.4519
-6.0345,-5.2084
-6.0345,-6.6209
-1.8414,-2.1847
-1.8414,-1.4256
-1.8414,-2.3981
-6.3394,-6.5795
2.7448,3.1855
2.7448,3.5672
2.7448,2.817
5.3552,4.5298
5.3552,5.7403
5.3552,6.1714
3.8306,4.445
3.8306,3.9998
3.8306,3.5238
3.8306,4.3894
6.1696,5.2943
6.1696,7.0426
6.1696,5.7585
3.2575,3.7989
3.2575,3.0453
3.2575,3.3164
3.2575,2.5939
3.2575,2.7022
3.2575,3.7603
3.784,3.392
3.784,4.3306
3.784,3.0606
3.784,4.5449
3.784,3.6503
3.784,4.3295
5.1406,5.2943
5.1406,4.445
5.1406,5.7585
5.1406,4.8347
-2.4731,-3.26
-2.4731,-2.6455
-2.4731,-1.5057
-3.26,-4.1025
-3.26,-2.4731
-3.26,-3.5208
-2.4369,-2.5246
-2.4369,-3.2301
-2.4369,-2.407
-2.3981,-3.1848
-2.3981,-2.8884
-2.3981,-1.8414
-2.3981,-2.9627
-2.3981,-2.3827
4.9291,5.0141
4.9291,5.8717
4.9291,4.0661
-2.407,-2.4369
-2.407,-3.3877
-2.407,-3.0518
-5.2084,-6.0345
-5.2084,-5.9703
-5.2084,-4.929
-4.4606,-5.3205
-4.4606,-3.505
-4.4606,-4.6297
5.7585,5.818
5.7585,6.5018
5.7585,6.1696
5.7585,5.1406
-4.1642,-4.3704
-4.1642,-4.929
-4.1642,-3.6372
-4.1181,-3.2301
-4.1181,-4.9514
-4.1181,-4.3355
-4.1181,-4.2269
-4.6664,-5.3314
-4.6664,-5.1381
-4.6664,-4.3355
-4.6664,-3.8974
3.5672,4.0642
3.5672,2.7448
3.5672,3.4786
4.5101,5.0712
4.5101,4.3306
4.5101,3.9371
4.5101,4.5857
-2.6018,-3.4072
-2.6018,-2.5246
-2.6018,-2.9294
4.5449,5.0141
4.5449,4.3306
4.5449,3.784
4.5449,5.0078
4.5449,4.3295
2.7022,3.3164
2.7022,2.5939
2.7022,3.2575
2.7022,3.4347
3.9998,4.3181
3.9998,3.8306
3.9998,4.8347
-5.574,-5.0187
-5.574,-4.9687
-5.574,-4.8258
-5.574,-5.9158
-5.574,-6.046
-1.7527,-2.6455
-1.7527,-1.5057
-7.4003,-7.4718
-5.1381,-5.8975
-5.1381,-4.6664
-5.1381,-4.6297
-5.1381,-5.8051
6.2827,5.818
6.2827,5.4177
6.2827,6.8366
6.8366,7.6905
6.8366,6.5018
6.8366,6.2827
-3.2984,-2.7886
-3.2984,-2.9294
-3.2984,-4.1369
-3.2984,-2.4614
-3.2984,-3.505
-3.2984,-3.8974
-3.2984,-3.8006
-2.7855,-2.7886
-2.7855,-2.0538
-2.7855,-3.505
5.0078,5.6681
5.0078,5.0141
5.0078,5.0712
5.0078,4.3306
5.0078,4.5449
-5.9703,-5.2084
5.5914,5.0141
5.5914,6.2446
5.5914,5.8717
-3.505,-2.7886
-3.505,-4.4606
-3.505,-3.2984
-3.505,-2.7855
-3.505,-3.8006
-4.7542,-4.6324
-4.7542,-5.5968
-4.7542,-3.8688
-4.9687,-5.4298
-4.9687,-5.574
-4.9687,-4.8258
-4.9687,-4.2269
-4.9687,-5.9193
-2.6455,-2.4731
-2.6455,-1.7527
-2.6455,-3.0518
-2.6455,-3.5208
3.9004,4.5298
3.9004,3.3164
3.9004,3.7603
3.9004,3.4347
3.9004,4.3772
3.4917,3.7989
3.4917,2.5396
3.4917,3.0453
3.4917,3.5238
3.4917,4.3242
-6.6408,-6.5625
-6.6408,-5.8561
-6.6408,-5.9193
5.7403,6.537
5.7403,5.3552
5.7403,6.5498
5.7403,5.134
-4.6297,-4.1369
-4.6297,-4.4606
-4.6297,-5.1381
-4.6297,-3.8006
-5.0498,-5.4017
-5.0498,-5.4519
-5.0498,-4.3704
-5.0498,-4.929
-5.0498,-5.9653
3.5238,3.8306
3.5238,3.4917
3.5238,4.3894
3.5238,4.3242
3.9371,4.3306
3.9371,4.5101
3.9371,3.6503
3.9371,3.4786
-0.40633,-0.0061207
-4.0506,-4.1025
-4.0506,-4.8258
-4.0506,-4.2269
-4.0506,-3.5208
-1.6477,-2.0538
-1.6477,-2.4614
-1.6477,-0.72851
-1.6477,-1.9433
-6.5795,-6.3394
-6.5795,-7.4718
5.6228,5.0712
5.6228,6.4063
5.6228,6.2193
6.9635,6.2446
6.9635,6.2193
6.9635,7.4141
-0.72851,0.27501
-0.72851,-1.6477
-0.72851,-1.1304
6.5498,6.537
6.5498,5.7403
-2.3786,-3.2524
-2.3786,-2.1847
-2.3786,-1.4867
-4.3355,-4.1181
-4.3355,-4.6664
-4.3355,-3.3902
-5.8561,-5.4298
-5.8561,-4.9514
-5.8561,-6.6408
-5.8561,-6.3439
7.98,7.0729
7.98,7.3013
7.98,8.2617
-1.1304,-0.72851
4.3894,5.2943
4.3894,4.445
4.3894,3.8306
4.3894,3.5238
4.3894,4.3242
4.0661,4.9291
4.0661,3.2583
4.0661,4.3295
-3.3877,-3.2301
-3.3877,-2.407
-3.3877,-3.0518
-3.3877,-4.2269
-4.8258,-5.0187
-4.8258,-5.574
-4.8258,-4.9687
-4.8258,-4.0506
3.7603,3.7989
3.7603,3.3164
3.7603,3.2575
3.7603,3.9004
3.7603,4.3705
3.7603,4.3772
-5.5775,-5.3205
-6.3439,-5.8561
3.2583,2.3228
3.2583,3.392
3.2583,4.0661
2.817,3.0606
2.817,2.7448
2.817,3.4786
-2.9959,-3.6372
-2.9959,-2.3827
-1.337,-2.1847
-1.337,-1.4867
4.3705,3.7989
4.3705,4.8364
4.3705,3.7603
4.3705,4.3242
6.4063,7.0729
6.4063,5.6228
-3.0518,-2.407
-3.0518,-2.6455
-3.0518,-3.3877
-3.0518,-3.5208
-7.4718,-7.4003
-7.4718,-6.5795
-4.3704,-4.6324
-4.3704,-3.7103
-4.3704,-4.1642
-4.3704,-5.0498
-4.929,-5.4519
-4.929,-5.2084
-4.929,-4.1642
-4.929,-5.0498
-1.4867,-0.56309
-1.4867,-2.3786
-1.4867,-1.337
-5.9158,-6.6802
-5.9158,-6.5625
-5.9158,-5.574
-5.9158,-5.9193
-3.3902,-3.4072
-3.3902,-2.5246
-3.3902,-3.2301
-3.3902,-4.3355
-3.6372,-3.1848
-3.6372,-3.7103
-3.6372,-4.1642
-3.6372,-2.9959
4.5857,4.0642
4.5857,5.0712
4.5857,4.5101
4.3242,3.7989
4.3242,5.309
4.3242,3.4917
4.3242,3.5238
4.3242,4.3894
4.3242,4.3705
3.6503,4.3306
3.6503,3.0606
3.6503,3.784
3.6503,3.9371
3.6503,3.4786
-4.2269,-4.1181
-4.2269,-4.9687
-4.2269,-4.0506
-4.2269,-3.3877
4.8347,5.1406
4.8347,3.9998
4.8347,5.1014
3.4347,3.3164
3.4347,2.7022
3.4347,3.9004
5.1014,5.818
5.1014,4.3181
5.1014,5.4177
5.1014,4.8347
-3.8974,-3.4072
-3.8974,-4.1369
-3.8974,-4.6664
-3.8974,-3.2984
-6.046,-6.6802
-6.046,-5.574
-6.046,-6.558
3.4786,3.5672
3.4786,3.9371
3.4786,2.817
3.4786,3.6503
-6.6209,-7.0965
-6.6209,-6.0345
-6.6209,-5.9653
-1.8265,-2.3827
7.127,7.389
7.127,6.537
7.127,6.1714
-5.4513,-6.3219
-5.9653,-5.4519
-5.9653,-5.0498
-5.9653,-6.6209
-5.9653,-6.1469
6.2193,5.6681
6.2193,5.6228
6.2193,6.9635
-5.8051,-5.3205
-5.8051,-5.1381
5.134,4.5298
5.134,5.6834
5.134,5.7403
5.134,4.3772
-6.3219,-6.3409
-6.3219,-5.5968
-6.3219,-5.4513
-3.5208,-4.1025
-3.5208,-3.26
-3.5208,-2.6455
-3.5208,-4.0506
-3.5208,-3.0518
-5.9193,-5.4298
-5.9193,-6.5625
-5.9193,-4.9687
-5.9193,-6.6408
-5.9193,-5.9158
-6.558,-6.046
-2.9627,-3.1848
-2.9627,-3.7103
-2.9627,-3.7187
-2.9627,-2.8884
-2.9627,-2.3981
7.4141,6.5948
7.4141,6.9635
-3.8688,-3.2524
-3.8688,-4.6324
-3.8688,-4.1516
-3.8688,-3.7187
-3.8688,-2.8884
-3.8688,-4.7542
0.7253,0.99459
-1.5057,-2.4731
-1.5057,-1.7527
4.3295,3.392
4.3295,5.0141
4.3295,3.784
4.3295,4.5449
4.3295,4.0661
-1.9433,-2.4614
-1.9433,-1.6477
3.3152,2.8399
3.3152,4.3181
-2.3827,-3.1848
-2.3827,-1.4256
-2.3827,-2.3981
-2.3827,-2.9959
-2.3827,-1.8265
-6.1469,-5.4017
-6.1469,-6.3409
-6.1469,-7.0965
-6.1469,-5.9653
4.3772,4.8364
4.3772,3.9004
4.3772,3.7603
4.3772,5.134
8.2617,7.3013
8.2617,7.98
0.99459,-0.0061207
0.99459,0.7253
-3.8006,-4.1369
-3.8006,-3.2984
-3.8006,-3.505
-3.8006,-4.6297
6.1714,6.537
6.1714,5.3552
6.1714,7.127
