5.2035,5.1788
5.2035,4.437
5.2035,4.9971
5.2035,5.5858
5.2035,5.5135
5.2035,5.4095
5.2035,5.1147
5.2035,5.9927
5.2035,5.8457
5.2035,6.1156
5.2035,4.7766
5.2035,5.0695
5.2035,5.5246
5.2035,4.4632
5.2035,4.8092
5.2035,5.5527
5.2035,5.773
5.2035,4.53
5.2035,4.8081
5.2035,4.7787
-2.8013,-3.7256
-2.8013,-2.8252
-2.8013,-2.1761
-2.8013,-3.4402
-4.5758,-4.6696
-4.5758,-4.0532
-4.5758,-4.9941
-4.5758,-3.9277
-4.5758,-4.268
-4.5758,-4.6079
-4.5758,-5.2287
-3.6411,-3.4
-3.6411,-3.8182
-3.6411,-3.1675
-3.6411,-3.4009
-3.6411,-3.2238
-3.6411,-3.9277
-3.6411,-4.268
-3.6411,-4.2822
-3.6411,-4.1772
-3.6411,-3.0399
-3.6411,-3.78
2.7766,3.1576
2.7766,3.185
2.7766,2.9283
2.7766,3.5133
2.7766,2.7017
2.7766,2.2838
2.7766,3.7211
2.7766,3.3872
4.5549,4.8564
4.5549,4.9801
4.5549,4.1987
4.5549,5.0714
4.5549,4.3207
4.5549,4.1404
4.5549,4.5275
4.5549,4.7766
4.5549,5.4026
4.5549,3.7755
4.5549,4.1683
4.5549,3.5822
4.5549,5.4078
4.5549,4.6519
2.5808,2.9283
2.5808,2.2838
2.5808,2.9862
2.5808,3.4158
2.5808,3.1727
-3.4,-3.6411
-3.4,-2.6243
-3.4,-3.8182
-3.4,-3.1675
-3.4,-4.0532
-3.4,-2.8252
-3.4,-3.9277
-3.4,-3.0399
-3.4,-3.4402
6.6033,6.7624
6.6033,6.2649
6.6033,5.8457
6.6033,6.1376
6.6033,6.0405
3.1576,2.7766
3.1576,3.185
3.1576,2.9283
3.1576,3.5133
3.1576,2.2838
3.1576,3.835
3.1576,3.7211
3.1576,3.3872
3.1576,3.9348
3.1576,3.4158
3.1576,3.8204
3.1576,3.1727
5.5812,4.9971
5.5812,6.2649
5.5812,5.5135
5.5812,5.4095
5.5812,5.1944
5.5812,5.8457
5.5812,6.1376
5.5812,5.0695
5.5812,4.6514
5.5812,4.9105
5.5812,5.5195
5.5812,6.0405
5.5812,4.8081
-4.6696,-4.5758
-4.6696,-3.7256
-4.6696,-4.0532
-4.6696,-5.2287
-2.6243,-3.4
-2.6243,-3.1675
-2.6243,-2.8252
-2.6243,-3.2238
-2.6243,-2.1761
-2.6243,-2.5657
-2.6243,-1.9362
-2.6243,-3.0399
-2.6073,-2.0762
-2.6073,-3.3844
-2.6073,-3.1348
-2.6073,-3.1722
-2.6073,-2.0193
-2.6073,-3.3252
-2.6073,-2.9603
-2.6073,-2.8691
-2.6073,-2.4504
-2.6073,-2.5465
-4.7451,-4.421
-4.7451,-4.7931
-4.7451,-3.9308
-4.7451,-4.8657
-4.7451,-4.6969
-4.7451,-5.3712
-4.7451,-4.4125
-4.7451,-5.3753
-4.7451,-4.2105
-4.7451,-4.3217
-4.7451,-5.5935
-4.7451,-5.1078
-4.7451,-5.241
-4.7451,-4.5159
-4.7451,-4.157
-4.7451,-5.0224
-4.7451,-3.8969
-4.7451,-5.0126
4.4964,4.1087
4.4964,4.437
4.4964,4.9971
4.4964,5.4095
4.4964,4.1395
4.4964,5.1944
4.4964,3.7211
4.4964,4.3143
4.4964,5.0695
4.4964,3.8257
4.4964,4.6514
4.4964,3.833
4.4964,4.4632
4.4964,4.259
4.4964,4.9105
4.4964,4.8081
4.4964,4.7787
3.5871,2.9862
3.5871,4.1404
3.5871,3.7755
3.5871,4.1683
3.5871,4.0593
3.5871,3.5822
-3.091,-2.5521
-3.091,-3.6152
-3.091,-3.8564
-3.091,-3.1083
-3.091,-3.9459
5.1788,5.2035
5.1788,4.9801
5.1788,5.887
5.1788,5.5858
5.1788,5.0714
5.1788,5.1147
5.1788,5.9927
5.1788,4.3207
5.1788,4.5275
5.1788,4.7766
5.1788,5.4026
5.1788,5.5246
5.1788,4.8092
5.1788,5.5527
5.1788,6.1633
5.1788,4.53
5.1788,4.7787
-4.3045,-4.421
-4.3045,-4.7931
-4.3045,-5.2311
-4.3045,-3.6152
-4.3045,-4.722
-4.3045,-4.7846
-4.3045,-3.8399
-4.3045,-4.253
-4.3045,-3.8564
-4.3045,-5.0126
-4.3045,-3.9459
-4.8786,-5.2121
-4.8786,-4.9941
-4.8786,-5.3509
-4.8786,-4.268
-4.8786,-4.2822
-4.8786,-4.6029
-4.8786,-4.1772
-4.8786,-5.4823
-4.8786,-4.6079
-3.8182,-3.6411
-3.8182,-3.4
-3.8182,-3.1675
-3.8182,-3.2238
-3.8182,-3.9277
-3.8182,-4.268
-3.8182,-4.2822
-3.8182,-4.1772
-3.8182,-4.6079
-3.8182,-3.0399
-3.8182,-3.78
-4.947,-5.0404
-4.947,-5.6003
-4.947,-5.6989
-4.947,-4.6969
-4.947,-4.4501
-4.947,-5.241
-4.947,-4.036
-4.947,-4.56
-4.947,-4.5073
-4.947,-4.1837
-4.947,-5.4441
-4.947,-5.0663
-5.0404,-4.947
-5.0404,-5.6003
-5.0404,-4.8657
-5.0404,-4.6969
-5.0404,-5.3712
-5.0404,-4.4501
-5.0404,-4.3217
-5.0404,-5.1078
-5.0404,-5.241
-5.0404,-5.9649
-5.0404,-4.56
-5.0404,-4.5159
-5.0404,-4.1837
-5.0404,-5.4441
-5.0404,-5.0663
4.1087,4.4964
4.1087,3.185
4.1087,4.437
4.1087,4.9971
4.1087,4.1395
4.1087,3.835
4.1087,3.7211
4.1087,5.0695
4.1087,3.8257
4.1087,3.4585
4.1087,4.6514
4.1087,3.3872
4.1087,3.833
4.1087,4.4632
4.1087,4.259
4.1087,4.8081
4.1087,4.7787
-3.6752,-3.3844
-3.6752,-3.6987
-3.6752,-3.9308
-3.6752,-3.1722
-3.6752,-3.3252
-3.6752,-4.4125
-3.6752,-4.2105
-3.6752,-4.3217
-3.6752,-3.4887
-3.6752,-2.9603
-3.6752,-2.8691
-3.6752,-3.7968
-3.6752,-4.5159
-3.6752,-4.157
-3.6752,-4.1837
-3.6752,-3.8969
-2.1347,-2.7789
-2.1347,-2.5657
-2.1347,-1.9362
-2.1347,-2.8172
3.0356,3.5893
3.0356,3.185
3.0356,2.7017
3.0356,3.8257
3.0356,3.4585
3.0356,3.833
-5.9284,-6.0173
-5.9284,-5.2311
-5.9284,-5.5935
-5.9284,-5.4286
4.8564,4.5549
4.8564,4.9801
4.8564,5.1531
4.8564,4.1987
4.8564,5.0714
4.8564,4.1404
4.8564,4.5275
4.8564,5.4026
4.8564,4.1683
4.8564,5.4078
4.8564,4.6519
-3.9728,-3.3868
-3.9728,-3.6731
-3.9728,-4.4501
-3.9728,-3.3615
-3.9728,-4.036
-3.9728,-4.56
-3.9728,-4.5073
-3.9728,-4.1837
3.5893,3.0356
3.5893,3.7119
3.5893,4.3143
3.5893,3.8257
3.5893,3.4585
3.5893,3.833
3.5893,4.259
-2.0762,-2.6073
-2.0762,-2.0193
-2.0762,-2.9603
-2.0762,-2.5465
-4.421,-4.7451
-4.421,-4.3045
-4.421,-4.7931
-4.421,-3.6987
-4.421,-3.6152
-4.421,-4.4125
-4.421,-4.2105
-4.421,-4.7846
-4.421,-3.8399
-4.421,-4.253
-4.421,-4.157
-4.421,-5.0224
-4.421,-3.8969
-4.421,-5.0126
4.9801,4.5549
4.9801,5.1788
4.9801,4.8564
4.9801,5.887
4.9801,4.1987
4.9801,5.0714
4.9801,4.3207
4.9801,4.1404
4.9801,4.5275
4.9801,4.7766
4.9801,5.4026
4.9801,5.9297
4.9801,4.8092
4.9801,5.5527
4.9801,5.4078
4.9801,4.6519
5.887,5.1788
5.887,4.9801
5.887,5.5858
5.887,5.0714
5.887,5.9927
5.887,5.4026
5.887,5.9297
5.887,6.6562
5.887,5.5527
5.887,5.4078
5.887,6.1633
3.185,2.7766
3.185,3.1576
3.185,4.1087
3.185,3.0356
3.185,3.5133
3.185,2.7017
3.185,3.835
3.185,3.7211
3.185,3.4585
3.185,3.3872
3.185,3.833
5.1531,4.8564
5.1531,6.0251
5.1531,5.4078
5.1531,4.6519
4.437,5.2035
4.437,4.4964
4.437,4.1087
4.437,4.9971
4.437,5.1147
4.437,4.1395
4.437,3.835
4.437,4.3207
4.437,3.7211
4.437,4.7766
4.437,5.0695
4.437,3.833
4.437,3.9348
4.437,4.4632
4.437,4.8092
4.437,4.1998
4.437,4.53
4.437,4.8081
4.437,4.7787
-3.3868,-3.9728
-3.3868,-3.6731
-3.3868,-2.8466
-3.3868,-3.3615
-3.3868,-3.2957
-3.3868,-4.036
-3.3868,-3.7968
-3.3868,-2.7447
2.9283,2.7766
2.9283,2.5808
2.9283,3.1576
2.9283,3.5133
2.9283,2.2838
2.9283,3.3872
2.9283,3.4158
2.9283,3.8204
2.9283,3.1727
-3.3844,-2.6073
-3.3844,-3.6752
-3.3844,-3.1348
-3.3844,-3.6987
-3.3844,-3.1722
-3.3844,-3.3252
-3.3844,-3.6152
-3.3844,-4.2105
-3.3844,-3.8399
-3.3844,-2.9603
-3.3844,-4.157
-3.3844,-3.1083
-3.3844,-3.8969
-3.3844,-2.5465
6.0251,5.1531
6.0251,5.4026
6.0251,5.9297
6.0251,6.6562
6.0251,5.4078
6.7624,6.6033
6.7624,6.2649
6.7624,6.7983
6.7624,6.1156
6.7624,6.4561
6.7624,5.773
-2.5521,-3.091
-2.5521,-3.1348
-2.5521,-3.1083
-2.5521,-2.5465
4.9971,5.2035
4.9971,5.5812
4.9971,4.4964
4.9971,4.1087
4.9971,4.437
4.9971,5.5135
4.9971,5.4095
4.9971,5.1944
4.9971,5.8457
4.9971,5.0695
4.9971,4.6514
4.9971,4.4632
4.9971,4.259
4.9971,4.9105
4.9971,5.5195
4.9971,4.8081
4.9971,4.7787
-5.6003,-4.947
-5.6003,-5.0404
-5.6003,-4.8657
-5.6003,-5.8183
-5.6003,-4.6969
-5.6003,-5.3712
-5.6003,-6.4959
-5.6003,-5.9201
-5.6003,-5.1078
-5.6003,-5.241
-5.6003,-5.9649
-5.6003,-5.4441
-5.2121,-4.8786
-5.2121,-4.9941
-5.2121,-5.3509
-5.2121,-4.2822
-5.2121,-4.6029
-5.2121,-5.4823
-5.2121,-6.0579
-3.7256,-2.8013
-3.7256,-4.6696
-3.7256,-4.0532
-3.7256,-3.4402
-3.1348,-2.6073
-3.1348,-3.3844
-3.1348,-2.5521
-3.1348,-3.6987
-3.1348,-3.3252
-3.1348,-3.6152
-3.1348,-3.8399
-3.1348,-2.9603
-3.1348,-3.1083
-3.1348,-3.8969
-3.1348,-2.5465
6.2649,6.6033
6.2649,5.5812
6.2649,6.7624
6.2649,5.5135
6.2649,5.4095
6.2649,5.8457
6.2649,6.1156
6.2649,6.4561
6.2649,6.0405
6.2649,5.773
-3.1675,-3.6411
-3.1675,-3.4
-3.1675,-2.6243
-3.1675,-3.8182
-3.1675,-2.8252
-3.1675,-3.2238
-3.1675,-3.9277
-3.1675,-2.5657
-3.1675,-3.0399
-3.1675,-3.4402
5.5858,5.2035
5.5858,5.1788
5.5858,5.887
5.5858,5.5135
5.5858,5.0714
5.5858,5.1147
5.5858,5.9927
5.5858,6.1156
5.5858,4.7766
5.5858,5.4026
5.5858,5.0695
5.5858,5.5246
5.5858,6.4561
5.5858,4.8092
5.5858,5.5527
5.5858,5.773
5.5858,6.1633
5.5858,4.7787
-5.6989,-4.947
-5.6989,-5.9649
-5.6989,-5.4441
-5.6989,-5.0663
-4.7931,-4.7451
-4.7931,-4.3045
-4.7931,-4.421
-4.7931,-4.4125
-4.7931,-5.3753
-4.7931,-4.2105
-4.7931,-4.7846
-4.7931,-5.5935
-4.7931,-3.8399
-4.7931,-4.253
-4.7931,-5.1078
-4.7931,-5.4286
-4.7931,-4.5159
-4.7931,-4.157
-4.7931,-5.0224
-4.7931,-3.8969
-4.7931,-5.0126
-3.6987,-3.6752
-3.6987,-4.421
-3.6987,-3.3844
-3.6987,-3.1348
-3.6987,-3.9308
-3.6987,-3.3252
-3.6987,-3.6152
-3.6987,-4.4125
-3.6987,-4.2105
-3.6987,-3.8399
-3.6987,-4.253
-3.6987,-2.9603
-3.6987,-4.157
-3.6987,-3.1083
-3.6987,-3.8969
4.8615,5.417
4.8615,5.1944
4.8615,4.3143
4.8615,4.6514
4.8615,4.9105
4.8615,5.5195
4.8615,4.4062
-4.0532,-4.5758
-4.0532,-3.4
-4.0532,-4.6696
-4.0532,-3.7256
-4.0532,-3.9277
-4.0532,-4.6079
-4.0532,-3.4402
4.1987,4.5549
4.1987,4.8564
4.1987,4.9801
4.1987,5.0714
4.1987,4.3207
4.1987,4.1404
4.1987,4.5275
4.1987,4.7766
4.1987,3.7755
4.1987,4.1683
4.1987,3.9348
4.1987,3.4158
4.1987,3.5822
4.1987,3.8204
4.1987,4.8092
4.1987,4.1998
4.1987,4.53
3.5133,2.7766
3.5133,3.1576
3.5133,3.185
3.5133,2.9283
3.5133,4.1395
3.5133,3.835
3.5133,4.3207
3.5133,3.7211
3.5133,3.7755
3.5133,3.3872
3.5133,3.9348
3.5133,3.4158
3.5133,3.8204
3.5133,4.1998
3.5133,3.1727
5.417,4.8615
5.417,6.1376
5.417,4.9105
5.417,5.5195
-2.7789,-2.1347
-2.7789,-3.4009
-2.7789,-3.2238
-2.7789,-3.434
-2.7789,-2.5657
-2.7789,-2.8172
-2.7789,-3.0399
5.5135,5.2035
5.5135,5.5812
5.5135,4.9971
5.5135,6.2649
5.5135,5.5858
5.5135,5.4095
5.5135,5.1147
5.5135,5.9927
5.5135,5.1944
5.5135,5.8457
5.5135,6.1156
5.5135,5.0695
5.5135,5.5246
5.5135,5.773
5.5135,4.8081
5.5135,4.7787
-4.9941,-4.5758
-4.9941,-4.8786
-4.9941,-5.2121
-4.9941,-4.268
-4.9941,-4.2822
-4.9941,-5.4823
-4.9941,-5.9047
-4.9941,-4.6079
-4.9941,-5.2287
2.7017,2.7766
2.7017,3.0356
2.7017,3.185
2.7017,3.4585
2.7017,3.3872
5.0714,4.5549
5.0714,5.1788
5.0714,4.8564
5.0714,4.9801
5.0714,5.887
5.0714,5.5858
5.0714,4.1987
5.0714,5.1147
5.0714,4.3207
5.0714,4.5275
5.0714,4.7766
5.0714,5.4026
5.0714,5.9297
5.0714,4.8092
5.0714,5.5527
5.0714,5.4078
5.0714,4.53
-3.9308,-4.7451
-3.9308,-3.6752
-3.9308,-3.6987
-3.9308,-4.8657
-3.9308,-3.1722
-3.9308,-3.6731
-3.9308,-3.3252
-3.9308,-4.6969
-3.9308,-4.4125
-3.9308,-4.2105
-3.9308,-4.3217
-3.9308,-3.4887
-3.9308,-3.2957
-3.9308,-3.7968
-3.9308,-4.5159
-3.9308,-4.157
-3.9308,-4.1837
-3.9308,-3.8969
5.4095,5.2035
5.4095,5.5812
5.4095,4.4964
5.4095,4.9971
5.4095,6.2649
5.4095,5.5135
5.4095,5.1944
5.4095,5.8457
5.4095,6.1156
5.4095,5.0695
5.4095,5.5246
5.4095,4.6514
5.4095,4.4632
5.4095,5.5195
5.4095,6.0405
5.4095,5.773
5.4095,4.8081
5.4095,4.7787
-2.8252,-2.8013
-2.8252,-3.4
-2.8252,-2.6243
-2.8252,-3.1675
-2.8252,-2.1761
-2.8252,-3.4402
-4.8657,-4.7451
-4.8657,-5.0404
-4.8657,-5.6003
-4.8657,-3.9308
-4.8657,-4.6969
-4.8657,-5.3712
-4.8657,-4.4125
-4.8657,-5.3753
-4.8657,-4.3217
-4.8657,-5.1078
-4.8657,-5.241
-4.8657,-4.56
-4.8657,-4.5159
-4.8657,-4.157
-4.8657,-5.0224
-4.8657,-4.1837
-5.8183,-5.6003
-5.8183,-6.0173
-5.8183,-5.3712
-5.8183,-5.3753
-5.8183,-5.9201
-5.8183,-5.5935
-5.8183,-5.1078
-5.8183,-5.241
-5.8183,-6.497
-5.8183,-5.0224
-5.8183,-6.1217
5.1147,5.2035
5.1147,5.1788
5.1147,4.437
5.1147,5.5858
5.1147,5.5135
5.1147,5.0714
5.1147,5.9927
5.1147,4.3207
5.1147,4.5275
5.1147,4.7766
5.1147,5.0695
5.1147,5.5246
5.1147,4.4632
5.1147,4.8092
5.1147,4.1998
5.1147,5.5527
5.1147,5.773
5.1147,4.53
5.1147,4.8081
5.1147,4.7787
-5.3509,-4.8786
-5.3509,-5.2121
-5.3509,-4.5872
-5.3509,-4.6029
-5.3509,-6.0579
-3.4009,-3.6411
-3.4009,-2.7789
-3.4009,-3.2238
-3.4009,-4.0582
-3.4009,-3.434
-3.4009,-2.5657
-3.4009,-4.1772
-3.4009,-2.8172
-3.4009,-3.0399
-3.4009,-3.78
-6.0173,-5.9284
-6.0173,-5.8183
-6.0173,-5.3753
-6.0173,-5.5935
-6.0173,-6.6896
-6.0173,-5.4286
-6.0173,-6.1217
2.2838,2.7766
2.2838,2.5808
2.2838,3.1576
2.2838,2.9283
4.1395,4.4964
4.1395,4.1087
4.1395,4.437
4.1395,3.5133
4.1395,3.835
4.1395,4.3207
4.1395,3.7211
4.1395,5.0695
4.1395,3.3872
4.1395,3.833
4.1395,3.9348
4.1395,4.4632
4.1395,3.8204
4.1395,4.8092
4.1395,4.1998
4.1395,4.53
4.1395,4.8081
4.1395,4.7787
3.7119,3.5893
3.7119,4.3143
3.7119,3.8257
3.7119,4.4062
5.9927,5.2035
5.9927,5.1788
5.9927,5.887
5.9927,5.5858
5.9927,5.5135
5.9927,5.1147
5.9927,6.7983
5.9927,6.1156
5.9927,5.5246
5.9927,6.4561
5.9927,5.5527
5.9927,5.773
5.9927,6.1633
3.835,3.1576
3.835,4.1087
3.835,3.185
3.835,4.437
3.835,3.5133
3.835,4.1395
3.835,4.3207
3.835,3.7211
3.835,3.4585
3.835,3.3872
3.835,3.833
3.835,3.9348
3.835,3.4158
3.835,4.4632
3.835,3.8204
3.835,4.1998
3.835,4.53
3.835,4.7787
4.3207,4.5549
4.3207,5.1788
4.3207,4.9801
4.3207,4.437
4.3207,4.1987
4.3207,3.5133
4.3207,5.0714
4.3207,5.1147
4.3207,4.1395
4.3207,3.835
4.3207,4.1404
4.3207,4.5275
4.3207,4.7766
4.3207,3.7755
4.3207,3.9348
4.3207,3.4158
4.3207,3.8204
4.3207,4.8092
4.3207,4.1998
4.3207,4.53
4.3207,4.7787
5.1944,5.5812
5.1944,4.4964
5.1944,4.9971
5.1944,4.8615
5.1944,5.5135
5.1944,5.4095
5.1944,5.8457
5.1944,4.3143
5.1944,5.0695
5.1944,4.6514
5.1944,4.259
5.1944,4.9105
5.1944,5.5195
5.1944,6.0405
5.1944,4.8081
-3.1722,-2.6073
-3.1722,-3.6752
-3.1722,-3.3844
-3.1722,-3.9308
-3.1722,-3.6731
-3.1722,-3.3252
-3.1722,-2.8466
-3.1722,-3.4887
-3.1722,-3.2957
-3.1722,-2.9603
-3.1722,-2.8691
-3.1722,-3.7968
-3.1722,-2.4504
-3.1722,-3.8969
-3.6731,-3.9728
-3.6731,-3.3868
-3.6731,-3.9308
-3.6731,-3.1722
-3.6731,-4.4501
-3.6731,-2.8466
-3.6731,-4.3217
-3.6731,-3.4887
-3.6731,-3.2957
-3.6731,-4.036
-3.6731,-3.7968
-3.6731,-4.56
-3.6731,-4.1837
-3.6731,-2.7447
-2.0193,-2.6073
-2.0193,-2.0762
-2.0193,-2.8691
-2.0193,-2.4504
-3.2238,-3.6411
-3.2238,-2.6243
-3.2238,-3.8182
-3.2238,-3.1675
-3.2238,-2.7789
-3.2238,-3.4009
-3.2238,-3.434
-3.2238,-2.5657
-3.2238,-4.1772
-3.2238,-3.0399
-3.2238,-3.78
6.7983,6.7624
6.7983,5.9927
6.7983,6.4561
6.7983,6.6562
6.7983,6.1633
-3.3252,-2.6073
-3.3252,-3.6752
-3.3252,-3.3844
-3.3252,-3.1348
-3.3252,-3.6987
-3.3252,-3.9308
-3.3252,-3.1722
-3.3252,-4.2105
-3.3252,-3.4887
-3.3252,-2.9603
-3.3252,-2.8691
-3.3252,-3.7968
-3.3252,-4.157
-3.3252,-3.8969
-3.3252,-2.5465
-4.5872,-5.3509
-4.5872,-4.0582
-4.5872,-4.6029
-4.5872,-4.1772
-4.5872,-3.8066
-5.2311,-4.3045
-5.2311,-5.9284
-5.2311,-4.722
-5.2311,-4.7846
-5.2311,-5.4286
-5.2311,-5.0126
5.8457,5.2035
5.8457,6.6033
5.8457,5.5812
5.8457,4.9971
5.8457,6.2649
5.8457,5.5135
5.8457,5.4095
5.8457,5.1944
5.8457,6.1156
5.8457,5.0695
5.8457,5.5246
5.8457,5.5195
5.8457,6.0405
5.8457,5.773
-4.0582,-3.4009
-4.0582,-4.5872
-4.0582,-3.434
-4.0582,-4.2822
-4.0582,-4.6029
-4.0582,-4.1772
-4.0582,-3.78
-4.0582,-3.8066
-4.6969,-4.7451
-4.6969,-4.947
-4.6969,-5.0404
-4.6969,-5.6003
-4.6969,-3.9308
-4.6969,-4.8657
-4.6969,-5.3712
-4.6969,-4.4501
-4.6969,-4.3217
-4.6969,-5.1078
-4.6969,-5.241
-4.6969,-4.036
-4.6969,-3.7968
-4.6969,-4.56
-4.6969,-4.5159
-4.6969,-4.157
-4.6969,-4.1837
-4.6969,-5.4441
-5.3712,-4.7451
-5.3712,-5.0404
-5.3712,-5.6003
-5.3712,-4.8657
-5.3712,-5.8183
-5.3712,-4.6969
-5.3712,-5.3753
-5.3712,-5.9201
-5.3712,-5.5935
-5.3712,-5.1078
-5.3712,-5.241
-5.3712,-4.5159
-5.3712,-5.0224
-5.3712,-6.1217
2.9862,2.5808
2.9862,3.5871
2.9862,3.5822
2.9862,3.1727
-3.6152,-3.091
-3.6152,-4.3045
-3.6152,-4.421
-3.6152,-3.3844
-3.6152,-3.1348
-3.6152,-3.6987
-3.6152,-4.2105
-3.6152,-3.8399
-3.6152,-4.253
-3.6152,-3.8564
-3.6152,-3.1083
-3.6152,-3.8969
4.1404,4.5549
4.1404,3.5871
4.1404,4.8564
4.1404,4.9801
4.1404,4.1987
4.1404,4.3207
4.1404,4.5275
4.1404,4.7766
4.1404,3.7755
4.1404,4.1683
4.1404,3.5822
4.1404,3.8204
4.1404,4.6519
-4.4125,-4.7451
-4.4125,-3.6752
-4.4125,-4.421
-4.4125,-4.7931
-4.4125,-3.6987
-4.4125,-3.9308
-4.4125,-4.8657
-4.4125,-5.3753
-4.4125,-4.2105
-4.4125,-4.3217
-4.4125,-3.8399
-4.4125,-4.253
-4.4125,-5.1078
-4.4125,-4.5159
-4.4125,-4.157
-4.4125,-5.0224
-4.4125,-3.8969
-4.4125,-5.0126
4.5275,4.5549
4.5275,5.1788
4.5275,4.8564
4.5275,4.9801
4.5275,4.1987
4.5275,5.0714
4.5275,5.1147
4.5275,4.3207
4.5275,4.1404
4.5275,4.7766
4.5275,5.4026
4.5275,3.7755
4.5275,3.9348
4.5275,3.8204
4.5275,4.8092
4.5275,4.1998
4.5275,4.53
3.7211,2.7766
3.7211,3.1576
3.7211,4.4964
3.7211,4.1087
3.7211,3.185
3.7211,4.437
3.7211,3.5133
3.7211,4.1395
3.7211,3.835
3.7211,3.8257
3.7211,3.4585
3.7211,3.3872
3.7211,3.833
3.7211,3.9348
3.7211,4.4632
3.7211,4.259
4.3143,4.4964
4.3143,3.5893
4.3143,4.8615
4.3143,3.7119
4.3143,5.1944
4.3143,3.8257
4.3143,4.6514
4.3143,3.833
4.3143,4.259
4.3143,4.9105
4.3143,4.4062
-4.4501,-4.947
-4.4501,-5.0404
-4.4501,-3.9728
-4.4501,-3.6731
-4.4501,-4.6969
-4.4501,-4.036
-4.4501,-4.56
-4.4501,-4.5073
-4.4501,-4.1837
-4.4501,-5.0663
-2.8466,-3.3868
-2.8466,-3.1722
-2.8466,-3.6731
-2.8466,-3.4887
-2.8466,-3.2957
-2.8466,-2.8691
-2.8466,-2.7447
-2.8466,-2.4504
-6.4959,-5.6003
-6.4959,-5.9201
-6.4959,-5.9649
-6.4959,-6.497
-5.3753,-4.7451
-5.3753,-4.7931
-5.3753,-4.8657
-5.3753,-5.8183
-5.3753,-6.0173
-5.3753,-5.3712
-5.3753,-4.4125
-5.3753,-5.9201
-5.3753,-5.5935
-5.3753,-5.1078
-5.3753,-5.241
-5.3753,-5.4286
-5.3753,-5.0224
-5.3753,-6.1217
-5.3753,-5.0126
6.1376,6.6033
6.1376,5.5812
6.1376,5.417
6.1376,5.5195
6.1376,6.0405
6.1156,5.2035
6.1156,6.7624
6.1156,6.2649
6.1156,5.5858
6.1156,5.5135
6.1156,5.4095
6.1156,5.9927
6.1156,5.8457
6.1156,5.5246
6.1156,6.4561
6.1156,5.773
6.1156,6.1633
-4.2105,-4.7451
-4.2105,-3.6752
-4.2105,-4.421
-4.2105,-3.3844
-4.2105,-4.7931
-4.2105,-3.6987
-4.2105,-3.9308
-4.2105,-3.3252
-4.2105,-3.6152
-4.2105,-4.4125
-4.2105,-3.8399
-4.2105,-4.253
-4.2105,-4.5159
-4.2105,-4.157
-4.2105,-5.0224
-4.2105,-3.8969
-4.2105,-5.0126
-4.722,-4.3045
-4.722,-5.2311
-4.722,-4.7846
-4.722,-3.8564
-4.722,-3.9459
4.7766,5.2035
4.7766,4.5549
4.7766,5.1788
4.7766,4.9801
4.7766,4.437
4.7766,5.5858
4.7766,4.1987
4.7766,5.0714
4.7766,5.1147
4.7766,4.3207
4.7766,4.1404
4.7766,4.5275
4.7766,5.4026
4.7766,5.5246
4.7766,3.9348
4.7766,3.8204
4.7766,4.8092
4.7766,4.1998
4.7766,5.5527
4.7766,4.53
4.7766,4.7787
-3.3615,-3.9728
-3.3615,-3.3868
-3.3615,-2.7447
5.4026,4.5549
5.4026,5.1788
5.4026,4.8564
5.4026,4.9801
5.4026,5.887
5.4026,6.0251
5.4026,5.5858
5.4026,5.0714
5.4026,4.5275
5.4026,4.7766
5.4026,5.9297
5.4026,5.5527
5.4026,5.4078
5.4026,6.1633
-4.7846,-4.3045
-4.7846,-4.421
-4.7846,-4.7931
-4.7846,-5.2311
-4.7846,-4.722
-4.7846,-3.8399
-4.7846,-4.253
-4.7846,-3.8564
-4.7846,-5.4286
-4.7846,-5.0224
-4.7846,-5.0126
-3.9277,-4.5758
-3.9277,-3.6411
-3.9277,-3.4
-3.9277,-3.8182
-3.9277,-3.1675
-3.9277,-4.0532
-3.9277,-4.268
-3.9277,-4.6079
-3.9277,-3.4402
-4.3217,-4.7451
-4.3217,-5.0404
-4.3217,-3.6752
-4.3217,-3.9308
-4.3217,-4.8657
-4.3217,-3.6731
-4.3217,-4.6969
-4.3217,-4.4125
-4.3217,-3.4887
-4.3217,-5.1078
-4.3217,-5.241
-4.3217,-4.036
-4.3217,-3.7968
-4.3217,-4.56
-4.3217,-4.5159
-4.3217,-4.157
-4.3217,-4.1837
-4.3217,-3.8969
-3.4887,-3.6752
-3.4887,-3.9308
-3.4887,-3.1722
-3.4887,-3.6731
-3.4887,-3.3252
-3.4887,-2.8466
-3.4887,-4.3217
-3.4887,-3.2957
-3.4887,-2.9603
-3.4887,-2.8691
-3.4887,-4.036
-3.4887,-3.7968
-3.4887,-4.157
-3.4887,-4.1837
-3.4887,-3.8969
5.0695,5.2035
5.0695,5.5812
5.0695,4.4964
5.0695,4.1087
5.0695,4.437
5.0695,4.9971
5.0695,5.5858
5.0695,5.5135
5.0695,5.4095
5.0695,5.1147
5.0695,4.1395
5.0695,5.1944
5.0695,5.8457
5.0695,5.5246
5.0695,4.6514
5.0695,4.4632
5.0695,4.8092
5.0695,5.773
5.0695,4.53
5.0695,4.8081
5.0695,4.7787
3.8257,4.4964
3.8257,4.1087
3.8257,3.0356
3.8257,3.5893
3.8257,3.7119
3.8257,3.7211
3.8257,4.3143
3.8257,3.4585
3.8257,4.6514
3.8257,3.833
3.8257,4.259
-5.9201,-5.6003
-5.9201,-5.8183
-5.9201,-5.3712
-5.9201,-6.4959
-5.9201,-5.3753
-5.9201,-5.1078
-5.9201,-5.241
-5.9201,-5.9649
-5.9201,-6.497
-5.9201,-6.1217
-5.9201,-5.4441
5.5246,5.2035
5.5246,5.1788
5.5246,5.5858
5.5246,5.5135
5.5246,5.4095
5.5246,5.1147
5.5246,5.9927
5.5246,5.8457
5.5246,6.1156
5.5246,4.7766
5.5246,5.0695
5.5246,6.4561
5.5246,4.8092
5.5246,5.5527
5.5246,5.773
5.5246,6.1633
5.5246,4.53
5.5246,4.7787
-5.5935,-4.7451
-5.5935,-5.9284
-5.5935,-4.7931
-5.5935,-5.8183
-5.5935,-6.0173
-5.5935,-5.3712
-5.5935,-5.3753
-5.5935,-5.1078
-5.5935,-5.4286
-5.5935,-5.0224
-5.5935,-6.1217
-5.5935,-5.0126
-4.268,-4.5758
-4.268,-3.6411
-4.268,-4.8786
-4.268,-3.8182
-4.268,-4.9941
-4.268,-3.9277
-4.268,-4.2822
-4.268,-4.1772
-4.268,-4.6079
-4.268,-3.78
3.4585,4.1087
3.4585,3.0356
3.4585,3.5893
3.4585,3.185
3.4585,2.7017
3.4585,3.835
3.4585,3.7211
3.4585,3.8257
3.4585,3.3872
3.4585,3.833
3.4585,4.259
3.7755,4.5549
3.7755,3.5871
3.7755,4.1987
3.7755,3.5133
3.7755,4.3207
3.7755,4.1404
3.7755,4.5275
3.7755,4.1683
3.7755,3.9348
3.7755,3.4158
3.7755,3.5822
3.7755,3.8204
3.7755,4.1998
3.7755,3.1727
-3.8399,-4.3045
-3.8399,-4.421
-3.8399,-3.3844
-3.8399,-3.1348
-3.8399,-4.7931
-3.8399,-3.6987
-3.8399,-3.6152
-3.8399,-4.4125
-3.8399,-4.2105
-3.8399,-4.7846
-3.8399,-4.253
-3.8399,-3.8564
-3.8399,-3.1083
-3.8399,-3.8969
-3.2957,-3.3868
-3.2957,-3.9308
-3.2957,-3.1722
-3.2957,-3.6731
-3.2957,-2.8466
-3.2957,-3.4887
-3.2957,-2.8691
-3.2957,-4.036
-3.2957,-3.7968
-3.2957,-4.1837
-3.2957,-2.7447
-3.2957,-2.4504
-4.253,-4.3045
-4.253,-4.421
-4.253,-4.7931
-4.253,-3.6987
-4.253,-3.6152
-4.253,-4.4125
-4.253,-4.2105
-4.253,-4.7846
-4.253,-3.8399
-4.253,-3.8564
-4.253,-3.8969
-4.253,-5.0126
-6.6896,-6.0173
-6.6896,-6.497
-6.6896,-6.1217
4.1683,4.5549
4.1683,3.5871
4.1683,4.8564
4.1683,4.1987
4.1683,4.1404
4.1683,3.7755
4.1683,4.0593
4.1683,3.5822
4.1683,4.6519
5.9297,4.9801
5.9297,5.887
5.9297,6.0251
5.9297,5.0714
5.9297,5.4026
5.9297,6.6562
5.9297,5.5527
5.9297,5.4078
5.9297,6.1633
-2.9603,-2.6073
-2.9603,-3.6752
-2.9603,-2.0762
-2.9603,-3.3844
-2.9603,-3.1348
-2.9603,-3.6987
-2.9603,-3.1722
-2.9603,-3.3252
-2.9603,-3.4887
-2.9603,-2.8691
-2.9603,-3.8969
-2.9603,-2.5465
6.4561,6.7624
6.4561,6.2649
6.4561,5.5858
6.4561,5.9927
6.4561,6.7983
6.4561,6.1156
6.4561,5.5246
6.4561,5.773
6.4561,6.1633
-2.1761,-2.8013
-2.1761,-2.6243
-2.1761,-2.8252
-2.1761,-1.9362
-5.1078,-4.7451
-5.1078,-5.0404
-5.1078,-5.6003
-5.1078,-4.7931
-5.1078,-4.8657
-5.1078,-5.8183
-5.1078,-4.6969
-5.1078,-5.3712
-5.1078,-4.4125
-5.1078,-5.3753
-5.1078,-4.3217
-5.1078,-5.9201
-5.1078,-5.5935
-5.1078,-5.241
-5.1078,-4.5159
-5.1078,-4.157
-5.1078,-5.0224
-5.241,-4.7451
-5.241,-4.947
-5.241,-5.0404
-5.241,-5.6003
-5.241,-4.8657
-5.241,-5.8183
-5.241,-4.6969
-5.241,-5.3712
-5.241,-5.3753
-5.241,-4.3217
-5.241,-5.9201
-5.241,-5.1078
-5.241,-5.9649
-5.241,-4.56
-5.241,-4.5159
-5.241,-5.4441
6.6562,5.887
6.6562,6.0251
6.6562,6.7983
6.6562,5.9297
6.6562,6.1633
-3.8564,-3.091
-3.8564,-4.3045
-3.8564,-3.6152
-3.8564,-4.722
-3.8564,-4.7846
-3.8564,-3.8399
-3.8564,-4.253
-3.8564,-3.1083
-3.8564,-3.9459
4.6514,5.5812
4.6514,4.4964
4.6514,4.1087
4.6514,4.9971
4.6514,4.8615
4.6514,5.4095
4.6514,5.1944
4.6514,4.3143
4.6514,5.0695
4.6514,3.8257
4.6514,3.833
4.6514,4.4632
4.6514,4.259
4.6514,4.9105
4.6514,5.5195
4.6514,4.8081
3.3872,2.7766
3.3872,3.1576
3.3872,4.1087
3.3872,3.185
3.3872,2.9283
3.3872,3.5133
3.3872,2.7017
3.3872,4.1395
3.3872,3.835
3.3872,3.7211
3.3872,3.4585
3.3872,3.833
3.3872,3.9348
3.3872,3.4158
-2.8691,-2.6073
-2.8691,-3.6752
-2.8691,-3.1722
-2.8691,-2.0193
-2.8691,-3.3252
-2.8691,-2.8466
-2.8691,-3.4887
-2.8691,-3.2957
-2.8691,-2.9603
-2.8691,-3.7968
-2.8691,-2.4504
-4.036,-4.947
-4.036,-3.9728
-4.036,-3.3868
-4.036,-3.6731
-4.036,-4.6969
-4.036,-4.4501
-4.036,-4.3217
-4.036,-3.4887
-4.036,-3.2957
-4.036,-3.7968
-4.036,-4.56
-4.036,-4.1837
3.833,4.4964
3.833,4.1087
3.833,3.0356
3.833,3.5893
3.833,3.185
3.833,4.437
3.833,4.1395
3.833,3.835
3.833,3.7211
3.833,4.3143
3.833,3.8257
3.833,3.4585
3.833,4.6514
3.833,3.3872
3.833,4.4632
3.833,4.259
-5.4286,-5.9284
-5.4286,-4.7931
-5.4286,-6.0173
-5.4286,-5.2311
-5.4286,-5.3753
-5.4286,-4.7846
-5.4286,-5.5935
-5.4286,-5.0224
-5.4286,-5.0126
-5.9649,-5.0404
-5.9649,-5.6003
-5.9649,-5.6989
-5.9649,-6.4959
-5.9649,-5.9201
-5.9649,-5.241
-5.9649,-6.497
-5.9649,-5.4441
3.9348,3.1576
3.9348,4.437
3.9348,4.1987
3.9348,3.5133
3.9348,4.1395
3.9348,3.835
3.9348,4.3207
3.9348,4.5275
3.9348,3.7211
3.9348,4.7766
3.9348,3.7755
3.9348,3.3872
3.9348,3.4158
3.9348,4.4632
3.9348,3.8204
3.9348,4.8092
3.9348,4.1998
3.9348,4.53
3.9348,4.7787
3.4158,2.5808
3.4158,3.1576
3.4158,2.9283
3.4158,4.1987
3.4158,3.5133
3.4158,3.835
3.4158,4.3207
3.4158,3.7755
3.4158,3.3872
3.4158,3.9348
3.4158,3.5822
3.4158,3.8204
3.4158,4.1998
3.4158,3.1727
-3.434,-2.7789
-3.434,-3.4009
-3.434,-3.2238
-3.434,-4.0582
-3.434,-4.1772
-3.434,-2.8172
-3.434,-3.78
-3.434,-3.8066
-2.5657,-2.6243
-2.5657,-2.1347
-2.5657,-3.1675
-2.5657,-2.7789
-2.5657,-3.4009
-2.5657,-3.2238
-2.5657,-1.9362
-2.5657,-3.0399
4.4632,5.2035
4.4632,4.4964
4.4632,4.1087
4.4632,4.437
4.4632,4.9971
4.4632,5.4095
4.4632,5.1147
4.4632,4.1395
4.4632,3.835
4.4632,3.7211
4.4632,5.0695
4.4632,4.6514
4.4632,3.833
4.4632,3.9348
4.4632,4.259
4.4632,4.8092
4.4632,4.1998
4.4632,4.53
4.4632,4.8081
4.4632,4.7787
4.0593,3.5871
4.0593,4.1683
4.0593,4.6519
-3.7968,-3.6752
-3.7968,-3.3868
-3.7968,-3.9308
-3.7968,-3.1722
-3.7968,-3.6731
-3.7968,-3.3252
-3.7968,-4.6969
-3.7968,-4.3217
-3.7968,-3.4887
-3.7968,-3.2957
-3.7968,-2.8691
-3.7968,-4.036
-3.7968,-4.56
-3.7968,-4.5159
-3.7968,-4.157
-3.7968,-4.1837
-6.497,-5.8183
-6.497,-6.4959
-6.497,-5.9201
-6.497,-6.6896
-6.497,-5.9649
-6.497,-6.1217
-4.2822,-3.6411
-4.2822,-4.8786
-4.2822,-3.8182
-4.2822,-5.2121
-4.2822,-4.9941
-4.2822,-4.0582
-4.2822,-4.268
-4.2822,-4.6029
-4.2822,-4.1772
-4.2822,-4.6079
-4.2822,-3.78
-4.6029,-4.8786
-4.6029,-5.2121
-4.6029,-5.3509
-4.6029,-4.5872
-4.6029,-4.0582
-4.6029,-4.2822
-4.6029,-4.1772
-4.6029,-3.78
-1.9362,-2.6243
-1.9362,-2.1347
-1.9362,-2.1761
-1.9362,-2.5657
-4.56,-4.947
-4.56,-5.0404
-4.56,-3.9728
-4.56,-4.8657
-4.56,-3.6731
-4.56,-4.6969
-4.56,-4.4501
-4.56,-4.3217
-4.56,-5.241
-4.56,-4.036
-4.56,-3.7968
-4.56,-4.5159
-4.56,-4.1837
-4.56,-5.4441
-4.5159,-4.7451
-4.5159,-5.0404
-4.5159,-3.6752
-4.5159,-4.7931
-4.5159,-3.9308
-4.5159,-4.8657
-4.5159,-4.6969
-4.5159,-5.3712
-4.5159,-4.4125
-4.5159,-4.2105
-4.5159,-4.3217
-4.5159,-5.1078
-4.5159,-5.241
-4.5159,-3.7968
-4.5159,-4.56
-4.5159,-4.157
-4.5159,-5.0224
-4.5159,-4.1837
-4.5159,-3.8969
-4.1772,-3.6411
-4.1772,-4.8786
-4.1772,-3.8182
-4.1772,-3.4009
-4.1772,-3.2238
-4.1772,-4.5872
-4.1772,-4.0582
-4.1772,-4.268
-4.1772,-3.434
-4.1772,-4.2822
-4.1772,-4.6029
-4.1772,-3.78
3.5822,4.5549
3.5822,3.5871
3.5822,4.1987
3.5822,2.9862
3.5822,4.1404
3.5822,3.7755
3.5822,4.1683
3.5822,3.4158
3.5822,3.8204
3.5822,3.1727
4.259,4.4964
4.259,4.1087
4.259,3.5893
4.259,4.9971
4.259,5.1944
4.259,3.7211
4.259,4.3143
4.259,3.8257
4.259,3.4585
4.259,4.6514
4.259,3.833
4.259,4.4632
4.259,4.9105
4.259,4.8081
3.8204,3.1576
3.8204,2.9283
3.8204,4.1987
3.8204,3.5133
3.8204,4.1395
3.8204,3.835
3.8204,4.3207
3.8204,4.1404
3.8204,4.5275
3.8204,4.7766
3.8204,3.7755
3.8204,3.9348
3.8204,3.4158
3.8204,3.5822
3.8204,4.1998
3.8204,3.1727
3.8204,4.53
-4.157,-4.7451
-4.157,-3.6752
-4.157,-4.421
-4.157,-3.3844
-4.157,-4.7931
-4.157,-3.6987
-4.157,-3.9308
-4.157,-4.8657
-4.157,-3.3252
-4.157,-4.6969
-4.157,-4.4125
-4.157,-4.2105
-4.157,-4.3217
-4.157,-3.4887
-4.157,-5.1078
-4.157,-3.7968
-4.157,-4.5159
-4.157,-5.0224
-4.157,-4.1837
-4.157,-3.8969
4.9105,5.5812
4.9105,4.4964
4.9105,4.9971
4.9105,4.8615
4.9105,5.417
4.9105,5.1944
4.9105,4.3143
4.9105,4.6514
4.9105,4.259
4.9105,5.5195
4.8092,5.2035
4.8092,5.1788
4.8092,4.9801
4.8092,4.437
4.8092,5.5858
4.8092,4.1987
4.8092,5.0714
4.8092,5.1147
4.8092,4.1395
4.8092,4.3207
4.8092,4.5275
4.8092,4.7766
4.8092,5.0695
4.8092,5.5246
4.8092,3.9348
4.8092,4.4632
4.8092,4.1998
4.8092,5.5527
4.8092,4.53
4.8092,4.8081
4.8092,4.7787
4.1998,4.437
4.1998,4.1987
4.1998,3.5133
4.1998,5.1147
4.1998,4.1395
4.1998,3.835
4.1998,4.3207
4.1998,4.5275
4.1998,4.7766
4.1998,3.7755
4.1998,3.9348
4.1998,3.4158
4.1998,4.4632
4.1998,3.8204
4.1998,4.8092
4.1998,4.53
4.1998,4.7787
5.5195,5.5812
5.5195,4.9971
5.5195,4.8615
5.5195,5.417
5.5195,5.4095
5.5195,5.1944
5.5195,5.8457
5.5195,6.1376
5.5195,4.6514
5.5195,4.9105
5.5195,6.0405
-5.0224,-4.7451
-5.0224,-4.421
-5.0224,-4.7931
-5.0224,-4.8657
-5.0224,-5.8183
-5.0224,-5.3712
-5.0224,-4.4125
-5.0224,-5.3753
-5.0224,-4.2105
-5.0224,-4.7846
-5.0224,-5.5935
-5.0224,-5.1078
-5.0224,-5.4286
-5.0224,-4.5159
-5.0224,-4.157
-5.0224,-5.0126
-4.5073,-4.947
-4.5073,-3.9728
-4.5073,-4.4501
-4.5073,-5.0663
3.1727,2.5808
3.1727,3.1576
3.1727,2.9283
3.1727,3.5133
3.1727,2.9862
3.1727,3.7755
3.1727,3.4158
3.1727,3.5822
3.1727,3.8204
-5.4823,-4.8786
-5.4823,-5.2121
-5.4823,-4.9941
-5.4823,-5.9047
-5.4823,-4.6079
-5.4823,-6.0579
-2.8172,-2.1347
-2.8172,-2.7789
-2.8172,-3.4009
-2.8172,-3.434
5.5527,5.2035
5.5527,5.1788
5.5527,4.9801
5.5527,5.887
5.5527,5.5858
5.5527,5.0714
5.5527,5.1147
5.5527,5.9927
5.5527,4.7766
5.5527,5.4026
5.5527,5.5246
5.5527,5.9297
5.5527,4.8092
5.5527,6.1633
-5.9047,-4.9941
-5.9047,-5.4823
-5.9047,-6.0579
-5.9047,-5.2287
-4.6079,-4.5758
-4.6079,-4.8786
-4.6079,-3.8182
-4.6079,-4.0532
-4.6079,-4.9941
-4.6079,-3.9277
-4.6079,-4.268
-4.6079,-4.2822
-4.6079,-5.4823
-4.6079,-5.2287
5.4078,4.5549
5.4078,4.8564
5.4078,4.9801
5.4078,5.887
5.4078,5.1531
5.4078,6.0251
5.4078,5.0714
5.4078,5.4026
5.4078,5.9297
5.4078,4.6519
6.0405,6.6033
6.0405,5.5812
6.0405,6.2649
6.0405,5.4095
6.0405,5.1944
6.0405,5.8457
6.0405,6.1376
6.0405,5.5195
-6.1217,-5.8183
-6.1217,-6.0173
-6.1217,-5.3712
-6.1217,-5.3753
-6.1217,-5.9201
-6.1217,-5.5935
-6.1217,-6.6896
-6.1217,-6.497
5.773,5.2035
5.773,6.7624
5.773,6.2649
5.773,5.5858
5.773,5.5135
5.773,5.4095
5.773,5.1147
5.773,5.9927
5.773,5.8457
5.773,6.1156
5.773,5.0695
5.773,5.5246
5.773,6.4561
5.773,4.7787
-6.0579,-5.2121
-6.0579,-5.3509
-6.0579,-5.4823
-6.0579,-5.9047
-4.1837,-4.947
-4.1837,-5.0404
-4.1837,-3.6752
-4.1837,-3.9728
-4.1837,-3.9308
-4.1837,-4.8657
-4.1837,-3.6731
-4.1837,-4.6969
-4.1837,-4.4501
-4.1837,-4.3217
-4.1837,-3.4887
-4.1837,-3.2957
-4.1837,-4.036
-4.1837,-3.7968
-4.1837,-4.56
-4.1837,-4.5159
-4.1837,-4.157
-5.4441,-4.947
-5.4441,-5.0404
-5.4441,-5.6003
-5.4441,-5.6989
-5.4441,-4.6969
-5.4441,-5.9201
-5.4441,-5.241
-5.4441,-5.9649
-5.4441,-4.56
-5.4441,-5.0663
-5.0663,-4.947
-5.0663,-5.0404
-5.0663,-5.6989
-5.0663,-4.4501
-5.0663,-4.5073
-5.0663,-5.4441
-3.0399,-3.6411
-3.0399,-3.4
-3.0399,-2.6243
-3.0399,-3.8182
-3.0399,-3.1675
-3.0399,-2.7789
-3.0399,-3.4009
-3.0399,-3.2238
-3.0399,-2.5657
-3.0399,-3.78
6.1633,5.1788
6.1633,5.887
6.1633,5.5858
6.1633,5.9927
6.1633,6.7983
6.1633,6.1156
6.1633,5.4026
6.1633,5.5246
6.1633,5.9297
6.1633,6.4561
6.1633,6.6562
6.1633,5.5527
-3.4402,-2.8013
-3.4402,-3.4
-3.4402,-3.7256
-3.4402,-3.1675
-3.4402,-4.0532
-3.4402,-2.8252
-3.4402,-3.9277
-2.7447,-3.3868
-2.7447,-3.6731
-2.7447,-2.8466
-2.7447,-3.3615
-2.7447,-3.2957
-2.7447,-2.4504
-3.1083,-3.091
-3.1083,-3.3844
-3.1083,-2.5521
-3.1083,-3.1348
-3.1083,-3.6987
-3.1083,-3.6152
-3.1083,-3.8399
-3.1083,-3.8564
-3.1083,-2.5465
-2.4504,-2.6073
-2.4504,-3.1722
-2.4504,-2.0193
-2.4504,-2.8466
-2.4504,-3.2957
-2.4504,-2.8691
-2.4504,-2.7447
4.53,5.2035
4.53,5.1788
4.53,4.437
4.53,4.1987
4.53,5.0714
4.53,5.1147
4.53,4.1395
4.53,3.835
4.53,4.3207
4.53,4.5275
4.53,4.7766
4.53,5.0695
4.53,5.5246
4.53,3.9348
4.53,4.4632
4.53,3.8204
4.53,4.8092
4.53,4.1998
4.53,4.8081
4.53,4.7787
-3.8969,-4.7451
-3.8969,-3.6752
-3.8969,-4.421
-3.8969,-3.3844
-3.8969,-3.1348
-3.8969,-4.7931
-3.8969,-3.6987
-3.8969,-3.9308
-3.8969,-3.1722
-3.8969,-3.3252
-3.8969,-3.6152
-3.8969,-4.4125
-3.8969,-4.2105
-3.8969,-4.3217
-3.8969,-3.4887
-3.8969,-3.8399
-3.8969,-4.253
-3.8969,-2.9603
-3.8969,-4.5159
-3.8969,-4.157
4.4062,4.8615
4.4062,3.7119
4.4062,4.3143
-3.78,-3.6411
-3.78,-3.8182
-3.78,-3.4009
-3.78,-3.2238
-3.78,-4.0582
-3.78,-4.268
-3.78,-3.434
-3.78,-4.2822
-3.78,-4.6029
-3.78,-4.1772
-3.78,-3.0399
-5.2287,-4.5758
-5.2287,-4.6696
-5.2287,-4.9941
-5.2287,-5.9047
-5.2287,-4.6079
-3.8066,-4.5872
-3.8066,-4.0582
-3.8066,-3.434
4.8081,5.2035
4.8081,5.5812
4.8081,4.4964
4.8081,4.1087
4.8081,4.437
4.8081,4.9971
4.8081,5.5135
4.8081,5.4095
4.8081,5.1147
4.8081,4.1395
4.8081,5.1944
4.8081,5.0695
4.8081,4.6514
4.8081,4.4632
4.8081,4.259
4.8081,4.8092
4.8081,4.53
4.8081,4.7787
4.6519,4.5549
4.6519,4.8564
4.6519,4.9801
4.6519,5.1531
4.6519,4.1404
4.6519,4.1683
4.6519,4.0593
4.6519,5.4078
-2.5465,-2.6073
-2.5465,-2.0762
-2.5465,-3.3844
-2.5465,-2.5521
-2.5465,-3.1348
-2.5465,-3.3252
-2.5465,-2.9603
-2.5465,-3.1083
-5.0126,-4.7451
-5.0126,-4.3045
-5.0126,-4.421
-5.0126,-4.7931
-5.0126,-5.2311
-5.0126,-4.4125
-5.0126,-5.3753
-5.0126,-4.2105
-5.0126,-4.7846
-5.0126,-5.5935
-5.0126,-4.253
-5.0126,-5.4286
-5.0126,-5.0224
4.7787,5.2035
4.7787,4.4964
4.7787,5.1788
4.7787,4.1087
4.7787,4.437
4.7787,4.9971
4.7787,5.5858
4.7787,5.5135
4.7787,5.4095
4.7787,5.1147
4.7787,4.1395
4.7787,3.835
4.7787,4.3207
4.7787,4.7766
4.7787,5.0695
4.7787,5.5246
4.7787,3.9348
4.7787,4.4632
4.7787,4.8092
4.7787,4.1998
4.7787,5.773
4.7787,4.53
4.7787,4.8081
-3.9459,-3.091
-3.9459,-4.3045
-3.9459,-4.722
-3.9459,-3.8564
