20
5
7
13
7
14
5
10
6
13
13
3
10
10
18
19
5
5
20
11
9
12
12
16
19
18
3
9
5
11
9
5
4
14
16
12
9
4
20
8
10
13
4
5
4
18
13
8
3
11
11
11
19
5
16
15
7
7
17
15
4
7
16
9
5
19
18
17
6
18
13
19
5
9
8
4
20
5
14
18
20
17
13
11
4
11
5
15
4
6
14
8
19
15
4
12
14
18
17
17
10
13
10
4
15
5
13
17
5
21
4
15
9
9
17
16
20
11
13
14
12
12
13
15
14
13
13
5
10
10
12
12
4
17
15
4
9
14
14
11
14
17
9
7
20
13
8
7
21
3
18
7
11
8
3
15
20
12
10
15
18
19
11
21
20
9
16
5
10
6
4
17
4
10
11
10
8
17
4
16
10
9
9
9
6
6
9
8
21
19
3
12
6
3
19
8
8
14
22
4
