20
4
7
11
7
14
5
10
6
12
14
3
8
11
18
19
5
5
19
10
8
11
13
15
18
18
5
9
4
10
10
5
4
14
14
11
10
4
19
8
10
14
5
5
4
19
12
8
4
12
11
10
18
4
16
15
9
7
17
15
4
7
15
9
5
19
19
19
6
16
11
17
4
10
7
4
19
6
14
17
20
16
13
12
4
12
5
14
4
5
14
8
18
14
5
12
13
18
16
16
10
13
8
4
15
6
10
16
5
20
4
15
10
10
18
15
20
10
10
14
12
12
13
14
13
13
13
3
8
9
12
11
4
17
16
5
9
15
15
12
13
18
9
7
20
14
7
7
21
3
16
5
11
8
4
16
19
11
10
16
17
18
12
21
19
11
16
5
10
6
4
17
3
9
11
10
9
18
3
17
9
8
11
8
6
6
9
7
20
19
3
11
5
4
19
8
7
13
21
4
