20
4
7
12
7
15
5
10
6
12
14
2
9
10
18
19
8
5
20
10
9
11
12
15
18
16
4
9
4
10
10
5
4
15
16
12
10
4
20
8
10
13
4
5
4
18
12
7
3
11
11
11
18
5
17
15
7
7
16
15
4
7
16
9
5
18
18
19
7
18
13
19
5
11
7
4
19
5
13
17
20
17
14
12
5
12
4
15
4
5
14
9
18
15
4
11
15
18
17
17
10
13
11
4
16
6
11
16
5
21
4
15
10
9
18
15
20
10
13
16
12
12
13
16
13
12
13
4
11
10
12
12
4
17
15
4
10
15
14
11
15
18
9
7
20
14
7
8
21
3
18
7
11
8
4
15
20
11
10
14
17
19
12
21
20
10
17
5
11
7
4
17
4
9
11
10
9
18
2
16
10
8
11
9
7
6
9
8
20
20
3
11
5
4
18
8
8
13
22
4
