21
3
7
11
7
14
5
9
6
12
15
4
8
10
19
19
7
5
20
10
9
11
13
15
20
18
4
9
4
10
10
5
5
16
15
11
10
4
19
8
10
16
4
5
5
18
11
7
4
12
11
11
18
5
17
16
8
8
16
15
5
8
15
9
5
19
19
19
6
18
13
17
4
11
7
4
19
5
14
17
21
17
13
11
4
11
5
15
5
5
15
8
18
15
5
12
15
18
17
17
10
13
9
5
15
6
11
16
6
20
4
13
9
10
17
16
20
11
11
14
12
13
13
15
13
14
13
4
10
9
12
11
3
16
14
5
9
14
14
11
14
18
9
6
19
14
7
8
21
3
17
7
12
8
5
15
19
11
10
15
18
20
14
20
20
8
16
5
10
7
4
16
4
10
10
10
8
17
3
17
10
7
10
8
6
6
9
8
20
20
4
13
6
4
19
7
8
13
20
4
