4.4248,5.2087
4.4248,4.9783
4.4248,4.2658
-1.5516,-1.2025
-1.5516,-2.2799
-1.5516,-2.1354
-1.5516,-1.8211
-1.5516,-1.1649
-5.9161,-6.7078
-5.9161,-6.3913
-5.9161,-5.6881
-5.9161,-5.4129
-2.8112,-2.8512
-2.8112,-3.8001
-2.8112,-2.2648
-2.8112,-1.8554
-2.8112,-2.8838
-2.8112,-3.2913
-2.8112,-3.5016
-2.8112,-3.5753
-2.8112,-3.1022
-2.8112,-2.4148
-0.45968,0.34345
5.9508,5.4455
5.9508,6.4012
5.9508,5.2331
5.9508,5.5213
4.7559,4.7105
4.7559,5.042
4.7559,4.0336
4.7559,4.005
4.7559,5.2331
-4.3306,-4.8516
-4.3306,-4.9459
-4.3306,-3.8001
-4.3306,-4.5408
-4.3306,-4.1593
-4.3306,-3.5016
-4.3306,-4.673
-4.3306,-3.5753
6.5931,7.0189
6.5931,6.4027
6.5931,6.8997
6.5931,5.9228
6.5931,6.0576
6.5931,5.9289
4.6397,5.042
4.6397,4.8836
4.6397,5.5655
4.6397,3.7363
4.6397,4.9582
4.6397,3.947
4.6397,4.4835
4.6397,4.2042
4.6397,4.5145
4.6397,5.5213
5.5391,5.3288
5.5391,5.9228
5.5391,5.1909
5.5391,6.0576
5.5391,5.2465
-4.8516,-4.3306
-4.8516,-4.9459
-4.8516,-5.3133
-4.8516,-3.9657
-4.8516,-4.5408
-4.8516,-4.673
-4.8516,-5.4129
-2.8512,-2.8112
-2.8512,-3.8001
-2.8512,-2.2648
-2.8512,-2.1354
-2.8512,-1.8554
-2.8512,-2.8838
-2.8512,-3.5016
-2.8512,-3.5753
-2.8512,-3.1022
-2.8512,-2.4148
-0.16961,-0.82812
-0.16961,0.15131
-0.16961,-1.0403
-1.6138,-1.5857
-1.6138,-2.2658
-1.6138,-0.94733
6.0995,6.4027
6.0995,5.2044
6.0995,5.5389
4.7105,4.7559
4.7105,5.4455
4.7105,5.042
4.7105,4.005
4.7105,4.4835
4.7105,5.2331
4.7105,4.2042
4.9171,5.2465
5.4455,5.9508
5.4455,4.7105
5.4455,5.042
5.4455,6.4012
5.4455,5.5655
5.4455,4.4835
5.4455,5.2331
5.4455,5.5213
-2.1566,-1.9759
-2.1566,-2.4159
-2.1566,-2.0735
-2.1566,-1.3691
-2.1566,-2.5632
-2.1566,-1.6618
-2.1566,-1.4152
-2.1566,-1.6849
-4.9459,-4.3306
-4.9459,-4.8516
-4.9459,-4.5408
-4.9459,-5.2509
-4.9459,-4.1593
-4.9459,-5.4129
-3.8001,-2.8112
-3.8001,-4.3306
-3.8001,-2.8512
-3.8001,-3.9657
-3.8001,-4.5408
-3.8001,-3.5016
-3.8001,-3.8563
-3.8001,-4.673
-3.8001,-3.5753
-3.8001,-3.1022
-6.2514,-5.9958
-6.2514,-5.6723
-6.2514,-5.8164
-6.2514,-6.1564
-6.2514,-5.5799
-6.2514,-6.0544
-6.2514,-5.7788
-6.2514,-6.8765
-6.2514,-6.7286
-6.833,-6.1564
-6.833,-5.9072
-6.833,-6.7286
-1.5857,-1.6138
-1.5857,-2.2658
-1.5857,-1.1493
-1.5857,-2.085
-1.5857,-1.9759
-1.5857,-1.1543
-1.5857,-0.94733
-1.5857,-1.4152
-2.2648,-2.8112
-2.2648,-2.8512
-2.2648,-2.2799
-2.2648,-2.1354
-2.2648,-1.8554
-2.2648,-2.8838
-2.2648,-1.8211
-2.2648,-3.1022
-2.2648,-2.4148
0.34345,-0.45968
-8.176,-8.4883
-8.176,-7.4997
-8.176,-9.1316
5.042,4.7559
5.042,4.6397
5.042,4.7105
5.042,5.4455
5.042,5.5655
5.042,4.9582
5.042,4.4835
5.042,4.2042
5.042,5.5213
-5.0581,-4.7208
-5.0581,-5.6723
-5.0581,-5.3867
-5.0581,-5.0298
-5.0581,-4.5396
4.2289,4.5295
4.2289,4.1517
4.2289,4.7313
1.1075,1.4512
1.1075,0.32026
1.1075,0.77124
-2.2658,-1.6138
-2.2658,-1.5857
-2.2658,-2.4602
-2.2658,-2.085
-2.2658,-2.8259
7.2957,7.0204
7.2957,6.5203
7.2957,7.1986
6.3114,7.0204
6.3114,5.4383
6.3114,6.5203
6.3114,5.7922
6.3114,6.1977
6.3114,6.3226
2.3072,1.9358
6.4012,5.9508
6.4012,5.4455
6.4012,5.8547
6.4012,5.5213
6.4012,6.5431
1.9358,2.3072
1.9358,1.178
1.9358,1.9137
1.9358,2.3925
-3.8772,-4.7208
-3.8772,-4.3496
-3.8772,-4.0353
-3.8772,-4.1287
-3.8772,-4.7592
4.8836,4.6397
4.8836,5.5655
4.8836,4.9783
4.8836,5.4383
4.8836,4.9582
4.8836,5.876
4.8836,5.4462
4.8836,4.5145
4.8836,4.2658
-1.1493,-1.5857
-1.1493,-1.9759
-1.1493,-1.1543
-1.1493,-1.3691
-1.1493,-0.27625
-1.1493,-0.87648
-1.1493,-1.4152
-1.1493,-1.6849
7.0189,6.5931
7.0189,6.4027
7.0189,7.8668
1.4512,1.1075
1.4512,0.77124
6.4027,6.5931
6.4027,6.0995
6.4027,7.0189
6.4027,5.9228
-5.0056,-5.7831
-5.0056,-5.1898
-5.0056,-4.6699
-5.3133,-4.8516
-5.3133,-4.4797
-5.3133,-4.673
-5.3133,-5.6881
-3.2284,-2.2799
-3.2284,-2.8838
-3.2284,-3.8563
-3.2284,-3.1022
-0.82812,-0.16961
-0.82812,-1.3691
-0.82812,-1.0403
-0.82812,-0.87648
-0.82812,-1.6618
-0.82812,-0.21811
5.6581,6.0951
5.6581,5.7922
5.6581,5.0318
5.6581,6.3226
-3.9657,-4.8516
-3.9657,-3.8001
-3.9657,-4.5408
-3.9657,-4.4797
-3.9657,-3.5016
-3.9657,-3.8563
-3.9657,-4.673
-3.9657,-3.5753
-3.9657,-3.1022
6.0951,5.6581
-5.7831,-5.0056
-5.7831,-5.1898
-5.7831,-5.9072
-2.4602,-2.2658
-2.4602,-2.085
-2.4602,-3.2045
-2.4602,-1.9759
-2.4602,-2.4159
-2.4602,-2.8259
-2.4602,-3.2269
-2.085,-1.5857
-2.085,-2.2658
-2.085,-2.4602
-2.085,-1.9759
-2.085,-1.1543
-2.085,-2.4159
-2.085,-2.8259
-2.085,-1.4152
-4.5408,-4.3306
-4.5408,-4.8516
-4.5408,-4.9459
-4.5408,-3.8001
-4.5408,-3.9657
-4.5408,-4.1593
-4.5408,-4.673
-4.5408,-3.5753
-4.5408,-5.4129
5.5655,4.6397
5.5655,5.4455
5.5655,5.042
5.5655,4.8836
5.5655,4.9582
5.5655,5.876
5.5655,5.4462
5.5655,5.8547
5.5655,5.5213
5.5655,6.5431
3.7363,4.6397
3.7363,3.786
3.7363,3.947
3.7363,4.4835
3.7363,3.0663
3.7363,4.2042
3.7363,4.5145
6.8997,6.5931
6.8997,5.9289
-1.2025,-1.5516
-1.2025,-2.1354
-1.2025,-1.8554
-1.2025,-0.41025
-1.2025,-1.8211
-1.2025,-1.1649
-1.2025,-1.1099
4.8641,5.0318
4.8641,4.4175
4.8641,4.3506
-6.7078,-5.9161
1.2296,1.178
7.0204,7.2957
7.0204,6.3114
7.0204,6.5203
7.0204,6.1977
7.0204,6.3226
-4.9196,-5.4877
-4.9196,-4.7208
-4.9196,-4.3496
-4.9196,-5.1417
-4.9196,-5.8164
-4.9196,-5.5799
-4.9196,-5.0298
-4.9196,-5.0876
-4.9196,-4.1287
-4.9196,-4.6699
-4.9196,-4.7592
4.9538,4.0917
4.9538,4.4175
-2.2799,-1.5516
-2.2799,-2.2648
-2.2799,-3.2284
-2.2799,-2.1354
-2.2799,-2.8838
-5.4877,-4.9196
-5.4877,-5.9958
-5.4877,-5.1417
-5.4877,-5.8164
-5.4877,-6.1564
-5.4877,-5.5799
-5.4877,-5.1898
-5.4877,-5.0876
-5.4877,-4.6699
-5.4877,-5.9072
-8.4883,-8.176
-8.4883,-8.3107
-8.4883,-9.3435
-8.4883,-8.1557
-8.4883,-9.1316
5.2087,4.4248
5.2087,4.9783
5.2087,5.4383
5.2087,5.7922
-6.0637,-5.6723
-6.0637,-6.7306
-6.0637,-5.3867
-6.0637,-6.0544
-2.1354,-1.5516
-2.1354,-2.8512
-2.1354,-2.2648
-2.1354,-1.2025
-2.1354,-2.2799
-2.1354,-1.8554
-2.1354,-2.8838
-2.1354,-1.8211
-8.3107,-8.4883
-8.3107,-8.1557
-1.8554,-2.8112
-1.8554,-2.8512
-1.8554,-2.2648
-1.8554,-1.2025
-1.8554,-2.1354
-1.8554,-1.8211
-1.8554,-1.1099
-1.8554,-1.6004
-1.8554,-2.4148
4.9783,4.4248
4.9783,4.8836
4.9783,5.2087
4.9783,5.4383
4.9783,5.4462
4.9783,4.5145
4.9783,4.2658
3.5679,4.5131
5.3288,5.5391
5.3288,5.9228
5.3288,4.5295
5.3288,5.1909
5.3288,4.7313
5.3288,5.5389
3.6663,3.7909
3.6663,3.0973
3.6663,4.4175
3.6663,3.139
3.786,3.7363
3.786,4.5145
3.786,4.2658
5.9228,6.5931
5.9228,5.5391
5.9228,6.4027
5.9228,5.3288
5.9228,5.1909
5.9228,6.0576
5.9228,5.5389
5.9228,5.2465
-4.7208,-5.0581
-4.7208,-3.8772
-4.7208,-4.9196
-4.7208,-5.1417
-4.7208,-5.3867
-4.7208,-5.0298
-4.7208,-4.0353
-4.7208,-4.7592
-4.7208,-4.5396
-0.46232,-0.27625
-0.46232,-0.94733
-2.8838,-2.8112
-2.8838,-2.8512
-2.8838,-2.2648
-2.8838,-3.2284
-2.8838,-2.2799
-2.8838,-2.1354
-2.8838,-3.8563
-2.8838,-3.1022
5.4383,6.3114
5.4383,4.8836
5.4383,5.2087
5.4383,4.9783
5.4383,5.876
5.4383,5.7922
5.4383,5.4462
5.4383,6.1977
-4.3496,-3.8772
-4.3496,-4.9196
-4.3496,-5.0876
-4.3496,-4.1287
-4.3496,-4.6699
-4.3496,-4.7592
-5.9958,-6.2514
-5.9958,-5.4877
-5.9958,-5.1417
-5.9958,-5.8164
-5.9958,-6.1564
-5.9958,-5.5799
-5.9958,-6.0544
-5.9958,-5.7788
-5.9958,-5.9072
-5.9958,-6.7286
-3.2045,-2.4602
-3.2045,-2.4159
-3.2045,-2.5632
-3.2045,-3.2269
4.5131,3.5679
4.5131,4.5295
4.5131,5.1909
4.5131,5.2465
-5.6723,-6.2514
-5.6723,-5.0581
-5.6723,-6.0637
-5.6723,-5.1417
-5.6723,-5.8164
-5.6723,-5.3867
-5.6723,-5.0298
-5.6723,-6.0544
-5.6723,-5.7788
-5.1417,-4.9196
-5.1417,-5.4877
-5.1417,-4.7208
-5.1417,-5.9958
-5.1417,-5.6723
-5.1417,-5.8164
-5.1417,-5.3867
-5.1417,-5.5799
-5.1417,-5.0298
-5.1417,-5.0876
-5.1417,-5.7788
-5.1417,-4.7592
-1.9759,-2.1566
-1.9759,-1.5857
-1.9759,-1.1493
-1.9759,-2.4602
-1.9759,-2.085
-1.9759,-1.1543
-1.9759,-2.4159
-1.9759,-1.4152
-1.9759,-1.6849
4.0336,4.7559
4.0336,4.005
0.15131,-0.16961
0.15131,-0.21811
0.15131,0.32026
0.15131,0.77124
4.005,4.7559
4.005,4.7105
4.005,4.0336
4.005,3.947
4.005,4.4835
4.005,4.2042
4.005,3.3632
-1.1543,-1.5857
-1.1543,-1.1493
-1.1543,-2.085
-1.1543,-1.9759
-1.1543,-0.27625
-1.1543,-0.94733
-1.1543,-1.4152
4.9582,4.6397
4.9582,5.042
4.9582,4.8836
4.9582,5.5655
4.9582,5.876
4.9582,4.4835
4.9582,5.4462
4.9582,5.8547
4.9582,4.5145
4.9582,5.5213
1.178,1.9358
1.178,1.2296
1.178,1.9137
4.5295,4.2289
4.5295,5.3288
4.5295,4.5131
4.5295,5.1909
4.5295,4.7313
-5.8164,-6.2514
-5.8164,-4.9196
-5.8164,-5.4877
-5.8164,-5.9958
-5.8164,-5.6723
-5.8164,-5.1417
-5.8164,-5.3867
-5.8164,-6.1564
-5.8164,-5.5799
-5.8164,-5.0298
-5.8164,-6.0544
-5.8164,-5.7788
-5.8164,-6.7286
2.5958,1.9137
2.5958,2.3925
2.5958,3.139
-9.3435,-8.4883
-7.4997,-8.176
-7.4997,-7.2315
5.1909,5.5391
5.1909,5.3288
5.1909,5.9228
5.1909,4.5131
5.1909,4.5295
5.1909,4.7313
5.1909,5.5389
5.1909,5.2465
6.0576,6.5931
6.0576,5.5391
6.0576,5.9228
6.0576,5.9289
6.0576,5.2465
-2.4159,-2.1566
-2.4159,-2.4602
-2.4159,-2.085
-2.4159,-3.2045
-2.4159,-1.9759
-2.4159,-2.5632
-2.4159,-3.2269
-2.4159,-1.4152
-2.4159,-1.6849
-2.0735,-2.1566
-2.0735,-1.3691
-2.0735,-2.5632
-2.0735,-1.6618
5.876,4.8836
5.876,5.5655
5.876,5.4383
5.876,4.9582
5.876,6.5203
5.876,5.4462
5.876,5.8547
5.876,6.1977
5.876,5.5213
5.876,6.5431
-6.7306,-6.0637
-6.7306,-6.0544
-6.7306,-6.8765
6.5203,7.2957
6.5203,6.3114
6.5203,7.0204
6.5203,5.876
6.5203,7.1986
6.5203,6.1977
-1.3691,-2.1566
-1.3691,-1.1493
-1.3691,-0.82812
-1.3691,-2.0735
-1.3691,-1.0403
-1.3691,-0.87648
-1.3691,-1.6618
-1.3691,-1.4152
-1.3691,-1.6849
-4.4797,-5.3133
-4.4797,-3.9657
-4.4797,-3.8563
-4.4797,-4.673
-5.3867,-5.0581
-5.3867,-6.0637
-5.3867,-4.7208
-5.3867,-5.6723
-5.3867,-5.1417
-5.3867,-5.8164
-5.3867,-5.0298
-5.3867,-6.0544
-5.3867,-5.7788
-5.3867,-4.5396
1.9137,1.9358
1.9137,1.178
1.9137,2.5958
1.9137,2.3925
3.7909,3.6663
3.7909,4.3506
3.7909,3.139
4.1517,4.2289
4.1517,4.7313
-6.1564,-6.2514
-6.1564,-6.833
-6.1564,-5.4877
-6.1564,-5.9958
-6.1564,-5.8164
-6.1564,-5.5799
-6.1564,-5.9072
-6.1564,-6.7286
5.7922,6.3114
5.7922,5.6581
5.7922,5.2087
5.7922,5.4383
5.7922,6.3226
-2.5632,-2.1566
-2.5632,-3.2045
-2.5632,-2.4159
-2.5632,-2.0735
-2.5632,-1.6849
-5.2509,-4.9459
-5.2509,-5.4129
3.0973,3.6663
3.0973,2.3925
3.0973,3.139
3.947,4.6397
3.947,3.7363
3.947,4.005
3.947,4.4835
3.947,3.0663
3.947,4.2042
3.947,4.5145
3.947,3.3632
-1.0403,-0.16961
-1.0403,-0.82812
-1.0403,-1.3691
-1.0403,-1.6618
-5.5799,-6.2514
-5.5799,-4.9196
-5.5799,-5.4877
-5.5799,-5.9958
-5.5799,-5.1417
-5.5799,-5.8164
-5.5799,-6.1564
-5.5799,-5.1898
-5.5799,-5.0298
-5.5799,-5.0876
-5.5799,-5.7788
-5.5799,-4.7592
-5.5799,-5.9072
-0.27625,-1.1493
-0.27625,-0.46232
-0.27625,-1.1543
-0.27625,-0.21811
-0.27625,0.32026
-8.8889,-9.1316
4.4835,4.6397
4.4835,4.7105
4.4835,5.4455
4.4835,5.042
4.4835,3.7363
4.4835,4.005
4.4835,4.9582
4.4835,3.947
4.4835,4.2042
4.4835,4.5145
7.1986,7.2957
7.1986,6.5203
7.1986,6.5431
-0.87648,-1.1493
-0.87648,-0.82812
-0.87648,-1.3691
-0.87648,-1.6618
-0.87648,-0.21811
-0.87648,-1.4152
-0.87648,-1.6849
5.0318,5.6581
5.0318,4.8641
5.0318,4.3506
-0.41025,-1.2025
-0.41025,-1.1649
-0.41025,-1.1099
-2.8259,-2.2658
-2.8259,-2.4602
-2.8259,-2.085
-2.8259,-3.2269
-5.1898,-5.0056
-5.1898,-5.7831
-5.1898,-5.4877
-5.1898,-5.5799
-5.1898,-5.0876
-5.1898,-4.6699
-5.1898,-5.9072
-1.6618,-2.1566
-1.6618,-0.82812
-1.6618,-2.0735
-1.6618,-1.3691
-1.6618,-1.0403
-1.6618,-0.87648
-1.6618,-1.6849
5.2044,6.0995
5.2044,4.7313
5.2044,5.5389
5.4462,4.8836
5.4462,5.5655
5.4462,4.9783
5.4462,5.4383
5.4462,4.9582
5.4462,5.876
5.4462,5.8547
5.4462,6.1977
-5.0298,-5.0581
-5.0298,-4.9196
-5.0298,-4.7208
-5.0298,-5.6723
-5.0298,-5.1417
-5.0298,-5.8164
-5.0298,-5.3867
-5.0298,-5.5799
-5.0298,-5.7788
-5.0298,-4.7592
-5.0298,-4.5396
-4.0353,-3.8772
-4.0353,-4.7208
-4.0353,-4.7592
-4.0353,-4.5396
2.3925,1.9358
2.3925,2.5958
2.3925,1.9137
2.3925,3.0973
2.3925,3.139
-8.1557,-8.4883
-8.1557,-8.3107
-8.1557,-7.2315
-5.0876,-4.9196
-5.0876,-5.4877
-5.0876,-4.3496
-5.0876,-5.1417
-5.0876,-5.5799
-5.0876,-5.1898
-5.0876,-4.6699
-5.0876,-4.7592
-5.0876,-5.9072
5.8547,6.4012
5.8547,5.5655
5.8547,4.9582
5.8547,5.876
5.8547,5.4462
5.8547,5.5213
5.8547,6.5431
3.0663,3.7363
3.0663,3.947
3.0663,3.3632
-1.8211,-1.5516
-1.8211,-2.2648
-1.8211,-1.2025
-1.8211,-2.1354
-1.8211,-1.8554
-1.8211,-1.1649
-1.8211,-1.1099
-1.8211,-1.6004
-1.1649,-1.5516
-1.1649,-1.2025
-1.1649,-0.41025
-1.1649,-1.8211
4.0917,4.9538
5.2331,5.9508
5.2331,4.7559
5.2331,4.7105
5.2331,5.4455
-4.1287,-3.8772
-4.1287,-4.9196
-4.1287,-4.3496
-4.1287,-4.6699
-4.1287,-4.7592
-9.1316,-8.176
-9.1316,-8.4883
-9.1316,-8.8889
-4.1593,-4.3306
-4.1593,-4.9459
-4.1593,-4.5408
-4.1593,-3.2913
-4.1593,-3.5016
-3.2913,-2.8112
-3.2913,-4.1593
-3.2913,-3.5016
-3.2913,-3.5753
-3.2913,-2.4148
-1.1099,-1.2025
-1.1099,-1.8554
-1.1099,-0.41025
-1.1099,-1.8211
-1.1099,-1.6004
-6.0544,-6.2514
-6.0544,-6.0637
-6.0544,-5.9958
-6.0544,-5.6723
-6.0544,-5.8164
-6.0544,-6.7306
-6.0544,-5.3867
-6.0544,-5.7788
-6.0544,-6.8765
-0.94733,-1.6138
-0.94733,-1.5857
-0.94733,-0.46232
-0.94733,-1.1543
-3.5016,-2.8112
-3.5016,-4.3306
-3.5016,-2.8512
-3.5016,-3.8001
-3.5016,-3.9657
-3.5016,-4.1593
-3.5016,-3.2913
-3.5016,-3.5753
-3.5016,-3.1022
4.2042,4.6397
4.2042,4.7105
4.2042,5.042
4.2042,3.7363
4.2042,4.005
4.2042,3.947
4.2042,4.4835
4.2042,3.3632
4.7313,4.2289
4.7313,5.3288
4.7313,4.5295
4.7313,5.1909
4.7313,4.1517
4.7313,5.2044
4.7313,5.5389
4.5145,4.6397
4.5145,4.8836
4.5145,3.7363
4.5145,4.9783
4.5145,3.786
4.5145,4.9582
4.5145,3.947
4.5145,4.4835
4.5145,4.2658
-4.6699,-5.0056
-4.6699,-4.9196
-4.6699,-5.4877
-4.6699,-4.3496
-4.6699,-5.1898
-4.6699,-5.0876
-4.6699,-4.1287
5.5389,6.0995
5.5389,5.3288
5.5389,5.9228
5.5389,5.1909
5.5389,5.2044
5.5389,4.7313
6.1977,6.3114
6.1977,7.0204
6.1977,5.4383
6.1977,5.876
6.1977,6.5203
6.1977,5.4462
4.4175,4.8641
4.4175,4.9538
4.4175,3.6663
5.9289,6.5931
5.9289,6.8997
5.9289,6.0576
5.9289,5.2465
-3.2269,-2.4602
-3.2269,-3.2045
-3.2269,-2.4159
-3.2269,-2.8259
-5.7788,-6.2514
-5.7788,-5.9958
-5.7788,-5.6723
-5.7788,-5.1417
-5.7788,-5.8164
-5.7788,-5.3867
-5.7788,-5.5799
-5.7788,-5.0298
-5.7788,-6.0544
3.3632,4.005
3.3632,3.947
3.3632,3.0663
3.3632,4.2042
-6.3913,-5.9161
-1.6004,-1.8554
-1.6004,-1.8211
-1.6004,-1.1099
-1.6004,-2.4148
6.8394,6.3226
-3.8563,-3.8001
-3.8563,-3.2284
-3.8563,-3.9657
-3.8563,-2.8838
-3.8563,-4.4797
-3.8563,-4.673
-3.8563,-3.5753
-3.8563,-3.1022
-4.673,-4.3306
-4.673,-4.8516
-4.673,-3.8001
-4.673,-5.3133
-4.673,-3.9657
-4.673,-4.5408
-4.673,-4.4797
-4.673,-3.8563
-4.673,-5.4129
5.5213,5.9508
5.5213,4.6397
5.5213,5.4455
5.5213,5.042
5.5213,6.4012
5.5213,5.5655
5.5213,4.9582
5.5213,5.876
5.5213,5.8547
7.8668,7.0189
-7.2315,-7.4997
-7.2315,-8.1557
4.3506,4.8641
4.3506,3.7909
4.3506,5.0318
-5.6881,-5.9161
-5.6881,-5.3133
-5.6881,-5.4129
-4.7592,-3.8772
-4.7592,-4.9196
-4.7592,-4.7208
-4.7592,-4.3496
-4.7592,-5.1417
-4.7592,-5.5799
-4.7592,-5.0298
-4.7592,-4.0353
-4.7592,-5.0876
-4.7592,-4.1287
-5.9072,-6.833
-5.9072,-5.7831
-5.9072,-5.4877
-5.9072,-5.9958
-5.9072,-6.1564
-5.9072,-5.5799
-5.9072,-5.1898
-5.9072,-5.0876
-6.8765,-6.2514
-6.8765,-6.7306
-6.8765,-6.0544
-6.8765,-6.7286
-3.5753,-2.8112
-3.5753,-4.3306
-3.5753,-2.8512
-3.5753,-3.8001
-3.5753,-3.9657
-3.5753,-4.5408
-3.5753,-3.2913
-3.5753,-3.5016
-3.5753,-3.8563
-3.5753,-3.1022
6.5431,6.4012
6.5431,5.5655
6.5431,5.876
6.5431,7.1986
6.5431,5.8547
-3.1022,-2.8112
-3.1022,-2.8512
-3.1022,-3.8001
-3.1022,-2.2648
-3.1022,-3.2284
-3.1022,-3.9657
-3.1022,-2.8838
-3.1022,-3.5016
-3.1022,-3.8563
-3.1022,-3.5753
-6.7286,-6.2514
-6.7286,-6.833
-6.7286,-5.9958
-6.7286,-5.8164
-6.7286,-6.1564
-6.7286,-6.8765
-0.21811,-0.82812
-0.21811,0.15131
-0.21811,-0.27625
-0.21811,-0.87648
-0.21811,0.32026
4.2658,4.4248
4.2658,4.8836
4.2658,4.9783
4.2658,3.786
4.2658,4.5145
-1.4152,-2.1566
-1.4152,-1.5857
-1.4152,-1.1493
-1.4152,-2.085
-1.4152,-1.9759
-1.4152,-1.1543
-1.4152,-2.4159
-1.4152,-1.3691
-1.4152,-0.87648
-1.4152,-1.6849
5.2465,5.5391
5.2465,4.9171
5.2465,5.9228
5.2465,4.5131
5.2465,5.1909
5.2465,6.0576
5.2465,5.9289
-2.4148,-2.8112
-2.4148,-2.8512
-2.4148,-2.2648
-2.4148,-1.8554
-2.4148,-3.2913
-2.4148,-1.6004
-5.4129,-5.9161
-5.4129,-4.8516
-5.4129,-4.9459
-5.4129,-4.5408
-5.4129,-5.2509
-5.4129,-4.673
-5.4129,-5.6881
-4.5396,-5.0581
-4.5396,-4.7208
-4.5396,-5.3867
-4.5396,-5.0298
-4.5396,-4.0353
3.139,3.6663
3.139,2.5958
3.139,3.7909
3.139,3.0973
3.139,2.3925
0.32026,1.1075
0.32026,0.15131
0.32026,-0.27625
0.32026,-0.21811
0.32026,0.77124
-1.6849,-2.1566
-1.6849,-1.1493
-1.6849,-1.9759
-1.6849,-2.4159
-1.6849,-1.3691
-1.6849,-2.5632
-1.6849,-0.87648
-1.6849,-1.6618
-1.6849,-1.4152
6.3226,6.3114
6.3226,5.6581
6.3226,7.0204
6.3226,5.7922
6.3226,6.8394
0.77124,1.1075
0.77124,1.4512
0.77124,0.15131
0.77124,0.32026
-9.8861,-10
9.4227,10
