-1.4539,-1.0691
-1.4539,-0.82555
-1.4539,-0.60307
-1.4539,-0.57409
-1.4539,-1.2923
-6.0623,-6.1353
-6.0623,-5.3399
-6.0623,-6.3248
-6.0623,-5.8617
-6.0623,-6.0621
-6.0623,-5.5933
-6.0623,-6.3531
-6.0623,-6.1293
-6.0623,-5.2101
-6.0623,-6.5402
-5.0349,-4.746
-5.6391,-6.0584
-5.6391,-5.8617
-5.6391,-6.3327
-5.6391,-5.5933
-5.6391,-6.1293
-5.6391,-5.1061
-5.6391,-6.5466
1.9653,2.0095
1.9653,1.5326
1.9653,2.8428
-5.3729,-5.5211
-5.3729,-5.0178
-5.3729,-4.6016
-5.3729,-4.7619
-5.3729,-4.5001
-5.3729,-4.763
-5.3729,-4.5044
-5.5211,-5.3729
-5.5211,-5.2458
-5.5211,-5.0178
-5.5211,-4.6016
-5.5211,-4.9439
-5.5211,-4.763
-6.2042,-6.1353
-6.2042,-5.4257
-6.2042,-6.9607
-6.2042,-6.5163
-6.2042,-6.0621
6.8796,5.9526
6.8796,6.4271
6.8796,7.146
6.8796,6.436
6.8796,6.6046
6.8796,6.1557
-4.0817,-4.1215
-4.0817,-4.6016
-4.0817,-3.8099
-4.0817,-4.7619
-4.0817,-4.5001
-4.0817,-4.3133
-4.0817,-4.2442
-4.0817,-4.763
-4.0817,-3.41
-4.0817,-4.0768
-4.0817,-4.5044
-4.0817,-3.4072
-4.0817,-3.7655
-4.0817,-3.7355
5.472,5.0463
5.472,5.9526
5.472,5.7467
5.472,6.1557
-4.746,-5.0349
-4.746,-5.4257
-6.1353,-6.0623
-6.1353,-6.2042
-6.1353,-5.3399
-6.1353,-6.3248
-6.1353,-6.9607
-6.1353,-6.0621
-6.1353,-5.2101
-6.1353,-6.5402
6.001,5.1751
6.001,5.9608
6.001,5.6861
6.001,6.6988
6.001,5.715
6.001,5.6066
6.001,6.3423
6.001,6.3348
5.1751,6.001
5.1751,4.9469
5.1751,5.6861
5.1751,5.715
5.1751,5.2491
5.1751,5.2579
5.1751,5.6044
5.8808,6.7923
5.8808,5.3262
5.8808,6.2706
5.8808,6.4271
5.8808,5.3451
5.8808,5.1891
5.8808,5.5513
5.8808,6.1597
5.8808,6.1557
-5.2458,-5.5211
-5.2458,-5.0178
-5.2458,-4.6016
-5.2458,-4.9439
-5.2458,-4.763
-5.2458,-4.4956
-5.2458,-4.633
6.7923,5.8808
6.7923,6.2706
6.7923,6.4271
6.7923,7.146
6.7923,6.1597
6.7923,6.1557
-4.1215,-4.0817
-4.1215,-4.5056
-4.1215,-4.0985
-4.1215,-4.7619
-4.1215,-4.3133
-4.1215,-3.6223
-4.1215,-3.495
-4.1215,-3.41
-4.1215,-4.5044
-4.1215,-3.7655
6.511,6.296
6.511,7.094
6.511,6.8742
6.511,5.8821
6.511,6.8118
6.511,6.1302
6.511,6.3144
6.511,5.7256
-2.8328,-1.9403
-2.8328,-3.7066
-2.8328,-2.4557
-2.8328,-2.8508
-6.6795,-7.0285
-6.6795,-5.8617
-6.6795,-6.3327
-6.6795,-6.9772
-6.6795,-6.3531
-6.6795,-6.1293
-6.6795,-6.5402
-6.6795,-6.5466
0.63162,0.0085036
0.63162,0.90011
0.63162,1.6126
0.63162,-0.30514
0.63162,0.72177
0.63162,0.048117
0.63162,1.3329
0.63162,0.75981
0.63162,0.66473
0.63162,0.32529
0.0085036,0.63162
0.0085036,-0.30514
0.0085036,0.048117
0.0085036,0.75981
0.0085036,0.66473
0.0085036,0.32529
0.0085036,-0.037571
0.0085036,-0.43991
0.0085036,-0.58345
0.0085036,-0.3672
0.60779,0.41092
0.60779,0.67142
0.60779,-0.21526
0.60779,0.029258
0.60779,1.3937
0.60779,-0.33826
0.60779,0.41725
0.60779,0.1363
0.60779,-0.38038
4.9469,5.1751
4.9469,5.6861
4.9469,5.715
4.9469,5.5279
4.9469,5.2491
4.9469,5.6044
-5.3399,-6.0623
-5.3399,-6.1353
-5.3399,-5.8617
-5.3399,-5.5933
-5.3399,-5.1061
-5.3399,-5.2101
0.99439,1.4152
0.99439,1.737
0.99439,0.35575
0.99439,1.5326
-5.0178,-5.3729
-5.0178,-5.5211
-5.0178,-5.2458
-5.0178,-4.6016
-5.0178,-4.7619
-5.0178,-4.5001
-5.0178,-4.2442
-5.0178,-4.763
-5.0178,-4.0768
-5.0178,-4.5044
-5.0178,-4.4956
-1.3382,-2.2589
-1.3382,-1.6484
-1.3382,-0.58345
-1.3382,-1.1509
5.3262,5.8808
5.3262,5.1891
5.3262,5.5513
5.3262,4.7749
5.3262,6.1597
5.6889,6.1874
5.6889,6.1578
5.6889,5.6066
5.9608,6.001
5.9608,5.6861
5.9608,6.6988
5.9608,5.715
5.9608,6.6708
5.9608,5.5279
5.9608,6.1302
5.9608,6.3144
5.9608,5.2491
5.9608,6.6994
5.9608,5.8665
5.9608,5.6044
5.9608,6.3348
-4.5056,-4.1215
-4.5056,-4.0985
-4.5056,-4.7619
-4.5056,-4.3133
-4.5056,-3.6223
-4.5056,-4.5044
-4.5056,-3.7655
-1.0691,-1.4539
-1.0691,-0.64332
-1.0691,-0.21526
-1.0691,-0.60307
-1.0691,-1.2923
-1.0691,-1.914
-1.0691,-0.38038
2.1061,1.4152
2.1061,1.737
-4.0985,-4.1215
-4.0985,-4.5056
-4.0985,-3.495
-4.0985,-3.8435
1.4152,0.99439
1.4152,2.1061
1.4152,2.0095
1.4152,1.737
1.4152,1.5326
-0.26779,0.54453
-0.26779,-0.23419
-0.26779,-0.25929
-0.26779,0.18682
-0.26779,0.093588
-0.26779,-0.037571
-0.26779,-0.91926
-0.26779,-1.019
-3.8416,-3.8099
-3.8416,-4.2442
-3.8416,-4.0768
-3.8416,-4.1486
-3.8416,-4.4956
-3.8416,-4.633
6.296,6.511
6.296,6.8742
6.296,5.8821
6.296,6.8118
6.296,5.7256
-7.5633,-7.4463
5.0463,5.472
5.0463,5.7467
5.0463,5.3451
5.0463,5.1891
5.0463,5.5513
6.1874,5.6889
6.1874,5.6066
6.1874,6.3423
6.2706,5.8808
6.2706,6.7923
6.2706,5.9526
6.2706,6.4271
6.2706,5.7467
6.2706,5.3451
6.2706,5.5513
6.2706,6.1597
6.2706,6.1557
1.8708,0.90011
1.8708,1.6126
1.8708,1.3329
1.8708,1.4706
-5.4257,-6.2042
-5.4257,-4.746
-5.4257,-5.9584
-6.3248,-6.0623
-6.3248,-6.1353
-6.3248,-6.9607
-6.3248,-6.0621
-6.3248,-6.3531
-6.3248,-7.2068
-6.3248,-6.5402
5.6861,6.001
5.6861,5.1751
5.6861,4.9469
5.6861,5.9608
5.6861,5.715
5.6861,5.6066
5.6861,5.2579
5.6861,5.6044
5.6861,6.3423
5.6861,6.3348
0.41092,0.60779
0.41092,0.67142
0.41092,-0.21526
0.41092,1.3937
0.41092,-0.57409
0.41092,-0.33826
0.41092,0.41725
0.41092,-0.027505
0.41092,0.1363
0.41092,-0.38038
-6.9607,-6.2042
-6.9607,-6.1353
-6.9607,-6.3248
-6.9607,-6.0621
-6.9607,-7.2068
-6.9607,-6.5402
-0.64332,-1.0691
-0.64332,-0.21526
-0.64332,0.029258
-0.64332,-0.60307
-0.64332,-1.2923
-0.64332,-0.38038
0.21813,0.32529
0.21813,-0.3672
4.9838,5.5468
4.9838,5.8821
4.9838,5.5279
4.9838,5.2491
4.9838,5.6044
5.5468,4.9838
5.5468,5.8821
5.5468,5.5279
5.5468,6.1302
5.5468,6.3144
5.5468,5.8665
5.5468,5.7256
6.1578,5.6889
-6.5163,-6.2042
-6.5163,-5.9584
-4.6016,-5.3729
-4.6016,-5.5211
-4.6016,-4.0817
-4.6016,-5.2458
-4.6016,-5.0178
-4.6016,-3.8099
-4.6016,-4.5001
-4.6016,-4.9439
-4.6016,-4.3133
-4.6016,-4.2442
-4.6016,-4.763
-4.6016,-4.0768
-4.6016,-4.5044
-4.6016,-4.4956
-4.6016,-4.633
-3.8099,-4.0817
-3.8099,-3.8416
-3.8099,-4.6016
-3.8099,-4.5001
-3.8099,-4.2442
-3.8099,-4.0768
-3.8099,-4.1486
-3.8099,-4.4956
-3.8099,-3.4072
-3.8099,-3.7355
5.9526,6.8796
5.9526,5.472
5.9526,6.2706
5.9526,6.4271
5.9526,5.7467
5.9526,5.3451
5.9526,6.436
5.9526,6.6046
5.9526,6.1557
-6.0584,-5.6391
-6.0584,-5.8617
-6.0584,-6.0741
-6.0584,-6.3327
-6.0584,-6.9772
-6.0584,-6.1293
-6.0584,-6.5466
1.0894,1.3937
1.0894,1.737
1.0894,0.41725
1.0894,0.93326
1.0894,0.81918
-3.8971,-3.7066
2.4505,2.0095
2.4505,1.737
-4.7619,-5.3729
-4.7619,-4.0817
-4.7619,-4.1215
-4.7619,-5.0178
-4.7619,-4.5056
-4.7619,-4.5001
-4.7619,-4.3133
-4.7619,-4.763
-4.7619,-4.5044
0.90011,0.63162
0.90011,1.8708
0.90011,0.54453
0.90011,0.72177
0.90011,0.048117
0.90011,1.3329
0.90011,0.18682
0.90011,1.4706
0.90011,0.75981
0.90011,-0.037571
0.67142,0.60779
0.67142,0.41092
0.67142,-0.21526
0.67142,1.3937
0.67142,0.41725
0.67142,-0.027505
0.67142,0.1363
-7.0285,-6.6795
-7.0285,-6.3531
-7.0285,-6.1293
-7.0285,-6.5402
1.6126,0.63162
1.6126,1.8708
1.6126,1.3329
1.6126,1.2252
1.6126,0.66473
6.7638,6.079
6.7638,6.5222
6.7638,7.4734
-0.21526,0.60779
-0.21526,-1.0691
-0.21526,0.41092
-0.21526,-0.64332
-0.21526,0.67142
-0.21526,0.029258
-0.21526,-0.82555
-0.21526,-0.60307
-0.21526,-0.57409
-0.21526,-0.33826
-0.21526,0.1363
-0.21526,-0.38038
-2.2589,-1.3382
-2.2589,-1.6484
-2.2589,-2.639
-2.2589,-2.4557
-2.2589,-2.8508
-5.8617,-6.0623
-5.8617,-5.6391
-5.8617,-6.6795
-5.8617,-5.3399
-5.8617,-6.0584
-5.8617,-6.3327
-5.8617,-5.5933
-5.8617,-6.3531
-5.8617,-6.1293
-5.8617,-5.1061
6.079,6.7638
6.079,5.6621
-6.0741,-6.0584
-6.0741,-6.877
0.029258,0.60779
0.029258,-0.64332
0.029258,-0.21526
0.029258,-0.60307
0.029258,-0.33826
0.029258,-0.38038
6.4271,6.8796
6.4271,5.8808
6.4271,6.7923
6.4271,6.2706
6.4271,5.9526
6.4271,5.7467
6.4271,7.146
6.4271,6.6046
6.4271,6.1557
-0.82555,-1.4539
-0.82555,-0.21526
-0.82555,-0.60307
-0.82555,-0.57409
-0.82555,-0.33826
-0.82555,-0.37636
-0.82555,-0.027505
-0.82555,0.1363
-0.82555,-0.38038
1.3937,0.60779
1.3937,0.41092
1.3937,1.0894
1.3937,0.67142
1.3937,0.93326
-4.5001,-5.3729
-4.5001,-4.0817
-4.5001,-5.0178
-4.5001,-4.6016
-4.5001,-3.8099
-4.5001,-4.7619
-4.5001,-4.3133
-4.5001,-4.2442
-4.5001,-4.763
-4.5001,-4.0768
-4.5001,-4.5044
-4.5001,-4.4956
-4.5001,-3.7355
5.7467,5.472
5.7467,5.0463
5.7467,6.2706
5.7467,5.9526
5.7467,6.4271
5.7467,5.3451
5.7467,5.1891
5.7467,5.5513
5.7467,6.1557
0.54453,-0.26779
0.54453,0.90011
0.54453,0.74559
0.54453,-0.23419
0.54453,0.72177
0.54453,0.18682
0.54453,1.4706
0.54453,0.093588
0.54453,0.76755
0.54453,-0.037571
0.015346,0.74559
0.015346,-0.25929
0.015346,0.093588
0.015346,0.76755
2.0095,1.9653
2.0095,1.4152
2.0095,2.4505
2.0095,1.5326
-6.3327,-5.6391
-6.3327,-6.6795
-6.3327,-6.0584
-6.3327,-5.8617
-6.3327,-6.9772
-6.3327,-6.3531
-6.3327,-6.1293
-6.3327,-6.5466
-0.60307,-1.4539
-0.60307,-1.0691
-0.60307,-0.64332
-0.60307,-0.21526
-0.60307,0.029258
-0.60307,-0.82555
-0.60307,-0.57409
-0.60307,-0.33826
-0.60307,-1.2923
-0.60307,0.1363
-0.60307,-0.38038
0.74559,0.54453
0.74559,0.015346
0.74559,0.72177
0.74559,0.18682
0.74559,1.4706
0.74559,0.093588
0.74559,0.76755
-0.30514,0.63162
-0.30514,0.0085036
-0.30514,-0.23419
-0.30514,0.048117
-0.30514,-1.0496
-0.30514,0.32529
-0.30514,-0.037571
-0.30514,-0.43991
-0.30514,-0.91926
-0.30514,-0.58345
-0.30514,-0.3672
-0.30514,-1.1509
7.094,6.511
7.094,7.5992
7.094,6.8118
7.094,6.3144
7.094,6.6994
5.3451,5.8808
5.3451,5.0463
5.3451,6.2706
5.3451,5.9526
5.3451,5.7467
5.3451,5.1891
5.3451,5.5513
5.3451,6.1557
-0.23419,-0.26779
-0.23419,0.54453
-0.23419,-0.30514
-0.23419,0.72177
-0.23419,0.048117
-0.23419,0.18682
-0.23419,0.093588
-0.23419,-1.0496
-0.23419,-0.037571
-0.23419,-0.43991
-0.23419,-0.91926
-0.23419,-1.019
0.72177,0.63162
0.72177,0.90011
0.72177,0.54453
0.72177,0.74559
0.72177,-0.23419
0.72177,0.048117
0.72177,0.18682
0.72177,1.4706
0.72177,0.75981
0.72177,0.093588
0.72177,-0.037571
6.8742,6.511
6.8742,6.296
6.8742,7.5992
6.8742,6.8118
-4.5576,-4.1486
-4.5576,-4.633
6.6988,6.001
6.6988,5.9608
6.6988,6.6708
6.6988,6.6994
6.6988,5.8665
6.6988,6.3348
-4.9439,-5.5211
-4.9439,-5.2458
-4.9439,-4.6016
-4.9439,-4.1486
-4.9439,-4.4956
-4.9439,-4.633
5.715,6.001
5.715,5.1751
5.715,4.9469
5.715,5.9608
5.715,5.6861
5.715,6.6708
5.715,5.5279
5.715,5.2491
5.715,5.8665
5.715,5.6044
5.715,6.3348
-4.3133,-4.0817
-4.3133,-4.1215
-4.3133,-4.5056
-4.3133,-4.6016
-4.3133,-4.7619
-4.3133,-4.5001
-4.3133,-3.6223
-4.3133,-4.763
-4.3133,-4.0768
-4.3133,-4.5044
-4.3133,-3.4072
-4.3133,-3.7655
-4.3133,-3.7355
1.737,0.99439
1.737,2.1061
1.737,1.4152
1.737,1.0894
1.737,2.4505
5.1891,5.8808
5.1891,5.3262
5.1891,5.0463
5.1891,5.7467
5.1891,5.3451
5.1891,5.5513
5.1891,4.7749
0.048117,0.63162
0.048117,0.0085036
0.048117,0.90011
0.048117,-0.30514
0.048117,-0.23419
0.048117,0.72177
0.048117,0.18682
0.048117,0.75981
0.048117,0.32529
0.048117,-0.037571
0.048117,-0.43991
0.35575,0.99439
0.35575,0.93326
0.35575,0.81918
0.35575,0.013577
5.5915,5.6621
7.146,6.8796
7.146,6.7923
7.146,6.4271
7.146,6.436
7.146,6.6046
6.436,6.8796
6.436,5.9526
6.436,7.146
6.436,6.6046
5.8821,6.511
5.8821,6.296
5.8821,4.9838
5.8821,5.5468
5.8821,5.5279
5.8821,6.1302
5.8821,6.3144
5.8821,6.6994
5.8821,5.8665
5.8821,5.7256
6.6708,5.9608
6.6708,6.6988
6.6708,5.715
6.6708,6.1302
6.6708,6.3144
6.6708,6.6994
6.6708,5.8665
6.6708,6.3348
-3.6223,-4.1215
-3.6223,-4.5056
-3.6223,-4.3133
-3.6223,-3.495
-3.6223,-3.41
-3.6223,-3.7655
-3.6223,-2.834
-3.6223,-3.7355
-1.9403,-2.8328
-1.9403,-1.0496
-1.9403,-1.6484
-1.9403,-2.4557
-3.495,-4.1215
-3.495,-4.0985
-3.495,-3.6223
-3.495,-3.7655
-3.495,-2.834
7.5992,7.094
7.5992,6.8742
7.5992,6.8118
-6.0621,-6.0623
-6.0621,-6.2042
-6.0621,-6.1353
-6.0621,-6.3248
-6.0621,-6.9607
-6.0621,-5.2101
-6.0621,-6.5402
1.3329,0.63162
1.3329,1.8708
1.3329,0.90011
1.3329,1.6126
1.3329,0.75981
1.3329,0.66473
-0.25929,-0.26779
-0.25929,0.015346
-0.25929,0.093588
-0.25929,-1.019
-0.57409,-1.4539
-0.57409,0.41092
-0.57409,-0.21526
-0.57409,-0.82555
-0.57409,-0.60307
-0.57409,-0.33826
-0.57409,-0.37636
-0.57409,-0.027505
-0.57409,0.1363
-0.57409,-0.38038
1.5326,1.9653
1.5326,0.99439
1.5326,1.4152
1.5326,2.0095
1.2252,1.6126
1.2252,0.66473
-0.33826,0.60779
-0.33826,0.41092
-0.33826,-0.21526
-0.33826,0.029258
-0.33826,-0.82555
-0.33826,-0.60307
-0.33826,-0.57409
-0.33826,0.41725
-0.33826,-0.027505
-0.33826,0.1363
-0.33826,-0.38038
6.8118,6.511
6.8118,6.296
6.8118,7.094
6.8118,6.8742
6.8118,7.5992
6.8118,6.1302
6.8118,6.3144
6.8118,6.6994
-3.7066,-2.8328
-3.7066,-3.8971
2.8428,1.9653
-4.2442,-4.0817
-4.2442,-5.0178
-4.2442,-3.8416
-4.2442,-4.6016
-4.2442,-3.8099
-4.2442,-4.5001
-4.2442,-4.763
-4.2442,-4.0768
-4.2442,-4.1486
-4.2442,-4.4956
-4.2442,-4.633
-4.2442,-3.7355
5.5279,4.9469
5.5279,5.9608
5.5279,4.9838
5.5279,5.5468
5.5279,5.715
5.5279,5.8821
5.5279,6.1302
5.5279,6.3144
5.5279,5.2491
5.5279,5.8665
5.5279,5.6044
0.18682,-0.26779
0.18682,0.90011
0.18682,0.54453
0.18682,0.74559
0.18682,-0.23419
0.18682,0.72177
0.18682,0.048117
0.18682,0.75981
0.18682,0.093588
0.18682,-0.037571
6.1302,6.511
6.1302,5.9608
6.1302,5.5468
6.1302,5.8821
6.1302,6.6708
6.1302,6.8118
6.1302,5.5279
6.1302,6.3144
6.1302,6.6994
6.1302,5.8665
6.1302,5.6044
-4.763,-5.3729
-4.763,-5.5211
-4.763,-4.0817
-4.763,-5.2458
-4.763,-5.0178
-4.763,-4.6016
-4.763,-4.7619
-4.763,-4.5001
-4.763,-4.3133
-4.763,-4.2442
-4.763,-4.0768
-4.763,-4.5044
-4.763,-4.4956
-3.8435,-4.0985
6.3144,6.511
6.3144,5.9608
6.3144,5.5468
6.3144,7.094
6.3144,5.8821
6.3144,6.6708
6.3144,6.8118
6.3144,5.5279
6.3144,6.1302
6.3144,6.6994
6.3144,5.8665
6.3144,5.6044
0.41725,0.60779
0.41725,0.41092
0.41725,1.0894
0.41725,0.67142
0.41725,-0.33826
0.41725,0.93326
0.41725,0.81918
0.41725,-0.37636
0.41725,-0.027505
0.41725,0.013577
0.41725,0.1363
-6.877,-6.0741
-6.877,-6.9772
-6.877,-6.5466
5.2491,5.1751
5.2491,4.9469
5.2491,5.9608
5.2491,4.9838
5.2491,5.715
5.2491,5.5279
5.2491,5.8665
5.2491,5.6044
1.4706,1.8708
1.4706,0.90011
1.4706,0.54453
1.4706,0.74559
1.4706,0.72177
-7.4463,-7.5633
6.6994,5.9608
6.6994,7.094
6.6994,6.6988
6.6994,5.8821
6.6994,6.6708
6.6994,6.8118
6.6994,6.1302
6.6994,6.3144
6.6994,5.8665
5.5513,5.8808
5.5513,5.3262
5.5513,5.0463
5.5513,6.2706
5.5513,5.7467
5.5513,5.3451
5.5513,5.1891
5.5513,4.7749
5.5513,6.1597
5.5513,6.1557
-3.41,-4.0817
-3.41,-4.1215
-3.41,-3.6223
-3.41,-3.4072
-3.41,-3.7655
-3.41,-2.834
-3.41,-3.7355
0.75981,0.63162
0.75981,0.0085036
0.75981,0.90011
0.75981,0.72177
0.75981,0.048117
0.75981,1.3329
0.75981,0.18682
0.75981,0.66473
0.75981,-0.037571
0.093588,-0.26779
0.093588,0.54453
0.093588,0.015346
0.093588,0.74559
0.093588,-0.23419
0.093588,0.72177
0.093588,-0.25929
0.093588,0.18682
0.093588,0.76755
0.093588,-0.037571
0.93326,1.0894
0.93326,1.3937
0.93326,0.35575
0.93326,0.41725
0.93326,0.81918
0.93326,-0.027505
0.93326,0.013577
0.93326,0.1363
6.5222,6.7638
6.5222,5.6621
0.66473,0.63162
0.66473,0.0085036
0.66473,1.6126
0.66473,1.3329
0.66473,1.2252
0.66473,0.75981
0.66473,0.32529
-4.0768,-4.0817
-4.0768,-5.0178
-4.0768,-3.8416
-4.0768,-4.6016
-4.0768,-3.8099
-4.0768,-4.5001
-4.0768,-4.3133
-4.0768,-4.2442
-4.0768,-4.763
-4.0768,-4.5044
-4.0768,-4.4956
-4.0768,-3.4072
-4.0768,-3.7355
-4.1486,-3.8416
-4.1486,-3.8099
-4.1486,-4.5576
-4.1486,-4.9439
-4.1486,-4.2442
-4.1486,-4.4956
-4.1486,-4.633
-5.5933,-6.0623
-5.5933,-5.6391
-5.5933,-5.3399
-5.5933,-5.8617
-5.5933,-6.3531
-5.5933,-6.1293
-5.5933,-5.1061
-6.9772,-6.6795
-6.9772,-6.0584
-6.9772,-6.3327
-6.9772,-6.877
-6.9772,-6.5466
0.81918,1.0894
0.81918,0.35575
0.81918,0.41725
0.81918,0.93326
0.81918,-0.027505
0.81918,0.013577
0.81918,0.1363
-4.5044,-5.3729
-4.5044,-4.0817
-4.5044,-4.1215
-4.5044,-5.0178
-4.5044,-4.5056
-4.5044,-4.6016
-4.5044,-4.7619
-4.5044,-4.5001
-4.5044,-4.3133
-4.5044,-4.763
-4.5044,-4.0768
-4.5044,-3.7655
-4.5044,-3.7355
0.76755,0.54453
0.76755,0.015346
0.76755,0.74559
0.76755,0.093588
7.4734,6.7638
-1.0496,-0.30514
-1.0496,-0.23419
-1.0496,-1.9403
-1.0496,-1.6484
-1.0496,-0.43991
-1.0496,-0.91926
-1.0496,-1.1509
-1.0496,-1.019
-1.6484,-1.3382
-1.6484,-2.2589
-1.6484,-1.9403
-1.6484,-1.0496
-1.6484,-2.4557
-1.6484,-0.91926
-1.6484,-1.1509
-6.3531,-6.0623
-6.3531,-6.6795
-6.3531,-6.3248
-6.3531,-7.0285
-6.3531,-5.8617
-6.3531,-6.3327
-6.3531,-5.5933
-6.3531,-6.1293
-6.3531,-6.5402
0.32529,0.63162
0.32529,0.0085036
0.32529,0.21813
0.32529,-0.30514
0.32529,0.048117
0.32529,0.66473
0.32529,-0.58345
0.32529,-0.3672
5.6066,6.001
5.6066,5.6889
5.6066,6.1874
5.6066,5.6861
5.6066,5.2579
5.6066,6.3423
-6.1293,-6.0623
-6.1293,-5.6391
-6.1293,-6.6795
-6.1293,-6.0584
-6.1293,-7.0285
-6.1293,-5.8617
-6.1293,-6.3327
-6.1293,-5.5933
-6.1293,-6.3531
-6.1293,-6.5466
-4.4956,-5.2458
-4.4956,-5.0178
-4.4956,-3.8416
-4.4956,-4.6016
-4.4956,-3.8099
-4.4956,-4.5001
-4.4956,-4.9439
-4.4956,-4.2442
-4.4956,-4.763
-4.4956,-4.0768
-4.4956,-4.1486
-4.4956,-4.633
4.7749,5.3262
4.7749,5.1891
4.7749,5.5513
-3.4072,-4.0817
-3.4072,-3.8099
-3.4072,-4.3133
-3.4072,-3.41
-3.4072,-4.0768
-3.4072,-3.7355
-0.037571,0.0085036
-0.037571,-0.26779
-0.037571,0.90011
-0.037571,0.54453
-0.037571,-0.30514
-0.037571,-0.23419
-0.037571,0.72177
-0.037571,0.048117
-0.037571,0.18682
-0.037571,0.75981
-0.037571,0.093588
-0.037571,-0.43991
-0.037571,-0.91926
6.1597,5.8808
6.1597,6.7923
6.1597,5.3262
6.1597,6.2706
6.1597,5.5513
-1.2923,-1.4539
-1.2923,-1.0691
-1.2923,-0.64332
-1.2923,-0.60307
-1.2923,-1.914
-1.2923,-0.38038
-0.37636,-0.82555
-0.37636,-0.57409
-0.37636,0.41725
-0.37636,-0.027505
-0.37636,0.013577
-0.37636,0.1363
6.6046,6.8796
6.6046,5.9526
6.6046,6.4271
6.6046,7.146
6.6046,6.436
6.6046,6.1557
5.8665,5.9608
5.8665,5.5468
5.8665,6.6988
5.8665,5.715
5.8665,5.8821
5.8665,6.6708
5.8665,5.5279
5.8665,6.1302
5.8665,6.3144
5.8665,5.2491
5.8665,6.6994
5.8665,5.6044
5.8665,6.3348
-0.43991,0.0085036
-0.43991,-0.30514
-0.43991,-0.23419
-0.43991,0.048117
-0.43991,-1.0496
-0.43991,-0.037571
-0.43991,-0.91926
-0.43991,-0.58345
-0.43991,-1.1509
-4.633,-5.2458
-4.633,-3.8416
-4.633,-4.6016
-4.633,-4.5576
-4.633,-4.9439
-4.633,-4.2442
-4.633,-4.1486
-4.633,-4.4956
-2.639,-2.2589
-5.1061,-5.6391
-5.1061,-5.3399
-5.1061,-5.8617
-5.1061,-5.5933
-1.914,-1.0691
-1.914,-1.2923
-1.914,-2.834
-7.2068,-6.3248
-7.2068,-6.9607
-7.2068,-6.5402
-2.4557,-2.8328
-2.4557,-2.2589
-2.4557,-1.9403
-2.4557,-1.6484
-2.4557,-2.8508
-3.7655,-4.0817
-3.7655,-4.1215
-3.7655,-4.5056
-3.7655,-4.3133
-3.7655,-3.6223
-3.7655,-3.495
-3.7655,-3.41
-3.7655,-4.5044
-3.7655,-2.834
-3.7655,-3.7355
5.6621,6.079
5.6621,5.5915
5.6621,6.5222
-0.027505,0.41092
-0.027505,0.67142
-0.027505,-0.82555
-0.027505,-0.57409
-0.027505,-0.33826
-0.027505,0.41725
-0.027505,0.93326
-0.027505,0.81918
-0.027505,-0.37636
-0.027505,0.013577
-0.027505,0.1363
-5.9584,-5.4257
-5.9584,-6.5163
-0.91926,-0.26779
-0.91926,-0.30514
-0.91926,-0.23419
-0.91926,-1.0496
-0.91926,-1.6484
-0.91926,-0.037571
-0.91926,-0.43991
-0.91926,-1.1509
-0.91926,-1.019
-0.58345,0.0085036
-0.58345,-1.3382
-0.58345,-0.30514
-0.58345,0.32529
-0.58345,-0.43991
-0.58345,-0.3672
-0.58345,-1.1509
-0.3672,0.0085036
-0.3672,0.21813
-0.3672,-0.30514
-0.3672,0.32529
-0.3672,-0.58345
-5.2101,-6.0623
-5.2101,-6.1353
-5.2101,-5.3399
-5.2101,-6.0621
-2.834,-3.6223
-2.834,-3.495
-2.834,-3.41
-2.834,-1.914
-2.834,-3.7655
-6.5402,-6.0623
-6.5402,-6.1353
-6.5402,-6.6795
-6.5402,-6.3248
-6.5402,-6.9607
-6.5402,-7.0285
-6.5402,-6.0621
-6.5402,-6.3531
-6.5402,-7.2068
-1.1509,-1.3382
-1.1509,-0.30514
-1.1509,-1.0496
-1.1509,-1.6484
-1.1509,-0.43991
-1.1509,-0.91926
-1.1509,-0.58345
5.2579,5.1751
5.2579,5.6861
5.2579,5.6066
0.013577,0.35575
0.013577,0.41725
0.013577,0.93326
0.013577,0.81918
0.013577,-0.37636
0.013577,-0.027505
0.013577,0.1363
-3.7355,-4.0817
-3.7355,-3.8099
-3.7355,-4.5001
-3.7355,-4.3133
-3.7355,-3.6223
-3.7355,-4.2442
-3.7355,-3.41
-3.7355,-4.0768
-3.7355,-4.5044
-3.7355,-3.4072
-3.7355,-3.7655
5.6044,5.1751
5.6044,4.9469
5.6044,5.9608
5.6044,5.6861
5.6044,4.9838
5.6044,5.715
5.6044,5.5279
5.6044,6.1302
5.6044,6.3144
5.6044,5.2491
5.6044,5.8665
6.1557,6.8796
6.1557,5.472
6.1557,5.8808
6.1557,6.7923
6.1557,6.2706
6.1557,5.9526
6.1557,6.4271
6.1557,5.7467
6.1557,5.3451
6.1557,5.5513
6.1557,6.6046
-6.5466,-5.6391
-6.5466,-6.6795
-6.5466,-6.0584
-6.5466,-6.3327
-6.5466,-6.877
-6.5466,-6.9772
-6.5466,-6.1293
-2.8508,-2.8328
-2.8508,-2.2589
-2.8508,-2.4557
-1.019,-0.26779
-1.019,-0.23419
-1.019,-0.25929
-1.019,-1.0496
-1.019,-0.91926
0.1363,0.60779
0.1363,0.41092
0.1363,0.67142
0.1363,-0.21526
0.1363,-0.82555
0.1363,-0.60307
0.1363,-0.57409
0.1363,-0.33826
0.1363,0.41725
0.1363,0.93326
0.1363,0.81918
0.1363,-0.37636
0.1363,-0.027505
0.1363,0.013577
0.1363,-0.38038
6.3423,6.001
6.3423,6.1874
6.3423,5.6861
6.3423,5.6066
6.3423,6.3348
5.7256,6.511
5.7256,6.296
5.7256,5.5468
5.7256,5.8821
-0.38038,0.60779
-0.38038,-1.0691
-0.38038,0.41092
-0.38038,-0.64332
-0.38038,-0.21526
-0.38038,0.029258
-0.38038,-0.82555
-0.38038,-0.60307
-0.38038,-0.57409
-0.38038,-0.33826
-0.38038,-1.2923
-0.38038,0.1363
6.3348,6.001
6.3348,5.9608
6.3348,5.6861
6.3348,6.6988
6.3348,5.715
6.3348,6.6708
6.3348,5.8665
6.3348,6.3423
