6.3229,7.0546
6.3229,5.7536
6.3229,6.2172
6.3229,5.7072
6.3229,6.5472
6.3229,5.9332
6.3229,6.8341
6.3229,5.4023
6.3229,6.4767
6.3229,6.1057
-4.7319,-4.2893
-4.7319,-4.2293
-4.7319,-5.3062
-4.7319,-3.9465
-0.62502,-1.4927
-0.62502,-1.0685
-0.62502,-0.81182
-2.9595,-3.2532
-2.9595,-2.6102
-2.9595,-2.1567
-2.9595,-3.2294
-2.9595,-2.596
-2.9595,-3.6494
-2.9595,-2.3942
-2.9595,-2.6527
-2.9595,-3.066
-2.9595,-3.3938
-5.0442,-5.0873
-5.0442,-4.3707
-5.0442,-4.696
-5.0442,-4.1902
-5.0442,-4.6717
-5.0442,-5.3807
-5.0442,-4.6434
-5.0442,-5.724
-5.0442,-5.8136
-5.0442,-5.4086
-5.0442,-5.0931
-5.0442,-4.6832
-5.0442,-4.9656
-5.0442,-5.3727
-5.0442,-5.5771
-5.0442,-4.8751
-5.0442,-5.4897
6.2338,5.5731
6.2338,5.5113
6.2338,7.0732
6.2338,6.2739
6.2338,6.5643
6.2338,6.1069
6.2338,6.3608
6.2338,5.3561
6.2338,6.9559
6.2338,6.0263
6.2338,5.6851
7.0546,6.3229
7.0546,7.5641
7.0546,6.8341
7.0546,6.4767
-2.6383,-2.6963
-2.6383,-2.6102
-2.6383,-3.2294
-2.6383,-3.3626
-2.6383,-2.596
-2.6383,-1.8572
-2.6383,-2.1669
-2.6383,-2.6076
-2.6383,-3.0202
-2.6383,-3.066
4.8366,5.5731
4.8366,5.5113
4.8366,4.7036
4.8366,5.1084
4.8366,4.3236
4.8366,4.4387
4.8366,4.9488
4.8366,4.8916
4.8366,4.4179
4.8366,5.3561
4.8366,4.0441
5.5731,6.2338
5.5731,4.8366
5.5731,5.5113
5.5731,5.2766
5.5731,6.1069
5.5731,5.1084
5.5731,4.9488
5.5731,6.3608
5.5731,5.3561
5.5731,6.0263
5.5731,5.6851
5.7536,6.3229
5.7536,5.5893
5.7536,4.9955
5.7536,5.2428
5.7536,6.2172
5.7536,5.3775
5.7536,5.7072
5.7536,5.1097
5.7536,6.5472
5.7536,5.9332
5.7536,5.4023
5.7536,6.4767
5.7536,6.1057
5.7536,5.8379
-2.6963,-2.6383
-2.6963,-3.3626
-2.6963,-3.5202
-2.6963,-2.6076
-2.6963,-3.0202
-3.2532,-2.9595
-3.2532,-3.6494
-3.2532,-2.3942
-3.2532,-3.9769
-3.2532,-2.6527
-3.2532,-3.187
-3.2532,-3.3938
-3.7747,-4.5551
-3.7747,-3.3219
-3.7747,-4.1633
-3.7747,-3.4873
-3.7747,-4.2435
-3.7747,-3.1035
-3.7747,-4.175
-3.7747,-3.7586
-3.7747,-4.6039
-3.7747,-3.8679
-3.9589,-4.2678
-3.9589,-3.34
-3.9589,-3.4011
-3.9589,-3.5559
-3.9589,-4.4774
-3.9589,-4.5405
-3.9589,-3.9675
4.5591,3.9828
4.5591,4.6531
5.5893,5.7536
5.5893,5.5113
5.5893,4.9955
5.5893,6.2739
5.5893,6.2172
5.5893,5.3775
5.5893,6.1069
5.5893,5.1084
5.5893,5.7072
5.5893,4.8916
5.5893,5.1097
5.5893,6.5472
5.5893,5.4023
5.5893,4.7528
5.5893,6.1057
5.5893,5.8379
-4.2893,-4.7319
-4.2893,-4.5026
-4.2893,-3.7425
-4.2893,-3.9465
-4.2893,-3.8868
5.5113,6.2338
5.5113,4.8366
5.5113,5.5731
5.5113,5.5893
5.5113,6.2739
5.5113,5.3775
5.5113,6.1069
5.5113,5.1084
5.5113,4.9488
5.5113,4.8916
5.5113,5.1097
5.5113,5.3561
5.5113,6.0263
5.5113,6.1057
5.5113,5.8379
-3.0358,-3.8217
-3.0358,-3.1035
-3.0358,-3.7586
-5.8413,-5.3617
-5.8413,-6.0328
-5.8413,-5.2432
-5.8413,-5.4106
-5.8413,-5.0404
-5.8413,-6.1795
-5.8413,-6.7814
-5.8413,-5.4897
-5.8413,-5.8517
-2.6102,-2.9595
-2.6102,-2.6383
-2.6102,-2.1567
-2.6102,-3.2294
-2.6102,-2.596
-2.6102,-1.8572
-2.6102,-2.1669
-2.6102,-2.3942
-2.6102,-2.6076
-2.6102,-3.0202
-2.6102,-3.066
-2.6102,-3.3938
-5.3617,-5.8413
-5.3617,-4.5551
-5.3617,-4.696
-5.3617,-5.2432
-5.3617,-5.724
-5.3617,-4.7868
-5.3617,-5.0931
-5.3617,-5.4106
-5.3617,-5.0404
-5.3617,-5.3727
-5.3617,-6.1795
-5.3617,-5.4897
-5.3617,-5.8517
-5.3617,-4.6039
-4.2678,-3.9589
-4.2678,-4.2312
-4.2678,-3.5559
-4.2678,-3.6959
-4.2678,-4.6434
-4.2678,-4.4774
-4.2678,-4.9656
-4.2678,-4.5405
-4.2678,-5.1228
-4.2678,-3.9675
-4.2678,-4.8383
4.7036,4.8366
4.7036,5.2766
4.7036,3.9828
4.7036,4.9488
4.7036,4.4179
4.7036,5.6851
4.7036,4.6531
-3.9591,-4.3707
-3.9591,-4.696
-3.9591,-4.1902
-3.9591,-4.6717
-3.9591,-3.3219
-3.9591,-4.0641
-3.9591,-3.5183
-3.9591,-3.5383
-3.9591,-4.1633
-3.9591,-3.0964
-3.9591,-3.6413
-3.9591,-4.0939
-3.9591,-4.6832
-3.9591,-3.0576
-3.9591,-3.8679
-2.1567,-2.9595
-2.1567,-2.6102
-2.1567,-1.4927
-2.1567,-1.5597
-2.1567,-2.596
-2.1567,-2.1669
-2.1567,-2.3942
-2.1567,-1.8508
-2.1567,-3.066
3.5759,3.2826
3.5759,4.3236
3.5759,4.4387
3.5759,3.5281
3.5759,4.0441
3.5759,3.9595
-6.7594,-6.3417
-6.7594,-7.2353
-6.7594,-6.0738
-6.7594,-7.0501
-6.7594,-6.153
-6.7594,-6.5428
-1.5962,-1.0685
-1.5962,-2.0459
-1.5962,-1.4953
-1.5962,-2.4182
-1.5962,-1.8508
-5.8337,-6.3417
-5.8337,-5.4093
-5.8337,-6.153
-5.8337,-5.1228
5.9813,5.2766
5.9813,5.5278
5.9813,6.3608
5.9813,5.6851
5.9813,6.6381
-6.3417,-6.7594
-6.3417,-5.8337
-6.3417,-5.4093
-6.3417,-6.0738
-6.3417,-5.6662
-6.3417,-7.0501
-6.3417,-6.153
-3.34,-3.9589
-3.34,-3.4011
-3.34,-3.5559
-3.34,-3.0884
-3.34,-3.9675
6.1632,5.9332
6.1632,6.4767
6.1632,5.2742
5.2766,5.5731
5.2766,4.7036
5.2766,5.9813
5.2766,5.5278
5.2766,4.9488
5.2766,4.4179
5.2766,5.3561
5.2766,5.6851
5.2766,4.6531
-4.6277,-3.8217
-4.6277,-5.3916
-4.6277,-4.7725
4.9955,5.7536
4.9955,5.5893
4.9955,4.7113
4.9955,5.2428
4.9955,5.3775
4.9955,5.7072
4.9955,4.4053
4.9955,4.8916
4.9955,5.1097
4.9955,4.7004
4.9955,5.4023
4.9955,4.7528
4.9955,4.4466
4.9955,4.0871
-5.0873,-5.0442
-5.0873,-5.4093
-5.0873,-4.3707
-5.0873,-4.1902
-5.0873,-4.2312
-5.0873,-4.6717
-5.0873,-5.3807
-5.0873,-6.0738
-5.0873,-4.6434
-5.0873,-4.4774
-5.0873,-5.8136
-5.0873,-5.4086
-5.0873,-4.9656
-5.0873,-5.3727
-5.0873,-5.6662
-5.0873,-5.5771
-5.0873,-4.8751
-5.0873,-4.8383
-5.4093,-5.8337
-5.4093,-6.3417
-5.4093,-5.0873
-5.4093,-5.3807
-5.4093,-6.0738
-5.4093,-4.4774
-5.4093,-4.9656
-5.4093,-5.6662
-5.4093,-6.153
-5.4093,-5.5771
-5.4093,-4.5405
-5.4093,-5.1228
-5.4093,-4.8383
3.6271,3.2826
3.6271,4.4053
3.6271,3.9595
3.6271,4.4466
3.6271,4.0871
3.6271,2.7852
-6.0328,-5.8413
-6.0328,-5.2432
-6.0328,-5.4106
-6.0328,-6.1795
-6.0328,-5.3916
-2.3403,-2.3188
7.0023,7.0732
7.0023,6.2739
7.0023,6.5643
7.0023,6.1069
7.0023,7.8497
7.0023,6.5472
7.0023,7.7837
7.0023,7.0525
-4.5551,-3.7747
-4.5551,-5.3617
-4.5551,-4.3707
-4.5551,-4.696
-4.5551,-5.2432
-4.5551,-4.1633
-4.5551,-4.7868
-4.5551,-4.0939
-4.5551,-5.0931
-4.5551,-4.6832
-4.5551,-5.0404
-4.5551,-5.4897
-4.5551,-4.175
-4.5551,-4.6039
-4.5551,-3.8679
7.0732,6.2338
7.0732,7.0023
7.0732,6.5643
7.0732,7.8497
7.0732,6.3608
7.0732,6.9559
-7.2353,-6.7594
-7.2353,-6.5428
-1.4927,-0.62502
-1.4927,-2.1567
-1.4927,-1.5597
-1.4927,-1.0685
-1.4927,-2.1669
-1.4927,-2.3942
-1.4927,-0.81182
-1.4927,-1.8508
-4.2293,-4.7319
-4.2293,-3.6494
-4.2293,-3.9769
-4.2293,-3.9465
-4.2293,-3.3938
-1.8284,-2.494
-1.8284,-2.2063
-1.8284,-2.3777
6.2739,6.2338
6.2739,5.5893
6.2739,5.5113
6.2739,7.0023
6.2739,6.2172
6.2739,5.3775
6.2739,6.5643
6.2739,6.1069
6.2739,6.5472
6.2739,6.0263
6.2739,7.0525
6.2739,6.1057
6.2739,5.8379
-1.5597,-2.1567
-1.5597,-1.4927
-1.5597,-0.8879
-1.5597,-1.8572
-1.5597,-1.6704
-1.5597,-2.1669
-1.5597,-0.81182
4.7113,4.9955
4.7113,5.2428
4.7113,5.7072
4.7113,4.4053
4.7113,5.1097
4.7113,4.0669
4.7113,4.7004
4.7113,5.4023
4.7113,4.7528
4.7113,4.4466
4.7113,4.0871
4.7113,5.2742
-6.2405,-6.0738
-6.2405,-5.724
-6.2405,-5.8136
-6.2405,-5.4086
-6.2405,-5.3727
-6.2405,-5.5771
-6.2405,-6.3558
-6.2405,-5.8517
-6.2405,-6.5428
-4.3707,-5.0442
-4.3707,-3.9591
-4.3707,-5.0873
-4.3707,-4.5551
-4.3707,-4.696
-4.3707,-4.1902
-4.3707,-4.2312
-4.3707,-4.6717
-4.3707,-4.0641
-4.3707,-3.5183
-4.3707,-3.5383
-4.3707,-4.1633
-4.3707,-4.6434
-4.3707,-3.6413
-4.3707,-4.0939
-4.3707,-5.0931
-4.3707,-4.6832
-4.3707,-5.3727
-4.3707,-4.8751
-4.3707,-3.8679
-7.1194,-6.7814
-7.1194,-6.3558
-2.494,-1.8284
-2.494,-3.0964
-2.494,-3.0834
-2.494,-2.816
-2.494,-2.3188
-2.494,-3.0884
-4.5026,-4.2893
-4.5026,-4.4843
-4.5026,-3.7425
-4.5026,-5.1239
-4.5026,-3.8868
5.2428,5.7536
5.2428,4.9955
5.2428,4.7113
5.2428,5.7072
5.2428,5.9332
5.2428,4.7004
5.2428,5.4023
5.2428,5.2742
-5.3062,-4.7319
6.2172,6.3229
6.2172,5.7536
6.2172,5.5893
6.2172,6.2739
6.2172,5.7072
6.2172,6.5472
6.2172,6.8341
6.2172,5.4023
6.2172,6.4767
6.2172,7.0525
6.2172,6.1057
6.2172,5.8379
-3.2294,-2.9595
-3.2294,-2.6383
-3.2294,-2.6102
-3.2294,-3.3626
-3.2294,-2.596
-3.2294,-3.7425
-3.2294,-3.0202
-3.2294,-3.9465
-3.2294,-3.066
-3.2294,-3.3938
5.3775,5.7536
5.3775,5.5893
5.3775,5.5113
5.3775,4.9955
5.3775,6.2739
5.3775,6.1069
5.3775,5.1084
5.3775,4.4387
5.3775,4.8916
5.3775,5.1097
5.3775,5.3561
5.3775,5.4023
5.3775,4.7528
5.3775,4.4466
5.3775,6.1057
5.3775,5.8379
-1.0685,-0.62502
-1.0685,-1.5962
-1.0685,-1.4927
-1.0685,-1.8508
-4.696,-5.0442
-4.696,-5.3617
-4.696,-3.9591
-4.696,-4.5551
-4.696,-4.3707
-4.696,-4.6717
-4.696,-4.1633
-4.696,-4.7868
-4.696,-4.0939
-4.696,-5.0931
-4.696,-4.6832
-4.696,-5.0404
-4.696,-5.3727
-4.696,-5.4897
-4.696,-4.175
-4.696,-3.8679
6.5643,6.2338
6.5643,7.0023
6.5643,7.0732
6.5643,6.2739
6.5643,6.1069
6.5643,6.5472
6.5643,6.0263
6.5643,7.0525
6.5643,6.1057
6.5643,5.8379
-3.8217,-3.0358
-3.8217,-4.6277
-3.8217,-4.2435
-3.8217,-3.7586
3.2826,3.5759
3.2826,3.6271
3.2826,3.9595
3.2826,2.7852
-2.0459,-1.5962
-2.0459,-2.3942
-2.0459,-2.6527
-2.0459,-2.4182
-2.0459,-1.8508
-4.1902,-5.0442
-4.1902,-3.9591
-4.1902,-5.0873
-4.1902,-4.3707
-4.1902,-4.2312
-4.1902,-4.6717
-4.1902,-4.0641
-4.1902,-3.5183
-4.1902,-3.5383
-4.1902,-3.6959
-4.1902,-4.6434
-4.1902,-4.4774
-4.1902,-3.6413
-4.1902,-4.0939
-4.1902,-4.6832
-4.1902,-4.8751
-4.1902,-3.9675
-4.2312,-4.2678
-4.2312,-5.0873
-4.2312,-4.3707
-4.2312,-4.1902
-4.2312,-3.5559
-4.2312,-4.6717
-4.2312,-4.0641
-4.2312,-3.5383
-4.2312,-3.6959
-4.2312,-4.6434
-4.2312,-4.4774
-4.2312,-3.6413
-4.2312,-4.9656
-4.2312,-4.8751
-4.2312,-3.9675
-4.2312,-4.8383
6.1069,6.2338
6.1069,5.5731
6.1069,5.5893
6.1069,5.5113
6.1069,7.0023
6.1069,6.2739
6.1069,5.3775
6.1069,6.5643
6.1069,5.1084
6.1069,6.5472
6.1069,5.3561
6.1069,6.0263
6.1069,6.1057
6.1069,5.8379
-3.3626,-2.6383
-3.3626,-2.6963
-3.3626,-3.2294
-3.3626,-3.5202
-3.3626,-3.7425
-3.3626,-2.6076
-3.3626,-3.0202
-3.3626,-3.8868
-1.4953,-1.5962
-3.4011,-3.9589
-3.4011,-3.34
-0.8879,-1.5597
-0.8879,-1.8572
-0.8879,-1.6704
-0.8879,-0.81182
5.1084,4.8366
5.1084,5.5731
5.1084,5.5893
5.1084,5.5113
5.1084,5.3775
5.1084,6.1069
5.1084,4.3236
5.1084,4.4387
5.1084,4.9488
5.1084,4.8916
5.1084,5.1097
5.1084,5.3561
5.1084,4.7528
5.1084,4.4466
5.1084,5.8379
-3.5559,-3.9589
-3.5559,-4.2678
-3.5559,-3.34
-3.5559,-4.2312
-3.5559,-3.5383
-3.5559,-3.6959
-3.5559,-3.0834
-3.5559,-4.4774
-3.5559,-3.0884
-3.5559,-3.9675
4.3236,4.8366
4.3236,3.5759
4.3236,5.1084
4.3236,4.4387
4.3236,4.9488
4.3236,4.8916
4.3236,4.4179
4.3236,3.5281
4.3236,4.0441
4.3236,3.9595
4.3236,3.7152
3.9828,4.5591
3.9828,4.7036
3.9828,3.7152
3.9828,4.6531
5.5278,5.9813
5.5278,5.2766
5.5278,4.6531
7.5641,7.0546
7.5641,6.8341
7.5641,7.7837
7.5641,7.0525
-4.6717,-5.0442
-4.6717,-3.9591
-4.6717,-5.0873
-4.6717,-4.3707
-4.6717,-4.696
-4.6717,-4.1902
-4.6717,-4.2312
-4.6717,-4.0641
-4.6717,-4.6434
-4.6717,-4.0939
-4.6717,-5.4086
-4.6717,-5.0931
-4.6717,-4.6832
-4.6717,-5.3727
-4.6717,-4.8751
4.4387,4.8366
4.4387,3.5759
4.4387,5.3775
4.4387,5.1084
4.4387,4.3236
4.4387,4.8916
4.4387,5.1097
4.4387,4.4179
4.4387,4.0441
4.4387,4.7528
4.4387,3.9595
4.4387,4.4466
-3.3219,-3.7747
-3.3219,-3.9591
-3.3219,-3.5183
-3.3219,-4.1633
-3.3219,-3.0964
-3.3219,-3.4873
-3.3219,-3.6413
-3.3219,-4.0939
-3.3219,-3.0576
-3.3219,-2.7364
-3.3219,-3.1035
-3.3219,-3.8679
-2.596,-2.9595
-2.596,-2.6383
-2.596,-2.6102
-2.596,-2.1567
-2.596,-3.2294
-2.596,-2.1669
-2.596,-2.3942
-2.596,-3.0202
-2.596,-1.8508
-2.596,-3.066
-2.596,-3.3938
4.9488,4.8366
4.9488,5.5731
4.9488,5.5113
4.9488,4.7036
4.9488,5.2766
4.9488,5.1084
4.9488,4.3236
4.9488,4.4179
4.9488,5.3561
4.9488,5.6851
4.9488,4.6531
-5.2432,-5.8413
-5.2432,-5.3617
-5.2432,-6.0328
-5.2432,-4.5551
-5.2432,-4.7868
-5.2432,-5.4106
-5.2432,-5.0404
-5.2432,-5.4897
-5.2432,-4.7725
-5.2432,-4.6039
-4.0641,-3.9591
-4.0641,-4.3707
-4.0641,-4.1902
-4.0641,-4.2312
-4.0641,-4.6717
-4.0641,-3.5383
-4.0641,-3.6959
-4.0641,-4.6434
-4.0641,-4.4774
-4.0641,-3.6413
-4.0641,-4.0939
-4.0641,-4.8751
-4.0641,-3.9675
-5.3807,-5.0442
-5.3807,-5.0873
-5.3807,-5.4093
-5.3807,-6.0738
-5.3807,-4.6434
-5.3807,-4.4774
-5.3807,-5.8136
-5.3807,-5.4086
-5.3807,-4.9656
-5.3807,-5.6662
-5.3807,-6.153
-5.3807,-5.5771
-5.3807,-4.8751
-5.3807,-5.1228
-5.3807,-4.8383
7.8497,7.0023
7.8497,7.0732
-3.5183,-3.9591
-3.5183,-4.3707
-3.5183,-4.1902
-3.5183,-3.3219
-3.5183,-3.5383
-3.5183,-4.1633
-3.5183,-3.0964
-3.5183,-3.4873
-3.5183,-3.6413
-3.5183,-4.0939
-3.5183,-3.0576
-3.5183,-2.7364
-3.5183,-3.8679
-3.5383,-3.9591
-3.5383,-4.3707
-3.5383,-4.1902
-3.5383,-4.2312
-3.5383,-3.5559
-3.5383,-4.0641
-3.5383,-3.5183
-3.5383,-3.6959
-3.5383,-3.0964
-3.5383,-3.0834
-3.5383,-3.6413
-3.5383,-2.816
-3.5383,-3.0576
-3.5383,-3.9675
-6.0738,-6.7594
-6.0738,-6.3417
-6.0738,-5.0873
-6.0738,-5.4093
-6.0738,-6.2405
-6.0738,-5.3807
-6.0738,-5.8136
-6.0738,-5.4086
-6.0738,-5.6662
-6.0738,-6.153
-6.0738,-5.5771
-6.0738,-6.5428
5.7072,6.3229
5.7072,5.7536
5.7072,5.5893
5.7072,4.9955
5.7072,4.7113
5.7072,5.2428
5.7072,6.2172
5.7072,5.9332
5.7072,5.4023
5.7072,6.4767
5.7072,5.2742
-4.1633,-3.7747
-4.1633,-3.9591
-4.1633,-4.5551
-4.1633,-4.3707
-4.1633,-4.696
-4.1633,-3.3219
-4.1633,-3.5183
-4.1633,-3.4873
-4.1633,-4.7868
-4.1633,-4.0939
-4.1633,-5.0931
-4.1633,-4.6832
-4.1633,-5.0404
-4.1633,-4.175
-4.1633,-4.6039
-4.1633,-3.8679
4.997,4.7004
4.997,5.2742
-3.6959,-4.2678
-3.6959,-4.1902
-3.6959,-4.2312
-3.6959,-3.5559
-3.6959,-4.0641
-3.6959,-3.5383
-3.6959,-3.0964
-3.6959,-4.6434
-3.6959,-3.0834
-3.6959,-4.4774
-3.6959,-3.6413
-3.6959,-2.816
-3.6959,-3.0884
-3.6959,-3.9675
-1.8572,-2.6383
-1.8572,-2.6102
-1.8572,-1.5597
-1.8572,-0.8879
-1.8572,-1.6704
-1.8572,-2.1669
-1.8572,-2.6076
-3.0964,-3.9591
-3.0964,-2.494
-3.0964,-3.3219
-3.0964,-3.5183
-3.0964,-3.5383
-3.0964,-3.6959
-3.0964,-3.0834
-3.0964,-3.6413
-3.0964,-2.816
-3.0964,-3.0576
-3.0964,-2.3777
-4.6434,-5.0442
-4.6434,-4.2678
-4.6434,-5.0873
-4.6434,-4.3707
-4.6434,-4.1902
-4.6434,-4.2312
-4.6434,-4.6717
-4.6434,-4.0641
-4.6434,-5.3807
-4.6434,-3.6959
-4.6434,-4.4774
-4.6434,-5.4086
-4.6434,-4.6832
-4.6434,-4.9656
-4.6434,-5.5771
-4.6434,-4.8751
-4.6434,-3.9675
-4.6434,-4.8383
-5.724,-5.0442
-5.724,-5.3617
-5.724,-6.2405
-5.724,-5.8136
-5.724,-5.4086
-5.724,-5.0931
-5.724,-5.0404
-5.724,-5.3727
-5.724,-6.1795
-5.724,-5.5771
-5.724,-6.3558
-5.724,-5.4897
-5.724,-5.8517
4.4053,4.9955
4.4053,3.6271
4.4053,4.7113
4.4053,5.1097
4.4053,5.4023
4.4053,4.7528
4.4053,3.9595
4.4053,4.4466
4.4053,4.0871
-3.4873,-3.7747
-3.4873,-3.3219
-3.4873,-3.5183
-3.4873,-4.1633
-3.4873,-4.0939
-3.4873,-3.0576
-3.4873,-2.7364
-3.4873,-3.1035
-3.4873,-4.175
-3.4873,-3.7586
-3.4873,-3.8679
-3.0834,-2.494
-3.0834,-3.5559
-3.0834,-3.5383
-3.0834,-3.6959
-3.0834,-3.0964
-3.0834,-3.6413
-3.0834,-2.816
-3.0834,-3.0884
-3.0834,-3.9675
4.8916,4.8366
4.8916,5.5893
4.8916,5.5113
4.8916,4.9955
4.8916,5.3775
4.8916,5.1084
4.8916,4.3236
4.8916,4.4387
4.8916,5.1097
4.8916,5.3561
4.8916,4.0441
4.8916,4.7528
4.8916,3.9595
4.8916,4.4466
4.8916,5.8379
6.3608,6.2338
6.3608,5.5731
6.3608,5.9813
6.3608,7.0732
6.3608,6.9559
6.3608,6.0263
6.3608,5.6851
6.3608,6.6381
-4.4774,-3.9589
-4.4774,-4.2678
-4.4774,-5.0873
-4.4774,-5.4093
-4.4774,-4.1902
-4.4774,-4.2312
-4.4774,-3.5559
-4.4774,-4.0641
-4.4774,-5.3807
-4.4774,-3.6959
-4.4774,-4.6434
-4.4774,-4.9656
-4.4774,-4.5405
-4.4774,-4.8751
-4.4774,-5.1228
-4.4774,-3.9675
-4.4774,-4.8383
-2.2063,-1.8284
-2.2063,-3.0576
-2.2063,-2.3777
-2.2063,-2.7364
5.1097,5.7536
5.1097,5.5893
5.1097,5.5113
5.1097,4.9955
5.1097,4.7113
5.1097,5.3775
5.1097,5.1084
5.1097,4.4387
5.1097,4.4053
5.1097,4.8916
5.1097,5.4023
5.1097,4.7528
5.1097,4.4466
5.1097,6.1057
5.1097,5.8379
-5.8136,-5.0442
-5.8136,-5.0873
-5.8136,-6.2405
-5.8136,-5.3807
-5.8136,-6.0738
-5.8136,-5.724
-5.8136,-5.4086
-5.8136,-5.0931
-5.8136,-5.3727
-5.8136,-5.6662
-5.8136,-5.5771
-5.8136,-4.8751
-5.8136,-6.3558
-5.8136,-5.4897
-5.8136,-5.8517
-5.8136,-6.5428
4.0669,4.7113
4.0669,4.7004
4.0669,4.0871
-3.6413,-3.9591
-3.6413,-4.3707
-3.6413,-4.1902
-3.6413,-4.2312
-3.6413,-3.3219
-3.6413,-4.0641
-3.6413,-3.5183
-3.6413,-3.5383
-3.6413,-3.6959
-3.6413,-3.0964
-3.6413,-3.0834
-3.6413,-2.816
-3.6413,-4.0939
-3.6413,-3.0576
-1.6704,-1.5597
-1.6704,-0.8879
-1.6704,-1.8572
-1.6704,-2.1669
-1.6704,-2.6076
-2.816,-2.494
-2.816,-3.5383
-2.816,-3.6959
-2.816,-3.0964
-2.816,-3.0834
-2.816,-3.6413
-2.816,-3.0576
-2.816,-2.3777
-4.7868,-5.3617
-4.7868,-4.5551
-4.7868,-4.696
-4.7868,-5.2432
-4.7868,-4.1633
-4.7868,-5.0931
-4.7868,-5.4106
-4.7868,-5.0404
-4.7868,-4.2435
-4.7868,-5.4897
-4.7868,-4.7725
-4.7868,-4.175
-4.7868,-4.6039
6.5472,6.3229
6.5472,5.7536
6.5472,5.5893
6.5472,7.0023
6.5472,6.2739
6.5472,6.2172
6.5472,6.5643
6.5472,6.1069
6.5472,6.8341
6.5472,7.0525
6.5472,6.1057
6.5472,5.8379
4.4179,4.8366
4.4179,4.7036
4.4179,5.2766
4.4179,4.3236
4.4179,4.4387
4.4179,4.9488
4.4179,3.5281
4.4179,4.0441
4.4179,3.7152
4.4179,4.6531
-4.0939,-3.9591
-4.0939,-4.5551
-4.0939,-4.3707
-4.0939,-4.696
-4.0939,-4.1902
-4.0939,-4.6717
-4.0939,-3.3219
-4.0939,-4.0641
-4.0939,-3.5183
-4.0939,-4.1633
-4.0939,-3.4873
-4.0939,-3.6413
-4.0939,-5.0931
-4.0939,-4.6832
-4.0939,-4.175
-4.0939,-3.8679
3.5281,3.5759
3.5281,4.3236
3.5281,4.4179
3.5281,4.0441
3.5281,3.7152
-4.8356,-4.5405
-4.8356,-5.1228
-4.4843,-4.5026
-4.4843,-3.5202
-4.4843,-5.1239
-4.4843,-3.8868
5.3561,6.2338
5.3561,4.8366
5.3561,5.5731
5.3561,5.5113
5.3561,5.2766
5.3561,5.3775
5.3561,6.1069
5.3561,5.1084
5.3561,4.9488
5.3561,4.8916
5.3561,6.0263
5.3561,5.8379
5.3561,5.6851
-3.5202,-2.6963
-3.5202,-3.3626
-3.5202,-4.4843
-3.5202,-3.8868
-5.4086,-5.0442
-5.4086,-5.0873
-5.4086,-6.2405
-5.4086,-4.6717
-5.4086,-5.3807
-5.4086,-6.0738
-5.4086,-4.6434
-5.4086,-5.724
-5.4086,-5.8136
-5.4086,-5.0931
-5.4086,-4.6832
-5.4086,-4.9656
-5.4086,-5.3727
-5.4086,-5.6662
-5.4086,-5.5771
-5.4086,-4.8751
-5.4086,-5.4897
-5.4086,-5.8517
-5.0931,-5.0442
-5.0931,-5.3617
-5.0931,-4.5551
-5.0931,-4.3707
-5.0931,-4.696
-5.0931,-4.6717
-5.0931,-4.1633
-5.0931,-5.724
-5.0931,-5.8136
-5.0931,-4.7868
-5.0931,-4.0939
-5.0931,-5.4086
-5.0931,-4.6832
-5.0931,-5.0404
-5.0931,-5.3727
-5.0931,-4.8751
-5.0931,-5.4897
-5.0931,-5.8517
-4.6832,-5.0442
-4.6832,-3.9591
-4.6832,-4.5551
-4.6832,-4.3707
-4.6832,-4.696
-4.6832,-4.1902
-4.6832,-4.6717
-4.6832,-4.1633
-4.6832,-4.6434
-4.6832,-4.0939
-4.6832,-5.4086
-4.6832,-5.0931
-4.6832,-5.0404
-4.6832,-5.3727
-4.6832,-4.8751
-4.6832,-5.4897
-4.6832,-3.8679
-2.3188,-2.3403
-2.3188,-2.494
-2.3188,-3.0884
5.9332,6.3229
5.9332,5.7536
5.9332,6.1632
5.9332,5.2428
5.9332,5.7072
5.9332,5.4023
5.9332,6.4767
5.9332,5.2742
6.8341,6.3229
6.8341,7.0546
6.8341,6.2172
6.8341,7.5641
6.8341,6.5472
6.8341,6.4767
6.8341,7.0525
6.8341,6.1057
-5.4106,-5.8413
-5.4106,-5.3617
-5.4106,-6.0328
-5.4106,-5.2432
-5.4106,-4.7868
-5.4106,-5.0404
-5.4106,-5.3916
-5.4106,-4.7725
-5.4106,-4.6039
6.9559,6.2338
6.9559,7.0732
6.9559,6.3608
6.9559,6.6381
-3.7425,-4.2893
-3.7425,-4.5026
-3.7425,-3.2294
-3.7425,-3.3626
-3.7425,-3.0202
-3.7425,-3.9465
-3.7425,-3.066
-3.7425,-3.8868
-3.7425,-3.3938
-5.0404,-5.8413
-5.0404,-5.3617
-5.0404,-4.5551
-5.0404,-4.696
-5.0404,-5.2432
-5.0404,-4.1633
-5.0404,-5.724
-5.0404,-4.7868
-5.0404,-5.0931
-5.0404,-4.6832
-5.0404,-5.4106
-5.0404,-5.3727
-5.0404,-5.4897
-5.0404,-5.8517
-5.0404,-4.175
-5.0404,-4.6039
-3.0884,-3.34
-3.0884,-2.494
-3.0884,-3.5559
-3.0884,-3.6959
-3.0884,-3.0834
-3.0884,-2.3188
-3.0884,-3.9675
-2.1669,-2.6383
-2.1669,-2.6102
-2.1669,-2.1567
-2.1669,-1.4927
-2.1669,-1.5597
-2.1669,-2.596
-2.1669,-1.8572
-2.1669,-1.6704
-2.1669,-2.6076
-2.1669,-3.0202
-4.2435,-3.7747
-4.2435,-3.8217
-4.2435,-4.7868
-4.2435,-4.7725
-4.2435,-4.175
-4.2435,-3.7586
-4.2435,-4.6039
7.7837,7.0023
7.7837,7.5641
7.7837,7.0525
4.0441,4.8366
4.0441,3.5759
4.0441,4.3236
4.0441,4.4387
4.0441,4.8916
4.0441,4.4179
4.0441,3.5281
4.0441,4.7528
4.0441,3.9595
4.0441,4.4466
-3.0576,-3.9591
-3.0576,-3.3219
-3.0576,-3.5183
-3.0576,-3.5383
-3.0576,-3.0964
-3.0576,-3.4873
-3.0576,-2.2063
-3.0576,-3.6413
-3.0576,-2.816
-3.0576,-2.3777
-3.0576,-2.7364
-3.0576,-3.8679
-4.9656,-5.0442
-4.9656,-4.2678
-4.9656,-5.0873
-4.9656,-5.4093
-4.9656,-4.2312
-4.9656,-5.3807
-4.9656,-4.6434
-4.9656,-4.4774
-4.9656,-5.4086
-4.9656,-5.6662
-4.9656,-5.5771
-4.9656,-4.5405
-4.9656,-4.8751
-4.9656,-5.1228
-4.9656,-3.9675
-4.9656,-4.8383
4.7004,4.9955
4.7004,4.7113
4.7004,5.2428
4.7004,4.997
4.7004,4.0669
4.7004,4.0871
4.7004,5.2742
-5.3727,-5.0442
-5.3727,-5.3617
-5.3727,-5.0873
-5.3727,-6.2405
-5.3727,-4.3707
-5.3727,-4.696
-5.3727,-4.6717
-5.3727,-5.724
-5.3727,-5.8136
-5.3727,-5.4086
-5.3727,-5.0931
-5.3727,-4.6832
-5.3727,-5.0404
-5.3727,-5.5771
-5.3727,-4.8751
-5.3727,-6.3558
-5.3727,-5.4897
-5.3727,-5.8517
-5.6662,-6.3417
-5.6662,-5.0873
-5.6662,-5.4093
-5.6662,-5.3807
-5.6662,-6.0738
-5.6662,-5.8136
-5.6662,-5.4086
-5.6662,-4.9656
-5.6662,-6.153
-5.6662,-5.5771
-5.6662,-5.1228
-5.6662,-4.8383
6.0263,6.2338
6.0263,5.5731
6.0263,5.5113
6.0263,6.2739
6.0263,6.5643
6.0263,6.1069
6.0263,6.3608
6.0263,5.3561
6.0263,5.8379
6.0263,5.6851
-3.3004,-2.5052
-3.3004,-3.187
-3.6494,-2.9595
-3.6494,-3.2532
-3.6494,-4.2293
-3.6494,-3.9769
-3.6494,-3.9465
-3.6494,-3.066
-3.6494,-3.3938
-2.3942,-2.9595
-2.3942,-3.2532
-2.3942,-2.6102
-2.3942,-2.1567
-2.3942,-1.4927
-2.3942,-2.0459
-2.3942,-2.596
-2.3942,-2.6527
-2.3942,-1.8508
-2.3942,-3.066
5.4023,6.3229
5.4023,5.7536
5.4023,5.5893
5.4023,4.9955
5.4023,4.7113
5.4023,5.2428
5.4023,6.2172
5.4023,5.3775
5.4023,5.7072
5.4023,4.4053
5.4023,5.1097
5.4023,5.9332
5.4023,4.7528
5.4023,6.1057
5.4023,5.8379
4.7528,5.5893
4.7528,4.9955
4.7528,4.7113
4.7528,5.3775
4.7528,5.1084
4.7528,4.4387
4.7528,4.4053
4.7528,4.8916
4.7528,5.1097
4.7528,4.0441
4.7528,5.4023
4.7528,3.9595
4.7528,4.4466
3.9595,3.5759
3.9595,3.6271
3.9595,3.2826
3.9595,4.3236
3.9595,4.4387
3.9595,4.4053
3.9595,4.8916
3.9595,4.0441
3.9595,4.7528
3.9595,4.4466
-7.0501,-6.7594
-7.0501,-6.3417
-2.5052,-3.3004
-2.5052,-2.4182
-6.1795,-5.8413
-6.1795,-5.3617
-6.1795,-6.0328
-6.1795,-5.724
-6.1795,-6.7814
-6.1795,-6.3558
-6.1795,-5.4897
-6.1795,-5.8517
-3.9769,-3.2532
-3.9769,-4.2293
-3.9769,-3.6494
-3.9769,-3.187
-6.7814,-5.8413
-6.7814,-7.1194
-6.7814,-6.1795
-6.7814,-6.3558
-6.153,-6.7594
-6.153,-5.8337
-6.153,-6.3417
-6.153,-5.4093
-6.153,-5.3807
-6.153,-6.0738
-6.153,-5.6662
-6.153,-5.5771
-6.153,-6.5428
-2.6527,-2.9595
-2.6527,-3.2532
-2.6527,-2.0459
-2.6527,-2.3942
-2.6527,-2.4182
-2.6527,-1.8508
-2.6527,-3.187
6.4767,6.3229
6.4767,7.0546
6.4767,5.7536
6.4767,6.1632
6.4767,6.2172
6.4767,5.7072
6.4767,5.9332
6.4767,6.8341
4.4466,4.9955
4.4466,3.6271
4.4466,4.7113
4.4466,5.3775
4.4466,5.1084
4.4466,4.4387
4.4466,4.4053
4.4466,4.8916
4.4466,5.1097
4.4466,4.0441
4.4466,4.7528
4.4466,3.9595
4.4466,4.0871
-2.6076,-2.6383
-2.6076,-2.6963
-2.6076,-2.6102
-2.6076,-3.3626
-2.6076,-1.8572
-2.6076,-1.6704
-2.6076,-2.1669
-2.6076,-3.0202
-2.3777,-1.8284
-2.3777,-3.0964
-2.3777,-2.2063
-2.3777,-2.816
-2.3777,-3.0576
-2.3777,-2.7364
4.0871,4.9955
4.0871,3.6271
4.0871,4.7113
4.0871,4.4053
4.0871,4.0669
4.0871,4.7004
4.0871,4.4466
7.0525,7.0023
7.0525,6.2739
7.0525,6.2172
7.0525,6.5643
7.0525,7.5641
7.0525,6.5472
7.0525,6.8341
7.0525,7.7837
7.0525,6.1057
5.2742,6.1632
5.2742,4.7113
5.2742,5.2428
5.2742,5.7072
5.2742,4.997
5.2742,5.9332
5.2742,4.7004
-5.5771,-5.0442
-5.5771,-5.0873
-5.5771,-5.4093
-5.5771,-6.2405
-5.5771,-5.3807
-5.5771,-6.0738
-5.5771,-4.6434
-5.5771,-5.724
-5.5771,-5.8136
-5.5771,-5.4086
-5.5771,-4.9656
-5.5771,-5.3727
-5.5771,-5.6662
-5.5771,-6.153
-5.5771,-4.8751
-5.5771,-6.5428
-5.3916,-4.6277
-5.3916,-6.0328
-5.3916,-5.4106
-5.3916,-4.7725
-4.5405,-3.9589
-4.5405,-4.2678
-4.5405,-5.4093
-4.5405,-4.4774
-4.5405,-4.8356
-4.5405,-4.9656
-4.5405,-5.1228
-4.5405,-3.9675
-4.5405,-4.8383
-3.0202,-2.6383
-3.0202,-2.6963
-3.0202,-2.6102
-3.0202,-3.2294
-3.0202,-3.3626
-3.0202,-2.596
-3.0202,-3.7425
-3.0202,-2.1669
-3.0202,-2.6076
-3.0202,-3.066
-3.0202,-3.3938
-2.7364,-3.3219
-2.7364,-3.5183
-2.7364,-3.4873
-2.7364,-2.2063
-2.7364,-3.0576
-2.7364,-2.3777
-2.7364,-3.1035
-2.4182,-1.5962
-2.4182,-2.0459
-2.4182,-2.5052
-2.4182,-2.6527
-2.4182,-3.187
3.7152,4.3236
3.7152,3.9828
3.7152,4.4179
3.7152,3.5281
-0.81182,-0.62502
-0.81182,-1.4927
-0.81182,-1.5597
-0.81182,-0.8879
-1.8508,-2.1567
-1.8508,-1.5962
-1.8508,-1.4927
-1.8508,-1.0685
-1.8508,-2.0459
-1.8508,-2.596
-1.8508,-2.3942
-1.8508,-2.6527
-3.9465,-4.7319
-3.9465,-4.2893
-3.9465,-4.2293
-3.9465,-3.2294
-3.9465,-3.7425
-3.9465,-3.6494
-3.9465,-3.066
-3.9465,-3.3938
6.1057,6.3229
6.1057,5.7536
6.1057,5.5893
6.1057,5.5113
6.1057,6.2739
6.1057,6.2172
6.1057,5.3775
6.1057,6.5643
6.1057,6.1069
6.1057,5.1097
6.1057,6.5472
6.1057,6.8341
6.1057,5.4023
6.1057,7.0525
6.1057,5.8379
-3.1035,-3.7747
-3.1035,-3.0358
-3.1035,-3.3219
-3.1035,-3.4873
-3.1035,-2.7364
-3.1035,-3.7586
-3.1035,-3.8679
5.8379,5.7536
5.8379,5.5893
5.8379,5.5113
5.8379,6.2739
5.8379,6.2172
5.8379,5.3775
5.8379,6.5643
5.8379,6.1069
5.8379,5.1084
5.8379,4.8916
5.8379,5.1097
5.8379,6.5472
5.8379,5.3561
5.8379,6.0263
5.8379,5.4023
5.8379,6.1057
-5.1239,-4.5026
-5.1239,-4.4843
-4.8751,-5.0442
-4.8751,-5.0873
-4.8751,-4.3707
-4.8751,-4.1902
-4.8751,-4.2312
-4.8751,-4.6717
-4.8751,-4.0641
-4.8751,-5.3807
-4.8751,-4.6434
-4.8751,-4.4774
-4.8751,-5.8136
-4.8751,-5.4086
-4.8751,-5.0931
-4.8751,-4.6832
-4.8751,-4.9656
-4.8751,-5.3727
-4.8751,-5.5771
-6.3558,-6.2405
-6.3558,-7.1194
-6.3558,-5.724
-6.3558,-5.8136
-6.3558,-5.3727
-6.3558,-6.1795
-6.3558,-6.7814
-6.3558,-5.4897
-6.3558,-5.8517
-6.3558,-6.5428
-5.4897,-5.0442
-5.4897,-5.8413
-5.4897,-5.3617
-5.4897,-4.5551
-5.4897,-4.696
-5.4897,-5.2432
-5.4897,-5.724
-5.4897,-5.8136
-5.4897,-4.7868
-5.4897,-5.4086
-5.4897,-5.0931
-5.4897,-4.6832
-5.4897,-5.0404
-5.4897,-5.3727
-5.4897,-6.1795
-5.4897,-6.3558
-5.4897,-5.8517
-3.066,-2.9595
-3.066,-2.6383
-3.066,-2.6102
-3.066,-2.1567
-3.066,-3.2294
-3.066,-2.596
-3.066,-3.7425
-3.066,-3.6494
-3.066,-2.3942
-3.066,-3.0202
-3.066,-3.9465
-3.066,-3.3938
2.7852,3.6271
2.7852,3.2826
-3.8868,-4.2893
-3.8868,-4.5026
-3.8868,-3.3626
-3.8868,-4.4843
-3.8868,-3.5202
-3.8868,-3.7425
-4.7725,-4.6277
-4.7725,-5.2432
-4.7725,-4.7868
-4.7725,-5.4106
-4.7725,-4.2435
-4.7725,-5.3916
-4.7725,-4.175
-4.7725,-4.6039
-5.8517,-5.8413
-5.8517,-5.3617
-5.8517,-6.2405
-5.8517,-5.724
-5.8517,-5.8136
-5.8517,-5.4086
-5.8517,-5.0931
-5.8517,-5.0404
-5.8517,-5.3727
-5.8517,-6.1795
-5.8517,-6.3558
-5.8517,-5.4897
-5.1228,-4.2678
-5.1228,-5.8337
-5.1228,-5.4093
-5.1228,-5.3807
-5.1228,-4.4774
-5.1228,-4.8356
-5.1228,-4.9656
-5.1228,-5.6662
-5.1228,-4.5405
-5.1228,-4.8383
5.6851,6.2338
5.6851,5.5731
5.6851,4.7036
5.6851,5.9813
5.6851,5.2766
5.6851,4.9488
5.6851,6.3608
5.6851,5.3561
5.6851,6.0263
-4.175,-3.7747
-4.175,-4.5551
-4.175,-4.696
-4.175,-4.1633
-4.175,-3.4873
-4.175,-4.7868
-4.175,-4.0939
-4.175,-5.0404
-4.175,-4.2435
-4.175,-4.7725
-4.175,-3.7586
-4.175,-4.6039
-4.175,-3.8679
-3.9675,-3.9589
-3.9675,-4.2678
-3.9675,-3.34
-3.9675,-4.1902
-3.9675,-4.2312
-3.9675,-3.5559
-3.9675,-4.0641
-3.9675,-3.5383
-3.9675,-3.6959
-3.9675,-4.6434
-3.9675,-3.0834
-3.9675,-4.4774
-3.9675,-3.0884
-3.9675,-4.9656
-3.9675,-4.5405
-3.9675,-4.8383
-3.187,-3.2532
-3.187,-3.3004
-3.187,-3.9769
-3.187,-2.6527
-3.187,-2.4182
-3.3938,-2.9595
-3.3938,-3.2532
-3.3938,-2.6102
-3.3938,-4.2293
-3.3938,-3.2294
-3.3938,-2.596
-3.3938,-3.7425
-3.3938,-3.6494
-3.3938,-3.0202
-3.3938,-3.9465
-3.3938,-3.066
-3.7586,-3.7747
-3.7586,-3.0358
-3.7586,-3.8217
-3.7586,-3.4873
-3.7586,-4.2435
-3.7586,-3.1035
-3.7586,-4.175
-3.7586,-4.6039
6.6381,5.9813
6.6381,6.3608
6.6381,6.9559
-6.5428,-6.7594
-6.5428,-7.2353
-6.5428,-6.2405
-6.5428,-6.0738
-6.5428,-5.8136
-6.5428,-6.153
-6.5428,-5.5771
-6.5428,-6.3558
-4.6039,-3.7747
-4.6039,-5.3617
-4.6039,-4.5551
-4.6039,-5.2432
-4.6039,-4.1633
-4.6039,-4.7868
-4.6039,-5.4106
-4.6039,-5.0404
-4.6039,-4.2435
-4.6039,-4.7725
-4.6039,-4.175
-4.6039,-3.7586
-4.8383,-4.2678
-4.8383,-5.0873
-4.8383,-5.4093
-4.8383,-4.2312
-4.8383,-5.3807
-4.8383,-4.6434
-4.8383,-4.4774
-4.8383,-4.9656
-4.8383,-5.6662
-4.8383,-4.5405
-4.8383,-5.1228
-4.8383,-3.9675
4.6531,4.5591
4.6531,4.7036
4.6531,5.2766
4.6531,3.9828
4.6531,5.5278
4.6531,4.9488
4.6531,4.4179
-3.8679,-3.7747
-3.8679,-3.9591
-3.8679,-4.5551
-3.8679,-4.3707
-3.8679,-4.696
-3.8679,-3.3219
-3.8679,-3.5183
-3.8679,-4.1633
-3.8679,-3.4873
-3.8679,-4.0939
-3.8679,-4.6832
-3.8679,-3.0576
-3.8679,-3.1035
-3.8679,-4.175
