4.3138,5.1103
4.3138,4.6611
4.3138,4.6301
4.3138,4.1843
4.3138,4.835
4.3138,3.5674
4.3138,4.3429
-3.2385,-3.7744
-3.2385,-2.6314
-3.2385,-3.2817
-3.2385,-2.9961
-3.2385,-3.9594
-3.2385,-3.2352
-3.2385,-2.7845
-3.2385,-3.7535
-3.2385,-3.1083
-2.0166,-2.6314
-2.0166,-2.0378
-2.0166,-1.9756
-2.0166,-1.4971
-2.0166,-2.2215
-2.0166,-2.4242
-2.0166,-2.7845
-2.0166,-1.0609
-2.0166,-1.5478
-2.2097,-2.0378
-2.2097,-2.2215
-2.2097,-2.7037
-2.2097,-1.6061
-2.2097,-2.8386
-5.5133,-6.0901
-5.5133,-5.1102
-5.5133,-4.7305
-5.5133,-5.5955
-5.5133,-5.6738
-5.5133,-4.7995
-5.5133,-4.9228
-5.5133,-5.1197
-5.5133,-5.611
-5.5133,-6.4482
-5.5133,-6.2179
-5.5133,-5.1487
-5.5133,-5.4198
4.5684,4.121
4.5684,3.8966
4.5684,4.845
6.2875,5.6592
6.2875,6.4667
-3.285,-3.7744
-3.285,-3.2817
-3.285,-4.1352
-3.285,-2.9961
-3.285,-2.6573
-3.285,-3.5486
-3.285,-3.0421
-3.285,-3.6524
-3.285,-2.5418
-3.285,-2.5174
3.9093,4.618
3.9093,3.3303
3.9093,4.1843
3.9093,3.6729
3.9093,3.748
3.9093,4.6947
3.9093,4.4614
3.9093,4.2316
5.1103,4.3138
5.1103,4.6611
5.1103,4.6301
5.1103,5.3996
5.1103,5.377
5.1103,4.7964
5.1103,5.2491
5.1103,4.835
5.1103,4.3429
5.1103,5.7461
5.1103,5.8389
4.6611,4.3138
4.6611,5.1103
4.6611,4.6301
4.6611,4.1843
4.6611,5.377
4.6611,5.2491
4.6611,4.6947
4.6611,5.5982
4.6611,4.4614
4.6611,4.835
-4.1628,-3.7744
-4.1628,-3.2817
-4.1628,-4.1352
-4.1628,-3.9594
-4.1628,-4.7612
-4.1628,-3.6524
-3.5241,-3.2352
-3.5241,-4.0813
-3.5241,-3.7535
-3.5241,-2.8386
-4.6246,-4.2396
-4.6246,-4.5458
-4.6246,-5.1102
-4.6246,-4.2326
-4.6246,-4.9573
-4.6246,-5.1922
-4.6246,-3.8762
-4.6246,-4.1643
-4.6246,-5.0409
-4.6246,-3.8299
-4.6246,-4.6758
-4.6246,-4.8444
-4.6246,-4.4634
-4.6246,-5.4274
-4.6246,-5.3881
-4.6246,-4.554
-4.2396,-4.6246
-4.2396,-3.5293
-4.2396,-4.5458
-4.2396,-4.2326
-4.2396,-4.9573
-4.2396,-5.1922
-4.2396,-3.8762
-4.2396,-4.1643
-4.2396,-3.8299
-4.2396,-3.4205
-4.2396,-4.8444
-4.2396,-4.4634
-4.2396,-3.8051
-4.2396,-4.554
6.9491,6.3947
6.9491,7.008
6.076,5.3453
6.076,6.3087
6.076,5.9547
6.076,5.8611
6.076,6.9704
6.076,6.397
6.076,5.6453
6.076,5.2491
6.076,6.458
6.076,5.5982
6.076,6.5834
6.076,5.8389
-3.7744,-3.2385
-3.7744,-3.285
-3.7744,-4.1628
-3.7744,-3.2817
-3.7744,-4.1352
-3.7744,-2.9961
-3.7744,-3.9594
-3.7744,-4.7612
-3.7744,-3.6524
7.9988,7.008
7.9988,7.5687
-4.6394,-3.9337
-4.6394,-5.2292
-4.6394,-4.1868
-4.6394,-4.7305
-4.6394,-4.3657
-4.6394,-5.5955
-4.6394,-4.7995
-4.6394,-5.1197
-4.6394,-4.8347
-4.6394,-4.3236
-6.0901,-5.5133
-6.0901,-6.8485
-6.0901,-5.1102
-6.0901,-6.0395
-6.0901,-5.611
-6.0901,-5.658
-6.0901,-6.4482
-6.0901,-6.2179
-6.0901,-5.3881
-6.0901,-5.4198
-2.6314,-3.2385
-2.6314,-2.0166
-2.6314,-3.2817
-2.6314,-2.0378
-2.6314,-1.9756
-2.6314,-2.2215
-2.6314,-2.7037
-2.6314,-2.4242
-2.6314,-3.2352
-2.6314,-2.7845
-2.6314,-3.1083
-6.8485,-6.0901
-6.8485,-6.0395
-6.8485,-7.161
-6.8485,-6.4482
-6.8485,-6.6509
-3.8884,-4.1115
-3.8884,-3.9337
-3.8884,-4.1868
-3.8884,-4.7305
-3.8884,-3.732
-3.8884,-4.3657
-3.8884,-4.7995
-3.8884,-3.7409
-3.8884,-3.3177
-3.8884,-4.2186
-3.8884,-3.4378
-3.8884,-3.6541
-3.8884,-2.9991
-3.8884,-3.1691
7.1511,7.7007
7.1511,7.3468
7.1511,6.2903
7.1511,6.9704
7.1511,7.4824
7.1511,6.397
7.1511,6.458
7.1511,6.6223
7.1511,6.7516
-4.1115,-3.8884
-4.1115,-4.1868
-4.1115,-4.5599
-4.1115,-4.7305
-4.1115,-3.732
-4.1115,-4.3657
-4.1115,-4.7995
-4.1115,-4.9228
-4.1115,-4.1643
-4.1115,-3.7409
-4.1115,-4.2186
-4.1115,-3.4378
-4.1115,-3.6541
-4.1115,-4.4634
-4.1115,-3.8051
-4.1115,-3.1691
-3.2817,-3.2385
-3.2817,-3.285
-3.2817,-4.1628
-3.2817,-3.7744
-3.2817,-2.6314
-3.2817,-2.9961
-3.2817,-2.6573
-3.2817,-3.9594
-3.2817,-3.6524
-3.2817,-2.4242
-3.2817,-2.7845
-3.2817,-3.1083
4.6301,4.3138
4.6301,5.1103
4.6301,4.6611
4.6301,5.3996
4.6301,5.377
4.6301,4.7964
4.6301,4.3429
-5.5237,-5.8271
-5.5237,-5.0409
-5.5237,-6.3287
-5.5237,-4.6758
-5.5237,-5.4274
-2.0378,-2.0166
-2.0378,-2.2097
-2.0378,-2.6314
-2.0378,-1.0576
-2.0378,-2.2215
-2.0378,-2.7037
-2.0378,-1.6061
-2.0378,-1.5478
-3.0741,-3.8109
-3.0741,-3.3354
-3.0741,-2.6307
5.3453,6.076
5.3453,4.618
5.3453,5.9547
5.3453,5.8611
5.3453,5.0708
5.3453,5.6453
5.3453,5.377
5.3453,5.0289
5.3453,5.4559
5.3453,5.2491
5.3453,4.6947
5.3453,5.5982
5.3453,4.4614
5.3453,4.835
-3.5293,-4.2396
-3.5293,-3.0165
-3.5293,-4.2326
-3.5293,-3.8762
-3.5293,-3.4136
-3.5293,-4.1643
-3.5293,-3.1611
-3.5293,-3.1891
-3.5293,-3.7409
-3.5293,-3.8299
-3.5293,-2.7324
-3.5293,-2.9228
-3.5293,-3.4205
-3.5293,-2.5423
-3.5293,-3.8051
-3.0165,-3.5293
-3.0165,-3.3354
-3.0165,-2.4059
-3.0165,-3.1611
-3.0165,-3.8299
-3.0165,-2.9228
-3.0165,-3.4205
-3.0165,-2.5423
-3.0165,-3.7755
-3.0165,-2.6307
7.7007,7.1511
7.7007,7.3468
7.7007,6.9704
7.7007,7.4824
7.7007,8.2886
7.7007,8.3114
7.3468,7.1511
7.3468,7.7007
7.3468,7.0806
7.3468,6.9704
7.3468,8.2886
7.3468,6.458
7.3468,6.5834
7.3468,7.9345
-6.1435,-5.2292
-6.1435,-5.3488
-6.1435,-5.5955
-6.1435,-6.2367
-6.1435,-6.8259
6.2622,6.3087
6.2622,6.3947
6.2622,5.7025
6.2622,5.8611
6.2622,6.7849
6.2622,5.6453
6.2622,5.4559
6.2622,7.008
6.2622,6.5834
-4.5458,-4.6246
-4.5458,-4.2396
-4.5458,-4.2326
-4.5458,-4.9573
-4.5458,-5.1922
-4.5458,-3.8762
-4.5458,-4.2348
-4.5458,-5.0409
-4.5458,-3.8299
-4.5458,-4.6758
-4.5458,-3.7755
-4.5458,-5.4274
-4.5458,-4.554
-5.1102,-5.5133
-5.1102,-4.6246
-5.1102,-6.0901
-5.1102,-4.9573
-5.1102,-5.1922
-5.1102,-4.5599
-5.1102,-4.7995
-5.1102,-4.9228
-5.1102,-4.1643
-5.1102,-4.2186
-5.1102,-5.611
-5.1102,-4.8444
-5.1102,-5.658
-5.1102,-4.4634
-5.1102,-5.1487
-5.1102,-5.3881
-5.1102,-5.4198
-5.1102,-4.554
5.6592,6.2875
5.6592,5.3996
5.6592,4.7964
5.6592,6.4667
5.6592,5.7461
-3.9337,-4.6394
-3.9337,-3.8884
-3.9337,-4.1868
-3.9337,-3.3084
-3.9337,-3.3177
-3.9337,-3.6541
-3.9337,-4.3236
-4.2326,-4.6246
-4.2326,-4.2396
-4.2326,-3.5293
-4.2326,-4.5458
-4.2326,-4.9573
-4.2326,-5.1922
-4.2326,-3.8762
-4.2326,-4.2348
-4.2326,-5.0409
-4.2326,-3.8299
-4.2326,-3.4205
-4.2326,-4.6758
-4.2326,-3.7755
-4.2326,-4.554
7.0806,7.3468
7.0806,6.3087
7.0806,6.9704
7.0806,6.7849
7.0806,6.458
7.0806,7.008
7.0806,7.5687
7.0806,6.5834
7.0806,7.9345
-5.2292,-4.6394
-5.2292,-6.1435
-5.2292,-5.3488
-5.2292,-5.5955
-5.2292,-5.6738
-5.2292,-5.1197
-5.2292,-4.8347
-5.2292,-4.3236
4.5328,4.121
4.5328,4.618
4.5328,5.0708
4.5328,5.0289
4.5328,3.748
4.5328,5.4559
4.5328,3.8966
4.5328,4.6947
4.5328,4.2316
4.5328,4.845
4.5328,5.3084
-4.9573,-4.6246
-4.9573,-4.2396
-4.9573,-4.5458
-4.9573,-5.1102
-4.9573,-4.2326
-4.9573,-5.1922
-4.9573,-4.5599
-4.9573,-4.9228
-4.9573,-4.1643
-4.9573,-4.8444
-4.9573,-5.658
-4.9573,-4.4634
-4.9573,-5.4274
-4.9573,-5.3881
-4.9573,-5.4198
-4.9573,-4.554
-2.0347,-1.9756
-2.0347,-1.4971
-2.0347,-2.9961
-2.0347,-2.6573
-2.0347,-2.4242
-2.0347,-2.5174
-2.0347,-1.2109
-2.0347,-1.8353
-1.9756,-2.0166
-1.9756,-2.6314
-1.9756,-2.0347
-1.9756,-1.4971
-1.9756,-2.6573
-1.9756,-2.2215
-1.9756,-2.4242
-1.9756,-2.7845
-1.9756,-1.0609
-1.9756,-1.5478
-4.1868,-4.6394
-4.1868,-3.8884
-4.1868,-4.1115
-4.1868,-3.9337
-4.1868,-4.7305
-4.1868,-4.3657
-4.1868,-4.7995
-4.1868,-3.3177
-4.1868,-5.1197
-4.1868,-3.4378
-4.1868,-3.6541
-4.1868,-4.3236
6.3087,6.076
6.3087,6.2622
6.3087,7.0806
6.3087,5.9547
6.3087,5.8611
6.3087,6.7849
6.3087,5.6453
6.3087,5.4559
6.3087,6.458
6.3087,7.008
6.3087,6.5834
-1.4971,-2.0166
-1.4971,-2.0347
-1.4971,-1.9756
-1.4971,-2.4242
-1.4971,-1.0609
-1.4971,-1.5478
-1.4971,-1.2109
6.3947,6.9491
6.3947,6.2622
6.3947,5.7025
6.3947,6.7849
6.3947,7.008
-5.8271,-5.5237
-5.8271,-5.1922
-5.8271,-6.0395
-5.8271,-5.0409
-5.8271,-6.3287
-5.8271,-5.658
-5.8271,-5.4274
-5.8271,-6.6509
-5.8271,-5.3881
-3.8109,-3.0741
-3.8109,-3.3354
-3.8109,-4.4711
-3.8109,-4.2348
-3.8109,-3.7755
-5.3488,-6.1435
-5.3488,-5.2292
-5.3488,-4.8347
-5.1922,-4.6246
-5.1922,-4.2396
-5.1922,-4.5458
-5.1922,-5.1102
-5.1922,-4.2326
-5.1922,-4.9573
-5.1922,-5.8271
-5.1922,-5.0409
-5.1922,-4.6758
-5.1922,-4.8444
-5.1922,-5.658
-5.1922,-5.4274
-5.1922,-5.3881
-5.1922,-4.554
-5.2714,-4.7612
-5.2714,-4.7813
6.2903,7.1511
6.2903,5.3996
6.2903,5.9547
6.2903,6.397
6.2903,6.4667
6.2903,6.458
6.2903,5.7461
6.2903,6.6223
6.2903,6.7516
6.2903,5.8389
-4.1352,-3.285
-4.1352,-4.1628
-4.1352,-3.7744
-4.1352,-4.9438
-4.1352,-4.7612
-4.1352,-3.6524
5.3996,5.1103
5.3996,4.6301
5.3996,5.6592
5.3996,6.2903
5.3996,5.377
5.3996,4.7964
5.3996,5.7461
5.3996,5.8389
-1.0576,-2.0378
-1.0576,-1.6061
-1.0576,-1.0609
-1.0576,-1.5478
4.121,4.5684
4.121,4.5328
4.121,4.618
4.121,5.0289
4.121,3.748
4.121,3.8966
4.121,4.2316
4.121,4.845
-2.9961,-3.2385
-2.9961,-3.285
-2.9961,-3.7744
-2.9961,-3.2817
-2.9961,-2.0347
-2.9961,-2.6573
-2.9961,-3.0421
-2.9961,-3.6524
-2.9961,-2.4242
-2.9961,-2.7845
-2.9961,-2.5174
-4.5599,-4.1115
-4.5599,-5.1102
-4.5599,-4.9573
-4.5599,-4.7305
-4.5599,-3.732
-4.5599,-4.3657
-4.5599,-4.7995
-4.5599,-4.9228
-4.5599,-4.1643
-4.5599,-3.7409
-4.5599,-4.2186
-4.5599,-4.8444
-4.5599,-4.4634
-4.5599,-3.8051
-4.5599,-5.1487
-4.5599,-5.4198
-4.5599,-4.554
5.7025,6.2622
5.7025,6.3947
5.7025,5.0289
5.7025,5.4559
5.7025,4.845
5.7025,5.3084
-4.7305,-5.5133
-4.7305,-4.6394
-4.7305,-3.8884
-4.7305,-4.1115
-4.7305,-4.1868
-4.7305,-4.5599
-4.7305,-4.3657
-4.7305,-5.6738
-4.7305,-4.7995
-4.7305,-4.9228
-4.7305,-5.1197
-4.7305,-4.2186
-4.7305,-5.1487
4.618,3.9093
4.618,5.3453
4.618,4.5328
4.618,4.121
4.618,5.0708
4.618,5.0289
4.618,3.748
4.618,5.4559
4.618,4.6947
4.618,4.4614
4.618,4.2316
4.618,4.845
4.618,5.3084
-2.6573,-3.285
-2.6573,-3.2817
-2.6573,-2.0347
-2.6573,-1.9756
-2.6573,-2.9961
-2.6573,-3.0421
-2.6573,-3.6524
-2.6573,-2.4242
-2.6573,-2.7845
-2.6573,-2.5418
-2.6573,-2.5174
-2.6573,-1.8353
-2.634,-2.141
-2.634,-3.1891
-2.634,-3.4378
-2.634,-2.7324
-2.634,-2.9991
-2.634,-2.6265
-2.634,-1.8519
-2.634,-3.1691
-2.634,-2.6108
-3.8762,-4.6246
-3.8762,-4.2396
-3.8762,-3.5293
-3.8762,-4.5458
-3.8762,-4.2326
-3.8762,-3.4136
-3.8762,-4.1643
-3.8762,-3.1611
-3.8762,-3.7409
-3.8762,-3.8299
-3.8762,-2.9228
-3.8762,-3.4205
-3.8762,-3.7755
-3.8762,-4.4634
-3.8762,-3.8051
-3.8762,-4.554
5.9547,6.076
5.9547,5.3453
5.9547,6.3087
5.9547,6.2903
5.9547,5.8611
5.9547,6.397
5.9547,5.6453
5.9547,5.377
5.9547,5.2491
5.9547,6.458
5.9547,5.5982
5.9547,5.7461
5.9547,6.5834
5.9547,5.8389
-2.2215,-2.0166
-2.2215,-2.2097
-2.2215,-2.6314
-2.2215,-2.0378
-2.2215,-1.9756
-2.2215,-2.7037
-2.2215,-2.4242
-2.2215,-2.7845
-2.2215,-1.5478
-2.2215,-3.1083
-3.9594,-3.2385
-3.9594,-4.1628
-3.9594,-3.7744
-3.9594,-3.2817
-3.9594,-4.4341
-3.9594,-3.7535
-3.9594,-3.1083
-3.9594,-4.7813
-3.732,-3.8884
-3.732,-4.1115
-3.732,-4.5599
-3.732,-3.4136
-3.732,-4.3657
-3.732,-4.1643
-3.732,-3.1891
-3.732,-3.7409
-3.732,-4.2186
-3.732,-3.4378
-3.732,-4.4634
-3.732,-3.8051
-3.732,-2.9991
-3.732,-3.1691
-3.5486,-3.285
-3.5486,-3.0421
5.8611,6.076
5.8611,5.3453
5.8611,6.2622
5.8611,6.3087
5.8611,5.9547
5.8611,5.0708
5.8611,5.6453
5.8611,5.4559
5.8611,5.2491
5.8611,6.458
5.8611,5.5982
5.8611,6.5834
-3.3354,-3.0741
-3.3354,-3.0165
-3.3354,-3.8109
-3.3354,-4.2348
-3.3354,-3.8299
-3.3354,-2.9228
-3.3354,-3.4205
-3.3354,-3.7755
-3.3354,-2.6307
6.9704,6.076
6.9704,7.1511
6.9704,7.7007
6.9704,7.3468
6.9704,7.0806
6.9704,6.397
6.9704,6.458
6.9704,6.5834
6.9704,6.6223
3.3303,3.9093
3.3303,3.6729
3.3303,2.9849
3.3303,3.748
3.3303,4.2316
7.4824,7.1511
7.4824,7.7007
7.4824,7.2648
7.4824,8.3114
7.4824,6.6223
7.4824,6.7516
6.397,6.076
6.397,7.1511
6.397,6.2903
6.397,5.9547
6.397,6.9704
6.397,6.458
6.397,5.5982
6.397,5.7461
6.397,6.5834
6.397,6.6223
6.397,6.7516
6.397,5.8389
-3.4136,-3.5293
-3.4136,-3.8762
-3.4136,-3.732
-3.4136,-4.1643
-3.4136,-3.1611
-3.4136,-3.1891
-3.4136,-3.7409
-3.4136,-4.2186
-3.4136,-2.7324
-3.4136,-2.9228
-3.4136,-2.5423
-3.4136,-3.8051
-3.4136,-3.1691
-3.4136,-2.6108
4.1843,4.3138
4.1843,3.9093
4.1843,4.6611
4.1843,3.6729
4.1843,4.6947
4.1843,4.4614
4.1843,4.835
4.1843,3.5674
-4.3657,-4.6394
-4.3657,-3.8884
-4.3657,-4.1115
-4.3657,-4.1868
-4.3657,-4.5599
-4.3657,-4.7305
-4.3657,-3.732
-4.3657,-4.7995
-4.3657,-4.9228
-4.3657,-5.1197
-4.3657,-4.2186
-4.3657,-3.4378
-4.3657,-3.6541
-4.3657,-5.1487
-4.9438,-4.1352
-4.9438,-4.7612
-4.9438,-5.8565
3.6729,3.9093
3.6729,3.3303
3.6729,4.1843
3.6729,2.9849
3.6729,4.4614
3.6729,3.5674
3.6729,4.2316
-5.5955,-5.5133
-5.5955,-4.6394
-5.5955,-6.1435
-5.5955,-5.2292
-5.5955,-5.6738
-5.5955,-6.2367
-5.5955,-5.1197
-5.6738,-5.5133
-5.6738,-5.2292
-5.6738,-4.7305
-5.6738,-5.5955
-5.6738,-4.7995
-5.6738,-6.2367
-5.6738,-5.1197
-5.6738,-5.611
-5.6738,-6.2179
-5.6738,-5.1487
-4.4711,-3.8109
-4.4711,-4.2348
-4.4711,-4.6758
6.7849,6.2622
6.7849,7.0806
6.7849,6.3087
6.7849,6.3947
6.7849,7.008
6.7849,7.5687
6.7849,6.5834
-2.4059,-3.0165
-2.4059,-3.1611
-2.4059,-2.1067
-2.4059,-1.7385
-2.4059,-2.9228
-2.4059,-2.5423
-2.4059,-2.6307
-4.7995,-5.5133
-4.7995,-4.6394
-4.7995,-3.8884
-4.7995,-4.1115
-4.7995,-5.1102
-4.7995,-4.1868
-4.7995,-4.5599
-4.7995,-4.7305
-4.7995,-4.3657
-4.7995,-5.6738
-4.7995,-4.9228
-4.7995,-5.1197
-4.7995,-4.2186
-4.7995,-5.611
-4.7995,-4.4634
-4.7995,-5.1487
-4.7995,-5.4198
-6.2367,-6.1435
-6.2367,-5.5955
-6.2367,-5.6738
-6.2367,-6.8259
-6.2367,-6.2179
5.0708,5.3453
5.0708,4.5328
5.0708,4.618
5.0708,5.8611
5.0708,5.6453
5.0708,5.0289
5.0708,5.4559
5.0708,5.2491
5.0708,4.6947
5.0708,5.5982
5.0708,4.4614
5.0708,4.835
5.0708,4.2316
-4.9228,-5.5133
-4.9228,-4.1115
-4.9228,-5.1102
-4.9228,-4.9573
-4.9228,-4.5599
-4.9228,-4.7305
-4.9228,-4.3657
-4.9228,-4.7995
-4.9228,-4.1643
-4.9228,-4.2186
-4.9228,-5.611
-4.9228,-4.8444
-4.9228,-4.4634
-4.9228,-5.1487
-4.9228,-5.3881
-4.9228,-5.4198
-4.9228,-4.554
7.2648,7.4824
7.2648,6.4667
7.2648,6.7516
-4.1643,-4.6246
-4.1643,-4.2396
-4.1643,-4.1115
-4.1643,-3.5293
-4.1643,-5.1102
-4.1643,-4.9573
-4.1643,-4.5599
-4.1643,-3.8762
-4.1643,-3.732
-4.1643,-3.4136
-4.1643,-4.9228
-4.1643,-3.7409
-4.1643,-4.2186
-4.1643,-3.8299
-4.1643,-4.8444
-4.1643,-4.4634
-4.1643,-3.8051
-4.1643,-4.554
-4.7612,-4.1628
-4.7612,-3.7744
-4.7612,-5.2714
-4.7612,-4.1352
-4.7612,-4.9438
-3.5411,-3.3084
-3.5411,-4.3236
-4.2348,-4.5458
-4.2348,-4.2326
-4.2348,-3.8109
-4.2348,-3.3354
-4.2348,-4.4711
-4.2348,-5.0409
-4.2348,-3.8299
-4.2348,-4.6758
-4.2348,-3.7755
-3.1611,-3.5293
-3.1611,-3.0165
-3.1611,-3.8762
-3.1611,-3.4136
-3.1611,-2.4059
-3.1611,-3.1891
-3.1611,-3.7409
-3.1611,-3.8299
-3.1611,-2.7324
-3.1611,-2.9228
-3.1611,-3.4205
-3.1611,-2.5423
-3.1611,-3.8051
5.6453,6.076
5.6453,5.3453
5.6453,6.2622
5.6453,6.3087
5.6453,5.9547
5.6453,5.8611
5.6453,5.0708
5.6453,5.0289
5.6453,5.4559
5.6453,5.2491
5.6453,4.6947
5.6453,5.5982
5.6453,5.3084
-2.141,-2.634
-2.141,-2.9991
-2.141,-2.6265
-2.141,-1.8519
-2.141,-2.6108
-3.1891,-3.5293
-3.1891,-2.634
-3.1891,-3.732
-3.1891,-3.4136
-3.1891,-3.1611
-3.1891,-3.7409
-3.1891,-3.4378
-3.1891,-2.7324
-3.1891,-2.5423
-3.1891,-3.8051
-3.1891,-2.9991
-3.1891,-3.1691
-3.1891,-2.6108
5.377,5.1103
5.377,4.6611
5.377,4.6301
5.377,5.3453
5.377,5.3996
5.377,5.9547
5.377,5.2491
5.377,5.5982
5.377,4.835
5.377,5.7461
5.377,5.8389
8.2886,7.7007
8.2886,7.3468
8.2886,8.3114
8.2886,7.9345
-2.1067,-2.4059
-2.1067,-1.7385
-2.1067,-2.7324
-2.1067,-2.5423
-2.1067,-1.8519
-2.1067,-2.6108
-3.3084,-3.9337
-3.3084,-3.5411
-3.3084,-3.3177
-3.3084,-3.6541
-3.3084,-2.6265
-3.3084,-2.6461
2.9849,3.3303
2.9849,3.6729
-6.0395,-6.0901
-6.0395,-6.8485
-6.0395,-5.8271
-6.0395,-5.611
-6.0395,-5.658
-6.0395,-6.4482
-6.0395,-6.6509
-6.0395,-5.3881
-6.0395,-5.4198
5.0289,5.3453
5.0289,4.5328
5.0289,4.121
5.0289,5.7025
5.0289,4.618
5.0289,5.0708
5.0289,5.6453
5.0289,5.4559
5.0289,4.6947
5.0289,4.2316
5.0289,4.845
5.0289,5.3084
-5.0409,-4.6246
-5.0409,-5.5237
-5.0409,-4.5458
-5.0409,-4.2326
-5.0409,-5.8271
-5.0409,-5.1922
-5.0409,-4.2348
-5.0409,-4.6758
-5.0409,-5.4274
-2.7037,-2.2097
-2.7037,-2.6314
-2.7037,-2.0378
-2.7037,-2.2215
-2.7037,-3.2352
-2.7037,-3.1083
-2.7037,-2.8386
-3.7409,-3.8884
-3.7409,-4.1115
-3.7409,-3.5293
-3.7409,-4.5599
-3.7409,-3.8762
-3.7409,-3.732
-3.7409,-3.4136
-3.7409,-4.1643
-3.7409,-3.1611
-3.7409,-3.1891
-3.7409,-4.2186
-3.7409,-3.4378
-3.7409,-4.4634
-3.7409,-3.8051
-3.7409,-3.1691
-3.3177,-3.8884
-3.3177,-3.9337
-3.3177,-4.1868
-3.3177,-3.3084
-3.3177,-3.4378
-3.3177,-3.6541
-3.3177,-2.9991
-3.3177,-2.6265
-3.3177,-2.6461
4.7964,5.1103
4.7964,4.6301
4.7964,5.6592
4.7964,5.3996
4.7964,4.3429
3.748,3.9093
3.748,4.5328
3.748,4.121
3.748,4.618
3.748,3.3303
3.748,3.8966
3.748,4.2316
-5.1197,-5.5133
-5.1197,-4.6394
-5.1197,-5.2292
-5.1197,-4.1868
-5.1197,-4.7305
-5.1197,-4.3657
-5.1197,-5.5955
-5.1197,-5.6738
-5.1197,-4.7995
-5.1197,-5.1487
5.4559,5.3453
5.4559,6.2622
5.4559,4.5328
5.4559,6.3087
5.4559,5.7025
5.4559,4.618
5.4559,5.8611
5.4559,5.0708
5.4559,5.6453
5.4559,5.0289
5.4559,4.6947
5.4559,4.845
5.4559,5.3084
-6.3287,-5.5237
-6.3287,-5.8271
-6.3287,-5.4274
-6.3287,-6.6509
-3.0421,-3.285
-3.0421,-2.9961
-3.0421,-2.6573
-3.0421,-3.5486
-3.0421,-3.6524
-3.0421,-2.5418
-3.0421,-2.5174
3.8966,4.5684
3.8966,4.5328
3.8966,4.121
3.8966,3.748
3.8966,4.845
-3.6524,-3.285
-3.6524,-4.1628
-3.6524,-3.7744
-3.6524,-3.2817
-3.6524,-4.1352
-3.6524,-2.9961
-3.6524,-2.6573
-3.6524,-3.0421
-4.2186,-3.8884
-4.2186,-4.1115
-4.2186,-5.1102
-4.2186,-4.5599
-4.2186,-4.7305
-4.2186,-3.732
-4.2186,-3.4136
-4.2186,-4.3657
-4.2186,-4.7995
-4.2186,-4.9228
-4.2186,-4.1643
-4.2186,-3.7409
-4.2186,-4.8444
-4.2186,-4.4634
-4.2186,-3.8051
-4.2186,-5.1487
-4.2186,-4.554
-5.611,-5.5133
-5.611,-6.0901
-5.611,-5.1102
-5.611,-5.6738
-5.611,-4.7995
-5.611,-4.9228
-5.611,-6.0395
-5.611,-6.4482
-5.611,-6.2179
-5.611,-5.1487
-5.611,-5.3881
-5.611,-5.4198
-1.7385,-2.4059
-1.7385,-2.1067
-1.7385,-2.5423
-3.4378,-3.8884
-3.4378,-4.1115
-3.4378,-4.1868
-3.4378,-2.634
-3.4378,-3.732
-3.4378,-4.3657
-3.4378,-3.1891
-3.4378,-3.7409
-3.4378,-3.3177
-3.4378,-3.6541
-3.4378,-2.9991
-3.4378,-2.6265
-3.4378,-3.1691
5.2491,5.1103
5.2491,4.6611
5.2491,6.076
5.2491,5.3453
5.2491,5.9547
5.2491,5.8611
5.2491,5.0708
5.2491,5.6453
5.2491,5.377
5.2491,4.6947
5.2491,5.5982
5.2491,4.4614
5.2491,4.835
5.2491,5.8389
6.4667,6.2875
6.4667,5.6592
6.4667,6.2903
6.4667,7.2648
6.4667,5.7461
6.4667,6.6223
6.4667,6.7516
-3.8299,-4.6246
-3.8299,-4.2396
-3.8299,-3.5293
-3.8299,-3.0165
-3.8299,-4.5458
-3.8299,-4.2326
-3.8299,-3.8762
-3.8299,-3.3354
-3.8299,-4.1643
-3.8299,-4.2348
-3.8299,-3.1611
-3.8299,-2.9228
-3.8299,-3.4205
-3.8299,-3.7755
-3.8299,-3.8051
-3.8299,-4.554
6.458,6.076
6.458,7.1511
6.458,7.3468
6.458,7.0806
6.458,6.3087
6.458,6.2903
6.458,5.9547
6.458,5.8611
6.458,6.9704
6.458,6.397
6.458,5.5982
6.458,6.5834
6.458,6.6223
6.458,5.8389
-1.815,-2.423
-1.815,-2.5418
-1.815,-2.5174
-1.815,-1.8353
-3.6541,-3.8884
-3.6541,-4.1115
-3.6541,-3.9337
-3.6541,-4.1868
-3.6541,-4.3657
-3.6541,-3.3084
-3.6541,-3.3177
-3.6541,-3.4378
-3.6541,-2.9991
-2.7324,-3.5293
-2.7324,-2.634
-2.7324,-3.4136
-2.7324,-3.1611
-2.7324,-3.1891
-2.7324,-2.1067
-2.7324,-2.9228
-2.7324,-2.5423
-2.7324,-1.8519
-2.7324,-3.1691
-2.7324,-2.6108
-2.4242,-2.0166
-2.4242,-2.6314
-2.4242,-3.2817
-2.4242,-2.0347
-2.4242,-1.9756
-2.4242,-1.4971
-2.4242,-2.9961
-2.4242,-2.6573
-2.4242,-2.2215
-2.4242,-2.7845
-2.4242,-2.5174
-2.4242,-1.8353
-7.161,-6.8485
-7.161,-6.4482
-7.161,-6.2179
8.3114,7.7007
8.3114,7.4824
8.3114,8.2886
4.6947,3.9093
4.6947,4.6611
4.6947,5.3453
4.6947,4.5328
4.6947,4.618
4.6947,4.1843
4.6947,5.0708
4.6947,5.6453
4.6947,5.0289
4.6947,5.4559
4.6947,5.2491
4.6947,4.4614
4.6947,4.835
4.6947,4.2316
-4.8347,-4.6394
-4.8347,-5.2292
-4.8347,-5.3488
-4.8347,-4.3236
-2.9228,-3.5293
-2.9228,-3.0165
-2.9228,-3.8762
-2.9228,-3.3354
-2.9228,-3.4136
-2.9228,-2.4059
-2.9228,-3.1611
-2.9228,-3.8299
-2.9228,-2.7324
-2.9228,-3.4205
-2.9228,-2.5423
-2.9228,-2.6307
3.7067,4.3429
-6.8259,-6.1435
-6.8259,-6.2367
-3.4205,-4.2396
-3.4205,-3.5293
-3.4205,-3.0165
-3.4205,-4.2326
-3.4205,-3.8762
-3.4205,-3.3354
-3.4205,-3.1611
-3.4205,-3.8299
-3.4205,-2.9228
-3.4205,-3.7755
-3.4205,-2.6307
7.008,6.9491
7.008,7.9988
7.008,6.2622
7.008,7.0806
7.008,6.3087
7.008,6.3947
7.008,6.7849
7.008,7.5687
-3.2352,-3.2385
-3.2352,-3.5241
-3.2352,-2.6314
-3.2352,-2.7037
-3.2352,-4.0813
-3.2352,-3.7535
-3.2352,-3.1083
-3.2352,-2.8386
-1.6061,-2.2097
-1.6061,-2.0378
-1.6061,-1.0576
-1.6061,-1.5478
-2.7845,-3.2385
-2.7845,-2.0166
-2.7845,-2.6314
-2.7845,-3.2817
-2.7845,-1.9756
-2.7845,-2.9961
-2.7845,-2.6573
-2.7845,-2.2215
-2.7845,-2.4242
-2.7845,-3.1083
5.5982,4.6611
5.5982,6.076
5.5982,5.3453
5.5982,5.9547
5.5982,5.8611
5.5982,6.397
5.5982,5.0708
5.5982,5.6453
5.5982,5.377
5.5982,5.2491
5.5982,6.458
5.5982,4.835
5.5982,5.8389
4.4614,3.9093
4.4614,4.6611
4.4614,5.3453
4.4614,4.618
4.4614,4.1843
4.4614,3.6729
4.4614,5.0708
4.4614,5.2491
4.4614,4.6947
4.4614,4.835
4.4614,4.2316
4.835,4.3138
4.835,5.1103
4.835,4.6611
4.835,5.3453
4.835,4.1843
4.835,5.0708
4.835,5.377
4.835,5.2491
4.835,4.6947
4.835,5.5982
4.835,4.4614
-4.6758,-4.6246
-4.6758,-5.5237
-4.6758,-4.5458
-4.6758,-4.2326
-4.6758,-5.1922
-4.6758,-4.4711
-4.6758,-4.2348
-4.6758,-5.0409
-4.6758,-3.7755
-4.6758,-5.4274
-1.0609,-2.0166
-1.0609,-1.9756
-1.0609,-1.4971
-1.0609,-1.0576
-1.0609,-1.5478
-1.0609,-1.2109
-2.5423,-3.5293
-2.5423,-3.0165
-2.5423,-3.4136
-2.5423,-2.4059
-2.5423,-3.1611
-2.5423,-3.1891
-2.5423,-2.1067
-2.5423,-1.7385
-2.5423,-2.7324
-2.5423,-2.9228
-2.5423,-2.6108
-4.0813,-3.5241
-4.0813,-3.2352
-4.0813,-4.4341
-4.0813,-3.7535
-4.8444,-4.6246
-4.8444,-4.2396
-4.8444,-5.1102
-4.8444,-4.9573
-4.8444,-5.1922
-4.8444,-4.5599
-4.8444,-4.9228
-4.8444,-4.1643
-4.8444,-4.2186
-4.8444,-5.658
-4.8444,-4.4634
-4.8444,-5.1487
-4.8444,-5.3881
-4.8444,-5.4198
-4.8444,-4.554
-3.7755,-3.0165
-3.7755,-4.5458
-3.7755,-4.2326
-3.7755,-3.8109
-3.7755,-3.8762
-3.7755,-3.3354
-3.7755,-4.2348
-3.7755,-3.8299
-3.7755,-3.4205
-3.7755,-4.6758
-4.4341,-3.9594
-4.4341,-4.0813
-4.4341,-3.7535
-4.4341,-4.7813
7.5687,7.9988
7.5687,7.0806
7.5687,6.7849
7.5687,7.008
7.5687,7.9345
3.5674,4.3138
3.5674,4.1843
3.5674,3.6729
-5.8565,-4.9438
-5.658,-6.0901
-5.658,-5.1102
-5.658,-4.9573
-5.658,-5.8271
-5.658,-5.1922
-5.658,-6.0395
-5.658,-4.8444
-5.658,-5.4274
-5.658,-6.6509
-5.658,-5.3881
-5.658,-5.4198
4.2316,3.9093
4.2316,4.5328
4.2316,4.121
4.2316,4.618
4.2316,3.3303
4.2316,3.6729
4.2316,5.0708
4.2316,5.0289
4.2316,3.748
4.2316,4.6947
4.2316,4.4614
4.3429,4.3138
4.3429,5.1103
4.3429,4.6301
4.3429,4.7964
4.3429,3.7067
5.7461,5.1103
5.7461,5.6592
5.7461,6.2903
5.7461,5.3996
5.7461,5.9547
5.7461,6.397
5.7461,5.377
5.7461,6.4667
5.7461,6.6223
5.7461,5.8389
-4.4634,-4.6246
-4.4634,-4.2396
-4.4634,-4.1115
-4.4634,-5.1102
-4.4634,-4.9573
-4.4634,-4.5599
-4.4634,-3.8762
-4.4634,-3.732
-4.4634,-4.7995
-4.4634,-4.9228
-4.4634,-4.1643
-4.4634,-3.7409
-4.4634,-4.2186
-4.4634,-4.8444
-4.4634,-3.8051
-4.4634,-5.3881
-4.4634,-5.4198
-4.4634,-4.554
-6.4482,-5.5133
-6.4482,-6.0901
-6.4482,-6.8485
-6.4482,-6.0395
-6.4482,-5.611
-6.4482,-7.161
-6.4482,-6.2179
-5.4274,-4.6246
-5.4274,-5.5237
-5.4274,-4.5458
-5.4274,-4.9573
-5.4274,-5.8271
-5.4274,-5.1922
-5.4274,-5.0409
-5.4274,-6.3287
-5.4274,-4.6758
-5.4274,-5.658
-5.4274,-5.3881
-1.5478,-2.0166
-1.5478,-2.0378
-1.5478,-1.9756
-1.5478,-1.4971
-1.5478,-1.0576
-1.5478,-2.2215
-1.5478,-1.6061
-1.5478,-1.0609
-3.8051,-4.2396
-3.8051,-4.1115
-3.8051,-3.5293
-3.8051,-4.5599
-3.8051,-3.8762
-3.8051,-3.732
-3.8051,-3.4136
-3.8051,-4.1643
-3.8051,-3.1611
-3.8051,-3.1891
-3.8051,-3.7409
-3.8051,-4.2186
-3.8051,-3.8299
-3.8051,-4.4634
-3.8051,-4.554
-3.7535,-3.2385
-3.7535,-3.5241
-3.7535,-3.9594
-3.7535,-3.2352
-3.7535,-4.0813
-3.7535,-4.4341
-3.7535,-3.1083
4.845,4.5684
4.845,4.5328
4.845,4.121
4.845,5.7025
4.845,4.618
4.845,5.0289
4.845,5.4559
4.845,3.8966
4.845,5.3084
-2.423,-1.815
-2.423,-2.5418
-3.1083,-3.2385
-3.1083,-2.6314
-3.1083,-3.2817
-3.1083,-2.2215
-3.1083,-3.9594
-3.1083,-2.7037
-3.1083,-3.2352
-3.1083,-2.7845
-3.1083,-3.7535
-2.5418,-3.285
-2.5418,-2.6573
-2.5418,-3.0421
-2.5418,-1.815
-2.5418,-2.423
-2.5418,-2.5174
-2.5418,-1.8353
6.5834,6.076
6.5834,7.3468
6.5834,6.2622
6.5834,7.0806
6.5834,6.3087
6.5834,5.9547
6.5834,5.8611
6.5834,6.9704
6.5834,6.397
6.5834,6.7849
6.5834,6.458
-6.6509,-6.8485
-6.6509,-5.8271
-6.6509,-6.0395
-6.6509,-6.3287
-6.6509,-5.658
6.6223,7.1511
6.6223,6.2903
6.6223,6.9704
6.6223,7.4824
6.6223,6.397
6.6223,6.4667
6.6223,6.458
6.6223,5.7461
6.6223,6.7516
6.6223,5.8389
-2.8386,-2.2097
-2.8386,-3.5241
-2.8386,-2.7037
-2.8386,-3.2352
-2.9991,-3.8884
-2.9991,-2.634
-2.9991,-3.732
-2.9991,-2.141
-2.9991,-3.1891
-2.9991,-3.3177
-2.9991,-3.4378
-2.9991,-3.6541
-2.9991,-2.6265
-2.9991,-3.1691
-2.9991,-2.6108
-2.6265,-2.634
-2.6265,-2.141
-2.6265,-3.3084
-2.6265,-3.3177
-2.6265,-3.4378
-2.6265,-2.9991
-2.6265,-2.6461
-4.3236,-4.6394
-4.3236,-3.9337
-4.3236,-5.2292
-4.3236,-4.1868
-4.3236,-3.5411
-4.3236,-4.8347
-4.7813,-5.2714
-4.7813,-3.9594
-4.7813,-4.4341
6.7516,7.1511
6.7516,6.2903
6.7516,7.4824
6.7516,6.397
6.7516,7.2648
6.7516,6.4667
6.7516,6.6223
-2.5174,-3.285
-2.5174,-2.0347
-2.5174,-2.9961
-2.5174,-2.6573
-2.5174,-3.0421
-2.5174,-1.815
-2.5174,-2.4242
-2.5174,-2.5418
-2.5174,-1.8353
-6.2179,-5.5133
-6.2179,-6.0901
-6.2179,-5.6738
-6.2179,-6.2367
-6.2179,-5.611
-6.2179,-7.161
-6.2179,-6.4482
-5.1487,-5.5133
-5.1487,-5.1102
-5.1487,-4.5599
-5.1487,-4.7305
-5.1487,-4.3657
-5.1487,-5.6738
-5.1487,-4.7995
-5.1487,-4.9228
-5.1487,-5.1197
-5.1487,-4.2186
-5.1487,-5.611
-5.1487,-4.8444
-5.1487,-5.4198
-1.8519,-2.634
-1.8519,-2.141
-1.8519,-2.1067
-1.8519,-2.7324
-1.8519,-2.6108
7.9345,7.3468
7.9345,7.0806
7.9345,8.2886
7.9345,7.5687
-5.3881,-4.6246
-5.3881,-6.0901
-5.3881,-5.1102
-5.3881,-4.9573
-5.3881,-5.8271
-5.3881,-5.1922
-5.3881,-4.9228
-5.3881,-6.0395
-5.3881,-5.611
-5.3881,-4.8444
-5.3881,-5.658
-5.3881,-4.4634
-5.3881,-5.4274
-5.3881,-5.4198
-5.3881,-4.554
-2.6307,-3.0741
-2.6307,-3.0165
-2.6307,-3.3354
-2.6307,-2.4059
-2.6307,-2.9228
-2.6307,-3.4205
-1.2109,-2.0347
-1.2109,-1.4971
-1.2109,-1.0609
-1.2109,-1.8353
-1.8353,-2.0347
-1.8353,-2.6573
-1.8353,-1.815
-1.8353,-2.4242
-1.8353,-2.5418
-1.8353,-2.5174
-1.8353,-1.2109
-5.4198,-5.5133
-5.4198,-6.0901
-5.4198,-5.1102
-5.4198,-4.9573
-5.4198,-4.5599
-5.4198,-4.7995
-5.4198,-4.9228
-5.4198,-6.0395
-5.4198,-5.611
-5.4198,-4.8444
-5.4198,-5.658
-5.4198,-4.4634
-5.4198,-5.1487
-5.4198,-5.3881
5.8389,5.1103
5.8389,6.076
5.8389,6.2903
5.8389,5.3996
5.8389,5.9547
5.8389,6.397
5.8389,5.377
5.8389,5.2491
5.8389,6.458
5.8389,5.5982
5.8389,5.7461
5.8389,6.6223
-4.554,-4.6246
-4.554,-4.2396
-4.554,-4.5458
-4.554,-5.1102
-4.554,-4.2326
-4.554,-4.9573
-4.554,-5.1922
-4.554,-4.5599
-4.554,-3.8762
-4.554,-4.9228
-4.554,-4.1643
-4.554,-4.2186
-4.554,-3.8299
-4.554,-4.8444
-4.554,-4.4634
-4.554,-3.8051
-4.554,-5.3881
-2.6461,-3.3084
-2.6461,-3.3177
-2.6461,-2.6265
-3.1691,-3.8884
-3.1691,-4.1115
-3.1691,-2.634
-3.1691,-3.732
-3.1691,-3.4136
-3.1691,-3.1891
-3.1691,-3.7409
-3.1691,-3.4378
-3.1691,-2.7324
-3.1691,-2.9991
-3.1691,-2.6108
5.3084,4.5328
5.3084,5.7025
5.3084,4.618
5.3084,5.6453
5.3084,5.0289
5.3084,5.4559
5.3084,4.845
-2.6108,-2.634
-2.6108,-3.4136
-2.6108,-2.141
-2.6108,-3.1891
-2.6108,-2.1067
-2.6108,-2.7324
-2.6108,-2.5423
-2.6108,-2.9991
-2.6108,-1.8519
-2.6108,-3.1691
