-0.4569,-0.26575
-0.4569,0.28864
-0.4569,-0.83772
-0.4569,-0.68035
-0.4569,0.20029
-0.4569,-0.62473
-0.4569,-0.26927
-0.4569,-1.04
-0.4569,0.14356
-0.4569,-0.30637
-0.4569,-1.1071
-5.6006,-5.2967
-5.6006,-5.0248
-5.6006,-5.6466
-5.6006,-5.2519
-5.6006,-5.8799
-5.6006,-4.607
-5.6006,-6.3048
-5.6006,-6.0895
-5.6006,-5.2492
-3.2507,-3.2754
-3.2507,-4.0068
-3.2507,-3.5484
-3.2507,-3.831
-3.2507,-2.759
-5.2967,-5.6006
-5.2967,-5.7309
-5.2967,-5.0248
-5.2967,-5.6466
-5.2967,-5.2519
-5.2967,-4.5279
-5.2967,-4.607
-5.2967,-5.1412
-5.2967,-6.0895
-5.2967,-4.5915
2.6079,1.9757
2.6079,2.3403
2.6079,2.8824
2.6079,2.9186
2.6079,3.2318
2.6079,1.8621
2.6079,3.1219
2.6079,3.1532
2.6079,3.5212
2.6079,2.7055
2.6079,2.4159
2.6079,2.1976
2.6079,2.039
2.6079,2.8064
2.6079,3.4621
-1.0438,-1.3376
-1.0438,-1.2561
-1.0438,-0.87037
-1.0438,-0.61532
-1.0438,-0.1919
-1.0438,-0.49509
-1.0438,-1.5089
-1.0438,-0.26554
-1.0438,-1.5752
-1.0438,-0.77739
-1.0438,-0.52452
-3.1128,-2.4876
-3.1128,-2.3544
-3.1128,-2.1379
-3.1128,-2.594
-3.1128,-3.1825
-3.0223,-3.2754
-3.0223,-3.8729
-3.0223,-2.5538
-3.0223,-3.527
-1.6754,-2.2122
-1.6754,-0.83772
-1.6754,-1.4161
-1.6754,-1.04
-1.6754,-1.9919
-1.6754,-1.1071
0.25232,-0.13784
0.25232,1.0984
0.25232,0.25954
0.25232,0.13114
0.25232,-0.61532
0.25232,-0.1919
0.25232,-0.49509
0.25232,0.4489
0.25232,-0.26554
0.25232,0.55442
0.25232,0.73402
1.5808,1.0984
1.5808,1.029
-5.7309,-5.2967
-5.7309,-4.8229
-5.7309,-5.6466
-5.7309,-5.1412
-5.7309,-5.6749
-5.7309,-6.0895
-5.7309,-6.3712
-5.7309,-5.1178
-5.0248,-5.6006
-5.0248,-5.2967
-5.0248,-5.6466
-5.0248,-5.2519
-5.0248,-4.5279
-5.0248,-4.6324
-5.0248,-4.607
-5.0248,-5.1412
-5.0248,-4.1737
-5.0248,-4.5915
1.6305,1.9757
1.6305,2.3403
1.6305,1.1696
1.6305,1.8621
1.6305,1.1525
1.6305,2.4159
1.6305,2.039
3.581,4.3104
3.581,4.5453
3.581,3.8327
3.581,2.9186
3.581,3.9508
3.581,3.2254
3.581,3.2318
3.581,3.8945
3.581,3.1532
3.581,3.5212
3.581,4.0984
3.581,2.8064
3.581,3.4284
-0.11023,0.20223
-0.11023,-0.77739
-0.11023,-0.52452
-1.3376,-1.0438
-1.3376,-1.204
-1.3376,-0.61532
-1.3376,-1.5089
-1.3376,-1.5752
-1.3376,-0.77739
-1.3376,-2.0342
-1.3376,-0.52452
-2.6291,-3.4646
-2.6291,-1.7967
-2.6291,-2.5538
-1.6332,-1.6404
-1.6332,-2.4876
-1.6332,-1.0387
-1.6332,-0.68035
-1.6332,-1.303
-1.6332,-2.3544
-1.6332,-1.4161
-1.6332,-1.04
-1.6332,-1.9919
-1.6332,-2.1379
-1.6332,-1.8499
-1.6332,-1.2707
3.685,4.3697
3.685,3.1184
3.685,3.9508
3.685,3.2254
3.685,2.7724
3.685,3.4284
2.8198,1.9687
2.8198,3.2558
2.8198,3.5309
2.8198,2.8824
2.8198,3.5653
2.8198,3.1219
2.8198,2.7055
2.8198,2.5238
2.8198,3.0878
2.8198,2.2632
2.8198,2.6425
2.8198,2.1976
-4.0977,-4.4322
-4.0977,-4.706
-4.0977,-4.6324
-4.0977,-3.4646
-4.0977,-3.8729
-4.0977,-4.1737
-4.0977,-3.527
1.9687,2.8198
1.9687,2.5983
1.9687,1.7872
1.9687,2.5238
1.9687,1.792
1.9687,2.2632
1.9687,2.6425
1.9687,1.1908
3.2558,2.8198
3.2558,3.5309
3.2558,3.835
3.2558,2.8824
3.2558,3.5653
3.2558,3.1219
3.2558,4.0259
3.2558,2.7055
3.2558,2.5238
3.2558,3.0878
3.2558,3.5475
3.2558,2.2632
3.2558,4.2364
3.2558,3.4621
3.2558,3.8715
-2.2122,-1.6754
-2.2122,-2.3544
-2.2122,-1.4161
-2.2122,-1.9919
-2.2122,-3.0142
4.3104,3.581
4.3104,5.0523
4.3104,4.6027
4.3104,4.5453
4.3104,3.8327
4.3104,4.0194
4.3104,4.6087
4.3104,3.9508
4.3104,3.8945
4.3104,4.0259
4.3104,3.5212
4.3104,4.7941
4.3104,4.0984
4.3104,4.4278
-4.4322,-4.0977
-4.4322,-4.706
-4.4322,-3.4646
-0.26575,-0.4569
-0.26575,-1.0387
-0.26575,-0.13784
-0.26575,-0.68035
-0.26575,0.20029
-0.26575,0.13114
-0.26575,-0.62473
-0.26575,0.67144
-0.26575,-0.49509
-0.26575,-0.30637
-0.26575,-0.80963
-0.26575,0.55442
-0.26575,-0.49381
-0.26575,0.1659
-1.6404,-1.6332
-1.6404,-2.4876
-1.6404,-1.0387
-1.6404,-1.2561
-1.6404,-1.303
-1.6404,-1.9919
-1.6404,-2.1379
-1.6404,-1.8499
-1.6404,-0.80963
-1.6404,-1.2707
-1.6404,-1.952
-1.6404,-1.5089
3.5309,2.8198
3.5309,3.2558
3.5309,4.0555
3.5309,3.835
3.5309,2.8824
3.5309,3.2298
3.5309,3.5653
3.5309,3.9103
3.5309,3.0878
3.5309,3.5475
3.5309,2.6425
3.5309,4.4295
3.5309,4.2364
3.5309,3.8715
0.28864,-0.4569
0.28864,0.58163
0.28864,-0.26927
0.28864,0.14356
0.28864,0.81884
4.3697,3.685
4.3697,4.6877
4.3697,4.6027
4.3697,4.5453
4.3697,5.0421
4.3697,3.9508
4.3697,4.0984
4.3697,3.4284
3.1184,3.685
3.1184,2.3671
3.1184,3.9508
3.1184,3.2254
3.1184,2.7724
3.1184,2.6312
3.1184,2.8064
3.1184,3.4284
-2.4876,-3.1128
-2.4876,-1.6332
-2.4876,-1.6404
-2.4876,-2.3544
-2.4876,-1.9919
-2.4876,-2.1379
-2.4876,-2.594
-2.4876,-1.8499
-1.0387,-1.6332
-1.0387,-0.26575
-1.0387,-1.6404
-1.0387,-1.2561
-1.0387,-0.68035
-1.0387,-1.303
-1.0387,-0.62473
-1.0387,-1.4161
-1.0387,-1.04
-1.0387,-0.49509
-1.0387,-1.8499
-1.0387,-0.80963
-1.0387,-1.2707
-1.0387,-0.49381
4.7982,4.0555
4.7982,5.0799
4.7982,5.6704
4.7982,4.4227
4.7982,4.6981
4.7982,3.9103
4.7982,5.2715
4.7982,4.4295
0.20223,-0.11023
0.20223,0.25954
0.20223,-0.1919
0.20223,-0.77739
0.20223,-0.52452
4.0555,3.5309
4.0555,4.7982
4.0555,3.835
4.0555,3.2298
4.0555,3.7457
4.0555,4.4227
4.0555,4.6981
4.0555,3.9103
4.0555,3.0878
4.0555,3.5475
4.0555,4.4295
4.0555,4.2364
4.0555,3.8715
1.618,1.9757
1.618,2.3403
1.618,1.8621
1.618,1.1525
1.618,1.792
1.618,2.2632
1.618,2.1976
1.618,1.1908
-1.204,-1.3376
-1.204,-0.77739
-1.204,-2.0342
1.9757,2.6079
1.9757,1.6305
1.9757,1.618
1.9757,2.3403
1.9757,2.9186
1.9757,1.8621
1.9757,1.1525
1.9757,2.4159
1.9757,2.1976
1.9757,2.039
5.2916,5.0523
5.2916,4.6087
5.2916,4.9739
5.2916,5.7513
5.2916,4.7941
5.2916,5.2715
5.2916,5.7664
5.2916,4.4278
-1.2561,-1.0438
-1.2561,-1.6404
-1.2561,-1.0387
-1.2561,-0.87037
-1.2561,-0.61532
-1.2561,-0.49509
-1.2561,-1.8499
-1.2561,-0.80963
-1.2561,-1.2707
-1.2561,-1.952
-1.2561,-1.5089
-1.2561,-1.5752
-1.2561,-0.49381
5.0523,4.3104
5.0523,5.2916
5.0523,4.6027
5.0523,4.5453
5.0523,5.0421
5.0523,4.6087
5.0523,5.7513
5.0523,4.7941
5.0523,4.4278
5.0523,5.4484
-0.13784,0.25232
-0.13784,-0.26575
-0.13784,-0.87037
-0.13784,-0.68035
-0.13784,0.13114
-0.13784,-0.61532
-0.13784,-0.1919
-0.13784,-0.49509
-0.13784,0.4489
-0.13784,-0.80963
-0.13784,-0.26554
-0.13784,0.55442
-0.13784,-0.49381
-0.13784,0.1659
2.3671,3.1184
2.3671,3.2254
2.3671,2.7724
2.3671,1.7266
2.3671,2.4159
2.3671,2.039
2.3671,2.6312
2.3671,2.8064
-4.8229,-5.7309
-4.8229,-4.3545
-4.8229,-3.908
-4.8229,-4.5279
-4.8229,-5.1412
-4.8229,-5.6749
-4.8229,-4.5915
-4.8229,-4.9744
-4.8229,-5.1178
-5.6466,-5.6006
-5.6466,-5.2967
-5.6466,-5.7309
-5.6466,-5.0248
-5.6466,-5.2519
-5.6466,-6.3048
-5.6466,-5.1412
-5.6466,-6.0895
-5.6466,-6.3712
4.6877,4.3697
-0.87037,-1.0438
-0.87037,-1.2561
-0.87037,-0.13784
-0.87037,-0.61532
-0.87037,-0.1919
-0.87037,-0.49509
-0.87037,-0.80963
-0.87037,-1.2707
-0.87037,-1.5089
-0.87037,-0.26554
-0.87037,-1.5752
-0.87037,-0.49381
-0.87037,-0.52452
-5.2519,-5.6006
-5.2519,-5.2967
-5.2519,-5.0248
-5.2519,-5.6466
-5.2519,-5.8799
-5.2519,-4.6324
-5.2519,-4.607
-5.2519,-5.2492
1.0984,0.25232
1.0984,1.5808
1.0984,1.029
1.0984,0.4489
1.0984,0.55442
1.0984,0.73402
5.0799,4.7982
5.0799,5.6704
5.0799,4.4227
5.0799,4.2572
5.0799,4.8069
2.3403,2.6079
2.3403,1.6305
2.3403,1.618
2.3403,1.9757
2.3403,2.8824
2.3403,2.9186
2.3403,1.8621
2.3403,3.1219
2.3403,3.1532
2.3403,2.7055
2.3403,2.4159
2.3403,2.2632
2.3403,2.1976
3.835,3.2558
3.835,3.5309
3.835,4.0555
3.835,3.5653
3.835,4.0259
3.835,4.6981
3.835,3.9103
3.835,3.0878
3.835,3.5475
3.835,4.4295
3.835,4.2364
3.835,3.8715
4.6027,4.3104
4.6027,4.3697
4.6027,5.0523
4.6027,4.5453
4.6027,5.0421
4.6027,3.8327
4.6027,4.0194
4.6027,3.9508
4.6027,3.8945
4.6027,4.7941
4.6027,4.0984
4.6027,4.4278
4.6027,5.4484
-4.3545,-4.8229
-4.3545,-3.908
-4.3545,-4.5279
-4.3545,-4.0068
-4.3545,-5.1412
-4.3545,-3.5484
-4.3545,-4.5915
-4.3545,-3.831
-4.3545,-5.1178
-0.83772,-0.4569
-0.83772,-1.6754
-0.83772,-0.26927
-0.83772,-1.4161
-0.83772,-1.04
-0.83772,-0.92228
-0.83772,-1.1071
-2.1523,-2.5538
0.58163,0.28864
0.58163,0.20029
0.58163,0.67144
0.58163,1.3407
0.58163,0.14356
0.58163,-0.30637
0.58163,0.81884
0.58163,0.1659
-3.908,-4.8229
-3.908,-4.3545
-3.908,-3.5484
-3.908,-4.5915
-3.908,-3.2776
-3.908,-3.831
-3.908,-4.0768
-0.68035,-0.4569
-0.68035,-1.6332
-0.68035,-0.26575
-0.68035,-1.0387
-0.68035,-0.13784
-0.68035,0.20029
-0.68035,-1.303
-0.68035,-0.62473
-0.68035,-1.4161
-0.68035,-1.04
-0.68035,-0.49509
-0.68035,-0.30637
-0.68035,-0.80963
-0.68035,-1.2707
-0.68035,-0.49381
-0.68035,0.1659
-4.5279,-5.2967
-4.5279,-5.0248
-4.5279,-4.8229
-4.5279,-4.3545
-4.5279,-4.0068
-4.5279,-4.607
-4.5279,-5.1412
-4.5279,-4.1737
-4.5279,-4.5915
-4.5279,-3.831
2.8824,2.6079
2.8824,2.8198
2.8824,3.2558
2.8824,3.5309
2.8824,2.3403
2.8824,3.5653
2.8824,3.1219
2.8824,3.1532
2.8824,3.5212
2.8824,2.7055
2.8824,2.5238
2.8824,3.0878
2.8824,2.2632
2.8824,2.1976
2.8824,3.4621
0.20029,-0.4569
0.20029,-0.26575
0.20029,0.58163
0.20029,-0.68035
0.20029,-0.62473
0.20029,0.67144
0.20029,0.14356
0.20029,-0.30637
0.20029,0.55442
0.20029,0.1659
3.2298,3.5309
3.2298,4.0555
3.2298,2.8567
3.2298,3.7457
3.2298,2.5983
3.2298,3.5171
3.2298,3.9103
3.2298,3.0878
3.2298,3.5475
3.2298,2.6425
0.25954,0.25232
0.25954,0.20223
0.25954,-0.61532
0.25954,-0.1919
0.25954,-0.26554
0.25954,0.73402
0.25954,-0.52452
-4.706,-4.0977
-4.706,-4.4322
-4.706,-4.6324
-4.706,-5.2492
4.5453,3.581
4.5453,4.3104
4.5453,4.3697
4.5453,5.0523
4.5453,4.6027
4.5453,5.0421
4.5453,3.8327
4.5453,3.9508
4.5453,4.0984
4.5453,5.4484
2.8567,3.2298
2.8567,3.7457
2.8567,2.5983
2.8567,3.5171
-1.303,-1.6332
-1.303,-1.6404
-1.303,-1.0387
-1.303,-0.68035
-1.303,-0.62473
-1.303,-1.4161
-1.303,-1.04
-1.303,-1.9919
-1.303,-2.1379
-1.303,-1.2707
-1.303,-1.1071
-3.2754,-3.2507
-3.2754,-3.0223
-3.2754,-4.0068
-3.2754,-3.8729
-3.2754,-4.1737
-3.2754,-2.5538
-3.2754,-3.831
-3.2754,-3.527
-5.8799,-5.6006
-5.8799,-5.2519
-5.8799,-6.3048
-5.8799,-5.2492
5.2701,4.4965
-4.0068,-3.2507
-4.0068,-4.3545
-4.0068,-4.5279
-4.0068,-3.2754
-4.0068,-4.607
-4.0068,-3.8729
-4.0068,-3.5484
-4.0068,-4.1737
-4.0068,-4.5915
-4.0068,-3.831
0.13114,0.25232
0.13114,-0.26575
0.13114,-0.13784
0.13114,1.029
0.13114,0.67144
0.13114,-0.49509
0.13114,0.4489
0.13114,-0.80963
0.13114,-0.26554
0.13114,0.55442
0.13114,-0.49381
0.13114,0.1659
5.0421,4.3697
5.0421,5.0523
5.0421,4.6027
5.0421,4.5453
5.0421,5.4484
1.029,1.5808
1.029,1.0984
1.029,0.13114
1.029,0.67144
1.029,0.4489
1.029,1.5332
1.029,0.55442
1.029,0.1659
-2.3544,-3.1128
-2.3544,-1.6332
-2.3544,-2.2122
-2.3544,-2.4876
-2.3544,-1.4161
-2.3544,-1.9919
-2.3544,-2.1379
-2.3544,-3.1825
-0.62473,-0.4569
-0.62473,-0.26575
-0.62473,-1.0387
-0.62473,-0.68035
-0.62473,0.20029
-0.62473,-1.303
-0.62473,-1.4161
-0.62473,-1.04
-0.62473,-0.30637
-0.62473,-1.1071
-0.62473,-0.49381
-0.62473,0.1659
-0.26927,-0.4569
-0.26927,0.28864
-0.26927,-0.83772
-0.26927,0.14356
-0.26927,-0.92228
1.1696,1.6305
1.1696,1.7266
1.1696,2.039
-0.61532,-1.0438
-0.61532,0.25232
-0.61532,-1.3376
-0.61532,-1.2561
-0.61532,-0.13784
-0.61532,-0.87037
-0.61532,0.25954
-0.61532,-0.1919
-0.61532,-0.49509
-0.61532,-0.80963
-0.61532,-1.5089
-0.61532,-0.26554
-0.61532,-1.5752
-0.61532,-0.52452
3.8327,3.581
3.8327,4.3104
3.8327,4.6027
3.8327,4.5453
3.8327,4.0194
3.8327,2.9186
3.8327,3.9508
3.8327,3.2254
3.8327,3.2318
3.8327,3.1219
3.8327,3.8945
3.8327,4.0259
3.8327,3.1532
3.8327,3.5212
3.8327,4.0984
3.8327,3.4621
3.8327,4.4278
-4.6324,-5.0248
-4.6324,-4.0977
-4.6324,-5.2519
-4.6324,-4.706
-4.6324,-4.607
-4.6324,-3.8729
-4.6324,-4.1737
-4.6324,-5.2492
-1.4161,-1.6754
-1.4161,-1.6332
-1.4161,-2.2122
-1.4161,-1.0387
-1.4161,-0.83772
-1.4161,-0.68035
-1.4161,-1.303
-1.4161,-2.3544
-1.4161,-0.62473
-1.4161,-1.04
-1.4161,-1.9919
-1.4161,-1.1071
4.0194,4.3104
4.0194,4.6027
4.0194,3.8327
4.0194,4.6087
4.0194,3.5653
4.0194,3.1219
4.0194,3.8945
4.0194,4.0259
4.0194,3.1532
4.0194,3.5212
4.0194,4.7941
4.0194,4.2364
4.0194,4.0984
4.0194,3.4621
4.0194,3.8715
4.0194,4.4278
4.6087,4.3104
4.6087,5.2916
4.6087,5.0523
4.6087,4.0194
4.6087,4.9739
4.6087,3.8945
4.6087,4.0259
4.6087,4.6981
4.6087,4.7941
4.6087,4.4295
4.6087,4.2364
4.6087,3.8715
4.6087,4.4278
2.9186,2.6079
2.9186,3.581
2.9186,1.9757
2.9186,2.3403
2.9186,3.8327
2.9186,3.2254
2.9186,3.2318
2.9186,3.1219
2.9186,3.1532
2.9186,3.5212
2.9186,2.7055
2.9186,2.4159
2.9186,2.8064
2.9186,3.4621
-1.04,-0.4569
-1.04,-1.6754
-1.04,-1.6332
-1.04,-1.0387
-1.04,-0.83772
-1.04,-0.68035
-1.04,-1.303
-1.04,-0.62473
-1.04,-1.4161
-1.04,-1.9919
-1.04,-0.30637
-1.04,-1.1071
3.9508,3.581
3.9508,3.685
3.9508,4.3104
3.9508,4.3697
3.9508,3.1184
3.9508,4.6027
3.9508,4.5453
3.9508,3.8327
3.9508,3.2254
3.9508,3.2318
3.9508,4.0984
3.9508,3.4284
4.9739,5.2916
4.9739,4.6087
4.9739,4.0259
4.9739,4.6981
4.9739,4.7941
4.9739,5.2715
4.9739,4.4295
4.9739,4.2364
4.9739,5.7664
4.9739,4.4278
5.6704,4.7982
5.6704,5.0799
5.6704,5.2715
-1.9919,-1.6754
-1.9919,-1.6332
-1.9919,-2.2122
-1.9919,-1.6404
-1.9919,-2.4876
-1.9919,-1.303
-1.9919,-2.3544
-1.9919,-1.4161
-1.9919,-1.04
-1.9919,-2.1379
3.2254,3.581
3.2254,3.685
3.2254,3.1184
3.2254,2.3671
3.2254,3.8327
3.2254,2.9186
3.2254,3.9508
3.2254,3.2318
3.2254,3.1532
3.2254,2.4159
3.2254,2.6312
3.2254,4.0984
3.2254,2.8064
3.2254,3.4284
-0.1919,-1.0438
-0.1919,0.25232
-0.1919,0.20223
-0.1919,-0.13784
-0.1919,-0.87037
-0.1919,0.25954
-0.1919,-0.61532
-0.1919,-0.49509
-0.1919,-0.26554
-0.1919,0.73402
-0.1919,-0.52452
5.7513,5.2916
5.7513,5.0523
5.7513,5.7664
5.7513,5.4484
-4.607,-5.6006
-4.607,-5.2967
-4.607,-5.0248
-4.607,-5.2519
-4.607,-4.5279
-4.607,-4.0068
-4.607,-4.6324
-4.607,-3.8729
-4.607,-4.1737
-4.607,-4.5915
-4.607,-3.831
3.5653,2.8198
3.5653,3.2558
3.5653,3.5309
3.5653,3.835
3.5653,2.8824
3.5653,4.0194
3.5653,3.1219
3.5653,3.8945
3.5653,4.0259
3.5653,3.1532
3.5653,3.5212
3.5653,2.7055
3.5653,4.2364
3.5653,3.4621
3.5653,3.8715
3.2318,2.6079
3.2318,3.581
3.2318,3.8327
3.2318,2.9186
3.2318,3.9508
3.2318,3.2254
3.2318,3.1219
3.2318,3.8945
3.2318,3.1532
3.2318,3.5212
3.2318,2.4159
3.2318,2.6312
3.2318,4.0984
3.2318,2.8064
3.2318,3.4284
3.2318,3.4621
1.8621,2.6079
1.8621,1.6305
1.8621,1.618
1.8621,1.9757
1.8621,2.3403
1.8621,2.7055
1.8621,1.1525
1.8621,1.792
1.8621,2.2632
1.8621,2.1976
0.67144,-0.26575
0.67144,0.58163
0.67144,0.20029
0.67144,0.13114
0.67144,1.029
0.67144,0.14356
0.67144,1.5332
0.67144,0.55442
0.67144,0.1659
2.7724,3.685
2.7724,3.1184
2.7724,2.3671
2.7724,2.6312
3.1219,2.6079
3.1219,2.8198
3.1219,3.2558
3.1219,2.3403
3.1219,2.8824
3.1219,3.8327
3.1219,4.0194
3.1219,2.9186
3.1219,3.5653
3.1219,3.2318
3.1219,3.8945
3.1219,4.0259
3.1219,3.1532
3.1219,3.5212
3.1219,2.7055
3.1219,2.1976
3.1219,3.4621
-2.1379,-3.1128
-2.1379,-1.6332
-2.1379,-1.6404
-2.1379,-2.4876
-2.1379,-1.303
-2.1379,-2.3544
-2.1379,-1.9919
-2.1379,-2.594
-2.1379,-1.8499
-2.1379,-1.2707
-2.594,-3.1128
-2.594,-2.4876
-2.594,-2.1379
-2.594,-1.8499
-2.594,-1.952
-2.594,-2.8021
3.8945,3.581
3.8945,4.3104
3.8945,4.6027
3.8945,3.8327
3.8945,4.0194
3.8945,4.6087
3.8945,3.5653
3.8945,3.2318
3.8945,3.1219
3.8945,4.0259
3.8945,3.1532
3.8945,3.5212
3.8945,4.7941
3.8945,4.0984
3.8945,3.4621
3.8945,4.4278
4.0259,3.2558
4.0259,4.3104
4.0259,3.835
4.0259,3.8327
4.0259,4.0194
4.0259,4.6087
4.0259,4.9739
4.0259,3.5653
4.0259,3.1219
4.0259,3.8945
4.0259,4.6981
4.0259,3.5212
4.0259,4.7941
4.0259,4.2364
4.0259,3.4621
4.0259,3.8715
4.0259,4.4278
-3.0142,-2.2122
-3.0142,-3.1825
3.7457,4.0555
3.7457,3.2298
3.7457,2.8567
3.7457,4.4227
3.7457,4.2572
3.7457,3.5171
3.7457,3.9103
3.7457,3.5475
-0.49509,-1.0438
-0.49509,0.25232
-0.49509,-0.26575
-0.49509,-1.0387
-0.49509,-1.2561
-0.49509,-0.13784
-0.49509,-0.87037
-0.49509,-0.68035
-0.49509,0.13114
-0.49509,-0.61532
-0.49509,-0.1919
-0.49509,0.4489
-0.49509,-0.80963
-0.49509,-1.2707
-0.49509,-0.26554
-0.49509,-0.49381
1.7266,2.3671
1.7266,1.1696
1.7266,2.039
-6.3048,-5.6006
-6.3048,-5.6466
-6.3048,-5.8799
-6.3048,-6.7147
-6.3048,-6.0895
2.5983,1.9687
2.5983,3.2298
2.5983,2.8567
2.5983,1.7872
2.5983,2.5238
2.5983,3.0878
2.5983,3.5475
2.5983,2.6425
3.1532,2.6079
3.1532,3.581
3.1532,2.3403
3.1532,2.8824
3.1532,3.8327
3.1532,4.0194
3.1532,2.9186
3.1532,3.2254
3.1532,3.5653
3.1532,3.2318
3.1532,3.1219
3.1532,3.8945
3.1532,3.5212
3.1532,2.7055
3.1532,2.4159
3.1532,2.8064
3.1532,3.4621
1.3407,0.58163
1.3407,1.5332
1.3407,0.81884
0.4489,0.25232
0.4489,-0.13784
0.4489,1.0984
0.4489,0.13114
0.4489,1.029
0.4489,-0.49509
0.4489,-0.26554
0.4489,0.55442
0.4489,0.73402
0.4489,0.1659
1.7872,1.9687
1.7872,2.5983
1.7872,2.6425
-2.3316,-1.952
-2.3316,-1.5752
-2.3316,-2.8021
-2.3316,-2.0342
4.4227,4.7982
4.4227,4.0555
4.4227,5.0799
4.4227,3.7457
4.4227,4.6981
4.4227,4.2572
4.4227,3.9103
4.4227,3.5475
4.4227,4.4295
-6.7147,-6.3048
-6.7147,-6.0895
-6.7147,-6.3712
0.14356,-0.4569
0.14356,0.28864
0.14356,0.58163
0.14356,0.20029
0.14356,-0.26927
0.14356,0.67144
0.14356,-0.30637
0.14356,0.81884
-3.9706,-4.0768
4.6981,4.7982
4.6981,4.0555
4.6981,3.835
4.6981,4.6087
4.6981,4.9739
4.6981,4.0259
4.6981,4.4227
4.6981,5.2715
4.6981,4.4295
4.6981,4.2364
4.6981,3.8715
4.2572,5.0799
4.2572,3.7457
4.2572,4.4227
4.2572,3.5171
4.2572,3.9103
4.2572,4.8069
3.5212,2.6079
3.5212,3.581
3.5212,4.3104
3.5212,2.8824
3.5212,3.8327
3.5212,4.0194
3.5212,2.9186
3.5212,3.5653
3.5212,3.2318
3.5212,3.1219
3.5212,3.8945
3.5212,4.0259
3.5212,3.1532
3.5212,2.7055
3.5212,4.0984
3.5212,3.4621
3.5212,4.4278
-0.92228,-0.83772
-0.92228,-0.26927
1.3909,0.73402
3.5171,3.2298
3.5171,2.8567
3.5171,3.7457
3.5171,4.2572
-3.1825,-3.1128
-3.1825,-2.3544
-3.1825,-3.0142
-5.1412,-5.2967
-5.1412,-5.7309
-5.1412,-5.0248
-5.1412,-4.8229
-5.1412,-5.6466
-5.1412,-4.3545
-5.1412,-4.5279
-5.1412,-5.6749
-5.1412,-4.5915
-5.1412,-5.1178
3.9103,3.5309
3.9103,4.7982
3.9103,4.0555
3.9103,3.835
3.9103,3.2298
3.9103,3.7457
3.9103,4.4227
3.9103,4.2572
3.9103,3.5475
3.9103,4.4295
4.7941,4.3104
4.7941,5.2916
4.7941,5.0523
4.7941,4.6027
4.7941,4.0194
4.7941,4.6087
4.7941,4.9739
4.7941,3.8945
4.7941,4.0259
4.7941,4.2364
4.7941,4.4278
-3.4646,-2.6291
-3.4646,-4.0977
-3.4646,-4.4322
-3.4646,-3.527
2.7055,2.6079
2.7055,2.8198
2.7055,3.2558
2.7055,2.3403
2.7055,2.8824
2.7055,2.9186
2.7055,3.5653
2.7055,1.8621
2.7055,3.1219
2.7055,3.1532
2.7055,3.5212
2.7055,2.5238
2.7055,2.2632
2.7055,2.1976
2.7055,3.4621
-0.30637,-0.4569
-0.30637,-0.26575
-0.30637,0.58163
-0.30637,-0.68035
-0.30637,0.20029
-0.30637,-0.62473
-0.30637,-1.04
-0.30637,0.14356
-0.30637,-1.1071
-0.30637,0.1659
1.5332,1.029
1.5332,0.67144
1.5332,1.3407
2.5238,2.8198
2.5238,1.9687
2.5238,3.2558
2.5238,2.8824
2.5238,2.5983
2.5238,2.7055
2.5238,3.0878
2.5238,1.792
2.5238,2.2632
2.5238,2.6425
2.5238,2.1976
1.1525,1.6305
1.1525,1.618
1.1525,1.9757
1.1525,1.8621
-1.8499,-1.6332
-1.8499,-1.6404
-1.8499,-2.4876
-1.8499,-1.0387
-1.8499,-1.2561
-1.8499,-2.1379
-1.8499,-2.594
-1.8499,-1.2707
-1.8499,-1.952
-1.8499,-1.5089
3.0878,2.8198
3.0878,3.2558
3.0878,3.5309
3.0878,4.0555
3.0878,3.835
3.0878,2.8824
3.0878,3.2298
3.0878,2.5983
3.0878,2.5238
3.0878,3.5475
3.0878,2.6425
3.0878,3.8715
4.8069,5.0799
4.8069,4.2572
-0.80963,-0.26575
-0.80963,-1.6404
-0.80963,-1.0387
-0.80963,-1.2561
-0.80963,-0.13784
-0.80963,-0.87037
-0.80963,-0.68035
-0.80963,0.13114
-0.80963,-0.61532
-0.80963,-0.49509
-0.80963,-1.2707
-0.80963,-1.5089
-0.80963,-0.26554
-0.80963,-0.49381
-1.7967,-2.6291
-1.7967,-2.5538
-3.8729,-3.0223
-3.8729,-4.0977
-3.8729,-3.2754
-3.8729,-4.0068
-3.8729,-4.6324
-3.8729,-4.607
-3.8729,-4.1737
-3.8729,-3.527
-5.6749,-5.7309
-5.6749,-4.8229
-5.6749,-5.1412
-5.6749,-6.3712
-5.6749,-4.9744
-5.6749,-5.1178
-1.2707,-1.6332
-1.2707,-1.6404
-1.2707,-1.0387
-1.2707,-1.2561
-1.2707,-0.87037
-1.2707,-0.68035
-1.2707,-1.303
-1.2707,-2.1379
-1.2707,-0.49509
-1.2707,-1.8499
-1.2707,-0.80963
-1.2707,-1.952
-1.2707,-1.5089
-1.2707,-0.49381
-1.952,-1.6404
-1.952,-1.2561
-1.952,-2.594
-1.952,-2.3316
-1.952,-1.8499
-1.952,-1.2707
-1.952,-1.5089
-1.952,-1.5752
-1.952,-2.8021
-1.5089,-1.0438
-1.5089,-1.3376
-1.5089,-1.6404
-1.5089,-1.2561
-1.5089,-0.87037
-1.5089,-0.61532
-1.5089,-1.8499
-1.5089,-0.80963
-1.5089,-1.2707
-1.5089,-1.952
-1.5089,-1.5752
4.4508,3.7975
-3.5484,-3.2507
-3.5484,-4.3545
-3.5484,-3.908
-3.5484,-4.0068
-3.5484,-3.2776
-3.5484,-3.831
-3.5484,-2.759
2.4159,2.6079
2.4159,1.6305
2.4159,1.9757
2.4159,2.3671
2.4159,2.3403
2.4159,2.9186
2.4159,3.2254
2.4159,3.2318
2.4159,3.1532
2.4159,2.039
2.4159,2.6312
2.4159,2.8064
-4.1737,-5.0248
-4.1737,-4.0977
-4.1737,-4.5279
-4.1737,-3.2754
-4.1737,-4.0068
-4.1737,-4.6324
-4.1737,-4.607
-4.1737,-3.8729
-4.1737,-3.831
-4.1737,-3.527
1.792,1.9687
1.792,1.618
1.792,1.8621
1.792,2.5238
1.792,2.2632
1.792,2.1976
1.792,1.1908
3.5475,3.2558
3.5475,3.5309
3.5475,4.0555
3.5475,3.835
3.5475,3.2298
3.5475,3.7457
3.5475,2.5983
3.5475,4.4227
3.5475,3.9103
3.5475,3.0878
3.5475,2.6425
3.5475,4.4295
3.5475,3.8715
-6.0895,-5.6006
-6.0895,-5.2967
-6.0895,-5.7309
-6.0895,-5.6466
-6.0895,-6.3048
-6.0895,-6.7147
-6.0895,-6.3712
-0.26554,-1.0438
-0.26554,0.25232
-0.26554,-0.13784
-0.26554,-0.87037
-0.26554,0.25954
-0.26554,0.13114
-0.26554,-0.61532
-0.26554,-0.1919
-0.26554,-0.49509
-0.26554,0.4489
-0.26554,-0.80963
-0.26554,0.73402
-0.26554,-0.49381
-0.26554,-0.52452
-1.5752,-1.0438
-1.5752,-1.3376
-1.5752,-1.2561
-1.5752,-0.87037
-1.5752,-0.61532
-1.5752,-2.3316
-1.5752,-1.952
-1.5752,-1.5089
-1.5752,-2.0342
-4.5915,-5.2967
-4.5915,-5.0248
-4.5915,-4.8229
-4.5915,-4.3545
-4.5915,-3.908
-4.5915,-4.5279
-4.5915,-4.0068
-4.5915,-4.607
-4.5915,-5.1412
-4.5915,-3.831
-4.5915,-5.1178
2.2632,2.8198
2.2632,1.9687
2.2632,3.2558
2.2632,1.618
2.2632,2.3403
2.2632,2.8824
2.2632,1.8621
2.2632,2.7055
2.2632,2.5238
2.2632,1.792
2.2632,2.1976
0.55442,0.25232
0.55442,-0.26575
0.55442,-0.13784
0.55442,1.0984
0.55442,0.20029
0.55442,0.13114
0.55442,1.029
0.55442,0.67144
0.55442,0.4489
0.55442,0.1659
-2.8021,-2.594
-2.8021,-2.3316
-2.8021,-1.952
-0.77739,-1.0438
-0.77739,-0.11023
-0.77739,-1.3376
-0.77739,0.20223
-0.77739,-1.204
-0.77739,-0.52452
4.4965,5.2701
2.6425,2.8198
2.6425,1.9687
2.6425,3.5309
2.6425,3.2298
2.6425,2.5983
2.6425,1.7872
2.6425,2.5238
2.6425,3.0878
2.6425,3.5475
2.1976,2.6079
2.1976,2.8198
2.1976,1.618
2.1976,1.9757
2.1976,2.3403
2.1976,2.8824
2.1976,1.8621
2.1976,3.1219
2.1976,2.7055
2.1976,2.5238
2.1976,1.792
2.1976,2.2632
-2.5538,-3.0223
-2.5538,-2.6291
-2.5538,-2.1523
-2.5538,-3.2754
-2.5538,-1.7967
2.039,2.6079
2.039,1.6305
2.039,1.9757
2.039,2.3671
2.039,1.1696
2.039,1.7266
2.039,2.4159
2.039,2.6312
2.039,2.8064
-3.2776,-3.908
-3.2776,-3.5484
-3.2776,-2.759
-2.0342,-1.3376
-2.0342,-1.204
-2.0342,-2.3316
-2.0342,-1.5752
-3.831,-3.2507
-3.831,-4.3545
-3.831,-3.908
-3.831,-4.5279
-3.831,-3.2754
-3.831,-4.0068
-3.831,-4.607
-3.831,-3.5484
-3.831,-4.1737
-3.831,-4.5915
-6.3712,-5.7309
-6.3712,-5.6466
-6.3712,-6.7147
-6.3712,-5.6749
-6.3712,-6.0895
-5.2492,-5.6006
-5.2492,-5.2519
-5.2492,-4.706
-5.2492,-5.8799
-5.2492,-4.6324
0.81884,0.28864
0.81884,0.58163
0.81884,1.3407
0.81884,0.14356
2.6312,3.1184
2.6312,2.3671
2.6312,3.2254
2.6312,3.2318
2.6312,2.7724
2.6312,2.4159
2.6312,2.039
2.6312,2.8064
2.6312,3.4284
0.73402,0.25232
0.73402,1.0984
0.73402,0.25954
0.73402,-0.1919
0.73402,0.4489
0.73402,1.3909
0.73402,-0.26554
-4.9744,-4.8229
-4.9744,-5.6749
-4.9744,-5.1178
-4.9744,-4.0768
5.2715,4.7982
5.2715,5.2916
5.2715,4.9739
5.2715,5.6704
5.2715,4.6981
5.2715,4.4295
5.2715,5.7664
4.4295,3.5309
4.4295,4.7982
4.4295,4.0555
4.4295,3.835
4.4295,4.6087
4.4295,4.9739
4.4295,4.4227
4.4295,4.6981
4.4295,3.9103
4.4295,3.5475
4.4295,5.2715
4.4295,4.2364
4.4295,3.8715
4.2364,3.2558
4.2364,3.5309
4.2364,4.0555
4.2364,3.835
4.2364,4.0194
4.2364,4.6087
4.2364,4.9739
4.2364,3.5653
4.2364,4.0259
4.2364,4.6981
4.2364,4.7941
4.2364,4.4295
4.2364,3.4621
4.2364,3.8715
4.2364,4.4278
-5.1178,-5.7309
-5.1178,-4.8229
-5.1178,-4.3545
-5.1178,-5.1412
-5.1178,-5.6749
-5.1178,-4.5915
-5.1178,-4.9744
-1.1071,-0.4569
-1.1071,-1.6754
-1.1071,-0.83772
-1.1071,-1.303
-1.1071,-0.62473
-1.1071,-1.4161
-1.1071,-1.04
-1.1071,-0.30637
-4.0768,-3.908
-4.0768,-3.9706
-4.0768,-4.9744
4.0984,3.581
4.0984,4.3104
4.0984,4.3697
4.0984,4.6027
4.0984,4.5453
4.0984,3.8327
4.0984,4.0194
4.0984,3.9508
4.0984,3.2254
4.0984,3.2318
4.0984,3.8945
4.0984,3.5212
4.0984,3.4284
4.0984,4.4278
5.7664,5.2916
5.7664,4.9739
5.7664,5.7513
5.7664,5.2715
2.8064,2.6079
2.8064,3.581
2.8064,3.1184
2.8064,2.3671
2.8064,2.9186
2.8064,3.2254
2.8064,3.2318
2.8064,3.1532
2.8064,2.4159
2.8064,2.039
2.8064,2.6312
2.8064,3.4284
-0.49381,-0.26575
-0.49381,-1.0387
-0.49381,-1.2561
-0.49381,-0.13784
-0.49381,-0.87037
-0.49381,-0.68035
-0.49381,0.13114
-0.49381,-0.62473
-0.49381,-0.49509
-0.49381,-0.80963
-0.49381,-1.2707
-0.49381,-0.26554
-0.49381,0.1659
3.4284,3.581
3.4284,3.685
3.4284,4.3697
3.4284,3.1184
3.4284,3.9508
3.4284,3.2254
3.4284,3.2318
3.4284,2.6312
3.4284,4.0984
3.4284,2.8064
3.4621,2.6079
3.4621,3.2558
3.4621,2.8824
3.4621,3.8327
3.4621,4.0194
3.4621,2.9186
3.4621,3.5653
3.4621,3.2318
3.4621,3.1219
3.4621,3.8945
3.4621,4.0259
3.4621,3.1532
3.4621,3.5212
3.4621,2.7055
3.4621,4.2364
3.4621,3.8715
3.4621,4.4278
-3.527,-3.0223
-3.527,-4.0977
-3.527,-3.2754
-3.527,-3.4646
-3.527,-3.8729
-3.527,-4.1737
-2.759,-3.2507
-2.759,-3.5484
-2.759,-3.2776
1.1908,1.9687
1.1908,1.618
1.1908,1.792
-0.52452,-1.0438
-0.52452,-0.11023
-0.52452,-1.3376
-0.52452,0.20223
-0.52452,-0.87037
-0.52452,0.25954
-0.52452,-0.61532
-0.52452,-0.1919
-0.52452,-0.26554
-0.52452,-0.77739
3.7975,4.4508
3.8715,3.2558
3.8715,3.5309
3.8715,4.0555
3.8715,3.835
3.8715,4.0194
3.8715,4.6087
3.8715,3.5653
3.8715,4.0259
3.8715,4.6981
3.8715,3.0878
3.8715,3.5475
3.8715,4.4295
3.8715,4.2364
3.8715,3.4621
4.4278,4.3104
4.4278,5.2916
4.4278,5.0523
4.4278,4.6027
4.4278,3.8327
4.4278,4.0194
4.4278,4.6087
4.4278,4.9739
4.4278,3.8945
4.4278,4.0259
4.4278,3.5212
4.4278,4.7941
4.4278,4.2364
4.4278,4.0984
4.4278,3.4621
0.1659,-0.26575
0.1659,-0.13784
0.1659,0.58163
0.1659,-0.68035
0.1659,0.20029
0.1659,0.13114
0.1659,1.029
0.1659,-0.62473
0.1659,0.67144
0.1659,0.4489
0.1659,-0.30637
0.1659,0.55442
0.1659,-0.49381
5.4484,5.0523
5.4484,4.6027
5.4484,4.5453
5.4484,5.0421
5.4484,5.7513
5.3269,5.3072
5.2701,5.3072
5.3269,4.8415
4.4965,4.8415
3.7975,4.2471
4.4965,4.2471
