4.0923,4.7508
4.0923,4.1796
4.0923,3.3978
4.0923,4.6852
4.0923,3.85
4.0923,4.662
4.0923,3.5631
4.0923,4.5764
4.0923,3.6258
4.0923,3.1867
4.0923,3.899
4.0923,4.3704
4.0923,4.1508
4.0923,4.9246
4.0923,4.56
-2.5579,-2.1671
-2.5579,-2.6969
-2.5579,-1.8377
-2.5579,-2.1717
-2.5579,-1.5971
-2.5579,-3.2416
-2.5579,-2.5784
-2.5579,-2.8059
-2.1671,-2.5579
-2.1671,-2.6969
-2.1671,-1.8377
-2.1671,-2.7581
-2.1671,-1.2955
-2.1671,-1.5971
-2.1671,-1.6237
-2.1671,-2.0527
-0.60114,-1.254
-0.60114,-0.99031
-0.60114,-0.016822
-0.60114,-0.32904
-0.60114,-0.8636
-4.5237,-4.2118
-4.5237,-4.9487
-4.5237,-3.8909
-4.5237,-3.7915
-4.5237,-4.449
-4.5237,-5.0433
-4.5237,-5.03
-4.5237,-3.9355
4.7508,4.0923
4.7508,5.2344
4.7508,4.1796
4.7508,4.6852
4.7508,5.3377
4.7508,4.662
4.7508,4.5764
4.7508,5.0906
4.7508,5.5335
4.7508,4.3704
4.7508,4.1508
4.7508,4.9246
4.7508,4.9766
4.7508,4.56
5.2344,4.7508
5.2344,4.6852
5.2344,5.3377
5.2344,5.5495
5.2344,4.662
5.2344,5.117
5.2344,5.7046
5.2344,5.0906
5.2344,5.5335
5.2344,4.3704
5.2344,5.6595
5.2344,4.9246
5.2344,4.56
5.2344,5.9408
-1.254,-0.60114
-1.254,-2.0451
-1.254,-1.6192
-1.254,-0.8636
-1.254,-1.8159
-1.254,-1.2441
6.8125,6.9126
6.8125,6.2276
6.8125,7.2669
6.8125,7.4478
6.8125,6.4169
6.8125,6.2612
6.8125,5.9408
3.8624,3.3978
3.8624,3.142
3.8624,4.662
3.8624,3.6204
3.8624,3.6258
3.8624,4.4181
3.8624,3.899
3.8624,4.3704
3.8624,4.1508
3.8624,4.0554
6.5657,6.2276
6.5657,5.7855
6.5657,7.2669
6.5657,5.961
6.5657,5.6595
-3.5928,-3.1678
-3.5928,-3.2712
-3.5928,-3.4253
-3.5928,-2.8349
-3.5928,-4.2429
-2.6969,-2.5579
-2.6969,-2.1671
-2.6969,-2.7581
-2.6969,-3.2416
-2.6969,-2.0527
-2.6969,-2.8059
-2.6969,-3.3008
-2.8235,-2.8263
-2.8235,-3.7915
-2.8235,-2.4297
-2.8235,-2.7135
-2.8235,-3.4152
-2.8235,-3.1501
-2.8235,-3.371
-2.8235,-3.3147
-2.8235,-2.0776
-4.1789,-3.8419
-4.1789,-4.6401
-4.1789,-3.7091
-4.1789,-3.3079
-4.1789,-4.7726
-4.1789,-5.1258
-4.1789,-4.5359
-4.1789,-4.2964
-4.1789,-4.4542
-4.1789,-3.986
-4.1789,-3.4433
-4.1789,-4.9878
-4.1789,-4.3004
-4.1789,-3.8708
2.0665,2.0475
2.0665,2.6923
2.0665,2.786
4.1796,4.0923
4.1796,4.7508
4.1796,4.6852
4.1796,3.85
4.1796,3.5631
4.1796,4.5764
4.1796,3.6258
4.1796,3.1867
4.1796,3.7126
4.1796,4.2659
4.1796,4.1508
4.1796,4.9246
4.1796,4.9766
4.1796,4.56
-0.28137,-1.2441
4.6417,5.3981
4.6417,4.8333
4.6417,4.0554
-2.8263,-2.8235
-2.8263,-2.4297
-2.8263,-3.3147
-5.4118,-5.9145
-5.4118,-4.9487
-5.4118,-4.7761
-5.4118,-5.809
-5.4118,-5.064
-5.4118,-4.6177
-5.4118,-5.3756
-5.4118,-5.5527
-5.4118,-5.03
-5.4118,-5.1041
-5.4118,-5.5406
-5.4118,-4.9423
-5.4118,-6.1718
-5.4118,-6.1688
-0.99031,-0.60114
-0.99031,-1.8377
-0.99031,-0.32904
-0.99031,-0.82926
-0.99031,-1.2955
-0.99031,-1.5971
-0.99031,-1.6192
-0.99031,-0.8636
-4.2118,-4.5237
-4.2118,-4.9487
-4.2118,-3.8909
-4.2118,-3.9081
-4.2118,-3.7915
-4.2118,-4.449
-4.2118,-4.2801
-4.2118,-4.6177
-4.2118,-3.371
-4.2118,-5.03
-4.2118,-3.9355
-3.3485,-3.1954
-3.3485,-3.8419
-3.3485,-2.8677
-3.3485,-2.9763
-3.3485,-3.7091
-3.3485,-3.5081
-3.3485,-3.8918
-3.3485,-3.0206
-3.3485,-3.8742
-3.3485,-3.986
-3.3485,-3.4433
-3.3485,-4.3004
-3.3485,-2.654
5.3981,4.6417
5.3981,5.8735
5.3981,5.117
5.3981,5.7046
5.3981,4.8333
5.3981,5.0906
-3.5272,-2.6945
-3.5272,-3.3079
-3.5272,-4.0179
-3.5272,-4.2964
-3.5272,-3.8708
-1.9678,-2.7581
-1.9678,-1.0286
-1.9678,-1.6237
-1.9678,-2.0527
-1.9678,-1.1554
-1.9678,-2.5889
3.3978,4.0923
3.3978,3.8624
3.3978,3.142
3.3978,3.5631
3.3978,3.6204
3.3978,3.6258
3.3978,3.899
3.3978,4.3704
3.3978,4.1508
3.3978,2.6923
3.3978,2.786
3.3978,2.8865
-0.016822,-0.60114
-0.016822,-0.8636
-3.1954,-3.3485
-3.1954,-2.8677
-3.1954,-2.9763
-3.1954,-3.7091
-3.1954,-3.4152
-3.1954,-3.5081
-3.1954,-3.8918
-3.1954,-2.6074
-3.1954,-3.0206
-3.1954,-3.1501
-3.1954,-3.8742
-3.1954,-3.986
-3.1954,-3.4433
-3.1954,-2.654
6.4119,5.8735
6.4119,6.9126
6.4119,5.7046
6.4119,6.2612
-2.6945,-3.5272
-2.6945,-2.8677
-2.6945,-3.3079
-0.75843,-1.1083
4.6852,4.0923
4.6852,4.7508
4.6852,5.2344
4.6852,4.1796
4.6852,5.3377
4.6852,5.5495
4.6852,4.662
4.6852,4.4181
4.6852,3.899
4.6852,5.0906
4.6852,5.5335
4.6852,4.3704
4.6852,4.1508
4.6852,4.9246
4.6852,4.56
5.8735,5.3981
5.8735,6.4119
5.8735,5.9384
5.8735,5.7046
-5.6776,-6.2357
-5.6776,-5.809
-5.6776,-5.1258
-5.6776,-5.6597
-5.6776,-6.1672
-5.6776,-5.3756
-5.6776,-4.9878
-5.6776,-5.5406
-5.6776,-4.9423
-5.6776,-6.1718
2.8164,2.4134
2.8164,3.1867
2.8164,3.7126
2.8164,3.2394
2.8164,3.7255
-5.9145,-5.4118
-5.9145,-5.809
-5.9145,-5.064
-5.9145,-5.5527
-5.9145,-5.1041
-5.9145,-5.5406
-5.9145,-6.7338
-5.9145,-6.1718
-5.9145,-6.1688
-4.9487,-4.5237
-4.9487,-5.4118
-4.9487,-4.2118
-4.9487,-4.7761
-4.9487,-4.449
-4.9487,-4.2801
-4.9487,-5.064
-4.9487,-4.6177
-4.9487,-5.5527
-4.9487,-5.03
-4.9487,-5.1041
2.4134,2.8164
2.4134,3.1867
2.4134,3.2394
2.4134,2.8865
-3.8909,-4.5237
-3.8909,-4.2118
-3.8909,-3.7915
-3.8909,-3.3147
-3.8419,-4.1789
-3.8419,-3.3485
-3.8419,-2.8677
-3.8419,-4.6401
-3.8419,-3.7091
-3.8419,-3.3079
-3.8419,-4.5359
-3.8419,-4.2964
-3.8419,-4.4542
-3.8419,-3.986
-3.8419,-3.4433
-3.8419,-3.8708
3.142,3.8624
3.142,3.3978
3.142,3.6204
3.142,3.6258
3.142,3.899
3.142,2.6923
3.142,2.7776
3.142,2.786
-2.8677,-3.3485
-2.8677,-3.1954
-2.8677,-2.6945
-2.8677,-3.8419
-2.8677,-3.7091
-2.8677,-3.3079
-2.8677,-2.2807
-2.8677,-3.0206
-2.8677,-3.4433
-2.8677,-2.654
5.3377,4.7508
5.3377,5.2344
5.3377,4.6852
5.3377,6.2276
5.3377,5.5495
5.3377,4.5764
5.3377,5.961
5.3377,5.379
5.3377,5.5335
5.3377,5.6595
5.3377,4.9246
5.3377,4.9766
5.3377,4.56
5.3377,5.9408
-3.9081,-4.2118
-3.9081,-4.4085
-3.9081,-3.7915
-3.9081,-4.449
-3.9081,-3.4152
-3.9081,-4.2801
-3.9081,-3.5081
-3.9081,-3.8918
-3.9081,-4.6177
-3.9081,-3.1501
-3.9081,-3.371
-3.9081,-3.8742
-3.9081,-3.9355
-3.9081,-4.3004
-1.8377,-2.5579
-1.8377,-2.1671
-1.8377,-0.99031
-1.8377,-1.2955
-1.8377,-2.1717
-1.8377,-1.5971
-1.8377,-1.6192
-1.8377,-2.5784
-1.8377,-2.8059
-1.8377,-1.8159
-2.7581,-2.1671
-2.7581,-2.6969
-2.7581,-1.9678
-2.7581,-2.0527
-2.7581,-2.5889
-2.7581,-3.3008
-2.9763,-3.3485
-2.9763,-3.1954
-2.9763,-2.1455
-2.9763,-2.7135
-2.9763,-3.4152
-2.9763,-3.5081
-2.9763,-3.8918
-2.9763,-2.6074
-2.9763,-3.0206
-2.9763,-3.1501
-2.9763,-3.8742
-2.9763,-2.2541
-2.9763,-2.654
6.9126,6.8125
6.9126,6.4119
6.9126,7.4478
6.9126,6.4169
6.9126,6.2612
-0.32904,-0.60114
-0.32904,-0.99031
-0.32904,-0.82926
-0.32904,-0.20448
-0.32904,-1.2955
-0.32904,0.32709
5.8548,5.7855
5.8548,5.379
5.8548,5.0638
5.8548,5.2302
-6.2357,-5.6776
-6.2357,-5.809
-6.2357,-5.6597
-6.2357,-6.7278
-6.2357,-6.1672
-6.2357,-5.3756
-6.2357,-6.8772
-6.2357,-5.5406
-6.2357,-6.7338
-6.2357,-6.1718
-4.7761,-5.4118
-4.7761,-4.9487
-4.7761,-4.4085
-4.7761,-4.449
-4.7761,-4.2801
-4.7761,-5.064
-4.7761,-3.8918
-4.7761,-4.6177
-4.7761,-4.4542
-4.7761,-3.8742
-4.7761,-5.3756
-4.7761,-4.9878
-4.7761,-4.3004
-4.7761,-5.1041
-4.7761,-5.5406
-4.7761,-4.9423
-4.6401,-4.1789
-4.6401,-3.8419
-4.6401,-5.1907
-4.6401,-4.7726
-4.6401,-5.1258
-4.6401,-4.5359
-4.6401,-4.2964
-4.6401,-4.4542
-4.6401,-3.986
-4.6401,-4.9878
-4.6401,-3.8708
-4.6401,-4.9423
-2.1455,-2.9763
-2.1455,-2.2807
-2.1455,-2.6074
-2.1455,-2.2541
-2.1455,-1.7934
-2.1455,-2.654
-3.849,-3.2416
-3.849,-3.3008
4.9065,5.7855
4.9065,4.629
4.9065,4.5764
4.9065,4.2659
4.9065,5.379
4.9065,4.2349
4.9065,5.0638
4.9065,5.2302
4.9065,4.9246
4.9065,4.9766
4.9065,4.56
-3.1678,-3.5928
-3.1678,-2.5417
-3.1678,-3.4253
-3.1678,-2.5784
-3.1678,-2.8059
-3.1678,-3.5142
6.2276,6.8125
6.2276,6.5657
6.2276,5.3377
6.2276,5.7855
6.2276,6.4169
6.2276,5.961
6.2276,5.379
6.2276,5.5335
6.2276,5.6595
6.2276,5.9408
-0.82926,-0.99031
-0.82926,-0.32904
-0.82926,-0.20448
-0.82926,-1.2955
-0.82926,-1.5971
-0.82926,-1.0286
-0.82926,-1.6237
5.5495,5.2344
5.5495,4.6852
5.5495,5.3377
5.5495,4.662
5.5495,5.117
5.5495,6.4169
5.5495,5.7046
5.5495,6.2612
5.5495,5.0906
5.5495,5.5335
5.5495,5.9408
-0.20448,-0.32904
-0.20448,-0.82926
-0.20448,-1.0286
-0.20448,0.32709
-5.1907,-4.6401
-5.1907,-4.7726
-5.1907,-4.9946
-5.1907,-6.0223
-5.1907,-5.1258
-5.1907,-4.5359
-5.1907,-5.6597
-5.1907,-4.2964
-5.1907,-4.9878
5.7855,6.5657
5.7855,5.8548
5.7855,4.9065
5.7855,6.2276
5.7855,5.961
5.7855,5.379
5.7855,5.6595
5.7855,5.2302
5.7855,4.9766
-4.4085,-3.9081
-4.4085,-4.7761
-4.4085,-3.7091
-4.4085,-4.449
-4.4085,-4.2801
-4.4085,-5.064
-4.4085,-3.5081
-4.4085,-4.5359
-4.4085,-3.8918
-4.4085,-4.6177
-4.4085,-4.4542
-4.4085,-3.8742
-4.4085,-3.986
-4.4085,-4.9878
-4.4085,-4.3004
-4.4085,-5.1041
-4.4085,-4.9423
3.85,4.0923
3.85,4.1796
3.85,3.5631
3.85,4.5764
3.85,3.6258
3.85,3.1867
3.85,3.7126
3.85,3.2394
3.85,4.2659
3.85,4.2349
3.85,4.56
-1.2955,-2.1671
-1.2955,-0.99031
-1.2955,-1.8377
-1.2955,-0.32904
-1.2955,-0.82926
-1.2955,-1.5971
-1.2955,-1.0286
-1.2955,-1.6237
-1.2955,-2.0527
-3.7091,-4.1789
-3.7091,-3.3485
-3.7091,-3.1954
-3.7091,-3.8419
-3.7091,-2.8677
-3.7091,-4.4085
-3.7091,-3.5081
-3.7091,-4.5359
-3.7091,-3.8918
-3.7091,-3.0206
-3.7091,-4.4542
-3.7091,-3.8742
-3.7091,-3.986
-3.7091,-3.4433
-3.7091,-4.3004
-5.809,-5.4118
-5.809,-5.6776
-5.809,-5.9145
-5.809,-6.2357
-5.809,-5.064
-5.809,-6.7278
-5.809,-5.3756
-5.809,-4.9878
-5.809,-5.5406
-5.809,-4.9423
-5.809,-6.1718
4.662,4.0923
4.662,4.7508
4.662,5.2344
4.662,3.8624
4.662,4.6852
4.662,5.5495
4.662,5.117
4.662,4.4181
4.662,3.899
4.662,5.0906
4.662,4.3704
4.662,4.1508
-2.1717,-2.5579
-2.1717,-1.8377
-2.1717,-1.5971
-2.1717,-2.0451
-2.1717,-1.6192
-2.1717,-2.5417
-2.1717,-2.5784
-2.1717,-2.8059
-2.1717,-1.8159
-1.5971,-2.5579
-1.5971,-2.1671
-1.5971,-0.99031
-1.5971,-1.8377
-1.5971,-0.82926
-1.5971,-1.2955
-1.5971,-2.1717
-1.5971,-1.6192
-1.5971,-1.6237
-1.5971,-2.0527
-2.0451,-1.254
-2.0451,-2.1717
-2.0451,-1.6192
-2.0451,-2.3807
-2.0451,-2.5417
-2.0451,-2.5784
-2.0451,-2.8349
-2.0451,-1.8159
-2.0451,-1.2441
3.5631,4.0923
3.5631,4.1796
3.5631,3.3978
3.5631,3.85
3.5631,3.6258
3.5631,3.1867
3.5631,3.7126
3.5631,3.2394
3.5631,4.1508
3.5631,4.56
3.5631,2.8865
-3.3079,-4.1789
-3.3079,-3.5272
-3.3079,-2.6945
-3.3079,-3.8419
-3.3079,-2.8677
-3.3079,-4.2964
-3.3079,-3.4433
-3.3079,-3.8708
4.629,4.9065
4.629,4.5764
4.629,4.2659
4.629,4.2349
4.629,5.0638
4.629,3.7255
4.629,5.2302
4.629,4.9766
5.117,5.2344
5.117,5.3981
5.117,5.5495
5.117,4.662
5.117,4.4181
5.117,5.7046
5.117,4.8333
5.117,5.0906
5.117,4.3704
4.5764,4.0923
4.5764,4.7508
4.5764,4.1796
4.5764,5.3377
4.5764,4.9065
4.5764,3.85
4.5764,4.629
4.5764,3.7126
4.5764,4.2659
4.5764,5.379
4.5764,4.2349
4.5764,4.9246
4.5764,4.9766
4.5764,4.56
7.2669,6.8125
7.2669,6.5657
7.2669,7.4478
7.2669,6.4169
-3.7915,-4.5237
-3.7915,-2.8235
-3.7915,-4.2118
-3.7915,-3.8909
-3.7915,-3.9081
-3.7915,-4.449
-3.7915,-3.4152
-3.7915,-3.371
-3.7915,-3.3147
-3.7915,-3.9355
3.6204,3.8624
3.6204,3.3978
3.6204,3.142
3.6204,3.5934
3.6204,4.4181
3.6204,3.899
3.6204,2.6923
3.6204,2.7776
3.6204,4.0554
-4.7726,-4.1789
-4.7726,-4.6401
-4.7726,-5.1907
-4.7726,-4.9946
-4.7726,-5.1258
-4.7726,-4.5359
-4.7726,-4.2964
-4.7726,-3.8708
-1.6192,-1.254
-1.6192,-0.99031
-1.6192,-1.8377
-1.6192,-2.1717
-1.6192,-1.5971
-1.6192,-2.0451
-1.6192,-0.8636
-1.6192,-2.5784
-1.6192,-1.8159
3.6258,4.0923
3.6258,3.8624
3.6258,4.1796
3.6258,3.3978
3.6258,3.142
3.6258,3.85
3.6258,3.5631
3.6258,3.1867
3.6258,3.899
3.6258,4.3704
3.6258,4.1508
3.6258,2.786
3.6258,2.8865
-4.449,-4.5237
-4.449,-4.2118
-4.449,-4.9487
-4.449,-3.9081
-4.449,-4.7761
-4.449,-4.4085
-4.449,-3.7915
-4.449,-4.2801
-4.449,-4.6177
-4.449,-3.8742
-4.449,-5.03
-4.449,-3.9355
-4.449,-5.1041
-4.9946,-5.1907
-4.9946,-4.7726
-4.9946,-5.7555
-4.9946,-4.2964
-4.9946,-4.5715
-2.4297,-2.8235
-2.4297,-2.8263
-2.4297,-2.7135
-2.4297,-3.3147
-2.4297,-2.0776
-2.4297,-1.6124
7.4478,6.8125
7.4478,6.9126
7.4478,7.2669
-2.7135,-2.8235
-2.7135,-2.9763
-2.7135,-2.4297
-2.7135,-3.4152
-2.7135,-2.6074
-2.7135,-3.1501
-2.7135,-3.371
-2.7135,-2.2541
-2.7135,-2.0776
-4.0179,-3.5272
-4.0179,-4.2964
-4.0179,-3.8708
-4.0179,-4.5715
-6.0223,-5.1907
-6.0223,-5.6597
-6.0223,-5.7555
-6.0223,-6.1672
3.1867,4.0923
3.1867,4.1796
3.1867,2.8164
3.1867,2.4134
3.1867,3.85
3.1867,3.5631
3.1867,3.6258
3.1867,3.7126
3.1867,3.2394
3.1867,2.8865
-3.4152,-2.8235
-3.4152,-3.1954
-3.4152,-3.9081
-3.4152,-2.9763
-3.4152,-3.7915
-3.4152,-2.7135
-3.4152,-4.2801
-3.4152,-3.5081
-3.4152,-3.8918
-3.4152,-2.6074
-3.4152,-3.1501
-3.4152,-3.371
-3.4152,-3.8742
-3.4152,-3.9355
3.7126,4.1796
3.7126,2.8164
3.7126,3.85
3.7126,3.5631
3.7126,4.5764
3.7126,3.1867
3.7126,3.2394
3.7126,4.2659
3.7126,4.2349
3.7126,3.7255
-2.2807,-2.8677
-2.2807,-2.1455
-2.2807,-3.0206
-2.2807,-1.7934
-2.2807,-2.654
-0.8636,-0.60114
-0.8636,-1.254
-0.8636,-0.99031
-0.8636,-0.016822
-0.8636,-1.6192
-0.8636,-1.8159
-0.8636,-1.2441
-4.2801,-4.2118
-4.2801,-4.9487
-4.2801,-3.9081
-4.2801,-4.7761
-4.2801,-4.4085
-4.2801,-4.449
-4.2801,-3.4152
-4.2801,-5.064
-4.2801,-3.5081
-4.2801,-3.8918
-4.2801,-4.6177
-4.2801,-3.8742
-4.2801,-3.9355
-4.2801,-4.3004
-4.2801,-5.1041
-5.064,-5.4118
-5.064,-5.9145
-5.064,-4.9487
-5.064,-4.7761
-5.064,-4.4085
-5.064,-5.809
-5.064,-4.2801
-5.064,-4.6177
-5.064,-4.4542
-5.064,-5.3756
-5.064,-4.9878
-5.064,-4.3004
-5.064,-5.1041
-5.064,-5.5406
-5.064,-4.9423
-3.5081,-3.3485
-3.5081,-3.1954
-3.5081,-3.9081
-3.5081,-2.9763
-3.5081,-4.4085
-3.5081,-3.7091
-3.5081,-3.4152
-3.5081,-4.2801
-3.5081,-3.8918
-3.5081,-2.6074
-3.5081,-3.0206
-3.5081,-3.1501
-3.5081,-3.8742
-3.5081,-3.986
-3.5081,-4.3004
-3.5081,-2.654
3.2394,2.8164
3.2394,2.4134
3.2394,3.85
3.2394,3.5631
3.2394,3.1867
3.2394,3.7126
3.2394,3.7255
-1.1083,-0.75843
-1.1083,-1.6124
-5.1258,-4.1789
-5.1258,-5.6776
-5.1258,-4.6401
-5.1258,-5.1907
-5.1258,-4.7726
-5.1258,-4.5359
-5.1258,-5.6597
-5.1258,-4.4542
-5.1258,-5.3756
-5.1258,-4.9878
-5.1258,-4.9423
3.5934,3.6204
3.5934,2.7776
3.5934,4.0554
4.4181,3.8624
4.4181,4.6852
4.4181,4.662
4.4181,5.117
4.4181,3.6204
4.4181,4.8333
4.4181,3.899
4.4181,5.0906
4.4181,4.3704
4.4181,4.0554
-4.5359,-4.1789
-4.5359,-3.8419
-4.5359,-4.6401
-4.5359,-5.1907
-4.5359,-4.4085
-4.5359,-3.7091
-4.5359,-4.7726
-4.5359,-5.1258
-4.5359,-3.8918
-4.5359,-4.2964
-4.5359,-4.4542
-4.5359,-5.3756
-4.5359,-3.986
-4.5359,-4.9878
-4.5359,-4.3004
-4.5359,-4.9423
-3.8918,-3.3485
-3.8918,-3.1954
-3.8918,-3.9081
-3.8918,-2.9763
-3.8918,-4.7761
-3.8918,-4.4085
-3.8918,-3.7091
-3.8918,-3.4152
-3.8918,-4.2801
-3.8918,-3.5081
-3.8918,-4.5359
-3.8918,-3.0206
-3.8918,-4.4542
-3.8918,-3.8742
-3.8918,-3.986
-3.8918,-4.3004
5.9384,5.8735
-5.6597,-5.6776
-5.6597,-6.2357
-5.6597,-5.1907
-5.6597,-6.0223
-5.6597,-5.1258
-5.6597,-6.1672
-5.6597,-5.3756
-5.6597,-4.9878
4.2659,4.1796
4.2659,4.9065
4.2659,3.85
4.2659,4.629
4.2659,4.5764
4.2659,3.7126
4.2659,4.2349
4.2659,3.7255
4.2659,4.9246
4.2659,4.9766
4.2659,4.56
-2.6074,-3.1954
-2.6074,-2.9763
-2.6074,-2.1455
-2.6074,-2.7135
-2.6074,-3.4152
-2.6074,-3.5081
-2.6074,-3.0206
-2.6074,-3.1501
-2.6074,-2.2541
-2.6074,-1.7934
-2.6074,-2.0776
-2.6074,-2.654
-1.0286,-1.9678
-1.0286,-0.82926
-1.0286,-0.20448
-1.0286,-1.2955
-1.0286,-1.6237
-1.0286,-1.1554
-3.0206,-3.3485
-3.0206,-3.1954
-3.0206,-2.8677
-3.0206,-2.9763
-3.0206,-3.7091
-3.0206,-2.2807
-3.0206,-3.5081
-3.0206,-3.8918
-3.0206,-2.6074
-3.0206,-3.986
-3.0206,-3.4433
-3.0206,-2.654
-4.6177,-5.4118
-4.6177,-4.2118
-4.6177,-4.9487
-4.6177,-3.9081
-4.6177,-4.7761
-4.6177,-4.4085
-4.6177,-4.449
-4.6177,-4.2801
-4.6177,-5.064
-4.6177,-3.8742
-4.6177,-5.03
-4.6177,-3.9355
-4.6177,-4.3004
-4.6177,-5.1041
-4.6177,-4.9423
6.4169,6.8125
6.4169,6.9126
6.4169,6.2276
6.4169,5.5495
6.4169,7.2669
6.4169,6.2612
6.4169,5.5335
6.4169,5.9408
5.961,6.5657
5.961,5.3377
5.961,6.2276
5.961,5.7855
5.961,5.379
5.961,5.5335
5.961,5.6595
5.961,4.9766
5.961,5.9408
-3.1501,-2.8235
-3.1501,-3.1954
-3.1501,-3.9081
-3.1501,-2.9763
-3.1501,-2.7135
-3.1501,-3.4152
-3.1501,-3.5081
-3.1501,-2.6074
-3.1501,-3.371
-3.1501,-3.8742
-3.1501,-3.9355
-3.1501,-2.2541
2.0475,2.0665
2.0475,2.6923
2.0475,2.7776
-6.7278,-6.2357
-6.7278,-5.809
-6.7278,-7.4766
-6.7278,-6.1672
-6.7278,-6.8772
-6.7278,-6.7338
-6.7278,-6.1718
0.32709,-0.32904
0.32709,-0.20448
5.7046,5.2344
5.7046,5.3981
5.7046,6.4119
5.7046,5.8735
5.7046,5.5495
5.7046,5.117
5.7046,6.2612
5.7046,5.0906
5.7046,5.5335
5.7046,5.9408
-4.4176,-3.4253
-4.4176,-4.2429
-4.4176,-4.0315
-7.4766,-6.7278
-7.4766,-8.0024
-7.4766,-6.8772
-5.7555,-4.9946
-5.7555,-6.0223
-3.371,-2.8235
-3.371,-4.2118
-3.371,-3.9081
-3.371,-3.7915
-3.371,-2.7135
-3.371,-3.4152
-3.371,-3.1501
-3.371,-3.3147
-3.371,-3.9355
-4.2964,-4.1789
-4.2964,-3.5272
-4.2964,-3.8419
-4.2964,-4.6401
-4.2964,-5.1907
-4.2964,-3.3079
-4.2964,-4.7726
-4.2964,-4.9946
-4.2964,-4.0179
-4.2964,-4.5359
-4.2964,-3.8708
-4.2964,-4.5715
5.379,5.3377
5.379,5.8548
5.379,4.9065
5.379,6.2276
5.379,5.7855
5.379,4.5764
5.379,5.961
5.379,5.5335
5.379,5.6595
5.379,5.2302
5.379,4.9246
5.379,4.9766
5.379,4.56
4.2349,4.9065
4.2349,3.85
4.2349,4.629
4.2349,4.5764
4.2349,3.7126
4.2349,4.2659
4.2349,3.7255
4.2349,5.2302
-5.0433,-4.5237
-5.0433,-5.5527
-5.0433,-5.03
-5.0433,-5.8905
4.8333,4.6417
4.8333,5.3981
4.8333,5.117
4.8333,4.4181
4.8333,5.0906
4.8333,4.0554
-2.3807,-2.0451
-2.3807,-2.5417
-2.3807,-2.0542
-2.3807,-2.8349
-2.3807,-1.8159
-6.1672,-5.6776
-6.1672,-6.2357
-6.1672,-6.0223
-6.1672,-5.6597
-6.1672,-6.7278
-6.1672,-6.8772
-4.4542,-4.1789
-4.4542,-3.8419
-4.4542,-4.7761
-4.4542,-4.6401
-4.4542,-4.4085
-4.4542,-3.7091
-4.4542,-5.064
-4.4542,-5.1258
-4.4542,-4.5359
-4.4542,-3.8918
-4.4542,-3.8742
-4.4542,-5.3756
-4.4542,-3.986
-4.4542,-4.9878
-4.4542,-4.3004
-4.4542,-4.9423
-2.5417,-3.1678
-2.5417,-2.1717
-2.5417,-2.0451
-2.5417,-2.3807
-2.5417,-3.4253
-2.5417,-2.5784
-2.5417,-2.8349
-2.5417,-2.8059
-2.5417,-1.8159
-3.3147,-2.8235
-3.3147,-2.8263
-3.3147,-3.8909
-3.3147,-3.7915
-3.3147,-2.4297
-3.3147,-3.371
6.2612,6.8125
6.2612,6.4119
6.2612,6.9126
6.2612,5.5495
6.2612,6.4169
6.2612,5.7046
6.2612,5.9408
5.0638,5.8548
5.0638,4.9065
5.0638,4.629
5.0638,5.2302
-3.8742,-3.3485
-3.8742,-3.1954
-3.8742,-3.9081
-3.8742,-2.9763
-3.8742,-4.7761
-3.8742,-4.4085
-3.8742,-3.7091
-3.8742,-4.449
-3.8742,-3.4152
-3.8742,-4.2801
-3.8742,-3.5081
-3.8742,-3.8918
-3.8742,-4.6177
-3.8742,-3.1501
-3.8742,-4.4542
-3.8742,-3.986
-3.8742,-3.9355
-3.8742,-4.3004
-5.3756,-5.4118
-5.3756,-5.6776
-5.3756,-6.2357
-5.3756,-4.7761
-5.3756,-5.809
-5.3756,-5.064
-5.3756,-5.1258
-5.3756,-4.5359
-5.3756,-5.6597
-5.3756,-4.4542
-5.3756,-4.9878
-5.3756,-5.5406
-5.3756,-4.9423
-5.3756,-6.1718
3.899,4.0923
3.899,3.8624
3.899,3.3978
3.899,4.6852
3.899,3.142
3.899,4.662
3.899,3.6204
3.899,3.6258
3.899,4.4181
3.899,4.3704
3.899,4.1508
-3.986,-4.1789
-3.986,-3.3485
-3.986,-3.1954
-3.986,-3.8419
-3.986,-4.6401
-3.986,-4.4085
-3.986,-3.7091
-3.986,-3.5081
-3.986,-4.5359
-3.986,-3.8918
-3.986,-3.0206
-3.986,-4.4542
-3.986,-3.8742
-3.986,-3.4433
-3.986,-4.9878
-3.986,-4.3004
-5.5527,-5.4118
-5.5527,-5.9145
-5.5527,-4.9487
-5.5527,-5.0433
-5.5527,-5.03
-5.5527,-5.8905
-5.5527,-5.1041
-5.5527,-6.1688
5.0906,4.7508
5.0906,5.2344
5.0906,5.3981
5.0906,4.6852
5.0906,5.5495
5.0906,4.662
5.0906,5.117
5.0906,4.4181
5.0906,5.7046
5.0906,4.8333
5.0906,5.5335
5.0906,4.3704
-3.2712,-3.5928
-3.2712,-2.8349
-3.4253,-3.5928
-3.4253,-3.1678
-3.4253,-4.4176
-3.4253,-2.5417
-3.4253,-2.8349
-3.4253,-3.5142
-3.2416,-2.5579
-3.2416,-2.6969
-3.2416,-3.849
-3.2416,-2.5784
-3.2416,-2.8059
-3.2416,-3.3008
-3.2416,-4.0315
-3.2416,-3.5142
5.5335,4.7508
5.5335,5.2344
5.5335,4.6852
5.5335,5.3377
5.5335,6.2276
5.5335,5.5495
5.5335,6.4169
5.5335,5.961
5.5335,5.7046
5.5335,5.379
5.5335,5.0906
5.5335,5.6595
5.5335,4.9246
5.5335,5.9408
4.3704,4.0923
4.3704,4.7508
4.3704,5.2344
4.3704,3.8624
4.3704,3.3978
4.3704,4.6852
4.3704,4.662
4.3704,5.117
4.3704,3.6258
4.3704,4.4181
4.3704,3.899
4.3704,5.0906
4.3704,4.1508
4.1508,4.0923
4.1508,4.7508
4.1508,3.8624
4.1508,4.1796
4.1508,3.3978
4.1508,4.6852
4.1508,4.662
4.1508,3.5631
4.1508,3.6258
4.1508,3.899
4.1508,4.3704
4.1508,4.9246
4.1508,4.56
-8.0024,-7.4766
-8.0024,-7.3089
-2.5784,-2.5579
-2.5784,-1.8377
-2.5784,-3.1678
-2.5784,-2.1717
-2.5784,-2.0451
-2.5784,-1.6192
-2.5784,-2.5417
-2.5784,-3.2416
-2.5784,-2.8059
-2.5784,-1.8159
-2.5784,-3.5142
-5.03,-4.5237
-5.03,-5.4118
-5.03,-4.2118
-5.03,-4.9487
-5.03,-4.449
-5.03,-4.6177
-5.03,-5.0433
-5.03,-5.5527
-5.03,-5.8905
-5.03,-5.1041
-1.6237,-2.1671
-1.6237,-1.9678
-1.6237,-0.82926
-1.6237,-1.2955
-1.6237,-1.5971
-1.6237,-1.0286
-1.6237,-2.0527
-1.6237,-1.1554
-6.7558,-7.3089
-6.7558,-6.7338
-6.7558,-6.1688
-6.8772,-6.2357
-6.8772,-6.7278
-6.8772,-7.4766
-6.8772,-6.1672
-2.0527,-2.1671
-2.0527,-2.6969
-2.0527,-1.9678
-2.0527,-2.7581
-2.0527,-1.2955
-2.0527,-1.5971
-2.0527,-1.6237
5.6595,5.2344
5.6595,6.5657
5.6595,5.3377
5.6595,6.2276
5.6595,5.7855
5.6595,5.961
5.6595,5.379
5.6595,5.5335
5.6595,4.9246
5.6595,4.9766
5.6595,5.9408
2.6923,2.0665
2.6923,3.3978
2.6923,3.142
2.6923,3.6204
2.6923,2.0475
2.6923,2.7776
2.6923,2.786
-1.1554,-1.9678
-1.1554,-1.0286
-1.1554,-1.6237
-3.4433,-4.1789
-3.4433,-3.3485
-3.4433,-3.1954
-3.4433,-3.8419
-3.4433,-2.8677
-3.4433,-3.7091
-3.4433,-3.3079
-3.4433,-3.0206
-3.4433,-3.986
-3.4433,-3.8708
3.7255,2.8164
3.7255,4.629
3.7255,3.7126
3.7255,3.2394
3.7255,4.2659
3.7255,4.2349
2.7776,3.142
2.7776,3.6204
2.7776,3.5934
2.7776,2.0475
2.7776,2.6923
2.786,2.0665
2.786,3.3978
2.786,3.142
2.786,3.6258
2.786,2.6923
2.786,2.8865
-7.3089,-8.0024
-7.3089,-6.7558
-7.3089,-6.7338
-5.8905,-5.0433
-5.8905,-5.5527
-5.8905,-5.03
-5.8905,-6.1688
-4.9878,-4.1789
-4.9878,-5.6776
-4.9878,-4.7761
-4.9878,-4.6401
-4.9878,-5.1907
-4.9878,-4.4085
-4.9878,-5.809
-4.9878,-5.064
-4.9878,-5.1258
-4.9878,-4.5359
-4.9878,-5.6597
-4.9878,-4.4542
-4.9878,-5.3756
-4.9878,-3.986
-4.9878,-4.3004
-4.9878,-5.5406
-4.9878,-4.9423
-2.0542,-2.3807
-2.0542,-2.8349
-3.9355,-4.5237
-3.9355,-4.2118
-3.9355,-3.9081
-3.9355,-3.7915
-3.9355,-4.449
-3.9355,-3.4152
-3.9355,-4.2801
-3.9355,-4.6177
-3.9355,-3.1501
-3.9355,-3.371
-3.9355,-3.8742
-2.8349,-3.5928
-2.8349,-2.0451
-2.8349,-2.3807
-2.8349,-2.5417
-2.8349,-3.2712
-2.8349,-3.4253
-2.8349,-2.0542
4.0554,3.8624
4.0554,4.6417
4.0554,3.6204
4.0554,3.5934
4.0554,4.4181
4.0554,4.8333
-2.8059,-2.5579
-2.8059,-2.6969
-2.8059,-1.8377
-2.8059,-3.1678
-2.8059,-2.1717
-2.8059,-2.5417
-2.8059,-3.2416
-2.8059,-2.5784
-2.8059,-3.5142
-2.5889,-1.9678
-2.5889,-2.7581
-1.8159,-1.254
-1.8159,-1.8377
-1.8159,-2.1717
-1.8159,-2.0451
-1.8159,-1.6192
-1.8159,-0.8636
-1.8159,-2.3807
-1.8159,-2.5417
-1.8159,-2.5784
-1.8159,-1.2441
5.2302,5.8548
5.2302,4.9065
5.2302,5.7855
5.2302,4.629
5.2302,5.379
5.2302,4.2349
5.2302,5.0638
5.2302,4.9766
-2.2541,-2.9763
-2.2541,-2.1455
-2.2541,-2.7135
-2.2541,-2.6074
-2.2541,-3.1501
-2.2541,-1.7934
-2.2541,-2.0776
-2.2541,-1.6124
-2.2541,-2.654
4.9246,4.0923
4.9246,4.7508
4.9246,5.2344
4.9246,4.1796
4.9246,4.6852
4.9246,5.3377
4.9246,4.9065
4.9246,4.5764
4.9246,4.2659
4.9246,5.379
4.9246,5.5335
4.9246,4.1508
4.9246,5.6595
4.9246,4.9766
4.9246,4.56
-4.2429,-3.5928
-4.2429,-4.4176
-4.3004,-4.1789
-4.3004,-3.3485
-4.3004,-3.9081
-4.3004,-4.7761
-4.3004,-4.4085
-4.3004,-3.7091
-4.3004,-4.2801
-4.3004,-5.064
-4.3004,-3.5081
-4.3004,-4.5359
-4.3004,-3.8918
-4.3004,-4.6177
-4.3004,-4.4542
-4.3004,-3.8742
-4.3004,-3.986
-4.3004,-4.9878
-4.3004,-4.9423
-5.1041,-5.4118
-5.1041,-5.9145
-5.1041,-4.9487
-5.1041,-4.7761
-5.1041,-4.4085
-5.1041,-4.449
-5.1041,-4.2801
-5.1041,-5.064
-5.1041,-4.6177
-5.1041,-5.5527
-5.1041,-5.03
-5.1041,-5.5406
-5.1041,-4.9423
-5.5406,-5.4118
-5.5406,-5.6776
-5.5406,-5.9145
-5.5406,-6.2357
-5.5406,-4.7761
-5.5406,-5.809
-5.5406,-5.064
-5.5406,-5.3756
-5.5406,-4.9878
-5.5406,-5.1041
-5.5406,-4.9423
-5.5406,-6.1718
-5.5406,-6.1688
-3.3008,-2.6969
-3.3008,-2.7581
-3.3008,-3.849
-3.3008,-3.2416
4.9766,4.7508
4.9766,4.1796
4.9766,5.3377
4.9766,4.9065
4.9766,5.7855
4.9766,4.629
4.9766,4.5764
4.9766,4.2659
4.9766,5.961
4.9766,5.379
4.9766,5.6595
4.9766,5.2302
4.9766,4.9246
4.9766,4.56
-4.0315,-4.4176
-4.0315,-3.2416
-4.0315,-3.5142
-1.7934,-2.1455
-1.7934,-2.2807
-1.7934,-2.6074
-1.7934,-2.2541
-1.7934,-2.654
-3.8708,-4.1789
-3.8708,-3.5272
-3.8708,-3.8419
-3.8708,-4.6401
-3.8708,-3.3079
-3.8708,-4.7726
-3.8708,-4.0179
-3.8708,-4.2964
-3.8708,-3.4433
-2.0776,-2.8235
-2.0776,-2.4297
-2.0776,-2.7135
-2.0776,-2.6074
-2.0776,-2.2541
-2.0776,-1.6124
4.56,4.0923
4.56,4.7508
4.56,5.2344
4.56,4.1796
4.56,4.6852
4.56,5.3377
4.56,4.9065
4.56,3.85
4.56,3.5631
4.56,4.5764
4.56,4.2659
4.56,5.379
4.56,4.1508
4.56,4.9246
4.56,4.9766
-1.6124,-2.4297
-1.6124,-1.1083
-1.6124,-2.2541
-1.6124,-2.0776
-4.9423,-5.4118
-4.9423,-5.6776
-4.9423,-4.7761
-4.9423,-4.6401
-4.9423,-4.4085
-4.9423,-5.809
-4.9423,-5.064
-4.9423,-5.1258
-4.9423,-4.5359
-4.9423,-4.6177
-4.9423,-4.4542
-4.9423,-5.3756
-4.9423,-4.9878
-4.9423,-4.3004
-4.9423,-5.1041
-4.9423,-5.5406
-1.2441,-1.254
-1.2441,-0.28137
-1.2441,-2.0451
-1.2441,-0.8636
-1.2441,-1.8159
-3.5142,-3.1678
-3.5142,-3.4253
-3.5142,-3.2416
-3.5142,-2.5784
-3.5142,-2.8059
-3.5142,-4.0315
-6.7338,-5.9145
-6.7338,-6.2357
-6.7338,-6.7278
-6.7338,-6.7558
-6.7338,-7.3089
-6.7338,-6.1718
-6.7338,-6.1688
2.8865,3.3978
2.8865,2.4134
2.8865,3.5631
2.8865,3.6258
2.8865,3.1867
2.8865,2.786
-6.1718,-5.4118
-6.1718,-5.6776
-6.1718,-5.9145
-6.1718,-6.2357
-6.1718,-5.809
-6.1718,-6.7278
-6.1718,-5.3756
-6.1718,-5.5406
-6.1718,-6.7338
-6.1718,-6.1688
-6.1688,-5.4118
-6.1688,-5.9145
-6.1688,-5.5527
-6.1688,-6.7558
-6.1688,-5.8905
-6.1688,-5.5406
-6.1688,-6.7338
-6.1688,-6.1718
-4.5715,-4.9946
-4.5715,-4.0179
-4.5715,-4.2964
5.9408,5.2344
5.9408,6.8125
5.9408,5.3377
5.9408,6.2276
5.9408,5.5495
5.9408,6.4169
5.9408,5.961
5.9408,5.7046
5.9408,6.2612
5.9408,5.5335
5.9408,5.6595
-2.654,-3.3485
-2.654,-3.1954
-2.654,-2.8677
-2.654,-2.9763
-2.654,-2.1455
-2.654,-2.2807
-2.654,-3.5081
-2.654,-2.6074
-2.654,-3.0206
-2.654,-2.2541
-2.654,-1.7934
