2.923,3.791
2.923,3.5085
2.923,3.0364
-3.4137,-3.4837
-3.4137,-2.8585
-3.4137,-3.8699
-3.4137,-2.4997
-3.4137,-4.1947
-3.4137,-3.3946
-3.4137,-2.9176
-3.4137,-3.4104
-2.9887,-2.6939
-2.9887,-2.5045
-2.9887,-2.9696
-2.9887,-3.3946
-2.9887,-2.2704
-2.9887,-3.3285
-2.9887,-3.6928
-1.7873,-1.3082
-1.7873,-0.86153
-1.7873,-1.2988
-1.7873,-1.78
-1.7873,-1.4364
-1.7873,-2.1007
-1.7873,-1.8474
-1.7873,-2.2704
-1.7873,-2.4498
0.1784,-0.3294
5.4762,5.7608
5.4762,5.2328
5.4762,5.0004
5.4762,6.1966
5.4762,5.1519
5.4762,5.5861
3.791,2.923
3.791,3.9603
3.791,3.5085
3.791,4.4913
3.791,3.0364
3.791,4.6882
3.791,4.1839
-3.4837,-3.4137
-3.4837,-2.8585
-3.4837,-3.8699
-3.4837,-4.4413
-3.4837,-2.9696
-3.4837,-4.0562
-3.4837,-3.3946
-3.4837,-2.9176
-3.4837,-3.6928
5.7573,5.5086
5.7573,6.2012
5.7573,4.8108
5.7573,5.5097
5.7573,5.3188
5.7573,5.9648
5.7573,6.3966
3.9603,3.791
3.9603,4.4913
3.9603,4.2798
3.9603,3.0364
3.9603,4.3125
3.9603,3.2729
4.9589,5.5086
4.9589,4.8108
4.9589,4.4917
4.9589,5.3188
4.9589,5.0661
4.9589,4.2566
-2.8585,-3.4137
-2.8585,-3.4837
-2.8585,-2.4997
-2.8585,-2.9696
-2.8585,-2.1007
-2.8585,-3.3946
-2.8585,-2.9176
-2.8585,-2.4498
-3.8699,-3.4137
-3.8699,-3.4837
-3.8699,-4.4413
-3.8699,-4.1947
-3.8699,-4.0562
-3.8699,-3.3946
0.21291,0.16207
0.21291,-0.58927
0.21291,1.1011
0.21291,0.16624
0.21291,-0.66104
-3.8246,-3.2335
-3.8246,-4.1406
-3.8246,-4.1921
-3.8246,-4.6372
-3.8246,-3.5037
5.871,5.5086
5.871,5.6243
5.871,6.0217
5.871,5.0661
2.176,3.0364
0.35994,-0.43407
3.5413,4.2798
3.5413,3.2729
-3.3261,-2.9653
-3.3261,-3.5314
-3.3261,-3.9164
-3.3261,-4.1095
-3.3261,-2.8488
-3.3261,-3.5037
-3.3261,-2.8969
-5.5492,-6.0253
-2.3289,-1.4056
-2.3289,-1.9155
-2.3289,-2.4997
-2.3289,-2.9176
-6.5963,-7.018
-5.3788,-6.1339
-5.3788,-6.1585
-5.3788,-5.3723
-5.3788,-5.373
-5.3788,-4.7782
-5.3788,-5.7379
-5.3788,-4.6362
-5.3788,-6.2294
6.9705,7.4731
6.9705,6.8362
6.9705,6.3966
-1.1338,-1.0718
-1.1338,-0.58927
-1.1338,-1.5371
-1.1338,-1.7753
-1.1338,-0.3294
-1.1735,-1.4056
-1.1735,-0.86153
-1.1735,-1.2988
-1.1735,-1.9155
-1.1735,-1.78
0.62225,0.88986
0.62225,-0.11084
5.7608,5.4762
5.7608,6.1966
5.7608,5.1519
-7.2697,-7.018
-7.2697,-6.7428
-7.2697,-7.1181
-7.2697,-8.0483
-7.2697,-7.1382
-7.2697,-8.0775
4.2268,4.0619
4.2268,4.8495
4.2268,4.7324
0.93509,0.16207
0.93509,1.2156
0.93509,1.9119
0.93509,1.1011
0.93509,0.47315
-2.1431,-1.9732
-2.1431,-1.5371
-2.1431,-2.092
-2.1431,-2.8414
-2.1431,-2.8488
-2.1431,-2.8969
6.3606,6.1966
6.3606,6.5176
6.3606,5.5861
6.3606,5.7477
5.2328,5.4762
5.2328,5.0004
5.2328,4.8451
5.2328,4.4913
5.2328,5.4464
5.2328,4.6882
5.2328,5.5861
5.2328,5.7477
0.16207,0.21291
0.16207,0.93509
0.16207,1.1011
0.16207,-0.66104
0.16207,-0.13446
5.0004,5.4762
5.0004,5.2328
5.0004,4.4913
5.0004,5.1519
5.0004,4.6882
5.0004,4.3125
5.0004,5.5861
-1.0718,-1.1338
-1.0718,-1.5371
-1.0718,-0.3294
-1.0718,-0.95866
-7.018,-6.5963
-7.018,-7.2697
-7.018,-7.8321
-7.018,-6.7428
4.8451,5.2328
4.8451,5.0894
4.8451,5.4464
4.8451,4.6882
4.8451,4.1839
-4.716,-4.1095
7.4731,6.9705
1.2156,0.93509
1.2156,1.9119
1.2156,2.1743
1.2156,0.47315
5.5086,5.7573
5.5086,4.9589
5.5086,5.871
5.5086,6.2012
5.5086,6.0217
5.5086,5.3188
5.5086,5.0661
-5.456,-6.0253
-5.456,-5.9574
-5.456,-5.3723
-5.456,-6.1714
-2.6939,-2.9887
-2.6939,-2.5045
-2.6939,-2.9696
-2.6939,-1.9976
-2.6939,-3.3946
-2.6939,-1.8474
-2.6939,-2.2704
-2.6939,-2.4498
-2.6939,-3.3285
-2.6939,-3.6928
-1.3082,-1.7873
-1.3082,-0.43407
-1.3082,-0.86153
-1.3082,-1.2988
-1.3082,-0.84355
-1.3082,-1.4364
-1.3082,-1.8474
-1.3082,-2.2704
1.2282,0.86548
1.2282,1.1011
1.2282,1.928
3.5085,2.923
3.5085,3.791
3.5085,4.1839
-1.4056,-2.3289
-1.4056,-1.1735
-1.4056,-1.9155
6.6936,6.2012
6.6936,6.0217
6.6936,7.228
-6.1339,-5.3788
-6.1339,-6.7364
-6.1339,-5.4987
-6.1339,-5.373
-6.1339,-6.2294
-3.2335,-3.8246
-3.2335,-2.8414
-3.2335,-3.5037
-3.2335,-2.8969
-4.7472,-3.9164
-4.7472,-4.1095
-4.7472,-4.1406
-4.7472,-4.6372
1.9119,0.93509
1.9119,1.2156
1.9119,2.1743
1.9119,1.928
1.9119,2.7847
-4.4413,-3.4837
-4.4413,-3.8699
-4.4413,-4.696
-4.4413,-4.1947
-4.4413,-4.0562
-4.4413,-5.1673
4.4913,3.791
4.4913,3.9603
4.4913,5.2328
4.4913,5.0004
4.4913,4.6882
4.4913,4.3125
-0.43407,0.35994
-0.43407,-1.3082
-0.43407,-0.86153
-0.43407,-0.84355
-0.43407,-0.2333
5.6243,5.871
-0.86153,-1.7873
-0.86153,-1.1735
-0.86153,-1.3082
-0.86153,-0.43407
-0.86153,-1.2988
-0.86153,-0.84355
-0.86153,-0.2333
6.2012,5.7573
6.2012,5.5086
6.2012,6.6936
6.2012,6.0217
6.2012,5.3188
6.2012,6.3966
-2.5045,-2.9887
-2.5045,-2.6939
-2.5045,-1.9976
-2.5045,-2.5304
-2.5045,-1.8474
-2.5045,-2.2704
-2.5045,-3.3285
0.86548,1.2282
0.86548,1.1011
0.86548,0.16624
6.1966,5.4762
6.1966,5.7608
6.1966,6.3606
6.1966,5.5861
-2.3792,-1.6607
-2.3792,-2.092
-2.3792,-1.7753
-2.3792,-2.9653
-2.3792,-2.8488
5.6487,5.6305
5.6487,6.3773
5.6487,6.2888
-1.2988,-1.7873
-1.2988,-1.1735
-1.2988,-1.3082
-1.2988,-0.86153
-1.2988,-1.78
-1.2988,-2.1007
-1.2988,-1.8474
-7.8321,-7.018
-7.8321,-8.0775
-6.7364,-6.1339
-6.7364,-7.0197
-6.7364,-7.4123
-6.7364,-6.6093
-6.7364,-6.2294
4.8108,5.7573
4.8108,4.9589
4.8108,4.4917
4.8108,5.5097
4.8108,4.0619
4.8108,5.3188
4.8108,5.3478
4.8108,4.7324
-6.7428,-7.2697
-6.7428,-7.018
-6.7428,-6.0253
-6.7428,-7.1181
-6.7428,-7.1382
-6.7428,-6.5504
-6.7428,-6.1714
-1.9155,-2.3289
-1.9155,-1.1735
-1.9155,-1.4056
-1.9155,-1.78
-1.9155,-2.4997
-1.9155,-2.1007
-1.9155,-2.9176
5.5315,6.4903
5.5315,5.5395
-1.78,-1.7873
-1.78,-1.1735
-1.78,-1.2988
-1.78,-1.9155
-1.78,-2.4997
-1.78,-2.1007
-1.78,-2.4498
6.8362,6.9705
6.8362,5.9648
6.8362,6.3966
6.8362,6.2888
2.1743,1.2156
2.1743,1.9119
2.1743,2.7847
6.0217,5.871
6.0217,5.5086
6.0217,6.6936
6.0217,6.2012
6.0217,5.0661
4.4917,4.9589
4.4917,4.8108
4.4917,4.0619
4.4917,5.3188
4.4917,4.2566
4.4917,4.7324
5.0894,4.8451
5.0894,5.9474
5.0894,5.4464
7.228,6.6936
7.228,6.7422
-1.9732,-2.1431
-1.9732,-2.8414
-1.9732,-1.3246
1.5375,0.88986
-0.58927,0.21291
-0.58927,-1.1338
-0.58927,-0.3294
-0.58927,0.16624
-0.58927,-0.66104
-2.4997,-3.4137
-2.4997,-2.8585
-2.4997,-2.3289
-2.4997,-1.9155
-2.4997,-1.78
-2.4997,-2.9696
-2.4997,-2.1007
-2.4997,-2.9176
-2.4997,-2.4498
6.1461,5.9474
6.1461,6.5176
6.1461,5.4464
6.1461,6.6087
6.1461,5.7477
-1.5371,-1.1338
-1.5371,-2.1431
-1.5371,-1.0718
-1.5371,-2.092
-1.5371,-1.7753
-1.5371,-0.95866
-6.1585,-5.3788
-6.1585,-5.9574
-6.1585,-5.3723
-6.1585,-7.0197
-6.1585,-5.7379
-6.1585,-6.6093
-6.1585,-6.5504
-6.1585,-6.2294
-6.1585,-6.7113
-6.1585,-6.1714
-1.6607,-2.3792
-1.6607,-1.7753
-1.6607,-0.66104
4.7336,5.0661
-2.092,-2.1431
-2.092,-2.3792
-2.092,-1.5371
-2.092,-1.7753
-2.092,-2.8488
-2.092,-2.8969
-2.8414,-2.1431
-2.8414,-3.2335
-2.8414,-1.9732
-2.8414,-2.8488
-2.8414,-3.5037
-2.8414,-2.8969
-5.4987,-6.1339
-5.4987,-5.373
-5.4987,-4.6372
5.1519,5.4762
5.1519,5.7608
5.1519,5.0004
5.1519,4.2798
5.1519,4.3125
5.1519,4.7876
5.1519,5.5861
1.1011,0.21291
1.1011,0.93509
1.1011,0.16207
1.1011,1.2282
1.1011,0.86548
1.1011,1.928
5.9474,5.0894
5.9474,6.1461
5.9474,5.4464
5.9474,6.3773
5.9474,6.6087
-1.7753,-1.1338
-1.7753,-2.3792
-1.7753,-1.5371
-1.7753,-1.6607
-1.7753,-2.092
-0.29956,-0.84355
1.928,1.2282
1.928,1.9119
1.928,1.1011
-6.0253,-5.5492
-6.0253,-5.456
-6.0253,-6.7428
-6.0253,-6.1714
0.88986,0.62225
0.88986,1.5375
-7.4243,-7.6407
-7.4243,-8.1787
-7.4243,-7.0197
-7.4243,-7.4123
-7.4243,-6.6093
-7.4243,-7.1382
-7.4243,-6.7113
-5.9574,-5.456
-5.9574,-6.1585
-5.9574,-5.3723
-5.9574,-5.7379
-5.9574,-6.6093
-5.9574,-6.5504
-5.9574,-6.7113
-5.9574,-6.1714
6.7422,7.228
5.5097,5.7573
5.5097,4.8108
5.5097,5.3188
5.5097,5.9648
5.5097,6.3966
5.5097,5.3478
5.5097,4.7324
-2.9653,-3.3261
-2.9653,-2.3792
-2.9653,-3.5314
-2.9653,-2.8488
-3.5314,-3.3261
-3.5314,-2.9653
-3.5314,-3.9164
-3.5314,-4.1095
6.5176,6.3606
6.5176,6.1461
6.5176,6.6087
6.5176,5.7477
-5.3723,-5.3788
-5.3723,-5.456
-5.3723,-6.1585
-5.3723,-5.9574
-5.3723,-5.7379
-5.3723,-4.6362
4.2798,3.9603
4.2798,3.5413
4.2798,5.1519
4.2798,4.3125
4.2798,4.7876
-2.9696,-2.9887
-2.9696,-3.4837
-2.9696,-2.8585
-2.9696,-2.6939
-2.9696,-2.4997
-2.9696,-2.1007
-2.9696,-3.3946
-2.9696,-2.2704
-2.9696,-2.4498
-2.9696,-3.6928
-7.1181,-7.2697
-7.1181,-6.7428
-7.1181,-7.6407
-7.1181,-8.0483
-7.1181,-7.1382
-7.1181,-6.5504
-7.1181,-6.7113
-7.1181,-6.1714
-1.3246,-1.9732
-1.3246,-0.95866
3.0364,2.923
3.0364,3.791
3.0364,3.9603
3.0364,2.176
3.0364,3.2729
4.0619,4.2268
4.0619,4.8108
4.0619,4.4917
4.0619,3.3547
4.0619,4.2566
4.0619,4.7324
-7.6407,-7.4243
-7.6407,-7.1181
-7.6407,-8.0483
-7.6407,-8.1787
-7.6407,-7.1382
-7.6407,-6.7113
5.4464,5.2328
5.4464,4.8451
5.4464,5.0894
5.4464,6.1461
5.4464,5.9474
5.4464,4.6882
5.4464,5.7477
-3.9164,-3.3261
-3.9164,-4.7472
-3.9164,-3.5314
-3.9164,-4.1095
-3.9164,-4.1406
-3.9164,-3.5037
-4.696,-4.4413
-4.696,-4.2192
-4.696,-4.0562
5.3188,5.7573
5.3188,4.9589
5.3188,5.5086
5.3188,6.2012
5.3188,4.8108
5.3188,4.4917
5.3188,5.5097
-0.84355,-1.3082
-0.84355,-0.43407
-0.84355,-0.86153
-0.84355,-0.29956
-0.84355,-1.4364
-0.84355,-1.5306
-0.3294,0.1784
-0.3294,-1.1338
-0.3294,-1.0718
-0.3294,-0.58927
-0.3294,0.16624
-5.373,-5.3788
-5.373,-6.1339
-5.373,-5.4987
-5.373,-4.7782
-5.373,-5.7379
-5.373,-4.6372
-5.373,-6.2294
0.47315,0.93509
0.47315,1.2156
0.47315,-0.13446
8.8019,8.0636
4.6882,3.791
4.6882,5.2328
4.6882,5.0004
4.6882,4.8451
4.6882,4.4913
4.6882,5.4464
4.6882,4.1839
4.3125,3.9603
4.3125,5.0004
4.3125,4.4913
4.3125,5.1519
4.3125,4.2798
-4.1095,-3.3261
-4.1095,-4.716
-4.1095,-4.7472
-4.1095,-3.5314
-4.1095,-3.9164
5.6305,5.6487
5.6305,5.9648
5.6305,4.8495
5.6305,6.2888
5.6305,5.3478
-1.9976,-2.6939
-1.9976,-2.5045
-1.9976,-1.4364
-1.9976,-2.5304
-1.9976,-1.5306
-1.9976,-1.8474
-1.9976,-2.2704
-4.1406,-3.8246
-4.1406,-4.7472
-4.1406,-3.9164
-4.1406,-4.6372
-4.1406,-3.5037
-4.1921,-3.8246
-4.1921,-4.7782
-4.1921,-4.6372
-4.1921,-4.6362
-4.2192,-4.696
-4.2192,-4.0562
-4.2192,-3.3285
-4.2192,-3.6928
-2.8488,-3.3261
-2.8488,-2.1431
-2.8488,-2.3792
-2.8488,-2.092
-2.8488,-2.8414
-2.8488,-2.9653
-2.8488,-3.5037
-2.8488,-2.8969
5.0661,4.9589
5.0661,5.871
5.0661,5.5086
5.0661,6.0217
5.0661,4.7336
4.1839,3.791
4.1839,4.8451
4.1839,3.5085
4.1839,4.6882
-8.0483,-7.2697
-8.0483,-7.1181
-8.0483,-7.6407
-8.0483,-7.1382
-8.0483,-8.8935
-8.0483,-8.0775
-4.7782,-5.3788
-4.7782,-5.373
-4.7782,-4.1921
-4.7782,-4.6372
-4.7782,-4.6362
3.3547,4.0619
-8.1787,-7.4243
-8.1787,-7.6407
-7.0197,-6.7364
-7.0197,-6.1585
-7.0197,-7.4243
-7.0197,-7.4123
-7.0197,-6.6093
-7.0197,-6.2294
-7.0197,-6.7113
6.3773,5.6487
6.3773,5.9474
-1.4364,-1.7873
-1.4364,-1.3082
-1.4364,-0.84355
-1.4364,-1.9976
-1.4364,-1.5306
-1.4364,-1.8474
-1.4364,-2.2704
-4.1947,-3.4137
-4.1947,-3.8699
-4.1947,-4.4413
-4.1947,-3.4104
5.9648,5.7573
5.9648,6.8362
5.9648,5.5097
5.9648,5.6305
5.9648,6.3966
5.9648,6.2888
5.9648,5.3478
3.2729,3.9603
3.2729,3.5413
3.2729,3.0364
-4.0562,-3.4837
-4.0562,-3.8699
-4.0562,-4.4413
-4.0562,-4.696
-4.0562,-4.2192
-4.0562,-3.3946
-4.0562,-3.6928
-5.7379,-5.3788
-5.7379,-6.1585
-5.7379,-5.9574
-5.7379,-5.3723
-5.7379,-5.373
-5.7379,-6.6093
-5.7379,-6.2294
-2.1007,-1.7873
-2.1007,-2.8585
-2.1007,-1.2988
-2.1007,-1.9155
-2.1007,-1.78
-2.1007,-2.4997
-2.1007,-2.9696
-2.1007,-1.8474
-2.1007,-2.2704
-2.1007,-2.4498
-7.4123,-6.7364
-7.4123,-7.4243
-7.4123,-7.0197
-0.95866,-1.0718
-0.95866,-1.5371
-0.95866,-1.3246
-3.3946,-3.4137
-3.3946,-2.9887
-3.3946,-3.4837
-3.3946,-2.8585
-3.3946,-3.8699
-3.3946,-2.6939
-3.3946,-2.9696
-3.3946,-4.0562
-3.3946,-2.4498
-3.3946,-3.6928
4.7876,5.1519
4.7876,4.2798
4.2566,4.9589
4.2566,4.4917
4.2566,4.0619
4.2566,3.9005
-2.5304,-2.5045
-2.5304,-1.9976
-6.6093,-6.7364
-6.6093,-6.1585
-6.6093,-7.4243
-6.6093,-5.9574
-6.6093,-7.0197
-6.6093,-5.7379
-6.6093,-7.1382
-6.6093,-6.5504
-6.6093,-6.2294
-6.6093,-6.7113
6.3966,5.7573
6.3966,6.9705
6.3966,6.2012
6.3966,6.8362
6.3966,5.5097
6.3966,5.9648
5.5861,5.4762
5.5861,6.3606
5.5861,5.2328
5.5861,5.0004
5.5861,6.1966
5.5861,5.1519
5.5861,5.7477
3.9005,4.2566
6.4903,5.5315
-4.6372,-3.8246
-4.6372,-4.7472
-4.6372,-5.4987
-4.6372,-5.373
-4.6372,-4.1406
-4.6372,-4.1921
-4.6372,-4.7782
-7.1382,-7.2697
-7.1382,-6.7428
-7.1382,-7.4243
-7.1382,-7.1181
-7.1382,-7.6407
-7.1382,-8.0483
-7.1382,-6.6093
-7.1382,-6.5504
-7.1382,-6.7113
-1.5306,-0.84355
-1.5306,-1.9976
-1.5306,-1.4364
-6.5504,-6.7428
-6.5504,-6.1585
-6.5504,-5.9574
-6.5504,-7.1181
-6.5504,-6.6093
-6.5504,-7.1382
-6.5504,-6.7113
-6.5504,-6.1714
-1.8474,-1.7873
-1.8474,-2.6939
-1.8474,-1.3082
-1.8474,-2.5045
-1.8474,-1.2988
-1.8474,-1.9976
-1.8474,-1.4364
-1.8474,-2.1007
-1.8474,-2.2704
-1.8474,-2.4498
6.6087,6.1461
6.6087,5.9474
6.6087,6.5176
-2.9176,-3.4137
-2.9176,-3.4837
-2.9176,-2.8585
-2.9176,-2.3289
-2.9176,-1.9155
-2.9176,-2.4997
-2.9176,-3.4104
-5.1673,-4.4413
-0.2333,-0.43407
-0.2333,-0.86153
5.5395,5.5315
-8.8935,-8.0483
4.8495,4.2268
4.8495,5.6305
4.8495,5.3478
4.8495,4.7324
-2.2704,-2.9887
-2.2704,-1.7873
-2.2704,-2.6939
-2.2704,-1.3082
-2.2704,-2.5045
-2.2704,-2.9696
-2.2704,-1.9976
-2.2704,-1.4364
-2.2704,-2.1007
-2.2704,-1.8474
-2.2704,-2.4498
-4.6362,-5.3788
-4.6362,-5.3723
-4.6362,-4.1921
-4.6362,-4.7782
-6.2294,-5.3788
-6.2294,-6.1339
-6.2294,-6.7364
-6.2294,-6.1585
-6.2294,-5.373
-6.2294,-7.0197
-6.2294,-5.7379
-6.2294,-6.6093
-6.2294,-6.7113
-8.0775,-7.2697
-8.0775,-7.8321
-8.0775,-8.0483
-2.4498,-1.7873
-2.4498,-2.8585
-2.4498,-2.6939
-2.4498,-1.78
-2.4498,-2.4997
-2.4498,-2.9696
-2.4498,-2.1007
-2.4498,-3.3946
-2.4498,-1.8474
-2.4498,-2.2704
5.7477,6.3606
5.7477,5.2328
5.7477,6.1461
5.7477,6.5176
5.7477,5.4464
5.7477,5.5861
-3.4104,-3.4137
-3.4104,-4.1947
-3.4104,-2.9176
-6.7113,-6.1585
-6.7113,-7.4243
-6.7113,-5.9574
-6.7113,-7.1181
-6.7113,-7.6407
-6.7113,-7.0197
-6.7113,-6.6093
-6.7113,-7.1382
-6.7113,-6.5504
-6.7113,-6.2294
-6.7113,-6.1714
0.16624,0.21291
0.16624,0.86548
0.16624,-0.58927
0.16624,-0.3294
-0.11084,0.62225
6.2888,5.6487
6.2888,6.8362
6.2888,5.6305
6.2888,5.9648
-3.5037,-3.8246
-3.5037,-3.3261
-3.5037,-3.2335
-3.5037,-2.8414
-3.5037,-3.9164
-3.5037,-4.1406
-3.5037,-2.8488
-3.5037,-2.8969
-0.66104,0.21291
-0.66104,0.16207
-0.66104,-0.58927
-0.66104,-1.6607
-3.3285,-2.9887
-3.3285,-2.6939
-3.3285,-2.5045
-3.3285,-4.2192
-3.3285,-3.6928
-3.6928,-2.9887
-3.6928,-3.4837
-3.6928,-2.6939
-3.6928,-2.9696
-3.6928,-4.2192
-3.6928,-4.0562
-3.6928,-3.3946
-3.6928,-3.3285
-6.1714,-5.456
-6.1714,-6.7428
-6.1714,-6.1585
-6.1714,-6.0253
-6.1714,-5.9574
-6.1714,-7.1181
-6.1714,-6.5504
-6.1714,-6.7113
5.3478,4.8108
5.3478,5.5097
5.3478,5.6305
5.3478,5.9648
5.3478,4.8495
5.3478,4.7324
8.0636,8.8019
-0.13446,0.16207
-0.13446,0.47315
-2.8969,-3.3261
-2.8969,-2.1431
-2.8969,-3.2335
-2.8969,-2.092
-2.8969,-2.8414
-2.8969,-2.8488
-2.8969,-3.5037
4.7324,4.2268
4.7324,4.8108
4.7324,4.4917
4.7324,5.5097
4.7324,4.0619
4.7324,4.8495
4.7324,5.3478
2.7847,1.9119
2.7847,2.1743
