-1.0393,-0.35174
-1.0393,-1.2864
-1.0393,-1.766
-1.0393,-1.1671
-7.1579,-7.9497
-7.1579,-7.0813
-7.1579,-6.4261
-7.1579,-6.8177
-5.5319,-6.1921
-5.5319,-4.8868
-5.5319,-5.1387
-5.1776,-5.8495
-5.1776,-5.1151
-5.1776,-5.7069
-5.1776,-4.7991
-5.1776,-4.6924
-0.77889,-0.20955
-0.77889,-1.5495
-5.8867,-5.5313
-5.8867,-6.8304
-5.8867,-6.4383
-5.8867,-6.4669
-7.1645,-6.3319
-7.1645,-6.8584
-6.0675,-6.326
-6.0675,-6.3822
5.3995,4.6797
5.3995,5.945
5.3995,6.3021
-2.7484,-1.766
5.6514,5.945
5.6514,4.994
5.6514,6.171
5.6514,5.4568
-6.1921,-5.5319
-5.8495,-5.1776
-5.8495,-5.1151
-5.8495,-5.7069
-5.8495,-6.6456
-5.8495,-6.1099
-5.8495,-6.4261
7.3281,6.6971
3.4705,3.9205
3.4705,4.2329
3.9874,4.251
-6.3319,-7.1645
-6.3319,-6.8584
-6.3319,-5.9655
-6.3319,-6.4669
-6.3319,-5.8272
7.9262,8.7013
7.9262,7.7342
-2.9772,-2.0239
6.2071,6.4625
6.2071,5.3776
6.2071,5.3691
6.2071,5.9099
6.2071,6.4105
6.2071,7.0669
6.2071,5.9646
-4.0077,-4.3668
-6.0314,-6.326
-6.0314,-5.7069
-6.0314,-5.4276
-6.0314,-6.4261
-6.0314,-6.8177
-0.29392,0.35703
-0.29392,-0.63073
-0.29392,0.2976
-0.29392,-0.95293
0.35703,-0.29392
0.35703,0.2976
0.35703,1.3114
0.35703,-0.31329
2.072,2.8045
2.072,1.8328
2.072,1.2087
3.9205,3.4705
3.9205,4.5853
3.9205,4.827
-6.7858,-6.1099
-6.7858,-7.484
2.391,2.6196
-4.821,-5.0909
-4.821,-4.6141
-4.821,-5.1864
-4.821,-3.9961
-1.3013,-1.0357
-1.3013,-1.9458
-1.3013,-0.63073
-1.3013,-0.44471
-1.3013,-2.0891
-1.3013,-0.95293
5.0947,5.4568
6.4098,6.9061
6.4098,7.1916
6.4098,6.6971
4.5853,3.9205
4.5853,5.3776
4.5853,4.827
4.5853,5.3691
4.5853,4.2329
4.5853,4.5709
-2.2575,-3.1102
-1.6715,-0.79933
-1.6715,-1.5941
-1.6715,-0.98375
2.8045,2.072
2.8045,2.6196
2.8045,1.8328
2.8045,3.7339
2.8045,3.2156
-4.9992,-5.6312
-0.91387,-1.2864
-0.91387,-0.015213
-1.0357,-1.3013
-1.0357,-0.44471
-1.0357,-0.33352
6.4625,6.2071
6.4625,7.0118
6.4625,6.3003
6.4625,7.0669
6.4625,5.9646
-8.0288,-7.2377
-8.0288,-8.1635
4.6797,5.3995
4.6797,4.994
8.7013,7.9262
8.7013,8.2834
5.945,5.3995
5.945,5.6514
5.945,6.696
5.945,6.3021
5.945,6.6433
2.736,2.9509
2.736,2.1246
2.736,1.9373
-7.9497,-7.1579
6.3816,7.079
6.3816,6.4105
-0.22999,0.65051
-0.22999,-0.24275
-0.22999,-0.82226
-0.22999,-0.79618
-0.22999,0.13412
-6.326,-6.0675
-6.326,-6.0314
-6.326,-5.4276
-6.326,-7.1782
-6.326,-6.8177
0.055801,-0.79933
0.055801,0.13412
0.055801,-0.62948
2.0438,2.9509
2.0438,1.9373
5.4905,5.0019
5.4905,5.3691
5.4905,6.3003
5.4905,4.5709
5.4905,5.9646
5.3776,6.2071
5.3776,4.5853
5.3776,4.827
5.3776,5.3691
5.3776,5.9099
5.3776,5.9646
6.9061,6.4098
6.9061,7.1916
6.9061,6.458
-7.1348,-6.3822
-7.1348,-7.1782
-7.1348,-7.6204
-5.0909,-4.821
-5.0909,-4.6141
-5.0909,-5.9655
-5.0909,-5.1864
-5.0909,-5.7975
-5.0909,-5.8272
-4.6141,-4.821
-4.6141,-5.0909
-4.6141,-3.7402
7.3661,6.696
7.3661,6.6433
7.3661,7.5855
-4.2422,-4.1637
0.65051,-0.22999
-4.8868,-5.5319
2.6196,2.391
2.6196,2.8045
2.6196,1.8328
-3.3857,-4.0897
1.179,1.2279
1.179,0.26418
-0.24275,-0.22999
-0.24275,-0.35174
-0.24275,-1.1671
-0.24275,0.60941
-7.0813,-7.1579
-7.0813,-6.6456
-7.0813,-6.4261
1.1717,0.2976
1.1717,2.1246
1.1717,1.1151
1.1717,1.3114
3.7924,4.3105
-0.79933,-1.6715
-0.79933,0.055801
-0.79933,-0.82226
-0.79933,-0.98375
-0.79933,-0.62948
-3.0034,-2.0839
-5.1151,-5.1776
-5.1151,-5.8495
-5.1151,-6.1099
-5.1151,-4.1637
-5.1151,-4.6924
5.4388,4.9482
5.4388,6.1666
-0.82226,-0.22999
-0.82226,-0.79933
-0.82226,-0.79618
-0.82226,0.13412
-0.82226,-1.5941
-0.82226,-0.62948
4.6461,5.3419
4.6461,3.8555
4.6461,4.251
4.4999,4.994
4.4999,5.4568
1.8328,2.072
1.8328,2.8045
1.8328,2.6196
1.8328,1.054
-3.7402,-4.6141
-3.7402,-3.9961
4.994,5.6514
4.994,4.6797
4.994,4.4999
4.994,5.4568
-0.71564,-0.20955
-0.71564,0.23482
-2.2199,-3.1145
-2.2199,-2.0891
-5.7069,-5.1776
-5.7069,-5.8495
-5.7069,-6.0314
-5.7069,-5.4276
-5.7069,-6.4261
-1.314,-2.1661
-1.314,-0.79618
-1.314,-1.1671
1.2279,1.179
-1.9458,-1.3013
-1.9458,-2.0839
6.171,5.6514
6.171,5.4568
6.171,6.6433
-3.1145,-2.2199
-3.1145,-3.1497
0.16248,0.24474
0.16248,0.92478
0.16248,-0.44471
0.16248,-0.33352
5.0019,5.4905
5.0019,4.2329
5.0019,4.5709
-6.8584,-7.1645
-6.8584,-6.3319
-6.8584,-5.9655
7.1916,6.4098
7.1916,6.9061
7.1916,6.6971
7.1916,7.7342
-5.9655,-6.3319
-5.9655,-5.0909
-5.9655,-6.8584
-5.9655,-5.1864
-5.9655,-5.7975
-5.9655,-5.8272
4.827,3.9205
4.827,4.5853
4.827,5.3776
4.827,5.2787
-5.5313,-5.8867
-5.5313,-5.1864
-5.5313,-6.4669
-5.5313,-5.8272
0.18752,-0.015213
5.3419,4.6461
-0.63073,-0.29392
-0.63073,-1.3013
-0.63073,0.2976
-0.63073,0.24474
-0.63073,-0.44471
-0.63073,-0.95293
-0.20955,-0.77889
-0.20955,-0.71564
4.9482,5.4388
6.696,5.945
6.696,7.3661
6.696,6.3021
6.696,6.6433
6.696,7.5855
6.3021,5.3995
6.3021,5.945
6.3021,6.696
5.3691,6.2071
5.3691,4.5853
5.3691,5.4905
5.3691,5.3776
5.3691,4.5709
5.3691,5.9646
7.0118,6.4625
7.0118,6.3003
-2.1661,-1.314
-2.1661,-2.0239
-2.0839,-3.0034
-2.0839,-1.9458
-2.0839,-1.1426
6.3003,6.4625
6.3003,5.4905
6.3003,7.0118
6.3003,5.886
6.3003,5.9646
-6.3822,-6.0675
-6.3822,-7.1348
0.2976,-0.29392
0.2976,0.35703
0.2976,1.1717
0.2976,-0.63073
0.2976,0.24474
0.2976,-0.44471
0.23482,-0.71564
-0.35174,-1.0393
-0.35174,-0.24275
-0.35174,-1.2864
-0.35174,-0.015213
3.8555,4.6461
3.8555,3.7339
3.8555,3.2156
3.8555,4.251
2.9509,2.736
2.9509,2.0438
-0.79618,-0.22999
-0.79618,-0.82226
-0.79618,-1.314
-0.79618,-1.5941
5.886,6.3003
-5.4276,-6.0314
-5.4276,-6.326
-5.4276,-5.7069
-5.4276,-4.7991
3.7339,2.8045
3.7339,3.8555
-5.1864,-4.821
-5.1864,-5.0909
-5.1864,-5.9655
-5.1864,-5.5313
-5.1864,-5.8272
7.079,6.3816
7.079,6.4105
7.079,7.0669
0.24474,0.16248
0.24474,-0.63073
0.24474,0.2976
0.24474,-0.44471
0.24474,1.1151
5.9099,6.2071
5.9099,5.3776
5.9099,6.4105
5.9099,5.2787
8.5946,7.8283
-6.8304,-5.8867
-6.8304,-6.4383
-6.8304,-6.4669
-4.0897,-3.3857
6.4105,6.2071
6.4105,6.3816
6.4105,7.079
6.4105,5.9099
6.4105,7.0669
0.13412,-0.22999
0.13412,0.055801
0.13412,-0.82226
0.13412,-0.62948
-6.6456,-5.8495
-6.6456,-7.0813
-6.6456,-6.1099
-6.6456,-6.4261
4.2329,3.4705
4.2329,4.5853
4.2329,5.0019
4.2329,4.5709
2.1246,2.736
2.1246,1.1717
-7.2377,-8.0288
-7.2377,-8.1635
7.0669,6.2071
7.0669,6.4625
7.0669,7.079
7.0669,6.4105
3.2156,2.8045
3.2156,3.8555
-1.2864,-1.0393
-1.2864,-0.91387
-1.2864,-0.35174
-1.2864,-1.766
0.92478,0.16248
0.92478,1.1151
-0.44471,-1.3013
-0.44471,-1.0357
-0.44471,0.16248
-0.44471,-0.63073
-0.44471,0.2976
-0.44471,0.24474
1.054,1.8328
1.054,1.2087
6.1666,5.4388
1.9373,2.736
1.9373,2.0438
1.9373,1.3114
-1.766,-1.0393
-1.766,-2.7484
-1.766,-1.2864
-1.766,-2.0239
-5.7975,-5.0909
-5.7975,-5.9655
-4.0094,-4.7991
-4.0094,-4.6924
-6.1099,-5.8495
-6.1099,-6.7858
-6.1099,-5.1151
-6.1099,-6.6456
1.2087,2.072
1.2087,1.054
1.2087,0.60941
-6.4383,-5.8867
-6.4383,-6.8304
0.26418,1.179
7.8283,8.5946
-4.2744,-4.7991
-2.0891,-1.3013
-2.0891,-2.2199
-7.484,-6.7858
0.90993,1.3114
-4.7991,-5.1776
-4.7991,-5.4276
-4.7991,-4.0094
-4.7991,-4.2744
-4.7991,-4.6924
-6.4669,-5.8867
-6.4669,-6.3319
-6.4669,-5.5313
-6.4669,-6.8304
-6.4669,-5.8272
4.251,3.9874
4.251,4.6461
4.251,3.8555
-3.9961,-4.821
-3.9961,-3.7402
1.1151,1.1717
1.1151,0.24474
1.1151,0.92478
5.4568,5.6514
5.4568,5.0947
5.4568,4.4999
5.4568,4.994
5.4568,6.171
-1.5941,-1.6715
-1.5941,-0.82226
-1.5941,-0.79618
-0.015213,-0.91387
-0.015213,0.18752
-0.015213,-0.35174
6.6433,5.945
6.6433,7.3661
6.6433,6.171
6.6433,6.696
4.5709,4.5853
4.5709,5.4905
4.5709,5.0019
4.5709,5.3691
4.5709,4.2329
-0.95293,-0.29392
-0.95293,-1.3013
-0.95293,-0.63073
-0.95293,-1.1426
-5.8272,-6.3319
-5.8272,-5.0909
-5.8272,-5.9655
-5.8272,-5.5313
-5.8272,-5.1864
-5.8272,-6.4669
-3.8173,-4.3668
-4.1637,-4.2422
-4.1637,-5.1151
-4.1637,-4.6924
-0.98375,-1.6715
-0.98375,-0.79933
-0.98375,-0.62948
-7.1782,-6.326
-7.1782,-7.1348
-5.1387,-5.5319
-5.1387,-4.3668
-5.6312,-4.9992
7.5855,7.3661
7.5855,6.696
4.3105,3.7924
-1.1671,-1.0393
-1.1671,-0.24275
-1.1671,-1.314
-1.1671,-2.0239
-7.6204,-7.1348
-0.33352,-1.0357
-0.33352,0.16248
1.3114,0.35703
1.3114,1.1717
1.3114,1.9373
1.3114,0.90993
-0.31329,0.35703
-0.31329,-1.1426
-6.4261,-7.1579
-6.4261,-5.8495
-6.4261,-6.0314
-6.4261,-7.0813
-6.4261,-5.7069
-6.4261,-6.6456
-6.4261,-6.8177
-3.1102,-2.2575
-6.8177,-7.1579
-6.8177,-6.0314
-6.8177,-6.326
-6.8177,-6.4261
-1.1426,-2.0839
-1.1426,-0.95293
-1.1426,-0.31329
8.2834,8.7013
8.2834,7.7342
-1.5495,-0.77889
-2.0239,-2.9772
-2.0239,-2.1661
-2.0239,-1.766
-2.0239,-1.1671
5.2787,4.827
5.2787,5.9099
6.458,6.9061
-4.6924,-5.1776
-4.6924,-5.1151
-4.6924,-4.0094
-4.6924,-4.7991
-4.6924,-4.1637
-4.3668,-4.0077
-4.3668,-3.8173
-4.3668,-5.1387
-3.1497,-3.1145
0.60941,-0.24275
0.60941,1.2087
-8.1635,-8.0288
-8.1635,-7.2377
6.6971,7.3281
6.6971,6.4098
6.6971,7.1916
5.9646,6.2071
5.9646,6.4625
5.9646,5.4905
5.9646,5.3776
5.9646,5.3691
5.9646,6.3003
-0.62948,0.055801
-0.62948,-0.79933
-0.62948,-0.82226
-0.62948,0.13412
-0.62948,-0.98375
7.7342,7.9262
7.7342,7.1916
7.7342,8.2834
