-1.7239,-0.86732
-1.7239,-1.5556
-1.7239,-1.3304
-1.7239,-1.7155
-1.7239,-1.1447
-1.7239,-2.2781
-7.2533,-7.2264
-7.2533,-7.2575
-7.2533,-6.6523
-5.5252,-6.2904
-5.5252,-6.2557
-5.5252,-5.0047
-5.5252,-4.9183
-5.4319,-5.9787
-5.4319,-5.1849
-5.4319,-4.8985
-5.4319,-5.6701
-5.4319,-5.5199
-5.4319,-5.898
-5.4319,-5.1825
0.37453,-0.40385
0.37453,0.31695
0.37453,1.0844
0.37453,0.56986
-5.5537,-6.1071
-5.5537,-5.0034
-5.5537,-5.2774
-5.5537,-6.2559
-5.5537,-5.1035
-6.8224,-6.3251
-6.8224,-5.9446
-5.6306,-6.027
-5.6306,-6.5966
4.9866,4.4555
4.9866,5.5607
-2.7189,-3.3825
-2.7189,-2.2781
5.4381,5.5607
5.4381,4.9986
5.4381,5.9989
5.4381,6.3908
5.4381,6.1604
5.4381,5.425
-6.2904,-5.5252
-6.2904,-6.2557
-5.9787,-5.4319
-5.9787,-6.5023
-5.9787,-5.6701
-5.9787,-5.898
-5.9787,-6.4705
-5.9787,-6.2476
-5.9787,-5.1825
7.5592,7.4129
7.5592,7.1793
3.6084,2.7591
3.6084,4.4981
4.4867,4.9262
4.4867,4.9986
4.4867,5.425
-6.1071,-5.5537
-6.1071,-5.6262
-6.1071,-5.2774
-6.1071,-6.9881
-6.1071,-6.2559
-6.1071,-5.9446
7.1391,7.863
7.1391,6.8256
7.1391,6.6528
7.1391,8.0163
7.1391,7.1793
6.2021,6.1029
6.2021,5.3673
6.2021,5.3377
6.2021,6.8337
6.2021,6.1507
6.2021,6.5926
-3.8477,-3.1063
-6.027,-5.6306
-6.027,-5.6701
-6.027,-5.5199
-6.027,-6.2476
-6.027,-6.6523
-0.14637,0.53054
-0.14637,-0.37439
-0.14637,0.61946
-0.14637,0.39445
-0.14637,0.17937
-0.14637,-0.73552
-0.14637,-0.65565
0.53054,-0.14637
0.53054,1.062
0.53054,0.39445
0.53054,1.025
0.53054,0.12742
1.8731,1.7714
3.7504,4.5361
3.7504,4.6841
-5.1849,-5.4319
-5.1849,-4.5536
-5.1849,-4.8985
-5.1849,-5.6682
-5.1849,-5.898
1.9278,2.4884
1.9278,2.8554
1.9278,1.7714
1.9278,2.0186
1.9278,1.0844
8.1878,8.717
-4.8687,-5.0034
-4.8687,-4.3129
-4.8687,-5.6262
-4.8687,-5.2774
-4.8687,-5.1002
-4.8687,-3.9496
-1.4633,-1.1097
-1.4633,-2.0304
-1.4633,-1.2789
-1.4633,-0.8094
-1.4633,-2.2423
5.6492,4.9262
5.6492,5.2561
5.6492,5.425
4.5361,3.7504
4.5361,5.3673
4.5361,4.6841
4.5361,5.3377
4.5361,4.4981
-2.2385,-1.7411
-2.2385,-3.2317
-2.2385,-2.8355
-1.7411,-2.2385
-1.7411,-1.1123
-1.7411,-2.0553
-1.7411,-2.2113
-1.7411,-1.0872
2.4884,1.9278
2.4884,2.8554
2.4884,1.7714
2.4884,3.4839
2.4884,2.958
-0.66359,-1.5255
-0.66359,-1.1454
-0.66359,-0.081328
-0.66359,-0.52749
-1.1097,-1.4633
-1.1097,-2.0304
-1.1097,-0.8094
-1.1097,-0.17815
-1.5255,-0.66359
-1.5255,-1.1454
6.1029,6.2021
6.1029,5.6484
6.1029,5.3377
6.1029,6.7121
6.1029,6.5926
4.4555,4.9866
4.4555,4.9986
7.863,7.1391
7.863,8.0163
5.5607,4.9866
5.5607,5.4381
5.5607,4.9986
5.5607,6.3908
5.5607,6.1604
2.7895,2.2361
-6.2557,-5.5252
-6.2557,-6.2904
-6.2557,-6.4294
-6.2557,-7.2641
-7.2264,-7.2533
-7.2264,-6.5023
-7.2264,-7.0483
-7.2264,-6.2476
-7.2264,-6.6523
6.4302,6.6528
6.4302,6.4119
6.4302,5.8622
6.4302,7.1793
-0.48488,0.13902
-0.48488,-0.86732
-0.48488,-0.99381
-0.48488,-0.22374
-0.48488,-1.1447
-6.5966,-5.6306
-6.5966,-6.979
-6.5966,-6.4294
-6.5966,-7.2575
-6.5966,-6.6523
-0.32232,-1.1123
-0.32232,-0.99381
-0.32232,-0.22374
-0.32232,-1.0872
1.7397,2.6849
1.7397,2.2361
1.7397,1.025
5.3673,6.2021
5.3673,4.5361
5.3673,5.3079
5.3673,5.3377
5.3673,6.1507
5.3673,4.4981
5.6484,6.1029
5.6484,4.6841
5.6484,5.3377
5.6484,6.4119
5.6484,5.4816
6.8256,7.1391
-6.979,-6.5966
-6.979,-6.4294
-6.979,-7.2575
-6.979,-7.2641
-5.0034,-5.5537
-5.0034,-4.8687
-5.0034,-4.3129
-5.0034,-5.6262
-5.0034,-4.3595
-5.0034,-5.2774
-5.0034,-5.9446
-4.3129,-4.8687
-4.3129,-5.0034
-4.3129,-3.3825
-4.3129,-5.1002
-4.3129,-3.9496
7.2636,6.3908
7.2636,6.8317
-4.5536,-5.1849
0.13902,-0.48488
0.13902,-0.38201
-5.0047,-5.5252
2.8554,1.9278
2.8554,2.4884
2.8554,3.4839
-3.2317,-2.2385
-3.2317,-2.8355
-0.86732,-1.7239
-0.86732,-0.48488
-0.86732,-1.3304
-0.86732,-1.1447
-0.86732,-0.38201
-6.5023,-5.9787
-6.5023,-7.2264
-6.5023,-5.6701
-6.5023,-7.0483
-6.5023,-5.898
-6.5023,-6.2476
1.062,0.53054
1.062,0.61946
1.062,0.39445
1.062,1.2897
1.062,1.5358
3.4446,2.6849
-1.1123,-1.7411
-1.1123,-0.32232
-1.1123,-0.96054
-1.1123,-1.0872
-4.8985,-5.4319
-4.8985,-5.1849
-4.8985,-4.4757
-4.8985,-5.898
-4.8985,-4.206
-4.8985,-5.1825
-5.6682,-5.1849
-5.6682,-5.898
-5.6682,-6.4705
-0.99381,-0.48488
-0.99381,-0.32232
-0.99381,-1.5556
-0.99381,-1.4235
-0.99381,-0.22374
-0.99381,-1.1447
-0.99381,-1.0872
4.3775,5.2561
4.3775,3.4427
4.3775,4.3347
4.9262,4.4867
4.9262,5.6492
4.9262,4.9986
4.9262,5.425
1.7714,1.8731
1.7714,1.9278
1.7714,2.4884
1.7714,1.1034
-3.3825,-2.7189
-3.3825,-4.3129
4.9986,5.4381
4.9986,4.4867
4.9986,4.4555
4.9986,5.5607
4.9986,4.9262
4.9986,5.425
-0.40385,0.37453
-0.40385,-0.52749
-2.0304,-1.4633
-2.0304,-1.1097
2.0186,1.9278
-5.6701,-5.4319
-5.6701,-5.9787
-5.6701,-6.027
-5.6701,-6.5023
-5.6701,-5.5199
-5.6701,-5.898
-5.6701,-6.2476
-5.6701,-5.1825
-1.5556,-1.7239
-1.5556,-0.99381
-1.5556,-2.0553
-1.5556,-1.4235
-1.5556,-1.1447
-1.5556,-1.0872
2.3387,2.7591
-1.2789,-1.4633
-1.2789,-0.37439
-1.2789,-1.9047
-1.2789,-0.73552
5.9509,5.3079
5.9509,6.1507
5.9509,5.1437
5.9989,5.4381
5.9989,6.3908
5.9989,5.425
5.9989,6.3712
-3.1063,-3.8477
-3.1063,-2.2423
-3.1063,-3.2244
-0.15506,-0.37439
-0.15506,0.61946
-0.15506,0.17937
-0.15506,-0.8094
-0.15506,0.60175
-0.15506,-0.17815
5.3079,5.3673
5.3079,5.9509
5.3079,6.1507
5.3079,5.1437
5.3079,4.5302
5.3079,4.4981
-6.3251,-6.8224
-6.3251,-5.6262
-6.3251,-5.9446
6.6528,7.1391
6.6528,6.4302
6.6528,5.8622
6.6528,7.1793
-5.6262,-6.1071
-5.6262,-4.8687
-5.6262,-5.0034
-5.6262,-6.3251
-5.6262,-5.2774
-5.6262,-5.1002
-5.6262,-5.9446
4.6841,3.7504
4.6841,4.5361
4.6841,5.6484
4.6841,5.3377
-4.3595,-5.0034
-4.3595,-5.2774
-4.3595,-5.1035
-4.3595,-3.9496
0.31695,0.37453
0.31695,1.1034
0.31695,-0.52749
5.2561,5.6492
5.2561,4.3775
-0.37439,-0.14637
-0.37439,-1.2789
-0.37439,-0.15506
-0.37439,0.61946
-0.37439,0.39445
-0.37439,0.17937
-0.37439,-0.8094
-0.37439,-0.73552
1.0844,0.37453
1.0844,1.9278
1.0844,0.56986
1.0844,1.1034
6.3808,5.6126
6.3808,7.1191
5.119,5.6126
6.3908,5.4381
6.3908,5.5607
6.3908,7.2636
6.3908,5.9989
6.3908,6.1604
6.3908,6.3712
6.3908,6.8317
6.1604,5.4381
6.1604,5.5607
6.1604,6.3908
6.1604,6.8317
5.3377,6.2021
5.3377,4.5361
5.3377,6.1029
5.3377,5.3673
5.3377,5.6484
5.3377,4.6841
6.8337,6.2021
6.8337,6.1507
6.8337,7.3066
-2.5897,-2.0553
-2.5897,-2.2113
-2.5897,-2.2781
-1.9047,-1.2789
-2.0553,-1.7411
-2.0553,-1.5556
-2.0553,-2.5897
-2.0553,-1.4235
-2.0553,-2.2113
-2.0553,-1.0872
6.1507,6.2021
6.1507,5.3673
6.1507,5.9509
6.1507,5.3079
6.1507,6.8337
-6.4294,-6.2557
-6.4294,-6.5966
-6.4294,-6.979
0.61946,-0.14637
0.61946,1.062
0.61946,-0.15506
0.61946,-0.37439
0.61946,0.39445
0.61946,0.17937
0.61946,0.60175
0.61946,1.2897
0.56986,0.37453
0.56986,1.0844
-1.1454,-0.66359
-1.1454,-1.5255
-1.1454,-1.3304
-1.1454,-1.7155
-1.1454,-0.38201
3.4427,4.3775
3.4427,2.958
2.6849,1.7397
2.6849,3.4446
2.6849,2.2361
-1.4235,-0.99381
-1.4235,-1.5556
-1.4235,-2.0553
-1.4235,-1.1447
-1.4235,-1.0872
5.1437,5.9509
5.1437,5.3079
5.1437,4.5302
-5.5199,-5.4319
-5.5199,-6.027
-5.5199,-5.6701
-5.5199,-4.8448
-5.5199,-6.2476
-5.5199,-5.1825
3.4839,2.4884
3.4839,2.8554
3.4839,2.958
-5.2774,-5.5537
-5.2774,-6.1071
-5.2774,-4.8687
-5.2774,-5.0034
-5.2774,-5.6262
-5.2774,-4.3595
-5.2774,-5.1035
-5.2774,-5.9446
7.4129,7.5592
7.4129,6.7121
0.39445,-0.14637
0.39445,0.53054
0.39445,1.062
0.39445,-0.37439
0.39445,0.61946
0.39445,0.17937
6.4119,6.4302
6.4119,5.6484
6.4119,6.7121
6.4119,5.4816
8.717,8.1878
-6.9881,-6.1071
-6.9881,-6.2559
6.7121,6.1029
6.7121,7.4129
6.7121,6.4119
6.7121,6.5926
-0.22374,-0.48488
-0.22374,-0.32232
-0.22374,-0.99381
-7.0483,-7.2264
-7.0483,-6.5023
-7.0483,-6.4705
4.5302,5.3079
4.5302,5.1437
4.5302,4.4981
7.3066,6.8337
7.3066,6.5926
2.958,2.4884
2.958,3.4427
2.958,3.4839
-1.3304,-1.7239
-1.3304,-0.86732
-1.3304,-1.1454
-1.3304,-1.7155
-1.3304,-1.1447
-1.3304,-0.38201
0.17937,-0.14637
0.17937,-0.15506
0.17937,-0.37439
0.17937,0.61946
0.17937,0.39445
0.17937,0.60175
0.17937,-0.17815
-0.8094,-1.4633
-0.8094,-1.1097
-0.8094,-0.15506
-0.8094,-0.37439
-0.8094,-0.17815
1.1034,1.7714
1.1034,0.31695
1.1034,1.0844
5.6126,6.3808
5.6126,5.119
2.2361,2.7895
2.2361,1.7397
2.2361,2.6849
2.2361,1.5358
-1.7155,-1.7239
-1.7155,-1.1454
-1.7155,-1.3304
-5.1002,-4.8687
-5.1002,-4.3129
-5.1002,-5.6262
-4.4757,-4.8985
-4.4757,-4.8448
-4.4757,-4.206
-4.4757,-5.1825
-5.898,-5.4319
-5.898,-5.9787
-5.898,-5.1849
-5.898,-6.5023
-5.898,-4.8985
-5.898,-5.6682
-5.898,-5.6701
-5.898,-6.4705
0.79871,-0.081328
-6.2559,-5.5537
-6.2559,-6.1071
-6.2559,-6.9881
0.60175,-0.15506
0.60175,0.61946
0.60175,0.17937
0.60175,1.2897
0.60175,-0.17815
7.1191,6.3808
-4.167,-3.2244
-2.2423,-1.4633
-2.2423,-3.1063
-6.4705,-5.9787
-6.4705,-5.6682
-6.4705,-7.0483
-6.4705,-5.898
1.025,0.53054
1.025,1.7397
1.025,1.5358
1.025,0.12742
2.7591,3.6084
2.7591,2.3387
-4.8448,-5.5199
-4.8448,-4.4757
-4.8448,-5.1825
-5.1035,-5.5537
-5.1035,-4.3595
-5.1035,-5.2774
4.3347,4.3775
-3.9496,-4.8687
-3.9496,-4.3129
-3.9496,-4.3595
1.2897,1.062
1.2897,0.61946
1.2897,0.60175
5.425,5.4381
5.425,4.4867
5.425,5.6492
5.425,4.9262
5.425,4.9986
5.425,5.9989
5.425,6.3712
-2.2113,-1.7411
-2.2113,-2.5897
-2.2113,-2.0553
-2.2113,-2.8355
-0.081328,-0.66359
-0.081328,0.79871
-0.081328,-0.38201
6.3712,5.9989
6.3712,6.3908
6.3712,5.425
4.4981,3.6084
4.4981,4.5361
4.4981,5.3673
4.4981,5.3079
4.4981,4.5302
-0.73552,-0.14637
-0.73552,-1.2789
-0.73552,-0.37439
-0.73552,-0.65565
-5.9446,-6.8224
-5.9446,-6.1071
-5.9446,-5.0034
-5.9446,-6.3251
-5.9446,-5.6262
-5.9446,-5.2774
-3.846,-4.5109
-4.206,-4.8985
-4.206,-4.4757
-0.96054,-1.1123
-7.2575,-7.2533
-7.2575,-6.5966
-7.2575,-6.979
-7.2575,-6.6523
-4.9183,-5.5252
-4.9183,-4.5109
6.8317,7.2636
6.8317,6.3908
6.8317,6.1604
-1.1447,-1.7239
-1.1447,-0.48488
-1.1447,-0.86732
-1.1447,-0.99381
-1.1447,-1.5556
-1.1447,-1.4235
-1.1447,-1.3304
-7.2641,-6.2557
-7.2641,-6.979
-0.17815,-1.1097
-0.17815,-0.15506
-0.17815,0.17937
-0.17815,-0.8094
-0.17815,0.60175
1.5358,1.062
1.5358,2.2361
1.5358,1.025
0.12742,0.53054
0.12742,1.025
0.12742,-0.65565
-6.2476,-5.9787
-6.2476,-6.027
-6.2476,-7.2264
-6.2476,-6.5023
-6.2476,-5.6701
-6.2476,-5.5199
-6.2476,-6.6523
-2.8355,-2.2385
-2.8355,-3.2317
-2.8355,-2.2113
-6.6523,-7.2533
-6.6523,-6.027
-6.6523,-7.2264
-6.6523,-6.5966
-6.6523,-7.2575
-6.6523,-6.2476
-0.65565,-0.14637
-0.65565,-0.73552
-0.65565,0.12742
8.0163,7.1391
8.0163,7.863
-0.52749,-0.66359
-0.52749,-0.40385
-0.52749,0.31695
-2.2781,-1.7239
-2.2781,-2.7189
-2.2781,-2.5897
5.4816,5.6484
5.4816,6.4119
-5.1825,-5.4319
-5.1825,-5.9787
-5.1825,-4.8985
-5.1825,-5.6701
-5.1825,-5.5199
-5.1825,-4.4757
-5.1825,-4.8448
-4.5109,-3.846
-4.5109,-4.9183
-3.2244,-3.1063
-3.2244,-4.167
-0.38201,0.13902
-0.38201,-0.86732
-0.38201,-1.1454
-0.38201,-1.3304
-0.38201,-0.081328
5.8622,6.4302
5.8622,6.6528
6.5926,6.2021
6.5926,6.1029
6.5926,6.7121
6.5926,7.3066
-1.0872,-1.7411
-1.0872,-0.32232
-1.0872,-1.1123
-1.0872,-0.99381
-1.0872,-1.5556
-1.0872,-2.0553
-1.0872,-1.4235
7.1793,7.5592
7.1793,7.1391
7.1793,6.4302
7.1793,6.6528
