3.8268,4.361
3.8268,3.163
3.8268,4.5629
3.8268,4.0975
3.8268,3.6388
3.8268,3.9392
3.8268,4.7085
3.8268,4.4406
-2.6845,-2.8007
-2.6845,-3.5394
-2.6845,-3.6412
-2.6845,-2.3706
-2.6845,-3.2491
-2.6845,-2.1793
-2.6845,-2.9854
-2.6845,-3.2592
-2.6845,-2.7608
-2.6845,-3.3507
-2.6845,-2.5815
-5.2306,-5.2842
-5.2306,-4.3123
-5.2306,-4.5047
-5.2306,-5.0423
-5.2306,-4.8744
-3.7638,-4.0537
-3.7638,-3.5394
-3.7638,-3.1779
-3.7638,-4.3057
-3.7638,-4.5047
-3.7638,-2.9854
-3.7638,-3.4023
-3.7638,-4.1335
-3.7638,-3.1392
-3.7638,-3.3507
-3.7638,-4.1078
1.1483,1.7771
1.1483,1.4289
1.1483,1.6536
1.1483,0.55832
4.3009,4.361
4.3009,5.0388
4.3009,4.7128
4.3009,4.8174
4.3009,4.1157
4.3009,4.4423
4.3009,4.9821
4.3009,3.7843
4.3009,4.0975
4.3009,3.6388
4.3009,4.849
4.3009,4.4406
4.6012,3.8549
4.6012,5.0388
4.6012,4.8174
4.6012,4.4423
-4.0537,-3.7638
-4.0537,-3.5394
-4.0537,-3.6412
-4.0537,-4.6675
-4.0537,-3.2491
-4.0537,-3.1779
-4.0537,-4.3057
-4.0537,-4.5047
-4.0537,-4.0359
-4.0537,-3.3507
-4.0537,-4.1078
6.7212,5.8282
6.7212,6.1828
4.361,3.8268
4.361,4.3009
4.361,4.7128
4.361,4.1157
4.361,4.8992
4.361,4.4423
4.361,4.9821
4.361,3.7843
4.361,4.0975
4.361,5.3259
4.361,3.6388
4.361,4.849
4.361,4.7085
4.361,4.4406
5.7903,5.1879
5.7903,6.203
5.7903,5.0012
5.7903,5.8282
5.7903,5.1453
5.7903,5.3079
5.7903,4.808
5.7903,6.1828
-5.2842,-5.2306
-5.2842,-4.3123
-5.2842,-5.8247
-5.2842,-4.8744
-2.8007,-2.6845
-2.8007,-3.651
-2.8007,-3.6412
-2.8007,-2.4184
-2.8007,-3.2491
-2.8007,-2.1793
-2.8007,-3.2592
-2.8007,-2.5815
2.5784,3.2329
-2.2187,-2.9082
-2.2187,-2.0236
-2.2187,-2.316
5.1879,5.7903
5.1879,4.2581
5.1879,4.2179
5.1879,4.6181
5.1879,5.0012
5.1879,5.1453
5.1879,5.3079
5.1879,4.808
5.1879,4.7145
3.8549,4.6012
3.8549,4.1157
3.8549,4.4423
3.8549,3.1403
3.8549,3.7843
4.2581,5.1879
4.2581,4.2179
4.2581,3.9301
4.2581,4.6181
4.2581,3.8817
4.2581,3.6201
4.2581,3.931
4.2581,4.808
4.2581,4.7145
5.394,6.0077
5.394,5.4487
5.394,4.7128
5.394,5.797
5.394,4.8992
5.394,5.0873
5.394,4.9821
5.394,5.6899
5.394,5.1878
5.394,5.4724
5.394,5.3259
5.394,4.849
5.394,6.272
5.394,4.7085
5.394,4.4406
-2.734,-2.2962
-2.734,-2.9435
-2.734,-2.666
-2.734,-3.1607
-2.734,-3.1984
-2.734,-1.8258
-2.734,-2.4372
-2.734,-3.5433
-2.734,-2.0289
-4.3123,-5.2306
-4.3123,-5.2842
-4.3123,-4.1923
-4.3123,-4.5047
-4.3123,-4.1335
-4.3123,-4.8744
-3.5394,-2.6845
-3.5394,-3.7638
-3.5394,-4.0537
-3.5394,-3.6412
-3.5394,-3.2491
-3.5394,-3.1779
-3.5394,-4.3057
-3.5394,-2.9854
-3.5394,-3.2592
-3.5394,-4.0359
-3.5394,-3.3507
-3.5394,-4.1078
-6.1041,-6.7683
-6.1041,-5.273
-6.1041,-5.3773
-6.1041,-5.7845
-6.1041,-5.5745
-6.1041,-6.4136
-6.1041,-6.1325
-6.1041,-5.6881
-6.1041,-6.4592
-6.1041,-5.7514
-6.1041,-6.5264
-6.1041,-6.964
-6.7683,-6.1041
-6.7683,-6.79
-6.7683,-6.8922
-6.7683,-6.4136
-6.7683,-6.1325
-6.7683,-6.4592
-6.7683,-7.4087
-6.7683,-6.5264
-6.7683,-6.964
2.4195,1.7771
2.4195,2.8515
2.4195,1.4289
2.4195,2.0975
2.4195,3.2173
2.4195,2.2869
2.4195,3.2356
2.4195,2.2762
-1.1913,-1.7301
-1.1913,-1.4983
-1.1913,-2.0289
-1.5906,-2.3706
-1.5906,-2.1793
0.32554,0.98452
0.32554,1.1514
-7.7795,-8.6969
5.0388,4.3009
5.0388,4.6012
5.0388,5.4487
5.0388,4.8174
5.0388,4.1157
5.0388,4.4423
5.0388,4.9821
5.0388,5.545
-6.0466,-5.5999
-6.0466,-5.2942
-6.0466,-6.5438
-6.0466,-5.7845
-6.0466,-5.6668
-6.0466,-6.79
-6.0466,-6.4592
-6.0466,-6.4702
4.2179,5.1879
4.2179,4.2581
4.2179,4.6478
4.2179,4.6181
4.2179,5.0012
4.2179,5.1453
4.2179,3.8817
4.2179,3.931
4.2179,4.808
4.0201,4.6478
4.0201,3.931
4.0201,3.2727
-2.9082,-2.2187
-2.9082,-3.3002
-2.9082,-2.9435
-2.9082,-3.4098
-2.9082,-2.6916
-2.9082,-2.0236
-2.9082,-2.316
6.0077,5.394
6.0077,6.1236
6.0077,5.4487
6.0077,5.797
6.0077,5.9969
6.0077,5.6899
6.0077,5.1878
6.0077,5.4724
6.0077,5.3259
6.0077,6.272
6.0077,6.6305
6.1236,6.0077
6.1236,5.797
6.1236,6.7263
6.1236,5.748
6.1236,5.4724
6.1236,6.272
6.1236,7.0395
6.1236,5.3298
6.1236,6.6305
6.1236,6.4635
1.5724,0.98452
1.5724,1.4289
1.5724,2.0975
1.5724,1.1514
1.5724,2.2762
5.4487,5.394
5.4487,5.0388
5.4487,6.0077
5.4487,4.7128
5.4487,4.8174
5.4487,5.9969
5.4487,4.9821
5.4487,5.545
5.4487,5.6899
5.4487,5.3259
5.4487,4.849
1.7771,1.1483
1.7771,2.4195
1.7771,1.4289
1.7771,1.6536
1.7771,1.1514
1.7771,2.2869
-7.2107,-6.5438
-7.2107,-6.79
-7.2107,-6.4702
-7.2107,-7.5364
4.7128,4.3009
4.7128,4.361
4.7128,5.394
4.7128,5.4487
4.7128,4.8174
4.7128,4.1157
4.7128,4.8992
4.7128,4.4423
4.7128,4.9821
4.7128,5.1878
4.7128,4.0975
4.7128,5.3259
4.7128,4.849
4.7128,4.4406
-2.2962,-2.734
-2.2962,-2.666
-2.2962,-3.1984
-2.2962,-1.8258
-2.2962,-2.4372
-2.2962,-1.7657
-2.2962,-2.0289
-9.5306,-9.9215
4.6478,4.2179
4.6478,4.0201
4.6478,5.0012
4.6478,5.1453
4.6478,3.931
4.6478,4.808
4.7387,3.9301
4.7387,4.7145
5.5471,5.0012
5.5471,5.8282
-5.1944,-5.273
-5.1944,-5.5745
-5.1944,-5.8983
-5.1944,-4.7256
-5.8247,-5.2842
-5.8247,-5.2753
-3.651,-2.8007
-3.651,-3.6412
-3.651,-3.2592
-3.651,-4.4359
-1.7301,-1.1913
-1.7301,-2.1639
-1.7301,-2.4372
-1.7301,-1.4983
-1.7301,-2.0236
-1.7301,-2.0289
5.797,5.394
5.797,6.0077
5.797,6.1236
5.797,4.8992
5.797,5.0873
5.797,5.748
5.797,5.6899
5.797,5.1878
5.797,5.4724
5.797,6.272
5.797,5.3298
-3.6412,-2.6845
-3.6412,-4.0537
-3.6412,-2.8007
-3.6412,-3.5394
-3.6412,-3.651
-3.6412,-3.2491
-3.6412,-4.3057
-3.6412,-3.2592
-3.6412,-4.4359
-3.6412,-4.0359
-3.6412,-3.3507
7.4743,6.8003
-7.624,-6.9997
-7.624,-6.8922
-7.624,-7.4087
-3.3002,-2.9082
-3.3002,-2.9435
-3.3002,-3.9684
-3.3002,-3.4098
-3.3002,-2.6916
-3.3002,-3.5433
-2.9435,-2.734
-2.9435,-2.9082
-2.9435,-3.3002
-2.9435,-2.6916
-2.9435,-3.1984
-2.9435,-2.1639
-2.9435,-2.4372
-2.9435,-3.5433
3.9301,4.2581
3.9301,4.7387
3.9301,3.6201
3.9301,3.5571
3.9301,4.7145
-4.6675,-4.0537
-4.6675,-4.3057
-4.6675,-4.4359
-4.6675,-4.0359
-4.6675,-5.0423
-4.6675,-4.1078
4.8174,4.3009
4.8174,4.6012
4.8174,5.0388
4.8174,5.4487
4.8174,4.7128
4.8174,4.1157
4.8174,4.4423
4.8174,4.9821
4.8174,5.545
4.8174,5.3259
4.1157,4.3009
4.1157,4.361
4.1157,3.8549
4.1157,5.0388
4.1157,4.7128
4.1157,4.8174
4.1157,4.4423
4.1157,4.9821
4.1157,3.7843
4.1157,3.6388
6.203,5.7903
6.203,5.3079
6.203,6.8252
6.203,5.746
6.203,6.1828
-2.3706,-2.6845
-2.3706,-1.5906
-2.3706,-3.2491
-2.3706,-2.1793
-2.3706,-2.9854
-2.3706,-2.3738
-2.3706,-2.7608
-2.3706,-3.3507
-2.3706,-2.5815
5.5103,4.7893
5.5103,5.748
5.5103,5.9689
5.5103,5.3298
-4.1923,-4.3123
-4.1923,-4.8744
1.7866,2.0975
5.9969,6.0077
5.9969,5.4487
5.9969,5.545
5.9969,5.6899
5.9969,5.3259
-5.5999,-6.0466
-5.5999,-5.3773
-5.5999,-5.2942
-5.5999,-5.7845
-5.5999,-6.4592
-5.5999,-6.4702
-5.5999,-5.7514
-5.5999,-4.8446
4.7893,5.5103
4.7893,5.0873
4.7893,4.5629
4.7893,4.7085
4.7893,5.3298
-2.4184,-2.8007
-2.4184,-1.7824
-2.4184,-3.2592
-2.4184,-2.5815
-5.273,-6.1041
-5.273,-5.1944
-5.273,-5.3773
-5.273,-4.7199
-5.273,-5.5745
-5.273,-6.1325
-5.273,-4.7256
-5.273,-5.6881
-5.273,-5.7514
-6.9997,-7.624
-6.9997,-6.8922
-6.9997,-6.5264
6.7263,6.1236
6.7263,5.748
6.7263,6.272
6.7263,7.0395
6.7263,6.4635
-6.3225,-6.5438
-6.3225,-5.6668
-3.2491,-2.6845
-3.2491,-4.0537
-3.2491,-2.8007
-3.2491,-3.5394
-3.2491,-3.6412
-3.2491,-2.3706
-3.2491,-3.1779
-3.2491,-2.9854
-3.2491,-3.2592
-3.2491,-2.7608
-3.2491,-4.0359
-3.2491,-3.3507
-3.2491,-2.5815
-8.6969,-7.7795
-8.6969,-8.7352
-8.6969,-9.5625
-8.6969,-8.4351
-3.1779,-3.7638
-3.1779,-4.0537
-3.1779,-3.5394
-3.1779,-3.2491
-3.1779,-2.9854
-3.1779,-3.4023
-3.1779,-2.3738
-3.1779,-2.7608
-3.1779,-3.1392
-3.1779,-3.3507
-3.1779,-4.1078
4.8992,4.361
4.8992,5.394
4.8992,4.7128
4.8992,5.797
4.8992,5.0873
4.8992,4.5629
4.8992,5.6899
4.8992,5.1878
4.8992,5.4724
4.8992,4.0975
4.8992,4.849
4.8992,3.9392
4.8992,4.7085
4.8992,4.4406
4.6181,5.1879
4.6181,4.2581
4.6181,4.2179
4.6181,5.1453
4.6181,3.8817
4.6181,5.3079
4.6181,4.808
4.6181,4.7145
5.0012,5.7903
5.0012,5.1879
5.0012,4.2179
5.0012,4.6478
5.0012,5.5471
5.0012,5.8282
5.0012,5.1453
5.0012,4.808
2.8515,2.4195
2.8515,2.6091
2.8515,2.2869
2.8515,3.2356
4.4423,4.3009
4.4423,4.6012
4.4423,4.361
4.4423,3.8549
4.4423,5.0388
4.4423,4.7128
4.4423,4.8174
4.4423,4.1157
4.4423,4.9821
4.4423,3.7843
5.8282,6.7212
5.8282,5.7903
5.8282,5.5471
5.8282,5.0012
5.8282,5.1453
5.8282,6.1828
0.98452,0.32554
0.98452,1.5724
-5.3773,-6.1041
-5.3773,-5.5999
-5.3773,-5.273
-5.3773,-4.7199
-5.3773,-5.7845
-5.3773,-5.6881
-5.3773,-4.4989
-5.3773,-5.7514
-5.3773,-4.8446
1.4289,1.1483
1.4289,2.4195
1.4289,1.5724
1.4289,1.7771
1.4289,1.1514
1.4289,2.2869
1.4289,2.2762
-2.1793,-2.6845
-2.1793,-2.8007
-2.1793,-1.5906
-2.1793,-2.3706
-2.1793,-1.7824
-2.1793,-2.9854
-2.1793,-2.5815
5.0873,5.394
5.0873,5.797
5.0873,4.7893
5.0873,4.8992
5.0873,4.5629
5.0873,5.748
5.0873,5.1878
5.0873,5.4724
5.0873,4.849
5.0873,4.7085
5.0873,5.3298
5.0873,4.4406
-4.7199,-5.273
-4.7199,-5.3773
-4.7199,-4.7256
-4.7199,-4.4989
-5.2942,-6.0466
-5.2942,-5.5999
-5.2942,-5.6668
-5.2942,-4.3697
-5.2942,-4.8446
5.1453,5.7903
5.1453,5.1879
5.1453,4.2179
5.1453,4.6478
5.1453,4.6181
5.1453,5.0012
5.1453,5.8282
5.1453,5.3079
5.1453,4.808
-6.5438,-6.0466
-6.5438,-7.2107
-6.5438,-6.3225
-6.5438,-5.6668
-6.5438,-6.79
-6.5438,-6.4702
-5.7845,-6.1041
-5.7845,-6.0466
-5.7845,-5.5999
-5.7845,-5.3773
-5.7845,-6.4136
-5.7845,-5.6881
-5.7845,-6.4592
-5.7845,-6.4702
-5.7845,-5.7514
-3.9684,-3.3002
-3.9684,-3.5433
3.163,3.8268
3.163,3.7843
3.163,4.0975
3.163,3.6388
3.8817,4.2581
3.8817,4.2179
3.8817,4.6181
3.8817,3.6201
3.8817,3.931
3.8817,3.2727
3.8817,3.2329
3.1403,3.8549
3.1403,3.7843
-3.4098,-2.9082
-3.4098,-3.3002
4.9821,4.3009
4.9821,4.361
4.9821,5.394
4.9821,5.0388
4.9821,5.4487
4.9821,4.7128
4.9821,4.8174
4.9821,4.1157
4.9821,4.4423
4.9821,5.6899
4.9821,5.1878
4.9821,5.3259
4.9821,4.849
4.9821,4.4406
1.6536,1.1483
1.6536,1.7771
1.6536,2.6091
3.6201,4.2581
3.6201,3.9301
3.6201,3.8817
3.6201,3.5571
3.6201,3.2329
-5.5745,-6.1041
-5.5745,-5.1944
-5.5745,-5.273
-5.5745,-5.8983
-5.5745,-6.1325
-5.5745,-4.7256
-5.5745,-5.6881
-5.5745,-6.5264
2.0975,2.4195
2.0975,1.5724
2.0975,1.7866
2.0975,2.9625
2.0975,2.2762
-9.3963,-9.5625
-9.3963,-8.4351
-5.8983,-5.1944
-5.8983,-5.5745
-5.8983,-6.1325
-5.8983,-6.5264
5.3079,5.7903
5.3079,5.1879
5.3079,6.203
5.3079,4.6181
5.3079,5.1453
5.3079,4.808
5.3079,5.746
5.3079,4.7145
6.8252,6.203
6.8252,6.1828
-2.6916,-2.9082
-2.6916,-3.3002
-2.6916,-2.9435
-2.6916,-2.1639
-2.6916,-2.4372
-2.6916,-2.0236
-2.6916,-2.316
-2.666,-2.734
-2.666,-2.2962
-2.666,-3.1607
-2.666,-1.8258
-2.666,-1.7657
4.5629,3.8268
4.5629,4.7893
4.5629,4.8992
4.5629,5.0873
4.5629,5.1878
4.5629,3.9392
4.5629,4.7085
4.5629,5.3298
4.5629,4.4406
-5.6668,-6.0466
-5.6668,-6.3225
-5.6668,-5.2942
-5.6668,-6.5438
-5.6668,-5.2753
5.748,6.1236
5.748,5.797
5.748,5.5103
5.748,6.7263
5.748,5.0873
5.748,5.9689
5.748,5.4724
5.748,6.272
5.748,5.3298
5.748,6.4635
-3.1607,-2.734
-3.1607,-2.666
-3.1607,-3.1984
-4.3057,-3.7638
-4.3057,-4.0537
-4.3057,-3.5394
-4.3057,-3.6412
-4.3057,-4.6675
-4.3057,-4.5047
-4.3057,-4.0359
-4.3057,-5.0423
-4.3057,-3.3507
-4.3057,-4.1078
-6.79,-6.7683
-6.79,-6.0466
-6.79,-7.2107
-6.79,-6.5438
-6.79,-6.4136
-6.79,-6.4592
-6.79,-6.4702
-6.79,-7.5364
-6.79,-6.964
1.1514,0.32554
1.1514,1.5724
1.1514,1.7771
1.1514,1.4289
1.1514,0.55832
2.6091,2.8515
2.6091,1.6536
3.2173,2.4195
3.2173,3.2356
3.2173,2.9625
3.2173,4.0622
3.2173,2.2762
-6.8922,-6.7683
-6.8922,-7.624
-6.8922,-6.9997
-6.8922,-6.1325
-6.8922,-7.4087
-6.8922,-6.5264
5.9689,5.5103
5.9689,5.748
5.9689,6.8003
5.9689,5.3298
5.9689,6.4635
-3.1984,-2.734
-3.1984,-2.2962
-3.1984,-2.9435
-3.1984,-3.1607
-3.1984,-2.4372
-3.1984,-3.5433
-4.5047,-5.2306
-4.5047,-3.7638
-4.5047,-4.0537
-4.5047,-4.3123
-4.5047,-4.3057
-4.5047,-4.1335
-4.5047,-5.0423
-4.5047,-4.1078
2.2869,2.4195
2.2869,1.7771
2.2869,2.8515
2.2869,1.4289
2.2869,2.2762
3.7843,4.3009
3.7843,4.361
3.7843,3.8549
3.7843,4.1157
3.7843,4.4423
3.7843,3.163
3.7843,3.1403
3.7843,4.0975
3.7843,3.6388
-1.8258,-2.734
-1.8258,-2.2962
-1.8258,-2.666
-1.8258,-1.7657
-1.8258,-2.0289
-6.4136,-6.1041
-6.4136,-6.7683
-6.4136,-5.7845
-6.4136,-6.79
-6.4136,-6.1325
-6.4136,-5.6881
-6.4136,-6.4592
-6.4136,-6.4702
-6.4136,-5.7514
-6.4136,-6.964
-2.1639,-1.7301
-2.1639,-2.9435
-2.1639,-2.6916
-2.1639,-2.4372
-2.1639,-1.4983
-2.1639,-2.0236
-2.1639,-2.316
-2.1639,-2.0289
-8.7352,-8.6969
5.545,5.0388
5.545,5.4487
5.545,4.8174
5.545,5.9969
5.6899,5.394
5.6899,6.0077
5.6899,5.4487
5.6899,5.797
5.6899,5.9969
5.6899,4.8992
5.6899,4.9821
5.6899,5.1878
5.6899,5.4724
5.6899,5.3259
5.6899,4.849
5.6899,6.272
5.6899,6.6305
-2.4372,-2.734
-2.4372,-2.2962
-2.4372,-1.7301
-2.4372,-2.9435
-2.4372,-2.6916
-2.4372,-3.1984
-2.4372,-2.1639
-2.4372,-2.0236
-2.4372,-2.0289
6.8003,7.4743
6.8003,5.9689
6.8003,6.4635
-1.7824,-2.4184
-1.7824,-2.1793
-1.7824,-2.5815
-3.5433,-2.734
-3.5433,-3.3002
-3.5433,-2.9435
-3.5433,-3.9684
-3.5433,-3.1984
-6.1325,-6.1041
-6.1325,-6.7683
-6.1325,-5.273
-6.1325,-5.5745
-6.1325,-5.8983
-6.1325,-6.8922
-6.1325,-6.4136
-6.1325,-5.6881
-6.1325,-6.5264
-9.9215,-9.5306
-1.7657,-2.2962
-1.7657,-2.666
-1.7657,-1.8258
3.5571,3.9301
3.5571,3.6201
3.5571,3.2329
5.1878,5.394
5.1878,6.0077
5.1878,4.7128
5.1878,5.797
5.1878,4.8992
5.1878,5.0873
5.1878,4.9821
5.1878,4.5629
5.1878,5.6899
5.1878,5.4724
5.1878,5.3259
5.1878,4.849
5.1878,4.7085
5.1878,4.4406
-4.3697,-5.2942
-4.3697,-4.8446
-4.7256,-5.1944
-4.7256,-5.273
-4.7256,-4.7199
-4.7256,-5.5745
-4.7256,-5.6881
3.2356,2.4195
3.2356,2.8515
3.2356,3.2173
3.2356,2.9625
-8.7855,-8.4351
-5.6881,-6.1041
-5.6881,-5.273
-5.6881,-5.3773
-5.6881,-5.7845
-5.6881,-5.5745
-5.6881,-6.4136
-5.6881,-6.1325
-5.6881,-4.7256
-5.6881,-5.7514
5.4724,5.394
5.4724,6.0077
5.4724,6.1236
5.4724,5.797
5.4724,4.8992
5.4724,5.0873
5.4724,5.748
5.4724,5.6899
5.4724,5.1878
5.4724,5.3259
5.4724,4.849
5.4724,6.272
5.4724,4.7085
5.4724,5.3298
4.0975,3.8268
4.0975,4.3009
4.0975,4.361
4.0975,4.7128
4.0975,4.8992
4.0975,3.163
4.0975,3.7843
4.0975,3.6388
4.0975,4.849
4.0975,3.9392
4.0975,4.7085
4.0975,4.4406
-2.9854,-2.6845
-2.9854,-3.7638
-2.9854,-3.5394
-2.9854,-2.3706
-2.9854,-3.2491
-2.9854,-3.1779
-2.9854,-2.1793
-2.9854,-2.3738
-2.9854,-2.7608
-2.9854,-3.3507
-2.9854,-2.5815
-3.2592,-2.6845
-3.2592,-2.8007
-3.2592,-3.5394
-3.2592,-3.651
-3.2592,-3.6412
-3.2592,-2.4184
-3.2592,-3.2491
-3.2592,-4.0359
-3.2592,-2.5815
2.9625,2.0975
2.9625,3.2173
2.9625,3.2356
2.9625,2.2762
5.3259,4.361
5.3259,5.394
5.3259,6.0077
5.3259,5.4487
5.3259,4.7128
5.3259,4.8174
5.3259,5.9969
5.3259,4.9821
5.3259,5.6899
5.3259,5.1878
5.3259,5.4724
5.3259,4.849
-4.4989,-5.3773
-4.4989,-4.7199
-4.4989,-4.8446
-9.5625,-8.6969
-9.5625,-9.3963
-3.4023,-3.7638
-3.4023,-3.1779
-3.4023,-4.1335
-3.4023,-2.7608
-3.4023,-3.1392
-3.4023,-3.3507
-3.4023,-4.1078
-4.1335,-3.7638
-4.1335,-4.3123
-4.1335,-4.5047
-4.1335,-3.4023
-4.1335,-3.1392
-4.1335,-4.1078
-2.3738,-2.3706
-2.3738,-3.1779
-2.3738,-2.9854
-2.3738,-2.7608
-2.3738,-3.1392
-6.4592,-6.1041
-6.4592,-6.7683
-6.4592,-6.0466
-6.4592,-5.5999
-6.4592,-5.7845
-6.4592,-6.79
-6.4592,-6.4136
-6.4592,-6.4702
-6.4592,-5.7514
-6.4592,-6.964
-1.4983,-1.1913
-1.4983,-1.7301
-1.4983,-2.1639
-1.4983,-2.0236
-1.4983,-2.316
-4.4359,-3.651
-4.4359,-3.6412
-4.4359,-4.6675
-4.4359,-4.0359
3.6388,3.8268
3.6388,4.3009
3.6388,4.361
3.6388,4.1157
3.6388,3.163
3.6388,3.7843
3.6388,4.0975
3.6388,4.4406
3.931,4.2581
3.931,4.2179
3.931,4.0201
3.931,4.6478
3.931,3.8817
3.931,4.808
3.931,3.2727
4.849,4.3009
4.849,4.361
4.849,5.394
4.849,5.4487
4.849,4.7128
4.849,4.8992
4.849,5.0873
4.849,4.9821
4.849,5.6899
4.849,5.1878
4.849,5.4724
4.849,4.0975
4.849,5.3259
4.849,4.7085
4.849,4.4406
-7.4087,-6.7683
-7.4087,-7.624
-7.4087,-6.8922
-7.4087,-6.964
4.808,5.7903
4.808,5.1879
4.808,4.2581
4.808,4.2179
4.808,4.6478
4.808,4.6181
4.808,5.0012
4.808,5.1453
4.808,5.3079
4.808,3.931
6.272,5.394
6.272,6.0077
6.272,6.1236
6.272,5.797
6.272,6.7263
6.272,5.748
6.272,5.6899
6.272,5.4724
6.272,7.0395
6.272,6.6305
4.0622,3.2173
5.746,6.203
5.746,5.3079
-2.0236,-2.2187
-2.0236,-2.9082
-2.0236,-1.7301
-2.0236,-2.6916
-2.0236,-2.1639
-2.0236,-2.4372
-2.0236,-1.4983
-2.0236,-2.316
-6.4702,-6.0466
-6.4702,-7.2107
-6.4702,-5.5999
-6.4702,-6.5438
-6.4702,-5.7845
-6.4702,-6.79
-6.4702,-6.4136
-6.4702,-6.4592
-6.4702,-6.964
3.9392,3.8268
3.9392,4.8992
3.9392,4.5629
3.9392,4.0975
3.9392,4.7085
3.9392,4.4406
-5.2753,-5.8247
-5.2753,-5.6668
-2.7608,-2.6845
-2.7608,-2.3706
-2.7608,-3.2491
-2.7608,-3.1779
-2.7608,-2.9854
-2.7608,-3.4023
-2.7608,-2.3738
-2.7608,-3.1392
-2.7608,-3.3507
7.0395,6.1236
7.0395,6.7263
7.0395,6.272
7.0395,6.6305
7.0395,6.4635
-4.0359,-4.0537
-4.0359,-3.5394
-4.0359,-3.6412
-4.0359,-4.6675
-4.0359,-3.2491
-4.0359,-4.3057
-4.0359,-3.2592
-4.0359,-4.4359
-3.1392,-3.7638
-3.1392,-3.1779
-3.1392,-3.4023
-3.1392,-4.1335
-3.1392,-2.3738
-3.1392,-2.7608
4.7085,3.8268
4.7085,4.361
4.7085,5.394
4.7085,4.7893
4.7085,4.8992
4.7085,5.0873
4.7085,4.5629
4.7085,5.1878
4.7085,5.4724
4.7085,4.0975
4.7085,4.849
4.7085,3.9392
4.7085,5.3298
4.7085,4.4406
6.1828,6.7212
6.1828,5.7903
6.1828,6.203
6.1828,5.8282
6.1828,6.8252
-8.4351,-8.6969
-8.4351,-9.3963
-8.4351,-8.7855
5.3298,6.1236
5.3298,5.797
5.3298,5.5103
5.3298,4.7893
5.3298,5.0873
5.3298,4.5629
5.3298,5.748
5.3298,5.9689
5.3298,5.4724
5.3298,4.7085
-5.0423,-5.2306
-5.0423,-4.6675
-5.0423,-4.3057
-5.0423,-4.5047
-5.0423,-4.1078
-5.7514,-6.1041
-5.7514,-5.5999
-5.7514,-5.273
-5.7514,-5.3773
-5.7514,-5.7845
-5.7514,-6.4136
-5.7514,-5.6881
-5.7514,-6.4592
-6.5264,-6.1041
-6.5264,-6.7683
-6.5264,-6.9997
-6.5264,-5.5745
-6.5264,-5.8983
-6.5264,-6.8922
-6.5264,-6.1325
-7.5364,-7.2107
-7.5364,-6.79
-7.5364,-6.964
-3.3507,-2.6845
-3.3507,-3.7638
-3.3507,-4.0537
-3.3507,-3.5394
-3.3507,-3.6412
-3.3507,-2.3706
-3.3507,-3.2491
-3.3507,-3.1779
-3.3507,-4.3057
-3.3507,-2.9854
-3.3507,-3.4023
-3.3507,-2.7608
-3.3507,-4.1078
6.6305,6.0077
6.6305,6.1236
6.6305,5.6899
6.6305,6.272
6.6305,7.0395
-2.5815,-2.6845
-2.5815,-2.8007
-2.5815,-2.3706
-2.5815,-2.4184
-2.5815,-3.2491
-2.5815,-2.1793
-2.5815,-1.7824
-2.5815,-2.9854
-2.5815,-3.2592
-6.964,-6.1041
-6.964,-6.7683
-6.964,-6.79
-6.964,-6.4136
-6.964,-6.4592
-6.964,-7.4087
-6.964,-6.4702
-6.964,-7.5364
2.8832,3.2727
2.8832,3.2329
0.55832,1.1483
0.55832,1.1514
4.4406,3.8268
4.4406,4.3009
4.4406,4.361
4.4406,5.394
4.4406,4.7128
4.4406,4.8992
4.4406,5.0873
4.4406,4.9821
4.4406,4.5629
4.4406,5.1878
4.4406,4.0975
4.4406,3.6388
4.4406,4.849
4.4406,3.9392
4.4406,4.7085
-2.316,-2.2187
-2.316,-2.9082
-2.316,-2.6916
-2.316,-2.1639
-2.316,-1.4983
-2.316,-2.0236
4.7145,5.1879
4.7145,4.2581
4.7145,4.7387
4.7145,3.9301
4.7145,4.6181
4.7145,5.3079
-4.1078,-3.7638
-4.1078,-4.0537
-4.1078,-3.5394
-4.1078,-4.6675
-4.1078,-3.1779
-4.1078,-4.3057
-4.1078,-4.5047
-4.1078,-3.4023
-4.1078,-4.1335
-4.1078,-5.0423
-4.1078,-3.3507
-4.8744,-5.2306
-4.8744,-5.2842
-4.8744,-4.3123
-4.8744,-4.1923
-4.8446,-5.5999
-4.8446,-5.3773
-4.8446,-5.2942
-4.8446,-4.3697
-4.8446,-4.4989
2.2762,2.4195
2.2762,1.5724
2.2762,1.4289
2.2762,2.0975
2.2762,3.2173
2.2762,2.2869
2.2762,2.9625
3.2727,4.0201
3.2727,3.8817
3.2727,3.931
3.2727,2.8832
3.2727,3.2329
-2.0289,-2.734
-2.0289,-1.1913
-2.0289,-2.2962
-2.0289,-1.7301
-2.0289,-1.8258
-2.0289,-2.1639
-2.0289,-2.4372
6.4635,6.1236
6.4635,6.7263
6.4635,5.748
6.4635,5.9689
6.4635,6.8003
6.4635,7.0395
3.2329,2.5784
3.2329,3.8817
3.2329,3.6201
3.2329,3.5571
3.2329,2.8832
3.2329,3.2727
