-3.3983,-3.6962
-3.3983,-3.286
-3.3983,-3.8136
-3.3983,-4.3312
-3.3983,-4.2402
-3.3983,-2.6426
-3.3983,-2.7935
-3.3983,-3.9719
-3.3983,-2.5469
-3.3983,-3.1966
-3.3983,-3.4356
-3.3983,-3.0619
-6.6152,-5.7242
-6.6152,-6.1845
-6.6152,-7.1637
-6.6152,-6.0775
-6.6152,-7.0134
-6.6152,-5.7738
-6.6152,-6.7433
-6.6152,-6.2064
-3.8632,-3.514
-3.8632,-2.937
-3.8632,-4.165
-3.8632,-4.5578
-3.8632,-3.286
-3.8632,-4.2
-4.9323,-5.1997
-4.9323,-4.165
-4.9323,-5.8071
-4.9323,-4.5578
-4.9323,-5.4955
-4.9323,-4.9117
-4.9323,-4.0186
-4.9323,-5.3434
-4.9323,-4.8195
0.44977,0.028213
0.44977,0.85867
0.44977,1.251
-4.7108,-5.4301
-4.7108,-5.4764
-4.7108,-4.4625
-4.7108,-3.8136
-4.7108,-4.3312
-4.7108,-4.2402
-4.7108,-3.9719
-4.7108,-4.5684
-4.7108,-4.9358
-5.4301,-4.7108
-5.4301,-5.4764
-5.4301,-4.4625
-5.4301,-4.9358
-5.1997,-4.9323
-5.1997,-5.8387
-5.1997,-5.8071
-5.1997,-4.5578
-5.1997,-5.4955
-5.1997,-4.9117
-5.1997,-5.3434
-5.1997,-4.8195
5.1221,5.4508
5.1221,4.864
5.1221,5.9624
-3.6962,-3.3983
-3.6962,-3.286
-3.6962,-4.4625
-3.6962,-3.8136
-3.6962,-4.3312
-3.6962,-4.2402
-3.6962,-2.8861
-3.6962,-2.7935
-3.6962,-3.9719
-3.6962,-3.3277
-3.6962,-3.9455
-3.6962,-3.4356
-3.6962,-3.0619
5.4508,5.1221
5.4508,4.864
5.4508,5.5428
5.4508,6.1087
5.4508,5.9624
5.4508,6.1249
-3.514,-3.8632
-3.514,-2.937
-3.514,-4.165
-3.514,-3.0919
-3.514,-4.0186
-3.514,-3.0035
-5.7242,-6.6152
-5.7242,-5.8474
-5.7242,-6.0775
-5.7242,-5.7738
-5.7242,-4.7612
-5.7242,-5.5038
-5.7242,-5.1387
-5.7242,-5.0076
-5.7242,-5.3434
-5.7242,-6.2064
7.2384,7.6474
7.2384,6.5426
7.2384,6.9072
3.7028,4.6187
6.7262,6.8903
6.7262,5.9246
6.7262,6.7429
6.7262,6.1087
6.7262,6.4614
6.7262,7.1039
6.7262,6.1249
-5.4764,-4.7108
-5.4764,-5.4301
-5.4764,-5.2144
-5.4764,-4.5684
6.8903,6.7262
6.8903,6.1521
6.8903,6.4614
6.8903,6.4183
6.8903,6.6018
6.8903,7.1039
6.8903,7.4293
-3.286,-3.3983
-3.286,-3.6962
-3.286,-3.8136
-3.286,-2.8861
-3.286,-2.7935
-3.286,-3.9719
-3.286,-2.9993
-3.286,-3.3277
-3.286,-3.0219
-3.286,-3.9455
-3.286,-3.0619
6.1573,6.1785
6.1573,5.5402
6.1573,5.2866
6.1573,6.9116
6.1573,6.1982
6.1573,6.3728
6.1573,5.9808
6.1573,6.2019
-2.937,-3.8632
-2.937,-3.514
-2.937,-2.311
-2.937,-2.2762
-2.937,-3.286
-2.937,-3.0035
-6.1845,-6.6152
-6.1845,-5.8387
-6.1845,-6.0775
-6.1845,-5.7738
-6.1845,-6.7433
-6.1845,-5.4955
-6.1845,-6.5596
-6.1845,-5.3434
0.92848,1.7411
0.92848,0.78901
0.92848,1.501
0.92848,1.2432
0.92848,0.031402
0.026101,0.65342
0.026101,-0.066233
0.026101,0.54297
0.026101,0.303
0.026101,-0.27913
0.026101,-0.58772
0.026101,0.74002
0.49339,-0.0070733
0.49339,0.99995
6.0116,6.9435
6.0116,5.3917
6.0116,5.5277
6.0116,6.2019
-5.8474,-5.7242
-5.8474,-6.4564
-5.8474,-5.5038
-5.8474,-5.1387
-5.8474,-6.2064
2.1266,1.9127
2.1266,3.006
2.1266,1.7795
2.1266,2.2072
2.1266,1.251
6.9497,7.2445
-4.4625,-4.7108
-4.4625,-5.4301
-4.4625,-3.6962
-4.4625,-3.8136
-4.4625,-4.3312
-4.4625,-4.2402
-4.4625,-3.9719
-4.4625,-4.5684
-4.4625,-3.9455
-4.4625,-4.9358
-1.2008,-1.7089
-1.2008,-0.27913
-1.2008,-1.0717
-1.2008,-1.1269
-1.2008,-0.58772
5.7717,5.277
5.7717,5.9246
5.7717,6.1521
5.7717,5.5798
5.7717,5.7337
5.7717,6.4183
5.7717,6.6018
5.7717,5.0772
5.277,5.7717
5.277,6.1521
5.277,5.5798
5.277,5.7337
5.277,5.0772
5.277,5.0973
4.3301,5.1477
4.3301,4.5314
4.3301,5.2866
4.3301,4.5261
-3.9252,-3.4573
-3.9252,-4.1755
-2.3271,-2.1648
-2.3271,-1.9133
-2.3271,-2.8861
-2.3271,-2.7935
-2.3271,-2.9993
-2.3271,-3.3277
-2.3271,-3.0219
-2.3271,-2.4887
-2.3271,-1.7656
-2.3271,-3.0619
-2.3271,-2.0719
-2.3271,-2.7333
1.9127,2.1266
1.9127,1.6903
1.9127,1.7795
1.9127,1.0714
1.9127,1.2258
1.9127,2.2072
1.9127,1.251
-3.4573,-3.9252
-3.4573,-4.1755
-3.4573,-2.9993
-3.4573,-3.3277
-3.4573,-3.0219
-3.4573,-3.9455
-3.4573,-2.4887
-3.4573,-2.7333
0.028213,0.44977
0.028213,0.85867
0.028213,-0.0070733
0.028213,0.57938
-0.2932,-1.1804
-0.2932,-0.066233
-0.2932,0.54297
-0.2932,-1.0717
-0.2932,-0.12571
-0.2932,-0.58772
-3.8136,-3.3983
-3.8136,-4.7108
-3.8136,-3.6962
-3.8136,-3.286
-3.8136,-4.4625
-3.8136,-4.3312
-3.8136,-4.2402
-3.8136,-3.9719
-3.8136,-4.5684
-3.8136,-3.1966
-3.8136,-3.9455
-3.8136,-3.4356
-3.8136,-3.0619
6.1785,6.1573
6.1785,5.5402
6.1785,5.2866
6.1785,6.9116
6.1785,6.1982
6.1785,6.3728
6.1785,5.3917
6.1785,6.2019
-7.0297,-7.8875
5.9246,6.7262
5.9246,5.7717
5.9246,6.1521
5.9246,5.5798
5.9246,5.5428
5.9246,6.1087
5.9246,6.4614
5.9246,6.6018
5.9246,5.0772
7.6474,7.2384
7.6474,6.9072
7.6474,7.4293
4.864,5.1221
4.864,5.4508
4.864,5.5428
4.864,5.0772
2.5694,1.9731
-4.165,-3.8632
-4.165,-4.9323
-4.165,-3.514
-4.165,-4.5578
-4.165,-4.9117
-4.165,-4.0186
-4.165,-3.8835
-4.165,-4.8195
-7.1637,-6.6152
-7.1637,-6.7433
-7.1637,-6.5596
6.9435,6.0116
6.9435,6.3728
6.9435,7.2379
6.9435,6.2019
-2.1648,-2.3271
-2.1648,-1.255
-2.1648,-1.7702
-2.1648,-2.8861
-2.1648,-2.9993
-2.1648,-1.3915
-2.1648,-3.0219
-2.1648,-2.4887
-2.1648,-1.7656
-2.1648,-2.0719
-2.1648,-2.7333
-5.8387,-5.1997
-5.8387,-6.1845
-5.8387,-5.8071
-5.8387,-6.0775
-5.8387,-5.7738
-5.8387,-5.4955
-5.8387,-5.0076
-5.8387,-6.5596
-5.8387,-5.3434
-1.006,-1.7702
-1.006,-0.66264
1.7411,0.92848
1.7411,2.3789
1.7411,1.501
5.2207,5.1477
5.2207,5.5402
5.2207,5.2866
5.2207,6.1982
5.2207,5.9808
5.2207,4.5261
5.1477,4.3301
5.1477,5.2207
5.1477,5.5402
5.1477,4.5314
5.1477,5.2866
5.1477,5.3917
5.1477,4.5261
6.5426,7.2384
6.5426,5.7337
6.5426,6.9072
6.5426,6.4183
6.5426,6.6018
6.5426,6.0379
-5.8071,-4.9323
-5.8071,-5.1997
-5.8071,-5.8387
-5.8071,-5.4955
-5.8071,-6.5596
-5.8071,-5.477
-4.3312,-3.3983
-4.3312,-4.7108
-4.3312,-3.6962
-4.3312,-4.4625
-4.3312,-3.8136
-4.3312,-4.2402
-4.3312,-3.9719
-4.3312,-4.5684
-4.3312,-4.2599
-4.3312,-4.9358
-4.3312,-3.4356
-4.2402,-3.3983
-4.2402,-4.7108
-4.2402,-3.6962
-4.2402,-4.4625
-4.2402,-3.8136
-4.2402,-4.3312
-4.2402,-4.5684
-4.2402,-4.2599
-4.2402,-3.4356
-4.2402,-3.674
6.7429,6.7262
6.7429,5.9624
6.7429,6.1249
-6.0775,-6.6152
-6.0775,-5.7242
-6.0775,-6.1845
-6.0775,-5.8387
-6.0775,-5.7738
-6.0775,-6.7433
-6.0775,-5.5038
-6.0775,-5.3434
-6.0775,-6.2064
-1.255,-2.1648
-1.255,-1.9133
-1.255,-1.3915
-1.255,-2.0719
-4.5578,-3.8632
-4.5578,-4.9323
-4.5578,-5.1997
-4.5578,-4.165
-4.5578,-4.9117
-4.5578,-4.0186
-4.5578,-4.2
3.006,2.1266
3.006,2.8155
-4.1755,-3.9252
-4.1755,-3.4573
-4.1755,-3.9719
-4.1755,-3.3277
-4.1755,-3.9455
0.65342,0.026101
0.65342,1.3812
0.65342,0.94574
0.65342,-0.066233
0.65342,0.54297
0.65342,0.303
0.65342,1.2603
0.65342,1.5671
0.65342,0.74002
-1.9133,-2.3271
-1.9133,-1.255
-1.9133,-2.6426
-1.9133,-2.7935
-1.9133,-2.5469
-1.9133,-2.0719
-7.0134,-6.6152
-7.0134,-6.7433
-7.0134,-6.4564
-7.0134,-6.2064
1.3812,0.65342
1.3812,0.78901
1.3812,1.2603
1.3812,1.5671
1.3812,1.501
1.3812,1.2432
1.3812,1.9731
1.3812,0.74002
-1.7702,-2.1648
-1.7702,-1.006
-1.7702,-1.3915
-1.7702,-2.4887
-1.7702,-1.7656
-1.7702,-2.7333
-1.7702,-2.2442
-2.311,-2.937
-2.311,-2.2762
-2.311,-1.7089
-5.7738,-6.6152
-5.7738,-5.7242
-5.7738,-6.1845
-5.7738,-5.8387
-5.7738,-6.0775
-5.7738,-6.7433
-5.7738,-5.5038
-5.7738,-5.0076
-5.7738,-5.3434
-5.7738,-6.2064
6.1418,5.1465
-4.7612,-5.7242
-4.7612,-4.5723
-4.7612,-5.5038
-4.7612,-5.1387
-4.7612,-5.0076
-2.8861,-3.6962
-2.8861,-3.286
-2.8861,-2.3271
-2.8861,-2.1648
-2.8861,-2.7935
-2.8861,-2.5469
-2.8861,-2.9993
-2.8861,-3.3277
-2.8861,-3.0219
-2.8861,-2.4887
-2.8861,-3.0619
-2.8861,-2.0719
6.1521,6.8903
6.1521,5.7717
6.1521,5.277
6.1521,5.9246
6.1521,5.5798
6.1521,6.1087
6.1521,5.7337
6.1521,6.4614
6.1521,6.4183
6.1521,6.6018
5.5798,5.7717
5.5798,5.277
5.5798,5.9246
5.5798,6.1521
5.5798,5.5428
5.5798,6.1087
5.5798,6.4614
5.5798,5.0772
1.6903,1.9127
1.6903,1.5334
1.6903,1.0714
1.6903,1.2258
1.6903,2.2072
1.6903,2.3058
1.6903,0.99995
-2.6426,-3.3983
-2.6426,-1.9133
-2.6426,-2.7935
-2.6426,-2.5469
-2.6426,-3.1966
-2.6426,-3.4356
-2.6426,-3.0619
5.5428,5.4508
5.5428,5.9246
5.5428,4.864
5.5428,5.5798
5.5428,6.1087
5.5428,6.4614
5.5428,5.0772
5.5428,6.1249
1.7795,2.1266
1.7795,1.9127
1.7795,1.251
-1.1804,-0.2932
-1.1804,-1.0717
-1.1804,-2.1764
0.85867,0.44977
0.85867,0.028213
0.85867,1.0714
0.85867,1.2258
0.85867,0.57938
0.85867,1.251
-6.7433,-6.6152
-6.7433,-6.1845
-6.7433,-7.1637
-6.7433,-6.0775
-6.7433,-7.0134
-6.7433,-5.7738
-6.7433,-6.5596
-6.7433,-6.2064
-2.7935,-3.3983
-2.7935,-3.6962
-2.7935,-3.286
-2.7935,-2.3271
-2.7935,-1.9133
-2.7935,-2.8861
-2.7935,-2.6426
-2.7935,-2.5469
-2.7935,-3.3277
-2.7935,-3.0219
-2.7935,-3.0619
-2.7935,-2.0719
0.94574,0.65342
0.94574,0.54297
0.94574,1.5671
0.94574,0.48465
-0.066233,0.026101
-0.066233,-0.2932
-0.066233,0.65342
-0.066233,0.54297
-0.066233,-0.12571
-0.066233,-0.58772
7.8968,6.9116
7.8968,7.1097
7.8968,7.2379
6.1087,5.4508
6.1087,6.7262
6.1087,5.9246
6.1087,6.1521
6.1087,5.5798
6.1087,5.5428
6.1087,6.4614
6.1087,7.1039
6.1087,6.1249
-2.2762,-2.937
-2.2762,-2.311
-2.2762,-1.7089
-2.2762,-3.0035
-2.2762,-2.1764
0.54297,0.026101
0.54297,-0.2932
0.54297,0.65342
0.54297,0.94574
0.54297,-0.066233
0.54297,1.2603
0.54297,-0.12571
5.5402,6.1573
5.5402,6.1785
5.5402,5.2207
5.5402,5.1477
5.5402,5.2866
5.5402,6.1982
5.5402,6.3728
5.5402,5.3917
-4.4964,-5.2144
-4.4964,-4.2599
5.7337,5.7717
5.7337,5.277
5.7337,6.5426
5.7337,6.1521
5.7337,6.4183
5.7337,5.0973
5.7337,6.0379
-5.2144,-5.4764
-5.2144,-4.4964
-5.2144,-4.5684
-5.2144,-4.2599
4.5314,4.3301
4.5314,5.1477
4.5314,5.2866
4.5314,5.3917
4.5314,4.6187
-3.9719,-3.3983
-3.9719,-4.7108
-3.9719,-3.6962
-3.9719,-3.286
-3.9719,-4.4625
-3.9719,-3.8136
-3.9719,-4.3312
-3.9719,-4.1755
-3.9719,-3.3277
-3.9719,-3.9455
-3.9719,-4.9358
-3.9719,-3.0619
-0.0070733,0.49339
-0.0070733,0.028213
-0.0070733,0.57938
6.9072,7.2384
6.9072,7.6474
6.9072,6.5426
6.9072,6.4183
6.9072,6.6018
6.9072,6.0379
0.303,0.026101
0.303,0.65342
0.303,-0.27913
0.303,0.78901
0.303,1.2432
0.303,0.031402
0.303,0.74002
1.5334,1.6903
1.5334,1.0714
1.5334,1.6426
1.5334,2.2072
1.5334,2.3058
1.5334,0.99995
4.919,4.4015
2.3789,1.7411
2.3789,1.501
2.3789,1.9731
6.4614,6.7262
6.4614,6.8903
6.4614,5.9246
6.4614,6.1521
6.4614,5.5798
6.4614,5.5428
6.4614,6.1087
6.4614,6.6018
6.4614,7.1039
6.4614,6.1249
5.9624,5.1221
5.9624,5.4508
5.9624,6.7429
5.9624,6.1249
5.2866,6.1573
5.2866,4.3301
5.2866,6.1785
5.2866,5.2207
5.2866,5.1477
5.2866,5.5402
5.2866,4.5314
5.2866,5.3917
5.2866,5.5277
6.9116,6.1573
6.9116,6.1785
6.9116,7.8968
6.9116,7.1097
6.9116,6.1982
6.9116,6.3728
6.9116,7.2379
-2.5469,-3.3983
-2.5469,-1.9133
-2.5469,-2.8861
-2.5469,-2.6426
-2.5469,-2.7935
-2.5469,-3.4356
-2.5469,-3.0619
-2.5469,-2.0719
-1.7089,-1.2008
-1.7089,-2.311
-1.7089,-2.2762
-1.7089,-1.0717
-2.9993,-3.286
-2.9993,-2.3271
-2.9993,-3.4573
-2.9993,-2.1648
-2.9993,-2.8861
-2.9993,-3.3277
-2.9993,-3.0219
-2.9993,-2.4887
-2.9993,-2.7333
7.1097,7.8968
7.1097,6.9116
7.1097,6.1982
-5.4955,-4.9323
-5.4955,-5.1997
-5.4955,-6.1845
-5.4955,-5.8387
-5.4955,-5.8071
-5.4955,-4.9117
-5.4955,-5.3434
-5.4955,-4.8195
-0.27913,0.026101
-0.27913,-1.2008
-0.27913,0.303
-0.27913,-1.1269
-0.27913,-0.58772
-0.27913,0.031402
1.0714,1.9127
1.0714,1.6903
1.0714,0.85867
1.0714,1.5334
1.0714,1.2258
1.0714,0.57938
1.0714,0.99995
1.2258,1.9127
1.2258,1.6903
1.2258,0.85867
1.2258,1.0714
1.2258,0.57938
1.2258,1.251
1.6426,1.5334
1.6426,2.3058
1.6426,0.99995
-1.3915,-2.1648
-1.3915,-1.255
-1.3915,-1.7702
-1.3915,-0.66264
-1.3915,-1.7656
-1.3915,-2.0719
6.1982,6.1573
6.1982,6.1785
6.1982,5.2207
6.1982,5.5402
6.1982,6.9116
6.1982,7.1097
6.1982,5.9808
-4.9117,-4.9323
-4.9117,-5.1997
-4.9117,-4.165
-4.9117,-4.5578
-4.9117,-5.4955
-4.9117,-5.477
2.2072,2.1266
2.2072,1.9127
2.2072,1.6903
2.2072,1.5334
2.2072,2.8155
2.2072,2.3058
-4.5684,-4.7108
-4.5684,-5.4764
-4.5684,-4.4625
-4.5684,-3.8136
-4.5684,-4.3312
-4.5684,-4.2402
-4.5684,-5.2144
-4.5684,-4.2599
6.3728,6.1573
6.3728,6.1785
6.3728,6.9435
6.3728,5.5402
6.3728,6.9116
6.3728,5.3917
6.3728,7.2379
6.3728,6.2019
0.78901,0.92848
0.78901,1.3812
0.78901,0.303
0.78901,1.501
0.78901,1.2432
0.78901,0.031402
0.78901,0.74002
5.3917,6.0116
5.3917,6.1785
5.3917,5.1477
5.3917,5.5402
5.3917,4.5314
5.3917,5.2866
5.3917,6.3728
5.3917,5.5277
5.3917,4.6187
5.3917,6.2019
7.2445,6.9497
-4.2599,-4.3312
-4.2599,-4.2402
-4.2599,-4.4964
-4.2599,-5.2144
-4.2599,-4.5684
-4.2599,-3.4356
-4.2599,-3.674
-3.0528,-2.7333
-3.0528,-2.2442
5.5277,6.0116
5.5277,5.2866
5.5277,5.3917
5.5277,4.9644
5.5277,4.6187
5.5277,6.2019
-0.66264,-1.006
-0.66264,-1.3915
-6.4564,-5.8474
-6.4564,-7.0134
-6.4564,-6.2064
5.9808,6.1573
5.9808,5.2207
5.9808,6.1982
1.2603,0.65342
1.2603,1.3812
1.2603,0.54297
1.2603,1.5671
1.2603,1.2432
1.2603,1.9731
1.2603,0.74002
-7.8875,-7.0297
7.2379,6.9435
7.2379,7.8968
7.2379,6.9116
7.2379,6.3728
6.4183,6.8903
6.4183,5.7717
6.4183,6.5426
6.4183,6.1521
6.4183,5.7337
6.4183,6.9072
6.4183,6.6018
6.4183,6.0379
-3.3277,-3.6962
-3.3277,-3.286
-3.3277,-2.3271
-3.3277,-3.4573
-3.3277,-4.1755
-3.3277,-2.8861
-3.3277,-2.7935
-3.3277,-3.9719
-3.3277,-2.9993
-3.3277,-3.0219
-3.3277,-3.9455
-3.3277,-2.4887
-3.3277,-3.0619
-1.0717,-1.2008
-1.0717,-0.2932
-1.0717,-1.1804
-1.0717,-1.7089
-1.0717,-0.58772
-0.12571,-0.2932
-0.12571,-0.066233
-0.12571,0.54297
-0.12571,0.48465
0.57938,0.028213
0.57938,0.85867
0.57938,-0.0070733
0.57938,1.0714
0.57938,1.2258
0.57938,0.99995
4.4015,4.919
1.5671,0.65342
1.5671,1.3812
1.5671,0.94574
1.5671,1.2603
-3.0219,-3.286
-3.0219,-2.3271
-3.0219,-3.4573
-3.0219,-2.1648
-3.0219,-2.8861
-3.0219,-2.7935
-3.0219,-2.9993
-3.0219,-3.3277
-3.0219,-3.9455
-3.0219,-2.4887
-3.0219,-3.0619
-3.0219,-2.0719
-3.0219,-2.7333
-3.1966,-3.3983
-3.1966,-3.8136
-3.1966,-2.6426
-3.1966,-3.4356
-3.1966,-3.674
-4.5723,-4.7612
-4.5723,-3.8835
-4.5723,-5.0076
-4.5723,-5.3434
-4.5723,-4.8195
-5.5038,-5.7242
-5.5038,-5.8474
-5.5038,-6.0775
-5.5038,-5.7738
-5.5038,-4.7612
-5.5038,-5.1387
-5.5038,-5.0076
-5.5038,-5.3434
-5.5038,-6.2064
2.8155,3.006
2.8155,2.2072
2.8155,2.3058
-3.9455,-3.6962
-3.9455,-3.286
-3.9455,-4.4625
-3.9455,-3.4573
-3.9455,-3.8136
-3.9455,-4.1755
-3.9455,-3.9719
-3.9455,-3.3277
-3.9455,-3.0219
-3.9455,-3.0619
0.48465,0.94574
0.48465,-0.12571
5.6123,5.1465
-3.0919,-3.514
-3.0919,-4.0186
-3.0919,-3.0035
-3.0919,-2.1764
-4.0186,-4.9323
-4.0186,-3.514
-4.0186,-4.165
-4.0186,-4.5578
-4.0186,-3.0919
-4.0186,-3.8835
-4.0186,-4.8195
-5.1387,-5.7242
-5.1387,-5.8474
-5.1387,-4.7612
-5.1387,-5.5038
1.501,0.92848
1.501,1.7411
1.501,1.3812
1.501,2.3789
1.501,0.78901
1.501,1.2432
1.501,1.9731
4.9644,5.5277
4.9644,4.6187
-3.8835,-4.165
-3.8835,-4.5723
-3.8835,-4.0186
-3.8835,-4.8195
-4.9358,-4.7108
-4.9358,-5.4301
-4.9358,-4.4625
-4.9358,-4.3312
-4.9358,-3.9719
6.6018,6.8903
6.6018,5.7717
6.6018,5.9246
6.6018,6.5426
6.6018,6.1521
6.6018,6.9072
6.6018,6.4614
6.6018,6.4183
6.6018,7.4293
-3.4356,-3.3983
-3.4356,-3.6962
-3.4356,-3.8136
-3.4356,-4.3312
-3.4356,-4.2402
-3.4356,-2.6426
-3.4356,-2.5469
-3.4356,-4.2599
-3.4356,-3.1966
-3.4356,-3.674
-3.4356,-3.0619
1.2432,0.92848
1.2432,1.3812
1.2432,0.303
1.2432,0.78901
1.2432,1.2603
1.2432,1.501
1.2432,1.9731
1.2432,0.74002
5.0772,5.7717
5.0772,5.277
5.0772,5.9246
5.0772,4.864
5.0772,5.5798
5.0772,5.5428
-2.4887,-2.3271
-2.4887,-3.4573
-2.4887,-2.1648
-2.4887,-1.7702
-2.4887,-2.8861
-2.4887,-2.9993
-2.4887,-3.3277
-2.4887,-3.0219
-2.4887,-1.7656
-2.4887,-2.0719
-2.4887,-2.7333
-2.4887,-2.2442
2.3058,1.6903
2.3058,1.5334
2.3058,1.6426
2.3058,2.2072
2.3058,2.8155
7.1039,6.7262
7.1039,6.8903
7.1039,6.1087
7.1039,6.4614
7.1039,7.4293
4.5261,4.3301
4.5261,5.2207
4.5261,5.1477
-1.1269,-1.2008
-1.1269,-0.27913
-3.674,-4.2402
-3.674,-4.2599
-3.674,-3.1966
-3.674,-3.4356
-3.286,-3.8632
-3.286,-2.937
-3.286,-4.2
-5.0076,-5.7242
-5.0076,-5.8387
-5.0076,-5.7738
-5.0076,-4.7612
-5.0076,-4.5723
-5.0076,-5.5038
-5.0076,-5.3434
-5.0076,-4.8195
-1.7656,-2.3271
-1.7656,-2.1648
-1.7656,-1.7702
-1.7656,-1.3915
-1.7656,-2.4887
-1.7656,-2.7333
-1.7656,-2.2442
-6.5596,-6.1845
-6.5596,-7.1637
-6.5596,-5.8387
-6.5596,-5.8071
-6.5596,-6.7433
-3.0035,-3.514
-3.0035,-2.937
-3.0035,-2.2762
-3.0035,-3.0919
-3.0035,-2.1764
-3.0619,-3.3983
-3.0619,-3.6962
-3.0619,-3.286
-3.0619,-2.3271
-3.0619,-3.8136
-3.0619,-2.8861
-3.0619,-2.6426
-3.0619,-2.7935
-3.0619,-3.9719
-3.0619,-2.5469
-3.0619,-3.3277
-3.0619,-3.0219
-3.0619,-3.9455
-3.0619,-3.4356
6.1249,5.4508
6.1249,6.7262
6.1249,6.7429
6.1249,5.5428
6.1249,6.1087
6.1249,6.4614
6.1249,5.9624
5.1465,6.1418
5.1465,5.6123
-2.0719,-2.3271
-2.0719,-2.1648
-2.0719,-1.255
-2.0719,-1.9133
-2.0719,-2.8861
-2.0719,-2.7935
-2.0719,-2.5469
-2.0719,-1.3915
-2.0719,-3.0219
-2.0719,-2.4887
-5.477,-5.8071
-5.477,-4.9117
-0.58772,0.026101
-0.58772,-1.2008
-0.58772,-0.2932
-0.58772,-0.066233
-0.58772,-0.27913
-0.58772,-1.0717
1.9731,2.5694
1.9731,1.3812
1.9731,2.3789
1.9731,1.2603
1.9731,1.501
1.9731,1.2432
0.031402,0.92848
0.031402,0.303
0.031402,-0.27913
0.031402,0.78901
-5.3434,-4.9323
-5.3434,-5.1997
-5.3434,-5.7242
-5.3434,-6.1845
-5.3434,-5.8387
-5.3434,-6.0775
-5.3434,-5.7738
-5.3434,-5.4955
-5.3434,-4.5723
-5.3434,-5.5038
-5.3434,-5.0076
-5.3434,-4.8195
-2.0942,-2.2442
-6.2064,-6.6152
-6.2064,-5.7242
-6.2064,-5.8474
-6.2064,-6.0775
-6.2064,-7.0134
-6.2064,-5.7738
-6.2064,-6.7433
-6.2064,-6.4564
-6.2064,-5.5038
0.74002,0.026101
0.74002,0.65342
0.74002,1.3812
0.74002,0.303
0.74002,0.78901
0.74002,1.2603
0.74002,1.2432
6.1145,6.0379
1.251,0.44977
1.251,2.1266
1.251,1.9127
1.251,1.7795
1.251,0.85867
1.251,1.2258
-2.7333,-2.3271
-2.7333,-3.4573
-2.7333,-2.1648
-2.7333,-1.7702
-2.7333,-2.9993
-2.7333,-3.0528
-2.7333,-3.0219
-2.7333,-2.4887
-2.7333,-1.7656
-2.7333,-2.2442
4.6187,3.7028
4.6187,4.5314
4.6187,5.3917
4.6187,5.5277
4.6187,4.9644
7.4293,6.8903
7.4293,7.6474
7.4293,6.6018
7.4293,7.1039
-4.8195,-4.9323
-4.8195,-5.1997
-4.8195,-4.165
-4.8195,-5.4955
-4.8195,-4.5723
-4.8195,-4.0186
-4.8195,-3.8835
-4.8195,-5.0076
-4.8195,-5.3434
-4.2,-3.8632
-4.2,-4.5578
-4.2,-3.286
-2.1764,-1.1804
-2.1764,-2.2762
-2.1764,-3.0919
-2.1764,-3.0035
0.99995,0.49339
0.99995,1.6903
0.99995,1.5334
0.99995,1.0714
0.99995,1.6426
0.99995,0.57938
5.0973,5.277
5.0973,5.7337
5.0973,6.0379
6.2019,6.1573
6.2019,6.0116
6.2019,6.1785
6.2019,6.9435
6.2019,6.3728
6.2019,5.3917
6.2019,5.5277
-2.2442,-1.7702
-2.2442,-3.0528
-2.2442,-2.4887
-2.2442,-1.7656
-2.2442,-2.0942
-2.2442,-2.7333
6.0379,6.5426
6.0379,5.7337
6.0379,6.9072
6.0379,6.4183
6.0379,6.1145
6.0379,5.0973
-7.0297,-6.9504
-6.8893,-6.9504
