4.6042,4.6045
4.6042,4.8546
4.6042,5.0318
4.6042,5.3947
4.6042,5.4168
4.6042,3.8139
4.6042,4.4452
4.6042,4.6627
4.6042,3.6732
4.6042,5.2362
-3.5236,-4.1249
-3.5236,-2.9773
-3.5236,-3.5416
-3.5236,-4.1924
-3.5236,-3.1244
-3.5236,-3.4676
-6.9339,-6.165
-6.9339,-7.2308
-6.9339,-6.2063
-6.9339,-6.6042
-6.9339,-7.5702
-3.1638,-3.502
-3.1638,-2.5402
-3.1638,-3.0009
-3.1638,-2.7847
-3.1638,-3.4145
-3.1638,-3.9023
1.4795,1.9885
5.0137,5.1109
5.0137,5.2888
5.0137,5.4668
5.0137,4.3415
5.0137,5.0675
5.0137,4.311
5.0137,5.1103
5.0137,4.8497
4.2576,5.1109
4.2576,3.798
4.2576,5.0675
4.2576,4.311
4.2576,5.1103
-4.1249,-3.5236
-4.1249,-4.0964
-4.1249,-3.5416
-4.1249,-4.1924
-4.1249,-4.8006
-4.1249,-4.8278
-4.1249,-3.1244
-4.1249,-4.0532
6.4803,5.5748
6.4803,6.7179
6.4803,6.0234
6.4803,6.8367
6.4803,6.3123
6.4803,7.2663
6.4803,6.0654
5.9935,5.2888
5.9935,5.4668
5.9935,6.0355
5.9935,5.6313
5.9935,5.2046
5.9935,6.0291
5.9935,6.6026
5.9935,6.3012
5.5748,6.4803
5.5748,5.6008
5.5748,5.4868
5.5748,6.0234
5.5748,5.5045
5.5748,4.6619
5.5748,5.5302
5.5748,5.1678
5.5748,6.0654
-6.3274,-5.6034
-6.3274,-6.165
-6.3274,-7.2308
-6.3274,-5.6864
-6.3274,-5.5531
-3.502,-3.1638
-3.502,-4.4134
-3.502,-2.7847
-3.502,-3.4145
-3.502,-3.9023
-3.502,-3.7648
-1.3447,-0.47189
-1.3447,-0.45598
-1.3447,-1.5654
-1.3447,-0.94155
-1.3447,-2.0066
-1.3447,-2.0462
-1.3447,-2.0926
-1.3447,-1.1839
-1.3447,-2.1536
-1.8999,-1.9262
-1.8999,-1.8809
-1.8999,-1.0737
-1.8999,-1.8819
-1.8999,-2.0807
-1.8999,-2.7473
5.9036,6.3739
5.9036,6.6942
5.9036,6.2174
5.9036,5.4766
5.1109,5.0137
5.1109,4.2576
5.1109,5.8574
5.1109,6.047
5.1109,5.0675
5.1109,4.311
5.1109,5.1103
5.2888,5.0137
5.2888,5.9935
5.2888,5.4668
5.2888,6.0355
5.2888,5.6313
5.2888,5.2046
5.2888,4.7815
5.2888,6.0291
5.2888,4.3354
5.2888,4.8497
-2.745,-1.8819
-2.745,-3.1829
-2.745,-3.5797
-2.745,-2.7473
-2.745,-2.4369
-2.745,-2.1536
-4.5615,-4.0964
-4.5615,-4.4134
-4.5615,-4.8278
-4.5615,-4.0532
-4.5615,-5.0668
-4.5615,-3.9023
-4.0964,-4.1249
-4.0964,-4.5615
-4.0964,-3.5416
-4.0964,-4.8006
-4.0964,-4.8278
-4.0964,-4.0532
-4.0964,-3.4145
-4.0964,-3.9023
-6.5404,-5.7361
-6.5404,-6.5968
-6.5404,-6.619
-6.5404,-6.6042
-6.5404,-6.158
-6.5404,-6.6251
-7.2758,-7.3892
-7.2758,-7.4763
-7.2758,-7.5376
-7.2758,-6.504
-7.2758,-7.3961
-7.2758,-6.537
6.3739,5.9036
6.3739,6.9509
-1.9262,-1.8999
-1.9262,-1.8809
-1.9262,-1.0737
-1.9262,-1.8819
-1.9262,-2.0807
-1.9262,-2.7473
-1.3617,-2.147
-1.3617,-1.7014
0.47909,-0.42658
0.47909,1.3786
0.47909,0.093576
0.47909,-0.42658
0.47909,-0.33897
-8.9987,-8.7046
-8.9987,-9.6483
-8.9987,-9.0604
-8.9987,-8.9537
-8.9987,-9.2168
-8.9987,-8.3391
5.4668,5.0137
5.4668,5.9935
5.4668,5.2888
5.4668,6.0355
5.4668,5.2046
5.4668,6.0291
5.4668,6.047
5.4668,5.0675
5.4668,5.1103
5.4668,4.8497
-5.2806,-5.217
-5.2806,-6.2063
-5.2806,-5.7361
-5.2806,-4.471
-5.2806,-5.0668
-5.2806,-5.5531
5.6008,5.5748
5.6008,6.0234
5.6008,4.6956
5.6008,6.2174
5.6008,5.5045
5.6008,6.3123
5.6008,5.4766
5.6008,5.5302
5.6008,4.6301
5.6008,5.1678
-0.47189,-1.3447
-0.47189,-0.45598
-0.47189,-0.94155
-1.009,-1.5654
-1.009,-1.8819
5.7812,5.6313
5.7812,6.479
5.7812,5.2046
5.7812,6.4702
5.7812,5.0318
5.7812,5.3947
5.7812,5.4168
5.7812,6.3012
5.7812,5.7533
5.7812,5.2362
4.6045,4.6042
4.6045,4.8546
4.6045,5.0318
4.6045,5.3947
4.6045,5.4168
4.6045,3.8139
4.6045,4.4452
4.6045,4.6627
4.6045,3.6732
4.6045,5.2362
-0.42658,0.47909
-0.42658,-1.025
-0.42658,-0.66474
-0.42658,-1.1926
-0.42658,0.093576
-0.42658,-0.42658
-0.42658,-0.33897
6.0355,5.9935
6.0355,5.2888
6.0355,5.4668
6.0355,6.0291
6.0355,6.6026
6.0355,6.047
1.0117,1.0379
1.0117,0.093576
1.0117,1.9885
1.0117,1.0124
-5.217,-5.2806
-5.217,-6.2063
-5.217,-5.7361
-5.217,-4.6105
-5.217,-4.471
-5.217,-5.5531
5.6313,5.9935
5.6313,5.2888
5.6313,5.7812
5.6313,5.2046
5.6313,4.7815
5.6313,5.0318
5.6313,6.0291
5.6313,5.3947
5.6313,6.3012
-3.0924,-3.2244
5.8574,5.1109
5.8574,6.047
5.8574,5.0675
5.8574,5.1103
5.8574,6.8385
6.6942,5.9036
6.6942,6.9509
6.6942,6.2174
6.6942,6.8367
6.6942,6.3123
6.6942,7.4472
5.4868,5.5748
5.4868,6.0654
6.9509,6.3739
6.9509,6.6942
6.9509,6.2174
-5.6081,-6.537
-5.6034,-6.3274
-5.6034,-4.8278
-5.6034,-5.0668
-5.6034,-5.6864
-5.6034,-5.5531
-2.9773,-3.5236
-2.9773,-2.1031
-2.9773,-2.3589
-2.9773,-3.1244
-2.9773,-3.4676
-0.45598,-1.3447
-0.45598,-0.47189
-0.45598,-0.94155
-0.45598,-0.11495
5.5839,6.2083
5.5839,4.8546
5.5839,5.3779
5.5839,5.5276
-3.5416,-3.5236
-3.5416,-4.1249
-3.5416,-4.0964
-3.5416,-3.0009
-3.5416,-3.1244
-3.5416,-4.0532
-3.5416,-3.4145
6.479,5.7812
6.479,6.4702
6.479,6.2083
6.479,6.3012
6.479,5.7533
-7.3892,-7.2758
-7.3892,-7.4763
-7.3892,-6.504
-7.3892,-7.3961
-3.1606,-3.199
-3.1606,-2.5771
-3.1606,-2.7473
-1.8809,-1.8999
-1.8809,-1.9262
-1.8809,-1.0737
-1.8809,-1.8819
-1.8809,-2.0807
-1.8809,-2.7473
6.7179,6.4803
6.7179,7.2663
6.7179,6.0654
-6.165,-6.9339
-6.165,-6.3274
-6.165,-6.2063
-6.165,-5.5531
5.2046,5.9935
5.2046,5.2888
5.2046,5.4668
5.2046,5.7812
5.2046,5.6313
5.2046,4.7815
5.2046,5.0318
5.2046,4.2913
5.2046,6.0291
5.2046,5.3947
5.2046,4.4452
5.2046,4.3354
5.2046,4.8497
3.5599,3.798
3.5599,4.2913
3.5599,3.8404
3.5599,4.3415
3.5599,4.3354
6.0234,6.4803
6.0234,5.5748
6.0234,5.6008
6.0234,5.5045
6.0234,6.8367
6.0234,6.3123
6.0234,5.5302
6.0234,5.1678
6.0234,6.0654
-2.5402,-3.1638
-2.5402,-2.4224
-2.5402,-3.0009
-2.5402,-2.147
-2.5402,-2.4519
-2.5402,-3.4145
4.5379,4.4717
4.5379,5.3779
4.5379,3.6311
-7.2308,-6.9339
-7.2308,-6.3274
1.3786,0.47909
6.4702,5.7812
6.4702,6.479
6.4702,6.2083
6.4702,6.3012
6.4702,5.7533
-1.6169,-1.025
-1.6169,-1.0737
-1.6169,-1.1926
-1.6169,-1.9593
-1.6169,-2.5771
-1.6169,-1.9722
-1.6169,-2.0807
-1.6169,-1.9175
3.6317,4.4717
3.6317,3.8139
3.6317,3.6311
-2.1031,-2.9773
-2.1031,-2.4224
-2.1031,-2.3589
-2.1031,-1.7014
-2.1031,-2.4519
-7.4763,-7.2758
-7.4763,-7.3892
-7.4763,-7.5376
-7.4763,-7.3961
-7.4763,-6.537
-8.7046,-8.9987
-8.7046,-8.611
-8.7046,-8.8391
-8.7046,-8.9537
6.2083,5.5839
6.2083,6.479
6.2083,6.4702
6.2083,5.3779
6.2083,5.7533
6.2083,5.5276
-6.2063,-6.9339
-6.2063,-5.2806
-6.2063,-5.217
-6.2063,-6.165
-6.2063,-5.7361
-6.2063,-6.6042
-6.2063,-5.5531
-2.4224,-2.5402
-2.4224,-2.1031
-2.4224,-3.0009
-2.4224,-1.7014
-2.4224,-3.1244
-2.4224,-2.4519
-8.611,-8.7046
-8.611,-8.8391
-8.611,-8.9537
-2.3589,-2.9773
-2.3589,-2.1031
4.8546,4.6042
4.8546,4.6045
4.8546,5.5839
4.8546,4.4717
4.8546,5.4168
4.8546,5.3779
4.8546,4.6627
4.8546,5.7533
4.8546,5.5276
4.8546,5.2362
4.6956,5.6008
4.6956,5.5045
4.6956,4.8826
4.6956,5.4766
4.6956,5.5302
4.6956,4.6301
6.2174,5.9036
6.2174,5.6008
6.2174,6.6942
6.2174,6.9509
6.2174,5.5045
6.2174,6.8367
6.2174,6.3123
6.2174,5.4766
6.2174,5.5302
1.0379,1.0117
1.0379,0.38714
1.0379,1.9885
1.0379,1.0124
4.7815,5.2888
4.7815,5.6313
4.7815,5.2046
4.7815,5.0318
4.7815,4.2913
4.7815,5.3947
4.7815,3.8404
4.7815,4.4452
4.7815,4.3354
4.7815,4.8497
5.5045,5.5748
5.5045,5.6008
5.5045,6.0234
5.5045,4.6956
5.5045,6.2174
5.5045,6.3123
5.5045,5.4766
5.5045,5.5302
5.5045,4.6301
5.5045,5.1678
-0.63478,-0.66474
-0.63478,-0.027204
-0.63478,-1.1702
-0.63478,-1.6264
-0.63478,-0.57564
-1.025,-0.42658
-1.025,-1.6169
-1.025,-0.66474
-1.025,-1.1926
-1.025,-0.42658
-1.025,-1.9593
-1.025,-1.1702
-1.025,-1.9722
-1.025,-0.33897
-1.025,-1.9175
-1.0737,-1.8999
-1.0737,-1.9262
-1.0737,-1.8809
-1.0737,-1.6169
-1.0737,-1.1926
-3.0009,-3.1638
-3.0009,-3.5416
-3.0009,-2.5402
-3.0009,-2.4224
-3.0009,-3.1244
-3.0009,-2.4519
-3.0009,-3.4145
5.0318,4.6042
5.0318,5.7812
5.0318,4.6045
5.0318,5.6313
5.0318,5.2046
5.0318,4.7815
5.0318,5.3947
5.0318,5.4168
5.0318,4.4452
5.0318,4.6627
-0.66474,-0.42658
-0.66474,-0.63478
-0.66474,-1.025
-0.66474,-0.027204
-0.66474,0.093576
-0.66474,-0.42658
-0.66474,-1.1702
-0.66474,-0.33897
-0.66474,-0.57564
-5.7361,-6.5404
-5.7361,-5.2806
-5.7361,-5.217
-5.7361,-6.2063
-5.7361,-5.453
-5.7361,-6.5968
-5.7361,-6.6042
-5.7361,-6.6251
-1.7008,-0.71648
-1.7008,-2.0066
-1.7008,-2.0462
-1.7008,-2.0926
-1.7008,-1.1839
6.8367,6.4803
6.8367,6.6942
6.8367,6.0234
6.8367,6.2174
6.8367,6.3123
6.8367,7.4472
6.8367,7.2663
-4.6105,-5.217
-4.6105,-5.453
-4.6105,-4.471
-1.1926,-0.42658
-1.1926,-1.6169
-1.1926,-1.025
-1.1926,-1.0737
-1.1926,-0.42658
-1.1926,-0.33897
-1.1926,-2.0807
-3.199,-3.1606
-3.199,-2.5771
-3.199,-2.7473
3.798,4.2576
3.798,3.5599
3.798,4.3415
3.798,4.311
-0.71648,-1.7008
-0.71648,-1.1839
-0.71648,-0.51803
4.2913,5.2046
4.2913,3.5599
4.2913,4.7815
4.2913,3.8404
4.2913,4.4452
4.2913,4.3415
4.2913,4.3354
4.2913,4.8497
-1.5654,-1.3447
-1.5654,-1.009
-1.5654,-1.8819
-1.5654,-2.4369
-1.5654,-2.1536
6.0291,5.9935
6.0291,5.2888
6.0291,5.4668
6.0291,6.0355
6.0291,5.6313
6.0291,5.2046
6.0291,6.6026
6.0291,6.3012
-0.027204,-0.63478
-0.027204,-0.66474
-0.027204,0.38714
-0.027204,0.093576
-0.027204,-0.57564
4.6619,5.5748
4.6619,4.6301
4.6619,5.1678
-5.453,-5.7361
-5.453,-4.6105
0.38714,1.0379
0.38714,-0.027204
0.38714,1.0124
0.38714,-0.57564
-9.6483,-8.9987
-8.8391,-8.7046
-8.8391,-8.611
-8.8391,-8.9537
6.3123,6.4803
6.3123,5.6008
6.3123,6.6942
6.3123,6.0234
6.3123,6.2174
6.3123,5.5045
6.3123,6.8367
6.3123,5.5302
7.4472,6.6942
7.4472,6.8367
7.4472,7.2663
-1.8819,-1.8999
-1.8819,-2.745
-1.8819,-1.9262
-1.8819,-1.009
-1.8819,-1.8809
-1.8819,-1.5654
-1.8819,-2.7473
-1.8819,-2.1536
-3.1829,-2.745
-3.1829,-3.2244
-3.1829,-3.5797
-3.1829,-2.4369
6.6026,5.9935
6.6026,6.0355
6.6026,6.0291
6.6026,6.047
6.6026,7.1284
-6.5968,-6.5404
-6.5968,-5.7361
-6.5968,-6.619
-6.5968,-6.6042
-6.5968,-6.158
-6.5968,-6.6251
5.3947,4.6042
5.3947,5.7812
5.3947,4.6045
5.3947,5.6313
5.3947,5.2046
5.3947,4.7815
5.3947,5.0318
5.3947,5.4168
5.3947,6.3012
5.3947,4.4452
5.3947,4.6627
5.3947,5.7533
-3.2244,-3.0924
-3.2244,-3.1829
-3.2244,-3.5797
-3.2244,-2.4369
-4.1924,-3.5236
-4.1924,-4.1249
-4.1924,-4.8006
-4.1924,-3.4676
-6.619,-6.5404
-6.619,-6.5968
-6.619,-6.6042
-6.619,-6.158
-6.619,-6.6251
0.093576,0.47909
0.093576,-0.42658
0.093576,1.0117
0.093576,-0.66474
0.093576,-0.027204
0.093576,-0.42658
0.093576,-0.33897
4.4717,4.5379
4.4717,3.6317
4.4717,4.8546
4.4717,5.3779
4.4717,3.8139
4.4717,3.6311
4.4717,5.2362
4.8826,4.6956
4.8826,5.4766
-7.5376,-7.2758
-7.5376,-7.4763
5.4168,4.6042
5.4168,5.7812
5.4168,4.6045
5.4168,4.8546
5.4168,5.0318
5.4168,5.3947
5.4168,4.6627
5.4168,5.7533
5.4168,5.2362
-3.5797,-2.745
-3.5797,-3.1829
-3.5797,-3.2244
-3.5797,-2.7473
-4.8006,-4.1249
-4.8006,-4.0964
-4.8006,-4.1924
-4.8006,-4.8278
-4.8006,-4.0532
-0.42658,0.47909
-0.42658,-0.42658
-0.42658,-1.025
-0.42658,-0.66474
-0.42658,-1.1926
-0.42658,0.093576
-0.42658,-0.33897
3.8404,3.5599
3.8404,4.7815
3.8404,4.2913
3.8404,4.4452
3.8404,4.3354
3.8404,3.6732
-0.94155,-1.3447
-0.94155,-0.47189
-0.94155,-0.45598
-0.94155,-1.1839
-0.94155,-0.11495
-1.9593,-1.6169
-1.9593,-1.025
-1.9593,-1.1702
-1.9593,-1.9722
-1.9593,-1.9175
-2.0066,-1.3447
-2.0066,-1.7008
-2.0066,-2.0462
-2.0066,-2.0926
-2.0066,-1.1839
-2.0066,-2.4369
-9.0604,-8.9987
-9.0604,-9.2168
6.047,5.1109
6.047,5.4668
6.047,6.0355
6.047,5.8574
6.047,6.6026
6.047,5.0675
6.047,5.1103
6.047,6.8385
6.3012,5.9935
6.3012,5.7812
6.3012,5.6313
6.3012,6.479
6.3012,6.4702
6.3012,6.0291
6.3012,5.3947
6.3012,6.9605
-2.0462,-1.3447
-2.0462,-1.7008
-2.0462,-2.0066
-2.0462,-2.0926
-2.0462,-1.1839
-2.0462,-2.4369
5.3779,5.5839
5.3779,4.5379
5.3779,6.2083
5.3779,4.8546
5.3779,4.4717
5.3779,5.5276
5.3779,5.2362
-2.147,-1.3617
-2.147,-2.5402
-2.147,-2.7847
-2.5771,-3.1606
-2.5771,-1.6169
-2.5771,-3.199
-2.5771,-2.0807
-6.504,-7.2758
-6.504,-7.3892
-6.504,-7.3961
-6.504,-6.537
7.1284,6.6026
7.1284,6.9605
-2.0926,-1.3447
-2.0926,-1.7008
-2.0926,-2.0066
-2.0926,-2.0462
-2.0926,-1.1839
-2.0926,-2.4369
5.4766,5.9036
5.4766,5.6008
5.4766,4.6956
5.4766,6.2174
5.4766,5.5045
5.4766,4.8826
5.4766,5.5302
3.8139,4.6042
3.8139,4.6045
3.8139,3.6317
3.8139,4.4717
3.8139,4.6627
3.8139,3.6732
3.8139,3.6311
-1.1702,-0.63478
-1.1702,-1.025
-1.1702,-0.66474
-1.1702,-1.9593
-1.1702,-1.9722
-1.1702,-1.9175
-1.1702,-1.6264
-1.1702,-0.57564
-1.9722,-1.6169
-1.9722,-1.025
-1.9722,-1.9593
-1.9722,-1.1702
-1.9722,-1.9175
1.9885,1.4795
1.9885,1.0117
1.9885,1.0379
1.9885,1.0124
-8.9537,-8.9987
-8.9537,-8.7046
-8.9537,-8.611
-8.9537,-8.8391
4.4452,4.6042
4.4452,4.6045
4.4452,5.2046
4.4452,4.7815
4.4452,5.0318
4.4452,4.2913
4.4452,5.3947
4.4452,3.8404
4.4452,4.3354
4.4452,4.6627
4.4452,3.6732
4.3415,5.0137
4.3415,3.5599
4.3415,3.798
4.3415,4.2913
4.3415,4.311
4.3415,4.3354
4.3415,4.8497
-4.4134,-3.502
-4.4134,-4.5615
-4.4134,-4.471
-4.4134,-5.0668
-4.4134,-3.9023
-4.4134,-3.7648
-1.7014,-1.3617
-1.7014,-2.1031
-1.7014,-2.4224
-1.7014,-2.4519
5.0675,5.0137
5.0675,4.2576
5.0675,5.1109
5.0675,5.4668
5.0675,5.8574
5.0675,6.047
5.0675,4.311
5.0675,5.1103
-0.33897,0.47909
-0.33897,-0.42658
-0.33897,-1.025
-0.33897,-0.66474
-0.33897,-1.1926
-0.33897,0.093576
-0.33897,-0.42658
-9.2168,-8.9987
-9.2168,-9.0604
-4.8278,-4.1249
-4.8278,-4.5615
-4.8278,-4.0964
-4.8278,-5.6034
-4.8278,-4.8006
-4.8278,-4.0532
-4.8278,-5.0668
-4.8278,-5.6864
-4.471,-5.2806
-4.471,-5.217
-4.471,-4.6105
-4.471,-4.4134
-4.471,-3.7648
-3.1244,-3.5236
-3.1244,-4.1249
-3.1244,-2.9773
-3.1244,-3.5416
-3.1244,-2.4224
-3.1244,-3.0009
-3.1244,-2.4519
-3.1244,-3.4145
-7.3961,-7.2758
-7.3961,-7.3892
-7.3961,-7.4763
-7.3961,-6.504
-2.0807,-1.8999
-2.0807,-1.9262
-2.0807,-1.8809
-2.0807,-1.6169
-2.0807,-1.1926
-2.0807,-2.5771
-4.0532,-4.1249
-4.0532,-4.5615
-4.0532,-4.0964
-4.0532,-3.5416
-4.0532,-4.8006
-4.0532,-4.8278
-4.0532,-3.4145
-4.0532,-3.9023
4.311,5.0137
4.311,4.2576
4.311,5.1109
4.311,3.798
4.311,4.3415
4.311,5.0675
4.311,5.1103
4.311,4.8497
5.5302,5.5748
5.5302,5.6008
5.5302,6.0234
5.5302,4.6956
5.5302,6.2174
5.5302,5.5045
5.5302,6.3123
5.5302,5.4766
5.5302,4.6301
5.5302,5.1678
4.3354,5.2888
4.3354,5.2046
4.3354,3.5599
4.3354,4.7815
4.3354,4.2913
4.3354,3.8404
4.3354,4.4452
4.3354,4.3415
4.3354,4.8497
-1.9175,-1.6169
-1.9175,-1.025
-1.9175,-1.9593
-1.9175,-1.1702
-1.9175,-1.9722
4.6301,5.6008
4.6301,4.6956
4.6301,5.5045
4.6301,4.6619
4.6301,5.5302
4.6301,5.1678
4.6627,4.6042
4.6627,4.6045
4.6627,4.8546
4.6627,5.0318
4.6627,5.3947
4.6627,5.4168
4.6627,3.8139
4.6627,4.4452
4.6627,5.2362
1.0124,1.0117
1.0124,1.0379
1.0124,0.38714
1.0124,1.9885
5.1678,5.5748
5.1678,5.6008
5.1678,6.0234
5.1678,5.5045
5.1678,4.6619
5.1678,5.5302
5.1678,4.6301
-2.7473,-1.8999
-2.7473,-2.745
-2.7473,-1.9262
-2.7473,-3.1606
-2.7473,-1.8809
-2.7473,-3.199
-2.7473,-1.8819
-2.7473,-3.5797
-2.7473,-2.1536
-6.6042,-6.9339
-6.6042,-6.5404
-6.6042,-6.2063
-6.6042,-5.7361
-6.6042,-6.5968
-6.6042,-6.619
-6.6042,-7.5702
-6.6042,-6.6251
5.1103,5.0137
5.1103,4.2576
5.1103,5.1109
5.1103,5.4668
5.1103,5.8574
5.1103,6.047
5.1103,5.0675
5.1103,4.311
-7.5702,-6.9339
-7.5702,-6.6042
-7.5702,-6.6251
-2.7847,-3.1638
-2.7847,-3.502
-2.7847,-2.147
5.7533,5.7812
5.7533,6.479
5.7533,6.4702
5.7533,6.2083
5.7533,4.8546
5.7533,5.3947
5.7533,5.4168
5.7533,5.5276
5.7533,5.2362
-3.4676,-3.5236
-3.4676,-2.9773
-3.4676,-4.1924
-5.0668,-4.5615
-5.0668,-5.2806
-5.0668,-5.6034
-5.0668,-4.4134
-5.0668,-4.8278
-5.0668,-5.5531
4.8497,5.0137
4.8497,5.2888
4.8497,5.4668
4.8497,5.2046
4.8497,4.7815
4.8497,4.2913
4.8497,4.3415
4.8497,4.311
4.8497,4.3354
7.2663,6.4803
7.2663,6.7179
7.2663,6.8367
7.2663,7.4472
-8.3391,-8.9987
5.5276,5.5839
5.5276,6.2083
5.5276,4.8546
5.5276,5.3779
5.5276,5.7533
5.5276,5.2362
-5.6864,-6.3274
-5.6864,-5.6034
-5.6864,-4.8278
-1.6264,-0.63478
-1.6264,-1.1702
-6.537,-7.2758
-6.537,-5.6081
-6.537,-7.4763
-6.537,-6.504
-6.158,-6.5404
-6.158,-6.5968
-6.158,-6.619
-6.158,-6.6251
-2.4519,-2.5402
-2.4519,-2.1031
-2.4519,-2.4224
-2.4519,-3.0009
-2.4519,-1.7014
-2.4519,-3.1244
6.9605,6.3012
6.9605,7.1284
-3.4145,-3.1638
-3.4145,-3.502
-3.4145,-4.0964
-3.4145,-3.5416
-3.4145,-2.5402
-3.4145,-3.0009
-3.4145,-3.1244
-3.4145,-4.0532
-3.4145,-3.9023
-6.6251,-6.5404
-6.6251,-5.7361
-6.6251,-6.5968
-6.6251,-6.619
-6.6251,-6.6042
-6.6251,-7.5702
-6.6251,-6.158
-1.1839,-1.3447
-1.1839,-1.7008
-1.1839,-0.71648
-1.1839,-0.94155
-1.1839,-2.0066
-1.1839,-2.0462
-1.1839,-2.0926
-1.1839,-0.51803
-0.57564,-0.63478
-0.57564,-0.66474
-0.57564,-0.027204
-0.57564,0.38714
-0.57564,-1.1702
3.6732,4.6042
3.6732,4.6045
3.6732,3.8404
3.6732,3.8139
3.6732,4.4452
-2.4369,-2.745
-2.4369,-1.5654
-2.4369,-3.1829
-2.4369,-3.2244
-2.4369,-2.0066
-2.4369,-2.0462
-2.4369,-2.0926
-2.4369,-2.1536
6.0654,6.4803
6.0654,5.5748
6.0654,5.4868
6.0654,6.7179
6.0654,6.0234
-3.9023,-3.1638
-3.9023,-3.502
-3.9023,-4.5615
-3.9023,-4.0964
-3.9023,-4.4134
-3.9023,-4.0532
-3.9023,-3.4145
-5.5531,-6.3274
-5.5531,-5.2806
-5.5531,-5.217
-5.5531,-5.6034
-5.5531,-6.165
-5.5531,-6.2063
-5.5531,-5.0668
-3.7648,-3.502
-3.7648,-4.4134
-3.7648,-4.471
3.6311,4.5379
3.6311,3.6317
3.6311,4.4717
3.6311,3.8139
6.8385,5.8574
6.8385,6.047
-0.11495,-0.45598
-0.11495,-0.94155
-0.11495,-0.51803
-2.1536,-1.3447
-2.1536,-2.745
-2.1536,-1.5654
-2.1536,-1.8819
-2.1536,-2.7473
-2.1536,-2.4369
5.2362,4.6042
5.2362,5.7812
5.2362,4.6045
5.2362,4.8546
5.2362,4.4717
5.2362,5.4168
5.2362,5.3779
5.2362,4.6627
5.2362,5.7533
5.2362,5.5276
-0.51803,-0.71648
-0.51803,-1.1839
-0.51803,-0.11495
