5.3072,6.2827
5.3072,5.2564
5.3072,5.4933
5.3072,6.0957
5.3072,5.8435
5.3072,4.3756
5.3072,5.3273
5.3072,4.8555
5.3072,5.2823
-2.5583,-2.2846
-2.5583,-2.792
-2.5583,-2.1228
-2.5583,-3.4006
-2.5583,-2.1387
-6.1999,-6.4074
-6.1999,-5.4867
-2.3354,-2.705
-2.3354,-2.792
-2.3354,-2.1228
-2.3354,-1.7004
-2.3354,-1.7669
-2.3354,-2.1387
-2.3354,-2.9366
1.5033,2.3751
1.5033,1.2153
1.5033,2.3385
5.4248,5.0483
5.4248,5.7356
5.4248,5.916
5.4248,5.1901
5.4248,4.7785
5.4248,5.8111
5.4248,5.0278
5.4248,4.6403
5.4248,5.1978
3.9623,4.7785
3.9623,4.1184
3.9623,4.8732
-3.3877,-3.6792
-3.3877,-2.792
-3.3877,-3.9787
-3.3877,-3.6555
-3.3877,-3.4006
-3.3877,-2.9366
5.6859,5.5065
5.6859,5.6358
5.6859,5.3052
5.6859,6.0466
5.6859,6.1941
5.6859,5.0727
5.6859,6.3786
5.3407,5.4853
5.3407,4.4586
5.3407,4.9215
5.3407,5.4933
5.3407,6.211
5.3407,4.8555
5.5065,5.6859
5.5065,5.0135
5.5065,5.3052
5.5065,5.6151
5.5065,5.0921
5.5065,6.0466
5.5065,6.1941
5.5065,5.0888
5.5065,4.6241
5.5065,5.0727
-7.8732,-7.5718
-2.705,-2.3354
-2.705,-3.6555
-2.705,-1.7669
-2.705,-2.9366
-2.705,-2.8125
-0.22991,0.29999
-0.22991,0.35432
-0.22991,-1.1966
-0.22991,-1.1608
-0.22991,-1.1821
-0.22991,0.19299
-2.1689,-2.1691
-2.1689,-1.4771
-2.1689,-1.7774
-2.1689,-1.2024
-2.1689,-2.2671
-2.1689,-2.8935
5.7639,6.1805
5.7639,6.7409
5.7639,5.6151
5.7639,5.0394
5.0483,5.4248
5.0483,5.9813
5.0483,4.7785
5.0483,5.8111
5.0483,5.0278
5.0483,4.8732
5.4853,5.3407
5.4853,5.7356
5.4853,5.1901
5.4853,4.9215
5.4853,6.211
-2.5812,-2.8032
-2.5812,-3.3951
-2.5812,-1.6402
-2.5812,-2.0327
-5.1345,-5.1053
-5.1345,-4.9529
-5.1345,-5.8606
-5.1345,-4.5609
-5.1345,-5.4867
-3.6792,-3.3877
-3.6792,-3.9787
-3.6792,-4.5851
-3.6792,-3.6303
-3.6792,-3.6555
-3.6792,-2.9366
-6.5174,-6.2006
-6.5174,-6.4951
-6.5174,-6.4896
-6.5174,-6.0392
-6.6446,-6.5882
4.6211,5.0394
-2.1691,-2.1689
-2.1691,-1.4771
-2.1691,-1.7774
-2.1691,-2.4044
-0.38026,-1.0644
1.6934,0.98887
1.6934,2.357
1.6934,2.1509
1.6934,2.3751
1.6934,1.2153
1.6934,1.0086
1.6934,2.3385
-7.8078,-8.2539
-7.8078,-8.7619
-7.8078,-6.9204
5.7356,5.4248
5.7356,5.4853
5.7356,5.916
5.7356,5.1901
5.7356,6.4462
5.7356,6.211
5.7356,5.1978
-5.1053,-5.1345
-5.1053,-4.9529
-5.1053,-5.8606
-5.1053,-5.5698
5.0135,5.5065
5.0135,4.2709
5.0135,5.6151
5.0135,5.0921
5.0135,4.3164
5.0135,5.0888
5.0135,4.6241
5.0135,5.0727
-1.4771,-2.1689
-1.4771,-2.1691
-1.4771,-1.2024
-1.4771,-2.4044
6.2827,5.3072
6.2827,7.1358
6.2827,6.0957
6.2827,5.8435
6.2827,5.3273
6.2827,6.3496
5.2564,5.3072
5.2564,5.4933
5.2564,5.8435
5.2564,4.3756
5.2564,5.3273
5.2564,4.8555
5.2564,5.2823
0.98887,1.6934
0.98887,1.0086
5.916,5.4248
5.916,5.7356
5.916,5.1901
5.916,6.4462
5.916,5.8111
5.916,6.5263
5.916,5.1978
2.357,1.6934
2.357,2.3751
2.357,2.9524
2.357,2.3385
-4.9529,-5.1345
-4.9529,-5.1053
-4.9529,-5.8606
4.4586,5.3407
4.4586,4.9215
4.4586,4.2275
4.4586,4.8555
-2.1141,-1.8195
-2.1141,-2.8244
-2.1141,-2.8032
-2.1141,-1.1966
-2.1141,-1.1608
-2.1141,-1.1821
-2.1141,-2.0327
5.9813,5.0483
5.9813,5.8111
5.9813,5.0278
5.9813,6.9908
6.1805,5.7639
6.1805,6.7409
6.1805,5.6151
6.1805,6.0466
6.1805,6.1941
6.1805,6.8233
4.7775,5.6358
4.7775,5.3052
4.7775,5.0727
4.7775,4.4173
6.7409,5.7639
6.7409,6.1805
-6.7466,-6.8847
-6.974,-6.6647
-6.974,-7.5718
-2.2846,-2.5583
-2.2846,-1.3716
-2.2846,-1.3811
-2.2846,-2.1387
0.29999,-0.22991
0.29999,0.98555
5.6098,6.4085
5.6098,5.4455
5.6098,5.5632
5.6098,5.2823
-2.792,-2.5583
-2.792,-2.3354
-2.792,-3.3877
-2.792,-2.1228
-2.792,-3.4006
-2.792,-2.1387
-2.792,-2.9366
7.2188,6.3496
-8.432,-7.7831
-8.432,-8.5046
-3.2354,-3.2467
-3.2354,-3.1867
-3.2354,-2.4044
-1.6829,-1.5578
-1.6829,-2.4044
-1.6829,-1.6402
5.6358,5.6859
5.6358,4.7775
5.6358,5.3052
5.6358,6.3786
-6.6647,-6.974
5.1901,5.4248
5.1901,5.4853
5.1901,5.7356
5.1901,5.916
5.1901,4.9215
5.1901,4.4647
5.1901,4.6403
5.1901,4.431
5.1901,5.1978
3.4777,3.6194
3.4777,4.1184
5.3052,5.6859
5.3052,5.5065
5.3052,4.7775
5.3052,5.6358
5.3052,4.6241
5.3052,5.0727
5.3052,4.4173
-1.0115,-1.7004
-1.0115,-1.0644
-1.0115,-1.7669
4.9156,4.5987
2.1509,1.6934
2.1509,2.9524
7.1358,6.2827
7.1358,8.0192
-1.7774,-2.1689
-1.7774,-2.1691
-1.7774,-1.2024
-1.7774,-1.5274
-1.7774,-2.2671
3.7047,4.5987
3.7047,3.6647
-1.3716,-2.2846
-1.3716,-1.3811
-6.5882,-6.6446
-7.4378,-7.2548
-7.4378,-8.2539
-7.4378,-7.2522
6.4085,5.6098
6.4085,5.8435
6.4085,5.4455
6.4085,6.3496
6.4085,5.5632
-5.8606,-5.1345
-5.8606,-5.1053
-5.8606,-4.9529
-5.8606,-6.2006
-5.8606,-6.4074
-2.1228,-2.5583
-2.1228,-2.3354
-2.1228,-2.792
-2.1228,-1.7004
-2.1228,-1.4212
-2.1228,-1.3811
-2.1228,-2.1387
-7.2548,-7.4378
-7.2548,-8.2539
-7.2548,-7.2522
-7.2548,-6.9204
-0.42149,-1.3811
4.7074,4.5987
4.7074,5.2823
4.2709,5.0135
4.2709,5.0921
4.2709,4.0872
4.2709,4.3164
4.2709,5.0888
4.2709,4.6241
5.6151,5.5065
5.6151,5.7639
5.6151,5.0135
5.6151,6.1805
5.6151,5.0921
5.6151,6.0466
5.6151,5.0394
5.6151,5.0888
2.3751,1.5033
2.3751,1.6934
2.3751,2.357
2.3751,2.9524
2.3751,2.3385
4.9215,5.3407
4.9215,5.4853
4.9215,4.4586
4.9215,5.1901
4.9215,4.4647
4.9215,4.2275
4.9215,4.431
5.0921,5.5065
5.0921,5.0135
5.0921,4.2709
5.0921,5.6151
5.0921,6.0466
5.0921,5.0888
5.0921,4.6241
5.0921,5.0727
-0.69566,-1.6404
-1.6404,-0.69566
-1.6404,-2.3512
-1.6404,-1.4788
-1.6404,-2.3468
-1.2024,-2.1689
-1.2024,-1.4771
-1.2024,-1.7774
-1.2024,-1.5274
-1.2024,-0.45565
-1.7004,-2.3354
-1.7004,-1.0115
-1.7004,-2.1228
-1.7004,-1.0644
-1.7004,-1.4212
-1.7004,-1.7669
-1.7004,-2.1387
5.4933,5.3072
5.4933,5.3407
5.4933,5.2564
5.4933,6.0957
5.4933,4.8555
-1.5274,-1.7774
-1.5274,-1.2024
-1.5274,-2.2671
-1.5274,-0.83282
-1.5274,-2.3512
-1.5274,-1.4788
-6.2006,-6.5174
-6.2006,-5.8606
-6.2006,-5.5698
-6.2006,-6.4951
-6.2006,-6.4896
-1.8195,-2.1141
-1.8195,-1.1966
-1.8195,-1.1608
-1.8195,-1.1821
6.0466,5.6859
6.0466,5.5065
6.0466,6.1805
6.0466,5.6151
6.0466,5.0921
6.0466,6.1941
6.0466,6.8233
6.0466,5.0888
-3.8891,-3.7976
-2.2671,-2.1689
-2.2671,-1.7774
-2.2671,-1.5274
-2.2671,-2.3512
-2.2671,-2.3468
-2.2671,-2.8935
-2.2671,-2.5782
-3.2467,-3.2354
-3.2467,-2.4044
4.7785,5.4248
4.7785,3.9623
4.7785,5.0483
4.7785,4.1184
4.7785,5.0278
4.7785,4.6403
4.7785,4.8732
4.7785,5.1978
0.35432,-0.22991
0.35432,0.19299
4.4647,5.1901
4.4647,4.9215
4.4647,3.6194
4.4647,4.2275
4.4647,4.1184
4.4647,4.6403
4.4647,4.431
4.4647,5.1978
-0.75313,-1.6402
6.4462,5.7356
6.4462,5.916
6.4462,6.211
6.4462,6.5263
1.2153,1.5033
1.2153,1.6934
1.2153,0.41771
4.0872,4.2709
4.0872,4.6241
4.0872,5.0727
4.0872,4.4173
-5.5698,-5.1053
-5.5698,-6.2006
-5.5698,-6.4951
-5.5698,-6.4896
-5.5698,-6.0392
0.41771,1.2153
-8.2539,-7.8078
-8.2539,-7.4378
-8.2539,-7.2548
-8.2539,-7.2522
-8.2539,-8.9262
-6.0236,-6.9204
6.1941,5.6859
6.1941,5.5065
6.1941,6.1805
6.1941,6.0466
6.1941,6.8233
6.1941,6.3786
6.8233,6.1805
6.8233,6.0466
6.8233,6.1941
-1.5578,-1.6829
-1.5578,-1.6402
-2.8244,-2.1141
-2.8244,-2.8032
-2.8244,-3.3951
-2.8244,-2.0327
6.211,5.3407
6.211,5.4853
6.211,5.7356
6.211,6.4462
6.211,6.5118
-7.008,-6.4074
6.0957,5.3072
6.0957,6.2827
6.0957,5.4933
6.0957,6.5118
-2.8032,-2.5812
-2.8032,-2.1141
-2.8032,-2.8244
-2.8032,-3.3951
-2.8032,-2.0327
-3.9787,-3.3877
-3.9787,-3.6792
-3.9787,-4.5851
-3.9787,-3.6555
-3.9787,-3.4006
-6.4951,-6.5174
-6.4951,-6.2006
-6.4951,-5.5698
-6.4951,-6.4896
-6.4951,-6.0392
-0.83282,-1.5274
-0.83282,-1.4788
-0.83282,-0.45565
4.5987,4.9156
4.5987,3.7047
4.5987,4.7074
4.5987,5.4455
4.5987,5.5632
4.3164,5.0135
4.3164,4.2709
4.3164,5.0394
-7.7831,-8.432
-7.7831,-6.8847
5.8435,5.3072
5.8435,6.2827
5.8435,5.2564
5.8435,6.4085
5.8435,5.3273
5.8435,6.3496
5.8435,5.2823
-3.3951,-2.5812
-3.3951,-2.8244
-3.3951,-2.8032
-4.5851,-3.6792
-4.5851,-3.9787
-4.5851,-3.6555
-4.5851,-4.7158
1.0086,1.6934
1.0086,0.98887
3.6194,3.4777
3.6194,4.4647
3.6194,4.2275
3.6194,4.431
-0.80743,-1.1966
-0.80743,-0.19198
-2.3512,-1.6404
-2.3512,-1.5274
-2.3512,-2.2671
-2.3512,-1.4788
-2.3512,-2.3468
-2.3512,-2.5782
-1.1966,-0.22991
-1.1966,-2.1141
-1.1966,-1.8195
-1.1966,-0.80743
-1.1966,-1.1608
-1.1966,-1.1821
-8.7619,-7.8078
-8.7619,-8.9262
5.8111,5.4248
5.8111,5.0483
5.8111,5.916
5.8111,5.9813
5.8111,6.5263
5.8111,5.0278
5.8111,5.1978
6.5118,6.211
6.5118,6.0957
-1.1608,-0.22991
-1.1608,-2.1141
-1.1608,-1.8195
-1.1608,-1.1966
-1.1608,-1.1821
5.4455,5.6098
5.4455,6.4085
5.4455,4.5987
5.4455,5.5632
5.4455,5.2823
-1.0644,-0.38026
-1.0644,-1.0115
-1.0644,-1.7004
-1.0644,-1.4212
-3.1867,-3.2354
-3.1867,-2.4044
-6.1535,-6.8847
6.5263,5.916
6.5263,6.4462
6.5263,5.8111
-1.1821,-0.22991
-1.1821,-2.1141
-1.1821,-1.8195
-1.1821,-1.1966
-1.1821,-1.1608
-1.1821,-1.6402
5.0394,5.7639
5.0394,4.6211
5.0394,5.6151
5.0394,4.3164
4.3756,5.3072
4.3756,5.2564
4.3756,5.3273
4.3756,4.8555
-1.4788,-1.6404
-1.4788,-1.5274
-1.4788,-0.83282
-1.4788,-2.3512
-1.4788,-2.3468
-2.3468,-1.6404
-2.3468,-2.2671
-2.3468,-2.3512
-2.3468,-1.4788
-2.3468,-2.5782
2.9524,2.357
2.9524,2.1509
2.9524,2.3751
2.9524,2.3385
-7.2522,-7.4378
-7.2522,-7.2548
-7.2522,-8.2539
-7.2522,-6.9204
-6.8847,-6.7466
-6.8847,-7.7831
-6.8847,-6.1535
-6.8847,-7.2734
4.2275,4.4586
4.2275,4.9215
4.2275,4.4647
4.2275,3.6194
4.2275,4.431
4.1184,3.9623
4.1184,3.4777
4.1184,4.7785
4.1184,4.4647
4.1184,4.6403
4.1184,4.431
-3.6303,-3.6792
-3.6303,-4.2601
-3.6303,-3.6555
-3.6303,-2.8125
-3.6303,-3.7976
-1.4212,-2.1228
-1.4212,-1.7004
-1.4212,-1.0644
-1.4212,-1.3811
-1.4212,-2.1387
3.9823,3.6647
5.0278,5.4248
5.0278,5.0483
5.0278,5.9813
5.0278,4.7785
5.0278,5.8111
5.0278,4.8732
-0.45565,-1.2024
-0.45565,-0.83282
-8.9262,-8.2539
-8.9262,-8.7619
-4.2601,-3.6303
-4.2601,-4.5609
-4.2601,-4.7158
-4.2601,-3.7976
-4.5609,-5.1345
-4.5609,-4.2601
-4.5609,-3.7976
-1.3811,-2.2846
-1.3811,-1.3716
-1.3811,-2.1228
-1.3811,-0.42149
-1.3811,-1.4212
-1.3811,-2.1387
-8.5046,-8.432
-2.8935,-2.1689
-2.8935,-2.2671
-3.6555,-3.3877
-3.6555,-2.705
-3.6555,-3.6792
-3.6555,-3.9787
-3.6555,-4.5851
-3.6555,-3.6303
-3.6555,-2.9366
4.6403,5.4248
4.6403,5.1901
4.6403,4.7785
4.6403,4.4647
4.6403,4.1184
4.6403,4.431
4.6403,5.1978
5.0888,5.5065
5.0888,5.0135
5.0888,4.2709
5.0888,5.6151
5.0888,5.0921
5.0888,6.0466
5.0888,4.6241
5.0888,5.0727
4.431,5.1901
4.431,4.9215
4.431,4.4647
4.431,3.6194
4.431,4.2275
4.431,4.1184
4.431,4.6403
4.431,5.1978
-2.5782,-2.2671
-2.5782,-2.3512
-2.5782,-2.3468
-2.5782,-2.6122
4.6241,5.5065
4.6241,5.0135
4.6241,5.3052
4.6241,4.2709
4.6241,5.0921
4.6241,4.0872
4.6241,5.0888
4.6241,5.0727
4.6241,4.4173
5.3273,5.3072
5.3273,6.2827
5.3273,5.2564
5.3273,5.8435
5.3273,4.3756
5.3273,5.2823
2.3385,1.5033
2.3385,1.6934
2.3385,2.357
2.3385,2.3751
2.3385,2.9524
5.0727,5.6859
5.0727,5.5065
5.0727,5.0135
5.0727,4.7775
5.0727,5.3052
5.0727,5.0921
5.0727,4.0872
5.0727,5.0888
5.0727,4.6241
5.0727,4.4173
-2.4044,-2.1691
-2.4044,-1.4771
-2.4044,-3.2354
-2.4044,-1.6829
-2.4044,-3.2467
-2.4044,-3.1867
-6.4896,-6.5174
-6.4896,-6.2006
-6.4896,-5.5698
-6.4896,-6.4951
-6.4896,-6.0392
4.8732,3.9623
4.8732,5.0483
4.8732,4.7785
4.8732,5.0278
-6.4074,-6.1999
-6.4074,-5.8606
-6.4074,-7.008
-1.7669,-2.3354
-1.7669,-2.705
-1.7669,-1.0115
-1.7669,-1.7004
6.3496,6.2827
6.3496,7.2188
6.3496,6.4085
6.3496,5.8435
-3.4006,-2.5583
-3.4006,-3.3877
-3.4006,-2.792
-3.4006,-3.9787
-4.7158,-4.5851
-4.7158,-4.2601
-4.7158,-5.4867
5.1978,5.4248
5.1978,5.7356
5.1978,5.916
5.1978,5.1901
5.1978,4.7785
5.1978,4.4647
5.1978,5.8111
5.1978,4.6403
5.1978,4.431
6.3786,5.6859
6.3786,5.6358
6.3786,6.1941
-6.9204,-7.8078
-6.9204,-7.2548
-6.9204,-6.0236
-6.9204,-7.2522
5.5632,5.6098
5.5632,6.4085
5.5632,4.5987
5.5632,5.4455
5.5632,5.2823
-7.5718,-7.8732
-7.5718,-6.974
-2.6122,-2.5782
-7.2734,-6.8847
-2.1387,-2.5583
-2.1387,-2.3354
-2.1387,-2.2846
-2.1387,-2.792
-2.1387,-2.1228
-2.1387,-1.7004
-2.1387,-1.4212
-2.1387,-1.3811
8.0192,7.1358
-2.9366,-2.3354
-2.9366,-3.3877
-2.9366,-2.705
-2.9366,-3.6792
-2.9366,-2.792
-2.9366,-3.6555
-6.0392,-6.5174
-6.0392,-5.5698
-6.0392,-6.4951
-6.0392,-6.4896
-0.19198,-0.80743
4.8555,5.3072
4.8555,5.3407
4.8555,5.2564
4.8555,4.4586
4.8555,5.4933
4.8555,4.3756
-1.6402,-2.5812
-1.6402,-1.6829
-1.6402,-0.75313
-1.6402,-1.5578
-1.6402,-1.1821
-1.6402,-2.0327
4.4173,4.7775
4.4173,5.3052
4.4173,4.0872
4.4173,4.6241
4.4173,5.0727
-2.8125,-2.705
-2.8125,-3.6303
-5.4867,-6.1999
-5.4867,-5.1345
-5.4867,-4.7158
-3.7976,-3.8891
-3.7976,-3.6303
-3.7976,-4.2601
-3.7976,-4.5609
3.6647,3.7047
3.6647,3.9823
6.9908,5.9813
0.98555,0.29999
-2.0327,-2.5812
-2.0327,-2.1141
-2.0327,-2.8244
-2.0327,-2.8032
-2.0327,-1.6402
5.2823,5.3072
5.2823,5.2564
5.2823,5.6098
5.2823,4.7074
5.2823,5.8435
5.2823,5.4455
5.2823,5.3273
5.2823,5.5632
0.19299,-0.22991
0.19299,0.35432
