-2.1956,-1.4431
-2.1956,-3.027
-2.1956,-3.1101
-2.1956,-2.1986
-6.3522,-5.8806
-6.3522,-6.7138
-6.3522,-5.6152
-6.3522,-5.8032
-6.3522,-6.3955
-6.3522,-5.7026
-5.7289,-5.2392
-5.1899,-5.8806
-5.1899,-5.6152
-5.1899,-5.8032
-5.1899,-5.2388
-5.1899,-4.6432
0.97009,0.3276
0.97009,1.8284
0.97009,0.88679
0.97009,1.5784
-4.9212,-5.7185
-4.9212,-4.7643
-4.9212,-4.6904
-4.9212,-4.1285
-4.9212,-5.028
-4.9212,-5.2505
-5.7592,-5.7185
-5.7592,-5.673
-5.7592,-5.0707
-5.7592,-6.6133
-5.7592,-5.9423
-5.7592,-5.028
-5.7592,-5.7571
-5.9013,-6.1231
-5.9013,-6.3357
-5.9013,-5.3145
-5.9013,-6.6205
6.1972,5.9245
6.1972,5.8266
6.1972,6.964
-3.9196,-4.7643
-3.9196,-3.9445
-3.9196,-4.6904
-3.9196,-4.1285
-3.9196,-3.1101
-3.9196,-3.9572
5.9245,6.1972
5.9245,5.2577
5.9245,5.8266
5.9245,5.8715
5.9245,5.6427
5.9245,6.5324
-4.2856,-5.2392
-4.2856,-3.418
-4.2856,-4.5526
-5.8806,-6.3522
-5.8806,-5.1899
-5.8806,-5.4982
-5.8806,-5.936
-5.8806,-5.8032
-5.8806,-6.3955
-5.8806,-5.2388
-5.8806,-6.2728
6.7157,7.1636
4.0411,4.5356
4.0411,4.5298
4.0411,3.7005
4.0543,4.6245
4.0543,4.825
4.0543,4.8567
-5.7185,-4.9212
-5.7185,-5.7592
-5.7185,-4.7643
-5.7185,-5.673
-5.7185,-5.0707
-5.7185,-5.9423
-5.7185,-5.028
-5.7185,-5.2505
7.8547,7.7518
7.8547,6.9703
-3.0805,-2.3092
-3.0805,-3.1101
-3.0805,-2.1986
6.265,6.1749
6.265,6.593
6.265,7.0506
6.265,5.8864
6.265,6.5543
-3.4941,-3.9065
-3.4941,-2.9556
-3.4941,-3.418
-4.9268,-5.7026
-0.45467,0.32098
-0.45467,-1.354
-0.45467,0.15604
-0.45467,-0.34899
-0.45467,-0.095419
-0.45467,-0.75125
0.32098,-0.45467
0.32098,0.51987
0.32098,0.15604
0.32098,0.96416
0.32098,-0.095419
1.7756,1.5937
1.7756,1.9489
1.7756,1.1004
1.7756,1.0485
4.5356,4.0411
4.5356,5.4703
4.5356,5.0346
4.5356,3.7005
-5.4982,-5.8806
-5.4982,-5.1751
-5.4982,-5.936
-5.4982,-5.8032
-5.4982,-6.287
-5.4982,-4.785
-5.4982,-5.2388
-5.4982,-6.2728
1.2655,1.8807
1.2655,1.5937
1.2655,1.8284
1.2655,0.6029
1.2655,0.88679
1.2655,1.1004
7.4913,7.5732
7.4913,6.7753
-4.7643,-4.9212
-4.7643,-3.9196
-4.7643,-5.7185
-4.7643,-4.6904
-4.7643,-4.1285
-4.7643,-5.0707
-4.7643,-5.028
-4.7643,-3.9572
-4.7643,-5.2505
-1.365,-0.82225
-1.365,-1.354
-1.365,-2.0409
-1.365,-0.94791
-1.365,-0.75125
-1.365,-1.708
4.6245,4.0543
4.6245,5.1385
4.6245,3.7998
4.6245,4.8567
6.944,7.7518
6.944,6.9703
6.944,7.2914
6.944,6.1362
4.5298,4.0411
4.5298,4.897
4.5298,5.3922
4.5298,5.0346
4.5298,5.0336
4.5298,4.0124
-3.5751,-3.9563
-1.3043,-1.5148
-1.3043,-0.97229
-1.3043,-1.7683
-1.3043,-0.50055
2.3624,1.8807
2.3624,1.5937
2.3624,2.8472
2.3624,1.9489
0.19153,0.6029
0.19153,0.71489
0.19153,1.1004
-0.82225,-1.365
-0.82225,-1.354
-0.82225,-0.11948
-0.82225,-0.25027
-0.82225,-0.94791
-0.82225,-0.34899
-0.82225,-0.75125
-3.9445,-3.9196
-3.9445,-4.8079
-3.9445,-4.6904
-3.9445,-4.57
-3.9445,-3.027
-3.9445,-3.9572
6.1749,6.265
6.1749,5.3922
6.1749,6.593
6.1749,5.6175
6.1749,5.8864
6.1749,6.6103
6.1749,5.8916
6.1749,6.5543
-6.8296,-6.8802
-6.8296,-7.7663
4.825,4.0543
4.825,5.1099
4.825,5.2577
4.825,4.8567
4.825,5.6427
7.7518,7.8547
7.7518,6.944
7.7518,6.9703
7.7518,7.2914
5.1099,4.825
5.1099,5.8266
3.9718,4.0995
3.9718,4.8593
-6.8056,-6.1231
-6.8056,-7.1597
-6.7138,-6.3522
-6.7138,-6.0163
5.4703,4.5356
5.4703,5.0346
5.4703,5.314
-0.22168,0.39768
-0.22168,0.54032
-0.22168,-0.55554
-0.22168,-0.97229
-0.22168,-1.1895
-0.22168,-0.39687
-0.22168,-0.45824
-6.0163,-6.7138
-6.0163,-6.6205
-6.0163,-5.7026
0.39768,-0.22168
0.39768,-0.39687
0.39768,-0.50055
2.0077,2.2153
4.897,4.5298
4.897,5.3922
4.897,5.0579
4.897,5.6175
4.897,5.0336
4.897,4.0124
5.3922,4.5298
5.3922,6.1749
5.3922,4.897
5.3922,5.0579
5.3922,5.6175
5.3922,5.8864
5.3922,5.8916
5.3922,5.0336
6.9703,7.8547
6.9703,6.944
6.9703,7.7518
6.9703,6.5556
-6.1231,-5.9013
-6.1231,-6.8056
-6.1231,-5.2392
-6.1231,-6.3357
-6.1231,-5.3145
-4.8079,-3.9445
-4.8079,-4.6904
-4.8079,-4.57
-4.8079,-5.673
-4.8079,-5.0707
-4.8079,-5.2917
-4.8079,-5.028
-4.6904,-4.9212
-4.6904,-3.9196
-4.6904,-4.7643
-4.6904,-3.9445
-4.6904,-4.8079
-4.6904,-4.57
-4.6904,-5.0707
-4.6904,-5.028
-4.6904,-3.9572
6.7587,5.8715
6.7587,6.226
6.7587,7.1913
6.7587,6.5324
-5.1751,-5.4982
-5.1751,-5.936
0.54032,-0.22168
0.54032,1.0485
0.54032,-0.45824
-5.2392,-5.7289
-5.2392,-4.2856
-5.2392,-6.1231
-5.2392,-5.3145
-5.2392,-4.5526
1.8807,1.2655
1.8807,2.3624
1.8807,1.5937
1.8807,1.8284
-4.2067,-3.9563
0.66314,1.4639
0.66314,1.1019
0.66314,-0.11948
0.66314,0.15604
0.66314,-0.25027
0.66314,0.3097
0.66314,0.80724
-0.55554,-0.22168
-0.55554,-1.4431
-0.55554,-1.1408
-0.55554,-0.45824
-0.55554,0.036947
-7.3125,-6.3955
-7.3125,-6.895
1.4639,0.66314
1.4639,1.1019
1.4639,0.80724
4.0995,3.9718
4.0995,5.0114
-1.5148,-1.3043
-1.5148,-0.97229
-1.5148,-1.4431
-1.5148,-1.4631
-1.5148,-2.3092
-1.5148,-1.1895
-1.5148,-1.7683
-1.5148,-2.1986
-2.4099,-2.0409
-2.4099,-2.0452
-5.6152,-6.3522
-5.6152,-5.1899
-5.6152,-5.8032
-5.6152,-5.7026
-5.6152,-4.6432
4.8593,3.9718
4.8593,5.8163
4.8593,5.0114
-5.936,-5.8806
-5.936,-5.4982
-5.936,-5.1751
-5.936,-6.287
-5.936,-5.2388
-5.936,-6.2728
-0.97229,-1.3043
-0.97229,-0.22168
-0.97229,-1.5148
-0.97229,-1.4631
-0.97229,-1.1895
-0.97229,-0.39687
-0.97229,-1.7683
-0.97229,-0.50055
5.1385,4.6245
5.1385,5.2577
5.1385,5.8715
5.1385,5.8406
5.1385,4.8567
5.1385,5.6427
5.2577,5.9245
5.2577,4.825
5.2577,5.1385
5.2577,5.8266
5.2577,5.8715
5.2577,4.8567
5.2577,5.6427
1.5937,1.7756
1.5937,1.2655
1.5937,2.3624
1.5937,1.8807
1.5937,1.9489
1.5937,1.1004
-4.57,-3.9445
-4.57,-4.8079
-4.57,-4.6904
-4.57,-5.0707
-4.57,-5.2917
5.8266,6.1972
5.8266,5.9245
5.8266,5.1099
5.8266,5.2577
5.8266,5.6427
5.8266,6.5324
0.3276,0.97009
-0.8583,-0.11948
-0.8583,-0.94791
-0.8583,-0.095652
-0.8583,-1.708
1.8284,0.97009
1.8284,1.2655
1.8284,1.8807
1.8284,0.88679
1.8284,1.5784
-5.8032,-6.3522
-5.8032,-5.1899
-5.8032,-5.8806
-5.8032,-5.4982
-5.8032,-5.6152
-5.8032,-6.3955
-5.8032,-5.2388
-5.8032,-6.2728
-1.4431,-2.1956
-1.4431,-0.55554
-1.4431,-1.5148
-1.4431,-1.4631
-1.4431,-1.1408
-1.4431,-1.1895
-1.4431,-0.45824
-1.4431,-2.1986
1.1019,0.66314
1.1019,1.4639
1.1019,0.3097
1.1019,0.72894
-1.354,-0.45467
-1.354,-1.365
-1.354,-0.82225
-1.354,-2.0452
-1.354,-0.75125
6.593,6.265
6.593,6.1749
6.593,7.4172
6.593,7.0506
6.593,5.8864
6.593,6.6103
6.593,6.5543
5.8715,5.9245
5.8715,6.7587
5.8715,5.1385
5.8715,5.2577
5.8715,5.8406
5.8715,6.226
5.8715,5.6427
5.8715,6.5324
-2.0409,-1.365
-2.0409,-2.4099
-2.0409,-2.9556
-2.0409,-1.708
-0.11948,-0.82225
-0.11948,0.66314
-0.11948,-0.8583
-0.11948,-0.25027
-0.11948,0.3097
-0.11948,-0.94791
-0.11948,-0.095652
5.0579,4.897
5.0579,5.3922
5.0579,5.8864
-6.5803,-6.6133
-6.5803,-5.7571
7.2914,6.944
7.2914,7.7518
7.2914,7.1636
-5.673,-5.7592
-5.673,-5.7185
-5.673,-4.8079
-5.673,-5.0707
-5.673,-6.6133
-5.673,-5.2917
-5.673,-5.028
-5.673,-5.7571
5.0346,4.5356
5.0346,4.5298
5.0346,5.4703
5.0346,5.0336
5.0346,5.314
-4.1285,-4.9212
-4.1285,-3.9196
-4.1285,-4.7643
0.6029,1.2655
0.6029,0.19153
0.6029,0.88679
5.8406,5.1385
5.8406,5.8715
5.8406,6.226
5.8406,5.6427
0.51987,0.32098
0.51987,0.15604
0.51987,0.80724
0.51987,-0.34899
0.51987,1.2858
0.88679,0.97009
0.88679,1.2655
0.88679,1.8284
0.88679,0.6029
5.8163,4.8593
5.8163,5.9533
5.9533,5.8163
5.9533,6.7753
5.9533,5.0114
6.226,6.7587
6.226,5.8715
6.226,5.8406
6.226,5.6427
6.226,7.1913
6.226,6.5556
6.964,6.1972
6.964,6.5324
5.6175,6.1749
5.6175,4.897
5.6175,5.3922
5.6175,5.8916
5.6175,5.0336
5.6175,5.314
5.6175,6.5543
7.4172,6.593
7.4172,7.0506
7.4172,7.2752
7.4172,6.5543
-1.4631,-1.5148
-1.4631,-0.97229
-1.4631,-1.4431
-1.4631,-2.3092
-1.4631,-1.1408
-1.4631,-1.1895
-1.4631,-1.7683
-1.4631,-2.1986
-2.0452,-2.4099
-2.0452,-1.354
-2.3092,-3.0805
-2.3092,-1.5148
-2.3092,-1.4631
-2.3092,-1.7683
-2.3092,-2.1986
7.0506,6.265
7.0506,6.593
7.0506,7.4172
-6.3357,-5.9013
-6.3357,-6.1231
-6.3357,-6.6205
-6.3357,-7.1597
0.15604,-0.45467
0.15604,0.32098
0.15604,0.66314
0.15604,0.51987
0.15604,-0.25027
0.15604,0.3097
0.15604,0.80724
0.15604,-0.34899
1.5784,0.97009
1.5784,1.8284
-1.1408,-0.55554
-1.1408,-1.4431
-1.1408,-1.4631
-1.1408,-1.1895
-1.1408,-0.45824
2.8472,2.3624
2.8472,1.9489
3.0397,2.2153
-1.1895,-0.22168
-1.1895,-1.5148
-1.1895,-0.97229
-1.1895,-1.4431
-1.1895,-1.4631
-1.1895,-1.1408
-1.1895,-0.39687
-1.1895,-0.45824
5.8864,6.265
5.8864,6.1749
5.8864,5.3922
5.8864,6.593
5.8864,5.0579
-5.3145,-5.9013
-5.3145,-6.1231
-5.3145,-5.2392
-5.3145,-4.7116
1.9489,1.7756
1.9489,2.3624
1.9489,1.5937
1.9489,2.8472
1.9489,1.1004
-5.0707,-5.7592
-5.0707,-5.7185
-5.0707,-4.7643
-5.0707,-4.8079
-5.0707,-4.6904
-5.0707,-4.57
-5.0707,-5.673
-5.0707,-5.028
-5.0707,-5.7571
6.6103,6.1749
6.6103,6.593
6.6103,6.198
6.6103,5.8916
6.6103,7.2752
6.6103,6.5543
-0.25027,-0.82225
-0.25027,0.66314
-0.25027,-0.11948
-0.25027,0.15604
-0.25027,0.3097
-0.25027,-0.94791
-0.25027,-0.34899
6.198,6.6103
6.198,5.8916
6.198,5.314
7.5732,7.4913
-6.6133,-5.7592
-6.6133,-6.5803
-6.6133,-5.673
-3.9563,-3.5751
-3.9563,-4.2067
-3.9563,-4.6387
5.8916,6.1749
5.8916,5.3922
5.8916,5.6175
5.8916,6.6103
5.8916,6.198
5.8916,5.0336
5.8916,5.314
5.8916,6.5543
-0.39687,-0.22168
-0.39687,0.39768
-0.39687,-0.97229
-0.39687,-1.1895
-0.39687,-0.45824
-0.39687,-0.50055
-6.287,-5.4982
-6.287,-5.936
-6.287,-6.895
5.0336,4.5298
5.0336,4.897
5.0336,5.3922
5.0336,5.0346
5.0336,5.6175
5.0336,5.8916
5.0336,5.314
-6.8802,-6.8296
-6.8802,-7.7663
7.2752,7.4172
7.2752,6.6103
7.2752,6.5543
3.7998,4.6245
-3.027,-2.1956
-3.027,-3.9445
-3.027,-3.1101
-3.027,-3.9572
0.3097,0.66314
0.3097,1.1019
0.3097,-0.11948
0.3097,0.15604
0.3097,-0.25027
0.3097,0.80724
0.3097,-0.095652
-0.94791,-1.365
-0.94791,-0.82225
-0.94791,-0.8583
-0.94791,-0.11948
-0.94791,-0.25027
-0.94791,-1.708
0.71489,0.19153
0.71489,1.1004
0.71489,1.0485
0.71489,0.036947
6.7753,7.4913
6.7753,5.9533
2.2153,2.0077
2.2153,3.0397
2.2153,1.2858
-3.1101,-2.1956
-3.1101,-3.9196
-3.1101,-3.0805
-3.1101,-3.027
-3.1101,-3.9572
-3.1101,-2.1986
-5.2917,-4.8079
-5.2917,-4.57
-5.2917,-5.673
-5.2917,-5.7571
-4.785,-5.4982
-4.785,-5.2388
-6.3955,-6.3522
-6.3955,-5.8806
-6.3955,-7.3125
-6.3955,-5.8032
-6.3955,-6.895
-6.3955,-6.2728
1.1004,1.7756
1.1004,1.2655
1.1004,0.19153
1.1004,1.5937
1.1004,1.9489
1.1004,0.71489
1.1004,1.0485
-5.9423,-5.7592
-5.9423,-5.7185
-5.9423,-5.2505
0.72894,1.1019
0.72894,-0.095652
-3.9065,-3.4941
-3.9065,-2.9556
-3.9065,-3.8596
-3.9065,-4.7116
-2.9556,-3.4941
-2.9556,-2.0409
-2.9556,-3.9065
-6.895,-7.3125
-6.895,-6.287
-6.895,-6.3955
-6.895,-6.2728
0.96416,0.32098
3.7005,4.0411
3.7005,4.5356
-3.8596,-3.9065
-5.028,-4.9212
-5.028,-5.7592
-5.028,-5.7185
-5.028,-4.7643
-5.028,-4.8079
-5.028,-4.6904
-5.028,-5.673
-5.028,-5.0707
4.8567,4.0543
4.8567,4.6245
4.8567,4.825
4.8567,5.1385
4.8567,5.2577
4.8567,5.6427
-3.9572,-3.9196
-3.9572,-4.7643
-3.9572,-3.9445
-3.9572,-4.6904
-3.9572,-3.027
-3.9572,-3.1101
0.80724,0.66314
0.80724,1.4639
0.80724,0.51987
0.80724,0.15604
0.80724,0.3097
0.80724,1.2858
5.6427,5.9245
5.6427,4.825
5.6427,5.1385
5.6427,5.2577
5.6427,5.8266
5.6427,5.8715
5.6427,5.8406
5.6427,6.226
5.6427,4.8567
5.6427,6.5324
-1.7683,-1.3043
-1.7683,-1.5148
-1.7683,-0.97229
-1.7683,-1.4631
-1.7683,-2.3092
1.0485,1.7756
1.0485,0.54032
1.0485,0.71489
1.0485,1.1004
7.1913,6.7587
7.1913,6.226
7.1913,6.5556
4.0124,4.5298
4.0124,4.897
-0.34899,-0.45467
-0.34899,-0.82225
-0.34899,0.51987
-0.34899,0.15604
-0.34899,-0.25027
-0.34899,-0.75125
-5.7571,-5.7592
-5.7571,-6.5803
-5.7571,-5.673
-5.7571,-5.0707
-5.7571,-5.2917
-3.418,-4.2856
-3.418,-3.4941
-5.2388,-5.1899
-5.2388,-5.8806
-5.2388,-5.4982
-5.2388,-5.936
-5.2388,-5.8032
-5.2388,-4.785
-0.13526,-0.50055
-6.6205,-5.9013
-6.6205,-6.0163
-6.6205,-6.3357
-4.7116,-5.3145
-4.7116,-3.9065
-5.2505,-4.9212
-5.2505,-5.7185
-5.2505,-4.7643
-5.2505,-5.9423
6.5324,5.9245
6.5324,6.7587
6.5324,5.8266
6.5324,5.8715
6.5324,6.964
6.5324,5.6427
5.0114,4.0995
5.0114,4.8593
5.0114,5.9533
-0.45824,-0.22168
-0.45824,0.54032
-0.45824,-0.55554
-0.45824,-1.4431
-0.45824,-1.1408
-0.45824,-1.1895
-0.45824,-0.39687
-7.1597,-6.8056
-7.1597,-6.3357
-0.095652,-0.8583
-0.095652,-0.11948
-0.095652,0.3097
-0.095652,0.72894
1.2858,0.51987
1.2858,2.2153
1.2858,0.80724
-0.095419,-0.45467
-0.095419,0.32098
-5.7026,-6.3522
-5.7026,-4.9268
-5.7026,-6.0163
-5.7026,-5.6152
-4.6387,-3.9563
-6.2728,-5.8806
-6.2728,-5.4982
-6.2728,-5.936
-6.2728,-5.8032
-6.2728,-6.3955
-6.2728,-6.895
-0.75125,-0.45467
-0.75125,-1.365
-0.75125,-0.82225
-0.75125,-1.354
-0.75125,-0.34899
7.1636,6.7157
7.1636,7.2914
7.1636,7.9999
-2.1986,-2.1956
-2.1986,-3.0805
-2.1986,-1.5148
-2.1986,-1.4431
-2.1986,-1.4631
-2.1986,-2.3092
-2.1986,-3.1101
5.314,5.4703
5.314,5.0346
5.314,5.6175
5.314,6.198
5.314,5.8916
5.314,5.0336
6.5556,6.9703
6.5556,6.226
6.5556,7.1913
-4.6432,-5.1899
-4.6432,-5.6152
-4.5526,-4.2856
-4.5526,-5.2392
-1.708,-1.365
-1.708,-0.8583
-1.708,-2.0409
-1.708,-0.94791
0.036947,-0.55554
0.036947,0.71489
-7.7663,-6.8296
-7.7663,-6.8802
6.1362,6.944
6.5543,6.265
6.5543,6.1749
6.5543,6.593
6.5543,5.6175
6.5543,7.4172
6.5543,6.6103
6.5543,5.8916
6.5543,7.2752
-0.50055,-1.3043
-0.50055,0.39768
-0.50055,-0.97229
-0.50055,-0.39687
-0.50055,-0.13526
7.9999,7.1636
