-2.9751,-3.5127
-2.9751,-3.1357
-2.9751,-2.6946
-2.9751,-2.2564
-2.9751,-3.0543
-2.9751,-3.1008
-2.9751,-2.5536
-2.9751,-2.8979
-2.9751,-2.7144
-2.9751,-3.3912
-2.9751,-2.4382
-2.9751,-3.5737
-2.9751,-2.6427
-2.9751,-3.5939
-2.9751,-3.8481
-2.9751,-3.2597
-2.9751,-2.2163
-2.9751,-3.2871
-7.0081,-6.9767
-7.0081,-6.4948
-5.798,-5.7207
-5.798,-6.158
-5.798,-6.2269
-5.798,-5.0182
-5.798,-5.3177
2.0985,1.6898
2.0985,2.637
2.0985,2.3867
2.0985,1.2105
2.0985,1.9034
2.0985,1.6075
-3.6073,-4.0552
-3.6073,-4.4848
-3.6073,-3.666
-3.6073,-3.1008
-3.6073,-4.1577
-3.6073,-2.8979
-3.6073,-3.3912
-3.6073,-3.0015
-3.6073,-2.6427
-3.6073,-3.5939
-3.6073,-3.764
-3.6073,-3.352
-3.6073,-2.8336
-3.6073,-3.2871
-3.6419,-3.3209
-3.6419,-3.9211
-3.6419,-3.5737
-3.5229,-3.9465
-3.5229,-2.9539
4.8114,4.6276
4.8114,4.3132
4.8114,5.4342
4.8114,5.6325
4.8114,4.9414
4.8114,5.3271
4.8114,4.8405
4.8114,4.2495
4.8114,4.8403
-3.5127,-2.9751
-3.5127,-3.1357
-3.5127,-2.6946
-3.5127,-3.0543
-3.5127,-3.1008
-3.5127,-2.5536
-3.5127,-3.3209
-3.5127,-4.0929
-3.5127,-3.3912
-3.5127,-3.9211
-3.5127,-3.5737
-3.5127,-3.5939
-3.5127,-4.268
-3.5127,-3.8481
-3.5127,-3.2597
-3.5127,-3.764
5.8662,5.4342
5.8662,5.6325
5.8662,4.9414
5.8662,5.1305
5.8662,6.4809
5.8662,5.9976
-3.6238,-3.9465
-3.6238,-2.9539
-3.6238,-4.3922
-5.9589,-5.4202
-5.9589,-5.7207
-5.9589,-6.3799
-5.9589,-6.158
-5.9589,-5.9514
-5.9589,-6.2544
-5.9589,-6.1137
-5.9589,-5.0139
-5.9589,-5.371
-5.9589,-6.6645
5.6325,5.3503
5.6325,6.0697
5.6325,5.7734
5.6325,6.2459
5.6325,6.1064
5.6325,5.358
5.6325,4.9886
5.6325,5.535
5.6325,4.8129
5.6325,5.2009
5.6325,6.4399
4.5718,5.3503
4.5718,5.1765
4.5718,5.358
4.5718,4.9886
4.5718,4.4035
4.6276,4.8114
4.6276,4.1258
4.6276,5.4342
4.6276,4.9414
4.6276,4.8405
4.6276,4.2495
4.6276,3.8891
4.6276,5.1305
-3.1357,-2.9751
-3.1357,-3.5127
-3.1357,-2.6946
-3.1357,-2.2564
-3.1357,-3.0543
-3.1357,-3.1008
-3.1357,-2.5536
-3.1357,-2.7144
-3.1357,-3.3209
-3.1357,-4.0929
-3.1357,-3.3912
-3.1357,-3.5737
-3.1357,-3.5939
-3.1357,-3.8481
-3.1357,-3.2597
6.7983,6.3858
6.7983,7.2519
6.7983,6.0697
6.7983,7.3266
6.7983,6.2459
6.7983,6.1064
6.7983,6.7363
6.7983,7.505
6.7983,6.5425
6.7983,6.4399
-4.0552,-3.6073
-4.0552,-4.4848
-4.0552,-3.1008
-4.0552,-4.1577
-4.0552,-3.3912
-4.0552,-3.5939
-4.0552,-4.268
-4.0552,-3.8481
-4.0552,-3.764
-4.0552,-3.352
-4.0552,-3.2871
6.3858,6.7983
6.3858,5.8019
6.3858,5.7734
6.3858,6.1064
6.3858,6.7363
6.3858,5.5977
6.3858,6.5425
6.3858,6.2531
6.3858,6.4399
-2.4218,-2.9539
-2.4218,-1.7717
-2.4218,-2.0371
-2.4218,-1.7657
-5.4202,-5.9589
-5.4202,-5.9514
-5.4202,-5.3714
-5.4202,-6.1137
-5.4202,-5.0139
-5.4202,-5.371
0.56346,0.33123
0.56346,-0.1453
0.56346,-0.1096
0.56346,-0.021448
0.56346,-0.067269
0.56346,1.0109
0.56346,0.99489
0.56346,0.79324
0.56346,0.5392
0.56346,0.58182
0.56346,0.11619
-1.0447,-1.1211
-1.0447,-0.1096
-1.0447,-1.0865
-1.0447,-0.74291
-1.0447,-0.46246
-1.0447,-1.3796
-1.0447,-0.71241
-1.0447,-1.7657
2.9075,2.3979
2.9075,2.637
2.9075,3.4383
5.3503,5.6325
5.3503,4.5718
5.3503,5.1765
5.3503,5.8019
5.3503,5.7734
5.3503,6.1064
5.3503,5.358
5.3503,4.9886
5.3503,5.5977
-6.047,-5.9514
-6.047,-5.3714
-6.047,-6.4948
1.6898,2.0985
1.6898,2.3867
1.6898,1.1201
1.6898,1.2105
1.6898,2.0404
1.6898,0.89685
7.3301,7.1087
7.3301,7.3477
7.3301,6.6009
-4.4848,-3.6073
-4.4848,-4.0552
-4.4848,-4.1577
-4.4848,-4.7652
-4.4848,-4.268
-4.4848,-3.764
1.6239,1.6946
1.6239,0.99489
1.6239,0.79324
4.1258,4.6276
4.1258,4.4069
4.1258,4.8405
4.1258,3.4383
4.1258,3.1716
4.1258,3.8891
6.5003,6.2459
5.1765,4.5718
5.1765,5.3503
5.1765,5.8019
5.1765,6.0826
5.1765,4.9886
5.1765,5.5977
-2.461,-2.5283
-2.461,-3.0015
-2.461,-3.1395
-2.5283,-2.461
-2.5283,-1.7725
-2.5283,-2.8979
-2.5283,-3.0015
-2.5283,-3.1395
-2.5283,-2.2545
-2.5283,-2.6427
-2.5283,-2.2304
-2.5283,-3.352
-2.5283,-2.8336
2.3979,2.9075
2.3979,1.9034
2.3979,1.6075
-3.666,-3.6073
-3.666,-4.1577
-3.666,-3.0015
-3.666,-3.1395
-3.666,-3.352
-3.666,-2.8336
0.93285,1.2105
0.93285,1.9034
0.93285,1.6075
0.93285,0.89685
-1.1211,-1.0447
-1.1211,-0.1453
-1.1211,-1.7717
-1.1211,-1.0865
-1.1211,-0.32659
-1.1211,-0.74291
-1.1211,-0.60396
-1.1211,-0.88564
-1.1211,-2.0371
-1.1211,-1.1522
-1.1211,-1.7657
-2.6946,-2.9751
-2.6946,-3.5127
-2.6946,-3.1357
-2.6946,-2.2564
-2.6946,-3.0543
-2.6946,-2.6776
-2.6946,-2.5536
-2.6946,-2.3742
-2.6946,-2.7144
-2.6946,-3.3209
-2.6946,-2.4382
-2.6946,-3.5737
-2.6946,-3.2597
-2.6946,-2.2163
-2.6946,-1.796
5.8019,6.3858
5.8019,5.3503
5.8019,5.1765
5.8019,6.0826
5.8019,5.7734
5.8019,6.1064
5.8019,6.7363
5.8019,5.358
5.8019,5.5977
5.8019,6.5425
5.8019,6.2531
-6.3261,-7.1425
4.3132,4.8114
4.3132,4.2495
4.3132,4.8403
7.2519,6.7983
7.2519,7.3266
7.2519,6.7363
7.2519,7.505
7.2519,6.5425
7.2519,6.4399
5.4342,4.8114
5.4342,5.8662
5.4342,4.6276
5.4342,5.6325
5.4342,4.9414
5.4342,5.3271
5.4342,6.1736
5.4342,4.8403
1.7022,0.8358
1.7022,1.0109
1.7022,1.6946
1.7022,0.90856
-3.9465,-3.5229
-3.9465,-3.6238
-3.9465,-4.658
-3.9465,-2.9539
-3.9465,-4.3922
-7.3384,-6.3799
-7.3384,-6.9767
-7.3384,-6.6645
6.0697,5.6325
6.0697,6.7983
6.0697,5.7734
6.0697,6.2459
6.0697,6.1064
6.0697,5.358
6.0697,5.535
6.0697,6.5425
6.0697,6.4399
-2.2564,-2.9751
-2.2564,-3.1357
-2.2564,-2.6946
-2.2564,-3.0543
-2.2564,-2.5536
-2.2564,-2.3742
-2.2564,-2.7144
-2.2564,-2.4382
-2.2564,-2.2163
-2.2564,-1.796
-5.7207,-5.798
-5.7207,-5.9589
-5.7207,-6.158
-5.7207,-6.2544
-5.7207,-5.371
-5.7207,-6.6043
-5.7207,-5.3177
-1.7725,-2.5283
-1.7725,-1.86
-1.7725,-2.2545
-1.7725,-2.2304
0.33123,0.56346
0.33123,-0.1096
0.33123,-0.067269
0.33123,0.99489
0.33123,0.79324
0.33123,0.5392
0.33123,-0.46246
0.33123,0.11619
6.0826,5.1765
6.0826,5.8019
6.0826,5.592
6.0826,6.4728
6.0826,6.9071
6.0826,6.1788
6.0826,5.5977
6.0826,6.2531
5.7734,5.6325
5.7734,6.3858
5.7734,5.3503
5.7734,5.8019
5.7734,6.0697
5.7734,6.1064
5.7734,5.358
5.7734,4.9886
5.7734,6.5425
5.7734,6.4399
7.3266,6.7983
7.3266,7.2519
7.3266,6.4399
-4.658,-3.9465
-3.0543,-2.9751
-3.0543,-3.5127
-3.0543,-3.1357
-3.0543,-2.6946
-3.0543,-2.2564
-3.0543,-2.6776
-3.0543,-2.5536
-3.0543,-2.3742
-3.0543,-3.3209
-3.0543,-3.9211
-3.0543,-3.5737
-3.0543,-3.2597
-2.6776,-2.6946
-2.6776,-3.0543
-2.6776,-2.3742
-2.6776,-3.3209
-2.6776,-3.5737
5.6325,4.8114
5.6325,5.8662
5.6325,5.4342
5.6325,4.9414
5.6325,5.3271
5.6325,6.4809
-6.3799,-5.9589
-6.3799,-7.3384
-6.3799,-6.158
-6.3799,-5.9514
-6.3799,-6.2544
-6.3799,-6.9767
-6.3799,-6.1137
-6.3799,-6.4948
-6.3799,-6.6645
-3.1008,-2.9751
-3.1008,-3.6073
-3.1008,-3.5127
-3.1008,-3.1357
-3.1008,-4.0552
-3.1008,-2.5536
-3.1008,-2.8979
-3.1008,-2.7144
-3.1008,-3.3912
-3.1008,-2.4382
-3.1008,-2.2545
-3.1008,-2.6427
-3.1008,-3.5939
-3.1008,-3.2597
-3.1008,-2.2163
-3.1008,-3.764
-3.1008,-3.352
-3.1008,-2.8336
-3.1008,-3.2871
-2.9539,-3.5229
-2.9539,-3.6238
-2.9539,-2.4218
-2.9539,-3.9465
-2.9539,-2.0371
3.2994,2.637
-4.1577,-3.6073
-4.1577,-4.0552
-4.1577,-4.4848
-4.1577,-3.666
-4.1577,-3.764
-4.1577,-3.352
-0.1453,0.56346
-0.1453,-1.1211
-0.1453,-0.1096
-0.1453,-0.021448
-0.1453,-1.0865
-0.1453,-0.32659
-0.1453,-0.74291
-0.1453,0.79324
-0.1453,-0.024639
-0.1453,-0.60396
-0.1453,-0.46246
-0.1453,0.58182
-0.1453,-0.88564
-0.1453,0.11619
-2.5536,-2.9751
-2.5536,-3.5127
-2.5536,-3.1357
-2.5536,-2.6946
-2.5536,-2.2564
-2.5536,-3.0543
-2.5536,-3.1008
-2.5536,-2.8979
-2.5536,-2.3742
-2.5536,-2.7144
-2.5536,-2.4382
-2.5536,-2.2545
-2.5536,-2.6427
-2.5536,-3.2597
-2.5536,-2.2163
-2.5536,-1.796
-7.0191,-6.158
-7.0191,-6.6043
-0.1096,0.56346
-0.1096,-1.0447
-0.1096,0.33123
-0.1096,-0.1453
-0.1096,-0.021448
-0.1096,-0.32659
-0.1096,-0.067269
-0.1096,-0.74291
-0.1096,-0.46246
-0.1096,0.11619
-2.8979,-2.9751
-2.8979,-3.6073
-2.8979,-2.5283
-2.8979,-3.1008
-2.8979,-2.5536
-2.8979,-2.7144
-2.8979,-3.3912
-2.8979,-3.0015
-2.8979,-2.4382
-2.8979,-2.2545
-2.8979,-2.6427
-2.8979,-3.5939
-2.8979,-2.2304
-2.8979,-3.2597
-2.8979,-2.2163
-2.8979,-3.764
-2.8979,-3.352
-2.8979,-2.8336
-2.8979,-3.2871
-1.7717,-2.4218
-1.7717,-1.1211
-1.7717,-1.0865
-1.7717,-0.88564
-1.7717,-2.0371
-1.7717,-1.1522
-1.7717,-1.7657
-6.158,-5.798
-6.158,-5.9589
-6.158,-5.7207
-6.158,-6.3799
-6.158,-7.0191
-6.158,-6.2544
-6.158,-6.2269
-6.158,-5.371
-6.158,-6.6043
-6.158,-5.3177
-6.158,-6.6645
7.1087,7.3301
-5.9514,-5.9589
-5.9514,-5.4202
-5.9514,-6.047
-5.9514,-6.3799
-5.9514,-5.3714
-5.9514,-6.1137
-5.9514,-6.4948
-1.86,-1.7725
-1.86,-2.7144
-1.86,-2.4382
-1.86,-1.3802
-1.86,-2.2545
-1.86,-2.6427
-1.86,-2.2304
-1.86,-2.2163
-1.86,-1.796
4.4069,4.1258
4.4069,4.8405
4.4069,5.1293
4.4069,3.4383
4.4069,4.0511
4.4069,5.1305
4.9414,4.8114
4.9414,5.8662
4.9414,4.6276
4.9414,5.4342
4.9414,5.6325
4.9414,4.8405
4.9414,4.2495
4.9414,5.1305
2.637,2.0985
2.637,2.9075
2.637,3.2994
2.637,2.3867
2.637,1.9034
-2.3742,-2.6946
-2.3742,-2.2564
-2.3742,-3.0543
-2.3742,-2.6776
-2.3742,-2.5536
-2.3742,-3.3209
-2.3742,-1.796
5.3271,4.8114
5.3271,5.4342
5.3271,5.6325
5.3271,6.1736
5.3271,4.8403
2.3867,2.0985
2.3867,1.6898
2.3867,2.637
2.3867,2.0404
-0.021448,0.56346
-0.021448,-0.1453
-0.021448,-0.1096
-0.021448,0.8358
-0.021448,-0.32659
-0.021448,-0.74291
-0.021448,0.79324
-0.021448,-0.024639
-0.021448,-0.2316
-0.021448,-0.60396
-0.021448,0.58182
-0.021448,-0.88564
-0.021448,0.11619
-0.021448,0.17928
1.1201,1.6898
1.1201,0.17855
1.1201,1.2105
1.1201,2.0404
-6.2544,-5.9589
-6.2544,-5.7207
-6.2544,-6.3799
-6.2544,-6.158
-6.2544,-6.1137
-6.2544,-5.371
-6.2544,-6.6043
-6.2544,-6.6645
-2.7144,-2.9751
-2.7144,-3.1357
-2.7144,-2.6946
-2.7144,-2.2564
-2.7144,-3.1008
-2.7144,-2.5536
-2.7144,-2.8979
-2.7144,-1.86
-2.7144,-3.3912
-2.7144,-2.4382
-2.7144,-2.2545
-2.7144,-2.6427
-2.7144,-3.5939
-2.7144,-3.2597
-2.7144,-2.2163
-2.7144,-2.8336
-2.7144,-3.2871
0.8358,1.7022
0.8358,-0.021448
0.8358,0.66179
0.8358,1.0109
0.8358,1.6946
0.8358,0.79324
0.8358,-0.024639
0.8358,0.58182
0.8358,0.90856
0.8358,0.17928
-1.0865,-1.0447
-1.0865,-1.1211
-1.0865,-0.1453
-1.0865,-1.7717
-1.0865,-0.32659
-1.0865,-0.74291
-1.0865,-0.46246
-1.0865,-0.88564
-1.0865,-1.3796
-1.0865,-2.0371
-1.0865,-1.7657
6.9613,6.4728
6.9613,6.9071
6.9613,6.1788
4.8405,4.8114
4.8405,4.6276
4.8405,4.1258
4.8405,4.4069
4.8405,4.9414
4.8405,5.1293
4.8405,3.8891
4.8405,5.1305
0.66179,0.8358
0.66179,1.0109
0.66179,-0.024639
0.66179,-0.2316
0.66179,0.58182
0.66179,0.90856
0.66179,0.17928
-0.32659,-1.1211
-0.32659,-0.1453
-0.32659,-0.1096
-0.32659,-0.021448
-0.32659,-1.0865
-0.32659,-0.74291
-0.32659,-0.024639
-0.32659,-0.2316
-0.32659,-0.60396
-0.32659,-0.46246
-0.32659,0.58182
-0.32659,-0.88564
-0.32659,0.11619
5.592,6.0826
5.592,6.1788
-3.3209,-3.6419
-3.3209,-3.5127
-3.3209,-3.1357
-3.3209,-2.6946
-3.3209,-3.0543
-3.3209,-2.6776
-3.3209,-2.3742
-3.3209,-3.9211
-3.3209,-3.5737
-3.3209,-3.2597
6.2459,5.6325
6.2459,6.7983
6.2459,6.5003
6.2459,6.0697
6.2459,5.535
6.2459,6.4399
-4.0929,-3.5127
-4.0929,-3.1357
-4.0929,-4.7652
-4.0929,-3.9211
-4.0929,-3.5737
-4.0929,-3.5939
-4.0929,-4.268
-4.0929,-4.3514
-4.0929,-3.8481
-4.0929,-3.2597
6.1064,5.6325
6.1064,6.7983
6.1064,6.3858
6.1064,5.3503
6.1064,5.8019
6.1064,6.0697
6.1064,5.7734
6.1064,6.7363
6.1064,5.358
6.1064,5.5977
6.1064,6.5425
6.1064,6.2531
6.1064,6.4399
-4.7652,-4.4848
-4.7652,-4.0929
-4.7652,-4.268
-4.7652,-4.3514
-4.7652,-3.8481
0.17855,1.1201
0.17855,0.021764
5.1293,4.4069
5.1293,4.8405
5.1293,5.1305
-0.067269,0.56346
-0.067269,0.33123
-0.067269,-0.1096
-0.067269,0.5392
-0.067269,-0.46246
-0.067269,-0.71241
1.2105,2.0985
1.2105,1.6898
1.2105,0.93285
1.2105,1.1201
1.2105,0.89685
7.3477,7.3301
7.3477,6.6009
7.3477,6.4597
6.6009,7.3301
6.6009,7.3477
6.6009,6.1345
6.6009,6.4597
6.1736,5.4342
6.1736,5.3271
6.1736,6.4809
4.2495,4.8114
4.2495,4.6276
4.2495,4.3132
4.2495,4.9414
4.2495,3.8891
6.4728,6.0826
6.4728,6.9613
6.4728,6.9071
6.4728,6.7363
6.4728,6.2531
6.9071,6.0826
6.9071,6.9613
6.9071,6.4728
6.9071,7.38
6.9071,6.7363
6.9071,6.2531
-3.3912,-2.9751
-3.3912,-3.6073
-3.3912,-3.5127
-3.3912,-3.1357
-3.3912,-4.0552
-3.3912,-3.1008
-3.3912,-2.8979
-3.3912,-2.7144
-3.3912,-2.4382
-3.3912,-2.6427
-3.3912,-3.5939
-3.3912,-3.8481
-3.3912,-3.2597
-3.3912,-3.764
-3.3912,-3.352
-3.3912,-2.8336
-3.3912,-3.2871
-0.74291,-1.0447
-0.74291,-1.1211
-0.74291,-0.1453
-0.74291,-0.1096
-0.74291,-0.021448
-0.74291,-1.0865
-0.74291,-0.32659
-0.74291,-0.46246
-0.74291,-0.88564
-0.74291,0.11619
-3.0015,-3.6073
-3.0015,-2.461
-3.0015,-2.5283
-3.0015,-3.666
-3.0015,-2.8979
-3.0015,-3.1395
-3.0015,-2.6427
-3.0015,-2.2304
-3.0015,-3.352
-3.0015,-2.8336
-3.0015,-3.2871
7.38,6.9071
7.38,6.7363
7.38,7.505
-6.2269,-5.798
-6.2269,-6.158
1.0109,0.56346
1.0109,1.7022
1.0109,0.8358
1.0109,0.66179
1.0109,1.6946
1.0109,0.99489
1.0109,0.79324
1.0109,0.58182
-0.93761,-0.2316
-0.93761,-1.1522
0.021764,0.17855
0.021764,0.89685
3.4383,2.9075
3.4383,4.1258
3.4383,4.4069
3.4383,4.0511
3.4383,3.1716
1.6946,1.6239
1.6946,1.7022
1.6946,0.8358
1.6946,1.0109
1.6946,0.79324
-2.4382,-2.9751
-2.4382,-2.6946
-2.4382,-2.2564
-2.4382,-3.1008
-2.4382,-2.5536
-2.4382,-2.8979
-2.4382,-1.86
-2.4382,-2.7144
-2.4382,-3.3912
-2.4382,-2.2545
-2.4382,-2.6427
-2.4382,-2.2304
-2.4382,-2.2163
-2.4382,-2.8336
-2.4382,-3.2871
6.1788,6.0826
6.1788,6.9613
6.1788,5.592
-4.3922,-3.6238
-4.3922,-3.9465
-4.3922,-5.0607
4.0511,4.4069
4.0511,3.4383
-3.9211,-3.6419
-3.9211,-3.5127
-3.9211,-3.0543
-3.9211,-3.3209
-3.9211,-4.0929
-3.9211,-3.5737
-3.9211,-4.3514
-3.9211,-3.8481
6.7363,6.7983
6.7363,6.3858
6.7363,5.8019
6.7363,7.2519
6.7363,6.1064
6.7363,6.4728
6.7363,6.9071
6.7363,7.38
6.7363,7.505
6.7363,6.5425
6.7363,6.2531
0.99489,0.56346
0.99489,1.6239
0.99489,0.33123
0.99489,1.0109
0.99489,0.79324
0.99489,0.11619
5.358,5.6325
5.358,4.5718
5.358,5.3503
5.358,5.8019
5.358,6.0697
5.358,5.7734
5.358,6.1064
5.358,4.9886
5.358,4.8129
5.358,5.2009
-3.5737,-2.9751
-3.5737,-3.6419
-3.5737,-3.5127
-3.5737,-3.1357
-3.5737,-2.6946
-3.5737,-3.0543
-3.5737,-2.6776
-3.5737,-3.3209
-3.5737,-4.0929
-3.5737,-3.9211
-3.5737,-3.5939
-3.5737,-4.3514
-3.5737,-3.8481
-3.5737,-3.2597
-3.1395,-2.461
-3.1395,-2.5283
-3.1395,-3.666
-3.1395,-3.0015
-3.1395,-3.352
4.9886,5.6325
4.9886,4.5718
4.9886,5.3503
4.9886,5.1765
4.9886,5.7734
4.9886,5.358
4.9886,4.8129
4.9886,4.4035
-1.3802,-1.86
-1.3802,-2.2545
-1.3802,-2.2163
-1.3802,-1.796
-6.9767,-7.0081
-6.9767,-7.3384
-6.9767,-6.3799
-6.9767,-6.1137
-6.9767,-6.4948
-6.9767,-6.6645
5.5977,6.3858
5.5977,5.3503
5.5977,5.1765
5.5977,5.8019
5.5977,6.0826
5.5977,6.1064
5.5977,6.2531
0.79324,0.56346
0.79324,1.6239
0.79324,0.33123
0.79324,-0.1453
0.79324,-0.021448
0.79324,0.8358
0.79324,1.0109
0.79324,1.6946
0.79324,0.99489
0.79324,-0.024639
0.79324,0.58182
0.79324,0.11619
-7.1425,-6.3261
7.505,6.7983
7.505,7.2519
7.505,7.38
7.505,6.7363
7.505,6.5425
3.1716,4.1258
3.1716,3.4383
3.1716,3.8891
-2.2545,-2.5283
-2.2545,-1.7725
-2.2545,-3.1008
-2.2545,-2.5536
-2.2545,-2.8979
-2.2545,-1.86
-2.2545,-2.7144
-2.2545,-2.4382
-2.2545,-1.3802
-2.2545,-2.6427
-2.2545,-2.2304
-2.2545,-2.2163
-2.2545,-2.8336
-0.024639,-0.1453
-0.024639,-0.021448
-0.024639,0.8358
-0.024639,0.66179
-0.024639,-0.32659
-0.024639,0.79324
-0.024639,-0.2316
-0.024639,-0.60396
-0.024639,0.58182
-0.024639,-0.88564
-0.024639,0.11619
-0.024639,0.17928
-0.2316,-0.021448
-0.2316,0.66179
-0.2316,-0.32659
-0.2316,-0.93761
-0.2316,-0.024639
-0.2316,-0.60396
-0.2316,-0.88564
-0.2316,-1.1522
-0.2316,0.17928
1.9034,2.0985
1.9034,2.3979
1.9034,0.93285
1.9034,2.637
1.9034,1.6075
6.1345,6.6009
0.5392,0.56346
0.5392,0.33123
0.5392,-0.067269
-2.6427,-2.9751
-2.6427,-3.6073
-2.6427,-2.5283
-2.6427,-3.1008
-2.6427,-2.5536
-2.6427,-2.8979
-2.6427,-1.86
-2.6427,-2.7144
-2.6427,-3.3912
-2.6427,-3.0015
-2.6427,-2.4382
-2.6427,-2.2545
-2.6427,-2.2304
-2.6427,-2.2163
-2.6427,-2.8336
-2.6427,-3.2871
-3.5939,-2.9751
-3.5939,-3.6073
-3.5939,-3.5127
-3.5939,-3.1357
-3.5939,-4.0552
-3.5939,-3.1008
-3.5939,-2.8979
-3.5939,-2.7144
-3.5939,-4.0929
-3.5939,-3.3912
-3.5939,-3.5737
-3.5939,-4.268
-3.5939,-3.8481
-3.5939,-3.2597
-3.5939,-3.764
-3.5939,-3.2871
-5.3714,-5.4202
-5.3714,-6.047
-5.3714,-5.9514
-5.3714,-6.1137
-5.3714,-5.0139
-5.3714,-4.9437
-6.1137,-5.9589
-6.1137,-5.4202
-6.1137,-6.3799
-6.1137,-5.9514
-6.1137,-6.2544
-6.1137,-6.9767
-6.1137,-5.3714
-6.1137,-6.4948
-6.1137,-5.371
-6.1137,-6.6645
1.6075,2.0985
1.6075,2.3979
1.6075,0.93285
1.6075,1.9034
1.6075,1.489
-4.268,-3.5127
-4.268,-4.0552
-4.268,-4.4848
-4.268,-4.0929
-4.268,-4.7652
-4.268,-3.5939
-4.268,-3.8481
-4.268,-3.764
-0.60396,-1.1211
-0.60396,-0.1453
-0.60396,-0.021448
-0.60396,-0.32659
-0.60396,-0.024639
-0.60396,-0.2316
-0.60396,-0.88564
-0.60396,-1.1522
-0.60396,0.17928
6.4597,7.3477
6.4597,6.6009
6.4597,5.522
-4.5641,-5.0139
-4.5641,-5.371
-4.5641,-5.3177
-5.0182,-5.798
-5.0182,-5.3177
-6.4948,-7.0081
-6.4948,-6.047
-6.4948,-6.3799
-6.4948,-5.9514
-6.4948,-6.9767
-6.4948,-6.1137
-0.46246,-1.0447
-0.46246,0.33123
-0.46246,-0.1453
-0.46246,-0.1096
-0.46246,-1.0865
-0.46246,-0.32659
-0.46246,-0.067269
-0.46246,-0.74291
-0.46246,-1.3796
-0.46246,0.11619
-0.46246,-0.71241
5.535,5.6325
5.535,6.0697
5.535,6.2459
5.535,4.8129
5.535,5.2009
-5.0139,-5.9589
-5.0139,-5.4202
-5.0139,-5.3714
-5.0139,-4.5641
-5.0139,-5.371
-4.3514,-4.0929
-4.3514,-4.7652
-4.3514,-3.9211
-4.3514,-3.5737
3.8891,4.6276
3.8891,4.1258
3.8891,4.8405
3.8891,4.2495
3.8891,3.1716
-3.8481,-2.9751
-3.8481,-3.5127
-3.8481,-3.1357
-3.8481,-4.0552
-3.8481,-4.0929
-3.8481,-4.7652
-3.8481,-3.3912
-3.8481,-3.9211
-3.8481,-3.5737
-3.8481,-3.5939
-3.8481,-4.268
-3.8481,-3.2597
-3.8481,-3.764
0.58182,0.56346
0.58182,-0.1453
0.58182,-0.021448
0.58182,0.8358
0.58182,0.66179
0.58182,-0.32659
0.58182,1.0109
0.58182,0.79324
0.58182,-0.024639
0.58182,0.11619
0.58182,0.17928
5.1305,5.8662
5.1305,4.6276
5.1305,4.4069
5.1305,4.9414
5.1305,4.8405
5.1305,5.1293
5.1305,5.9976
-2.2304,-2.5283
-2.2304,-1.7725
-2.2304,-2.8979
-2.2304,-1.86
-2.2304,-3.0015
-2.2304,-2.4382
-2.2304,-2.2545
-2.2304,-2.6427
-2.2304,-2.8336
1.489,1.6075
6.4809,5.8662
6.4809,5.6325
6.4809,6.1736
6.5425,6.7983
6.5425,6.3858
6.5425,5.8019
6.5425,7.2519
6.5425,6.0697
6.5425,5.7734
6.5425,6.1064
6.5425,6.7363
6.5425,7.505
6.5425,6.2531
6.5425,6.4399
-0.88564,-1.1211
-0.88564,-0.1453
-0.88564,-1.7717
-0.88564,-0.021448
-0.88564,-1.0865
-0.88564,-0.32659
-0.88564,-0.74291
-0.88564,-0.024639
-0.88564,-0.2316
-0.88564,-0.60396
-0.88564,-1.1522
-3.2597,-2.9751
-3.2597,-3.5127
-3.2597,-3.1357
-3.2597,-2.6946
-3.2597,-3.0543
-3.2597,-3.1008
-3.2597,-2.5536
-3.2597,-2.8979
-3.2597,-2.7144
-3.2597,-3.3209
-3.2597,-4.0929
-3.2597,-3.3912
-3.2597,-3.5737
-3.2597,-3.5939
-3.2597,-3.8481
-3.2597,-3.764
-3.2597,-3.2871
-1.3796,-1.0447
-1.3796,-1.0865
-1.3796,-0.46246
-1.3796,-0.71241
-5.371,-5.9589
-5.371,-5.4202
-5.371,-5.7207
-5.371,-6.158
-5.371,-6.2544
-5.371,-6.1137
-5.371,-4.5641
-5.371,-5.0139
-5.371,-5.3177
-2.2163,-2.9751
-2.2163,-2.6946
-2.2163,-2.2564
-2.2163,-3.1008
-2.2163,-2.5536
-2.2163,-2.8979
-2.2163,-1.86
-2.2163,-2.7144
-2.2163,-2.4382
-2.2163,-1.3802
-2.2163,-2.2545
-2.2163,-2.6427
-2.2163,-1.796
-6.6043,-5.7207
-6.6043,-7.0191
-6.6043,-6.158
-6.6043,-6.2544
-6.6043,-6.6645
-2.0371,-2.4218
-2.0371,-1.1211
-2.0371,-2.9539
-2.0371,-1.7717
-2.0371,-1.0865
-2.0371,-1.7657
-3.764,-3.6073
-3.764,-3.5127
-3.764,-4.0552
-3.764,-4.4848
-3.764,-3.1008
-3.764,-4.1577
-3.764,-2.8979
-3.764,-3.3912
-3.764,-3.5939
-3.764,-4.268
-3.764,-3.8481
-3.764,-3.2597
-3.764,-3.352
-3.764,-3.2871
4.8403,4.8114
4.8403,4.3132
4.8403,5.4342
4.8403,5.3271
5.522,6.4597
-1.796,-2.6946
-1.796,-2.2564
-1.796,-2.5536
-1.796,-1.86
-1.796,-2.3742
-1.796,-1.3802
-1.796,-2.2163
-5.0607,-4.3922
0.11619,0.56346
0.11619,0.33123
0.11619,-0.1453
0.11619,-0.1096
0.11619,-0.021448
0.11619,-0.32659
0.11619,-0.74291
0.11619,0.99489
0.11619,0.79324
0.11619,-0.024639
0.11619,-0.46246
0.11619,0.58182
0.90856,1.7022
0.90856,0.8358
0.90856,0.66179
0.90856,0.17928
-0.71241,-1.0447
-0.71241,-0.067269
-0.71241,-0.46246
-0.71241,-1.3796
-5.3177,-5.798
-5.3177,-5.7207
-5.3177,-6.158
-5.3177,-4.5641
-5.3177,-5.0182
-5.3177,-5.371
-3.352,-3.6073
-3.352,-4.0552
-3.352,-2.5283
-3.352,-3.666
-3.352,-3.1008
-3.352,-4.1577
-3.352,-2.8979
-3.352,-3.3912
-3.352,-3.0015
-3.352,-3.1395
-3.352,-3.764
-3.352,-2.8336
-3.352,-3.2871
-6.6645,-5.9589
-6.6645,-7.3384
-6.6645,-6.3799
-6.6645,-6.158
-6.6645,-6.2544
-6.6645,-6.9767
-6.6645,-6.1137
-6.6645,-6.6043
-1.1522,-1.1211
-1.1522,-1.7717
-1.1522,-0.93761
-1.1522,-0.2316
-1.1522,-0.60396
-1.1522,-0.88564
4.8129,5.6325
4.8129,5.358
4.8129,4.9886
4.8129,5.535
4.8129,4.4035
4.8129,5.2009
2.0404,1.6898
2.0404,2.3867
2.0404,1.1201
-2.8336,-3.6073
-2.8336,-2.5283
-2.8336,-3.666
-2.8336,-3.1008
-2.8336,-2.8979
-2.8336,-2.7144
-2.8336,-3.3912
-2.8336,-3.0015
-2.8336,-2.4382
-2.8336,-2.2545
-2.8336,-2.6427
-2.8336,-2.2304
-2.8336,-3.352
-2.8336,-3.2871
4.4035,4.5718
4.4035,4.9886
4.4035,4.8129
4.4035,5.2009
5.9976,5.8662
5.9976,5.1305
-4.9437,-5.3714
-1.7657,-2.4218
-1.7657,-1.0447
-1.7657,-1.1211
-1.7657,-1.7717
-1.7657,-1.0865
-1.7657,-2.0371
0.17928,-0.021448
0.17928,0.8358
0.17928,0.66179
0.17928,-0.024639
0.17928,-0.2316
0.17928,-0.60396
0.17928,0.58182
0.17928,0.90856
0.89685,1.6898
0.89685,0.93285
0.89685,1.2105
0.89685,0.021764
5.2009,5.6325
5.2009,5.358
5.2009,5.535
5.2009,4.8129
5.2009,4.4035
6.2531,6.3858
6.2531,5.8019
6.2531,6.0826
6.2531,6.1064
6.2531,6.4728
6.2531,6.9071
6.2531,6.7363
6.2531,5.5977
6.2531,6.5425
-3.2871,-2.9751
-3.2871,-3.6073
-3.2871,-4.0552
-3.2871,-3.1008
-3.2871,-2.8979
-3.2871,-2.7144
-3.2871,-3.3912
-3.2871,-3.0015
-3.2871,-2.4382
-3.2871,-2.6427
-3.2871,-3.5939
-3.2871,-3.2597
-3.2871,-3.764
-3.2871,-3.352
-3.2871,-2.8336
6.4399,5.6325
6.4399,6.7983
6.4399,6.3858
6.4399,7.2519
6.4399,6.0697
6.4399,5.7734
6.4399,7.3266
6.4399,6.2459
6.4399,6.1064
6.4399,6.5425
-7.1425,-7.194
-7.2669,-7.194
6.4597,6.1606
6.075,6.1606
5.522,5.9647
6.075,5.9647
