4.4587,4.4151
4.4587,4.6245
4.4587,4.3042
4.4587,3.7065
4.4587,5.341
4.4587,4.3172
4.4587,3.6698
4.4587,4.3084
4.4587,3.4599
4.4587,4.7057
4.4587,4.6679
4.4587,3.7901
4.4587,4.7725
4.4587,4.2873
4.4587,5.0931
4.4587,5.3445
-0.61627,-1.1862
-0.61627,-1.4703
-0.61627,-1.5509
-6.209,-6.2167
-3.7423,-2.9979
-3.7423,-4.0111
-3.7423,-3.0976
-3.7423,-3.0697
3.2254,3.9651
3.2254,2.8965
3.2254,3.5417
3.2254,2.6244
3.2254,3.6387
3.2254,3.2529
5.6552,5.2262
5.6552,6.4186
5.6552,6.3641
5.6552,5.341
5.6552,6.1916
5.6552,5.4708
5.6552,5.3427
5.6552,5.4992
5.6552,6.0436
5.6552,5.2805
5.6552,4.7057
5.6552,4.7725
5.6552,5.0931
5.6552,5.5808
5.6552,6.1916
5.6552,5.3445
2.6818,3.4658
2.6818,3.4599
-4.6159,-5.0717
-4.6159,-5.3177
5.6707,5.4578
5.6707,5.602
5.6707,4.918
5.6707,6.2474
5.6707,5.2998
5.6707,4.7964
5.6707,6.6348
4.4151,4.4587
4.4151,4.6245
4.4151,5.2262
4.4151,4.3042
4.4151,3.7065
4.4151,5.341
4.4151,3.6698
4.4151,4.3084
4.4151,4.6106
4.4151,3.6384
4.4151,4.7057
4.4151,4.6679
4.4151,3.7901
4.4151,4.7725
4.4151,4.2873
4.4151,5.3445
5.2812,5.6955
5.2812,4.9853
5.2812,4.6742
-6.6277,-5.7969
-6.6277,-6.2167
-6.6277,-5.7782
-2.1026,-1.7106
-2.1026,-2.9979
-2.1026,-1.1862
-2.1026,-2.2322
-2.1026,-1.155
-2.1026,-1.88
-2.1026,-1.5509
-2.1026,-2.2705
-2.1026,-2.7311
-2.1026,-2.2263
-0.90829,-1.2275
-0.90829,-1.7624
-0.90829,-0.60561
-0.90829,-0.70521
-0.90829,-1.2599
-0.90829,-1.6453
-0.90829,0.021362
-0.90829,-1.5803
-0.90829,-0.51848
-0.90829,-0.088201
-0.90829,-1.2618
-1.7918,-1.2275
-1.7918,-2.5147
-1.7918,-1.2599
-1.7918,-1.6453
-1.7918,-2.0342
-1.7918,-0.80847
5.4578,5.6707
5.4578,5.602
5.4578,6.0543
5.4578,5.6955
5.4578,4.918
5.4578,6.2474
5.4578,4.9853
5.4578,5.2998
4.6245,4.4587
4.6245,4.4151
4.6245,4.3042
4.6245,3.9923
4.6245,3.7065
4.6245,4.3172
4.6245,5.4708
4.6245,4.942
4.6245,5.3427
4.6245,5.4992
4.6245,5.1897
4.6245,5.2805
4.6245,4.7057
4.6245,4.7725
4.6245,4.2873
4.6245,5.0931
4.6245,5.3445
-1.051,-1.5751
-1.051,-1.3569
-1.051,-0.29896
-1.051,-0.56247
-1.051,-1.3856
-1.051,-1.6266
-1.051,-1.2618
-1.051,-0.74686
5.2262,5.6552
5.2262,4.4151
5.2262,5.3703
5.2262,5.341
5.2262,6.1916
5.2262,4.3084
5.2262,4.6106
5.2262,5.4992
5.2262,4.6679
5.2262,4.7725
5.2262,5.5808
5.2262,5.3445
-1.5751,-1.051
-1.5751,-1.7624
-1.5751,-1.8336
-1.5751,-2.4184
-1.5751,-2.114
-1.5751,-1.3856
-1.5751,-1.6266
-1.5751,-1.5803
-1.5751,-1.2618
-1.5751,-0.74686
-4.8759,-5.3177
-4.8759,-5.4956
-1.7106,-2.1026
-1.7106,-1.155
-1.7106,-1.88
-1.7106,-2.2705
-1.7106,-1.1703
-6.167,-6.4849
-6.167,-6.7539
-6.167,-5.7864
-6.167,-6.438
-6.167,-5.3628
-6.167,-6.2711
-6.167,-6.595
-6.167,-5.9137
-6.167,-5.4097
-6.167,-7.0982
-6.167,-5.2687
-6.167,-5.8429
-6.6869,-6.7539
-6.6869,-5.7806
-6.6869,-6.438
-6.6869,-6.2033
-6.6869,-6.3351
-6.6869,-7.1911
-6.6869,-7.3625
-6.6869,-6.3451
3.9651,3.2254
3.9651,4.574
3.9651,3.5417
3.9651,3.6387
3.9651,3.9371
-1.2275,-0.90829
-1.2275,-1.7918
-1.2275,-1.7624
-1.2275,-0.60561
-1.2275,-0.70521
-1.2275,-1.2599
-1.2275,-1.6453
-1.2275,-2.0342
-1.2275,-1.5803
-1.2275,-0.51848
-1.2275,-1.2618
-0.48517,-1.1862
-0.48517,-1.155
-0.48517,-1.1703
2.5642,2.6244
2.5642,1.9224
2.5642,2.3406
2.5642,3.2529
2.5642,3.1
-8.6808,-8.6506
-8.6808,-9.3058
-8.6808,-8.3714
5.3703,5.2262
5.3703,5.341
5.3703,6.1916
5.3703,4.6106
5.3703,4.6679
5.3703,5.5808
-7.2271,-6.2711
-7.2271,-6.595
-7.2271,-7.0982
4.5886,4.3615
4.5886,4.918
4.5886,5.2998
4.5886,3.7506
4.5886,3.9371
4.5886,4.7964
0.013169,-0.60561
0.013169,-0.56247
0.013169,0.021362
0.013169,-0.74686
-2.5147,-1.7918
-2.5147,-2.4513
-2.5147,-2.979
-2.5147,-1.6453
-2.5147,-2.0342
6.959,6.0789
6.959,7.1061
6.959,6.0369
6.959,6.3434
6.4186,5.6552
6.4186,6.3641
6.4186,5.4708
6.4186,5.4992
6.4186,6.0436
6.4186,7.1061
6.4186,6.0369
6.4186,6.1916
6.4186,6.3434
4.574,3.9651
4.574,3.9371
4.574,4.7964
6.3641,5.6552
6.3641,6.4186
6.3641,6.1916
6.3641,5.5808
6.3641,6.1916
3.4889,3.1
-5.3574,-5.7384
-5.3574,-5.4956
-5.3574,-5.4572
-5.3574,-5.7806
-5.3574,-6.2033
-5.3574,-4.6574
-5.3574,-5.1748
-5.3574,-5.9493
-5.3574,-4.8498
4.3042,4.4587
4.3042,4.4151
4.3042,4.6245
4.3042,3.9923
4.3042,3.7065
4.3042,3.4658
4.3042,4.3172
4.3042,3.6698
4.3042,3.4599
4.3042,4.7057
4.3042,4.6679
4.3042,3.7901
4.3042,4.7725
4.3042,4.2873
4.3042,5.0931
-1.7624,-0.90829
-1.7624,-1.5751
-1.7624,-1.2275
-1.7624,-2.4513
-1.7624,-1.8336
-1.7624,-2.6128
-1.7624,-1.3856
-1.7624,-1.6453
-1.7624,-2.0342
-1.7624,-1.5803
-1.7624,-1.2618
-9.5788,-9.8385
5.602,5.6707
5.602,5.4578
5.602,5.2998
5.602,4.7964
-1.3569,-1.051
-1.3569,-2.114
-1.3569,-1.6266
-1.3569,-0.74686
6.0543,5.4578
6.0543,5.6955
6.0543,6.2474
6.0543,6.8982
6.0543,6.4523
-4.8845,-4.8183
-4.8845,-5.3628
-4.8845,-5.2687
-5.7969,-6.6277
-5.7969,-5.3177
-5.7969,-5.9493
-5.7969,-5.7782
-2.4825,-2.3049
-2.4825,-3.2878
-2.4825,-2.8994
-0.60561,-0.90829
-0.60561,-1.2275
-0.60561,0.013169
-0.60561,-0.70521
-0.60561,-0.56247
-0.60561,-1.3856
-0.60561,0.021362
-0.60561,-1.5803
-0.60561,-1.2618
-0.60561,-0.74686
3.9923,4.6245
3.9923,4.3042
3.9923,3.7065
3.9923,3.4658
3.9923,4.3172
3.9923,4.942
3.9923,3.2519
3.9923,4.2873
3.9923,4.198
-2.9979,-3.7423
-2.9979,-2.1026
-2.9979,-2.8994
-2.9979,-2.2322
-2.9979,-2.2705
-2.9979,-2.7311
-2.9979,-3.0976
-2.9979,-3.0697
-2.9979,-2.2263
6.0789,6.959
6.0789,6.0436
6.0789,5.6266
6.0789,6.0369
6.0789,6.3434
-6.4849,-6.167
-6.4849,-6.7539
-6.4849,-5.7864
-6.4849,-6.438
-6.4849,-6.595
-6.4849,-5.9137
-6.4849,-7.0982
-6.4849,-5.8429
-2.4513,-2.5147
-2.4513,-1.7624
-2.4513,-2.979
-2.4513,-1.8336
-2.4513,-2.6128
-2.4513,-2.4184
-2.4513,-2.0342
-2.4513,-1.5803
-0.70521,-0.90829
-0.70521,-1.2275
-0.70521,-0.60561
-0.70521,-0.56247
-0.70521,-1.3856
-0.70521,-1.2599
-0.70521,0.021362
-0.70521,-1.5803
-0.70521,-0.088201
-0.70521,-1.2618
-0.29896,-1.051
-0.29896,-0.74686
-5.0717,-4.6159
-5.0717,-5.3177
-5.0717,-5.7782
3.7065,4.4587
3.7065,4.4151
3.7065,4.6245
3.7065,4.3042
3.7065,3.9923
3.7065,3.4658
3.7065,4.3172
3.7065,3.6698
3.7065,3.4599
3.7065,4.7057
3.7065,3.7901
3.7065,4.2873
3.4658,2.6818
3.4658,4.3042
3.4658,3.9923
3.4658,3.7065
3.4658,4.3172
3.4658,3.2519
3.4658,3.6698
3.4658,3.4599
3.4658,4.2873
5.6955,5.2812
5.6955,5.4578
5.6955,6.0543
5.6955,6.2474
5.6955,4.9853
5.6955,6.4523
-2.3049,-2.4825
-2.3049,-3.2878
-2.3049,-2.8994
-2.3049,-2.2322
-2.3049,-1.4703
-2.3049,-1.5509
-2.3049,-2.2263
5.341,4.4587
5.341,5.6552
5.341,4.4151
5.341,5.2262
5.341,5.3703
5.341,5.4708
5.341,5.3427
5.341,5.4992
5.341,4.7057
5.341,4.6679
5.341,4.7725
5.341,5.5808
5.341,6.1916
5.341,5.3445
-5.3177,-4.6159
-5.3177,-4.8759
-5.3177,-5.7969
-5.3177,-5.0717
-5.3177,-5.4956
2.8965,3.2254
2.8965,3.6387
6.1916,5.6552
6.1916,5.2262
6.1916,5.3703
6.1916,6.3641
6.1916,5.5808
6.1916,6.1916
-5.7384,-5.3574
-5.7384,-5.4572
-5.7384,-5.7806
-5.7384,-5.7864
-5.7384,-6.438
-5.7384,-6.2033
-5.7384,-5.4097
-5.7384,-6.3351
-5.7384,-5.1748
-5.7384,-5.8429
4.3172,4.4587
4.3172,4.6245
4.3172,4.3042
4.3172,3.9923
4.3172,3.7065
4.3172,3.4658
4.3172,4.942
4.3172,5.1897
4.3172,4.9254
4.3172,5.2805
4.3172,4.7057
4.3172,4.2873
4.3172,5.0931
4.3172,4.198
-3.2878,-2.4825
-3.2878,-2.3049
-3.2878,-2.8994
-3.2878,-3.0976
-6.7539,-6.167
-6.7539,-6.6869
-6.7539,-6.4849
-6.7539,-5.7864
-6.7539,-6.438
-6.7539,-6.595
-6.7539,-7.0982
-6.7539,-6.3351
-6.7539,-5.8429
-6.7539,-7.3625
-9.9154,-9.3058
-9.9154,-9.2047
5.4708,5.6552
5.4708,4.6245
5.4708,6.4186
5.4708,5.341
5.4708,4.942
5.4708,5.3427
5.4708,5.4992
5.4708,6.0436
5.4708,5.1897
5.4708,5.2805
5.4708,4.7057
5.4708,4.7725
5.4708,6.0369
5.4708,5.0931
5.4708,5.5808
5.4708,6.1916
5.4708,6.3434
5.4708,5.3445
-5.4956,-4.8759
-5.4956,-5.3574
-5.4956,-5.3177
-5.4956,-5.7806
-5.4956,-5.9493
-5.4956,-4.8498
-5.4956,-6.3451
-2.8994,-2.4825
-2.8994,-2.9979
-2.8994,-2.3049
-2.8994,-3.2878
-2.8994,-2.2322
-2.8994,-3.0976
-2.8994,-2.2263
-8.6506,-8.6808
-8.6506,-9.3058
-8.6506,-9.5033
-1.1862,-0.61627
-1.1862,-2.1026
-1.1862,-0.48517
-1.1862,-1.4703
-1.1862,-1.155
-1.1862,-1.88
-1.1862,-1.5509
4.942,4.6245
4.942,3.9923
4.942,4.3172
4.942,5.4708
4.942,5.3427
4.942,5.1897
4.942,5.6266
4.942,4.9254
4.942,5.2805
4.942,4.2873
4.942,5.0931
4.942,4.198
4.3615,4.5886
4.3615,4.918
4.3615,4.9853
4.3615,3.8467
4.3615,5.2998
4.3615,3.7506
4.3615,3.9371
4.3615,4.7964
4.3615,4.4762
4.918,5.6707
4.918,5.4578
4.918,4.5886
4.918,4.3615
4.918,4.9853
4.918,5.2998
4.918,4.4762
3.5417,3.2254
3.5417,3.9651
3.5417,2.6244
3.5417,3.2529
3.5417,3.7523
3.2519,3.9923
3.2519,3.4658
3.2519,4.198
6.2474,5.6707
6.2474,5.4578
6.2474,6.0543
6.2474,5.6955
6.2474,6.8982
6.2474,5.2998
6.2474,6.6348
2.6244,3.2254
2.6244,2.5642
2.6244,3.5417
2.6244,2.3406
2.6244,3.2529
2.6244,2.0504
-5.4572,-5.3574
-5.4572,-5.7384
-5.4572,-4.723
-5.4572,-4.8183
-5.4572,-5.7864
-5.4572,-6.438
-5.4572,-5.4097
-5.4572,-4.4936
-5.4572,-4.6574
-5.4572,-5.2687
-5.4572,-5.1748
-5.4572,-5.8429
1.4808,1.9224
1.4808,2.3406
1.4808,2.0504
-2.2322,-2.1026
-2.2322,-2.9979
-2.2322,-2.3049
-2.2322,-2.8994
-2.2322,-1.88
-2.2322,-1.5509
-2.2322,-2.2705
-2.2322,-2.7311
-2.2322,-3.0976
-2.2322,-2.2263
5.3427,5.6552
5.3427,4.6245
5.3427,5.341
5.3427,5.4708
5.3427,4.942
5.3427,5.4992
5.3427,6.0436
5.3427,5.1897
5.3427,5.2805
5.3427,4.7057
5.3427,4.7725
5.3427,6.0369
5.3427,5.0931
5.3427,6.3434
5.3427,5.3445
-4.723,-5.4572
-4.723,-4.8183
-4.723,-5.4097
-4.723,-4.4936
-4.723,-4.6574
-4.723,-5.2687
-4.723,-5.1748
-4.723,-4.1013
-5.7806,-6.6869
-5.7806,-5.3574
-5.7806,-5.7384
-5.7806,-5.4956
-5.7806,-6.2033
-5.7806,-6.3351
-5.7806,-5.1748
-5.7806,-5.9493
-5.7806,-4.8498
-2.9301,-2.6128
-2.9301,-2.4184
-2.9301,-2.114
4.9853,5.2812
4.9853,5.4578
4.9853,5.6955
4.9853,4.3615
4.9853,4.918
4.9853,5.2998
4.9853,4.4762
4.9853,4.6742
-4.8183,-4.8845
-4.8183,-5.4572
-4.8183,-4.723
-4.8183,-5.3628
-4.8183,-5.4097
-4.8183,-4.4936
-4.8183,-5.2687
-4.8183,-4.1013
-5.7864,-6.167
-5.7864,-6.4849
-5.7864,-5.7384
-5.7864,-6.7539
-5.7864,-5.4572
-5.7864,-6.438
-5.7864,-5.9137
-5.7864,-5.4097
-5.7864,-6.3351
-5.7864,-5.2687
-5.7864,-5.1748
-5.7864,-5.8429
-2.979,-2.5147
-2.979,-2.4513
-2.979,-2.6128
-2.979,-3.5555
-2.979,-2.0342
3.6698,4.4587
3.6698,4.4151
3.6698,4.3042
3.6698,3.7065
3.6698,3.4658
3.6698,4.3084
3.6698,3.4599
3.6698,3.6384
3.6698,3.7901
3.6698,4.2873
-0.56247,-1.051
-0.56247,0.013169
-0.56247,-0.60561
-0.56247,-0.70521
-0.56247,-1.3856
-0.56247,-1.2618
-0.56247,-0.74686
4.3084,4.4587
4.3084,4.4151
4.3084,5.2262
4.3084,3.6698
4.3084,4.6106
4.3084,3.6384
4.3084,4.6679
4.3084,3.7901
4.3084,4.7725
-1.8336,-1.5751
-1.8336,-1.7624
-1.8336,-2.4513
-1.8336,-2.6128
-1.8336,-2.4184
-1.8336,-2.114
-1.8336,-1.3856
-1.8336,-2.0342
-1.8336,-1.6266
-1.8336,-1.5803
-1.8336,-1.2618
4.6106,4.4151
4.6106,5.2262
4.6106,5.3703
4.6106,4.3084
4.6106,4.6679
1.9224,2.5642
1.9224,1.4808
1.9224,2.3406
1.9224,2.4649
3.8467,4.3615
3.8467,3.7506
3.8467,4.4762
-6.438,-6.167
-6.438,-6.6869
-6.438,-6.4849
-6.438,-5.7384
-6.438,-6.7539
-6.438,-5.4572
-6.438,-5.7864
-6.438,-6.2033
-6.438,-7.0982
-6.438,-6.3351
-6.438,-5.8429
-6.438,-7.3625
2.3406,2.5642
2.3406,2.6244
2.3406,1.4808
2.3406,1.9224
2.3406,3.2529
2.3406,2.0504
-9.3058,-8.6808
-9.3058,-9.9154
-9.3058,-8.6506
-9.3058,-9.5033
-8.3714,-8.6808
-8.3714,-8.6061
-8.3714,-9.2047
6.8982,6.0543
6.8982,6.2474
6.8982,6.4523
5.2998,5.6707
5.2998,5.4578
5.2998,4.5886
5.2998,5.602
5.2998,4.3615
5.2998,4.918
5.2998,6.2474
5.2998,4.9853
5.2998,4.7964
-2.6128,-1.7624
-2.6128,-2.4513
-2.6128,-2.9301
-2.6128,-2.979
-2.6128,-1.8336
-2.6128,-2.4184
-2.6128,-2.114
-2.6128,-3.5555
-2.6128,-2.0342
-2.4184,-1.5751
-2.4184,-2.4513
-2.4184,-2.9301
-2.4184,-1.8336
-2.4184,-2.6128
-2.4184,-2.114
-2.4184,-1.6266
5.4992,5.6552
5.4992,4.6245
5.4992,5.2262
5.4992,6.4186
5.4992,5.341
5.4992,5.4708
5.4992,5.3427
5.4992,6.0436
5.4992,5.1897
5.4992,5.2805
5.4992,4.7057
5.4992,4.7725
5.4992,5.0931
5.4992,5.5808
5.4992,6.1916
5.4992,6.3434
5.4992,5.3445
-6.2033,-6.6869
-6.2033,-5.3574
-6.2033,-5.7384
-6.2033,-5.7806
-6.2033,-6.438
-6.2033,-6.3351
-6.2033,-5.9493
-6.2033,-6.3451
6.0436,5.6552
6.0436,6.4186
6.0436,6.0789
6.0436,5.4708
6.0436,5.3427
6.0436,5.4992
6.0436,5.1897
6.0436,5.2805
6.0436,6.0369
6.0436,5.0931
6.0436,6.1916
6.0436,6.3434
-2.114,-1.5751
-2.114,-1.3569
-2.114,-2.9301
-2.114,-1.8336
-2.114,-2.6128
-2.114,-2.4184
-2.114,-1.6266
-4.0111,-3.7423
-4.0111,-3.0976
-5.3628,-6.167
-5.3628,-4.8845
-5.3628,-4.8183
-5.3628,-6.2711
-5.3628,-5.9137
-5.3628,-5.4097
-5.3628,-5.2687
-4.2476,-4.6574
-4.2476,-4.8498
2.4649,1.9224
2.4649,3.1
3.6387,3.2254
3.6387,3.9651
3.6387,2.8965
3.6387,3.7506
3.6387,3.9371
-6.2711,-6.167
-6.2711,-7.2271
-6.2711,-5.3628
-6.2711,-6.595
-6.2711,-5.9137
5.1897,4.6245
5.1897,4.3172
5.1897,5.4708
5.1897,4.942
5.1897,5.3427
5.1897,5.4992
5.1897,6.0436
5.1897,5.6266
5.1897,4.9254
5.1897,5.2805
5.1897,6.0369
5.1897,5.0931
-3.5555,-2.979
-3.5555,-2.6128
-6.2167,-6.209
-6.2167,-6.6277
-6.2167,-5.7782
3.7506,4.5886
3.7506,4.3615
3.7506,3.8467
3.7506,3.6387
3.7506,3.9371
3.4599,4.4587
3.4599,2.6818
3.4599,4.3042
3.4599,3.7065
3.4599,3.4658
3.4599,3.6698
3.4599,3.6384
3.4599,3.7901
3.4599,4.2873
-1.3856,-1.051
-1.3856,-1.5751
-1.3856,-1.7624
-1.3856,-0.60561
-1.3856,-0.70521
-1.3856,-0.56247
-1.3856,-1.8336
-1.3856,-1.6266
-1.3856,-1.5803
-1.3856,-1.2618
-1.3856,-0.74686
-6.595,-6.167
-6.595,-7.2271
-6.595,-6.4849
-6.595,-6.7539
-6.595,-6.2711
-6.595,-5.9137
-6.595,-7.0982
-6.595,-5.8429
-1.2599,-0.90829
-1.2599,-1.7918
-1.2599,-1.2275
-1.2599,-0.70521
-1.2599,-1.6453
-1.2599,-2.0342
-1.2599,-0.51848
-1.2599,-0.80847
-9.5033,-8.6506
-9.5033,-9.3058
3.6384,4.4151
3.6384,3.6698
3.6384,4.3084
3.6384,3.4599
3.6384,3.7901
7.1061,6.959
7.1061,6.4186
7.1061,6.1916
7.1061,6.3434
-1.6453,-0.90829
-1.6453,-1.7918
-1.6453,-1.2275
-1.6453,-2.5147
-1.6453,-1.7624
-1.6453,-1.2599
-1.6453,-2.0342
-1.6453,-1.5803
5.6266,6.0789
5.6266,4.942
5.6266,5.1897
5.6266,4.9254
5.6266,5.2805
5.6266,6.0369
-1.4703,-0.61627
-1.4703,-2.3049
-1.4703,-1.1862
-1.4703,-1.5509
-2.0342,-1.7918
-2.0342,-1.2275
-2.0342,-2.5147
-2.0342,-1.7624
-2.0342,-2.4513
-2.0342,-2.979
-2.0342,-1.8336
-2.0342,-2.6128
-2.0342,-1.2599
-2.0342,-1.6453
-2.0342,-1.5803
-5.9137,-6.167
-5.9137,-6.4849
-5.9137,-5.7864
-5.9137,-5.3628
-5.9137,-6.2711
-5.9137,-6.595
-5.9137,-5.4097
-5.9137,-5.2687
-5.9137,-5.8429
-9.8385,-9.5788
-1.6266,-1.051
-1.6266,-1.5751
-1.6266,-1.3569
-1.6266,-1.8336
-1.6266,-2.4184
-1.6266,-2.114
-1.6266,-1.3856
-1.6266,-1.2618
-1.6266,-0.74686
3.9371,3.9651
3.9371,4.5886
3.9371,4.574
3.9371,4.3615
3.9371,3.6387
3.9371,3.7506
3.9371,4.7964
4.9254,4.3172
4.9254,4.942
4.9254,5.1897
4.9254,5.6266
4.9254,5.2805
4.9254,5.0931
4.9254,4.198
-5.4097,-6.167
-5.4097,-5.7384
-5.4097,-5.4572
-5.4097,-4.723
-5.4097,-4.8183
-5.4097,-5.7864
-5.4097,-5.3628
-5.4097,-5.9137
-5.4097,-4.4936
-5.4097,-4.6574
-5.4097,-5.2687
-5.4097,-5.1748
-5.4097,-5.8429
-4.4936,-5.4572
-4.4936,-4.723
-4.4936,-4.8183
-4.4936,-5.4097
-4.4936,-4.6574
-4.4936,-5.1748
-4.4936,-4.1013
-4.4936,-4.8498
-4.4936,-3.8137
3.2529,3.2254
3.2529,2.5642
3.2529,3.5417
3.2529,2.6244
3.2529,2.3406
3.2529,3.7523
3.2529,3.1
-8.6061,-8.3714
-8.6061,-9.4929
-7.0982,-6.167
-7.0982,-7.2271
-7.0982,-6.4849
-7.0982,-6.7539
-7.0982,-6.438
-7.0982,-6.595
-7.0982,-7.3625
5.2805,5.6552
5.2805,4.6245
5.2805,4.3172
5.2805,5.4708
5.2805,4.942
5.2805,5.3427
5.2805,5.4992
5.2805,6.0436
5.2805,5.1897
5.2805,5.6266
5.2805,4.9254
5.2805,4.7057
5.2805,6.0369
5.2805,5.0931
5.2805,5.3445
4.7057,4.4587
4.7057,5.6552
4.7057,4.4151
4.7057,4.6245
4.7057,4.3042
4.7057,3.7065
4.7057,5.341
4.7057,4.3172
4.7057,5.4708
4.7057,5.3427
4.7057,5.4992
4.7057,5.2805
4.7057,4.6679
4.7057,4.7725
4.7057,4.2873
4.7057,5.0931
4.7057,5.3445
-1.155,-2.1026
-1.155,-1.7106
-1.155,-0.48517
-1.155,-1.1862
-1.155,-1.88
-1.155,-1.5509
-1.155,-1.1703
-1.88,-2.1026
-1.88,-1.7106
-1.88,-1.1862
-1.88,-2.2322
-1.88,-1.155
-1.88,-1.5509
-1.88,-2.2705
-1.88,-2.2263
3.7523,3.5417
3.7523,3.2529
3.7523,4.5739
3.7523,3.1
4.6679,4.4587
4.6679,4.4151
4.6679,5.2262
4.6679,5.3703
4.6679,4.3042
4.6679,5.341
4.6679,4.3084
4.6679,4.6106
4.6679,4.7057
4.6679,3.7901
4.6679,4.7725
4.6679,5.5808
4.6679,5.3445
-4.6574,-5.3574
-4.6574,-5.4572
-4.6574,-4.723
-4.6574,-4.2476
-4.6574,-5.4097
-4.6574,-4.4936
-4.6574,-5.1748
-4.6574,-4.8498
-4.6574,-3.8137
-9.2047,-9.9154
-9.2047,-8.3714
-9.2047,-9.4929
-2.4685,-2.2705
-3.5489,-2.7311
-3.5489,-3.0697
-1.5509,-0.61627
-1.5509,-2.1026
-1.5509,-2.3049
-1.5509,-1.1862
-1.5509,-2.2322
-1.5509,-1.4703
-1.5509,-1.155
-1.5509,-1.88
-1.5509,-2.2263
-6.3351,-6.6869
-6.3351,-5.7384
-6.3351,-6.7539
-6.3351,-5.7806
-6.3351,-5.7864
-6.3351,-6.438
-6.3351,-6.2033
-6.3351,-5.8429
0.021362,-0.90829
0.021362,0.013169
0.021362,-0.60561
0.021362,-0.70521
0.021362,-0.088201
-2.2705,-2.1026
-2.2705,-1.7106
-2.2705,-2.9979
-2.2705,-2.2322
-2.2705,-1.88
-2.2705,-2.4685
-2.2705,-2.7311
-2.2705,-3.0697
3.7901,4.4587
3.7901,4.4151
3.7901,4.3042
3.7901,3.7065
3.7901,3.6698
3.7901,4.3084
3.7901,3.4599
3.7901,3.6384
3.7901,4.6679
3.7901,4.7725
4.7964,5.6707
4.7964,4.5886
4.7964,4.574
4.7964,5.602
4.7964,4.3615
4.7964,5.2998
4.7964,3.9371
4.7725,4.4587
4.7725,5.6552
4.7725,4.4151
4.7725,4.6245
4.7725,5.2262
4.7725,4.3042
4.7725,5.341
4.7725,5.4708
4.7725,5.3427
4.7725,4.3084
4.7725,5.4992
4.7725,4.7057
4.7725,4.6679
4.7725,3.7901
4.7725,4.2873
4.7725,5.0931
4.7725,5.5808
4.7725,5.3445
-5.2687,-6.167
-5.2687,-4.8845
-5.2687,-5.4572
-5.2687,-4.723
-5.2687,-4.8183
-5.2687,-5.7864
-5.2687,-5.3628
-5.2687,-5.9137
-5.2687,-5.4097
-5.2687,-5.8429
4.4762,4.3615
4.4762,4.918
4.4762,4.9853
4.4762,3.8467
4.4762,4.6742
6.0369,6.959
6.0369,6.4186
6.0369,6.0789
6.0369,5.4708
6.0369,5.3427
6.0369,6.0436
6.0369,5.1897
6.0369,5.6266
6.0369,5.2805
6.0369,6.3434
4.5739,3.7523
6.4523,6.0543
6.4523,5.6955
6.4523,6.8982
-1.5803,-0.90829
-1.5803,-1.5751
-1.5803,-1.2275
-1.5803,-1.7624
-1.5803,-0.60561
-1.5803,-2.4513
-1.5803,-0.70521
-1.5803,-1.8336
-1.5803,-1.3856
-1.5803,-1.6453
-1.5803,-2.0342
-1.5803,-1.2618
-5.1748,-5.3574
-5.1748,-5.7384
-5.1748,-5.4572
-5.1748,-4.723
-5.1748,-5.7806
-5.1748,-5.7864
-5.1748,-5.4097
-5.1748,-4.4936
-5.1748,-4.6574
-5.1748,-4.8498
4.2873,4.4587
4.2873,4.4151
4.2873,4.6245
4.2873,4.3042
4.2873,3.9923
4.2873,3.7065
4.2873,3.4658
4.2873,4.3172
4.2873,4.942
4.2873,3.6698
4.2873,3.4599
4.2873,4.7057
4.2873,4.7725
4.2873,5.0931
4.2873,4.198
-7.1911,-6.6869
-7.1911,-7.3625
-7.1911,-6.3451
-2.7311,-2.1026
-2.7311,-2.9979
-2.7311,-2.2322
-2.7311,-3.5489
-2.7311,-2.2705
-2.7311,-3.0976
-2.7311,-3.0697
5.0931,4.4587
5.0931,5.6552
5.0931,4.6245
5.0931,4.3042
5.0931,4.3172
5.0931,5.4708
5.0931,4.942
5.0931,5.3427
5.0931,5.4992
5.0931,6.0436
5.0931,5.1897
5.0931,4.9254
5.0931,5.2805
5.0931,4.7057
5.0931,4.7725
5.0931,4.2873
5.0931,5.3445
-3.0976,-3.7423
-3.0976,-2.9979
-3.0976,-3.2878
-3.0976,-2.8994
-3.0976,-2.2322
-3.0976,-4.0111
-3.0976,-2.7311
-3.0976,-3.0697
-3.0976,-2.2263
-5.9493,-5.3574
-5.9493,-5.7969
-5.9493,-5.4956
-5.9493,-5.7806
-5.9493,-6.2033
-5.9493,-6.3451
5.5808,5.6552
5.5808,5.2262
5.5808,5.3703
5.5808,6.3641
5.5808,5.341
5.5808,6.1916
5.5808,5.4708
5.5808,5.4992
5.5808,4.6679
5.5808,4.7725
5.5808,6.1916
5.5808,5.3445
6.6348,5.6707
6.6348,6.2474
-9.4929,-8.6061
-9.4929,-9.2047
4.198,3.9923
4.198,4.3172
4.198,4.942
4.198,3.2519
4.198,4.9254
4.198,4.2873
-5.7782,-6.6277
-5.7782,-5.7969
-5.7782,-5.0717
-5.7782,-6.2167
-5.8429,-6.167
-5.8429,-6.4849
-5.8429,-5.7384
-5.8429,-6.7539
-5.8429,-5.4572
-5.8429,-5.7864
-5.8429,-6.438
-5.8429,-6.595
-5.8429,-5.9137
-5.8429,-5.4097
-5.8429,-6.3351
-5.8429,-5.2687
-4.1013,-4.723
-4.1013,-4.8183
-4.1013,-4.4936
-4.1013,-3.8137
-7.3625,-6.6869
-7.3625,-6.7539
-7.3625,-6.438
-7.3625,-7.0982
-7.3625,-7.1911
-3.0697,-3.7423
-3.0697,-2.9979
-3.0697,-3.5489
-3.0697,-2.2705
-3.0697,-2.7311
-3.0697,-3.0976
6.1916,5.6552
6.1916,6.4186
6.1916,6.3641
6.1916,5.341
6.1916,6.1916
6.1916,5.4708
6.1916,5.4992
6.1916,6.0436
6.1916,7.1061
6.1916,5.5808
6.1916,6.3434
6.1916,5.3445
-2.2263,-2.1026
-2.2263,-2.9979
-2.2263,-2.3049
-2.2263,-2.8994
-2.2263,-2.2322
-2.2263,-1.88
-2.2263,-1.5509
-2.2263,-3.0976
-4.8498,-5.3574
-4.8498,-5.4956
-4.8498,-5.7806
-4.8498,-4.2476
-4.8498,-4.4936
-4.8498,-4.6574
-4.8498,-5.1748
-0.51848,-0.90829
-0.51848,-1.2275
-0.51848,-1.2599
-0.51848,-0.80847
-0.51848,-0.088201
2.0504,2.6244
2.0504,1.4808
2.0504,2.3406
6.3434,6.959
6.3434,6.4186
6.3434,6.0789
6.3434,5.4708
6.3434,5.3427
6.3434,5.4992
6.3434,6.0436
6.3434,7.1061
6.3434,6.0369
6.3434,6.1916
-0.80847,-1.7918
-0.80847,-1.2599
-0.80847,-0.51848
-0.80847,-0.088201
4.6742,5.2812
4.6742,4.9853
4.6742,4.4762
-1.1703,-1.7106
-1.1703,-0.48517
-1.1703,-1.155
-6.3451,-6.6869
-6.3451,-5.4956
-6.3451,-6.2033
-6.3451,-7.1911
-6.3451,-5.9493
-3.8137,-4.4936
-3.8137,-4.6574
-3.8137,-4.1013
3.1,2.5642
3.1,3.4889
3.1,2.4649
3.1,3.2529
3.1,3.7523
-0.088201,-0.90829
-0.088201,-0.70521
-0.088201,0.021362
-0.088201,-0.51848
-0.088201,-0.80847
-1.2618,-0.90829
-1.2618,-1.051
-1.2618,-1.5751
-1.2618,-1.2275
-1.2618,-1.7624
-1.2618,-0.60561
-1.2618,-0.70521
-1.2618,-0.56247
-1.2618,-1.8336
-1.2618,-1.3856
-1.2618,-1.6266
-1.2618,-1.5803
-1.2618,-0.74686
5.3445,4.4587
5.3445,5.6552
5.3445,4.4151
5.3445,4.6245
5.3445,5.2262
5.3445,5.341
5.3445,5.4708
5.3445,5.3427
5.3445,5.4992
5.3445,5.2805
5.3445,4.7057
5.3445,4.6679
5.3445,4.7725
5.3445,5.0931
5.3445,5.5808
5.3445,6.1916
-0.74686,-1.051
-0.74686,-1.5751
-0.74686,0.013169
-0.74686,-1.3569
-0.74686,-0.60561
-0.74686,-0.29896
-0.74686,-0.56247
-0.74686,-1.3856
-0.74686,-1.6266
-0.74686,-1.2618
