4.1405,4.9447
4.1405,5.0238
4.1405,4.7926
4.1405,4.5582
4.1405,4.0581
-2.8457,-2.8747
-2.8457,-1.9204
-2.8457,-2.7351
-2.8457,-3.7173
-2.8457,-1.9459
-2.8457,-2.7993
-2.8457,-3.7905
-2.8457,-2.7737
-5.979,-5.8975
-5.979,-5.0624
-0.93303,-1.7761
-0.93303,-1.9204
-0.93303,-0.86129
-0.93303,-1.1379
-0.93303,-1.0291
-0.93303,-1.7057
-0.93303,-1.8547
-0.93303,-0.98889
-4.1699,-4.818
-4.1699,-5.0016
-4.1699,-3.7091
-4.1699,-4.2123
-4.1699,-3.8401
-4.1699,-4.789
-4.1699,-5.1171
4.0638,3.6768
4.0638,4.5012
4.0638,4.2122
4.0638,3.3574
4.0638,4.3991
4.0638,4.3213
4.0638,4.7151
4.0638,3.457
4.0638,4.516
4.0638,4.7112
4.6345,3.9063
4.6345,4.3565
4.6345,3.9013
4.6345,3.9255
4.6345,4.7083
4.6345,4.7151
4.6345,4.1173
-4.7394,-4.6126
-4.7394,-4.7149
-4.7394,-3.7905
7.5251,6.7759
7.5251,7.9109
7.5251,7.6627
7.5251,7.4881
3.6768,4.0638
3.6768,3.9063
3.6768,4.5012
3.6768,4.2122
3.6768,3.3574
3.6768,3.2037
3.6768,2.7983
3.6768,3.3447
3.6768,4.3565
3.6768,3.9013
3.6768,4.3991
3.6768,4.3213
3.6768,3.6818
3.6768,3.457
3.6768,4.1173
3.6768,4.516
7.322,6.7759
7.322,6.9155
7.322,7.1548
7.322,6.5115
7.322,7.9109
7.322,7.6627
7.322,6.3671
-4.5546,-3.9884
-4.5546,-5.0624
-2.8747,-2.8457
-2.8747,-1.9204
-2.8747,-2.7351
-2.8747,-3.7173
-2.8747,-1.9851
-2.8747,-2.7993
-2.8747,-2.7737
-0.066349,-0.65686
-0.066349,0.29851
-0.066349,0.85913
-2.8791,-2.4652
-2.8791,-3.1248
-2.8791,-2.546
-2.8791,-2.9257
5.9386,6.3134
5.9386,6.5574
5.9386,6.7759
5.9386,6.9155
5.9386,6.0877
5.9386,6.3671
5.9386,6.0416
5.9386,5.0904
3.9063,4.6345
3.9063,3.6768
3.9063,4.5012
3.9063,4.2122
3.9063,3.3574
3.9063,3.2037
3.9063,3.6722
3.9063,3.3447
3.9063,4.3565
3.9063,3.9013
3.9063,4.3213
3.9063,4.7083
3.9063,3.6818
3.9063,4.7151
3.9063,3.457
3.9063,4.1173
3.9063,4.516
4.5012,4.0638
4.5012,3.6768
4.5012,3.9063
4.5012,4.2122
4.5012,5.4532
4.5012,4.3565
4.5012,3.9013
4.5012,4.3991
4.5012,4.3213
4.5012,4.7083
4.5012,3.6818
4.5012,5.1525
4.5012,4.7151
4.5012,4.1173
4.5012,4.516
-3.0746,-2.6756
-3.0746,-3.3397
-3.0746,-2.5273
-3.0746,-2.9216
-3.0746,-3.3496
-3.0746,-2.8985
-5.326,-4.7032
-5.326,-5.6432
-5.326,-5.8732
-5.326,-4.9305
-5.326,-5.4056
-5.326,-5.9695
-5.326,-6.0753
-1.7761,-0.93303
-1.7761,-1.9204
-1.7761,-2.7351
-1.7761,-0.86129
-1.7761,-1.9851
-1.7761,-1.1379
-1.7761,-1.9459
-1.7761,-1.9016
-1.7761,-1.7057
-1.7761,-1.8547
-1.7761,-0.98889
-6.6994,-5.8732
-6.6994,-5.9695
-5.7528,-5.4454
-5.7528,-5.6325
-5.7528,-5.0016
-5.7528,-6.261
-5.7528,-6.0552
-5.7528,-6.0234
-5.7528,-5.2119
-5.7528,-5.1171
3.3701,2.4948
3.3701,2.9388
3.3701,2.5437
3.3701,3.4591
3.3701,3.6848
-2.4652,-2.8791
-2.4652,-2.546
-2.4652,-2.1661
-2.4652,-2.6344
-2.4652,-2.9257
-1.9204,-2.8457
-1.9204,-0.93303
-1.9204,-2.8747
-1.9204,-1.7761
-1.9204,-2.7351
-1.9204,-1.9851
-1.9204,-1.9459
-1.9204,-1.9016
-1.9204,-2.7993
-1.9204,-1.7057
-1.9204,-1.8547
-1.9204,-2.7737
-1.9204,-0.98889
1.564,1.4975
1.564,2.4948
1.564,0.8852
1.564,1.6599
1.564,2.5437
-8.8709,-7.9601
-8.8709,-8.7782
-8.8709,-8.9779
-8.8709,-9.8495
-8.8709,-9.0669
4.2122,4.0638
4.2122,3.6768
4.2122,3.9063
4.2122,4.5012
4.2122,3.3574
4.2122,4.3991
4.2122,4.3213
4.2122,4.7083
4.2122,3.6818
4.2122,4.7151
4.2122,3.457
4.2122,4.516
-5.4388,-5.4454
-5.4388,-5.0016
-5.4388,-6.261
-5.4388,-5.3642
-5.4388,-4.9305
-5.4388,-5.2119
-5.4388,-5.8095
-5.4388,-4.5642
5.2359,6.0877
5.2359,4.4748
5.2359,5.5323
5.2359,6.0416
5.2359,5.0904
1.3857,1.0041
1.3857,1.9664
1.3857,1.2894
-3.1248,-2.8791
-3.1248,-3.3397
-3.1248,-3.065
-3.1248,-2.546
-3.1248,-2.7206
-3.1248,-3.3325
-3.1248,-2.1661
-3.1248,-2.6344
-3.1248,-2.9257
6.0147,5.0067
6.0147,5.4532
6.0147,5.7716
6.0147,5.9927
6.0147,6.7905
6.0147,5.1525
6.0147,5.7629
6.0147,6.2087
6.0147,5.9643
5.0067,6.0147
5.0067,4.9248
5.0067,5.4532
5.0067,5.7716
5.0067,5.9927
5.0067,4.3991
5.0067,5.1525
5.0067,5.7629
5.0067,4.516
5.0067,4.7112
5.0067,5.9643
1.4975,1.564
6.7343,6.1237
6.7343,5.9927
6.7343,6.7905
6.7343,5.7898
6.7343,5.9643
3.027,2.4948
3.027,2.1391
3.027,4.0291
3.027,2.5437
3.027,3.4591
3.027,3.2189
-5.4454,-5.7528
-5.4454,-5.4388
-5.4454,-5.0016
-5.4454,-6.261
-5.4454,-6.0552
-5.4454,-5.2119
-5.4454,-5.8095
-5.4454,-5.1171
3.3574,4.0638
3.3574,3.6768
3.3574,3.9063
3.3574,4.2122
3.3574,4.3213
3.3574,3.6818
3.3574,3.457
-2.6756,-3.0746
-2.6756,-2.5273
-2.6756,-3.065
-2.6756,-2.551
-2.6756,-2.2288
-2.6756,-3.3496
-2.6756,-2.7206
-2.6756,-2.8985
6.3134,5.9386
6.3134,6.9155
6.3134,7.1548
6.3134,6.5115
6.3134,6.0877
6.3134,6.3671
6.3134,5.5323
6.3134,6.0416
1.0041,1.3857
1.0041,1.9664
1.0041,1.2894
1.0041,0.29851
1.0041,0.85913
6.5574,5.9386
6.5574,6.7759
6.5574,6.9155
6.5574,7.4881
-5.56,-5.6325
-5.56,-5.4945
-5.56,-6.3693
-3.9884,-4.5546
-3.9884,-3.7173
-3.9884,-4.6126
-3.9884,-3.7905
-2.7351,-2.8457
-2.7351,-2.8747
-2.7351,-1.7761
-2.7351,-1.9204
-2.7351,-3.7128
-2.7351,-1.9459
-2.7351,-2.7993
-2.7351,-2.7737
-0.65686,-0.066349
-0.65686,0.29851
4.9248,5.0067
4.9248,4.7926
4.9248,5.7716
4.9248,5.1525
4.9248,5.4399
4.9248,5.7629
4.9248,4.7112
-3.7173,-2.8457
-3.7173,-2.8747
-3.7173,-3.9884
-3.7173,-4.6126
-3.7173,-3.7128
-3.7173,-2.7993
-3.7173,-3.7905
6.1237,6.7343
6.1237,5.7716
6.1237,5.7898
6.1237,5.4399
6.1237,5.9643
-6.8809,-6.0552
-6.8809,-6.0234
-3.3397,-3.0746
-3.3397,-3.1248
-3.3397,-3.5598
-3.3397,-3.065
-3.3397,-2.551
-3.3397,-3.3496
-3.3397,-2.3548
-3.3397,-2.7206
-3.3397,-3.3325
-3.3397,-2.8985
-3.5598,-3.3397
-3.5598,-3.065
-3.5598,-2.551
-3.5598,-3.3496
-3.5598,-2.7206
-3.5598,-3.3325
1.9664,1.3857
1.9664,1.0041
1.9664,1.2894
-4.6126,-4.7394
-4.6126,-3.9884
-4.6126,-3.7173
-4.6126,-4.7149
-4.6126,-3.7905
-4.6126,-5.0624
3.2037,3.6768
3.2037,3.9063
3.2037,2.7983
3.2037,3.6722
3.2037,3.3447
3.2037,3.9013
3.2037,3.9255
3.2037,3.6818
3.2037,4.1173
2.7983,3.6768
2.7983,3.2037
2.7983,3.3447
2.7983,3.6818
2.7983,3.457
6.7759,7.5251
6.7759,7.322
6.7759,5.9386
6.7759,6.5574
6.7759,6.9155
6.7759,7.1548
6.7759,7.6627
6.7759,6.3671
6.7759,6.0416
6.7759,7.4881
-0.86129,-0.93303
-0.86129,-1.7761
-0.86129,-1.1379
-0.86129,-1.0291
-0.86129,-1.7057
-0.86129,-0.98889
4.9447,4.1405
4.9447,5.0238
4.9447,4.7926
4.9447,4.5582
4.9447,5.2204
4.9447,5.7898
4.9447,5.4399
-5.8975,-5.979
-5.8975,-5.451
2.4948,3.3701
2.4948,1.564
2.4948,3.027
2.4948,2.1391
2.4948,2.5437
2.4948,3.4591
5.4532,4.5012
5.4532,6.0147
5.4532,5.0067
5.4532,4.7083
5.4532,5.1525
5.4532,4.7151
5.4532,5.7629
5.4532,4.516
5.4532,6.2087
-4.818,-4.1699
-4.818,-5.6325
-4.818,-5.0016
-4.818,-5.4945
-4.818,-4.789
-4.818,-5.1171
5.0995,5.0238
5.0995,5.8156
5.0995,4.5582
5.0995,5.2204
5.0995,4.2816
-3.7128,-2.7351
-3.7128,-3.7173
-3.7128,-3.7905
-5.6325,-5.7528
-5.6325,-5.56
-5.6325,-4.818
-5.6325,-6.0552
-5.6325,-6.4842
-5.6325,-5.4945
-5.6325,-4.789
-5.6325,-6.0234
-7.9601,-8.8709
-7.9601,-8.7782
-7.9601,-8.1017
5.0238,4.1405
5.0238,4.9447
5.0238,5.0995
5.0238,5.8156
5.0238,4.7926
5.0238,4.5582
5.0238,5.2204
5.0238,5.4399
-5.7919,-5.6432
-5.7919,-5.451
-5.7919,-5.4056
-5.7919,-6.0753
-5.7919,-6.0989
-1.9851,-2.8747
-1.9851,-1.7761
-1.9851,-1.9204
-1.9851,-1.0291
-1.9851,-1.9016
-1.9851,-2.7993
-1.9851,-1.7057
-1.9851,-1.8547
-1.9851,-2.7737
-9.4992,-8.7782
-9.4992,-8.91
-9.4992,-9.8495
-9.4992,-9.0669
-1.1379,-0.93303
-1.1379,-1.7761
-1.1379,-0.86129
-1.1379,-1.9459
-1.1379,-1.7057
5.8156,5.0995
5.8156,5.0238
5.8156,5.2204
6.9155,7.322
6.9155,5.9386
6.9155,6.3134
6.9155,6.5574
6.9155,6.7759
6.9155,7.1548
6.9155,6.0877
6.9155,7.6627
6.9155,6.3671
6.9155,6.0416
6.9155,7.4881
4.7926,4.1405
4.7926,4.9248
4.7926,4.9447
4.7926,5.0238
4.7926,5.2204
4.7926,5.4399
4.5582,4.1405
4.5582,4.9447
4.5582,5.0995
4.5582,5.0238
4.5582,4.0291
4.5582,5.2204
4.5582,4.2816
4.5582,4.0581
3.6722,3.9063
3.6722,3.2037
3.6722,3.3447
3.6722,4.3565
3.6722,3.9013
3.6722,3.9255
3.6722,3.6818
3.6722,4.1173
7.1548,7.322
7.1548,6.3134
7.1548,6.7759
7.1548,6.9155
7.1548,6.5115
7.1548,7.9109
7.1548,7.6627
7.1548,6.3671
-5.0016,-4.1699
-5.0016,-5.7528
-5.0016,-5.4388
-5.0016,-5.4454
-5.0016,-4.818
-5.0016,-4.3968
-5.0016,-4.2123
-5.0016,-5.2119
-5.0016,-4.5642
-5.0016,-5.1171
-4.3968,-5.0016
-4.3968,-3.7999
-4.3968,-4.2123
-4.3968,-3.4407
-4.3968,-5.2119
-4.3968,-4.5642
0.8852,1.564
0.8852,1.6599
-1.0291,-0.93303
-1.0291,-0.86129
-1.0291,-1.9851
-1.0291,-1.9016
-1.0291,-1.8547
-1.0291,-0.98889
5.7716,6.0147
5.7716,5.0067
5.7716,4.9248
5.7716,6.1237
5.7716,5.9927
5.7716,5.7898
5.7716,5.1525
5.7716,5.4399
5.7716,5.7629
5.7716,5.9643
-3.7091,-4.1699
-3.7091,-4.2123
-3.7091,-3.8401
-4.7032,-5.326
-4.7032,-5.3642
-4.7032,-4.9305
-2.5273,-3.0746
-2.5273,-2.6756
-2.5273,-2.551
-2.5273,-2.2288
-2.5273,-1.7224
-2.5273,-3.3496
-2.5273,-2.3548
-2.5273,-2.7206
-2.5273,-1.7809
-2.5273,-2.8985
6.5115,7.322
6.5115,6.3134
6.5115,7.1548
6.5115,6.0877
6.5115,6.3671
6.5115,5.5323
6.5115,6.0416
-3.7999,-4.3968
-3.7999,-3.4407
-3.7999,-4.5642
-6.261,-5.7528
-6.261,-5.4388
-6.261,-5.4454
-6.261,-6.0552
-6.261,-5.8095
-3.065,-3.1248
-3.065,-2.6756
-3.065,-3.3397
-3.065,-3.5598
-3.065,-2.551
-3.065,-2.3548
-3.065,-2.7206
-3.065,-3.3325
-3.065,-2.6344
-3.065,-2.9257
-3.065,-2.8985
3.3447,3.6768
3.3447,3.9063
3.3447,3.2037
3.3447,2.7983
3.3447,3.6722
3.3447,3.9013
3.3447,3.9255
3.3447,3.6818
3.3447,4.1173
1.2894,1.3857
1.2894,1.0041
1.2894,1.9664
1.2894,0.85913
4.3565,4.6345
4.3565,3.6768
4.3565,3.9063
4.3565,4.5012
4.3565,3.6722
4.3565,3.9013
4.3565,3.9255
4.3565,4.7083
4.3565,3.6818
4.3565,4.7151
4.3565,4.1173
-2.546,-2.8791
-2.546,-2.4652
-2.546,-3.1248
-2.546,-2.3548
-2.546,-2.7206
-2.546,-3.3325
-2.546,-2.1661
-2.546,-2.6344
-2.546,-2.9257
3.9013,4.6345
3.9013,3.6768
3.9013,3.9063
3.9013,4.5012
3.9013,3.2037
3.9013,3.6722
3.9013,3.3447
3.9013,4.3565
3.9013,3.9255
3.9013,4.3213
3.9013,4.7083
3.9013,3.6818
3.9013,3.457
3.9013,4.1173
2.1391,3.027
2.1391,2.4948
2.1391,1.6599
6.0877,5.9386
6.0877,5.2359
6.0877,6.3134
6.0877,6.9155
6.0877,6.5115
6.0877,6.3671
6.0877,5.5323
6.0877,6.0416
-6.0552,-5.7528
-6.0552,-5.4454
-6.0552,-6.8809
-6.0552,-5.6325
-6.0552,-6.261
-6.0552,-6.4842
-6.0552,-5.4945
-6.0552,-6.0234
1.6599,1.564
1.6599,0.8852
1.6599,2.1391
-8.7782,-8.8709
-8.7782,-7.9601
-8.7782,-9.4992
-8.7782,-8.1017
-8.7782,-8.91
-8.7782,-9.0669
-8.1017,-7.9601
-8.1017,-8.7782
-8.1017,-8.91
7.9109,7.5251
7.9109,7.322
7.9109,7.1548
7.9109,7.6627
7.9109,7.4881
7.9109,8.5551
7.6627,7.5251
7.6627,7.322
7.6627,6.7759
7.6627,6.9155
7.6627,7.1548
7.6627,7.9109
7.6627,7.4881
7.6627,8.5551
-2.551,-2.6756
-2.551,-3.3397
-2.551,-3.5598
-2.551,-2.5273
-2.551,-3.065
-2.551,-1.7224
-2.551,-2.3548
-2.551,-2.7206
-2.551,-2.6344
-2.551,-2.8985
-2.2288,-2.6756
-2.2288,-2.5273
-2.2288,-2.9216
-2.2288,-1.7809
5.9927,6.0147
5.9927,5.0067
5.9927,6.7343
5.9927,5.7716
5.9927,6.7905
5.9927,5.7898
5.9927,5.1525
5.9927,5.4399
5.9927,5.7629
5.9927,6.2087
5.9927,5.9643
-5.6432,-5.326
-5.6432,-5.7919
-5.6432,-5.8732
-5.6432,-6.5409
-5.6432,-5.4056
-5.6432,-5.9695
-5.6432,-6.0753
6.7905,6.0147
6.7905,6.7343
6.7905,5.9927
6.7905,7.1871
6.7905,5.9643
-2.9216,-3.0746
-2.9216,-2.2288
-4.7149,-4.7394
-4.7149,-4.6126
-4.7149,-3.7905
-4.2123,-4.1699
-4.2123,-5.0016
-4.2123,-4.3968
-4.2123,-3.7091
-4.2123,-3.8401
-4.2123,-4.5642
-4.2123,-5.1171
-3.1623,-3.8401
-3.1623,-3.4407
4.0291,3.027
4.0291,4.5582
4.0291,4.2816
4.0291,3.4591
4.0291,4.0581
4.0291,3.2189
4.4748,5.2359
4.4748,5.0904
-6.4842,-5.6325
-6.4842,-6.0552
-6.4842,-5.4945
-6.4842,-6.3693
-6.4842,-6.0234
-6.4842,-6.7024
5.2204,4.9447
5.2204,5.0995
5.2204,5.0238
5.2204,5.8156
5.2204,4.7926
5.2204,4.5582
5.2204,5.7898
5.2204,5.4399
-1.7224,-2.5273
-1.7224,-2.551
-1.7224,-2.3548
-1.7224,-1.7809
-5.451,-5.8975
-5.451,-5.7919
-5.451,-5.4056
-5.451,-6.0989
2.9388,3.3701
2.9388,2.5437
2.9388,3.6848
3.9255,4.6345
3.9255,3.2037
3.9255,3.6722
3.9255,3.3447
3.9255,4.3565
3.9255,3.9013
3.9255,4.1173
-3.3496,-3.0746
-3.3496,-2.6756
-3.3496,-3.3397
-3.3496,-3.5598
-3.3496,-2.5273
-3.3496,-2.8985
-3.8401,-4.1699
-3.8401,-3.7091
-3.8401,-4.2123
-3.8401,-3.1623
-2.3548,-3.3397
-2.3548,-2.5273
-2.3548,-3.065
-2.3548,-2.546
-2.3548,-2.551
-2.3548,-1.7224
-2.3548,-2.7206
-2.3548,-2.1661
-2.3548,-2.6344
-8.9779,-8.8709
4.3991,4.0638
4.3991,3.6768
4.3991,4.5012
4.3991,4.2122
4.3991,5.0067
4.3991,4.3213
4.3991,4.7083
4.3991,5.1525
4.3991,4.7151
4.3991,4.516
4.3991,4.7112
7.1871,6.7905
-2.7206,-3.1248
-2.7206,-2.6756
-2.7206,-3.3397
-2.7206,-3.5598
-2.7206,-2.5273
-2.7206,-3.065
-2.7206,-2.546
-2.7206,-2.551
-2.7206,-2.3548
-2.7206,-2.6344
-2.7206,-2.9257
-2.7206,-2.8985
5.7898,6.7343
5.7898,6.1237
5.7898,4.9447
5.7898,5.7716
5.7898,5.9927
5.7898,5.2204
5.7898,5.4399
5.7898,5.7629
5.7898,5.9643
-1.9459,-2.8457
-1.9459,-1.7761
-1.9459,-1.9204
-1.9459,-2.7351
-1.9459,-1.1379
-1.9459,-1.7057
-1.9459,-1.8547
-1.9459,-2.7737
-3.3325,-3.1248
-3.3325,-3.3397
-3.3325,-3.5598
-3.3325,-3.065
-3.3325,-2.546
-3.3325,-2.6344
-3.3325,-2.9257
-5.4945,-5.56
-5.4945,-4.818
-5.4945,-5.6325
-5.4945,-6.0552
-5.4945,-6.4842
-5.4945,-4.789
-5.4945,-6.0234
-1.7809,-2.5273
-1.7809,-2.2288
-1.7809,-1.7224
6.3671,7.322
6.3671,5.9386
6.3671,6.3134
6.3671,6.7759
6.3671,6.9155
6.3671,7.1548
6.3671,6.5115
6.3671,6.0877
6.3671,5.5323
6.3671,6.0416
4.3213,4.0638
4.3213,3.6768
4.3213,3.9063
4.3213,4.5012
4.3213,4.2122
4.3213,3.3574
4.3213,3.9013
4.3213,4.3991
4.3213,4.7083
4.3213,3.6818
4.3213,5.1525
4.3213,4.7151
4.3213,3.457
4.3213,4.516
-4.789,-4.1699
-4.789,-4.818
-4.789,-5.6325
-4.789,-5.4945
-4.789,-5.1171
-5.3642,-5.4388
-5.3642,-4.7032
-5.3642,-5.8732
-5.3642,-4.9305
-5.3642,-5.2119
-5.3642,-5.8095
-5.3642,-4.5642
-5.3642,-5.9695
2.5437,3.3701
2.5437,1.564
2.5437,3.027
2.5437,2.4948
2.5437,2.9388
2.5437,3.4591
-8.91,-9.4992
-8.91,-8.7782
-8.91,-8.1017
-8.91,-9.0669
-6.3693,-5.56
-6.3693,-6.4842
-6.3693,-6.7024
4.7083,4.6345
4.7083,3.9063
4.7083,4.5012
4.7083,4.2122
4.7083,5.4532
4.7083,4.3565
4.7083,3.9013
4.7083,4.3991
4.7083,4.3213
4.7083,4.7151
4.7083,4.1173
4.7083,4.516
3.6818,3.6768
3.6818,3.9063
3.6818,4.5012
3.6818,4.2122
3.6818,3.3574
3.6818,3.2037
3.6818,2.7983
3.6818,3.6722
3.6818,3.3447
3.6818,4.3565
3.6818,3.9013
3.6818,4.3213
3.6818,3.457
3.6818,4.1173
-1.9016,-1.7761
-1.9016,-1.9204
-1.9016,-1.9851
-1.9016,-1.0291
-1.9016,-1.8547
-2.7993,-2.8457
-2.7993,-2.8747
-2.7993,-1.9204
-2.7993,-2.7351
-2.7993,-3.7173
-2.7993,-1.9851
-2.7993,-1.8547
-2.7993,-2.7737
4.2816,5.0995
4.2816,4.5582
4.2816,4.0291
4.2816,3.4591
5.1525,4.5012
5.1525,6.0147
5.1525,5.0067
5.1525,4.9248
5.1525,5.4532
5.1525,5.7716
5.1525,5.9927
5.1525,4.3991
5.1525,4.3213
5.1525,4.7151
5.1525,5.7629
5.1525,4.516
5.1525,4.7112
5.1525,5.9643
-3.4407,-4.3968
-3.4407,-3.7999
-3.4407,-3.1623
-9.8495,-8.8709
-9.8495,-9.4992
-9.8495,-9.0669
-5.8732,-5.326
-5.8732,-6.6994
-5.8732,-5.6432
-5.8732,-5.3642
-5.8732,-4.9305
-5.8732,-5.8095
-5.8732,-5.9695
-5.8732,-6.0753
-6.5409,-5.6432
-6.5409,-6.7639
-6.5409,-5.9695
-6.5409,-6.0753
-1.7057,-0.93303
-1.7057,-1.7761
-1.7057,-1.9204
-1.7057,-0.86129
-1.7057,-1.9851
-1.7057,-1.1379
-1.7057,-1.9459
-1.7057,-1.8547
-1.7057,-0.98889
-6.0234,-5.7528
-6.0234,-6.8809
-6.0234,-5.6325
-6.0234,-6.0552
-6.0234,-6.4842
-6.0234,-5.4945
-6.0234,-6.7024
-2.1661,-2.4652
-2.1661,-3.1248
-2.1661,-2.546
-2.1661,-2.3548
-2.1661,-2.6344
-2.1661,-2.9257
-4.9305,-5.326
-4.9305,-5.4388
-4.9305,-4.7032
-4.9305,-5.3642
-4.9305,-5.8732
-4.9305,-4.5642
4.7151,4.0638
4.7151,4.6345
4.7151,3.9063
4.7151,4.5012
4.7151,4.2122
4.7151,5.4532
4.7151,4.3565
4.7151,4.3991
4.7151,4.3213
4.7151,4.7083
4.7151,5.1525
4.7151,4.1173
4.7151,4.516
5.5323,5.2359
5.5323,6.3134
5.5323,6.5115
5.5323,6.0877
5.5323,6.3671
5.5323,6.0416
3.457,4.0638
3.457,3.6768
3.457,3.9063
3.457,4.2122
3.457,3.3574
3.457,2.7983
3.457,3.9013
3.457,4.3213
3.457,3.6818
3.457,4.1173
-5.2119,-5.7528
-5.2119,-5.4388
-5.2119,-5.4454
-5.2119,-5.0016
-5.2119,-4.3968
-5.2119,-5.3642
-5.2119,-5.8095
-5.2119,-4.5642
-5.2119,-5.1171
6.0416,5.9386
6.0416,5.2359
6.0416,6.3134
6.0416,6.7759
6.0416,6.9155
6.0416,6.5115
6.0416,6.0877
6.0416,6.3671
6.0416,5.5323
6.0416,5.0904
5.4399,4.9248
5.4399,6.1237
5.4399,4.9447
5.4399,5.0238
5.4399,4.7926
5.4399,5.7716
5.4399,5.9927
5.4399,5.2204
5.4399,5.7898
5.4399,5.7629
5.4399,5.9643
3.4591,3.3701
3.4591,3.027
3.4591,2.4948
3.4591,4.0291
3.4591,2.5437
3.4591,4.2816
3.4591,3.2189
3.4591,3.6848
7.4881,7.5251
7.4881,6.5574
7.4881,6.7759
7.4881,6.9155
7.4881,7.9109
7.4881,7.6627
-2.6344,-2.4652
-2.6344,-3.1248
-2.6344,-3.065
-2.6344,-2.546
-2.6344,-2.551
-2.6344,-2.3548
-2.6344,-2.7206
-2.6344,-3.3325
-2.6344,-2.1661
-2.6344,-2.9257
-5.8095,-5.4388
-5.8095,-5.4454
-5.8095,-6.261
-5.8095,-5.3642
-5.8095,-5.8732
-5.8095,-5.2119
4.1173,4.6345
4.1173,3.6768
4.1173,3.9063
4.1173,4.5012
4.1173,3.2037
4.1173,3.6722
4.1173,3.3447
4.1173,4.3565
4.1173,3.9013
4.1173,3.9255
4.1173,4.7083
4.1173,3.6818
4.1173,4.7151
4.1173,3.457
-6.7639,-6.5409
-6.7639,-6.0753
-6.7639,-6.0989
5.7629,6.0147
5.7629,5.0067
5.7629,4.9248
5.7629,5.4532
5.7629,5.7716
5.7629,5.9927
5.7629,5.7898
5.7629,5.1525
5.7629,5.4399
5.7629,6.2087
5.7629,5.9643
-3.7905,-2.8457
-3.7905,-4.7394
-3.7905,-3.9884
-3.7905,-3.7173
-3.7905,-4.6126
-3.7905,-3.7128
-3.7905,-4.7149
-5.4056,-5.326
-5.4056,-5.7919
-5.4056,-5.6432
-5.4056,-5.451
-5.4056,-6.0989
4.516,4.0638
4.516,3.6768
4.516,3.9063
4.516,4.5012
4.516,4.2122
4.516,5.0067
4.516,5.4532
4.516,4.3991
4.516,4.3213
4.516,4.7083
4.516,5.1525
4.516,4.7151
4.516,4.7112
8.5551,7.9109
8.5551,7.6627
-9.0669,-8.8709
-9.0669,-9.4992
-9.0669,-8.7782
-9.0669,-8.91
-9.0669,-9.8495
4.0581,4.1405
4.0581,4.5582
4.0581,4.0291
-5.0624,-5.979
-5.0624,-4.5546
-5.0624,-4.6126
-4.5642,-5.4388
-4.5642,-5.0016
-4.5642,-4.3968
-4.5642,-3.7999
-4.5642,-4.2123
-4.5642,-5.3642
-4.5642,-4.9305
-4.5642,-5.2119
-6.7024,-6.4842
-6.7024,-6.3693
-6.7024,-6.0234
-5.9695,-5.326
-5.9695,-6.6994
-5.9695,-5.6432
-5.9695,-5.3642
-5.9695,-5.8732
-5.9695,-6.5409
-5.9695,-6.0753
-1.8547,-0.93303
-1.8547,-1.7761
-1.8547,-1.9204
-1.8547,-1.9851
-1.8547,-1.0291
-1.8547,-1.9459
-1.8547,-1.9016
-1.8547,-2.7993
-1.8547,-1.7057
-1.8547,-2.7737
-1.8547,-0.98889
6.2087,6.0147
6.2087,5.4532
6.2087,5.9927
6.2087,5.7629
-2.7737,-2.8457
-2.7737,-2.8747
-2.7737,-1.9204
-2.7737,-2.7351
-2.7737,-1.9851
-2.7737,-1.9459
-2.7737,-2.7993
-2.7737,-1.8547
-6.0753,-5.326
-6.0753,-5.7919
-6.0753,-5.6432
-6.0753,-5.8732
-6.0753,-6.5409
-6.0753,-6.7639
-6.0753,-5.9695
-6.0753,-6.0989
0.31975,0.29851
3.2189,3.027
3.2189,4.0291
3.2189,3.4591
4.7112,4.0638
4.7112,5.0067
4.7112,4.9248
4.7112,4.3991
4.7112,5.1525
4.7112,4.516
-2.9257,-2.8791
-2.9257,-2.4652
-2.9257,-3.1248
-2.9257,-3.065
-2.9257,-2.546
-2.9257,-2.7206
-2.9257,-3.3325
-2.9257,-2.1661
-2.9257,-2.6344
5.0904,5.9386
5.0904,5.2359
5.0904,4.4748
5.0904,6.0416
-0.98889,-0.93303
-0.98889,-1.7761
-0.98889,-1.9204
-0.98889,-0.86129
-0.98889,-1.0291
-0.98889,-1.7057
-0.98889,-1.8547
-6.0989,-5.7919
-6.0989,-5.451
-6.0989,-6.7639
-6.0989,-5.4056
-6.0989,-6.0753
-5.1171,-4.1699
-5.1171,-5.7528
-5.1171,-5.4454
-5.1171,-4.818
-5.1171,-5.0016
-5.1171,-4.2123
-5.1171,-4.789
-5.1171,-5.2119
3.6848,3.3701
3.6848,2.9388
3.6848,3.4591
0.29851,-0.066349
0.29851,1.0041
0.29851,-0.65686
0.29851,0.31975
-2.8985,-3.0746
-2.8985,-2.6756
-2.8985,-3.3397
-2.8985,-2.5273
-2.8985,-3.065
-2.8985,-2.551
-2.8985,-3.3496
-2.8985,-2.7206
5.9643,6.0147
5.9643,5.0067
5.9643,6.7343
5.9643,6.1237
5.9643,5.7716
5.9643,5.9927
5.9643,6.7905
5.9643,5.7898
5.9643,5.1525
5.9643,5.4399
5.9643,5.7629
0.85913,-0.066349
0.85913,1.0041
0.85913,1.2894
