-0.90914,-0.71407
-0.90914,-1.2235
-0.90914,-0.33507
-0.90914,-0.68717
-0.90914,-1.2762
-0.90914,-1.5736
-0.90914,-1.2628
-0.90914,-1.5919
-5.7679,-6.1757
-5.7679,-4.9312
-5.7679,-5.4348
-5.7679,-5.2086
-4.1367,-3.4772
-4.1367,-3.7458
-4.1367,-4.6457
-4.1367,-3.7072
-4.1367,-3.5614
-4.1367,-4.7261
-4.1367,-4.1656
-4.1367,-4.5218
-4.1367,-4.2212
-3.5423,-3.4772
-3.5423,-4.2107
-3.5423,-3.7458
-3.5423,-2.8571
-3.5423,-3.2629
-3.5423,-3.1112
-3.5423,-4.1656
-3.5423,-2.6052
-3.5423,-3.8956
-3.5423,-2.9645
-0.71407,-0.90914
-0.71407,-1.0954
-0.71407,-0.052814
-0.71407,-0.33507
-0.71407,-1.2762
-0.71407,-1.5736
-0.71407,-1.2628
-2.7411,-2.6361
-2.7411,-1.8684
-2.7411,-3.2111
-2.7411,-2.107
-2.7411,-2.2032
-2.7411,-2.2829
-2.7411,-2.465
-2.7411,-2.9937
-2.7411,-3.3414
-2.7411,-2.9794
-2.7411,-2.6985
-2.7411,-2.3003
-3.429,-2.6361
-3.429,-3.1824
-3.429,-3.2111
-3.429,-2.7964
-3.429,-2.465
-3.429,-2.9937
-3.429,-3.8766
-3.429,-3.8055
-3.429,-2.9213
-3.429,-4.4132
-3.4772,-4.1367
-3.4772,-3.5423
-3.4772,-3.7458
-3.4772,-3.7072
-3.4772,-3.0458
-3.4772,-2.5386
-3.4772,-2.8571
-3.4772,-3.5614
-3.4772,-3.1112
-3.4772,-4.1656
2.3399,3.0366
2.3399,2.4404
2.3399,2.8458
2.3399,1.7227
2.3399,2.2255
-2.6361,-2.7411
-2.6361,-3.429
-2.6361,-1.8684
-2.6361,-3.2111
-2.6361,-2.107
-2.6361,-2.2032
-2.6361,-2.7964
-2.6361,-2.036
-2.6361,-2.2829
-2.6361,-2.465
-2.6361,-2.9937
-2.6361,-2.2571
-2.6361,-2.6985
3.0366,2.3399
3.0366,2.4404
3.0366,2.8458
3.0366,3.4089
3.0366,3.5726
-4.0678,-4.8414
-4.0678,-3.7072
-4.0678,-3.2648
-4.0678,-4.2212
-4.2107,-3.5423
-4.2107,-3.7458
-4.2107,-4.8113
-4.2107,-4.4914
-4.2107,-4.7261
-4.2107,-4.1656
-4.2107,-4.5218
-4.2107,-3.8956
4.8726,5.8077
4.8726,4.0411
4.8726,5.0233
4.8726,4.7122
4.8726,4.3863
3.2304,3.4122
3.2304,3.2698
3.2304,3.5505
3.2304,2.8672
3.2304,3.3967
3.2304,2.6961
3.2304,3.9293
3.2304,2.28
3.2304,3.7454
3.2304,3.2217
3.2304,2.7157
3.2304,3.8997
1.2773,0.82909
1.2773,1.7227
-3.1824,-3.429
-3.1824,-2.7964
-3.1824,-2.9499
-3.1824,-2.9937
-3.1824,-2.2571
-3.1824,-3.8055
-3.1824,-2.9213
-3.1824,-2.5543
-1.8684,-2.7411
-1.8684,-2.6361
-1.8684,-2.107
-1.8684,-2.2032
-1.8684,-2.036
-1.8684,-1.2235
-1.8684,-2.2829
-1.8684,-2.465
-1.8684,-1.4853
-1.8684,-2.2571
-1.8684,-1.659
-1.8684,-1.2628
-1.8684,-0.99117
-1.8684,-1.5919
4.9675,5.475
4.9675,4.2947
4.9675,4.6789
4.9675,4.9936
4.9675,4.2313
4.9675,4.6447
4.9675,5.0057
4.9675,4.4602
4.9675,4.5765
4.9675,5.5939
-2.4624,-2.0919
-2.4624,-3.0458
-2.4624,-2.5386
-2.4624,-1.8275
-2.4624,-2.4769
-2.4624,-2.8571
-2.4624,-3.1112
-2.4624,-2.6052
-2.4624,-2.9645
-4.206,-4.6279
-4.206,-4.9312
-4.206,-3.832
-4.206,-4.4914
-4.206,-3.6937
-4.206,-3.8956
-2.6215,-2.4769
-2.6215,-1.9844
-2.6215,-2.1542
-2.6215,-3.1325
-2.6215,-3.2648
2.7873,3.5057
2.7873,3.3241
2.7873,2.1899
2.7873,3.0471
1.3867,2.0356
1.3867,1.0472
1.3867,1.1075
1.3867,2.1968
1.3867,1.6015
3.4122,3.2304
3.4122,3.1957
3.4122,4.2947
3.4122,3.2698
3.4122,3.5505
3.4122,2.8672
3.4122,3.3967
3.4122,3.9293
3.4122,4.1501
3.4122,2.7157
3.4122,2.8211
3.4122,3.8241
3.4122,3.8997
-4.6279,-4.206
-4.6279,-4.9312
-4.6279,-3.832
0.36799,-0.052814
0.36799,-0.33507
0.36799,1.0472
0.36799,0.39073
0.36799,-0.20635
5.475,4.9675
5.475,4.9936
5.475,5.0057
5.475,6.0096
5.475,6.1388
5.475,5.3611
5.475,5.5939
-3.2111,-2.7411
-3.2111,-3.429
-3.2111,-2.6361
-3.2111,-3.9696
-3.2111,-2.2829
-3.2111,-2.465
-3.2111,-2.9937
-3.2111,-3.8766
-3.2111,-3.3414
-3.2111,-2.6985
-2.0919,-2.4624
-2.0919,-1.8275
-2.0919,-2.8571
-2.0919,-1.7991
-2.0919,-2.6052
-2.0919,-2.9645
2.9017,2.8458
2.9017,3.7948
2.9017,2.2255
2.9017,2.6256
2.9017,3.315
2.9017,2.6564
2.9017,2.1968
2.9017,3.2818
3.872,3.9929
3.872,3.196
3.1957,3.4122
3.1957,3.3967
3.1957,2.9384
3.1957,2.4462
3.1957,4.0411
3.1957,3.7555
3.1957,2.8211
3.1957,3.8241
-2.107,-2.7411
-2.107,-2.6361
-2.107,-1.8684
-2.107,-2.2032
-2.107,-2.2829
-2.107,-1.7253
-2.107,-1.2087
-2.107,-1.4853
-2.107,-1.659
-2.107,-2.6985
-2.107,-2.3003
-2.2032,-2.7411
-2.2032,-2.6361
-2.2032,-1.8684
-2.2032,-2.107
-2.2032,-2.036
-2.2032,-2.2829
-2.2032,-2.465
-2.2032,-1.4853
-2.2032,-1.659
-2.2032,-2.6985
-2.2032,-2.3003
2.6014,3.196
-1.8509,-2.6971
-1.8509,-1.7253
-1.8509,-2.3003
-1.8509,-0.9992
-1.0954,-0.71407
-1.0954,-1.8524
-1.0954,-1.2762
-1.0954,-1.77
-1.5258,-1.8275
-1.5258,-2.4769
-1.5258,-1.9844
-2.0746,-2.7964
-2.0746,-1.8524
-2.0746,-2.036
-2.0746,-2.2772
-2.0746,-1.2762
-2.0746,-1.5736
-2.0746,-2.2571
-2.0746,-2.9213
-2.0746,-1.2628
-2.0746,-2.5543
-2.0746,-1.5919
4.2947,4.9675
4.2947,3.4122
4.2947,4.6789
4.2947,3.5505
4.2947,3.9293
4.2947,4.2313
4.2947,4.6447
4.2947,5.0057
4.2947,4.4602
4.2947,4.1501
4.2947,3.7454
4.2947,3.8997
4.2947,4.7122
-3.9696,-3.2111
-3.9696,-3.8766
-3.9696,-3.3414
-3.9696,-3.6139
2.4404,2.3399
2.4404,3.0366
2.4404,3.0363
4.9757,3.9929
2.8458,2.3399
2.8458,3.0366
2.8458,2.9017
2.8458,2.2255
2.8458,2.6256
2.8458,3.315
2.8458,3.4089
3.2698,3.2304
3.2698,3.4122
3.2698,3.5505
3.2698,2.8672
3.2698,2.6961
3.2698,3.9293
3.2698,3.7454
3.2698,3.2217
3.2698,2.7157
3.2698,3.8015
3.2698,3.8997
-4.8414,-4.0678
-4.8414,-5.3971
-4.8414,-4.9302
-4.8414,-4.2212
-6.1757,-5.7679
-6.1757,-5.4348
-6.1757,-6.3262
-6.1757,-5.6734
3.8771,2.9384
3.8771,4.0411
3.8771,3.7555
-0.84756,-0.9992
-3.7458,-4.1367
-3.7458,-3.5423
-3.7458,-3.4772
-3.7458,-4.2107
-3.7458,-3.0458
-3.7458,-2.8571
-3.7458,-3.5614
-3.7458,-3.1112
-3.7458,-4.7261
-3.7458,-4.1656
-3.7458,-4.5218
-3.7458,-3.8956
0.82909,1.2773
0.82909,1.7227
0.82909,0.64891
0.82909,-0.005579
0.82909,1.1075
3.85,3.3241
3.85,4.3892
3.85,3.9583
4.6789,4.9675
4.6789,4.2947
4.6789,5.3312
4.6789,3.9293
4.6789,4.6447
4.6789,5.0057
4.6789,4.4602
4.6789,4.1501
4.6789,3.8997
4.6789,5.0233
4.6789,4.7122
4.6789,4.3863
4.6789,5.5939
3.5505,3.2304
3.5505,3.4122
3.5505,4.2947
3.5505,3.2698
3.5505,2.8672
3.5505,3.3967
3.5505,3.9293
3.5505,4.1501
3.5505,3.7454
3.5505,3.2217
3.5505,2.7157
3.5505,3.8241
3.5505,3.8997
3.7948,2.9017
3.7948,3.9929
3.7948,3.315
3.7948,3.2818
3.7948,3.9788
3.7948,4.5883
-4.6457,-4.1367
-4.6457,-5.3971
-4.6457,-5.1446
-4.6457,-4.7261
-4.6457,-4.1656
-4.6457,-4.9302
-4.6457,-4.5218
-4.6457,-4.2212
-2.7964,-3.429
-2.7964,-2.6361
-2.7964,-3.1824
-2.7964,-2.0746
-2.7964,-2.036
-2.7964,-2.465
-2.7964,-2.9937
-2.7964,-2.2571
-2.7964,-2.9213
-2.7964,-2.5543
-1.8524,-1.0954
-1.8524,-2.0746
-1.8524,-2.2772
-1.8524,-1.2762
-1.8524,-1.5736
-1.8524,-2.2571
-1.8524,-2.5543
-1.8524,-1.77
4.1483,3.4089
4.1483,3.5726
4.1483,3.9788
-4.9312,-5.7679
-4.9312,-4.206
-4.9312,-4.6279
-4.9312,-5.2086
-4.9312,-4.4914
1.7227,2.3399
1.7227,1.2773
1.7227,0.82909
1.7227,2.2255
1.7227,1.1075
1.7227,1.6015
-3.7072,-4.1367
-3.7072,-3.4772
-3.7072,-4.0678
-3.7072,-3.0458
-3.7072,-3.5614
-3.7072,-3.1325
-3.7072,-3.2648
-3.7072,-4.2212
0.64891,0.82909
0.64891,-0.005579
0.64891,1.1075
0.64891,0.39073
0.64891,1.6015
0.64891,-0.19479
-2.6971,-1.8509
-2.6971,-2.9794
-2.6971,-2.3003
2.8672,3.2304
2.8672,3.4122
2.8672,3.2698
2.8672,3.5505
2.8672,3.3967
2.8672,2.4462
2.8672,2.28
2.8672,2.7157
2.8672,2.8211
-0.52773,-0.50865
-0.52773,-1.2235
-0.52773,-0.33507
-0.52773,-0.68717
-0.52773,-1.4853
-0.52773,0.39073
-0.52773,-0.99117
-0.52773,-0.19479
-0.52773,-0.20635
-5.4348,-5.7679
-5.4348,-6.1757
-5.4348,-4.8113
-5.4348,-5.2086
-5.4348,-5.1446
-5.4348,-4.7261
-5.4348,-4.5218
-5.4348,-5.6734
3.5057,2.7873
3.5057,3.3241
3.5057,4.303
3.5057,4.2313
3.5057,3.7454
3.5057,3.2217
3.5057,3.8015
3.5057,3.0471
3.5057,3.9583
4.7409,4.303
4.7409,4.9936
4.7409,4.2313
4.7409,4.3892
4.7409,4.5765
4.7409,5.0536
4.7409,5.3611
4.7409,3.9583
-0.005579,0.82909
-0.005579,0.64891
-0.005579,-0.50865
-0.005579,-0.19479
-3.0458,-3.4772
-3.0458,-2.4624
-3.0458,-3.7458
-3.0458,-3.7072
-3.0458,-2.5386
-3.0458,-2.4769
-3.0458,-3.5614
-3.0458,-3.1112
-3.0458,-3.1325
-3.832,-4.206
-3.832,-4.6279
-3.832,-3.6937
3.3241,2.7873
3.3241,3.85
3.3241,3.5057
3.3241,3.8015
3.3241,3.0471
3.3241,3.9583
-2.9499,-3.1824
-2.9499,-2.2772
-2.9499,-2.9213
-2.9499,-2.5543
-0.50865,-0.52773
-0.50865,-0.005579
-0.50865,-1.2087
-0.50865,-0.99117
-0.50865,-0.19479
-0.50865,-0.20635
-0.50865,-0.9992
3.9929,3.872
3.9929,4.9757
3.9929,3.7948
3.9929,3.2818
3.9929,3.196
2.2255,2.3399
2.2255,2.9017
2.2255,2.8458
2.2255,1.7227
2.2255,2.6256
2.2255,2.1968
2.2255,1.6015
-0.052814,-0.71407
-0.052814,0.36799
-0.052814,-0.33507
-2.036,-2.6361
-2.036,-1.8684
-2.036,-2.2032
-2.036,-2.0746
-2.036,-2.7964
-2.036,-1.2235
-2.036,-2.2829
-2.036,-2.465
-2.036,-1.4853
-2.036,-2.9937
-2.036,-1.5736
-2.036,-2.2571
-2.036,-1.2628
-2.036,-2.5543
-2.036,-1.5919
2.6256,2.9017
2.6256,2.8458
2.6256,2.2255
2.6256,3.315
2.6256,2.6564
2.6256,2.1968
2.6256,3.2818
2.0385,1.6962
2.0385,2.4462
2.0385,2.8211
1.6962,2.0385
1.6962,2.4462
1.6962,2.28
3.3967,3.2304
3.3967,3.4122
3.3967,3.1957
3.3967,3.5505
3.3967,2.8672
3.3967,3.9293
3.3967,2.4462
3.3967,4.1501
3.3967,3.7555
3.3967,2.8211
3.3967,3.8241
-4.8113,-4.2107
-4.8113,-5.4348
-4.8113,-5.2086
-4.8113,-5.1446
-4.8113,-4.4914
-4.8113,-4.7261
-4.8113,-4.1656
-4.8113,-4.5218
-1.2235,-0.90914
-1.2235,-1.8684
-1.2235,-0.52773
-1.2235,-2.036
-1.2235,-0.68717
-1.2235,-1.4853
-1.2235,-1.5736
-1.2235,-1.659
-1.2235,-1.2628
-1.2235,-0.99117
-1.2235,-1.5919
2.9384,3.1957
2.9384,3.8771
2.9384,3.7555
2.9384,2.8211
-2.5386,-3.4772
-2.5386,-2.4624
-2.5386,-3.0458
-2.5386,-1.8275
-2.5386,-2.4769
-2.5386,-2.8571
-2.5386,-1.9844
-2.5386,-3.1112
5.3312,4.6789
5.3312,4.6447
5.3312,5.0057
5.3312,5.8579
5.3312,5.0233
5.3312,4.7122
5.3312,5.5939
5.3312,5.828
3.315,2.9017
3.315,2.8458
3.315,3.7948
3.315,2.6256
3.315,3.4089
3.315,3.2818
3.315,3.9788
-1.8275,-2.4624
-1.8275,-2.0919
-1.8275,-1.5258
-1.8275,-2.5386
2.6961,3.2304
2.6961,3.2698
2.6961,2.1899
2.6961,3.2217
2.6961,2.7157
2.6961,3.0471
2.6961,2.0533
4.303,3.5057
4.303,4.7409
4.303,4.9936
4.303,4.2313
4.303,4.3892
4.303,4.4602
4.303,3.7454
4.303,4.5765
4.303,3.8015
4.303,3.9583
-2.2772,-2.0746
-2.2772,-1.8524
-2.2772,-2.9499
-2.2772,-2.9213
-2.2772,-2.5543
-2.2772,-1.77
5.8077,4.8726
5.8077,5.0233
5.8077,5.828
-2.2829,-2.7411
-2.2829,-2.6361
-2.2829,-1.8684
-2.2829,-3.2111
-2.2829,-2.107
-2.2829,-2.2032
-2.2829,-2.036
-2.2829,-2.465
-2.2829,-1.4853
-2.2829,-2.9937
-2.2829,-2.2571
-2.2829,-1.659
-2.2829,-2.6985
-2.2829,-1.5919
3.9293,3.2304
3.9293,3.4122
3.9293,4.2947
3.9293,3.2698
3.9293,4.6789
3.9293,3.5505
3.9293,3.3967
3.9293,4.6447
3.9293,4.4602
3.9293,4.1501
3.9293,3.7454
3.9293,3.8241
3.9293,3.8997
3.9293,4.7122
-2.465,-2.7411
-2.465,-3.429
-2.465,-2.6361
-2.465,-1.8684
-2.465,-3.2111
-2.465,-2.2032
-2.465,-2.7964
-2.465,-2.036
-2.465,-2.2829
-2.465,-2.9937
-2.465,-2.2571
-2.465,-1.5919
-0.33507,-0.90914
-0.33507,-0.71407
-0.33507,0.36799
-0.33507,-0.52773
-0.33507,-0.052814
-0.33507,-0.68717
-0.33507,-1.2628
-0.33507,-0.20635
2.6564,2.9017
2.6564,2.6256
2.6564,2.0356
2.6564,2.1968
2.6564,3.2818
2.6564,3.196
-2.4769,-2.4624
-2.4769,-2.6215
-2.4769,-1.5258
-2.4769,-3.0458
-2.4769,-2.5386
-2.4769,-1.9844
-2.4769,-3.1325
2.4462,3.1957
2.4462,2.8672
2.4462,2.0385
2.4462,1.6962
2.4462,3.3967
2.4462,2.28
2.4462,2.8211
4.9936,4.9675
4.9936,5.475
4.9936,4.7409
4.9936,4.303
4.9936,4.2313
4.9936,4.4602
4.9936,4.5765
4.9936,5.3611
4.2313,4.9675
4.2313,4.2947
4.2313,3.5057
4.2313,4.7409
4.2313,4.303
4.2313,4.9936
4.2313,4.6447
4.2313,4.4602
4.2313,3.7454
4.2313,4.5765
4.2313,3.8015
4.2313,3.8997
4.2313,3.9583
3.4089,3.0366
3.4089,2.8458
3.4089,4.1483
3.4089,3.315
3.4089,3.5726
3.4089,3.9788
3.5726,3.0366
3.5726,4.1483
3.5726,3.4089
3.5726,3.0363
4.6447,4.9675
4.6447,4.2947
4.6447,4.6789
4.6447,5.3312
4.6447,3.9293
4.6447,4.2313
4.6447,5.0057
4.6447,4.4602
4.6447,4.1501
4.6447,3.8997
4.6447,4.7122
4.6447,5.5939
6.4657,5.8579
6.4657,6.1388
6.4657,5.5939
-1.7253,-2.107
-1.7253,-1.8509
-1.7253,-1.2087
-1.7253,-1.659
-1.7253,-2.3003
-1.7253,-0.9992
-2.8571,-3.5423
-2.8571,-3.4772
-2.8571,-2.4624
-2.8571,-2.0919
-2.8571,-3.7458
-2.8571,-2.5386
-2.8571,-3.2629
-2.8571,-3.1112
-2.8571,-2.6052
-2.8571,-2.9645
-1.2087,-2.107
-1.2087,-0.50865
-1.2087,-1.7253
-1.2087,-1.4853
-1.2087,-1.659
-1.2087,-0.99117
-1.2087,-0.9992
5.0057,4.9675
5.0057,5.475
5.0057,4.2947
5.0057,4.6789
5.0057,5.3312
5.0057,4.6447
5.0057,4.4602
5.0057,5.8579
5.0057,4.7122
5.0057,5.5939
-5.3971,-4.8414
-5.3971,-4.6457
-5.3971,-5.1446
-5.3971,-4.7261
-5.3971,-4.9302
-5.3971,-5.6734
-1.9844,-2.6215
-1.9844,-1.5258
-1.9844,-2.5386
-1.9844,-2.4769
2.28,3.2304
2.28,2.8672
2.28,1.6962
2.28,2.4462
2.28,2.7157
2.28,2.0533
-0.68717,-0.90914
-0.68717,-0.52773
-0.68717,-1.2235
-0.68717,-0.33507
-0.68717,-1.2628
-0.68717,-0.99117
-0.68717,-0.19479
-0.68717,-1.5919
-0.68717,-0.20635
2.0356,1.3867
2.0356,2.6564
2.0356,1.0472
2.0356,2.1968
4.3892,3.85
4.3892,4.7409
4.3892,4.303
4.3892,5.0536
4.3892,3.9583
-1.4853,-1.8684
-1.4853,-2.107
-1.4853,-2.2032
-1.4853,-0.52773
-1.4853,-2.036
-1.4853,-1.2235
-1.4853,-2.2829
-1.4853,-1.2087
-1.4853,-1.659
-1.4853,-0.99117
-1.4853,-1.5919
4.4602,4.9675
4.4602,4.2947
4.4602,4.6789
4.4602,4.303
4.4602,3.9293
4.4602,4.9936
4.4602,4.2313
4.4602,4.6447
4.4602,5.0057
4.4602,3.7454
4.4602,4.5765
4.4602,3.8015
4.4602,3.8997
-3.5614,-4.1367
-3.5614,-3.4772
-3.5614,-3.7458
-3.5614,-3.7072
-3.5614,-3.0458
-3.5614,-3.1112
-3.5614,-3.1325
-3.5614,-4.1656
-3.5614,-4.2212
1.0472,1.3867
1.0472,0.36799
1.0472,2.0356
1.0472,1.1075
1.0472,0.39073
-2.9937,-2.7411
-2.9937,-3.429
-2.9937,-2.6361
-2.9937,-3.1824
-2.9937,-3.2111
-2.9937,-2.7964
-2.9937,-2.036
-2.9937,-2.2829
-2.9937,-2.465
-2.9937,-3.8766
-2.9937,-2.2571
4.1501,3.4122
4.1501,4.2947
4.1501,4.6789
4.1501,3.5505
4.1501,3.3967
4.1501,3.9293
4.1501,4.6447
4.1501,3.8241
4.1501,5.0233
4.1501,4.7122
4.1501,4.3863
2.1899,2.7873
2.1899,2.6961
2.1899,3.0471
2.1899,2.0533
4.0411,4.8726
4.0411,3.1957
4.0411,3.8771
4.0411,3.7555
4.0411,3.8241
4.0411,4.3863
6.0096,5.475
6.0096,6.1388
6.0096,5.3611
-3.8766,-3.429
-3.8766,-3.2111
-3.8766,-3.9696
-3.8766,-2.9937
-3.8766,-4.4132
-3.3414,-2.7411
-3.3414,-3.2111
-3.3414,-3.9696
-3.3414,-2.9794
-3.3414,-3.6139
-3.3414,-2.6985
3.7555,3.1957
3.7555,3.8771
3.7555,3.3967
3.7555,2.9384
3.7555,4.0411
3.7555,3.8241
3.7555,4.3863
1.1075,1.3867
1.1075,0.82909
1.1075,1.7227
1.1075,0.64891
1.1075,1.0472
1.1075,0.39073
1.1075,1.6015
-5.2086,-5.7679
-5.2086,-4.9312
-5.2086,-5.4348
-5.2086,-4.8113
-5.2086,-4.4914
3.7454,3.2304
3.7454,4.2947
3.7454,3.2698
3.7454,3.5505
3.7454,3.5057
3.7454,4.303
3.7454,3.9293
3.7454,4.2313
3.7454,4.4602
3.7454,3.2217
3.7454,3.8015
3.7454,3.0471
3.7454,3.8997
3.2217,3.2304
3.2217,3.2698
3.2217,3.5505
3.2217,3.5057
3.2217,2.6961
3.2217,3.7454
3.2217,2.7157
3.2217,3.8015
3.2217,3.0471
3.2217,3.8997
-2.9794,-2.7411
-2.9794,-2.6971
-2.9794,-3.3414
-2.9794,-3.6139
-2.9794,-2.6985
-2.9794,-2.3003
5.8579,5.3312
5.8579,6.4657
5.8579,5.0057
5.8579,5.5939
5.8579,5.828
2.1968,1.3867
2.1968,2.9017
2.1968,2.2255
2.1968,2.6256
2.1968,2.6564
2.1968,2.0356
2.1968,1.6015
-1.2762,-0.90914
-1.2762,-0.71407
-1.2762,-1.0954
-1.2762,-2.0746
-1.2762,-1.8524
-1.2762,-1.5736
-1.2762,-1.2628
2.7157,3.2304
2.7157,3.4122
2.7157,3.2698
2.7157,3.5505
2.7157,2.8672
2.7157,2.6961
2.7157,2.28
2.7157,3.2217
2.7157,2.0533
-1.7991,-2.0919
-1.7991,-2.6052
0.39073,0.36799
0.39073,0.64891
0.39073,-0.52773
0.39073,1.0472
0.39073,1.1075
0.39073,-0.19479
0.39073,-0.20635
6.1388,5.475
6.1388,6.4657
6.1388,6.0096
6.1388,5.5939
4.5765,4.9675
4.5765,4.7409
4.5765,4.303
4.5765,4.9936
4.5765,4.2313
4.5765,4.4602
4.5765,3.8015
4.5765,5.3611
4.5765,3.9583
-1.5736,-0.90914
-1.5736,-0.71407
-1.5736,-2.0746
-1.5736,-1.8524
-1.5736,-2.036
-1.5736,-1.2235
-1.5736,-1.2762
-1.5736,-2.2571
-1.5736,-1.2628
-1.5736,-1.5919
-2.2571,-2.6361
-2.2571,-3.1824
-2.2571,-1.8684
-2.2571,-2.0746
-2.2571,-2.7964
-2.2571,-1.8524
-2.2571,-2.036
-2.2571,-2.2829
-2.2571,-2.465
-2.2571,-2.9937
-2.2571,-1.5736
-2.2571,-2.9213
-2.2571,-1.2628
-2.2571,-2.5543
-2.2571,-1.5919
-2.8046,-3.2629
-2.8046,-3.6937
-2.8046,-2.6052
-2.8046,-2.9645
-5.1446,-4.6457
-5.1446,-5.4348
-5.1446,-4.8113
-5.1446,-5.3971
-5.1446,-4.7261
-5.1446,-4.5218
-5.1446,-5.6734
1.6015,1.3867
1.6015,1.7227
1.6015,0.64891
1.6015,2.2255
1.6015,1.1075
1.6015,2.1968
-3.6139,-3.9696
-3.6139,-3.3414
-3.6139,-2.9794
2.8211,3.4122
2.8211,3.1957
2.8211,2.8672
2.8211,2.0385
2.8211,3.3967
2.8211,2.9384
2.8211,2.4462
2.8211,3.8241
5.0536,4.7409
5.0536,4.3892
5.0536,5.3611
-3.2629,-3.5423
-3.2629,-2.8571
-3.2629,-2.8046
-3.2629,-3.6937
-3.2629,-2.6052
-3.2629,-3.8956
-3.2629,-2.9645
-3.1112,-3.5423
-3.1112,-3.4772
-3.1112,-2.4624
-3.1112,-3.7458
-3.1112,-3.0458
-3.1112,-2.5386
-3.1112,-2.8571
-3.1112,-3.5614
-3.1112,-2.6052
-3.1112,-2.9645
-4.4914,-4.2107
-4.4914,-4.206
-4.4914,-4.9312
-4.4914,-4.8113
-4.4914,-5.2086
-4.4914,-3.6937
-4.4914,-3.8956
3.8015,3.2698
3.8015,3.5057
3.8015,3.3241
3.8015,4.303
3.8015,4.2313
3.8015,4.4602
3.8015,3.7454
3.8015,3.2217
3.8015,4.5765
3.8015,3.0471
3.8015,3.8997
3.8015,3.9583
3.8241,3.4122
3.8241,3.1957
3.8241,3.5505
3.8241,3.3967
3.8241,3.9293
3.8241,4.1501
3.8241,4.0411
3.8241,3.7555
3.8241,2.8211
3.8241,4.7122
3.8241,4.3863
-4.7261,-4.1367
-4.7261,-4.2107
-4.7261,-3.7458
-4.7261,-4.6457
-4.7261,-5.4348
-4.7261,-4.8113
-4.7261,-5.3971
-4.7261,-5.1446
-4.7261,-4.1656
-4.7261,-4.5218
-4.7261,-5.6734
-3.8055,-3.429
-3.8055,-3.1824
-3.8055,-2.9213
-3.8055,-4.4132
3.2818,2.9017
3.2818,3.7948
3.2818,3.9929
3.2818,2.6256
3.2818,3.315
3.2818,2.6564
3.2818,3.196
-2.9213,-3.429
-2.9213,-3.1824
-2.9213,-2.0746
-2.9213,-2.7964
-2.9213,-2.9499
-2.9213,-2.2772
-2.9213,-2.2571
-2.9213,-3.8055
-2.9213,-2.5543
3.0471,2.7873
3.0471,3.5057
3.0471,3.3241
3.0471,2.6961
3.0471,2.1899
3.0471,3.7454
3.0471,3.2217
3.0471,3.8015
3.0471,3.9583
3.196,3.872
3.196,2.6014
3.196,3.9929
3.196,2.6564
3.196,3.2818
-1.659,-1.8684
-1.659,-2.107
-1.659,-2.2032
-1.659,-1.2235
-1.659,-2.2829
-1.659,-1.7253
-1.659,-1.2087
-1.659,-1.4853
-1.659,-0.99117
-1.659,-2.3003
-1.2628,-0.90914
-1.2628,-0.71407
-1.2628,-1.8684
-1.2628,-2.0746
-1.2628,-2.036
-1.2628,-1.2235
-1.2628,-0.33507
-1.2628,-0.68717
-1.2628,-1.2762
-1.2628,-1.5736
-1.2628,-2.2571
-1.2628,-1.5919
3.9788,3.7948
3.9788,4.1483
3.9788,3.315
3.9788,3.4089
3.9788,4.5883
3.8997,3.2304
3.8997,3.4122
3.8997,4.2947
3.8997,3.2698
3.8997,4.6789
3.8997,3.5505
3.8997,3.9293
3.8997,4.2313
3.8997,4.6447
3.8997,4.4602
3.8997,3.7454
3.8997,3.2217
3.8997,3.8015
-2.1542,-2.6215
-2.5543,-3.1824
-2.5543,-2.0746
-2.5543,-2.7964
-2.5543,-1.8524
-2.5543,-2.9499
-2.5543,-2.036
-2.5543,-2.2772
-2.5543,-2.2571
-2.5543,-2.9213
-3.1325,-2.6215
-3.1325,-3.7072
-3.1325,-3.0458
-3.1325,-2.4769
-3.1325,-3.5614
-3.1325,-3.2648
-3.6937,-4.206
-3.6937,-3.832
-3.6937,-2.8046
-3.6937,-3.2629
-3.6937,-4.4914
-3.6937,-3.8956
-0.99117,-1.8684
-0.99117,-0.52773
-0.99117,-0.50865
-0.99117,-1.2235
-0.99117,-1.2087
-0.99117,-0.68717
-0.99117,-1.4853
-0.99117,-1.659
-0.99117,-0.19479
-0.99117,-1.5919
-0.99117,-0.20635
-6.3262,-6.1757
-6.3262,-5.6734
-4.1656,-4.1367
-4.1656,-3.5423
-4.1656,-3.4772
-4.1656,-4.2107
-4.1656,-3.7458
-4.1656,-4.6457
-4.1656,-4.8113
-4.1656,-3.5614
-4.1656,-4.7261
-4.1656,-4.5218
-4.1656,-3.8956
-2.6985,-2.7411
-2.6985,-2.6361
-2.6985,-3.2111
-2.6985,-2.107
-2.6985,-2.2032
-2.6985,-2.2829
-2.6985,-3.3414
-2.6985,-2.9794
-2.6985,-2.3003
3.0363,2.4404
3.0363,3.5726
5.3611,5.475
5.3611,4.7409
5.3611,4.9936
5.3611,6.0096
5.3611,4.5765
5.3611,5.0536
-0.19479,0.64891
-0.19479,-0.52773
-0.19479,-0.005579
-0.19479,-0.50865
-0.19479,-0.68717
-0.19479,0.39073
-0.19479,-0.99117
-0.19479,-0.20635
-4.9302,-4.8414
-4.9302,-4.6457
-4.9302,-5.3971
-4.9302,-4.2212
2.0533,2.6961
2.0533,2.28
2.0533,2.1899
2.0533,2.7157
3.9583,3.85
3.9583,3.5057
3.9583,4.7409
3.9583,3.3241
3.9583,4.303
3.9583,4.2313
3.9583,4.3892
3.9583,4.5765
3.9583,3.8015
3.9583,3.0471
-3.2648,-4.0678
-3.2648,-2.6215
-3.2648,-3.7072
-3.2648,-3.1325
-4.5218,-4.1367
-4.5218,-4.2107
-4.5218,-3.7458
-4.5218,-4.6457
-4.5218,-5.4348
-4.5218,-4.8113
-4.5218,-5.1446
-4.5218,-4.7261
-4.5218,-4.1656
-2.3003,-2.7411
-2.3003,-2.107
-2.3003,-2.2032
-2.3003,-1.8509
-2.3003,-2.6971
-2.3003,-1.7253
-2.3003,-2.9794
-2.3003,-1.659
-2.3003,-2.6985
-5.6734,-6.1757
-5.6734,-5.4348
-5.6734,-5.3971
-5.6734,-5.1446
-5.6734,-4.7261
-5.6734,-6.3262
-2.6052,-3.5423
-2.6052,-2.4624
-2.6052,-2.0919
-2.6052,-2.8571
-2.6052,-1.7991
-2.6052,-2.8046
-2.6052,-3.2629
-2.6052,-3.1112
-2.6052,-2.9645
5.0233,4.8726
5.0233,4.6789
5.0233,5.3312
5.0233,5.8077
5.0233,4.1501
5.0233,4.7122
5.0233,4.3863
5.0233,5.828
-1.77,-1.0954
-1.77,-1.8524
-1.77,-2.2772
-1.5919,-0.90914
-1.5919,-1.8684
-1.5919,-2.0746
-1.5919,-2.036
-1.5919,-1.2235
-1.5919,-2.2829
-1.5919,-2.465
-1.5919,-0.68717
-1.5919,-1.4853
-1.5919,-1.5736
-1.5919,-2.2571
-1.5919,-1.2628
-1.5919,-0.99117
4.7122,4.8726
4.7122,4.2947
4.7122,4.6789
4.7122,5.3312
4.7122,3.9293
4.7122,4.6447
4.7122,5.0057
4.7122,4.1501
4.7122,3.8241
4.7122,5.0233
4.7122,4.3863
4.5883,3.7948
4.5883,3.9788
-3.8956,-3.5423
-3.8956,-4.2107
-3.8956,-4.206
-3.8956,-3.7458
-3.8956,-3.2629
-3.8956,-4.4914
-3.8956,-3.6937
-3.8956,-4.1656
-3.8956,-2.9645
-4.2212,-4.1367
-4.2212,-4.0678
-4.2212,-4.8414
-4.2212,-4.6457
-4.2212,-3.7072
-4.2212,-3.5614
-4.2212,-4.9302
-2.9645,-3.5423
-2.9645,-2.4624
-2.9645,-2.0919
-2.9645,-2.8571
-2.9645,-2.8046
-2.9645,-3.2629
-2.9645,-3.1112
-2.9645,-2.6052
-2.9645,-3.8956
-0.20635,0.36799
-0.20635,-0.52773
-0.20635,-0.50865
-0.20635,-0.33507
-0.20635,-0.68717
-0.20635,0.39073
-0.20635,-0.99117
-0.20635,-0.19479
-4.4132,-3.429
-4.4132,-3.8766
-4.4132,-3.8055
4.3863,4.8726
4.3863,4.6789
4.3863,4.1501
4.3863,4.0411
4.3863,3.7555
4.3863,3.8241
4.3863,5.0233
4.3863,4.7122
5.5939,4.9675
5.5939,5.475
5.5939,4.6789
5.5939,5.3312
5.5939,4.6447
5.5939,6.4657
5.5939,5.0057
5.5939,5.8579
5.5939,6.1388
-0.9992,-1.8509
-0.9992,-0.84756
-0.9992,-0.50865
-0.9992,-1.7253
-0.9992,-1.2087
5.828,5.3312
5.828,5.8077
5.828,5.8579
5.828,5.0233
