4.7848,4.7238
4.7848,5.5197
4.7848,5.734
4.7848,4.7807
-2.3496,-2.4005
-6.161,-5.6063
-6.161,-6.6718
-6.161,-6.3569
-1.5286,-0.9959
-1.5286,-0.8391
-1.5286,-2.2892
-1.5286,-1.2836
1.3806,1.8215
1.3806,1.3586
1.3806,2.2834
1.3806,0.76746
4.377,4.0139
4.377,4.3275
4.377,4.1626
4.377,4.0954
4.377,5.063
4.377,4.6252
4.377,4.561
4.377,3.5674
4.377,3.9607
4.377,3.6869
4.377,4.9405
2.9021,2.9161
-5.6063,-6.161
-5.6063,-6.2546
-5.6063,-5.3532
6.6637,5.8083
6.6637,6.6073
6.6637,7.316
6.6637,6.3158
6.6637,7.2876
4.7333,5.5225
4.7333,4.3275
4.7333,4.1626
4.7333,4.0954
4.7333,5.063
4.7333,5.3785
4.7333,4.8373
4.7333,3.9607
4.7333,4.8789
4.7333,4.468
5.8083,6.6637
5.8083,6.6073
5.8083,5.5395
5.8083,5.7052
5.8083,6.3158
-6.6718,-6.161
-6.6718,-6.558
-1.9329,-2.0295
-1.9329,-2.4005
-1.9329,-1.6367
-1.9329,-1.7728
-1.9329,-2.8177
-0.059524,0.59721
-2.0079,-1.1802
-2.0079,-1.9337
-2.0079,-2.3807
5.5809,4.9476
5.5809,6.1181
5.5809,5.7052
4.0139,4.377
4.0139,4.3275
4.0139,3.3298
4.0139,4.6252
4.0139,4.561
4.0139,3.5674
4.0139,4.5658
4.0139,3.6869
5.5225,4.7333
5.5225,5.063
5.5225,5.8673
5.5225,4.8373
5.5225,4.8789
-2.7965,-2.5294
-2.7965,-3.0762
-2.7965,-3.0589
-2.7965,-3.7405
-2.7965,-2.8555
-2.7965,-2.4401
-6.0457,-6.6093
-6.0457,-6.6412
-2.0295,-1.9329
-2.0295,-1.6367
-2.0295,-2.2892
-6.1327,-6.1948
-6.1327,-5.3207
-6.1327,-6.163
3.6065,2.9408
3.6065,3.6563
-1.1802,-2.0079
-1.1802,-1.9337
-1.1802,-1.6583
-1.1802,-1.1519
-1.1802,-1.2213
-0.98731,-1.6367
-0.98731,-0.9959
-0.98731,-0.90499
1.5156,1.9707
1.5156,2.5229
1.5156,0.63832
1.5156,1.3586
-7.8022,-7.2352
-7.8022,-8.1059
-7.8022,-7.8091
-7.8022,-6.9496
-7.8022,-8.6247
4.3275,4.377
4.3275,4.7333
4.3275,4.0139
4.3275,4.1626
4.3275,4.0954
4.3275,3.7325
4.3275,5.063
4.3275,4.6252
4.3275,4.561
4.3275,3.5674
4.3275,3.9607
4.3275,4.8789
4.3275,3.6869
4.3275,4.9405
-5.4348,-6.1371
-5.4348,-4.9433
-5.4348,-5.2676
4.9476,5.5809
4.9476,3.9672
4.9476,5.7052
4.9476,4.7762
4.9476,4.7714
4.9476,4.3271
1.2738,1.5693
-1.9337,-2.0079
-1.9337,-1.1802
-1.9337,-1.6583
-1.9337,-2.4732
-1.9337,-2.1956
-1.9337,-2.3807
-1.9337,-1.2213
7.4956,7.6676
6.5235,6.6921
6.5235,6.0015
6.5235,5.5197
6.5235,5.734
6.5235,6.3138
6.5235,7.4901
6.5235,5.6863
2.9408,3.6065
2.9408,1.9707
2.9408,2.5229
2.9408,2.6466
2.9408,2.9448
8.0233,8.6046
8.0233,7.6676
3.116,2.2834
3.116,4.0751
-3.5639,-4.2254
-3.5639,-3.1134
-3.5639,-3.697
-3.5639,-3.722
-3.5639,-4.4007
-3.5639,-3.2111
3.0533,3.7325
3.0533,3.3298
3.0533,3.6864
3.0533,3.5674
3.0533,3.9607
-2.5294,-2.7965
-2.5294,-1.8243
-2.5294,-3.0762
-2.5294,-2.4732
-2.5294,-2.8555
-2.5294,-2.1956
-2.5294,-2.4401
8.4213,9.0834
6.1181,5.5809
6.1181,6.6073
6.1181,5.7052
1.9271,1.5693
1.9271,1.0084
6.6073,6.6637
6.6073,5.8083
6.6073,6.1181
6.6073,5.7052
6.6073,7.316
-7.2618,-7.3399
-7.2618,-6.6232
-6.2546,-5.6063
-6.2546,-5.3532
-6.2546,-5.6135
-6.2546,-6.558
-3.3073,-2.4005
-3.3073,-2.8177
-3.3073,-3.6465
0.25776,0.88789
5.0386,4.9222
5.0386,4.7238
5.0386,5.7433
5.0386,5.3618
5.0386,4.7807
5.0386,5.6863
-4.6159,-5.3532
-4.6159,-4.3335
-4.6159,-3.6465
6.6921,6.5235
6.6921,6.0015
6.6921,5.7433
6.6921,6.21
6.6921,7.4901
6.6921,5.6863
-7.3399,-7.2618
-7.3399,-7.1803
-7.3399,-6.5849
-2.8668,-3.0762
-2.8668,-2.4732
-2.8668,-2.8555
-2.8668,-2.1956
-2.8668,-3.0128
-2.8668,-2.3807
-1.8243,-2.5294
-1.8243,-1.6583
-1.8243,-2.4732
-1.8243,-1.5036
-1.8243,-2.1956
-1.8243,-1.2213
-1.8243,-2.4401
2.3855,1.5693
-5.3532,-5.6063
-5.3532,-6.2546
-5.3532,-4.6159
-5.3532,-5.6135
4.1626,4.377
4.1626,4.7333
4.1626,4.3275
4.1626,4.0954
4.1626,3.7325
4.1626,3.3298
4.1626,5.063
4.1626,4.6252
4.1626,4.561
4.1626,3.6864
4.1626,3.5674
4.1626,3.9607
4.1626,4.8789
4.1626,4.468
4.0954,4.377
4.0954,4.7333
4.0954,4.3275
4.0954,4.1626
4.0954,3.7325
4.0954,3.3298
4.0954,4.6252
4.0954,4.561
4.0954,3.6864
4.0954,3.5674
4.0954,3.9607
4.0954,4.8789
4.0954,3.6869
4.0954,4.468
5.5395,5.8083
5.5395,6.3158
4.9222,5.0386
4.9222,5.3618
4.9222,4.0751
-7.1936,-6.3569
1.9707,1.5156
1.9707,2.9408
1.9707,2.5229
1.9707,2.6466
8.6046,8.0233
8.6046,7.6676
8.6046,8.4952
-3.7435,-4.0241
-3.7435,-3.2328
-3.7435,-4.5487
-3.7435,-3.5401
-3.7435,-3.57
-3.7435,-4.2546
4.7238,4.7848
4.7238,5.0386
4.7238,5.5197
4.7238,3.7832
4.7238,4.7807
4.7238,5.6863
-2.4005,-2.3496
-2.4005,-1.9329
-2.4005,-3.3073
-2.4005,-1.5048
-2.4005,-1.7728
-2.4005,-2.8177
-6.1948,-6.1327
-6.1948,-7.1803
-6.1948,-6.5849
-7.2352,-7.8022
-7.2352,-7.8091
-7.2352,-6.9496
6.0015,6.5235
6.0015,6.6921
6.0015,5.7433
6.0015,6.21
6.0015,5.5197
6.0015,5.734
6.0015,5.3618
6.0015,5.6863
-6.1591,-6.1371
-6.1591,-6.6093
-1.6367,-1.9329
-1.6367,-2.0295
-1.6367,-0.98731
-1.6367,-0.9959
-1.6367,-1.7728
-1.6367,-1.2836
-7.59,-8.1059
-7.59,-6.9496
5.7433,5.0386
5.7433,6.6921
5.7433,6.0015
5.7433,6.21
5.7433,5.5197
5.7433,5.734
5.7433,5.3618
5.7433,4.7807
5.7433,5.6863
3.9672,4.9476
3.9672,4.3271
3.9672,3.5674
6.21,6.6921
6.21,6.0015
6.21,5.7433
6.21,5.3618
6.21,5.6863
2.5229,1.5156
2.5229,2.9408
2.5229,1.9707
2.5229,2.2834
2.5229,2.9448
3.7325,4.3275
3.7325,3.0533
3.7325,4.1626
3.7325,4.0954
3.7325,3.3298
3.7325,3.6864
3.7325,3.9607
3.7325,4.468
5.7052,5.8083
5.7052,5.5809
5.7052,4.9476
5.7052,6.1181
5.7052,6.6073
5.7052,4.7714
-4.0241,-3.7435
-4.0241,-4.2254
-4.0241,-3.2328
-4.0241,-4.5131
-4.0241,-4.5487
-4.0241,-3.5401
-4.0241,-3.57
-4.0241,-3.697
-4.0241,-3.2111
-4.2254,-3.5639
-4.2254,-4.0241
-4.2254,-4.5131
-4.2254,-3.57
-4.2254,-3.697
-4.2254,-4.4007
0.63832,1.5156
0.63832,1.3586
-0.9959,-1.5286
-0.9959,-0.98731
-0.9959,-1.6367
-0.9959,-0.37516
-0.9959,-1.2836
5.5197,4.7848
5.5197,6.5235
5.5197,4.7238
5.5197,6.0015
5.5197,5.7433
5.5197,5.734
5.5197,6.3138
5.5197,5.6863
-3.049,-3.2328
-3.049,-3.5401
-6.1371,-5.4348
-6.1371,-6.1591
-4.0217,-3.0589
-4.0217,-3.7405
4.7762,4.9476
4.7762,4.7714
-3.1134,-3.5639
-3.1134,-3.57
-3.1134,-3.697
-3.1134,-3.2111
-3.2328,-3.7435
-3.2328,-4.0241
-3.2328,-3.049
-3.2328,-2.7058
-3.2328,-3.5401
-3.2328,-3.57
-3.0762,-2.7965
-3.0762,-2.5294
-3.0762,-2.8668
-3.0762,-2.4732
-3.0762,-2.8555
-3.0762,-2.1956
-3.0762,-3.0128
2.9161,2.9021
2.9161,3.3298
2.9161,3.6869
1.5693,1.2738
1.5693,1.9271
1.5693,2.3855
1.5693,0.88789
3.3298,4.0139
3.3298,3.0533
3.3298,4.1626
3.3298,4.0954
3.3298,3.7325
3.3298,2.9161
3.3298,3.5674
3.3298,3.9607
3.3298,3.6869
-1.6583,-1.1802
-1.6583,-1.9337
-1.6583,-1.8243
-1.6583,-2.4732
-1.6583,-2.1956
-1.6583,-2.3807
-1.6583,-1.2213
5.063,4.377
5.063,4.7333
5.063,5.5225
5.063,4.3275
5.063,4.1626
5.063,5.8673
5.063,5.3785
5.063,4.6252
5.063,4.561
5.063,4.8789
5.063,4.468
1.8215,1.3806
4.7714,4.9476
4.7714,5.7052
4.7714,4.7762
-4.5131,-4.0241
-4.5131,-4.2254
-4.5131,-4.5487
-4.5131,-3.57
-4.5131,-3.697
-4.5131,-5.2676
-4.5131,-4.4007
1.3586,1.3806
1.3586,1.5156
1.3586,0.63832
1.3586,2.2834
1.3586,0.76746
-8.1059,-7.8022
-8.1059,-7.59
-8.1059,-8.6247
6.2947,6.3158
7.316,6.6637
7.316,6.6073
7.316,7.2876
-2.4732,-1.9337
-2.4732,-2.5294
-2.4732,-2.8668
-2.4732,-1.8243
-2.4732,-3.0762
-2.4732,-1.6583
-2.4732,-2.8555
-2.4732,-2.1956
-2.4732,-2.3807
-3.0589,-2.7965
-3.0589,-4.0217
-3.0589,-3.7405
-3.0589,-2.4401
5.8673,5.5225
5.8673,5.063
5.8673,5.3785
-6.6093,-6.0457
-6.6093,-6.1591
-6.6093,-7.2269
-6.6093,-6.6412
5.3785,4.7333
5.3785,5.063
5.3785,5.8673
5.3785,4.6252
5.3785,4.561
5.3785,4.8789
5.3785,4.9405
-3.7405,-2.7965
-3.7405,-4.0217
-3.7405,-3.0589
-3.7405,-2.8555
-5.6135,-6.2546
-5.6135,-5.3532
-5.3207,-6.1327
-5.3207,-4.5487
-2.7058,-3.2328
-2.7058,-3.5401
-2.7058,-3.57
-2.7058,-3.2111
3.7832,4.7238
3.3313,2.6466
3.3313,3.6563
-6.3112,-6.6232
-6.3112,-6.5849
5.734,4.7848
5.734,6.5235
5.734,6.0015
5.734,5.7433
5.734,5.5197
5.734,6.3138
5.734,5.6863
-2.8555,-2.7965
-2.8555,-2.5294
-2.8555,-2.8668
-2.8555,-3.0762
-2.8555,-2.4732
-2.8555,-3.7405
-2.8555,-2.1956
-2.8555,-2.4401
-6.3569,-6.161
-6.3569,-7.1936
2.6466,2.9408
2.6466,1.9707
2.6466,3.3313
4.6252,4.377
4.6252,4.0139
4.6252,4.3275
4.6252,4.1626
4.6252,4.0954
4.6252,5.063
4.6252,5.3785
4.6252,4.561
4.6252,4.5658
4.6252,3.6869
4.6252,4.9405
-0.87525,-1.5036
-0.87525,-1.8252
-4.5487,-3.7435
-4.5487,-4.0241
-4.5487,-4.5131
-4.5487,-5.3207
-1.5036,-1.8243
-1.5036,-0.87525
-1.5036,-2.1956
-1.5036,-1.2213
-7.8091,-7.8022
-7.8091,-7.2352
-7.8091,-8.6247
4.561,4.377
4.561,4.0139
4.561,4.3275
4.561,4.1626
4.561,4.0954
4.561,5.063
4.561,5.3785
4.561,4.6252
4.561,3.9607
4.561,4.8789
4.561,4.9405
7.6676,7.4956
7.6676,8.0233
7.6676,8.6046
-2.1956,-1.9337
-2.1956,-2.5294
-2.1956,-2.8668
-2.1956,-1.8243
-2.1956,-3.0762
-2.1956,-1.6583
-2.1956,-2.4732
-2.1956,-2.8555
-2.1956,-1.5036
-2.1956,-2.3807
5.3618,5.0386
5.3618,4.9222
5.3618,6.0015
5.3618,5.7433
5.3618,6.21
5.3618,4.7807
-1.5048,-2.4005
-1.5048,-0.90499
-3.0128,-2.8668
-3.0128,-3.0762
-3.0128,-2.3807
-1.8252,-0.87525
-1.8252,-2.4401
3.6563,3.6065
3.6563,3.3313
4.8373,4.7333
4.8373,5.5225
4.8373,4.468
-3.5401,-3.7435
-3.5401,-4.0241
-3.5401,-3.049
-3.5401,-3.2328
-3.5401,-2.7058
-3.5401,-3.57
-3.5401,-4.2546
-3.57,-3.7435
-3.57,-4.0241
-3.57,-4.2254
-3.57,-3.1134
-3.57,-3.2328
-3.57,-4.5131
-3.57,-2.7058
-3.57,-3.5401
-3.57,-3.697
-3.57,-3.2111
2.2834,1.3806
2.2834,3.116
2.2834,2.5229
2.2834,1.3586
2.2834,2.9448
-6.9496,-7.8022
-6.9496,-7.2352
-6.9496,-7.59
-6.9496,-6.5421
-6.6232,-7.2618
-6.6232,-6.3112
3.6864,3.0533
3.6864,4.1626
3.6864,4.0954
3.6864,3.7325
3.6864,3.9607
3.6864,4.468
3.5674,4.377
3.5674,4.0139
3.5674,4.3275
3.5674,3.0533
3.5674,4.1626
3.5674,4.0954
3.5674,3.3298
3.5674,3.9607
3.5674,3.6869
-0.8391,-1.5286
-0.8391,-0.37516
-0.8391,-1.2836
-1.7728,-1.9329
-1.7728,-2.4005
-1.7728,-1.6367
-1.7728,-0.90499
3.7436,2.9448
4.5658,4.0139
4.5658,4.6252
4.5658,4.9405
-3.697,-3.5639
-3.697,-4.0241
-3.697,-4.2254
-3.697,-3.1134
-3.697,-4.5131
-3.697,-3.57
-3.697,-4.4007
-3.697,-3.2111
-8.6247,-7.8022
-8.6247,-8.1059
-8.6247,-7.8091
-3.722,-3.5639
-4.9433,-5.4348
-4.9433,-4.4007
-0.90499,-0.98731
-0.90499,-1.5048
-0.90499,-1.7728
-7.1803,-7.3399
-7.1803,-6.1948
-7.1803,-6.5849
-1.1519,-1.1802
-2.2892,-1.5286
-2.2892,-2.0295
3.9607,4.377
3.9607,4.7333
3.9607,4.3275
3.9607,3.0533
3.9607,4.1626
3.9607,4.0954
3.9607,3.7325
3.9607,3.3298
3.9607,4.561
3.9607,3.6864
3.9607,3.5674
3.9607,4.8789
3.9607,4.468
4.3271,4.9476
4.3271,3.9672
4.3271,4.8718
4.8789,4.7333
4.8789,5.5225
4.8789,4.3275
4.8789,4.1626
4.8789,4.0954
4.8789,5.063
4.8789,5.3785
4.8789,4.561
4.8789,3.9607
4.8789,4.468
-4.2546,-3.7435
-4.2546,-3.5401
4.8718,4.3271
6.3138,6.5235
6.3138,5.5197
6.3138,5.734
2.9448,2.9408
2.9448,2.5229
2.9448,2.2834
2.9448,3.7436
6.3158,6.6637
6.3158,5.8083
6.3158,5.5395
6.3158,6.2947
6.3158,7.2876
-2.3807,-2.0079
-2.3807,-1.9337
-2.3807,-2.8668
-2.3807,-1.6583
-2.3807,-2.4732
-2.3807,-2.1956
-2.3807,-3.0128
-5.2676,-5.4348
-5.2676,-4.5131
-5.2676,-4.4007
-5.2676,-6.163
3.6869,4.377
3.6869,4.0139
3.6869,4.3275
3.6869,4.0954
3.6869,2.9161
3.6869,3.3298
3.6869,4.6252
3.6869,3.5674
-7.2269,-6.6093
-0.37516,-0.9959
-0.37516,-0.8391
7.4901,6.5235
7.4901,6.6921
-4.3335,-4.6159
-4.3335,-3.6465
-6.6412,-6.0457
-6.6412,-6.6093
-6.6412,-6.9722
4.9405,4.377
4.9405,4.3275
4.9405,5.3785
4.9405,4.6252
4.9405,4.561
4.9405,4.5658
7.2876,6.6637
7.2876,7.316
7.2876,6.3158
-6.5421,-6.9496
4.7807,4.7848
4.7807,5.0386
4.7807,4.7238
4.7807,5.7433
4.7807,5.3618
-6.558,-6.6718
-6.558,-6.2546
-4.4007,-3.5639
-4.4007,-4.2254
-4.4007,-4.5131
-4.4007,-3.697
-4.4007,-4.9433
-4.4007,-5.2676
-6.5849,-7.3399
-6.5849,-6.1948
-6.5849,-6.3112
-6.5849,-7.1803
-6.163,-6.1327
-6.163,-5.2676
-2.8177,-1.9329
-2.8177,-3.3073
-2.8177,-2.4005
8.4952,8.6046
-3.6465,-3.3073
-3.6465,-4.6159
-3.6465,-4.3335
1.0084,1.9271
1.0084,0.88789
1.0084,0.59721
0.76746,1.3806
0.76746,1.3586
4.468,4.7333
4.468,4.1626
4.468,4.0954
4.468,3.7325
4.468,5.063
4.468,4.8373
4.468,3.6864
4.468,3.9607
4.468,4.8789
-1.2213,-1.1802
-1.2213,-1.9337
-1.2213,-1.8243
-1.2213,-1.6583
-1.2213,-1.5036
3.5674,3.9672
-1.2836,-1.5286
-1.2836,-1.6367
-1.2836,-0.9959
-1.2836,-0.8391
-6.9722,-6.6412
-3.2111,-3.5639
-3.2111,-4.0241
-3.2111,-3.1134
-3.2111,-2.7058
-3.2111,-3.57
-3.2111,-3.697
4.0751,3.116
4.0751,4.9222
9.0834,8.4213
0.88789,0.25776
0.88789,1.5693
0.88789,1.0084
-2.4401,-2.7965
-2.4401,-2.5294
-2.4401,-1.8243
-2.4401,-3.0589
-2.4401,-2.8555
-2.4401,-1.8252
5.6863,6.5235
5.6863,5.0386
5.6863,6.6921
5.6863,4.7238
5.6863,6.0015
5.6863,5.7433
5.6863,6.21
5.6863,5.5197
5.6863,5.734
0.59721,-0.059524
0.59721,1.0084
