-0.9346,-0.71228
-0.9346,-0.60277
-0.9346,-0.20552
-0.9346,0.013906
-0.9346,-0.033664
-0.9346,-0.76761
-0.9346,-0.19033
-7.5664,-7.4796
-7.5664,-7.2329
-7.5664,-6.8595
-4.4982,-5.4521
-4.4982,-4.8721
-4.4982,-3.7895
-5.6817,-5.492
-5.6817,-6.3804
-5.6817,-6.4671
-5.6817,-4.7723
-5.6817,-5.6021
0.77762,1.4321
0.77762,1.2393
-5.0882,-5.8263
-5.0882,-5.3083
-5.0882,-4.9051
-5.0882,-4.9699
-5.0882,-4.5447
-5.0882,-4.8444
-5.0882,-5.6171
-5.0882,-5.9484
-5.0882,-4.707
-5.0882,-5.6077
-5.0882,-4.6978
-5.8263,-5.0882
-5.8263,-5.3083
-5.8263,-4.9051
-5.8263,-4.9699
-5.8263,-5.6171
-5.8263,-5.9484
-5.8263,-5.6077
-5.5573,-5.4521
-5.5573,-5.8144
-5.5573,-6.0222
6.114,5.9381
6.114,5.5469
6.114,5.7065
6.114,6.409
-4.0989,-4.9051
-4.0989,-4.2378
-4.0989,-4.4745
-4.0989,-4.9699
-4.0989,-4.5447
-4.0989,-3.2744
-4.0989,-4.8444
-4.0989,-4.707
-4.0989,-3.9337
-4.0989,-4.6978
-4.0989,-3.6846
5.9381,6.114
5.9381,5.1376
5.9381,5.5754
5.9381,5.9912
5.9381,5.5469
5.9381,6.9289
5.9381,6.409
-5.7291,-4.8721
-6.3682,-5.7148
-6.3682,-6.9159
-6.3682,-6.3031
-6.3682,-6.3122
-6.3682,-6.7684
6.1453,5.6692
6.1453,5.9285
6.1453,6.1186
4.1135,4.2656
4.1135,5.1142
4.1135,4.9585
5.345,4.8146
5.345,5.5754
5.345,5.9912
5.345,5.1882
5.345,4.9856
5.345,4.6863
-5.4614,-5.0003
-5.4614,-4.9051
-5.4614,-6.3901
-5.4614,-5.2313
-5.4614,-4.5447
-5.4614,-4.8444
-5.4614,-5.6171
-5.4614,-5.9484
-5.4614,-4.707
-5.4614,-5.6077
-3.1557,-3.6112
-3.1557,-3.2744
6.137,6.3273
6.137,6.6703
6.137,5.5345
6.137,6.5115
-3.3899,-2.5292
-5.7148,-6.3682
-5.7148,-6.3122
-5.7148,-4.8699
-5.7148,-5.6021
1.0831,0.668
1.0831,0.51772
1.0831,1.39
1.0831,0.33839
1.0831,0.62061
1.0831,1.4718
0.668,1.0831
0.668,0.32433
0.668,1.4978
0.668,0.56487
0.668,0.62061
0.668,1.4718
0.668,-0.24892
2.7157,2.4489
2.7157,3.39
2.7157,3.3502
4.2656,4.1135
4.2656,5.1142
4.2656,4.9361
4.2656,5.2054
-6.5688,-6.3122
-6.5688,-7.2329
-6.5688,-6.4671
-6.5688,-6.8595
-6.5688,-5.6021
2.042,1.4321
2.042,1.2393
6.9134,6.5596
6.9134,6.5752
6.9134,6.1401
-5.3083,-5.0882
-5.3083,-5.8263
-5.3083,-4.9051
-5.3083,-4.4745
-5.3083,-4.9699
-5.3083,-4.8444
-5.3083,-4.6978
-1.2532,-1.7833
-1.2532,-1.3762
-1.2532,-0.95882
-1.2532,-1.8115
-1.2532,-0.69702
4.4417,4.1928
4.4417,4.9856
4.4417,3.6393
4.4417,4.0073
4.4417,4.6863
5.5228,6.0751
5.5228,6.1186
5.5228,6.3871
5.1142,4.1135
5.1142,4.2656
5.1142,5.8927
5.1142,5.6641
5.1142,5.4561
5.1142,5.8224
5.1142,5.9285
5.1142,6.0015
5.1142,4.7401
5.1142,4.9585
5.1142,5.2054
-3.8392,-4.5723
-0.71228,-0.9346
-0.71228,-0.13708
-0.71228,-0.033664
-0.71228,-0.76761
2.5011,1.9502
2.5011,2.4489
2.5011,3.1319
2.5011,2.2673
-4.5723,-3.8392
-4.5723,-4.6217
1.3463,1.9502
1.3463,1.5575
1.3463,1.5115
1.3463,2.2673
1.3463,0.97187
-2.1934,-1.2503
-2.1934,-1.8115
-5.0003,-5.4614
-5.0003,-4.3841
-5.0003,-4.2228
-5.0003,-5.2313
-5.0003,-4.5447
-5.0003,-4.707
-5.0003,-5.6077
6.3273,6.137
6.3273,5.8927
6.3273,5.6641
6.3273,6.6703
6.3273,5.5345
6.3273,6.5115
6.3273,6.7928
-8.2242,-7.3988
4.8146,5.345
4.8146,5.1376
4.8146,5.5754
4.8146,4.1928
4.8146,5.5469
4.8146,5.1882
4.8146,4.9856
4.8146,4.0073
7.25,6.3871
7.25,7.1832
5.1376,5.9381
5.1376,4.8146
5.1376,5.5469
5.1376,4.9856
5.1376,5.7065
2.5139,2.233
-5.4521,-4.4982
-5.4521,-5.5573
-5.4521,-6.0222
-6.9159,-6.3682
-6.9159,-7.4796
-6.9159,-6.8595
-6.9159,-6.7684
5.6692,6.1453
5.6692,5.4561
5.6692,5.9285
5.6692,4.9361
5.6692,6.1186
0.77575,1.6464
0.77575,0.013906
0.77575,0.20134
0.77575,0.47914
0.77575,1.5115
0.77575,0.93666
-6.3031,-6.3682
-6.3031,-5.8144
-6.3031,-6.9132
-6.3031,-6.7684
-0.13708,-0.71228
-0.13708,0.34942
-0.13708,-0.033664
-0.13708,-0.76761
-0.13708,-0.61228
1.576,1.4978
1.576,1.4718
5.8927,5.1142
5.8927,6.3273
5.8927,5.6641
5.8927,6.6703
5.8927,5.5345
5.8927,5.8224
5.8927,6.5115
5.8927,6.0015
5.8927,6.3438
5.8927,4.9585
5.8927,6.7928
5.6641,5.1142
5.6641,6.3273
5.6641,5.8927
5.6641,5.5345
5.6641,5.8224
5.6641,6.5115
5.6641,6.0015
5.6641,6.3438
5.6641,4.7401
5.6641,4.9585
5.5754,5.9381
5.5754,5.345
5.5754,4.8146
5.5754,5.9912
5.5754,5.5469
5.5754,5.1882
5.5754,4.9856
-5.8144,-5.5573
-5.8144,-6.3031
-5.8144,-6.6447
-4.9051,-5.0882
-4.9051,-5.8263
-4.9051,-4.0989
-4.9051,-5.4614
-4.9051,-5.3083
-4.9051,-4.3841
-4.9051,-5.2313
-4.9051,-4.9699
-4.9051,-4.5447
-4.9051,-4.8444
-4.9051,-5.6171
-4.9051,-4.707
-4.9051,-3.9337
-4.9051,-5.6077
-4.9051,-4.6978
-4.3841,-5.0003
-4.3841,-4.9051
-4.3841,-4.2228
-4.3841,-5.2313
-4.3841,-4.5447
-4.3841,-4.8444
-4.3841,-4.707
-4.3841,-3.9337
-4.3841,-4.6978
-4.3841,-3.6846
5.9912,5.9381
5.9912,5.345
5.9912,5.5754
5.9912,5.5469
5.9912,5.1882
5.9912,6.9289
-4.2535,-4.7723
1.6464,0.77575
1.6464,2.4489
1.6464,1.5115
1.6464,2.2673
1.6464,0.93666
-4.4427,-4.8721
-4.4427,-3.6883
-4.4427,-3.7895
1.9502,2.5011
1.9502,1.3463
1.9502,1.5575
-4.6217,-4.5723
-4.6217,-3.8376
0.55289,0.98353
0.55289,0.51772
0.55289,-0.26471
0.55289,0.33839
0.55289,-0.1511
0.55289,-0.20485
-0.60277,-0.9346
-0.60277,-0.20552
-0.60277,-0.19033
-7.4796,-7.5664
-7.4796,-6.9159
-7.4796,-6.8595
-7.4796,-6.7684
0.32433,0.668
0.32433,0.56487
0.32433,0.62061
0.32433,-0.24892
6.5596,6.9134
6.5596,6.1401
6.5596,5.9798
-0.20552,-0.9346
-0.20552,-0.60277
-0.20552,0.013906
-0.20552,-0.033664
-0.20552,0.20134
-0.20552,0.47914
-0.20552,-0.19033
-1.7833,-1.2532
-1.7833,-2.5292
-6.3122,-6.3682
-6.3122,-5.7148
-6.3122,-6.5688
-6.3122,-6.4671
-6.3122,-6.8595
-6.3122,-5.6021
5.5865,5.1182
5.5865,6.1401
0.013906,-0.9346
0.013906,0.77575
0.013906,-0.20552
0.013906,0.34942
0.013906,-0.033664
0.013906,0.20134
0.013906,0.47914
0.013906,0.93666
0.013906,-0.19033
4.1928,4.4417
4.1928,4.8146
4.1928,4.9856
4.1928,3.6393
4.1928,3.39
4.1928,4.0073
4.1928,4.6863
0.34942,-0.13708
0.34942,0.013906
0.34942,-0.033664
0.34942,0.20134
0.34942,0.93666
0.34942,-0.19033
2.4489,2.7157
2.4489,2.5011
2.4489,1.6464
2.4489,3.39
2.4489,1.5115
2.4489,3.3502
2.4489,2.2673
-4.2228,-5.0003
-4.2228,-4.3841
-4.2228,-4.5447
-4.2228,-4.8444
-4.2228,-4.707
-4.2228,-4.6978
-4.2228,-3.6846
5.5469,6.114
5.5469,5.9381
5.5469,4.8146
5.5469,5.1376
5.5469,5.5754
5.5469,5.9912
5.5469,5.1882
5.5469,4.9856
5.5469,5.7065
-0.46963,-1.2503
-0.46963,0.51772
-0.46963,-0.29539
-0.46963,-0.95882
-0.46963,-0.26471
-0.46963,0.33839
-0.46963,-0.52234
-0.46963,-0.1511
-0.46963,-0.53626
-0.46963,-1.168
-1.2503,-2.1934
-1.2503,-0.46963
-1.2503,-1.3762
-1.2503,-0.26471
-1.2503,-0.52234
-1.2503,-1.8115
-1.2503,-0.53626
-1.2503,-1.168
1.4321,0.77762
1.4321,2.042
1.4321,1.2393
1.4321,1.1661
-5.492,-5.6817
-5.492,-6.4671
-5.492,-4.8699
-5.492,-4.7723
-5.492,-5.6021
-0.033664,-0.9346
-0.033664,-0.71228
-0.033664,-0.13708
-0.033664,-0.20552
-0.033664,0.013906
-0.033664,0.34942
-0.033664,0.20134
-0.033664,-0.76761
-0.033664,-0.19033
0.98353,0.55289
0.98353,0.23828
-1.3762,-1.2532
-1.3762,-1.2503
-1.3762,-0.95882
-1.3762,-1.8115
-1.3762,-0.53626
6.6703,6.137
6.6703,6.3273
6.6703,5.8927
6.6703,7.5686
6.6703,6.5115
6.6703,6.3438
6.6703,6.7928
5.1882,5.345
5.1882,4.8146
5.1882,5.5754
5.1882,5.9912
5.1882,5.5469
5.1882,4.9856
5.1882,4.6863
-1.0388,-0.52234
-1.0388,-1.168
-1.0388,-0.20485
0.51772,1.0831
0.51772,0.55289
0.51772,-0.46963
0.51772,-0.29539
0.51772,-0.26471
0.51772,1.39
0.51772,0.33839
0.51772,-0.1511
0.51772,0.62061
5.5345,6.137
5.5345,6.3273
5.5345,5.8927
5.5345,5.6641
5.5345,5.8224
5.5345,6.5115
5.5345,6.0015
5.5345,4.7401
5.5345,4.9585
-6.3901,-5.4614
-6.3901,-5.6171
-6.3901,-5.9484
-6.3901,-5.6077
6.0751,5.5228
6.0751,6.3871
-5.2313,-5.4614
-5.2313,-5.0003
-5.2313,-4.9051
-5.2313,-4.3841
-5.2313,-4.5447
-5.2313,-4.8444
-5.2313,-5.6171
-5.2313,-4.707
-5.2313,-5.6077
5.4561,5.1142
5.4561,5.6692
5.4561,5.9285
5.4561,6.0015
5.4561,4.9361
5.4561,5.2054
-4.2378,-4.0989
-4.2378,-3.6112
-4.2378,-4.4745
-4.2378,-4.9699
-4.2378,-3.2744
-4.2378,-3.9337
-4.2378,-4.6978
-4.2378,-3.6846
0.46692,0.97187
4.9856,5.345
4.9856,4.4417
4.9856,4.8146
4.9856,5.1376
4.9856,5.5754
4.9856,4.1928
4.9856,5.5469
4.9856,5.1882
4.9856,4.0073
4.9856,4.6863
-0.29539,-0.46963
-0.29539,0.51772
-0.29539,-0.95882
-0.29539,-0.26471
-0.29539,0.33839
-0.29539,0.62061
-0.29539,-0.53626
-0.29539,-0.24892
1.2393,0.77762
1.2393,2.042
1.2393,1.4321
1.2393,1.5575
6.5752,6.9134
6.5752,6.1401
6.5752,7.0372
5.1182,5.5865
6.9289,5.9381
6.9289,5.9912
6.9289,6.409
5.7065,6.114
5.7065,5.1376
5.7065,5.5469
5.7065,6.409
5.8224,5.1142
5.8224,5.8927
5.8224,5.6641
5.8224,5.5345
5.8224,6.0015
5.8224,6.3438
5.8224,4.9585
5.8224,5.2054
7.5686,6.6703
7.5686,7.2309
7.5686,6.7928
-3.6112,-3.1557
-3.6112,-4.2378
-3.6112,-4.4745
-3.6112,-3.2744
-2.9042,-2.5292
-2.9042,-2.6774
-2.9042,-3.7895
-4.4745,-4.0989
-4.4745,-5.3083
-4.4745,-4.2378
-4.4745,-3.6112
-4.4745,-4.9699
-4.4745,-3.9337
-4.4745,-4.6978
7.2309,7.5686
-6.6447,-5.8144
-6.6447,-6.0222
-0.95882,-1.2532
-0.95882,-0.46963
-0.95882,-1.3762
-0.95882,-0.29539
-0.95882,-1.8115
-0.95882,-0.53626
-0.95882,-0.24892
0.23828,0.98353
0.23828,-0.1511
0.23828,-0.20485
0.18028,0.47914
0.18028,0.97187
3.6393,4.4417
3.6393,4.1928
3.6393,3.1319
3.6393,3.39
3.6393,3.3502
1.4978,0.668
1.4978,1.576
1.4978,2.233
1.4978,1.4718
0.20134,0.77575
0.20134,-0.20552
0.20134,0.013906
0.20134,0.34942
0.20134,-0.033664
0.20134,0.93666
0.20134,-0.19033
6.5115,6.137
6.5115,6.3273
6.5115,5.8927
6.5115,5.6641
6.5115,6.6703
6.5115,5.5345
6.5115,6.7928
-4.8721,-4.4982
-4.8721,-5.7291
-4.8721,-4.4427
3.1319,2.5011
3.1319,3.6393
3.1319,3.3502
-4.9699,-5.0882
-4.9699,-5.8263
-4.9699,-4.0989
-4.9699,-5.3083
-4.9699,-4.9051
-4.9699,-4.2378
-4.9699,-4.4745
-4.9699,-4.5447
-4.9699,-4.8444
-4.9699,-5.6171
-4.9699,-4.707
-4.9699,-4.6978
5.9285,6.1453
5.9285,5.1142
5.9285,5.6692
5.9285,5.4561
5.9285,6.0015
5.9285,6.3438
5.9285,5.2054
-0.26471,0.55289
-0.26471,-0.46963
-0.26471,-1.2503
-0.26471,0.51772
-0.26471,-0.29539
-0.26471,0.33839
-0.26471,-0.52234
-0.26471,-0.1511
-0.26471,-0.53626
-0.26471,-1.168
-0.26471,-0.20485
6.0015,5.1142
6.0015,5.8927
6.0015,5.6641
6.0015,5.5345
6.0015,5.4561
6.0015,5.8224
6.0015,5.9285
6.0015,6.3438
6.0015,5.2054
6.0015,6.7928
7.7485,7.0372
-4.5447,-5.0882
-4.5447,-4.0989
-4.5447,-5.4614
-4.5447,-5.0003
-4.5447,-4.9051
-4.5447,-4.3841
-4.5447,-4.2228
-4.5447,-5.2313
-4.5447,-4.9699
-4.5447,-4.8444
-4.5447,-4.707
-4.5447,-3.9337
-4.5447,-4.6978
-4.5447,-3.6846
-3.8376,-4.6217
-3.8376,-3.0299
6.3438,5.8927
6.3438,5.6641
6.3438,6.6703
6.3438,5.8224
6.3438,5.9285
6.3438,6.0015
6.3438,7.0337
6.3438,6.7928
0.47914,0.77575
0.47914,-0.20552
0.47914,0.013906
0.47914,0.18028
0.47914,0.93666
-6.3804,-5.6817
-6.3804,-7.2329
-6.3804,-6.4671
4.7401,5.1142
4.7401,5.6641
4.7401,5.5345
4.7401,4.9585
1.39,1.0831
1.39,0.51772
1.39,0.62061
-7.3988,-8.2242
7.0337,6.3438
7.0337,6.7928
3.39,2.7157
3.39,4.1928
3.39,2.4489
3.39,3.6393
3.39,4.0073
3.39,3.3502
-3.2744,-4.0989
-3.2744,-3.1557
-3.2744,-4.2378
-3.2744,-3.6112
-3.2744,-3.9337
-3.2744,-3.6846
0.33839,1.0831
0.33839,0.55289
0.33839,-0.46963
0.33839,0.51772
0.33839,-0.29539
0.33839,-0.26471
0.33839,-0.1511
0.33839,0.62061
0.33839,-0.53626
-0.52234,-0.46963
-0.52234,-1.2503
-0.52234,-1.0388
-0.52234,-0.26471
-0.52234,-0.1511
-0.52234,-1.168
-0.52234,-0.20485
1.5575,1.3463
1.5575,1.9502
1.5575,1.2393
1.5575,0.97187
6.1401,6.9134
6.1401,6.5596
6.1401,5.5865
6.1401,6.5752
6.1401,5.9798
2.233,2.5139
2.233,1.4978
2.233,1.4718
-4.8444,-5.0882
-4.8444,-4.0989
-4.8444,-5.4614
-4.8444,-5.3083
-4.8444,-4.9051
-4.8444,-4.3841
-4.8444,-4.2228
-4.8444,-5.2313
-4.8444,-4.9699
-4.8444,-4.5447
-4.8444,-5.6171
-4.8444,-4.707
-4.8444,-3.9337
-4.8444,-5.6077
-4.8444,-4.6978
-5.6171,-5.0882
-5.6171,-5.8263
-5.6171,-5.4614
-5.6171,-4.9051
-5.6171,-6.3901
-5.6171,-5.2313
-5.6171,-4.9699
-5.6171,-4.8444
-5.6171,-5.9484
-5.6171,-4.707
-5.6171,-5.6077
-5.6171,-4.6978
-4.4801,-4.8699
-4.4801,-4.7723
-7.2329,-7.5664
-7.2329,-6.5688
-7.2329,-6.3804
-7.2329,-6.4671
-7.2329,-6.8595
1.5115,1.3463
1.5115,0.77575
1.5115,1.6464
1.5115,2.4489
1.5115,2.2673
1.5115,0.97187
-5.9484,-5.0882
-5.9484,-5.8263
-5.9484,-5.4614
-5.9484,-6.3901
-5.9484,-5.6171
-5.9484,-5.6077
-0.1511,0.55289
-0.1511,-0.46963
-0.1511,0.51772
-0.1511,0.23828
-0.1511,-0.26471
-0.1511,0.33839
-0.1511,-0.52234
-0.1511,-0.20485
7.0372,6.5752
7.0372,7.7485
-2.5292,-3.3899
-2.5292,-1.7833
-2.5292,-2.9042
-2.5292,-1.8115
-1.8115,-1.2532
-1.8115,-2.1934
-1.8115,-1.2503
-1.8115,-1.3762
-1.8115,-0.95882
-1.8115,-2.5292
-6.4671,-5.6817
-6.4671,-6.5688
-6.4671,-6.3122
-6.4671,-5.492
-6.4671,-6.3804
-6.4671,-7.2329
-6.4671,-6.8595
-6.4671,-5.6021
0.56487,0.668
0.56487,0.32433
4.9361,4.2656
4.9361,5.6692
4.9361,5.4561
4.9361,5.2054
-4.8699,-5.7148
-4.8699,-5.492
-4.8699,-4.4801
-4.8699,-5.6021
-4.707,-5.0882
-4.707,-4.0989
-4.707,-5.4614
-4.707,-5.0003
-4.707,-4.9051
-4.707,-4.3841
-4.707,-4.2228
-4.707,-5.2313
-4.707,-4.9699
-4.707,-4.5447
-4.707,-4.8444
-4.707,-5.6171
-4.707,-3.9337
-4.707,-5.6077
-4.707,-4.6978
4.0073,4.4417
4.0073,4.8146
4.0073,4.1928
4.0073,4.9856
4.0073,3.39
-3.9337,-4.0989
-3.9337,-4.9051
-3.9337,-4.3841
-3.9337,-4.2378
-3.9337,-4.4745
-3.9337,-4.5447
-3.9337,-3.2744
-3.9337,-4.8444
-3.9337,-4.707
-3.9337,-4.6978
-3.9337,-3.6846
0.62061,1.0831
0.62061,0.668
0.62061,0.32433
0.62061,0.51772
0.62061,-0.29539
0.62061,1.39
0.62061,0.33839
0.62061,-0.24892
3.3502,2.7157
3.3502,2.4489
3.3502,3.6393
3.3502,3.1319
3.3502,3.39
-0.76761,-0.9346
-0.76761,-0.71228
-0.76761,-0.13708
-0.76761,-0.033664
-0.76761,-0.19033
2.2673,2.5011
2.2673,1.3463
2.2673,1.6464
2.2673,2.4489
2.2673,1.5115
6.409,6.114
6.409,5.9381
6.409,6.9289
6.409,5.7065
6.409,7.0631
4.9585,4.1135
4.9585,5.1142
4.9585,5.8927
4.9585,5.6641
4.9585,5.5345
4.9585,5.8224
4.9585,4.7401
4.9585,5.2054
-0.53626,-0.46963
-0.53626,-1.2503
-0.53626,-1.3762
-0.53626,-0.29539
-0.53626,-0.95882
-0.53626,-0.26471
-0.53626,0.33839
-0.53626,-1.168
-0.53626,-0.24892
-5.6077,-5.0882
-5.6077,-5.8263
-5.6077,-5.4614
-5.6077,-5.0003
-5.6077,-4.9051
-5.6077,-6.3901
-5.6077,-5.2313
-5.6077,-4.8444
-5.6077,-5.6171
-5.6077,-5.9484
-5.6077,-4.707
-2.6774,-2.9042
-4.7723,-5.6817
-4.7723,-4.2535
-4.7723,-5.492
-4.7723,-4.4801
-0.61228,-0.13708
-6.9132,-6.3031
-3.6883,-4.4427
-3.6883,-3.7895
-4.6978,-5.0882
-4.6978,-4.0989
-4.6978,-5.3083
-4.6978,-4.9051
-4.6978,-4.3841
-4.6978,-4.2228
-4.6978,-4.2378
-4.6978,-4.4745
-4.6978,-4.9699
-4.6978,-4.5447
-4.6978,-4.8444
-4.6978,-5.6171
-4.6978,-4.707
-4.6978,-3.9337
7.0631,6.409
5.9798,6.5596
5.9798,6.1401
0.93666,0.77575
0.93666,1.6464
0.93666,0.013906
0.93666,0.34942
0.93666,0.20134
0.93666,0.47914
-6.0222,-5.5573
-6.0222,-5.4521
-6.0222,-6.6447
-1.168,-0.46963
-1.168,-1.2503
-1.168,-1.0388
-1.168,-0.26471
-1.168,-0.52234
-1.168,-0.53626
1.4718,1.0831
1.4718,0.668
1.4718,1.576
1.4718,1.4978
1.4718,2.233
-0.24892,0.668
-0.24892,0.32433
-0.24892,-0.29539
-0.24892,-0.95882
-0.24892,0.62061
-0.24892,-0.53626
-0.24892,-0.69702
-6.8595,-7.5664
-6.8595,-6.5688
-6.8595,-6.9159
-6.8595,-7.4796
-6.8595,-6.3122
-6.8595,-7.2329
-6.8595,-6.4671
-3.0299,-3.8376
-6.7684,-6.3682
-6.7684,-6.9159
-6.7684,-6.3031
-6.7684,-7.4796
-0.69702,-1.2532
-0.69702,-0.24892
6.1186,6.1453
6.1186,5.5228
6.1186,5.6692
6.1186,6.3871
1.1661,1.4321
-3.6846,-4.0989
-3.6846,-4.3841
-3.6846,-4.2228
-3.6846,-4.2378
-3.6846,-4.5447
-3.6846,-3.2744
-3.6846,-3.9337
5.2054,4.2656
5.2054,5.1142
5.2054,5.4561
5.2054,5.8224
5.2054,5.9285
5.2054,6.0015
5.2054,4.9361
5.2054,4.9585
4.6863,5.345
4.6863,4.4417
4.6863,4.1928
4.6863,5.1882
4.6863,4.9856
-5.6021,-5.6817
-5.6021,-5.7148
-5.6021,-6.5688
-5.6021,-6.3122
-5.6021,-5.492
-5.6021,-6.4671
-5.6021,-4.8699
-3.7895,-4.4982
-3.7895,-4.4427
-3.7895,-2.9042
-3.7895,-3.6883
-0.20485,0.55289
-0.20485,-1.0388
-0.20485,0.23828
-0.20485,-0.26471
-0.20485,-0.52234
-0.20485,-0.1511
0.97187,1.3463
0.97187,0.46692
0.97187,0.18028
0.97187,1.5575
0.97187,1.5115
6.3871,5.5228
6.3871,7.25
6.3871,6.0751
6.3871,6.1186
6.3871,7.1832
6.7928,6.3273
6.7928,5.8927
6.7928,6.6703
6.7928,7.5686
6.7928,6.5115
6.7928,6.0015
6.7928,6.3438
6.7928,7.0337
-0.19033,-0.9346
-0.19033,-0.60277
-0.19033,-0.20552
-0.19033,0.013906
-0.19033,0.34942
-0.19033,-0.033664
-0.19033,0.20134
-0.19033,-0.76761
7.1832,7.25
7.1832,6.3871
