3.5653,4.0692
3.5653,4.003
3.5653,3.6557
3.5653,4.315
3.5653,4.495
3.5653,4.0895
3.5653,4.3919
-0.47585,0.25088
-0.47585,-0.54771
-0.47585,-1.1395
-0.47585,-1.1707
-5.7326,-5.4811
-5.7326,-5.1851
-5.7326,-6.6064
-5.7326,-5.268
-5.7326,-4.8132
-5.7326,-6.1286
-5.7326,-5.9721
-1.9537,-1.3532
-1.9537,-1.7724
-1.9537,-2.4532
0.23241,-0.68225
0.23241,0.2393
5.6635,5.6517
5.6635,5.2415
5.6635,5.5581
5.6635,5.0348
5.6635,4.8602
5.6635,5.9571
5.6635,6.3683
5.6635,5.3957
5.6635,5.2956
5.6635,5.3481
5.6635,5.4945
4.5643,4.3147
4.5643,5.2415
4.5643,5.0348
4.5643,4.5028
4.5643,4.8602
4.5643,3.8218
4.5643,4.6287
4.5643,5.3957
4.5643,5.2956
4.5643,4.5566
4.5643,5.3481
-4.9764,-5.4811
-4.9764,-5.1851
-4.9764,-5.9326
-4.9764,-5.7636
-4.9764,-4.6378
-4.9764,-5.031
7.1105,6.4239
7.1105,6.406
7.1105,6.5645
7.1105,7.1
7.1105,6.9443
7.1105,6.1375
4.3147,4.5643
4.3147,5.0348
4.3147,4.003
4.3147,3.6557
4.3147,4.315
4.3147,3.514
4.3147,4.5028
4.3147,4.8602
4.3147,4.6078
4.3147,3.6393
4.3147,3.8218
4.3147,4.0895
4.3147,4.6287
4.3147,4.5566
6.4239,7.1105
6.4239,6.406
6.4239,5.8843
6.4239,6.3175
6.4239,5.4585
6.4239,6.5645
6.4239,5.6354
6.4239,6.9443
6.4239,6.1375
-6.9746,-6.34
-6.9746,-6.185
-1.954,-2.1783
-1.954,-1.4893
-1.954,-1.7724
-1.954,-1.4454
-1.954,-1.1734
-1.954,-2.2165
-1.954,-1.1395
-1.954,-1.1707
-1.954,-2.1305
-1.7903,-2.5281
-1.7903,-1.9167
-1.7903,-2.3037
-1.7903,-2.7088
-1.7903,-2.4047
-1.7903,-2.2041
-2.2849,-1.6319
-2.2849,-2.6815
-2.2849,-1.6055
-2.2849,-2.3478
5.1499,4.4617
5.1499,5.8843
5.1499,4.4507
5.1499,5.317
5.1499,5.4202
5.1499,5.4585
5.1499,5.6354
5.1499,6.1375
5.1499,5.1864
4.7289,5.2415
4.7289,5.3957
4.7289,4.5566
3.1701,3.6683
5.6517,5.6635
5.6517,5.2415
5.6517,5.5581
5.6517,6.3572
5.6517,6.3683
5.6517,5.3957
5.6517,5.3481
-3.0481,-2.5281
-3.0481,-3.0226
-3.0481,-2.3037
-3.0481,-3.3686
-3.0481,-3.4033
-3.0481,-3.7523
-3.0481,-2.9597
-3.0481,-2.7088
-3.0481,-2.711
-3.0481,-2.4047
-3.0481,-2.2041
-5.4811,-5.7326
-5.4811,-4.9764
-5.4811,-5.1851
-5.4811,-5.9326
-5.4811,-6.281
-5.4811,-5.7636
-5.4811,-4.6378
-5.4811,-4.8132
-5.4811,-6.1286
-5.1851,-5.7326
-5.1851,-4.9764
-5.1851,-5.4811
-5.1851,-5.268
-5.1851,-5.7636
-5.1851,-4.6378
-5.1851,-4.8132
-6.3071,-6.1679
-6.3071,-5.968
-6.3071,-6.7452
-6.3071,-5.6872
-6.3071,-5.9614
-6.3071,-6.7246
-4.4182,-5.2362
-4.4182,-4.8133
-4.4182,-5.1529
3.0432,2.1455
3.0432,3.3575
3.0432,3.1199
-1.6319,-2.2849
-1.6319,-1.8551
-1.6319,-1.4252
-1.6319,-1.6055
-1.6319,-2.3478
-1.3532,-1.9537
-1.3532,-0.51949
-1.3532,-1.7724
-1.3532,-1.4454
-1.3532,-1.1734
-1.3532,-0.94797
2.1455,3.0432
2.1455,2.0378
2.1455,1.1813
2.1455,1.4779
2.1455,2.4107
-8.4674,-9.0053
-8.4674,-8.3231
-8.4674,-8.0455
5.2415,5.6635
5.2415,4.5643
5.2415,4.7289
5.2415,5.6517
5.2415,4.5028
5.2415,4.8602
5.2415,5.3957
5.2415,4.5566
5.2415,5.3481
-5.9326,-4.9764
-5.9326,-5.4811
-5.9326,-6.281
-5.9326,-6.9187
-5.9326,-6.1679
-5.9326,-5.7636
-5.9326,-5.6872
-5.9326,-5.031
4.4617,5.1499
4.4617,3.6683
4.4617,4.4507
4.4617,5.317
4.4617,5.4202
4.4617,3.4945
4.4617,4.5331
-1.8551,-1.6319
-1.8551,-1.9167
-1.8551,-1.4252
-1.8551,-2.711
-1.8551,-2.4047
-1.8551,-2.6815
-1.8551,-2.3478
8.6495,8.9831
5.5581,5.6635
5.5581,5.6517
5.5581,5.0348
5.5581,4.8602
5.5581,5.9571
5.5581,4.8098
5.5581,4.6287
5.5581,6.3683
5.5581,5.3957
5.5581,5.2956
5.5581,6.0223
5.5581,5.3481
5.5581,5.4945
5.5581,5.2222
4.0813,3.1199
4.0813,4.5972
6.3572,5.6517
2.0378,2.1455
2.0378,1.0998
2.0378,1.1813
2.0378,2.108
-6.281,-5.4811
-6.281,-5.9326
-6.281,-6.9187
-6.281,-5.7636
-6.281,-6.8715
-6.281,-6.1286
5.0348,5.6635
5.0348,4.5643
5.0348,4.3147
5.0348,5.5581
5.0348,4.315
5.0348,4.495
5.0348,4.5028
5.0348,4.8602
5.0348,4.6078
5.0348,5.9571
5.0348,4.8098
5.0348,4.7682
5.0348,4.6287
5.0348,5.2956
5.0348,4.9854
5.0348,5.3481
5.0348,5.4945
5.0348,5.2222
-2.5281,-1.7903
-2.5281,-3.0481
-2.5281,-2.3037
-2.5281,-3.3686
-2.5281,-3.1685
-2.5281,-2.9597
-2.5281,-2.7088
-2.5281,-2.5197
-2.5281,-2.2041
5.5748,5.317
5.5748,6.3175
5.5748,5.4202
5.5748,5.6354
6.406,7.1105
6.406,6.4239
6.406,6.3175
6.406,5.4202
6.406,7.1
6.406,5.6354
6.406,6.1375
-5.0771,-5.6898
-5.0771,-4.8133
-6.34,-6.9746
-6.34,-6.185
-6.34,-6.6064
-6.34,-5.6624
-6.34,-5.9721
-2.1783,-1.954
-2.1783,-2.9862
-2.1783,-1.4893
-2.1783,-1.7724
-2.1783,-1.4454
-2.1783,-2.2165
-2.1783,-2.1305
-1.9167,-1.7903
-1.9167,-1.8551
-1.9167,-2.3037
-1.9167,-1.4252
-1.9167,-2.711
-1.9167,-2.4047
-1.9167,-2.2041
4.0692,3.5653
4.0692,3.8834
4.0692,4.315
4.0692,4.495
4.0692,4.6078
4.0692,3.5641
4.0692,4.753
4.0692,4.0895
4.0692,4.7682
4.0692,4.3919
-2.9862,-2.1783
-2.9862,-2.2165
-2.9862,-2.4532
5.1418,4.6254
5.1418,5.3778
5.1418,5.6499
5.1418,4.753
5.1418,4.9854
5.1418,4.3919
-7.3125,-7.0224
-7.3125,-6.5604
-7.3125,-7.8088
-7.3125,-6.5593
-7.3125,-6.7246
-3.0226,-3.0481
-3.0226,-2.3037
-3.0226,-3.3686
-3.0226,-3.4033
-3.0226,-3.7523
-3.0226,-2.9597
-3.0226,-2.7088
-3.0226,-2.711
-3.0226,-2.4047
-3.0226,-2.6815
-2.3037,-1.7903
-2.3037,-3.0481
-2.3037,-2.5281
-2.3037,-1.9167
-2.3037,-3.0226
-2.3037,-2.9597
-2.3037,-2.7088
-2.3037,-2.711
-2.3037,-2.4047
-2.3037,-2.2041
3.6683,3.1701
3.6683,4.4617
3.6683,4.4507
3.6683,3.4945
-6.185,-6.9746
-6.185,-6.34
4.003,3.5653
4.003,4.3147
4.003,3.6557
4.003,4.315
4.003,4.495
4.003,4.5028
4.003,4.6078
4.003,4.8098
4.003,3.6393
4.003,4.0895
4.003,4.7682
4.003,4.6287
3.6557,3.5653
3.6557,4.3147
3.6557,4.003
3.6557,4.315
3.6557,3.514
3.6557,3.6393
3.6557,4.0895
5.8843,6.4239
5.8843,5.1499
5.8843,5.4585
5.8843,6.5645
5.8843,5.6354
5.8843,6.1375
5.8843,5.1864
-0.51949,-1.3532
-0.51949,-0.54771
-0.51949,-1.1734
-0.51949,-0.94797
-0.51949,-0.35368
3.8834,4.0692
3.8834,4.6254
3.8834,3.5641
3.8834,3.231
3.8834,4.3919
3.8834,3.8615
-6.6064,-5.7326
-6.6064,-6.34
-6.6064,-6.1286
-6.6064,-5.9721
1.0998,2.0378
1.0998,1.1813
1.0998,1.3067
1.0998,0.2393
8.9831,8.6495
8.9831,9.2769
-1.728,-0.91295
-1.728,-1.6055
4.6254,5.1418
4.6254,3.8834
4.6254,4.753
4.6254,3.8615
-1.4893,-1.954
-1.4893,-2.1783
-1.4893,-1.1395
-1.4893,-1.1707
-1.4893,-2.1305
-5.6898,-5.0771
-5.6898,-4.8133
-5.6898,-5.5112
-5.6898,-6.1029
-5.6898,-5.9869
-5.6898,-6.5604
-5.6898,-5.7941
-7.0224,-7.3125
-7.0224,-6.1029
-7.0224,-6.5604
5.3778,5.1418
5.3778,5.6499
5.3778,4.495
5.3778,4.6078
5.3778,4.8098
5.3778,4.753
5.3778,4.7682
5.3778,6.0223
5.3778,4.9854
5.3778,5.4945
5.3778,5.2222
-6.9187,-5.9326
-6.9187,-6.281
-6.9187,-6.1679
-6.9187,-6.7452
-1.7724,-1.9537
-1.7724,-1.954
-1.7724,-1.3532
-1.7724,-2.1783
-1.7724,-1.4454
-1.7724,-1.1734
-1.7724,-2.2165
-1.7724,-1.1395
-1.7724,-2.4532
-9.0672,-8.3231
0.25088,-0.47585
0.25088,-0.54771
5.6499,5.1418
5.6499,5.3778
5.6499,4.7682
5.6499,6.0223
5.6499,4.9854
5.6499,5.4945
5.6499,5.2222
4.4507,5.1499
4.4507,4.4617
4.4507,3.6683
4.4507,5.1864
5.317,5.1499
5.317,4.4617
5.317,5.5748
5.317,5.4202
5.317,5.4585
5.317,4.5331
5.317,5.6354
3.3575,3.0432
3.3575,2.4107
3.3575,3.231
3.3575,3.8615
4.315,3.5653
4.315,4.3147
4.315,5.0348
4.315,4.0692
4.315,4.003
4.315,3.6557
4.315,4.495
4.315,4.5028
4.315,4.8602
4.315,4.6078
4.315,4.8098
4.315,3.6393
4.315,4.0895
4.315,4.7682
4.315,4.6287
4.315,4.9854
4.315,5.2222
6.3175,6.4239
6.3175,5.5748
6.3175,6.406
6.3175,7.1
6.3175,5.6354
-0.62997,-1.4209
-0.62997,-0.68225
-0.62997,-0.91295
-0.62997,0.2393
-5.2362,-4.4182
-5.2362,-5.968
-5.2362,-5.1529
-5.2362,-5.6872
-5.2362,-5.7941
-5.2362,-5.9614
-5.2362,-5.1631
-5.2362,-5.031
1.1813,2.1455
1.1813,2.0378
1.1813,1.0998
1.1813,1.4779
-0.54771,-0.47585
-0.54771,-0.51949
-0.54771,0.25088
-0.54771,-1.4454
-0.54771,-1.1734
-0.54771,-1.1395
-0.54771,-1.1707
-0.54771,-0.35368
4.495,3.5653
4.495,5.0348
4.495,4.0692
4.495,4.003
4.495,5.3778
4.495,4.315
4.495,4.6078
4.495,4.8098
4.495,4.753
4.495,4.0895
4.495,4.7682
4.495,4.6287
4.495,4.9854
4.495,4.3919
4.495,5.2222
-0.80449,-0.91295
-0.80449,-1.6055
-6.1679,-6.3071
-6.1679,-5.9326
-6.1679,-6.9187
-6.1679,-5.968
-6.1679,-6.7452
-6.1679,-5.6872
-3.3686,-3.0481
-3.3686,-2.5281
-3.3686,-3.0226
-3.3686,-3.4033
-3.3686,-3.7523
-3.3686,-3.8634
-3.3686,-2.9597
-3.3686,-2.7088
5.4202,5.1499
5.4202,4.4617
5.4202,5.5748
5.4202,6.406
5.4202,5.317
5.4202,5.4585
5.4202,5.6354
5.4202,6.1375
-5.968,-6.3071
-5.968,-5.2362
-5.968,-6.1679
-5.968,-5.5112
-5.968,-5.1529
-5.968,-6.7452
-5.968,-5.6872
-5.968,-5.7941
-5.968,-5.9614
-5.968,-5.1631
-5.968,-6.7246
-4.8133,-4.4182
-4.8133,-5.0771
-4.8133,-5.6898
-4.8133,-5.5112
-4.8133,-5.1529
-3.4033,-3.0481
-3.4033,-3.0226
-3.4033,-3.3686
-3.4033,-3.7523
-3.4033,-2.711
-3.4033,-2.6815
-3.4033,-3.1786
3.514,4.3147
3.514,3.6557
3.514,3.6393
3.514,3.8218
1.5393,2.0332
1.5393,0.75376
4.5028,4.5643
4.5028,4.3147
4.5028,5.2415
4.5028,5.0348
4.5028,4.003
4.5028,4.315
4.5028,4.8602
4.5028,3.6393
4.5028,3.8218
4.5028,4.6287
4.5028,5.2956
4.5028,4.5566
4.5028,5.3481
-1.4252,-1.6319
-1.4252,-1.8551
-1.4252,-1.9167
-1.4252,-2.3478
4.8602,5.6635
4.8602,4.5643
4.8602,4.3147
4.8602,5.2415
4.8602,5.5581
4.8602,5.0348
4.8602,4.315
4.8602,4.5028
4.8602,4.6078
4.8602,4.8098
4.8602,4.6287
4.8602,5.3957
4.8602,5.2956
4.8602,5.3481
4.8602,5.4945
1.4779,2.1455
1.4779,1.1813
1.4779,2.4107
5.4585,6.4239
5.4585,5.1499
5.4585,5.8843
5.4585,5.317
5.4585,5.4202
5.4585,5.6354
5.4585,6.1375
5.4585,5.1864
-5.5112,-5.6898
-5.5112,-5.968
-5.5112,-4.8133
-5.5112,-5.1529
-5.5112,-5.9869
-5.5112,-5.7941
-5.5112,-5.9614
1.3067,1.0998
1.3067,2.108
-9.0053,-8.4674
-9.0053,-8.8396
-9.0053,-9.8031
-9.0053,-8.0455
-8.3231,-8.4674
-8.3231,-9.0672
6.5645,7.1105
6.5645,6.4239
6.5645,5.8843
6.5645,6.9443
6.5645,6.1375
7.1,7.1105
7.1,6.406
7.1,6.3175
-3.7523,-3.0481
-3.7523,-3.0226
-3.7523,-3.3686
-3.7523,-3.4033
-3.1685,-2.5281
-3.1685,-3.8634
-3.1685,-2.9597
-3.1685,-2.5197
4.6078,4.3147
4.6078,5.0348
4.6078,4.0692
4.6078,4.003
4.6078,5.3778
4.6078,4.315
4.6078,4.495
4.6078,4.8602
4.6078,4.8098
4.6078,4.0895
4.6078,4.7682
4.6078,4.6287
4.6078,5.2956
4.6078,4.9854
4.6078,4.3919
4.6078,5.4945
4.6078,5.2222
-5.1529,-4.4182
-5.1529,-5.2362
-5.1529,-5.968
-5.1529,-4.8133
-5.1529,-5.5112
-5.1529,-5.7941
-5.1529,-5.9614
-5.1529,-5.1631
5.9571,5.6635
5.9571,5.5581
5.9571,5.0348
5.9571,6.3683
5.9571,5.2956
5.9571,6.0223
5.9571,5.3481
5.9571,5.4945
-3.8634,-3.3686
-3.8634,-3.1685
-3.8634,-2.9597
-5.268,-5.7326
-5.268,-5.1851
-5.268,-4.8132
-5.268,-5.6624
-5.268,-5.9721
-6.7452,-6.3071
-6.7452,-6.9187
-6.7452,-6.1679
-6.7452,-5.968
-6.7452,-6.7246
-6.7452,-7.2935
0.2324,0.2393
3.5641,4.0692
3.5641,3.8834
3.5641,3.231
3.5641,4.3919
3.1199,3.0432
3.1199,4.0813
-6.1029,-5.6898
-6.1029,-7.0224
-6.1029,-6.5604
4.8098,5.5581
4.8098,5.0348
4.8098,4.003
4.8098,5.3778
4.8098,4.315
4.8098,4.495
4.8098,4.8602
4.8098,4.6078
4.8098,4.0895
4.8098,4.7682
4.8098,4.6287
4.8098,5.2956
4.8098,4.9854
4.8098,5.4945
4.8098,5.2222
-2.9597,-3.0481
-2.9597,-2.5281
-2.9597,-3.0226
-2.9597,-2.3037
-2.9597,-3.3686
-2.9597,-3.1685
-2.9597,-3.8634
-2.9597,-2.7088
-2.9597,-2.2041
-5.7636,-4.9764
-5.7636,-5.4811
-5.7636,-5.1851
-5.7636,-5.9326
-5.7636,-6.281
-5.7636,-5.6872
-5.7636,-6.1286
2.108,2.0378
2.108,1.3067
3.6393,4.3147
3.6393,4.003
3.6393,3.6557
3.6393,4.315
3.6393,3.514
3.6393,4.5028
3.6393,3.8218
3.6393,4.0895
3.6393,4.6287
-2.7088,-1.7903
-2.7088,-3.0481
-2.7088,-2.5281
-2.7088,-3.0226
-2.7088,-2.3037
-2.7088,-3.3686
-2.7088,-2.9597
-2.7088,-2.711
-2.7088,-2.4047
-2.7088,-2.2041
-1.4209,-0.62997
-1.4209,-0.68225
-1.4209,-0.91295
-2.711,-3.0481
-2.711,-1.8551
-2.711,-1.9167
-2.711,-3.0226
-2.711,-2.3037
-2.711,-3.4033
-2.711,-2.7088
-2.711,-2.4047
-2.711,-2.6815
-2.711,-2.3478
-8.8396,-9.0053
3.8218,4.5643
3.8218,4.3147
3.8218,3.514
3.8218,4.5028
3.8218,3.6393
3.8218,4.5566
7.3593,7.6718
-2.4047,-1.7903
-2.4047,-3.0481
-2.4047,-1.8551
-2.4047,-1.9167
-2.4047,-3.0226
-2.4047,-2.3037
-2.4047,-2.7088
-2.4047,-2.711
-2.4047,-2.6815
-2.4047,-2.3478
4.753,4.0692
4.753,5.1418
4.753,4.6254
4.753,5.3778
4.753,4.495
4.753,4.7682
4.753,4.9854
4.753,4.3919
4.753,5.2222
-1.4454,-1.954
-1.4454,-1.3532
-1.4454,-2.1783
-1.4454,-1.7724
-1.4454,-0.54771
-1.4454,-1.1734
-1.4454,-2.2165
-1.4454,-1.1395
-1.4454,-1.1707
-2.6815,-2.2849
-2.6815,-1.8551
-2.6815,-3.0226
-2.6815,-3.4033
-2.6815,-2.711
-2.6815,-2.4047
-2.6815,-2.3478
-2.6815,-3.1786
-5.9869,-5.6898
-5.9869,-5.5112
-5.9869,-6.5604
-5.9869,-5.7941
-5.9869,-5.9614
-5.9869,-6.5593
9.2769,8.9831
-2.5197,-2.5281
-2.5197,-3.1685
-2.5197,-2.2041
3.4945,4.4617
3.4945,3.6683
4.0895,3.5653
4.0895,4.3147
4.0895,4.0692
4.0895,4.003
4.0895,3.6557
4.0895,4.315
4.0895,4.495
4.0895,4.6078
4.0895,4.8098
4.0895,3.6393
4.0895,4.7682
4.0895,4.6287
4.0895,4.9854
-0.68225,0.23241
-0.68225,-0.62997
-0.68225,-1.4209
-4.2999,-5.1631
-4.2999,-5.031
2.4107,2.1455
2.4107,3.3575
2.4107,1.4779
2.4107,3.231
-7.2135,-8.0455
-6.5604,-7.3125
-6.5604,-5.6898
-6.5604,-7.0224
-6.5604,-6.1029
-6.5604,-5.9869
-6.5604,-6.5593
-6.5604,-6.7246
4.7682,5.0348
4.7682,4.0692
4.7682,4.003
4.7682,5.3778
4.7682,5.6499
4.7682,4.315
4.7682,4.495
4.7682,4.6078
4.7682,4.8098
4.7682,4.753
4.7682,4.0895
4.7682,4.6287
4.7682,4.9854
4.7682,4.3919
4.7682,5.4945
4.7682,5.2222
4.6287,4.5643
4.6287,4.3147
4.6287,5.5581
4.6287,5.0348
4.6287,4.003
4.6287,4.315
4.6287,4.495
4.6287,4.5028
4.6287,4.8602
4.6287,4.6078
4.6287,4.8098
4.6287,3.6393
4.6287,4.0895
4.6287,4.7682
4.6287,5.2956
4.6287,5.3481
4.6287,5.4945
-1.1734,-1.954
-1.1734,-1.3532
-1.1734,-0.51949
-1.1734,-1.7724
-1.1734,-0.54771
-1.1734,-1.4454
-1.1734,-1.1395
-1.1734,-1.1707
-1.1734,-0.35368
-2.2165,-1.954
-2.2165,-2.1783
-2.2165,-2.9862
-2.2165,-1.7724
-2.2165,-1.4454
-2.2165,-2.4532
-2.2165,-2.1305
4.5972,4.0813
4.5972,3.8615
6.3683,5.6635
6.3683,5.6517
6.3683,5.5581
6.3683,5.9571
-0.91295,-1.728
-0.91295,-0.62997
-0.91295,-0.80449
-0.91295,-1.4209
-9.8031,-9.0053
-4.6378,-4.9764
-4.6378,-5.4811
-4.6378,-5.1851
-4.6378,-5.031
-5.6872,-6.3071
-5.6872,-5.9326
-5.6872,-5.2362
-5.6872,-6.1679
-5.6872,-5.968
-5.6872,-5.7636
-5.6872,-5.1631
-5.6872,-5.031
-1.1395,-0.47585
-1.1395,-1.954
-1.1395,-1.4893
-1.1395,-1.7724
-1.1395,-0.54771
-1.1395,-1.4454
-1.1395,-1.1734
-1.1395,-1.1707
-1.1395,-0.35368
-7.8088,-7.3125
-7.8088,-7.2935
-1.6055,-2.2849
-1.6055,-1.6319
-1.6055,-1.728
-1.6055,-0.80449
-4.8132,-5.7326
-4.8132,-5.4811
-4.8132,-5.1851
-4.8132,-5.268
5.3957,5.6635
5.3957,4.5643
5.3957,4.7289
5.3957,5.6517
5.3957,5.2415
5.3957,5.5581
5.3957,4.8602
5.3957,5.2956
5.3957,4.5566
5.3957,5.3481
4.5331,4.4617
4.5331,5.317
5.2956,5.6635
5.2956,4.5643
5.2956,5.5581
5.2956,5.0348
5.2956,4.5028
5.2956,4.8602
5.2956,4.6078
5.2956,5.9571
5.2956,4.8098
5.2956,4.6287
5.2956,5.3957
5.2956,6.0223
5.2956,4.9854
5.2956,5.3481
5.2956,5.4945
5.2956,5.2222
-5.7941,-5.6898
-5.7941,-5.2362
-5.7941,-5.968
-5.7941,-5.5112
-5.7941,-5.1529
-5.7941,-5.9869
-5.7941,-5.9614
-5.7941,-6.5593
-5.7941,-6.7246
5.6354,6.4239
5.6354,5.1499
5.6354,5.5748
5.6354,6.406
5.6354,5.8843
5.6354,5.317
5.6354,6.3175
5.6354,5.4202
5.6354,5.4585
5.6354,6.1375
6.0223,5.5581
6.0223,5.3778
6.0223,5.6499
6.0223,5.9571
6.0223,5.2956
6.0223,5.4945
6.0223,5.2222
3.231,3.8834
3.231,3.3575
3.231,3.5641
3.231,2.4107
3.231,3.8615
6.9443,7.1105
6.9443,6.4239
6.9443,6.5645
6.9443,6.1375
-2.3478,-2.2849
-2.3478,-1.6319
-2.3478,-1.8551
-2.3478,-1.4252
-2.3478,-2.711
-2.3478,-2.4047
-2.3478,-2.6815
-2.3478,-3.1786
-5.9614,-6.3071
-5.9614,-5.2362
-5.9614,-5.968
-5.9614,-5.5112
-5.9614,-5.1529
-5.9614,-5.9869
-5.9614,-5.7941
-5.9614,-6.5593
-5.9614,-6.7246
4.5566,4.5643
4.5566,4.3147
4.5566,4.7289
4.5566,5.2415
4.5566,4.5028
4.5566,3.8218
4.5566,5.3957
4.5566,5.3481
-6.8715,-6.281
-6.8715,-6.1286
-0.94797,-1.3532
-0.94797,-0.51949
4.9854,5.0348
4.9854,5.1418
4.9854,5.3778
4.9854,5.6499
4.9854,4.315
4.9854,4.495
4.9854,4.6078
4.9854,4.8098
4.9854,4.753
4.9854,4.0895
4.9854,4.7682
4.9854,5.2956
4.9854,4.3919
4.9854,5.4945
4.9854,5.2222
-1.1707,-0.47585
-1.1707,-1.954
-1.1707,-1.4893
-1.1707,-0.54771
-1.1707,-1.4454
-1.1707,-1.1734
-1.1707,-1.1395
-1.1707,-2.1305
-6.1286,-5.7326
-6.1286,-5.4811
-6.1286,-6.281
-6.1286,-6.6064
-6.1286,-5.7636
-6.1286,-6.8715
-6.1286,-5.9721
5.3481,5.6635
5.3481,4.5643
5.3481,5.6517
5.3481,5.2415
5.3481,5.5581
5.3481,5.0348
5.3481,4.5028
5.3481,4.8602
5.3481,5.9571
5.3481,4.6287
5.3481,5.3957
5.3481,5.2956
5.3481,4.5566
6.1375,7.1105
6.1375,6.4239
6.1375,5.1499
6.1375,6.406
6.1375,5.8843
6.1375,5.4202
6.1375,5.4585
6.1375,6.5645
6.1375,5.6354
6.1375,6.9443
-8.0455,-8.4674
-8.0455,-9.0053
-8.0455,-7.2135
4.3919,3.5653
4.3919,4.0692
4.3919,5.1418
4.3919,3.8834
4.3919,4.495
4.3919,4.6078
4.3919,3.5641
4.3919,4.753
4.3919,4.7682
4.3919,4.9854
-5.6624,-6.34
-5.6624,-5.268
-5.6624,-5.9721
-5.1631,-5.2362
-5.1631,-5.968
-5.1631,-5.1529
-5.1631,-4.2999
-5.1631,-5.6872
-5.1631,-5.031
-6.5593,-7.3125
-6.5593,-5.9869
-6.5593,-6.5604
-6.5593,-5.7941
-6.5593,-5.9614
-6.5593,-6.7246
-6.5593,-7.2935
-6.7246,-6.3071
-6.7246,-7.3125
-6.7246,-5.968
-6.7246,-6.7452
-6.7246,-6.5604
-6.7246,-5.7941
-6.7246,-5.9614
-6.7246,-6.5593
-6.7246,-7.2935
-2.4532,-1.9537
-2.4532,-2.9862
-2.4532,-1.7724
-2.4532,-2.2165
7.6718,7.3593
-2.1305,-1.954
-2.1305,-2.1783
-2.1305,-1.4893
-2.1305,-2.2165
-2.1305,-1.1707
-7.2935,-6.7452
-7.2935,-7.8088
-7.2935,-6.5593
-7.2935,-6.7246
1.3898,2.0332
1.3898,0.75376
0.2393,0.23241
0.2393,1.0998
0.2393,-0.62997
0.2393,0.2324
5.4945,5.6635
5.4945,5.5581
5.4945,5.0348
5.4945,5.3778
5.4945,5.6499
5.4945,4.8602
5.4945,4.6078
5.4945,5.9571
5.4945,4.8098
5.4945,4.7682
5.4945,4.6287
5.4945,5.2956
5.4945,6.0223
5.4945,4.9854
5.4945,5.2222
-3.1786,-3.4033
-3.1786,-2.6815
-3.1786,-2.3478
5.1864,5.1499
5.1864,5.8843
5.1864,4.4507
5.1864,5.4585
-0.35368,-0.51949
-0.35368,-0.54771
-0.35368,-1.1734
-0.35368,-1.1395
-5.9721,-5.7326
-5.9721,-6.34
-5.9721,-6.6064
-5.9721,-5.268
-5.9721,-6.1286
-5.9721,-5.6624
-5.031,-4.9764
-5.031,-5.9326
-5.031,-5.2362
-5.031,-4.2999
-5.031,-4.6378
-5.031,-5.6872
-5.031,-5.1631
3.8615,3.8834
3.8615,4.6254
3.8615,3.3575
3.8615,4.5972
3.8615,3.231
2.0332,1.5393
2.0332,1.3898
-2.2041,-1.7903
-2.2041,-3.0481
-2.2041,-2.5281
-2.2041,-1.9167
-2.2041,-2.3037
-2.2041,-2.9597
-2.2041,-2.7088
-2.2041,-2.5197
5.2222,5.5581
5.2222,5.0348
5.2222,5.3778
5.2222,5.6499
5.2222,4.315
5.2222,4.495
5.2222,4.6078
5.2222,4.8098
5.2222,4.753
5.2222,4.7682
5.2222,5.2956
5.2222,6.0223
5.2222,4.9854
5.2222,5.4945
0.75376,1.5393
0.75376,1.3898
