-1.4125,-1.7809
-1.4125,-1.7146
-1.4125,-0.86747
-1.4125,-0.77963
-1.4125,-2.3717
-1.4125,-1.6288
-5.774,-5.5032
-5.774,-5.7511
-5.774,-5.1468
-5.774,-5.6264
-5.774,-5.5638
-5.774,-5.7501
-5.774,-5.1759
-5.774,-5.8585
-5.774,-5.3112
-5.774,-5.9852
-5.774,-5.0694
-5.774,-5.3201
-5.774,-5.4298
-5.774,-4.8385
-4.8653,-5.1225
-4.8653,-4.8977
-4.8653,-5.3201
-4.8653,-4.5691
-4.8653,-4.8213
-4.8653,-5.4298
-4.8653,-5.1668
-6.1169,-5.839
-6.1169,-5.4635
-6.1169,-5.8585
-6.1169,-5.9852
-6.1169,-5.1785
-6.1169,-5.6254
-6.1169,-5.7631
3.1171,3.5817
3.1171,3.2838
3.1171,4.1115
3.1171,2.6644
3.1171,3.9503
-2.6,-2.5368
-2.6,-2.6604
-2.6,-1.7809
-2.6,-1.7146
-2.6,-1.8119
-2.6,-2.4591
-2.6,-2.4823
-2.6,-2.3717
-2.6,-3.437
-2.6,-2.9272
-2.6,-1.8871
-2.6,-2.6825
-2.6,-3.2109
-2.6,-3.4744
-2.6,-1.8691
-2.6,-2.8742
-2.6,-2.8203
-2.6,-2.0164
-2.6,-3.3138
-2.6,-2.4427
-4.1493,-3.9331
-4.1493,-4.6286
-4.1493,-3.9811
-4.1493,-3.8323
-4.1493,-4.8103
-4.1493,-4.52
-5.5032,-5.774
-5.5032,-5.7511
-5.5032,-5.1468
-5.5032,-5.6264
-5.5032,-5.5638
-5.5032,-5.1759
-5.5032,-5.4498
-5.5032,-5.8585
-5.5032,-5.3112
-5.5032,-5.9852
-5.5032,-5.0694
-5.5032,-5.6254
-5.5032,-5.3491
-5.5032,-5.4298
-5.5032,-4.8385
5.7889,5.7771
5.7889,6.0587
5.7889,5.4191
5.7889,5.1849
5.7889,5.9396
5.7889,5.6983
5.7889,5.5087
5.7889,6.0828
5.7889,6.5059
5.7889,5.3349
-3.6919,-4.2906
-3.6919,-3.5375
-3.6919,-3.1922
-3.6919,-4.4111
-3.6919,-3.6038
-3.6919,-4.1684
-3.6919,-3.437
-3.6919,-4.1939
-3.6919,-2.9272
-3.6919,-3.2109
-3.6919,-4.0305
-3.6919,-3.4744
-3.6919,-2.8742
-3.6919,-3.3138
5.7771,5.7889
5.7771,5.7921
5.7771,5.4191
5.7771,6.1148
5.7771,5.9396
5.7771,5.5087
5.7771,6.0828
5.7771,6.3886
5.7771,5.3349
5.7771,5.8172
5.7771,5.4594
-5.7511,-5.774
-5.7511,-5.5032
-5.7511,-5.1468
-5.7511,-5.839
-5.7511,-5.6264
-5.7511,-5.5638
-5.7511,-5.7501
-5.7511,-5.1759
-5.7511,-5.8585
-5.7511,-5.3112
-5.7511,-5.9852
-5.7511,-5.0694
-5.7511,-5.6254
-5.7511,-5.4298
-5.7511,-4.8385
-5.1468,-5.774
-5.1468,-5.5032
-5.1468,-5.7511
-5.1468,-5.127
-5.1468,-5.5638
-5.1468,-5.1759
-5.1468,-4.7034
-5.1468,-5.4498
-5.1468,-5.3112
-5.1468,-4.814
-5.1468,-5.0694
-5.1468,-5.6254
-5.1468,-5.3491
-5.1468,-4.9609
-5.1468,-4.8385
6.805,6.3358
6.805,6.7581
6.805,5.8275
6.805,6.6784
6.805,6.4645
3.5817,3.1171
3.5817,4.4279
3.5817,3.2838
3.5817,3.8272
3.5817,2.7649
3.5817,4.1115
3.5817,2.6644
3.5817,2.7821
3.5817,4.3292
6.0587,5.7889
6.0587,5.4191
6.0587,5.6983
6.0587,5.5087
6.0587,6.0828
6.0587,6.5059
6.0587,5.3349
-5.0575,-4.2906
-5.0575,-4.4111
-5.0575,-4.6286
-5.0575,-4.1684
-5.0575,-5.0723
-5.0575,-4.1939
-5.0575,-4.8103
-5.0575,-4.52
-2.5368,-2.6
-2.5368,-2.6604
-2.5368,-1.7809
-2.5368,-3.5375
-2.5368,-3.1922
-2.5368,-1.7146
-2.5368,-2.4591
-2.5368,-2.4823
-2.5368,-3.0312
-2.5368,-2.3717
-2.5368,-3.437
-2.5368,-2.9272
-2.5368,-2.6825
-2.5368,-3.2109
-2.5368,-3.4744
-2.5368,-1.8691
-2.5368,-2.8742
-2.5368,-2.8203
-2.5368,-1.6288
-2.5368,-3.3138
-2.5368,-2.4427
5.9079,5.8857
5.9079,5.5877
5.9079,5.0592
5.9079,5.7509
-5.1225,-4.8653
-5.1225,-5.6264
-5.1225,-5.5638
-5.1225,-5.7501
-5.1225,-5.1759
-5.1225,-4.7034
-5.1225,-4.8977
-5.1225,-5.3112
-5.1225,-5.0694
-5.1225,-5.3201
-5.1225,-4.5691
-5.1225,-4.8213
-5.1225,-5.4298
-5.1225,-5.1668
-5.839,-6.1169
-5.839,-5.7511
-5.839,-5.127
-5.839,-5.4635
-5.839,-5.4498
-5.839,-5.8585
-5.839,-5.9852
-5.839,-5.6254
-5.839,-5.3491
-5.839,-4.9609
-5.839,-5.7631
-0.028693,-0.86493
-0.028693,0.071534
-0.028693,0.38153
-0.028693,-0.14023
-0.028693,0.82579
-0.028693,0.80458
-0.028693,0.93248
1.2572,1.8021
1.2572,0.38153
1.2572,0.82579
1.2572,1.0765
1.2572,0.9509
1.2572,0.80458
1.2572,0.93248
1.2572,1.8891
-0.24412,-0.11032
-0.24412,0.38227
-0.24412,0.25461
-0.24412,-0.024677
4.6529,4.7552
4.6529,4.1802
4.6529,5.5877
4.6529,5.0435
4.6529,5.0592
4.6529,4.8491
4.6529,3.9503
-5.127,-5.1468
-5.127,-5.839
-5.127,-5.1759
-5.127,-5.4635
-5.127,-5.4498
-5.127,-5.8585
-5.127,-4.945
-5.127,-4.814
-5.127,-5.9852
-5.127,-5.1785
-5.127,-5.6254
-5.127,-5.3491
-5.127,-4.9609
-5.127,-4.8385
-5.127,-5.7631
0.65144,0.057082
0.65144,1.4336
0.65144,0.94107
6.774,6.9454
6.774,5.8508
6.774,7.3672
6.774,5.9977
6.774,6.1405
6.774,6.8602
-4.2906,-3.6919
-4.2906,-5.0575
-4.2906,-3.5375
-4.2906,-4.4111
-4.2906,-3.9331
-4.2906,-4.1684
-4.2906,-5.0723
-4.2906,-3.437
-4.2906,-3.9811
-4.2906,-4.1939
-4.2906,-3.8323
-4.2906,-4.8103
-4.2906,-4.0305
-4.2906,-3.4744
-4.2906,-4.52
0.9949,1.3296
0.9949,0.8437
0.9949,1.8614
0.9949,1.042
0.9949,1.0765
0.9949,0.9509
0.9949,0.22079
5.7921,5.7771
5.7921,5.4191
5.7921,6.1148
5.7921,5.9396
5.7921,5.8532
5.7921,5.433
5.7921,6.0828
5.7921,6.3206
5.7921,6.3886
5.7921,5.8172
5.7921,5.4594
6.4299,6.4633
6.4299,5.8532
6.4299,6.3206
6.4299,5.9172
4.4279,3.5817
4.4279,4.1802
4.4279,3.8272
4.4279,5.0435
4.4279,5.2211
4.4279,4.1115
4.4279,4.3292
4.4279,3.9503
-2.6604,-2.6
-2.6604,-2.5368
-2.6604,-1.7809
-2.6604,-3.5375
-2.6604,-1.7146
-2.6604,-3.6038
-2.6604,-2.4591
-2.6604,-2.4823
-2.6604,-2.3717
-2.6604,-3.437
-2.6604,-2.9272
-2.6604,-2.6825
-2.6604,-3.2109
-2.6604,-3.4744
-2.6604,-1.8691
-2.6604,-2.8742
-2.6604,-2.8203
-2.6604,-2.0164
-2.6604,-3.3138
-2.6604,-2.4427
-1.7809,-1.4125
-1.7809,-2.6
-1.7809,-2.5368
-1.7809,-2.6604
-1.7809,-1.7146
-1.7809,-1.8119
-1.7809,-0.84152
-1.7809,-0.86747
-1.7809,-2.4823
-1.7809,-2.3717
-1.7809,-0.87927
-1.7809,-1.8871
-1.7809,-2.6825
-1.7809,-1.8691
-1.7809,-1.6288
-1.7809,-2.0164
-1.7809,-2.4427
1.9064,1.0454
1.9064,1.4336
1.9064,0.94107
-3.5375,-3.6919
-3.5375,-2.5368
-3.5375,-4.2906
-3.5375,-2.6604
-3.5375,-3.1922
-3.5375,-4.4111
-3.5375,-3.6038
-3.5375,-4.1684
-3.5375,-3.0312
-3.5375,-3.437
-3.5375,-4.1939
-3.5375,-2.9272
-3.5375,-2.6825
-3.5375,-3.2109
-3.5375,-4.0305
-3.5375,-3.4744
-3.5375,-2.8742
-3.5375,-2.8203
-3.5375,-3.3138
-0.11032,-0.24412
-0.11032,0.38227
-0.11032,0.85392
-0.11032,0.057082
-0.11032,0.25461
-0.11032,-0.024677
1.3296,0.9949
1.3296,1.8057
1.3296,0.8437
1.3296,0.98361
1.3296,1.9621
1.3296,1.8614
1.3296,1.9697
1.3296,1.042
1.3296,1.7948
-3.1922,-3.6919
-3.1922,-2.5368
-3.1922,-3.5375
-3.1922,-3.9331
-3.1922,-3.6038
-3.1922,-2.4591
-3.1922,-4.1684
-3.1922,-3.0312
-3.1922,-2.3717
-3.1922,-3.437
-3.1922,-3.9811
-3.1922,-3.8323
-3.1922,-3.2109
-3.1922,-4.0305
-3.1922,-3.4744
-3.1922,-3.3138
-3.1922,-2.4427
5.8857,5.9079
5.8857,5.5877
5.8857,6.6784
5.8857,6.4645
5.8857,5.7509
-7.1018,-7.3432
5.4191,5.7889
5.4191,5.7771
5.4191,6.0587
5.4191,5.7921
5.4191,5.1849
5.4191,6.1148
5.4191,5.9396
5.4191,5.5087
5.4191,6.0828
5.4191,5.3349
5.4191,5.4594
6.3358,6.805
6.3358,5.6642
6.3358,6.7581
5.1849,5.7889
5.1849,5.4191
5.1849,5.6983
5.1849,5.5087
5.1849,5.3349
1.8057,1.3296
1.8057,0.8437
1.8057,1.8392
1.8057,0.98361
1.8057,1.9621
1.8057,1.8614
1.8057,2.7649
1.8057,2.6644
1.8057,1.7873
1.8057,0.97698
1.8057,1.7948
-5.6264,-5.774
-5.6264,-5.5032
-5.6264,-5.7511
-5.6264,-5.1225
-5.6264,-5.5638
-5.6264,-5.7501
-5.6264,-4.7034
-5.6264,-4.8977
-5.6264,-5.3112
-5.6264,-5.3201
-5.6264,-5.4298
-5.6264,-5.1668
-5.5638,-5.774
-5.5638,-5.5032
-5.5638,-5.7511
-5.5638,-5.1468
-5.5638,-5.1225
-5.5638,-5.6264
-5.5638,-5.7501
-5.5638,-5.1759
-5.5638,-5.8585
-5.5638,-5.3112
-5.5638,-5.9852
-5.5638,-5.0694
-5.5638,-5.6254
-5.5638,-5.3201
-5.5638,-5.4298
-5.5638,-4.8385
5.6642,6.3358
5.6642,5.6705
-1.7146,-1.4125
-1.7146,-2.6
-1.7146,-2.5368
-1.7146,-2.6604
-1.7146,-1.7809
-1.7146,-1.8119
-1.7146,-0.84152
-1.7146,-2.4591
-1.7146,-0.86747
-1.7146,-0.77963
-1.7146,-2.4823
-1.7146,-2.3717
-1.7146,-0.87927
-1.7146,-1.8871
-1.7146,-2.6825
-1.7146,-1.8691
-1.7146,-1.6288
-1.7146,-2.0164
-1.7146,-2.4427
-5.7501,-5.774
-5.7501,-5.7511
-5.7501,-5.1225
-5.7501,-5.6264
-5.7501,-5.5638
-5.7501,-4.8977
-5.7501,-5.3201
-5.7501,-5.4298
-5.7501,-5.1668
-1.8119,-2.6
-1.8119,-1.7809
-1.8119,-1.7146
-1.8119,-0.84152
-1.8119,-0.87927
-1.8119,-1.8871
-1.8119,-2.6825
-1.8119,-1.8691
-1.8119,-1.6288
-1.8119,-2.0164
1.8021,1.2572
1.8021,1.9697
1.8021,1.0765
1.8021,1.8891
3.2838,3.1171
3.2838,3.5817
3.2838,4.1802
3.2838,3.8272
3.2838,4.1115
3.2838,2.6644
3.2838,2.7821
3.2838,3.9503
4.7552,4.6529
4.7552,4.1802
4.7552,5.5877
4.7552,5.0435
4.7552,5.0592
4.7552,5.2211
4.7552,4.1115
4.7552,4.8491
4.7552,3.9503
6.4633,6.4299
6.4633,6.1148
6.4633,5.8532
6.4633,6.3206
6.4633,6.3886
6.4633,5.8172
-5.1759,-5.774
-5.1759,-5.5032
-5.1759,-5.7511
-5.1759,-5.1468
-5.1759,-5.1225
-5.1759,-5.127
-5.1759,-5.5638
-5.1759,-4.7034
-5.1759,-5.4498
-5.1759,-4.8977
-5.1759,-5.3112
-5.1759,-4.814
-5.1759,-5.0694
-5.1759,-5.6254
-5.1759,-5.3491
-5.1759,-5.4298
-5.1759,-4.9609
-5.1759,-4.8385
-4.4111,-3.6919
-4.4111,-5.0575
-4.4111,-4.2906
-4.4111,-3.5375
-4.4111,-3.9331
-4.4111,-3.6038
-4.4111,-4.1684
-4.4111,-5.0723
-4.4111,-3.437
-4.4111,-3.9811
-4.4111,-4.1939
-4.4111,-3.8323
-4.4111,-4.0305
-4.4111,-3.4744
-3.9331,-4.1493
-3.9331,-4.2906
-3.9331,-3.1922
-3.9331,-4.4111
-3.9331,-4.6286
-3.9331,-4.1684
-3.9331,-3.0312
-3.9331,-3.437
-3.9331,-3.9811
-3.9331,-4.1939
-3.9331,-3.8323
-3.9331,-4.8103
-3.9331,-3.2109
-3.9331,-4.0305
-3.9331,-4.52
-3.9331,-3.3138
6.1148,5.7771
6.1148,5.7921
6.1148,5.4191
6.1148,6.4633
6.1148,5.9396
6.1148,6.0828
6.1148,6.3206
6.1148,6.5059
6.1148,6.3886
6.1148,5.8172
6.1148,5.4594
-5.4635,-6.1169
-5.4635,-5.839
-5.4635,-5.127
-5.4635,-5.4498
-5.4635,-4.945
-5.4635,-5.1785
-5.4635,-5.6254
-5.4635,-5.3491
-5.4635,-5.5584
-5.4635,-4.9609
-5.4635,-5.7631
-0.84152,-1.7809
-0.84152,-1.7146
-0.84152,-1.8119
-0.84152,-0.86747
-0.84152,-0.77963
-0.84152,-0.87927
-4.7034,-5.1468
-4.7034,-5.1225
-4.7034,-5.6264
-4.7034,-5.1759
-4.7034,-4.8977
-4.7034,-5.3112
-4.7034,-5.0694
-4.7034,-5.3201
-4.7034,-4.5691
-4.7034,-5.4298
-4.7034,-4.8385
1.0454,1.9064
1.0454,0.38227
1.0454,0.85392
1.0454,0.25461
1.0454,0.94107
-3.6038,-3.6919
-3.6038,-2.6604
-3.6038,-3.5375
-3.6038,-3.1922
-3.6038,-4.4111
-3.6038,-4.1684
-3.6038,-3.437
-3.6038,-2.9272
-3.6038,-2.6825
-3.6038,-3.2109
-3.6038,-3.4744
-3.6038,-2.8742
-3.6038,-2.8203
-3.6038,-3.3138
0.8437,0.9949
0.8437,1.3296
0.8437,1.8057
0.8437,0.98361
0.8437,1.042
0.8437,0.97698
0.8437,0.027233
0.8437,1.7948
-0.35185,-0.86747
-0.35185,-0.77963
-0.35185,-0.31854
-5.4498,-5.5032
-5.4498,-5.1468
-5.4498,-5.839
-5.4498,-5.127
-5.4498,-5.1759
-5.4498,-5.4635
-5.4498,-5.8585
-5.4498,-5.3112
-5.4498,-4.814
-5.4498,-5.9852
-5.4498,-5.1785
-5.4498,-5.6254
-5.4498,-5.3491
-5.4498,-4.9609
-5.4498,-5.7631
2.7433,1.9621
2.7433,1.8614
2.7433,1.9697
2.7433,2.7649
2.7433,2.7821
7.7478,7.7804
7.7478,6.9454
7.7478,6.8602
-2.4591,-2.6
-2.4591,-2.5368
-2.4591,-2.6604
-2.4591,-3.1922
-2.4591,-1.7146
-2.4591,-2.4823
-2.4591,-3.0312
-2.4591,-2.3717
-2.4591,-3.437
-2.4591,-2.9272
-2.4591,-2.6825
-2.4591,-3.2109
-2.4591,-2.8742
-2.4591,-2.8203
-2.4591,-1.6288
-2.4591,-3.3138
-2.4591,-2.4427
-0.86493,-0.028693
-0.86493,0.071534
-0.86493,-0.14023
-5.8585,-5.774
-5.8585,-6.1169
-5.8585,-5.5032
-5.8585,-5.7511
-5.8585,-5.839
-5.8585,-5.127
-5.8585,-5.5638
-5.8585,-5.4498
-5.8585,-5.3112
-5.8585,-5.9852
-5.8585,-5.6254
-5.8585,-5.3491
-5.8585,-4.9609
-5.8585,-5.7631
7.7804,7.7478
7.7804,6.9454
7.7804,7.3672
-4.6286,-4.1493
-4.6286,-5.0575
-4.6286,-3.9331
-4.6286,-5.4747
-4.6286,-5.0723
-4.6286,-3.9811
-4.6286,-3.8323
-4.6286,-4.8103
-4.6286,-4.52
-0.86747,-1.4125
-0.86747,-1.7809
-0.86747,-1.7146
-0.86747,-0.84152
-0.86747,-0.35185
-0.86747,-0.77963
-0.86747,-0.87927
-0.86747,-1.6288
5.9396,5.7889
5.9396,5.7771
5.9396,5.7921
5.9396,5.4191
5.9396,6.1148
5.9396,5.5087
5.9396,6.0828
5.9396,6.5059
5.9396,6.3886
5.9396,5.3349
5.9396,5.8172
5.9396,5.4594
-0.77963,-1.4125
-0.77963,-1.7146
-0.77963,-0.84152
-0.77963,-0.35185
-0.77963,-0.86747
-0.77963,-0.87927
-0.77963,-1.6288
0.38227,-0.24412
0.38227,-0.11032
0.38227,1.0454
0.38227,0.85392
0.38227,0.25461
0.38227,-0.49232
0.38227,-0.31854
0.38227,0.60261
0.38227,-0.024677
0.38227,1.0822
-4.1684,-3.6919
-4.1684,-5.0575
-4.1684,-4.2906
-4.1684,-3.5375
-4.1684,-3.1922
-4.1684,-4.4111
-4.1684,-3.9331
-4.1684,-3.6038
-4.1684,-3.437
-4.1684,-3.9811
-4.1684,-4.1939
-4.1684,-3.8323
-4.1684,-4.8103
-4.1684,-3.2109
-4.1684,-4.0305
-4.1684,-3.4744
-4.1684,-3.3138
5.6983,5.7889
5.6983,6.0587
5.6983,5.1849
5.6983,5.5087
1.8392,1.8057
1.8392,0.98361
1.8392,1.9621
1.8392,1.8614
1.8392,2.7649
1.8392,2.6644
1.8392,1.7873
1.8392,0.97698
1.8392,1.7883
1.8392,2.7821
1.8392,1.7948
0.98361,1.3296
0.98361,1.8057
0.98361,0.8437
0.98361,1.8392
0.98361,1.7873
0.98361,0.97698
0.98361,1.7948
0.85392,-0.11032
0.85392,1.0454
0.85392,0.38227
0.85392,0.25461
0.85392,1.4336
0.85392,0.94107
0.85392,-0.024677
-4.945,-5.127
-4.945,-5.4635
-4.945,-4.814
-4.945,-5.1785
-4.945,-5.3491
-4.945,-4.9609
-4.945,-5.7631
-2.4823,-2.6
-2.4823,-2.5368
-2.4823,-2.6604
-2.4823,-1.7809
-2.4823,-1.7146
-2.4823,-2.4591
-2.4823,-2.3717
-2.4823,-2.9272
-2.4823,-2.6825
-2.4823,-3.2109
-2.4823,-1.8691
-2.4823,-2.8742
-2.4823,-2.8203
-2.4823,-1.6288
-2.4823,-3.3138
-2.4823,-2.4427
1.9621,1.3296
1.9621,1.8057
1.9621,2.7433
1.9621,1.8392
1.9621,1.8614
1.9621,2.7649
1.9621,2.6644
1.9621,1.7873
1.9621,2.7821
1.9621,1.7948
0.071534,-0.028693
0.071534,-0.86493
0.071534,0.38153
0.071534,-0.14023
0.071534,0.9509
0.071534,0.22079
0.071534,0.80458
4.1802,4.6529
4.1802,4.4279
4.1802,3.2838
4.1802,4.7552
4.1802,5.0435
4.1802,5.0592
4.1802,4.1115
4.1802,4.3292
4.1802,3.9503
5.5087,5.7889
5.5087,5.7771
5.5087,6.0587
5.5087,5.4191
5.5087,5.1849
5.5087,5.9396
5.5087,5.6983
5.5087,6.0828
5.5087,6.5059
5.5087,5.3349
5.5087,5.4594
1.8614,0.9949
1.8614,1.3296
1.8614,1.8057
1.8614,2.7433
1.8614,1.8392
1.8614,1.9621
1.8614,1.9697
1.8614,1.042
1.8614,1.7948
1.9697,1.3296
1.9697,1.8021
1.9697,2.7433
1.9697,1.8614
1.9697,1.0765
3.8272,3.5817
3.8272,4.4279
3.8272,3.2838
3.8272,4.3292
-5.4747,-4.6286
-5.4747,-5.0723
-5.4747,-4.8103
6.7581,6.805
6.7581,6.3358
-5.0723,-5.0575
-5.0723,-4.2906
-5.0723,-4.4111
-5.0723,-4.6286
-5.0723,-5.4747
-5.0723,-4.1939
-5.0723,-4.8103
-5.0723,-4.52
5.5877,5.9079
5.5877,4.6529
5.5877,5.8857
5.5877,4.7552
5.5877,5.0592
5.5877,5.8275
5.5877,4.8491
5.5877,5.7509
-3.0312,-2.5368
-3.0312,-3.5375
-3.0312,-3.1922
-3.0312,-3.9331
-3.0312,-2.4591
-3.0312,-2.3717
-3.0312,-3.437
-3.0312,-3.9811
-3.0312,-3.8323
-3.0312,-3.2109
-3.0312,-3.4744
-3.0312,-3.3138
-3.0312,-2.4427
0.057082,0.65144
0.057082,-0.11032
5.8532,5.7921
5.8532,6.4299
5.8532,6.4633
5.8532,5.433
5.8532,6.3206
5.8532,5.8172
5.8532,5.9172
0.38153,-0.028693
0.38153,1.2572
0.38153,0.071534
0.38153,1.0765
0.38153,0.9509
0.38153,0.22079
0.38153,0.80458
0.38153,0.93248
0.25461,-0.24412
0.25461,-0.11032
0.25461,1.0454
0.25461,0.38227
0.25461,0.85392
0.25461,0.94107
0.25461,0.60261
0.25461,-0.024677
6.9454,6.774
6.9454,7.7478
6.9454,7.7804
6.9454,7.3672
6.9454,6.8602
5.8508,6.774
5.8508,5.9977
5.8508,6.1405
5.433,5.7921
5.433,5.8532
5.433,6.3206
5.433,5.8172
5.433,5.4594
5.433,5.9172
6.0828,5.7889
6.0828,5.7771
6.0828,6.0587
6.0828,5.7921
6.0828,5.4191
6.0828,6.1148
6.0828,5.9396
6.0828,5.5087
6.0828,6.5059
6.0828,6.3886
6.0828,5.3349
5.0435,4.6529
5.0435,4.4279
5.0435,4.7552
5.0435,4.1802
5.0435,5.0592
5.0435,5.2211
5.0435,4.1115
5.0435,4.3292
5.0592,5.9079
5.0592,4.6529
5.0592,4.7552
5.0592,4.1802
5.0592,5.5877
5.0592,5.0435
5.0592,5.2211
5.0592,5.7509
-2.3717,-1.4125
-2.3717,-2.6
-2.3717,-2.5368
-2.3717,-2.6604
-2.3717,-1.7809
-2.3717,-3.1922
-2.3717,-1.7146
-2.3717,-2.4591
-2.3717,-2.4823
-2.3717,-3.0312
-2.3717,-2.9272
-2.3717,-2.6825
-2.3717,-3.2109
-2.3717,-2.8742
-2.3717,-2.8203
-2.3717,-1.6288
-2.3717,-3.3138
-2.3717,-2.4427
-4.8977,-4.8653
-4.8977,-5.1225
-4.8977,-5.6264
-4.8977,-5.7501
-4.8977,-5.1759
-4.8977,-4.7034
-4.8977,-5.3112
-4.8977,-5.0694
-4.8977,-5.3201
-4.8977,-4.5691
-4.8977,-4.8213
-4.8977,-5.4298
-4.8977,-4.8385
-4.8977,-5.1668
-3.437,-2.6
-3.437,-3.6919
-3.437,-2.5368
-3.437,-4.2906
-3.437,-2.6604
-3.437,-3.5375
-3.437,-3.1922
-3.437,-4.4111
-3.437,-3.9331
-3.437,-3.6038
-3.437,-2.4591
-3.437,-4.1684
-3.437,-3.0312
-3.437,-3.9811
-3.437,-4.1939
-3.437,-2.9272
-3.437,-2.6825
-3.437,-3.2109
-3.437,-4.0305
-3.437,-3.4744
-3.437,-2.8742
-3.437,-2.8203
-3.437,-3.3138
5.2211,4.4279
5.2211,4.7552
5.2211,5.0435
5.2211,5.0592
5.2211,4.3292
-5.3112,-5.774
-5.3112,-5.5032
-5.3112,-5.7511
-5.3112,-5.1468
-5.3112,-5.1225
-5.3112,-5.6264
-5.3112,-5.5638
-5.3112,-5.1759
-5.3112,-4.7034
-5.3112,-5.4498
-5.3112,-5.8585
-5.3112,-4.8977
-5.3112,-5.0694
-5.3112,-5.6254
-5.3112,-5.3491
-5.3112,-5.4298
-5.3112,-4.8385
-0.14023,-0.028693
-0.14023,-0.86493
-0.14023,0.071534
-0.14023,0.82579
-0.14023,0.094297
-0.14023,0.80458
2.7649,3.5817
2.7649,1.8057
2.7649,2.7433
2.7649,1.8392
2.7649,1.9621
2.7649,2.6644
2.7649,2.7821
-0.49232,0.38227
-0.49232,-0.31854
-0.49232,-0.024677
6.3206,5.7921
6.3206,6.4299
6.3206,6.4633
6.3206,6.1148
6.3206,5.8532
6.3206,5.433
6.3206,6.3886
6.3206,5.8172
0.82579,-0.028693
0.82579,1.2572
0.82579,-0.14023
0.82579,1.7066
0.82579,0.094297
0.82579,0.80458
0.82579,0.93248
-0.87927,-1.7809
-0.87927,-1.7146
-0.87927,-1.8119
-0.87927,-0.84152
-0.87927,-0.86747
-0.87927,-0.77963
-0.87927,-1.8691
4.1115,3.1171
4.1115,3.5817
4.1115,4.4279
4.1115,3.2838
4.1115,4.7552
4.1115,4.1802
4.1115,5.0435
4.1115,4.3292
4.1115,3.9503
-5.6285,-5.1668
1.4336,0.65144
1.4336,1.9064
1.4336,0.85392
1.4336,0.94107
-3.9811,-4.1493
-3.9811,-4.2906
-3.9811,-3.1922
-3.9811,-4.4111
-3.9811,-3.9331
-3.9811,-4.6286
-3.9811,-4.1684
-3.9811,-3.0312
-3.9811,-3.437
-3.9811,-4.1939
-3.9811,-3.8323
-3.9811,-4.8103
-3.9811,-3.2109
-3.9811,-4.0305
-3.9811,-4.52
-3.9811,-3.3138
5.8275,6.805
5.8275,5.5877
5.8275,6.4645
5.8275,5.6705
5.8275,5.7509
1.042,0.9949
1.042,1.3296
1.042,0.8437
1.042,1.8614
1.042,1.0765
1.042,0.9509
1.042,0.22079
1.042,1.7948
4.8491,4.6529
4.8491,4.7552
4.8491,5.5877
4.8491,5.7509
7.3672,6.774
7.3672,7.7804
7.3672,6.9454
-4.1939,-3.6919
-4.1939,-5.0575
-4.1939,-4.2906
-4.1939,-3.5375
-4.1939,-4.4111
-4.1939,-3.9331
-4.1939,-4.1684
-4.1939,-5.0723
-4.1939,-3.437
-4.1939,-3.9811
-4.1939,-3.8323
-4.1939,-4.8103
-4.1939,-4.0305
-4.1939,-3.4744
-4.1939,-4.52
-4.1939,-3.3138
-2.9272,-2.6
-2.9272,-3.6919
-2.9272,-2.5368
-2.9272,-2.6604
-2.9272,-3.5375
-2.9272,-3.6038
-2.9272,-2.4591
-2.9272,-2.4823
-2.9272,-2.3717
-2.9272,-3.437
-2.9272,-2.6825
-2.9272,-3.4744
-2.9272,-2.8742
-2.9272,-2.8203
-2.9272,-2.0164
-2.9272,-2.4427
6.6784,6.805
6.6784,5.8857
6.6784,6.4645
6.6784,5.7509
-1.8871,-2.6
-1.8871,-1.7809
-1.8871,-1.7146
-1.8871,-1.8119
-1.8871,-2.6825
-1.8871,-1.8691
-1.8871,-1.6288
-1.8871,-2.0164
-4.814,-5.1468
-4.814,-5.127
-4.814,-5.1759
-4.814,-5.4498
-4.814,-4.945
-4.814,-5.0694
-4.814,-5.6254
-4.814,-5.3491
-4.814,-4.9609
-4.814,-4.8385
2.6644,3.1171
2.6644,3.5817
2.6644,1.8057
2.6644,3.2838
2.6644,1.8392
2.6644,1.9621
2.6644,2.7649
2.6644,1.7873
2.6644,1.7883
2.6644,2.7821
1.7873,1.8057
1.7873,1.8392
1.7873,0.98361
1.7873,1.9621
1.7873,2.6644
1.7873,0.97698
1.7873,1.7883
1.7873,1.7948
-7.3432,-7.1018
6.4645,6.805
6.4645,5.8857
6.4645,5.8275
6.4645,6.6784
6.4645,5.6705
6.4645,5.7509
6.5059,5.7889
6.5059,6.0587
6.5059,6.1148
6.5059,5.9396
6.5059,5.5087
6.5059,6.0828
6.5059,6.3886
-3.8323,-4.1493
-3.8323,-4.2906
-3.8323,-3.1922
-3.8323,-4.4111
-3.8323,-3.9331
-3.8323,-4.6286
-3.8323,-4.1684
-3.8323,-3.0312
-3.8323,-3.9811
-3.8323,-4.1939
-3.8323,-3.2109
-3.8323,-4.0305
-3.8323,-4.52
-3.8323,-3.3138
0.97698,1.8057
0.97698,0.8437
0.97698,1.8392
0.97698,0.98361
0.97698,1.7873
0.027233,0.8437
0.94107,0.65144
0.94107,1.9064
0.94107,1.0454
0.94107,0.85392
0.94107,0.25461
0.94107,1.4336
5.9977,6.774
5.9977,5.8508
5.9977,6.8602
1.0765,1.2572
1.0765,0.9949
1.0765,1.8021
1.0765,1.9697
1.0765,0.38153
1.0765,1.042
1.0765,0.9509
1.0765,0.22079
-2.6825,-2.6
-2.6825,-2.5368
-2.6825,-2.6604
-2.6825,-1.7809
-2.6825,-3.5375
-2.6825,-1.7146
-2.6825,-1.8119
-2.6825,-3.6038
-2.6825,-2.4591
-2.6825,-2.4823
-2.6825,-2.3717
-2.6825,-3.437
-2.6825,-2.9272
-2.6825,-1.8871
-2.6825,-3.2109
-2.6825,-3.4744
-2.6825,-1.8691
-2.6825,-2.8742
-2.6825,-2.8203
-2.6825,-2.0164
-2.6825,-3.3138
-2.6825,-2.4427
-4.8103,-4.1493
-4.8103,-5.0575
-4.8103,-4.2906
-4.8103,-3.9331
-4.8103,-4.6286
-4.8103,-4.1684
-4.8103,-5.4747
-4.8103,-5.0723
-4.8103,-3.9811
-4.8103,-4.1939
-4.8103,-4.0305
-4.8103,-4.52
-5.9852,-5.774
-5.9852,-6.1169
-5.9852,-5.5032
-5.9852,-5.7511
-5.9852,-5.839
-5.9852,-5.127
-5.9852,-5.5638
-5.9852,-5.4498
-5.9852,-5.8585
-5.9852,-5.6254
-5.9852,-5.3491
-5.9852,-5.7631
-5.0694,-5.774
-5.0694,-5.5032
-5.0694,-5.7511
-5.0694,-5.1468
-5.0694,-5.1225
-5.0694,-5.5638
-5.0694,-5.1759
-5.0694,-4.7034
-5.0694,-4.8977
-5.0694,-5.3112
-5.0694,-4.814
-5.0694,-5.3491
-5.0694,-4.5691
-5.0694,-5.4298
-5.0694,-4.9609
-5.0694,-4.8385
-0.31854,-0.35185
-0.31854,0.38227
-0.31854,-0.49232
-0.31854,0.60261
-3.2109,-2.6
-3.2109,-3.6919
-3.2109,-2.5368
-3.2109,-2.6604
-3.2109,-3.5375
-3.2109,-3.1922
-3.2109,-3.9331
-3.2109,-3.6038
-3.2109,-2.4591
-3.2109,-4.1684
-3.2109,-2.4823
-3.2109,-3.0312
-3.2109,-2.3717
-3.2109,-3.437
-3.2109,-3.9811
-3.2109,-3.8323
-3.2109,-2.6825
-3.2109,-4.0305
-3.2109,-3.4744
-3.2109,-3.3138
-3.2109,-2.4427
1.7883,1.8392
1.7883,2.6644
1.7883,1.7873
6.1405,6.774
6.1405,5.8508
-5.1785,-6.1169
-5.1785,-5.127
-5.1785,-5.4635
-5.1785,-5.4498
-5.1785,-4.945
-5.1785,-5.3491
-5.1785,-5.5584
-5.1785,-4.9609
-5.1785,-5.7631
-5.6254,-6.1169
-5.6254,-5.5032
-5.6254,-5.7511
-5.6254,-5.1468
-5.6254,-5.839
-5.6254,-5.127
-5.6254,-5.5638
-5.6254,-5.1759
-5.6254,-5.4635
-5.6254,-5.4498
-5.6254,-5.8585
-5.6254,-5.3112
-5.6254,-4.814
-5.6254,-5.9852
-5.6254,-5.3491
-5.6254,-4.9609
-5.6254,-5.7631
-5.3201,-5.774
-5.3201,-4.8653
-5.3201,-5.1225
-5.3201,-5.6264
-5.3201,-5.5638
-5.3201,-5.7501
-5.3201,-4.7034
-5.3201,-4.8977
-5.3201,-4.5691
-5.3201,-4.8213
-5.3201,-5.4298
-5.3201,-5.1668
1.7066,0.82579
1.7066,0.93248
1.7066,1.8891
2.7821,3.5817
2.7821,3.2838
2.7821,2.7433
2.7821,1.8392
2.7821,1.9621
2.7821,2.7649
2.7821,2.6644
-5.3491,-5.5032
-5.3491,-5.1468
-5.3491,-5.839
-5.3491,-5.127
-5.3491,-5.1759
-5.3491,-5.4635
-5.3491,-5.4498
-5.3491,-5.8585
-5.3491,-4.945
-5.3491,-5.3112
-5.3491,-4.814
-5.3491,-5.9852
-5.3491,-5.0694
-5.3491,-5.1785
-5.3491,-5.6254
-5.3491,-4.9609
-5.3491,-4.8385
-5.3491,-5.7631
-4.0305,-3.6919
-4.0305,-4.2906
-4.0305,-3.5375
-4.0305,-3.1922
-4.0305,-4.4111
-4.0305,-3.9331
-4.0305,-4.1684
-4.0305,-3.437
-4.0305,-3.9811
-4.0305,-4.1939
-4.0305,-3.8323
-4.0305,-4.8103
-4.0305,-3.2109
-4.0305,-3.4744
-4.0305,-4.52
-4.0305,-3.3138
6.3886,5.7771
6.3886,5.7921
6.3886,6.4633
6.3886,6.1148
6.3886,5.9396
6.3886,6.0828
6.3886,6.3206
6.3886,6.5059
6.3886,5.4594
-3.4744,-2.6
-3.4744,-3.6919
-3.4744,-2.5368
-3.4744,-4.2906
-3.4744,-2.6604
-3.4744,-3.5375
-3.4744,-3.1922
-3.4744,-4.4111
-3.4744,-3.6038
-3.4744,-4.1684
-3.4744,-3.0312
-3.4744,-3.437
-3.4744,-4.1939
-3.4744,-2.9272
-3.4744,-2.6825
-3.4744,-3.2109
-3.4744,-4.0305
-3.4744,-2.8742
-3.4744,-2.8203
-3.4744,-3.3138
0.9509,1.2572
0.9509,0.9949
0.9509,0.071534
0.9509,0.38153
0.9509,1.042
0.9509,1.0765
0.9509,0.22079
5.3349,5.7889
5.3349,5.7771
5.3349,6.0587
5.3349,5.4191
5.3349,5.1849
5.3349,5.9396
5.3349,5.5087
5.3349,6.0828
5.3349,5.4594
-1.8691,-2.6
-1.8691,-2.5368
-1.8691,-2.6604
-1.8691,-1.7809
-1.8691,-1.7146
-1.8691,-1.8119
-1.8691,-2.4823
-1.8691,-0.87927
-1.8691,-1.8871
-1.8691,-2.6825
-1.8691,-2.8203
-1.8691,-1.6288
-1.8691,-2.0164
-1.8691,-2.4427
0.60261,0.38227
0.60261,0.25461
0.60261,-0.31854
0.60261,-0.024677
0.60261,1.0822
5.8172,5.7771
5.8172,5.7921
5.8172,6.4633
5.8172,6.1148
5.8172,5.9396
5.8172,5.8532
5.8172,5.433
5.8172,6.3206
5.8172,5.4594
5.8172,5.9172
4.3292,3.5817
4.3292,4.4279
4.3292,4.1802
4.3292,3.8272
4.3292,5.0435
4.3292,5.2211
4.3292,4.1115
4.3292,3.9503
0.094297,-0.14023
0.094297,0.82579
-4.52,-4.1493
-4.52,-5.0575
-4.52,-4.2906
-4.52,-3.9331
-4.52,-4.6286
-4.52,-5.0723
-4.52,-3.9811
-4.52,-4.1939
-4.52,-3.8323
-4.52,-4.8103
-4.52,-4.0305
-4.5048,-4.8213
-5.5584,-5.4635
-5.5584,-5.1785
-5.5584,-5.7631
-2.8742,-2.6
-2.8742,-3.6919
-2.8742,-2.5368
-2.8742,-2.6604
-2.8742,-3.5375
-2.8742,-3.6038
-2.8742,-2.4591
-2.8742,-2.4823
-2.8742,-2.3717
-2.8742,-3.437
-2.8742,-2.9272
-2.8742,-2.6825
-2.8742,-3.4744
-2.8742,-2.8203
-2.8742,-3.3138
-2.8742,-2.4427
-4.5691,-4.8653
-4.5691,-5.1225
-4.5691,-4.7034
-4.5691,-4.8977
-4.5691,-5.0694
-4.5691,-5.3201
-4.5691,-5.4298
-4.5691,-4.8385
-4.8213,-4.8653
-4.8213,-5.1225
-4.8213,-4.8977
-4.8213,-5.3201
-4.8213,-4.5048
-4.8213,-5.1668
-2.8203,-2.6
-2.8203,-2.5368
-2.8203,-2.6604
-2.8203,-3.5375
-2.8203,-3.6038
-2.8203,-2.4591
-2.8203,-2.4823
-2.8203,-2.3717
-2.8203,-3.437
-2.8203,-2.9272
-2.8203,-2.6825
-2.8203,-3.4744
-2.8203,-1.8691
-2.8203,-2.8742
-2.8203,-2.0164
-2.8203,-2.4427
5.4594,5.7771
5.4594,5.7921
5.4594,5.4191
5.4594,6.1148
5.4594,5.9396
5.4594,5.5087
5.4594,5.433
5.4594,6.3886
5.4594,5.3349
5.4594,5.8172
6.8602,6.774
6.8602,7.7478
6.8602,6.9454
6.8602,5.9977
-1.6288,-1.4125
-1.6288,-2.5368
-1.6288,-1.7809
-1.6288,-1.7146
-1.6288,-1.8119
-1.6288,-2.4591
-1.6288,-0.86747
-1.6288,-0.77963
-1.6288,-2.4823
-1.6288,-2.3717
-1.6288,-1.8871
-1.6288,-1.8691
-1.6288,-2.4427
-5.4298,-5.774
-5.4298,-4.8653
-5.4298,-5.5032
-5.4298,-5.7511
-5.4298,-5.1225
-5.4298,-5.6264
-5.4298,-5.5638
-5.4298,-5.7501
-5.4298,-5.1759
-5.4298,-4.7034
-5.4298,-4.8977
-5.4298,-5.3112
-5.4298,-5.0694
-5.4298,-5.3201
-5.4298,-4.5691
-5.4298,-5.1668
0.22079,0.9949
0.22079,0.071534
0.22079,0.38153
0.22079,1.042
0.22079,1.0765
0.22079,0.9509
0.80458,-0.028693
0.80458,1.2572
0.80458,0.071534
0.80458,0.38153
0.80458,-0.14023
0.80458,0.82579
0.80458,0.93248
0.93248,-0.028693
0.93248,1.2572
0.93248,0.38153
0.93248,0.82579
0.93248,1.7066
0.93248,0.80458
-4.9609,-5.1468
-4.9609,-5.839
-4.9609,-5.127
-4.9609,-5.1759
-4.9609,-5.4635
-4.9609,-5.4498
-4.9609,-5.8585
-4.9609,-4.945
-4.9609,-4.814
-4.9609,-5.0694
-4.9609,-5.1785
-4.9609,-5.6254
-4.9609,-5.3491
-4.9609,-4.8385
-2.0164,-2.6
-2.0164,-2.6604
-2.0164,-1.7809
-2.0164,-1.7146
-2.0164,-1.8119
-2.0164,-2.9272
-2.0164,-1.8871
-2.0164,-2.6825
-2.0164,-1.8691
-2.0164,-2.8203
-4.8385,-5.774
-4.8385,-5.5032
-4.8385,-5.7511
-4.8385,-5.1468
-4.8385,-5.127
-4.8385,-5.5638
-4.8385,-5.1759
-4.8385,-4.7034
-4.8385,-4.8977
-4.8385,-5.3112
-4.8385,-4.814
-4.8385,-5.0694
-4.8385,-5.3491
-4.8385,-4.5691
-4.8385,-4.9609
1.8891,1.2572
1.8891,1.8021
1.8891,1.7066
5.6705,5.6642
5.6705,5.8275
5.6705,6.4645
-0.024677,-0.24412
-0.024677,-0.11032
-0.024677,0.38227
-0.024677,0.85392
-0.024677,0.25461
-0.024677,-0.49232
-0.024677,0.60261
-3.3138,-2.6
-3.3138,-3.6919
-3.3138,-2.5368
-3.3138,-2.6604
-3.3138,-3.5375
-3.3138,-3.1922
-3.3138,-3.9331
-3.3138,-3.6038
-3.3138,-2.4591
-3.3138,-4.1684
-3.3138,-2.4823
-3.3138,-3.0312
-3.3138,-2.3717
-3.3138,-3.437
-3.3138,-3.9811
-3.3138,-4.1939
-3.3138,-3.8323
-3.3138,-2.6825
-3.3138,-3.2109
-3.3138,-4.0305
-3.3138,-3.4744
-3.3138,-2.8742
-3.3138,-2.4427
5.7509,5.9079
5.7509,5.8857
5.7509,5.5877
5.7509,5.0592
5.7509,5.8275
5.7509,4.8491
5.7509,6.6784
5.7509,6.4645
5.9172,6.4299
5.9172,5.8532
5.9172,5.433
5.9172,5.8172
-5.7631,-6.1169
-5.7631,-5.839
-5.7631,-5.127
-5.7631,-5.4635
-5.7631,-5.4498
-5.7631,-5.8585
-5.7631,-4.945
-5.7631,-5.9852
-5.7631,-5.1785
-5.7631,-5.6254
-5.7631,-5.3491
-5.7631,-5.5584
-5.1668,-4.8653
-5.1668,-5.1225
-5.1668,-5.6264
-5.1668,-5.7501
-5.1668,-4.8977
-5.1668,-5.6285
-5.1668,-5.3201
-5.1668,-4.8213
-5.1668,-5.4298
1.7948,1.3296
1.7948,1.8057
1.7948,0.8437
1.7948,1.8392
1.7948,0.98361
1.7948,1.9621
1.7948,1.8614
1.7948,1.042
1.7948,1.7873
1.0822,0.38227
1.0822,0.60261
3.9503,3.1171
3.9503,4.6529
3.9503,4.4279
3.9503,3.2838
3.9503,4.7552
3.9503,4.1802
3.9503,4.1115
3.9503,4.3292
-2.4427,-2.6
-2.4427,-2.5368
-2.4427,-2.6604
-2.4427,-1.7809
-2.4427,-3.1922
-2.4427,-1.7146
-2.4427,-2.4591
-2.4427,-2.4823
-2.4427,-3.0312
-2.4427,-2.3717
-2.4427,-2.9272
-2.4427,-2.6825
-2.4427,-3.2109
-2.4427,-1.8691
-2.4427,-2.8742
-2.4427,-2.8203
-2.4427,-1.6288
-2.4427,-3.3138
