4.8277,5.6655
4.8277,5.4069
4.8277,5.5575
4.8277,5.4777
4.8277,4.8779
4.8277,5.0852
-3.8814,-3.7553
-3.8814,-3.7929
-3.8814,-3.6679
-3.8814,-4.6966
-3.8814,-3.8343
-3.8814,-4.7873
-3.8814,-3.756
-3.8814,-2.9235
-3.8814,-3.7599
-3.8814,-2.9751
-3.8814,-3.7753
-3.8814,-4.7831
-3.8814,-4.6842
-3.8814,-3.6844
-5.4794,-4.709
-5.4794,-4.6474
-5.4794,-4.7831
-5.4794,-4.5812
-5.4794,-5.5875
-5.4794,-4.6842
-5.4794,-5.5688
-2.0069,-2.8024
-2.0069,-1.9648
-2.0069,-2.9235
-2.0069,-2.9751
-2.0069,-1.8833
-2.0069,-2.8613
-2.0069,-1.9966
-2.7036,-3.4419
-2.7036,-2.9727
-2.7036,-2.6732
-2.7036,-3.5512
-2.7036,-2.367
5.3878,5.1053
5.3878,5.3405
5.3878,5.6655
5.3878,5.4069
5.3878,5.9327
5.3878,4.8698
5.3878,5.1769
5.3878,4.8779
5.3878,4.8345
5.3878,5.6972
5.3878,6.0532
5.3878,5.433
5.3878,4.5872
5.3878,4.9445
5.3878,5.7787
5.3878,5.5572
5.3878,5.6182
5.3878,6.1138
5.3878,4.7009
5.3878,5.048
3.1441,3.9953
3.1441,3.3063
3.1441,4.046
3.1441,3.8564
3.1441,3.5921
3.1441,3.3785
-3.7553,-3.8814
-3.7553,-3.7929
-3.7553,-3.6679
-3.7553,-4.6966
-3.7553,-3.8343
-3.7553,-3.756
-3.7553,-2.8168
-3.7553,-2.9235
-3.7553,-3.7599
-3.7553,-2.9751
-3.7553,-3.7753
-3.7553,-2.8613
-3.7553,-2.8316
-3.7553,-4.6842
-3.7553,-3.6844
6.3211,5.3163
6.3211,6.3856
6.3211,6.0539
6.3211,7.0321
6.3211,5.3758
6.3211,7.1713
6.3211,6.2671
6.3211,6.1808
6.3211,6.1447
6.3211,6.1376
5.0945,4.3621
5.0945,4.983
5.0945,4.43
5.0945,4.5944
5.0945,5.1652
5.0945,4.3465
5.0945,4.8345
5.0945,4.2523
5.0945,5.6972
5.0945,4.5872
5.0945,4.1644
5.0945,4.9445
5.0945,5.5572
5.0945,4.7009
5.3163,6.3211
5.3163,5.2348
5.3163,6.0539
5.3163,5.3336
5.3163,5.3758
5.3163,6.2671
5.3163,6.1808
5.3163,5.309
5.3163,6.1376
5.3163,4.4011
5.3163,5.2965
-3.7929,-3.8814
-3.7929,-3.7553
-3.7929,-3.6679
-3.7929,-2.8024
-3.7929,-4.6966
-3.7929,-3.8343
-3.7929,-4.7873
-3.7929,-3.756
-3.7929,-2.9235
-3.7929,-3.7599
-3.7929,-2.9751
-3.7929,-3.7753
-3.7929,-2.8613
-3.7929,-4.6842
-3.7929,-3.6844
-3.6679,-3.8814
-3.6679,-3.7553
-3.6679,-3.7929
-3.6679,-2.7665
-3.6679,-3.8343
-3.6679,-3.756
-3.6679,-4.461
-3.6679,-2.8168
-3.6679,-3.7599
-3.6679,-2.8609
-3.6679,-3.7753
-3.6679,-2.8613
-3.6679,-2.8316
-3.6679,-2.8118
-3.6679,-3.6844
-0.34214,0.43069
-0.34214,0.44414
-0.34214,-0.54424
-0.34214,-1.1119
-0.34214,-0.81957
-3.4419,-2.7036
-3.4419,-3.0649
-3.4419,-2.9727
-3.4419,-3.7359
-3.4419,-3.9517
-3.4419,-2.6732
-3.4419,-3.5512
-3.4419,-3.7917
-3.4419,-2.9288
6.3856,6.3211
6.3856,6.0539
6.3856,7.1713
6.3856,6.2671
6.3856,6.1808
6.3856,6.1447
6.3856,6.1376
4.133,4.3621
4.133,4.5944
4.133,3.3063
4.133,4.3465
4.133,3.8421
4.133,4.2523
4.133,3.5921
4.133,3.3785
5.1053,5.3878
5.1053,5.3405
5.1053,5.6655
5.1053,4.983
5.1053,4.43
5.1053,5.4069
5.1053,4.8698
5.1053,5.1769
5.1053,4.3271
5.1053,4.8779
5.1053,4.8345
5.1053,5.6972
5.1053,5.433
5.1053,4.5872
5.1053,4.9445
5.1053,5.7787
5.1053,5.5572
5.1053,5.6182
5.1053,5.0852
5.1053,4.7009
5.1053,5.048
-1.8125,-1.5549
-1.8125,-1.5228
-1.8125,-2.2149
-1.8125,-1.4901
-4.709,-5.4794
-4.709,-4.6966
-4.709,-3.8343
-4.709,-4.7873
-4.709,-3.756
-4.709,-4.461
-4.709,-4.6474
-4.709,-3.7599
-4.709,-3.7753
-4.709,-4.7831
-4.709,-4.5812
-4.709,-5.5875
-4.709,-4.6842
-4.709,-5.5688
-2.8024,-2.0069
-2.8024,-3.7929
-2.8024,-2.7665
-2.8024,-1.9648
-2.8024,-2.8168
-2.8024,-2.9235
-2.8024,-2.9751
-2.8024,-2.8613
-2.8024,-2.8316
-2.8024,-2.8118
-2.8024,-1.9966
-6.5649,-6.485
-6.5649,-6.2155
-6.5649,-6.042
-6.5649,-6.9705
-6.5649,-6.9971
-6.5649,-6.8302
-6.5649,-6.8585
-6.1097,-6.2914
-6.1097,-6.042
-6.1097,-6.9971
-6.1097,-5.8256
-6.1097,-5.7449
-6.1097,-6.8302
-6.1097,-6.8585
-6.1097,-6.4794
2.7604,2.4246
2.7604,3.2951
2.7604,3.008
2.7604,2.8947
-1.7466,-1.9054
-1.7466,-2.5288
-1.7466,-1.5228
-1.7466,-2.3859
-1.7466,-2.2149
-1.7466,-1.0766
-1.7466,-2.367
-2.7665,-3.6679
-2.7665,-2.8024
-2.7665,-3.756
-2.7665,-1.9648
-2.7665,-2.8168
-2.7665,-2.9235
-2.7665,-1.9292
-2.7665,-2.8609
-2.7665,-2.9751
-2.7665,-1.8833
-2.7665,-2.8613
-2.7665,-2.8316
-2.7665,-2.8118
-2.7665,-3.6844
-2.7665,-1.9966
1.3864,1.7847
1.3864,1.6113
1.3864,2.3512
-9.095,-9.105
-9.095,-9.0096
-9.095,-9.8257
-9.095,-8.5108
-9.095,-9.8175
-9.095,-8.7158
4.3621,5.0945
4.3621,4.133
4.3621,4.983
4.3621,4.5944
4.3621,3.9953
4.3621,4.3465
4.3621,3.8421
4.3621,4.8345
4.3621,4.046
4.3621,4.2523
4.3621,3.8564
4.3621,3.5921
4.3621,4.1644
4.3621,4.9445
4.3621,3.3785
-4.9888,-4.7336
-4.9888,-4.0432
-4.9888,-4.4997
-4.9888,-4.8546
-4.9888,-5.8256
-4.9888,-5.7449
-4.9888,-5.3375
5.2348,5.3163
5.2348,6.0539
5.2348,5.3336
5.2348,5.3758
5.2348,4.2985
5.2348,4.3201
5.2348,6.1808
5.2348,4.4269
5.2348,5.309
5.2348,4.4011
5.2348,5.2965
3.4837,4.4108
3.4837,4.2985
3.4837,4.4269
3.4837,3.4917
-3.0649,-3.4419
-3.0649,-2.5288
-3.0649,-3.7359
-3.0649,-2.3859
-3.0649,-2.5895
-3.0649,-2.6732
-3.0649,-2.9288
-3.0649,-2.367
5.3405,5.3878
5.3405,5.1053
5.3405,5.6655
5.3405,4.983
5.3405,5.4069
5.3405,5.1652
5.3405,4.8698
5.3405,5.1769
5.3405,4.8779
5.3405,4.8345
5.3405,5.6972
5.3405,5.433
5.3405,4.5872
5.3405,4.9445
5.3405,5.7787
5.3405,5.5572
5.3405,5.6182
5.3405,6.1138
5.3405,4.7009
5.3405,5.048
5.6655,4.8277
5.6655,5.3878
5.6655,5.1053
5.6655,5.3405
5.6655,5.4069
5.6655,5.9327
5.6655,5.7275
5.6655,5.5575
5.6655,5.1769
5.6655,4.8779
5.6655,5.9083
5.6655,6.0532
5.6655,5.433
5.6655,5.7787
5.6655,5.0852
5.6655,6.1138
5.6655,5.048
2.1675,2.5493
2.1675,1.6113
2.1675,2.3512
4.983,5.0945
4.983,5.1053
4.983,4.3621
4.983,5.3405
4.983,4.43
4.983,4.5944
4.983,5.1652
4.983,4.3465
4.983,4.3271
4.983,4.8345
4.983,4.2523
4.983,5.6972
4.983,5.433
4.983,4.5872
4.983,4.1644
4.983,4.9445
4.983,5.5572
4.983,5.6182
4.983,4.7009
2.4246,2.7604
2.4246,3.2951
2.4246,2.4183
2.4246,1.7847
2.4246,3.008
2.4246,2.8947
-4.7336,-4.9888
-4.7336,-4.0789
-4.7336,-4.0432
-4.7336,-3.8389
-4.7336,-4.2043
-4.7336,-4.4997
-4.7336,-5.3789
-4.7336,-4.8546
-4.7336,-4.3031
4.43,5.0945
4.43,5.1053
4.43,4.983
4.43,3.9953
4.43,5.1652
4.43,4.8698
4.43,4.3465
4.43,4.3271
4.43,4.8779
4.43,4.8345
4.43,4.046
4.43,3.8564
4.43,4.5872
4.43,4.1644
4.43,4.9445
4.43,4.7009
4.43,5.048
-1.5549,-1.8125
-1.5549,-1.5228
-1.5549,-1.1119
-1.5549,-0.81957
-1.5549,-1.4901
-9.0518,-9.9315
6.0539,6.3211
6.0539,5.3163
6.0539,6.3856
6.0539,5.2348
6.0539,7.0321
6.0539,5.3336
6.0539,5.3758
6.0539,6.2671
6.0539,6.1808
6.0539,6.1376
6.0539,5.2965
0.43069,-0.34214
0.43069,0.53017
0.43069,0.44414
7.0321,6.3211
7.0321,6.0539
7.0321,7.1713
7.0321,6.2671
7.0321,6.1376
-4.0789,-4.7336
-4.0789,-4.0432
-4.0789,-3.7456
-4.0789,-3.8389
-4.0789,-4.2043
-4.0789,-4.4997
-4.0789,-3.9517
-4.0789,-3.5512
-4.0789,-3.4624
-4.0789,-3.695
-4.0789,-4.3031
-4.6966,-3.8814
-4.6966,-3.7553
-4.6966,-3.7929
-4.6966,-4.709
-4.6966,-3.8343
-4.6966,-4.7873
-4.6966,-4.461
-4.6966,-4.6474
-4.6966,-3.7599
-4.6966,-4.7831
-4.6966,-4.6842
-4.6966,-5.5688
-3.8343,-3.8814
-3.8343,-3.7553
-3.8343,-3.7929
-3.8343,-3.6679
-3.8343,-4.709
-3.8343,-4.6966
-3.8343,-4.7873
-3.8343,-3.756
-3.8343,-2.9235
-3.8343,-3.7599
-3.8343,-2.9751
-3.8343,-3.7753
-3.8343,-2.8613
-3.8343,-4.7831
-3.8343,-4.6842
-3.8343,-3.6844
0.53017,0.43069
0.53017,-0.38681
5.4069,4.8277
5.4069,5.3878
5.4069,5.1053
5.4069,5.3405
5.4069,5.6655
5.4069,5.9327
5.4069,5.7275
5.4069,4.8698
5.4069,5.5575
5.4069,5.4777
5.4069,5.1769
5.4069,4.8779
5.4069,5.9083
5.4069,6.0532
5.4069,5.433
5.4069,5.7787
5.4069,5.0852
5.4069,6.1138
5.4069,5.048
-4.7873,-3.8814
-4.7873,-3.7929
-4.7873,-4.709
-4.7873,-4.6966
-4.7873,-3.8343
-4.7873,-4.6474
-4.7873,-4.7831
-4.7873,-4.6842
-4.7873,-5.5688
5.9327,5.3878
5.9327,5.6655
5.9327,5.4069
5.9327,5.7275
5.9327,5.9083
5.9327,6.0532
5.9327,5.433
5.9327,5.7787
5.9327,5.0852
5.9327,6.1138
-6.2914,-6.1097
-6.2914,-5.3789
-6.2914,-5.8256
-6.2914,-6.4794
-2.9727,-2.7036
-2.9727,-3.4419
-2.9727,-2.5288
-2.9727,-3.7359
-2.9727,-2.6732
-2.9727,-3.5512
-2.9727,-3.7917
-2.9727,-2.367
-1.9054,-1.7466
-1.9054,-2.5288
-1.9054,-1.5228
-1.9054,-2.3859
-1.9054,-2.2149
-1.9054,-2.5895
-1.9054,-2.6732
-1.9054,-1.0766
-1.9054,-2.367
4.4108,3.4837
4.4108,5.3336
4.4108,4.2985
4.4108,4.4269
4.4108,5.309
4.4108,4.4011
-3.756,-3.8814
-3.756,-3.7553
-3.756,-3.7929
-3.756,-3.6679
-3.756,-4.709
-3.756,-2.7665
-3.756,-3.8343
-3.756,-4.461
-3.756,-2.8168
-3.756,-4.6474
-3.756,-3.7599
-3.756,-2.8609
-3.756,-3.7753
-3.756,-2.8613
-3.756,-2.8316
-3.756,-4.6842
-3.756,-2.8118
-3.756,-3.6844
4.5944,5.0945
4.5944,4.133
4.5944,4.3621
4.5944,4.983
4.5944,3.9953
4.5944,5.1652
4.5944,4.3465
4.5944,3.8421
4.5944,4.8345
4.5944,4.046
4.5944,4.2523
4.5944,3.8564
4.5944,4.1644
4.5944,4.9445
3.9953,3.1441
3.9953,4.3621
3.9953,4.43
3.9953,4.5944
3.9953,3.3063
3.9953,4.3465
3.9953,4.3271
3.9953,4.8345
3.9953,4.046
3.9953,4.2523
3.9953,3.8564
3.9953,3.5921
3.9953,4.5872
3.9953,4.1644
3.9953,3.3785
3.9953,4.7009
5.3336,5.3163
5.3336,5.2348
5.3336,6.0539
5.3336,4.4108
5.3336,5.3758
5.3336,6.1808
5.3336,4.4269
5.3336,6.1447
5.3336,5.309
5.3336,4.4011
5.3336,5.2965
-1.9648,-2.0069
-1.9648,-2.8024
-1.9648,-2.7665
-1.9648,-2.8168
-1.9648,-1.9292
-1.9648,-1.8833
-1.9648,-2.8613
-1.9648,-2.8316
-1.9648,-1.0901
-1.9648,-2.8118
-1.9648,-1.9966
5.7275,5.6655
5.7275,5.4069
5.7275,5.9327
5.7275,5.5575
5.7275,5.4777
5.7275,5.9083
-4.461,-3.6679
-4.461,-4.709
-4.461,-4.6966
-4.461,-3.756
-4.461,-4.6474
-4.461,-3.7599
-4.461,-3.7753
-4.461,-4.7831
-4.461,-4.5812
-4.461,-4.6842
-4.461,-3.6844
2.5493,2.1675
2.5493,3.2951
2.5493,2.4183
2.5493,3.008
2.5493,2.3512
5.1652,5.0945
5.1652,5.3405
5.1652,4.983
5.1652,4.43
5.1652,4.5944
5.1652,4.3465
5.1652,4.8345
5.1652,5.6972
5.1652,5.433
5.1652,4.5872
5.1652,4.9445
5.1652,5.5572
5.1652,5.6182
5.1652,4.7009
-4.0432,-4.9888
-4.0432,-4.7336
-4.0432,-4.0789
-4.0432,-3.8389
-4.0432,-4.8546
-4.0432,-3.695
-4.0432,-4.2523
-4.0432,-4.3031
4.7652,5.5575
4.7652,5.4777
4.7652,3.881
-2.8168,-3.7553
-2.8168,-3.6679
-2.8168,-2.8024
-2.8168,-2.7665
-2.8168,-3.756
-2.8168,-1.9648
-2.8168,-2.9235
-2.8168,-3.7599
-2.8168,-2.8609
-2.8168,-2.9751
-2.8168,-1.8833
-2.8168,-2.8613
-2.8168,-2.8316
-2.8168,-2.8118
-2.8168,-1.9966
-4.7536,-4.2043
-4.7536,-4.4997
-4.7536,-5.3789
-4.7536,-3.9517
-4.7536,-3.7917
-8.5799,-9.2305
-8.5799,-9.105
-8.5799,-8.7158
4.8698,5.3878
4.8698,5.1053
4.8698,5.3405
4.8698,4.43
4.8698,5.4069
4.8698,5.1769
4.8698,4.3271
4.8698,4.8779
4.8698,4.8345
4.8698,5.6972
4.8698,5.433
4.8698,4.5872
4.8698,5.5572
4.8698,5.6182
4.8698,5.0852
4.8698,4.7009
4.8698,5.048
-6.485,-6.5649
-6.485,-6.2155
-6.485,-6.9705
-2.9235,-3.8814
-2.9235,-2.0069
-2.9235,-3.7553
-2.9235,-3.7929
-2.9235,-2.8024
-2.9235,-2.7665
-2.9235,-3.8343
-2.9235,-2.8168
-2.9235,-3.7599
-2.9235,-2.9751
-2.9235,-2.8613
-2.9235,-2.8316
-2.9235,-2.8118
-2.9235,-1.9966
-9.2305,-8.5799
-9.2305,-9.105
-9.2305,-9.8257
3.3063,3.1441
3.3063,4.133
3.3063,3.9953
3.3063,3.0204
3.3063,3.8421
3.3063,4.046
3.3063,3.8564
3.3063,3.5921
3.3063,3.3785
5.5575,4.8277
5.5575,5.6655
5.5575,5.4069
5.5575,5.7275
5.5575,4.7652
5.5575,5.4777
5.5575,5.9083
5.5575,5.0852
5.3758,6.3211
5.3758,5.3163
5.3758,5.2348
5.3758,6.0539
5.3758,5.3336
5.3758,6.2671
5.3758,6.1808
5.3758,6.1447
5.3758,5.309
5.3758,6.1376
5.3758,4.4011
5.3758,5.2965
5.4777,4.8277
5.4777,5.4069
5.4777,5.7275
5.4777,4.7652
5.4777,5.5575
5.4777,5.9083
5.4777,5.0852
3.2951,2.7604
3.2951,2.4246
3.2951,2.5493
3.2951,2.4183
3.2951,3.008
3.2951,3.7556
3.2951,3.881
3.2951,3.5345
3.2951,2.8947
3.2951,3.6013
4.3465,5.0945
4.3465,4.133
4.3465,4.3621
4.3465,4.983
4.3465,4.43
4.3465,4.5944
4.3465,3.9953
4.3465,5.1652
4.3465,4.8345
4.3465,4.046
4.3465,4.2523
4.3465,3.8564
4.3465,3.5921
4.3465,4.5872
4.3465,4.1644
4.3465,4.9445
4.3465,4.7009
7.1713,6.3211
7.1713,6.3856
7.1713,7.0321
7.1713,6.2671
-3.7456,-4.0789
-3.7456,-3.8389
-3.7456,-4.2043
-3.7456,-4.4997
-3.7456,-3.9517
-3.7456,-3.5512
-3.7456,-3.4624
-3.7456,-3.695
-3.7456,-3.0609
-3.7456,-3.7917
-3.7456,-4.3031
-3.8389,-4.7336
-3.8389,-4.0789
-3.8389,-4.0432
-3.8389,-3.7456
-3.8389,-3.4624
-3.8389,-3.695
-3.8389,-4.3031
2.4183,2.4246
2.4183,2.5493
2.4183,3.2951
2.4183,3.008
2.4183,1.6113
2.4183,2.3512
2.4183,2.8947
-1.9292,-2.7665
-1.9292,-1.9648
-1.9292,-2.8609
-1.9292,-1.8833
-1.9292,-2.8316
-1.9292,-2.8118
-1.9292,-1.9966
5.1769,5.3878
5.1769,5.1053
5.1769,5.3405
5.1769,5.6655
5.1769,5.4069
5.1769,4.8698
5.1769,4.8779
5.1769,5.6972
5.1769,5.433
5.1769,4.5872
5.1769,5.7787
5.1769,5.5572
5.1769,5.6182
5.1769,5.0852
5.1769,4.7009
5.1769,5.048
-4.2043,-4.7336
-4.2043,-4.0789
-4.2043,-4.7536
-4.2043,-3.7456
-4.2043,-4.4997
-4.2043,-3.9517
-4.2043,-3.5512
-4.2043,-3.4624
-4.2043,-3.7917
-4.2043,-4.3031
-6.2155,-6.5649
-6.2155,-6.485
-6.2155,-6.042
-6.2155,-6.9705
-6.2155,-5.7449
-6.2155,-5.3375
-6.2155,-6.8302
-2.5288,-1.7466
-2.5288,-3.0649
-2.5288,-2.9727
-2.5288,-1.9054
-2.5288,-2.3859
-2.5288,-2.2149
-2.5288,-2.6732
-2.5288,-2.9288
-2.5288,-2.367
6.2671,6.3211
6.2671,5.3163
6.2671,6.3856
6.2671,6.0539
6.2671,7.0321
6.2671,5.3758
6.2671,7.1713
6.2671,6.1808
6.2671,6.1447
6.2671,6.1376
6.2671,5.2965
-4.4997,-4.9888
-4.4997,-4.7336
-4.4997,-4.0789
-4.4997,-4.7536
-4.4997,-3.7456
-4.4997,-4.2043
-4.4997,-5.3789
-4.4997,-4.8546
-4.4997,-4.3031
-5.3789,-4.7336
-5.3789,-6.2914
-5.3789,-4.7536
-5.3789,-4.4997
-5.3789,-5.8256
-3.7359,-3.4419
-3.7359,-3.0649
-3.7359,-2.9727
-3.7359,-2.9288
3.0204,3.3063
3.0204,3.8421
3.0204,3.5921
0.44414,-0.34214
0.44414,0.43069
3.8421,4.133
3.8421,4.3621
3.8421,4.5944
3.8421,3.3063
3.8421,3.0204
3.8421,4.2523
3.8421,3.5921
3.8421,3.3785
-1.5228,-1.8125
-1.5228,-1.7466
-1.5228,-1.5549
-1.5228,-1.9054
-1.5228,-2.2149
-1.5228,-0.54424
-1.5228,-1.0766
-1.5228,-1.4901
4.3271,5.1053
4.3271,4.983
4.3271,4.43
4.3271,3.9953
4.3271,4.8698
4.3271,4.8779
4.3271,4.8345
4.3271,4.046
4.3271,3.8564
4.3271,4.5872
4.3271,4.9445
4.3271,4.7009
4.3271,5.048
1.7847,1.3864
1.7847,2.4246
4.2985,5.2348
4.2985,3.4837
4.2985,4.4108
4.2985,4.3201
4.2985,4.4269
4.2985,4.4011
4.2985,3.4917
-6.042,-6.5649
-6.042,-6.1097
-6.042,-6.2155
-6.042,-5.8256
-6.042,-5.7449
-6.042,-5.3375
-6.042,-6.8302
-6.042,-6.8585
3.008,2.7604
3.008,2.4246
3.008,2.5493
3.008,3.2951
3.008,2.4183
3.008,2.3512
3.008,3.5345
3.008,2.8947
-9.105,-9.095
-9.105,-8.5799
-9.105,-9.2305
-9.105,-9.8257
-9.105,-8.7158
-9.0096,-9.095
-9.0096,-8.5108
-9.0096,-9.8175
4.3201,5.2348
4.3201,4.2985
4.3201,4.4269
4.3201,4.4011
4.3201,5.2965
4.3201,3.4917
6.1808,6.3211
6.1808,5.3163
6.1808,6.3856
6.1808,5.2348
6.1808,6.0539
6.1808,5.3336
6.1808,5.3758
6.1808,6.2671
6.1808,6.1447
6.1808,5.309
6.1808,6.1376
-2.3859,-1.7466
-2.3859,-3.0649
-2.3859,-1.9054
-2.3859,-2.5288
-2.3859,-2.2149
-2.3859,-2.5895
-2.3859,-2.6732
-2.3859,-2.9288
-2.2149,-1.8125
-2.2149,-1.7466
-2.2149,-1.9054
-2.2149,-2.5288
-2.2149,-1.5228
-2.2149,-2.3859
-2.2149,-2.5895
-2.2149,-1.4901
4.8779,4.8277
4.8779,5.3878
4.8779,5.1053
4.8779,5.3405
4.8779,5.6655
4.8779,4.43
4.8779,5.4069
4.8779,4.8698
4.8779,5.1769
4.8779,4.3271
4.8779,5.6972
4.8779,5.433
4.8779,4.5872
4.8779,5.5572
4.8779,5.6182
4.8779,5.0852
4.8779,4.7009
4.8779,5.048
-4.6474,-5.4794
-4.6474,-4.709
-4.6474,-4.6966
-4.6474,-4.7873
-4.6474,-3.756
-4.6474,-4.461
-4.6474,-3.7599
-4.6474,-3.7753
-4.6474,-4.7831
-4.6474,-4.5812
-4.6474,-5.5875
-4.6474,-4.6842
-4.6474,-3.6844
-4.6474,-5.5688
4.8345,5.3878
4.8345,5.0945
4.8345,5.1053
4.8345,4.3621
4.8345,5.3405
4.8345,4.983
4.8345,4.43
4.8345,4.5944
4.8345,3.9953
4.8345,5.1652
4.8345,4.8698
4.8345,4.3465
4.8345,4.3271
4.8345,4.046
4.8345,4.2523
4.8345,5.6972
4.8345,5.433
4.8345,4.5872
4.8345,4.1644
4.8345,4.9445
4.8345,5.5572
4.8345,5.6182
4.8345,4.7009
-2.5895,-3.0649
-2.5895,-1.9054
-2.5895,-2.3859
-2.5895,-2.2149
-2.5895,-2.9288
-3.7599,-3.8814
-3.7599,-3.7553
-3.7599,-3.7929
-3.7599,-3.6679
-3.7599,-4.709
-3.7599,-4.6966
-3.7599,-3.8343
-3.7599,-3.756
-3.7599,-4.461
-3.7599,-2.8168
-3.7599,-2.9235
-3.7599,-4.6474
-3.7599,-3.7753
-3.7599,-2.8613
-3.7599,-2.8316
-3.7599,-4.6842
-3.7599,-3.6844
-6.9705,-6.5649
-6.9705,-6.485
-6.9705,-6.2155
-6.9705,-6.9971
-6.9705,-7.6136
-6.9705,-6.8302
-3.9517,-3.4419
-3.9517,-4.0789
-3.9517,-4.7536
-3.9517,-3.7456
-3.9517,-4.2043
-3.9517,-3.5512
-3.9517,-3.7917
3.7556,3.2951
3.7556,3.881
3.7556,2.8947
4.4269,5.2348
4.4269,3.4837
4.4269,4.4108
4.4269,5.3336
4.4269,4.2985
4.4269,4.3201
4.4269,5.309
4.4269,4.4011
-6.9971,-6.5649
-6.9971,-6.1097
-6.9971,-6.9705
-6.9971,-7.3175
-6.9971,-7.6136
-6.9971,-6.8302
-6.9971,-6.8585
5.9083,5.6655
5.9083,5.4069
5.9083,5.9327
5.9083,5.7275
5.9083,5.5575
5.9083,5.4777
5.9083,5.7787
-2.6732,-2.7036
-2.6732,-3.4419
-2.6732,-3.0649
-2.6732,-2.9727
-2.6732,-1.9054
-2.6732,-2.5288
-2.6732,-2.3859
-2.6732,-2.9288
-2.6732,-2.367
-6.2534,-5.5688
1.6113,1.3864
1.6113,2.1675
1.6113,2.4183
1.6113,2.3512
4.046,3.1441
4.046,4.3621
4.046,4.43
4.046,4.5944
4.046,3.9953
4.046,3.3063
4.046,4.3465
4.046,4.3271
4.046,4.8345
4.046,4.2523
4.046,3.8564
4.046,3.5921
4.046,4.5872
4.046,4.1644
4.046,3.3785
4.046,4.7009
-0.54424,-0.34214
-0.54424,-1.5228
-0.54424,-0.81957
-0.54424,-0.38681
-0.54424,-1.4901
-4.8546,-4.9888
-4.8546,-4.7336
-4.8546,-4.0432
-4.8546,-4.4997
-4.8546,-5.8256
-4.8546,-5.7449
-4.8546,-5.3375
-4.8546,-4.3031
-1.0766,-1.7466
-1.0766,-1.9054
-1.0766,-1.5228
-1.0766,-1.4901
-9.8257,-9.095
-9.8257,-9.2305
-9.8257,-9.105
4.2523,5.0945
4.2523,4.133
4.2523,4.3621
4.2523,4.983
4.2523,4.5944
4.2523,3.9953
4.2523,4.3465
4.2523,3.8421
4.2523,4.8345
4.2523,4.046
4.2523,3.8564
4.2523,3.5921
4.2523,4.1644
4.2523,4.9445
4.2523,3.3785
4.2523,4.7009
5.6972,5.3878
5.6972,5.0945
5.6972,5.1053
5.6972,5.3405
5.6972,4.983
5.6972,5.1652
5.6972,4.8698
5.6972,5.1769
5.6972,4.8779
5.6972,4.8345
5.6972,5.433
5.6972,4.9445
5.6972,5.5572
5.6972,5.6182
5.6972,6.1138
5.6972,5.048
-1.1119,-0.34214
-1.1119,-1.5549
-1.1119,-0.81957
-1.1119,-1.4901
6.0532,5.3878
6.0532,5.6655
6.0532,5.4069
6.0532,5.9327
6.0532,5.433
6.0532,5.7787
6.0532,5.0852
6.0532,6.1138
-2.8609,-3.6679
-2.8609,-2.7665
-2.8609,-3.756
-2.8609,-2.8168
-2.8609,-1.9292
-2.8609,-3.7753
-2.8609,-2.8613
-2.8609,-2.8316
-2.8609,-2.8118
-2.8609,-3.6844
-3.5512,-2.7036
-3.5512,-3.4419
-3.5512,-4.0789
-3.5512,-2.9727
-3.5512,-3.7456
-3.5512,-4.2043
-3.5512,-3.9517
-3.5512,-3.4624
-3.5512,-3.0609
-3.5512,-3.7917
-3.4624,-4.0789
-3.4624,-3.7456
-3.4624,-3.8389
-3.4624,-4.2043
-3.4624,-3.5512
-3.4624,-3.695
-3.4624,-3.0609
-3.4624,-4.3031
-9.9315,-9.0518
-0.81957,-0.34214
-0.81957,-1.5549
-0.81957,-0.54424
-0.81957,-1.1119
-0.81957,-0.38681
-0.81957,-1.4901
6.1447,6.3211
6.1447,6.3856
6.1447,5.3336
6.1447,5.3758
6.1447,6.2671
6.1447,6.1808
6.1447,5.309
3.8564,3.1441
3.8564,4.3621
3.8564,4.43
3.8564,4.5944
3.8564,3.9953
3.8564,3.3063
3.8564,4.3465
3.8564,4.3271
3.8564,4.046
3.8564,4.2523
3.8564,4.5872
3.8564,4.1644
3.8564,3.3785
3.8564,4.7009
-3.695,-4.0789
-3.695,-4.0432
-3.695,-3.7456
-3.695,-3.8389
-3.695,-3.4624
-4.2523,-4.0432
2.3512,1.3864
2.3512,2.1675
2.3512,2.5493
2.3512,2.4183
2.3512,3.008
2.3512,1.6113
-8.5108,-9.095
-8.5108,-9.0096
-8.5108,-8.7158
-5.8256,-6.1097
-5.8256,-4.9888
-5.8256,-6.2914
-5.8256,-5.3789
-5.8256,-6.042
-5.8256,-4.8546
-5.8256,-5.7449
-5.8256,-5.3375
5.433,5.3878
5.433,5.1053
5.433,5.3405
5.433,5.6655
5.433,4.983
5.433,5.4069
5.433,5.9327
5.433,5.1652
5.433,4.8698
5.433,5.1769
5.433,4.8779
5.433,4.8345
5.433,5.6972
5.433,6.0532
5.433,4.5872
5.433,4.9445
5.433,5.7787
5.433,5.5572
5.433,5.6182
5.433,6.1138
5.433,4.7009
5.433,5.048
3.5921,3.1441
3.5921,4.133
3.5921,4.3621
3.5921,3.9953
3.5921,3.3063
3.5921,4.3465
3.5921,3.0204
3.5921,3.8421
3.5921,4.046
3.5921,4.2523
3.5921,4.1644
3.5921,3.3785
-2.9751,-3.8814
-2.9751,-2.0069
-2.9751,-3.7553
-2.9751,-3.7929
-2.9751,-2.8024
-2.9751,-2.7665
-2.9751,-3.8343
-2.9751,-2.8168
-2.9751,-2.9235
-2.9751,-2.8613
-2.9751,-2.8316
-2.9751,-1.9966
-3.7753,-3.8814
-3.7753,-3.7553
-3.7753,-3.7929
-3.7753,-3.6679
-3.7753,-4.709
-3.7753,-3.8343
-3.7753,-3.756
-3.7753,-4.461
-3.7753,-4.6474
-3.7753,-3.7599
-3.7753,-2.8609
-3.7753,-2.8316
-3.7753,-4.5812
-3.7753,-4.6842
-3.7753,-2.8118
-3.7753,-3.6844
3.881,4.7652
3.881,3.2951
3.881,3.7556
3.881,3.5345
4.5872,5.3878
4.5872,5.0945
4.5872,5.1053
4.5872,5.3405
4.5872,4.983
4.5872,4.43
4.5872,3.9953
4.5872,5.1652
4.5872,4.8698
4.5872,4.3465
4.5872,5.1769
4.5872,4.3271
4.5872,4.8779
4.5872,4.8345
4.5872,4.046
4.5872,3.8564
4.5872,5.433
4.5872,4.1644
4.5872,4.9445
4.5872,4.7009
4.5872,5.048
-3.0609,-3.7456
-3.0609,-3.5512
-3.0609,-3.4624
-9.8175,-9.095
-9.8175,-9.0096
-1.8833,-2.0069
-1.8833,-2.7665
-1.8833,-1.9648
-1.8833,-2.8168
-1.8833,-1.9292
-1.8833,-2.8316
-1.8833,-1.0901
-1.8833,-2.8118
-1.8833,-1.9966
-2.8613,-2.0069
-2.8613,-3.7553
-2.8613,-3.7929
-2.8613,-3.6679
-2.8613,-2.8024
-2.8613,-2.7665
-2.8613,-3.8343
-2.8613,-3.756
-2.8613,-1.9648
-2.8613,-2.8168
-2.8613,-2.9235
-2.8613,-3.7599
-2.8613,-2.8609
-2.8613,-2.9751
-2.8613,-2.8316
-2.8613,-2.8118
-2.8613,-1.9966
-4.7831,-3.8814
-4.7831,-5.4794
-4.7831,-4.709
-4.7831,-4.6966
-4.7831,-3.8343
-4.7831,-4.7873
-4.7831,-4.461
-4.7831,-4.6474
-4.7831,-4.5812
-4.7831,-5.5875
-4.7831,-4.6842
-4.7831,-5.5688
-7.3175,-6.9971
-7.3175,-6.8585
-7.3175,-6.4794
-3.7917,-3.4419
-3.7917,-2.9727
-3.7917,-4.7536
-3.7917,-3.7456
-3.7917,-4.2043
-3.7917,-3.9517
-3.7917,-3.5512
-2.8316,-3.7553
-2.8316,-3.6679
-2.8316,-2.8024
-2.8316,-2.7665
-2.8316,-3.756
-2.8316,-1.9648
-2.8316,-2.8168
-2.8316,-2.9235
-2.8316,-1.9292
-2.8316,-3.7599
-2.8316,-2.8609
-2.8316,-2.9751
-2.8316,-3.7753
-2.8316,-1.8833
-2.8316,-2.8613
-2.8316,-2.8118
-2.8316,-3.6844
-2.8316,-1.9966
4.1644,5.0945
4.1644,4.3621
4.1644,4.983
4.1644,4.43
4.1644,4.5944
4.1644,3.9953
4.1644,4.3465
4.1644,4.8345
4.1644,4.046
4.1644,4.2523
4.1644,3.8564
4.1644,3.5921
4.1644,4.5872
4.1644,4.9445
4.1644,3.3785
4.1644,4.7009
5.309,5.3163
5.309,5.2348
5.309,4.4108
5.309,5.3336
5.309,5.3758
5.309,6.1808
5.309,4.4269
5.309,6.1447
5.309,5.2965
4.9445,5.3878
4.9445,5.0945
4.9445,5.1053
4.9445,4.3621
4.9445,5.3405
4.9445,4.983
4.9445,4.43
4.9445,4.5944
4.9445,5.1652
4.9445,4.3465
4.9445,4.3271
4.9445,4.8345
4.9445,4.2523
4.9445,5.6972
4.9445,5.433
4.9445,4.5872
4.9445,4.1644
4.9445,5.5572
4.9445,5.6182
4.9445,4.7009
-5.7449,-6.1097
-5.7449,-4.9888
-5.7449,-6.2155
-5.7449,-6.042
-5.7449,-4.8546
-5.7449,-5.8256
-5.7449,-5.3375
6.1376,6.3211
6.1376,5.3163
6.1376,6.3856
6.1376,6.0539
6.1376,7.0321
6.1376,5.3758
6.1376,6.2671
6.1376,6.1808
6.1376,5.2965
5.7787,5.3878
5.7787,5.1053
5.7787,5.3405
5.7787,5.6655
5.7787,5.4069
5.7787,5.9327
5.7787,5.1769
5.7787,5.9083
5.7787,6.0532
5.7787,5.433
5.7787,5.6182
5.7787,5.0852
5.7787,6.1138
5.7787,5.048
3.5345,3.2951
3.5345,3.008
3.5345,3.881
3.5345,2.8947
3.5345,3.6013
4.4011,5.3163
4.4011,5.2348
4.4011,4.4108
4.4011,5.3336
4.4011,5.3758
4.4011,4.2985
4.4011,4.3201
4.4011,4.4269
4.4011,5.2965
4.4011,3.4917
-2.9288,-3.4419
-2.9288,-3.0649
-2.9288,-2.5288
-2.9288,-3.7359
-2.9288,-2.3859
-2.9288,-2.5895
-2.9288,-2.6732
-2.9288,-2.367
-7.6136,-6.9705
-7.6136,-6.9971
3.3785,3.1441
3.3785,4.133
3.3785,4.3621
3.3785,3.9953
3.3785,3.3063
3.3785,3.8421
3.3785,4.046
3.3785,4.2523
3.3785,3.8564
3.3785,3.5921
3.3785,4.1644
-6.4943,-5.5875
-1.0901,-1.9648
-1.0901,-1.8833
-1.0901,-1.9966
5.5572,5.3878
5.5572,5.0945
5.5572,5.1053
5.5572,5.3405
5.5572,4.983
5.5572,5.1652
5.5572,4.8698
5.5572,5.1769
5.5572,4.8779
5.5572,4.8345
5.5572,5.6972
5.5572,5.433
5.5572,4.9445
5.5572,5.6182
5.5572,4.7009
5.5572,5.048
-4.5812,-5.4794
-4.5812,-4.709
-4.5812,-4.461
-4.5812,-4.6474
-4.5812,-3.7753
-4.5812,-4.7831
-4.5812,-4.6842
-4.5812,-3.6844
-5.5875,-5.4794
-5.5875,-4.709
-5.5875,-4.6474
-5.5875,-4.7831
-5.5875,-6.4943
-5.5875,-5.5688
5.6182,5.3878
5.6182,5.1053
5.6182,5.3405
5.6182,4.983
5.6182,5.1652
5.6182,4.8698
5.6182,5.1769
5.6182,4.8779
5.6182,4.8345
5.6182,5.6972
5.6182,5.433
5.6182,4.9445
5.6182,5.7787
5.6182,5.5572
5.6182,6.1138
5.6182,5.048
5.2965,5.3163
5.2965,5.2348
5.2965,6.0539
5.2965,5.3336
5.2965,5.3758
5.2965,6.2671
5.2965,4.3201
5.2965,5.309
5.2965,6.1376
5.2965,4.4011
-8.7158,-9.095
-8.7158,-8.5799
-8.7158,-9.105
-8.7158,-8.5108
5.0852,4.8277
5.0852,5.1053
5.0852,5.6655
5.0852,5.4069
5.0852,5.9327
5.0852,4.8698
5.0852,5.5575
5.0852,5.4777
5.0852,5.1769
5.0852,4.8779
5.0852,6.0532
5.0852,5.7787
5.0852,5.048
-4.6842,-3.8814
-4.6842,-5.4794
-4.6842,-3.7553
-4.6842,-3.7929
-4.6842,-4.709
-4.6842,-4.6966
-4.6842,-3.8343
-4.6842,-4.7873
-4.6842,-3.756
-4.6842,-4.461
-4.6842,-4.6474
-4.6842,-3.7599
-4.6842,-3.7753
-4.6842,-4.7831
-4.6842,-4.5812
-4.6842,-5.5688
-5.3375,-4.9888
-5.3375,-6.2155
-5.3375,-6.042
-5.3375,-4.8546
-5.3375,-5.8256
-5.3375,-5.7449
-6.8302,-6.5649
-6.8302,-6.1097
-6.8302,-6.2155
-6.8302,-6.042
-6.8302,-6.9705
-6.8302,-6.9971
-6.8302,-6.8585
-6.8585,-6.5649
-6.8585,-6.1097
-6.8585,-6.042
-6.8585,-6.9971
-6.8585,-7.3175
-6.8585,-6.8302
-2.8118,-3.6679
-2.8118,-2.8024
-2.8118,-2.7665
-2.8118,-3.756
-2.8118,-1.9648
-2.8118,-2.8168
-2.8118,-2.9235
-2.8118,-1.9292
-2.8118,-2.8609
-2.8118,-3.7753
-2.8118,-1.8833
-2.8118,-2.8613
-2.8118,-2.8316
-2.8118,-3.6844
6.1138,5.3878
6.1138,5.3405
6.1138,5.6655
6.1138,5.4069
6.1138,5.9327
6.1138,5.6972
6.1138,6.0532
6.1138,5.433
6.1138,5.7787
6.1138,5.6182
-3.6844,-3.8814
-3.6844,-3.7553
-3.6844,-3.7929
-3.6844,-3.6679
-3.6844,-2.7665
-3.6844,-3.8343
-3.6844,-3.756
-3.6844,-4.461
-3.6844,-4.6474
-3.6844,-3.7599
-3.6844,-2.8609
-3.6844,-3.7753
-3.6844,-2.8316
-3.6844,-4.5812
-3.6844,-2.8118
-6.4794,-6.1097
-6.4794,-6.2914
-6.4794,-7.3175
-0.38681,0.53017
-0.38681,-0.54424
-0.38681,-0.81957
2.8947,2.7604
2.8947,2.4246
2.8947,3.2951
2.8947,2.4183
2.8947,3.008
2.8947,3.7556
2.8947,3.5345
4.7009,5.3878
4.7009,5.0945
4.7009,5.1053
4.7009,5.3405
4.7009,4.983
4.7009,4.43
4.7009,3.9953
4.7009,5.1652
4.7009,4.8698
4.7009,4.3465
4.7009,5.1769
4.7009,4.3271
4.7009,4.8779
4.7009,4.8345
4.7009,4.046
4.7009,4.2523
4.7009,3.8564
4.7009,5.433
4.7009,4.5872
4.7009,4.1644
4.7009,4.9445
4.7009,5.5572
4.7009,5.048
-1.4901,-1.8125
-1.4901,-1.5549
-1.4901,-1.5228
-1.4901,-2.2149
-1.4901,-0.54424
-1.4901,-1.0766
-1.4901,-1.1119
-1.4901,-0.81957
3.4917,3.4837
3.4917,4.2985
3.4917,4.3201
3.4917,4.4011
-1.9966,-2.0069
-1.9966,-2.8024
-1.9966,-2.7665
-1.9966,-1.9648
-1.9966,-2.8168
-1.9966,-2.9235
-1.9966,-1.9292
-1.9966,-2.9751
-1.9966,-1.8833
-1.9966,-2.8613
-1.9966,-2.8316
-1.9966,-1.0901
-5.5688,-5.4794
-5.5688,-4.709
-5.5688,-4.6966
-5.5688,-4.7873
-5.5688,-4.6474
-5.5688,-6.2534
-5.5688,-4.7831
-5.5688,-5.5875
-5.5688,-4.6842
-4.3031,-4.7336
-4.3031,-4.0789
-4.3031,-4.0432
-4.3031,-3.7456
-4.3031,-3.8389
-4.3031,-4.2043
-4.3031,-4.4997
-4.3031,-4.8546
-4.3031,-3.4624
3.6013,3.2951
3.6013,3.5345
-2.367,-2.7036
-2.367,-1.7466
-2.367,-3.0649
-2.367,-2.9727
-2.367,-1.9054
-2.367,-2.5288
-2.367,-2.6732
-2.367,-2.9288
5.048,5.3878
5.048,5.1053
5.048,5.3405
5.048,5.6655
5.048,4.43
5.048,5.4069
5.048,4.8698
5.048,5.1769
5.048,4.3271
5.048,4.8779
5.048,5.6972
5.048,5.433
5.048,4.5872
5.048,5.7787
5.048,5.5572
5.048,5.6182
5.048,5.0852
5.048,4.7009
