4.5005,4.9281
4.5005,4.9865
-1.3212,-2.1391
-1.3212,-1.1903
-1.3212,-2.1368
-1.3212,-0.75893
-1.3212,-1.8967
-5.7876,-5.4477
-5.7876,-6.5485
-5.7876,-5.6567
-5.7876,-5.2979
-5.7876,-5.9355
-2.1391,-1.3212
-2.1391,-2.3653
-2.1391,-1.8967
-2.1391,-2.9609
0.0018137,1.0005
0.0018137,0.33859
0.0018137,-0.80073
4.7275,4.267
4.7275,3.8556
4.7275,4.7838
4.7275,4.8948
4.7275,5.143
4.7275,3.8774
4.7275,4.2009
4.7275,3.9602
4.7275,4.5236
4.7275,5.1103
4.267,4.7275
4.267,4.7838
4.267,4.8948
4.267,3.6197
4.267,3.8774
4.267,4.1145
4.267,3.9602
4.267,4.5236
4.267,3.6641
-4.883,-5.4477
-4.883,-5.755
-4.883,-4.6757
-4.883,-4.632
6.8698,5.8866
6.8698,6.256
6.8698,6.2094
6.8698,7.3458
6.8698,6.6387
6.8698,6.0268
3.8556,4.7275
3.8556,3.8474
3.8556,3.1905
3.8556,3.1934
3.8556,3.8774
3.8556,4.2009
3.8556,3.9602
3.8556,4.5236
3.8556,4.4754
5.8866,6.8698
5.8866,6.256
5.8866,5.6255
5.8866,5.3716
5.8866,5.0304
5.8866,4.9833
5.8866,6.2094
5.8866,5.1331
5.8866,6.6387
5.8866,6.0268
-6.8816,-6.5485
-6.8816,-5.9355
-2.3653,-2.1391
-2.3653,-1.6868
-2.3653,-1.8967
-2.3653,-2.9313
-2.3653,-2.9609
-0.089136,0.90744
-0.089136,0.50337
-1.5852,-1.0427
-1.5852,-2.0209
-1.5852,-0.89787
-1.5852,-2.3408
5.664,5.9269
5.664,6.256
5.664,5.3716
5.664,5.0304
5.664,5.126
5.664,5.1331
5.664,6.0268
4.7838,4.7275
4.7838,4.267
4.7838,4.8948
4.7838,4.1145
4.7838,3.9602
4.7838,5.3595
4.7838,5.1103
2.4205,1.4534
2.4205,1.9147
4.8948,4.7275
4.8948,4.267
4.8948,4.7838
4.8948,5.143
4.8948,4.2009
4.8948,3.9602
4.8948,5.3595
4.8948,4.5236
4.8948,5.1103
-2.2337,-2.1931
-2.2337,-3.0226
-2.2337,-2.0209
-2.2337,-2.2851
-2.2337,-2.77
-2.2337,-2.5708
-2.2337,-1.4206
-2.2337,-1.7033
-2.2337,-1.8967
-6.7663,-6.5485
-6.7663,-6.1056
-6.7663,-6.6929
-4.5739,-4.8206
-4.5739,-5.2979
-4.5739,-4.632
-5.6294,-6.0587
-5.6294,-4.8356
-5.6294,-5.1581
-5.6294,-5.7399
-5.6294,-5.1176
-5.6294,-5.6278
-6.0587,-5.6294
-6.0587,-6.2757
-6.0587,-5.1581
-6.0587,-5.7399
-6.0587,-5.1176
-6.0587,-6.8431
-6.0587,-6.584
-6.0587,-6.8964
-6.0587,-5.6278
2.9582,2.3103
2.9582,3.637
2.9582,3.3241
2.9582,2.5059
-1.0427,-1.5852
-1.0427,-1.0337
-1.0427,-1.5537
-1.1903,-1.3212
-1.1903,-1.3536
-1.1903,-0.30629
-1.1903,-0.75893
-1.1903,-1.6868
-1.1903,-1.8967
-1.1903,-0.5451
2.3103,2.9582
2.3103,1.9716
2.3103,1.4782
2.3103,2.5059
-7.8181,-7.9974
-7.8181,-8.6073
-7.8181,-7.0609
5.143,4.7275
5.143,4.8948
5.143,4.5236
5.143,4.4754
5.143,5.1103
5.143,5.1402
-4.4624,-5.0465
-4.4624,-4.3231
4.6204,4.3918
4.6204,5.3716
4.6204,4.0525
4.6204,5.126
4.6204,5.1331
2.1733,2.9834
2.1733,1.9147
2.1733,1.2811
-2.0209,-1.5852
-2.0209,-2.9143
-2.0209,-2.467
-2.0209,-1.9769
-2.0209,-2.3408
-2.0209,-1.5537
8.5353,9.2169
8.5353,7.6606
8.5353,8.256
6.4528,5.6272
6.4528,6.2117
6.4528,6.0848
6.4528,5.7376
3.637,2.9582
3.637,3.0028
3.637,4.0799
1.9716,2.3103
1.9716,1.0005
1.9716,1.6175
1.9716,2.5674
-6.2757,-6.0587
-6.2757,-6.8431
-6.2757,-5.6278
3.8474,3.8556
3.8474,3.1934
3.8474,4.2009
3.8474,4.6607
3.8474,4.4754
-2.1931,-2.2337
-2.1931,-3.0226
-2.1931,-2.8228
-2.1931,-2.0209
-2.1931,-2.5708
-2.1931,-1.4206
-2.1931,-1.6796
-2.1931,-1.8967
8.6197,9.4126
8.6197,8.9936
5.9269,5.664
5.9269,6.256
5.9269,5.3716
5.9269,6.7003
5.9269,5.126
1.4534,2.4205
1.4534,1.9147
1.4534,0.90744
1.4534,0.50337
6.256,6.8698
6.256,5.8866
6.256,5.664
6.256,5.9269
6.256,5.3716
6.256,6.7003
6.256,6.6387
6.256,6.0268
-6.1718,-6.6356
-6.1718,-5.7657
-6.1718,-6.5657
-5.4477,-5.7876
-5.4477,-4.883
-5.4477,-5.2979
-5.4477,-5.9355
-5.4477,-4.632
-3.1374,-2.9609
-1.2782,-1.0337
-1.2782,-2.0209
-1.2782,-1.0262
-1.2782,-1.6796
-1.2782,-1.8967
4.9281,4.5005
4.9281,5.769
4.9281,5.6272
4.9281,5.1992
4.9281,5.4214
4.9281,4.9865
4.9281,5.7376
-3.6393,-3.8429
-3.6393,-2.9313
-3.6393,-4.632
5.5787,6.0097
5.5787,5.769
5.5787,5.1992
5.5787,6.4766
-7.1935,-7.2087
-7.1935,-6.5657
-7.1935,-7.7657
-2.9143,-2.0209
-2.9143,-2.467
-2.9143,-1.9769
-2.9143,-2.3408
-2.467,-2.0209
-2.467,-2.9143
-2.467,-2.8228
-2.467,-2.0209
-2.467,-1.6796
-2.467,-1.9769
2.9834,2.1733
-5.755,-4.883
-5.755,-5.9355
3.1905,3.8556
3.1905,3.022
3.1905,3.1934
3.1905,3.8774
3.022,3.1905
3.022,3.8774
3.022,2.9851
3.022,3.9602
3.022,3.6641
5.6255,5.8866
5.6255,5.0304
5.6255,4.9833
5.6255,6.2094
5.6255,6.0268
0.057203,-0.30629
0.057203,-0.8326
0.057203,-0.5451
4.2271,4.5995
4.2271,4.4744
4.2271,5.1992
4.2271,3.2912
4.2271,4.9865
4.2271,3.5821
-6.5485,-5.7876
-6.5485,-6.8816
-6.5485,-6.7663
-6.5485,-5.6567
1.4782,2.3103
1.4782,1.0005
9.2169,8.5353
9.2169,8.256
4.5995,4.2271
4.5995,4.4744
-2.1368,-1.3212
-2.1368,-1.8967
-5.1517,-5.7657
-6.6356,-6.1718
-6.6356,-7.2087
6.0097,5.5787
6.0097,5.769
6.0097,6.0848
6.0097,5.1992
6.0097,6.8523
6.0097,6.4766
6.0097,5.7376
-6.0848,-6.0364
-6.0848,-5.2502
-1.3536,-1.1903
-1.3536,-0.75893
-1.3536,-1.6868
-1.3536,-0.5451
-7.2622,-7.9974
-7.2622,-7.0609
-7.2622,-6.4891
0.57694,-0.30629
5.769,4.9281
5.769,5.5787
5.769,6.0097
5.769,5.6272
5.769,6.0848
5.769,5.1992
5.769,4.9865
5.769,5.7376
4.3918,4.6204
4.3918,5.3716
4.3918,5.0304
4.3918,5.1331
4.3918,3.9428
5.3716,5.8866
5.3716,5.664
5.3716,4.6204
5.3716,5.9269
5.3716,6.256
5.3716,4.3918
5.3716,5.0304
5.3716,5.126
5.3716,5.1331
5.3716,6.0268
3.3241,2.9582
3.3241,2.5674
3.3241,4.0799
3.3241,3.5821
3.1934,3.8556
3.1934,3.8474
3.1934,3.1905
6.7003,5.9269
6.7003,6.256
6.7003,7.3458
6.7003,6.0268
-4.562,-5.3774
-4.562,-5.1581
-4.562,-4.312
-4.562,-5.1176
-4.562,-4.3231
1.0005,0.0018137
1.0005,1.9716
1.0005,1.4782
-0.30629,-1.1903
-0.30629,0.057203
-0.30629,0.57694
-0.30629,-0.75893
-0.30629,-0.25348
-0.30629,-0.5451
5.6272,6.4528
5.6272,4.9281
5.6272,5.769
5.6272,5.2462
5.6272,6.2117
5.6272,6.0848
5.6272,5.4214
5.6272,5.7376
-1.6896,-0.80073
-1.6896,-1.3251
-1.6896,-0.89787
-5.3774,-4.562
-5.3774,-5.0465
-5.3774,-5.1581
-5.3774,-6.0364
-5.3774,-5.6278
-3.0226,-2.2337
-3.0226,-2.1931
-3.0226,-2.8228
-3.0226,-2.77
-3.0226,-2.5708
5.0304,5.8866
5.0304,5.664
5.0304,5.6255
5.0304,4.3918
5.0304,5.3716
5.0304,4.9833
5.0304,5.1331
5.0304,6.0268
-5.0465,-4.4624
-5.0465,-5.3774
-5.0465,-6.0364
-4.8356,-5.6294
-4.8356,-5.7399
-4.8356,-3.9929
-4.8356,-5.1176
-2.8228,-2.1931
-2.8228,-2.467
-2.8228,-3.0226
-2.8228,-2.0209
-2.8228,-2.5708
3.6197,4.267
3.6197,2.9851
3.6197,4.1145
3.6197,3.6641
1.9147,2.4205
1.9147,2.1733
1.9147,1.4534
1.9147,1.2811
3.8774,4.7275
3.8774,4.267
3.8774,3.8556
3.8774,3.1905
3.8774,3.022
3.8774,4.2009
3.8774,3.9602
3.8774,4.5236
3.8774,3.6641
-1.0337,-1.0427
-1.0337,-1.2782
-1.0337,-1.6796
-1.0337,-1.9769
-1.0337,-1.5537
4.2009,4.7275
4.2009,3.8556
4.2009,4.8948
4.2009,3.8474
4.2009,3.8774
4.2009,4.5236
4.2009,4.4754
4.2009,5.1402
1.6175,1.9716
1.6175,2.5674
4.9833,5.8866
4.9833,5.6255
4.9833,5.0304
4.9833,5.1331
-5.1581,-5.6294
-5.1581,-6.0587
-5.1581,-4.562
-5.1581,-5.3774
-5.1581,-4.312
-5.1581,-5.1176
-5.1581,-5.6278
0.33859,0.0018137
-7.9974,-7.8181
-7.9974,-7.2622
-7.9974,-7.0609
-6.7958,-7.0609
6.2094,6.8698
6.2094,5.8866
6.2094,5.6255
6.2094,6.6387
7.3458,6.8698
7.3458,6.7003
7.3458,6.6387
-2.0209,-2.2337
-2.0209,-2.1931
-2.0209,-1.2782
-2.0209,-2.467
-2.0209,-2.8228
-2.0209,-1.6796
-2.0209,-1.9769
-2.0209,-1.8967
-2.2851,-2.2337
-2.2851,-2.77
-2.2851,-2.5708
-2.2851,-1.7033
5.2462,5.6272
5.2462,5.4214
-6.0364,-6.0848
-6.0364,-5.3774
-6.0364,-5.0465
6.2117,6.4528
6.2117,5.6272
6.2117,5.4214
-2.77,-2.2337
-2.77,-3.0226
-2.77,-2.2851
-2.77,-2.5708
-4.6757,-4.883
-4.6757,-3.8429
-4.6757,-4.632
-5.7399,-5.6294
-5.7399,-6.0587
-5.7399,-4.8356
-5.7399,-5.7657
-5.7399,-5.1176
-5.7399,-6.584
-0.80073,0.0018137
-0.80073,-1.6896
-0.80073,-1.3251
-0.80073,-0.89787
4.4744,4.2271
4.4744,4.5995
4.4744,5.1992
4.4744,4.9865
3.0028,3.637
3.0028,2.5059
-7.2087,-7.1935
-7.2087,-6.6356
-7.2087,-6.5657
6.0848,6.4528
6.0848,6.0097
6.0848,5.769
6.0848,5.6272
6.0848,5.4214
6.0848,6.8523
6.0848,5.7376
-2.5708,-2.2337
-2.5708,-2.1931
-2.5708,-3.0226
-2.5708,-2.8228
-2.5708,-2.2851
-2.5708,-2.77
-2.5708,-1.8967
-6.1056,-6.7663
-6.1056,-5.6567
-6.1056,-5.4928
-6.1056,-6.6929
2.5059,2.9582
2.5059,2.3103
2.5059,3.0028
2.9851,3.022
2.9851,3.6197
2.9851,3.6641
-1.4206,-2.2337
-1.4206,-2.1931
-1.4206,-1.0262
-1.4206,-1.7033
-1.4206,-1.8967
-3.9929,-4.8356
-3.9929,-3.2543
-3.9929,-4.312
-1.0262,-1.2782
-1.0262,-1.4206
-1.0262,-1.6796
-1.0262,-1.8967
-8.6073,-7.8181
-8.6073,-9.0384
4.1145,4.267
4.1145,4.7838
4.1145,3.6197
4.1145,3.6641
7.6606,8.5353
7.6606,8.256
-1.6796,-2.1931
-1.6796,-1.2782
-1.6796,-2.467
-1.6796,-1.0337
-1.6796,-2.0209
-1.6796,-1.0262
-1.6796,-1.9769
-1.6796,-1.5537
-1.6796,-1.8967
5.1992,4.9281
5.1992,5.5787
5.1992,4.2271
5.1992,6.0097
5.1992,5.769
5.1992,4.4744
5.1992,4.9865
5.1992,5.7376
-0.75893,-1.3212
-0.75893,-1.1903
-0.75893,-1.3536
-0.75893,-0.30629
-0.75893,-0.25348
-1.9769,-2.0209
-1.9769,-2.9143
-1.9769,-2.467
-1.9769,-1.0337
-1.9769,-2.0209
-1.9769,-1.6796
-1.9769,-2.3408
-1.9769,-1.5537
-5.7657,-6.1718
-5.7657,-5.1517
-5.7657,-5.7399
-5.7657,-6.5657
9.4126,8.6197
9.4126,8.9936
-1.7033,-2.2337
-1.7033,-2.2851
-1.7033,-1.4206
-1.7033,-1.8967
4.0525,4.6204
4.6607,3.8474
4.6607,4.4754
4.6607,5.1402
-3.2543,-3.9929
-4.312,-4.562
-4.312,-5.1581
-4.312,-3.9929
-4.312,-5.1176
-4.312,-4.3231
2.5674,1.9716
2.5674,3.3241
2.5674,1.6175
-7.0609,-7.8181
-7.0609,-7.2622
-7.0609,-7.9974
-7.0609,-6.7958
-7.0609,-6.4891
-6.5657,-6.1718
-6.5657,-7.1935
-6.5657,-7.2087
-6.5657,-5.7657
-6.5657,-6.584
5.4214,4.9281
5.4214,5.6272
5.4214,5.2462
5.4214,6.2117
5.4214,6.0848
5.4214,5.7376
3.9602,4.7275
3.9602,4.267
3.9602,3.8556
3.9602,4.7838
3.9602,4.8948
3.9602,3.022
3.9602,3.8774
3.9602,4.5236
3.9602,3.6641
-1.6868,-2.3653
-1.6868,-1.1903
-1.6868,-1.3536
-1.8967,-1.3212
-1.8967,-2.1391
-1.8967,-2.3653
-1.8967,-1.1903
-1.8967,-2.1368
4.0799,3.637
4.0799,3.3241
5.3595,4.7838
5.3595,4.8948
5.3595,5.1103
-1.3251,-1.6896
-1.3251,-0.80073
-9.0384,-8.6073
-5.6567,-5.7876
-5.6567,-6.5485
-5.6567,-6.1056
-5.6567,-5.4928
-5.6567,-4.8206
-5.6567,-5.2979
-5.4928,-6.1056
-5.4928,-5.6567
-5.4928,-4.8206
-5.4928,-5.2502
-0.25348,-0.30629
-0.25348,-0.75893
-7.7657,-7.1935
-0.89787,-1.5852
-0.89787,-1.6896
-0.89787,-0.80073
-4.8206,-4.5739
-4.8206,-5.6567
-4.8206,-5.4928
-4.8206,-5.2979
4.5236,4.7275
4.5236,4.267
4.5236,3.8556
4.5236,4.8948
4.5236,5.143
4.5236,3.8774
4.5236,4.2009
4.5236,3.9602
4.5236,4.4754
4.5236,5.1103
5.126,5.664
5.126,4.6204
5.126,5.9269
5.126,5.3716
4.4754,3.8556
4.4754,5.143
4.4754,3.8474
4.4754,4.2009
4.4754,4.6607
4.4754,4.5236
4.4754,5.1402
-5.1176,-5.6294
-5.1176,-6.0587
-5.1176,-4.562
-5.1176,-4.8356
-5.1176,-5.1581
-5.1176,-5.7399
-5.1176,-4.312
-5.1176,-5.6278
5.1331,5.8866
5.1331,5.664
5.1331,4.6204
5.1331,4.3918
5.1331,5.3716
5.1331,5.0304
5.1331,4.9833
5.1331,6.0268
6.8523,6.0097
6.8523,6.0848
6.8523,6.4766
3.2912,4.2271
3.2912,3.5821
6.6387,6.8698
6.6387,5.8866
6.6387,6.256
6.6387,6.2094
6.6387,7.3458
6.6387,6.0268
-2.3408,-1.5852
-2.3408,-2.0209
-2.3408,-2.9143
-2.3408,-1.9769
-6.8431,-6.0587
-6.8431,-6.2757
-6.8431,-6.8964
3.6641,4.267
3.6641,3.022
3.6641,3.6197
3.6641,3.8774
3.6641,2.9851
3.6641,4.1145
3.6641,3.9602
-6.6929,-6.7663
-6.6929,-6.1056
-0.8326,0.057203
-0.8326,-0.5451
6.4766,5.5787
6.4766,6.0097
6.4766,6.8523
-3.8429,-3.6393
-3.8429,-4.6757
-3.8429,-2.9609
-5.2979,-5.7876
-5.2979,-4.5739
-5.2979,-5.4477
-5.2979,-5.6567
-5.2979,-4.8206
5.1103,4.7275
5.1103,4.7838
5.1103,4.8948
5.1103,5.143
5.1103,5.3595
5.1103,4.5236
6.0268,6.8698
6.0268,5.8866
6.0268,5.664
6.0268,6.256
6.0268,5.6255
6.0268,5.3716
6.0268,6.7003
6.0268,5.0304
6.0268,5.1331
6.0268,6.6387
-6.4891,-7.2622
-6.4891,-7.0609
4.9865,4.5005
4.9865,4.9281
4.9865,4.2271
4.9865,5.769
4.9865,4.4744
4.9865,5.1992
4.9865,5.7376
-5.9355,-5.7876
-5.9355,-6.8816
-5.9355,-5.4477
-5.9355,-5.755
-4.3231,-4.4624
-4.3231,-4.562
-4.3231,-4.312
-6.584,-6.0587
-6.584,-5.7399
-6.584,-6.5657
-6.584,-6.8964
-6.8964,-6.0587
-6.8964,-6.8431
-6.8964,-6.584
-2.9313,-2.3653
-2.9313,-3.6393
-2.9313,-2.9609
8.256,8.5353
8.256,9.2169
8.256,7.6606
-2.9609,-2.1391
-2.9609,-2.3653
-2.9609,-3.1374
-2.9609,-3.8429
-2.9609,-2.9313
-5.6278,-5.6294
-5.6278,-6.0587
-5.6278,-6.2757
-5.6278,-5.3774
-5.6278,-5.1581
-5.6278,-5.1176
0.90744,-0.089136
0.90744,1.4534
0.90744,1.2811
0.90744,0.50337
5.1402,5.143
5.1402,4.2009
5.1402,4.6607
5.1402,4.4754
-1.5537,-1.0427
-1.5537,-2.0209
-1.5537,-1.0337
-1.5537,-1.6796
-1.5537,-1.9769
3.9428,4.3918
-0.5451,-1.1903
-0.5451,0.057203
-0.5451,-1.3536
-0.5451,-0.30629
-0.5451,-0.8326
-4.632,-4.883
-4.632,-4.5739
-4.632,-5.4477
-4.632,-3.6393
-4.632,-4.6757
-5.2502,-6.0848
-5.2502,-5.4928
3.5821,4.2271
3.5821,3.3241
3.5821,3.2912
8.9936,8.6197
8.9936,9.4126
1.2811,2.1733
1.2811,1.9147
1.2811,0.90744
-1.8967,-2.2337
-1.8967,-2.1931
-1.8967,-1.2782
-1.8967,-2.0209
-1.8967,-2.5708
-1.8967,-1.4206
-1.8967,-1.0262
-1.8967,-1.6796
-1.8967,-1.7033
5.7376,6.4528
5.7376,4.9281
5.7376,6.0097
5.7376,5.769
5.7376,5.6272
5.7376,6.0848
5.7376,5.1992
5.7376,5.4214
5.7376,4.9865
0.50337,-0.089136
0.50337,1.4534
0.50337,0.90744
