-1.4822,-0.93245
-1.4822,-1.5753
-1.4822,-2.3614
-6.5167,-5.8441
-6.5167,-5.8889
-6.5167,-6.4102
-6.5167,-5.6221
-6.5167,-6.9868
-6.5167,-6.2326
-5.4143,-5.1829
-5.4143,-5.9258
-5.4143,-4.5324
-5.4143,-5.99
-5.4143,-5.5167
-5.4143,-4.7601
-5.4143,-5.3816
-5.8441,-6.5167
-5.8441,-5.7659
-5.8441,-5.8889
-5.8441,-6.2309
-5.8441,-6.4102
-5.8441,-5.6221
-5.8441,-5.2813
1.2792,1.7346
1.2792,2.1753
1.2792,1.0964
1.2792,0.57191
-5.3725,-6.2338
-5.3725,-4.8479
-5.3725,-5.1373
-5.3725,-4.4182
-5.3725,-5.4986
-5.3725,-5.9659
-5.3725,-5.1807
-6.1671,-6.2338
-6.1671,-6.8517
-6.1671,-5.9531
-6.1671,-5.4986
-6.1671,-5.2783
-5.1829,-5.4143
-5.1829,-5.9258
-5.1829,-4.5324
-5.1829,-5.6713
-5.1829,-5.5167
-5.1829,-4.795
-5.1829,-4.4581
-5.1829,-5.988
5.7195,5.9156
5.7195,5.0338
5.7195,5.4464
5.7195,6.4617
-4.3912,-5.1373
-4.3912,-4.1523
-4.3912,-4.7212
-4.3912,-4.1838
-4.3912,-4.4182
-4.3912,-3.4224
-4.3912,-4.3548
-4.3912,-5.1807
5.9156,5.7195
5.9156,5.2517
5.9156,5.4464
5.9156,5.5732
5.9156,6.4057
5.9156,6.4617
-5.9258,-5.4143
-5.9258,-5.1829
-5.9258,-5.99
-5.9258,-5.5167
-5.9258,-6.4494
-5.9258,-5.3816
-5.3,-5.7659
-5.3,-5.6713
-5.3,-4.795
-5.3,-5.0678
-5.3,-5.9742
7.1532,7.7994
7.1532,6.7435
7.1532,6.7701
3.3209,3.7237
3.3209,2.5613
3.3209,4.1386
3.9732,4.6652
3.9732,4.3582
3.9732,4.9305
-6.2338,-5.3725
-6.2338,-6.1671
-6.2338,-5.9531
-6.2338,-5.4986
-6.2338,-5.9659
-4.8479,-5.3725
-4.8479,-4.3045
-4.8479,-4.4182
-4.8479,-5.1807
6.4946,5.8895
6.4946,6.8715
6.4946,7.0433
6.4946,6.0649
6.4946,6.767
6.4946,6.0308
-4.5324,-5.4143
-4.5324,-5.1829
-4.5324,-4.7601
-4.5324,-4.4581
-4.5324,-4.2698
-4.5324,-5.3816
-5.7659,-5.8441
-5.7659,-5.3
-5.7659,-6.2309
-5.7659,-5.0678
-5.7659,-5.9742
0.28612,0.68697
0.28612,0.33429
0.28612,1.029
0.28612,-0.093739
0.28612,0.010741
0.28612,-0.50077
0.68697,0.28612
0.68697,1.029
0.68697,1.0474
0.68697,1.4069
0.68697,0.010741
2.4944,2.4079
3.7237,3.3209
3.7237,4.6121
3.7237,4.1386
-5.8889,-6.5167
-5.8889,-5.8441
-5.8889,-5.5859
-5.8889,-6.4102
-5.8889,-5.6221
-5.8889,-6.2326
-5.8889,-4.9296
-5.8889,-5.2813
7.6662,7.5378
7.6662,7.8194
7.6662,6.944
-5.1373,-5.3725
-5.1373,-4.3912
-5.1373,-4.1523
-5.1373,-4.7212
-5.1373,-4.4182
-5.1373,-5.1586
-5.1373,-5.4986
-5.1373,-5.2783
-5.1373,-4.3548
-5.1373,-5.1807
-0.63031,-1.2043
-0.63031,-0.56046
-0.63031,-0.25555
-0.63031,0.15016
4.6757,5.2601
4.6757,4.3582
6.3668,7.0819
6.3668,6.2276
6.3668,6.8242
6.3668,5.9839
4.6121,3.7237
4.6121,4.881
4.6121,4.1386
4.6121,5.0749
-2.1454,-2.0249
-2.1454,-2.6419
-1.5339,-0.82139
-1.5339,-2.0249
-1.5339,-1.4828
-1.5339,-1.0878
2.4079,2.4944
2.4079,2.1015
2.4079,3.2007
2.4079,1.5543
-4.2585,-4.0658
1.7346,1.2792
1.7346,2.1753
1.7346,2.1015
1.7346,1.0965
0.20999,-0.13407
0.20999,0.23265
0.20999,-0.25555
0.20999,0.6226
-4.1523,-4.3912
-4.1523,-5.1373
-4.1523,-4.4182
-4.1523,-3.4224
-4.1523,-3.452
-4.1523,-4.3548
5.6132,4.881
5.6132,5.8895
5.6132,5.9783
5.6132,5.2726
5.6132,5.0749
5.6132,6.0308
-6.9996,-6.9943
-6.9996,-7.9067
5.0338,5.7195
5.0338,4.6652
5.0338,5.4464
7.0819,6.3668
7.0819,6.2276
7.0819,6.8242
4.6652,3.9732
4.6652,5.0338
4.6652,5.4464
4.6652,4.9305
2.3504,1.8073
2.3504,2.1569
2.3504,1.4069
-5.99,-5.4143
-5.99,-5.9258
-5.99,-5.3816
-5.99,-6.4845
-5.99,-5.26
-6.5974,-5.988
-6.5974,-6.402
-6.5974,-5.9742
5.5584,5.9783
5.5584,6.1231
5.5584,5.0749
5.5584,5.9839
-0.93245,-1.4822
-0.93245,-1.5753
-0.93245,-0.16102
-0.93245,-1.2037
-0.93245,-0.26619
-0.93245,-0.58834
-5.6713,-5.1829
-5.6713,-5.3
-5.6713,-5.5167
-5.6713,-4.795
-5.6713,-5.988
-5.6713,-6.402
-5.6713,-5.9742
0.23412,-0.26619
0.23412,-0.31833
1.8073,2.3504
1.8073,1.0474
1.8073,1.4069
5.0206,4.881
5.0206,5.483
5.0206,5.2726
5.0206,4.2897
4.881,4.6121
4.881,5.6132
4.881,5.0206
4.881,5.2726
4.881,4.2897
4.881,4.1386
4.881,5.0749
6.2276,6.3668
6.2276,7.0819
-5.5167,-5.4143
-5.5167,-5.1829
-5.5167,-5.9258
-5.5167,-5.6713
-5.5167,-6.4494
-5.5167,-5.988
-5.5167,-5.3816
-5.5167,-6.402
-4.3045,-4.8479
-4.3045,-4.4182
-4.3045,-3.452
-4.7212,-4.3912
-4.7212,-5.1373
-4.7212,-4.1838
-4.7212,-5.1586
-4.7212,-5.0784
-4.7212,-5.2783
-4.7212,-4.3548
6.9953,6.4057
6.9953,6.4617
-5.5859,-5.8889
-5.5859,-5.6221
-5.5859,-6.2326
0.46074,0.82925
0.46074,-0.16102
0.46074,-0.26619
-5.5913,-5.26
2.1753,1.2792
2.1753,1.7346
2.1753,2.7555
-3.0743,-4.0658
1.1059,0.23265
0.82925,0.46074
0.82925,0.48337
-6.9949,-6.2309
-6.9949,-6.4102
-6.9949,-6.9868
1.1576,0.7953
1.1576,1.3859
1.1576,0.6226
6.5001,5.8766
6.5001,5.8022
6.5001,6.944
6.5001,6.6987
6.5001,6.6584
-0.82139,-1.5339
-0.82139,-1.5753
-0.82139,-1.2037
-0.82139,-0.26619
-0.82139,-1.4828
-0.82139,-0.58834
-0.82139,-0.31833
-1.3453,-0.56046
-1.3453,-0.58063
-6.2309,-5.8441
-6.2309,-5.7659
-6.2309,-6.9949
-6.2309,-6.4102
-6.2309,-5.9742
5.8766,6.5001
5.8766,5.8022
5.8766,6.6584
-1.5753,-1.4822
-1.5753,-0.93245
-1.5753,-0.82139
-1.5753,-2.0102
-1.5753,-1.2037
-1.5753,-1.4828
5.2601,4.6757
5.2601,5.2517
5.2601,5.5732
5.2601,6.0017
5.2601,5.8253
5.2517,5.9156
5.2517,5.2601
5.2517,5.4464
5.2517,5.5732
5.2517,6.0017
5.2517,4.3582
5.2517,4.9305
2.1015,2.4079
2.1015,1.7346
2.1015,2.7555
2.1015,1.5543
-4.1838,-4.3912
-4.1838,-4.7212
-4.1838,-5.1586
-4.1838,-4.3548
5.4464,5.7195
5.4464,5.9156
5.4464,5.0338
5.4464,4.6652
5.4464,5.2517
5.4464,4.9305
0.45465,0.24958
-0.13407,0.20999
-0.13407,0.23265
-0.13407,-0.80769
-0.13407,-0.25555
-0.13407,-0.65747
2.766,2.5613
-6.4102,-6.5167
-6.4102,-5.8441
-6.4102,-5.8889
-6.4102,-6.9949
-6.4102,-6.2309
-6.4102,-6.9868
-2.0102,-1.5753
-2.0102,-2.6094
-2.0102,-2.0249
-2.0102,-1.2037
-2.0102,-1.4828
-2.0102,-2.3614
1.5871,0.58867
-1.2043,-0.63031
-1.2043,-0.56046
5.8895,6.4946
5.8895,5.6132
5.8895,5.9783
5.8895,5.2726
5.8895,6.0649
5.8895,6.767
5.8895,5.0749
5.8895,6.0308
5.5732,5.9156
5.5732,5.2601
5.5732,5.2517
5.5732,6.0017
5.5732,6.4057
5.5732,4.9305
-1.4573,-0.80769
-1.4573,-0.65747
0.23265,0.20999
0.23265,1.1059
0.23265,-0.13407
0.23265,0.58867
0.23265,-0.65747
5.483,5.0206
5.483,5.2726
5.483,6.0649
-6.8517,-6.1671
-6.8517,-5.9531
6.8242,6.3668
6.8242,7.0819
6.8242,6.7701
6.8242,7.6222
-5.9531,-6.1671
-5.9531,-6.2338
-5.9531,-6.8517
-5.9531,-5.1586
-5.9531,-5.4986
-5.9531,-5.2783
-5.9531,-5.8575
5.9783,5.6132
5.9783,5.5584
5.9783,5.8895
5.9783,6.7435
5.9783,6.1231
5.9783,6.767
5.9783,5.0749
5.9783,6.0308
-4.4182,-5.3725
-4.4182,-4.3912
-4.4182,-4.8479
-4.4182,-5.1373
-4.4182,-4.1523
-4.4182,-4.3045
-4.4182,-4.3548
-4.4182,-5.1807
1.0964,1.2792
1.0964,1.3788
1.0964,0.24958
6.0017,5.2601
6.0017,5.2517
6.0017,5.5732
6.0017,6.4057
-0.56046,-0.63031
-0.56046,-1.3453
-0.56046,-1.2043
-0.56046,-0.58063
-0.56046,0.33429
-0.56046,-0.093739
-0.56046,0.15016
0.57191,1.2792
0.57191,1.0965
5.8022,6.5001
5.8022,5.8766
7.5378,7.6662
7.5378,6.944
7.5378,6.6584
6.4057,5.9156
6.4057,6.9953
6.4057,5.5732
6.4057,6.0017
6.4057,7.3243
6.4617,5.7195
6.4617,5.9156
6.4617,6.9953
6.4617,7.1811
5.2726,5.6132
5.2726,5.0206
5.2726,4.881
5.2726,5.8895
5.2726,5.483
5.2726,6.0649
5.2726,5.0749
5.2726,6.0308
6.8715,6.4946
6.8715,6.0649
-2.6094,-2.0102
-2.6094,-2.0249
-2.6094,-2.6419
-0.58063,-1.3453
-0.58063,-0.56046
-0.58063,0.33429
-0.58063,-0.093739
-0.58063,-0.50077
-2.0249,-2.1454
-2.0249,-1.5339
-2.0249,-2.0102
-2.0249,-2.6094
-2.0249,-1.4828
-2.0249,-2.6419
7.0433,6.4946
7.0433,6.7435
7.0433,6.767
-6.4494,-5.9258
-6.4494,-5.5167
-6.4494,-5.988
-6.4494,-6.402
0.33429,0.28612
0.33429,-0.56046
0.33429,-0.58063
0.33429,1.029
0.33429,0.7953
0.33429,-0.093739
0.33429,0.15016
1.3788,1.0964
-0.16102,-0.93245
-0.16102,0.46074
-0.16102,-0.58834
3.2007,2.4079
3.2007,2.7555
1.029,0.28612
1.029,0.68697
1.029,0.33429
1.029,0.7953
1.029,1.3859
1.029,1.4069
-1.2037,-0.93245
-1.2037,-0.82139
-1.2037,-1.5753
-1.2037,-2.0102
-1.2037,-0.26619
-1.2037,-1.4828
-1.2037,-0.58834
6.0649,6.4946
6.0649,5.8895
6.0649,5.483
6.0649,5.2726
6.0649,6.8715
6.0649,6.0308
-4.7601,-5.4143
-4.7601,-4.5324
-4.7601,-4.2698
-4.7601,-5.3816
-4.7601,-5.26
2.7555,2.1753
2.7555,2.1015
2.7555,3.2007
-5.1586,-5.1373
-5.1586,-4.7212
-5.1586,-4.1838
-5.1586,-5.9531
-5.1586,-5.4986
-5.1586,-5.0784
-5.1586,-5.2783
-5.1586,-4.3548
-5.1586,-5.8575
7.7994,7.1532
0.7953,1.1576
0.7953,0.33429
0.7953,1.029
0.7953,1.3859
0.7953,0.15016
6.7435,7.1532
6.7435,5.9783
6.7435,7.0433
6.7435,6.1231
6.7435,6.767
7.8194,7.6662
-5.4986,-5.3725
-5.4986,-6.1671
-5.4986,-6.2338
-5.4986,-5.1373
-5.4986,-5.9531
-5.4986,-5.1586
-5.4986,-5.2783
-5.4986,-5.1807
-4.0658,-4.2585
-4.0658,-3.0743
6.1231,5.5584
6.1231,5.9783
6.1231,6.7435
6.1231,6.7701
-0.26619,-0.93245
-0.26619,0.23412
-0.26619,0.46074
-0.26619,-0.82139
-0.26619,-1.2037
-0.26619,-0.58834
-6.6228,-6.2326
4.2897,5.0206
4.2897,4.881
4.2897,4.1386
2.1569,2.3504
2.1569,1.3859
-6.9943,-6.9996
-6.9943,-7.9067
6.767,6.4946
6.767,5.8895
6.767,5.9783
6.767,7.0433
6.767,6.7435
6.767,6.0308
-3.4224,-4.3912
-3.4224,-4.1523
-3.4224,-3.452
-3.4224,-4.3548
-0.80769,-0.13407
-0.80769,-1.4573
-0.80769,-0.25555
-0.80769,-0.65747
-0.25555,-0.63031
-0.25555,0.20999
-0.25555,-0.13407
-0.25555,-0.80769
-0.25555,0.6226
-0.25555,0.15016
1.0965,1.7346
1.0965,0.57191
1.0965,1.5543
1.0965,0.48337
6.944,7.6662
6.944,6.5001
6.944,7.5378
6.944,6.6987
6.944,6.6584
1.3859,1.1576
1.3859,1.029
1.3859,0.7953
1.3859,2.1569
1.3859,1.4069
-3.452,-4.1523
-3.452,-4.3045
-3.452,-3.4224
-5.0784,-4.7212
-5.0784,-5.1586
-5.0784,-5.8575
-5.6221,-6.5167
-5.6221,-5.8441
-5.6221,-5.8889
-5.6221,-5.5859
-5.6221,-6.2326
-5.6221,-4.9296
-5.6221,-5.2813
-6.9868,-6.5167
-6.9868,-6.9949
-6.9868,-6.4102
-6.9868,-6.2326
1.5543,2.4079
1.5543,2.1015
1.5543,1.0965
-5.9659,-5.3725
-5.9659,-6.2338
-5.9659,-5.1807
0.58867,1.5871
0.58867,0.23265
6.6987,6.5001
6.6987,6.944
-4.795,-5.1829
-4.795,-5.3
-4.795,-5.6713
-4.795,-4.4581
-4.4581,-5.1829
-4.4581,-4.5324
-4.4581,-4.795
-6.2326,-6.5167
-6.2326,-5.8889
-6.2326,-5.5859
-6.2326,-6.6228
-6.2326,-5.6221
-6.2326,-6.9868
1.0474,0.68697
1.0474,1.8073
2.5613,3.3209
2.5613,2.766
-5.0678,-5.3
-5.0678,-5.7659
-5.0678,-5.2813
-5.2783,-6.1671
-5.2783,-5.1373
-5.2783,-4.7212
-5.2783,-5.9531
-5.2783,-5.1586
-5.2783,-5.4986
-5.2783,-4.3548
-5.2783,-5.8575
-5.2783,-5.1807
4.3582,3.9732
4.3582,4.6757
4.3582,5.2517
4.3582,4.9305
-4.3548,-4.3912
-4.3548,-5.1373
-4.3548,-4.1523
-4.3548,-4.7212
-4.3548,-4.1838
-4.3548,-4.4182
-4.3548,-5.1586
-4.3548,-3.4224
-4.3548,-5.2783
-4.3548,-5.1807
0.6226,0.20999
0.6226,1.1576
0.6226,-0.25555
0.6226,0.15016
4.9305,3.9732
4.9305,4.6652
4.9305,5.2517
4.9305,5.4464
4.9305,5.5732
4.9305,4.3582
-1.4828,-1.5339
-1.4828,-0.82139
-1.4828,-1.5753
-1.4828,-2.0102
-1.4828,-2.0249
-1.4828,-1.2037
-0.18145,0.48337
7.3243,6.4057
4.1386,3.3209
4.1386,3.7237
4.1386,4.6121
4.1386,4.881
4.1386,4.2897
-0.093739,0.28612
-0.093739,-0.56046
-0.093739,-0.58063
-0.093739,0.33429
-0.093739,-0.50077
-5.8575,-5.9531
-5.8575,-5.1586
-5.8575,-5.0784
-5.8575,-5.2783
-4.2698,-4.5324
-4.2698,-4.7601
-4.9296,-5.8889
-4.9296,-5.6221
-1.0878,-1.5339
-5.988,-5.1829
-5.988,-6.5974
-5.988,-5.6713
-5.988,-5.5167
-5.988,-6.4494
-5.988,-6.402
-5.988,-5.9742
-5.3816,-5.4143
-5.3816,-5.9258
-5.3816,-4.5324
-5.3816,-5.99
-5.3816,-5.5167
-5.3816,-4.7601
-5.3816,-5.26
-5.1807,-5.3725
-5.1807,-4.3912
-5.1807,-4.8479
-5.1807,-5.1373
-5.1807,-4.4182
-5.1807,-5.4986
-5.1807,-5.9659
-5.1807,-5.2783
-5.1807,-4.3548
7.1811,6.4617
6.6584,6.5001
6.6584,5.8766
6.6584,7.5378
6.6584,6.944
-0.58834,-0.93245
-0.58834,-0.82139
-0.58834,-0.16102
-0.58834,-1.2037
-0.58834,-0.26619
-6.4845,-5.99
0.15016,-0.63031
0.15016,-0.56046
0.15016,0.33429
0.15016,0.7953
0.15016,-0.25555
0.15016,0.6226
1.4069,0.68697
1.4069,2.3504
1.4069,1.8073
1.4069,1.029
1.4069,1.3859
0.010741,0.28612
0.010741,0.68697
-6.402,-6.5974
-6.402,-5.6713
-6.402,-5.5167
-6.402,-6.4494
-6.402,-5.988
-2.6419,-2.1454
-2.6419,-2.6094
-2.6419,-2.0249
-5.9742,-5.3
-5.9742,-5.7659
-5.9742,-6.5974
-5.9742,-5.6713
-5.9742,-6.2309
-5.9742,-5.988
-0.50077,0.28612
-0.50077,-0.58063
-0.50077,-0.093739
6.7701,7.1532
6.7701,6.8242
6.7701,6.1231
6.7701,5.9839
6.7701,7.6222
0.24958,0.45465
0.24958,1.0964
-2.3614,-1.4822
-2.3614,-2.0102
5.0749,4.6121
5.0749,5.6132
5.0749,5.5584
5.0749,4.881
5.0749,5.8895
5.0749,5.9783
5.0749,5.2726
5.8253,5.2601
-5.2813,-5.8441
-5.2813,-5.8889
-5.2813,-5.6221
-5.2813,-5.0678
-5.26,-5.99
-5.26,-5.5913
-5.26,-4.7601
-5.26,-5.3816
-0.65747,-0.13407
-0.65747,-1.4573
-0.65747,0.23265
-0.65747,-0.80769
0.48337,0.82925
0.48337,1.0965
0.48337,-0.18145
-7.9067,-6.9996
-7.9067,-6.9943
5.9839,6.3668
5.9839,5.5584
5.9839,6.7701
6.0308,6.4946
6.0308,5.6132
6.0308,5.8895
6.0308,5.9783
6.0308,5.2726
6.0308,6.0649
6.0308,6.767
-0.31833,0.23412
-0.31833,-0.82139
7.6222,6.8242
7.6222,6.7701
