-7.3903,-8.0872
-7.3903,-6.4492
-7.3903,-7.7564
-7.3903,-6.7712
-6.0854,-6.1019
-6.0854,-5.6632
-6.0854,-6.8772
-4.8037,-4.7516
-4.8037,-4.7995
-4.8037,-3.9783
-4.8037,-4.5506
-0.39603,-0.27241
-5.8934,-5.699
-5.8934,-6.741
-5.8934,-6.7654
-5.8934,-6.2435
-7.6003,-7.2108
-7.6003,-6.7633
-6.1019,-6.0854
-6.1019,-6.8642
5.3004,4.5865
5.3004,5.3067
5.3004,6.2038
-3.6528,-3.7724
-3.6528,-3.0435
-3.6528,-4.3139
6.2375,5.3067
-5.6632,-6.0854
-5.6632,-5.9264
-5.6632,-5.1514
-5.6632,-4.9372
-6.7222,-7.6009
-6.7222,-7.2551
-6.7222,-5.9112
-6.7222,-6.7712
7.2059,6.7305
7.2059,8.1732
3.6638,4.48
3.6638,4.1965
3.7557,4.4351
-7.2108,-7.6003
-7.2108,-6.741
-7.2108,-6.535
-3.7724,-3.6528
6.2492,6.5775
6.2492,5.491
6.2492,5.3832
6.2492,7.0531
6.2492,6.2881
-3.8683,-4.1484
-4.7516,-4.8037
-4.7516,-3.9783
0.17743,0.60336
0.17743,0.78446
0.17743,-0.50843
0.17743,-0.50523
0.60336,0.17743
0.60336,0.5702
0.60336,1.3871
3.7253,4.588
3.7253,2.7764
-7.2503,-7.2551
-7.2503,-6.513
-7.2503,-7.8936
7.4068,6.6204
7.4068,7.4826
-5.699,-5.8934
-5.699,-4.806
-5.699,-6.1222
-5.699,-4.9435
-5.699,-5.2895
-5.699,-6.2435
-5.699,-6.535
-1.0379,-1.4255
-1.0379,-0.38179
-1.0379,-0.10896
4.4935,4.1288
6.8309,7.5342
4.48,3.6638
4.48,4.588
4.48,5.3832
4.48,4.6569
-3.56,-3.4384
-1.1066,-0.55364
-1.1066,-1.3989
-1.1066,-0.18301
2.7858,2.3941
2.7858,3.0515
0.045557,0.52938
0.045557,0.27253
-1.4255,-1.0379
-1.4255,-2.3494
-1.4255,-0.47775
-2.7979,-3.0435
6.5775,6.2492
6.5775,6.4263
6.5775,7.1707
6.5775,6.2881
-8.056,-7.4694
3.7249,4.5865
3.7249,3.5215
7.6857,6.8824
7.6857,7.5342
4.5865,5.3004
4.5865,3.7249
4.5865,4.4367
4.5865,5.3067
3.4427,4.1923
3.4427,2.9791
3.4427,2.4822
-6.8772,-6.0854
-6.8772,-7.13
-8.0872,-7.3903
6.7305,7.2059
6.7305,7.5972
6.7305,6.4263
6.7305,6.2654
0.23785,-0.13259
0.23785,-0.55364
0.23785,0.83189
0.23785,-0.13999
-6.4492,-7.3903
-6.4492,-6.7712
0.42423,-0.43251
0.42423,-0.18301
1.9723,2.2544
5.3328,5.0347
5.3328,5.3832
5.3328,6.059
5.3328,4.6569
5.491,6.2492
5.491,4.588
5.491,5.3832
6.8824,7.6857
-7.13,-6.8772
-7.13,-6.8642
-4.806,-5.699
-4.806,-5.2568
-4.806,-4.9435
-4.806,-5.2895
-4.806,-4.3139
-5.2568,-4.806
-5.2568,-5.2895
-5.2568,-6.0151
-5.2568,-4.3139
-4.9001,-3.9786
-4.9001,-4.5506
-5.9264,-5.6632
2.3941,2.7858
2.3941,1.7988
2.3941,3.2287
-3.4384,-3.56
-3.4384,-4.3684
1.151,0.94515
1.151,1.2696
1.151,0.42791
0.34258,-0.29171
0.34258,1.1206
0.34258,-0.13999
-7.6009,-6.7222
-7.6009,-6.7712
1.5074,0.5702
1.5074,2.4822
1.5074,1.3871
4.1923,3.4427
4.1923,5.0553
-0.13259,0.23785
-0.13259,-0.55364
-0.13259,0.83189
-0.13259,-0.18301
-3.1207,-2.1846
-5.6233,-4.7995
-5.6233,-5.9112
5.8172,6.6204
-8.1625,-7.8936
-0.92559,-1.6359
-0.92559,-0.55364
-0.92559,-1.3989
-0.92559,-0.13999
4.1065,4.1288
3.5215,3.7249
3.5215,4.4367
1.7988,2.3941
-3.7226,-3.0435
-3.7226,-4.3139
4.4367,4.5865
4.4367,3.5215
4.4367,5.3067
4.4367,4.4351
-0.9176,-1.2198
-4.7995,-4.8037
-4.7995,-5.6233
-4.7995,-4.5506
-1.6359,-0.92559
-1.6359,-1.3989
0.94515,1.151
0.94515,0.18937
-2.717,-2.1846
7.6687,7.0531
5.3067,5.3004
5.3067,6.2375
5.3067,4.5865
5.3067,4.4367
-2.3494,-1.4255
-2.3494,-3.2014
1.2696,1.151
1.2696,0.54338
1.2696,1.1777
5.0347,5.3328
-6.7633,-7.6003
-6.7633,-6.1222
-6.7633,-6.0151
-6.7633,-6.535
7.5342,6.8309
7.5342,7.6857
7.5342,7.2716
7.5342,8.2763
-6.1222,-5.699
-6.1222,-6.7633
-6.1222,-5.2895
-6.1222,-6.0151
-6.1222,-6.2435
-6.1222,-6.535
4.588,3.7253
4.588,4.48
4.588,5.491
-4.9435,-5.699
-4.9435,-4.806
0.52938,0.045557
0.52938,1.2718
5.0042,4.1288
-0.38179,-1.0379
-0.38179,0.5702
-0.38179,-0.10896
-0.38179,-0.50843
-0.27241,-0.39603
-0.27241,-1.2198
6.6204,7.4068
6.6204,5.8172
6.6204,6.234
6.6204,7.4826
5.0553,4.1923
5.0553,5.2466
6.2038,5.3004
5.3832,6.2492
5.3832,4.48
5.3832,5.3328
5.3832,5.491
5.3832,4.6569
5.3832,6.2881
7.4871,7.0531
-2.1846,-3.1207
-2.1846,-2.717
7.0531,6.2492
7.0531,7.6687
7.0531,7.4871
7.0531,6.2881
-6.8642,-6.1019
-6.8642,-7.13
0.5702,0.60336
0.5702,1.5074
0.5702,-0.38179
-0.29171,0.34258
-0.29171,0.27253
3.0515,2.7858
3.0515,3.4184
2.9791,3.4427
2.9791,2.2544
-0.55364,-1.1066
-0.55364,0.23785
-0.55364,-0.13259
-0.55364,-0.92559
-0.55364,-1.3989
-0.55364,-0.18301
6.059,5.3328
6.059,6.2881
-5.1514,-5.6632
3.2287,2.3941
-5.2895,-5.699
-5.2895,-4.806
-5.2895,-5.2568
-5.2895,-6.1222
-5.2895,-6.0151
7.5972,6.7305
7.5972,7.1707
0.54338,1.2696
0.54338,0.42791
0.54338,-0.10896
6.4263,6.5775
6.4263,6.7305
6.4263,7.1707
6.4263,5.5258
-6.741,-5.8934
-6.741,-7.2108
-6.741,-6.7654
-6.741,-6.2435
-6.741,-6.535
6.2654,6.7305
6.2654,5.5258
0.83189,0.23785
0.83189,-0.13259
-7.2551,-6.7222
-7.2551,-7.2503
-7.2551,-6.513
-7.2551,-7.8936
4.1965,3.6638
4.1965,4.6569
2.4822,3.4427
2.4822,1.5074
2.4822,2.2544
-7.4694,-8.056
7.1707,6.5775
7.1707,7.5972
7.1707,6.4263
3.4184,3.0515
3.4184,4.1288
-2.4185,-3.0435
-2.4185,-2.7329
0.42791,1.151
0.42791,0.54338
-0.10896,-1.0379
-0.10896,-0.38179
-0.10896,0.54338
-0.10896,-0.47775
1.2718,0.52938
6.234,6.6204
2.2544,1.9723
2.2544,2.9791
2.2544,2.4822
2.2544,1.3871
-3.0435,-3.6528
-3.0435,-2.7979
-3.0435,-3.7226
-3.0435,-2.4185
-6.0151,-5.2568
-6.0151,-6.7633
-6.0151,-6.1222
-6.0151,-5.2895
-6.0151,-6.535
-3.7611,-3.9786
-3.7611,-4.5506
-6.513,-7.2503
-6.513,-7.2551
1.1206,0.34258
1.1206,0.85267
-6.7654,-5.8934
-6.7654,-6.741
0.18937,0.94515
7.4826,7.4068
7.4826,6.6204
-3.8725,-3.2014
-3.8725,-3.1187
-3.2014,-2.3494
-3.2014,-3.8725
-7.8936,-7.2503
-7.8936,-8.1625
-7.8936,-7.2551
0.78446,0.17743
2.7764,3.7253
-3.9783,-4.8037
-3.9783,-4.7516
-6.2435,-5.8934
-6.2435,-5.699
-6.2435,-6.1222
-6.2435,-6.741
-6.2435,-6.535
4.1288,4.4935
4.1288,4.1065
4.1288,5.0042
4.1288,3.4184
-4.3139,-3.6528
-4.3139,-4.806
-4.3139,-5.2568
-4.3139,-3.7226
1.1777,1.2696
4.4351,3.7557
4.4351,4.4367
-1.3989,-1.1066
-1.3989,-0.92559
-1.3989,-1.6359
-1.3989,-0.55364
0.27253,0.045557
0.27253,-0.29171
0.27253,0.85267
4.6569,4.48
4.6569,5.3328
4.6569,5.3832
4.6569,4.1965
-0.50843,0.17743
-0.50843,-0.38179
-0.50843,-1.2317
-6.535,-7.2108
-6.535,-5.699
-6.535,-6.7633
-6.535,-6.1222
-6.535,-6.741
-6.535,-6.0151
-6.535,-6.2435
-4.1484,-3.8683
-4.1484,-4.8943
-3.9786,-4.9001
-3.9786,-3.7611
-3.9786,-4.5506
-0.43251,0.42423
-0.43251,-0.18301
-7.7564,-7.3903
-4.9372,-5.6632
-4.9372,-4.8943
5.2466,5.0553
-0.13999,0.23785
-0.13999,0.34258
-0.13999,-0.92559
-0.47775,-1.4255
-0.47775,-0.10896
1.3871,0.60336
1.3871,1.5074
1.3871,2.2544
-0.50523,0.17743
-0.50523,-1.2317
-5.9112,-6.7222
-5.9112,-5.6233
-5.9112,-6.7712
-4.3684,-3.4384
-6.7712,-7.3903
-6.7712,-6.7222
-6.7712,-6.4492
-6.7712,-7.6009
-6.7712,-5.9112
-1.2317,-0.50843
-1.2317,-0.50523
8.1732,7.2059
-1.2198,-0.9176
-1.2198,-0.27241
-2.7329,-2.4185
5.5258,6.4263
5.5258,6.2654
-4.5506,-4.8037
-4.5506,-4.9001
-4.5506,-4.7995
-4.5506,-3.7611
-4.5506,-3.9786
-4.8943,-4.1484
-4.8943,-4.9372
-3.1187,-3.8725
0.85267,1.1206
0.85267,0.27253
7.2716,7.5342
6.2881,6.2492
6.2881,6.5775
6.2881,5.3832
6.2881,7.0531
6.2881,6.059
-0.18301,-1.1066
-0.18301,0.42423
-0.18301,-0.13259
-0.18301,-0.55364
-0.18301,-0.43251
8.2763,7.5342
