4.1629,4.6732
4.1629,4.2946
4.1629,4.5866
4.1629,3.5802
4.1629,4.8418
4.1629,5.1039
4.1629,4.2444
-2.2261,-2.6322
-2.2261,-2.9244
-2.2261,-2.196
-2.2261,-2.8585
-2.2261,-1.7107
-2.2261,-1.9297
-2.2261,-2.4628
-2.2261,-2.642
-5.2682,-5.0213
-5.2682,-4.6972
-5.2682,-4.4402
-5.2682,-5.7572
-3.7315,-3.3793
-3.7315,-3.8629
-3.7315,-4.6972
-3.7315,-3.0943
-3.7315,-3.1344
-3.7315,-4.12
-3.7315,-4.4402
-3.7315,-4.1376
-3.7315,-3.5682
-3.7315,-3.5409
0.66871,0.88183
0.66871,1.1631
3.9426,4.7525
3.9426,4.2946
3.9426,3.7085
3.9426,3.7153
3.9426,3.4671
3.9426,4.5204
3.9426,4.1089
3.9426,4.3981
3.9426,3.1233
4.5475,3.6463
4.5475,4.7525
4.5475,4.3981
-3.3793,-3.7315
-3.3793,-3.8629
-3.3793,-3.0943
-3.3793,-2.8403
-3.3793,-3.1344
-3.3793,-4.12
-3.3793,-2.5061
-3.3793,-3.5409
6.8919,6.2283
6.8919,6.1075
6.8919,7.0503
4.6732,4.1629
4.6732,5.5228
4.6732,4.2946
4.6732,3.7085
4.6732,5.3224
4.6732,5.4059
4.6732,4.5204
4.6732,4.8418
4.6732,5.1039
4.6732,5.4173
4.6732,4.9978
4.6732,4.8184
4.6732,5.1904
4.6732,4.2444
6.2283,6.8919
6.2283,5.4365
6.2283,5.3697
6.2283,6.1075
6.2283,5.3774
6.2283,7.0503
6.2283,6.193
-3.8629,-3.7315
-3.8629,-3.3793
-3.8629,-4.4469
-3.8629,-4.6972
-3.8629,-3.2479
-3.8629,-3.0943
-3.8629,-4.4402
-3.8629,-4.1376
-3.8629,-4.0158
-3.8629,-3.5682
-3.8629,-3.5409
-2.6322,-2.2261
-2.6322,-3.544
-2.6322,-2.9244
-2.6322,-3.2479
-2.6322,-3.0943
-2.6322,-2.8585
-2.6322,-2.8403
-2.6322,-1.9297
-2.6322,-2.4628
-2.6322,-3.5682
-2.6322,-2.642
2.7422,3.5007
2.7422,3.648
-1.8355,-2.316
-1.8355,-1.7667
5.4365,6.2283
5.4365,4.6048
5.4365,5.3697
5.4365,4.5666
5.4365,5.3774
5.4365,5.4753
5.4365,4.8825
5.4365,5.6745
5.4365,6.193
3.6463,4.5475
3.6463,3.4671
3.6463,4.1089
3.6463,4.3981
4.5227,3.6546
4.5227,4.5666
4.5227,3.648
4.5227,5.4753
4.5227,4.0116
4.5227,4.8825
4.5227,4.6338
5.5228,4.6732
5.5228,5.9282
5.5228,5.3224
5.5228,5.8997
5.5228,5.4059
5.5228,4.8418
5.5228,5.9618
5.5228,5.1039
5.5228,5.4173
5.5228,4.9978
5.5228,4.8184
5.5228,5.1904
-3.4169,-2.9476
-3.4169,-3.2221
-3.4169,-3.8248
-3.4169,-3.5315
-3.4169,-2.6725
-3.4169,-2.8729
-3.4169,-3.9463
-5.0213,-5.2682
-5.0213,-5.2576
-5.0213,-5.8285
-3.7798,-3.544
-3.7798,-2.9244
-3.7798,-3.2479
-3.7798,-2.8585
-3.7798,-4.688
-3.7798,-3.7861
-3.7798,-4.0158
-3.7798,-3.5682
-7.811,-7.1366
-7.811,-7.1391
-7.811,-7.583
-7.1366,-7.811
-7.1366,-7.1391
-7.1366,-6.6474
-7.1366,-6.6316
-7.1366,-7.583
3.2048,2.2987
3.2048,2.4061
3.2048,3.0131
3.2048,2.6272
3.2048,3.361
-1.8145,-1.2438
-1.8145,-2.1935
-1.8145,-2.0008
-1.8145,-2.4213
-1.8145,-1.3123
-1.8145,-1.7667
-1.8145,-2.3862
-1.7349,-1.9297
-1.7349,-2.5061
-1.7349,-2.4628
1.6378,2.0813
1.6378,2.4061
1.6378,0.88183
1.6378,1.7483
1.6378,1.7571
1.6378,1.1631
1.6378,2.4265
1.6378,1.4273
-7.2231,-8.0059
4.7525,3.9426
4.7525,4.5475
4.7525,5.3224
4.7525,4.5204
4.7525,4.1089
4.7525,5.4232
4.7525,4.9978
4.7525,4.3981
-6.0112,-5.5542
-6.0112,-6.7922
-6.0112,-5.9058
4.6048,5.4365
4.6048,4.3232
4.6048,5.3697
4.6048,4.5666
4.6048,5.0358
4.6048,5.3774
4.6048,4.2858
4.6048,4.0116
4.6048,4.8825
4.6048,3.7403
4.3232,4.6048
4.3232,3.5007
4.3232,4.5666
4.3232,4.2858
4.3232,3.648
4.3232,4.0116
4.3232,4.8825
4.3232,3.7403
-2.8153,-3.6882
-2.8153,-3.2221
-2.8153,-2.316
-2.8153,-2.8729
-2.8153,-2.4213
-2.8153,-2.8102
7.3119,6.8971
7.3119,6.5302
5.9455,5.3974
5.9455,6.8971
5.9455,5.8997
5.9455,5.4059
5.9455,6.1726
5.9455,6.4969
5.9455,5.1039
5.9455,5.4173
5.9455,6.5302
5.9455,6.4858
5.9455,5.6536
1.3075,2.1596
1.3075,2.0332
1.3075,1.4273
1.3075,1.0573
5.9282,5.5228
5.9282,5.3224
5.9282,5.4232
5.9282,5.9618
5.9282,4.9978
2.0813,1.6378
2.0813,2.4061
2.0813,1.7571
2.0813,2.4265
2.0813,1.4273
2.0813,3.0131
-5.2693,-4.9525
-5.2693,-5.598
-5.2693,-6.155
-5.2693,-5.046
-5.2693,-5.1039
-5.2693,-5.8389
-5.2693,-5.9745
4.2946,4.1629
4.2946,3.9426
4.2946,4.6732
4.2946,3.7085
4.2946,3.7153
4.2946,3.5802
4.2946,4.5204
4.2946,4.8418
4.2946,4.9978
4.2946,4.8184
4.2946,5.1904
4.2946,4.2444
-2.9476,-3.4169
-2.9476,-3.2221
-2.9476,-2.7438
-2.9476,-3.5315
-2.9476,-2.6725
-2.9476,-2.0008
-2.9476,-2.8729
-2.9476,-2.3862
-9.7494,-9.6909
5.3697,6.2283
5.3697,5.4365
5.3697,4.6048
5.3697,5.7466
5.3697,5.0358
5.3697,6.1075
5.3697,5.3774
3.6546,4.5227
3.6546,3.648
3.6546,4.0116
3.6546,4.6338
5.7466,5.3697
5.7466,5.0358
5.7466,6.1075
5.7466,4.7951
-5.4504,-6.0866
-5.4504,-6.093
-5.4504,-5.046
-5.4504,-5.8389
-5.2752,-4.4469
-5.2752,-4.6972
-2.9315,-2.9244
-2.9315,-2.196
-2.9315,-2.8585
-2.9315,-3.7861
-1.2438,-1.8145
-1.2438,-2.1935
-1.2438,-2.0008
5.3974,5.9455
5.3974,4.5866
5.3974,5.4059
5.3974,4.8418
5.3974,6.1726
5.3974,5.1039
5.3974,5.1904
5.3974,4.9238
5.3974,5.6536
-3.544,-2.6322
-3.544,-3.7798
-3.544,-2.9244
-3.544,-3.2479
-3.544,-3.0943
-3.544,-2.8585
-3.544,-3.7861
-3.544,-4.0158
-3.544,-3.5682
-3.544,-2.642
7.6351,6.8971
7.6351,7.0786
-7.1391,-7.811
-7.1391,-7.1366
-7.1391,-6.6474
-7.1391,-6.6316
-7.1391,-6.7059
-7.1391,-6.9758
-3.6882,-2.8153
-3.6882,-3.2221
-3.6882,-3.8248
-3.2221,-3.4169
-3.2221,-2.8153
-3.2221,-2.9476
-3.2221,-3.6882
-3.2221,-3.8248
-3.2221,-2.6725
-3.2221,-2.8729
-3.2221,-2.4213
3.5007,2.7422
3.5007,4.3232
3.5007,3.648
3.5007,4.0116
3.5007,3.0814
3.5007,3.7403
-4.4469,-3.8629
-4.4469,-5.2752
-4.4469,-4.6972
-4.4469,-4.7429
-4.4469,-4.1376
-4.4469,-4.0158
-4.4469,-3.5682
3.7085,3.9426
3.7085,4.6732
3.7085,4.2946
3.7085,3.7153
3.7085,3.5802
3.7085,4.5204
3.7085,4.1089
3.7085,2.8216
3.7085,3.1233
3.7085,4.2444
3.7153,3.9426
3.7153,4.2946
3.7153,3.7085
3.7153,3.5802
3.7153,3.4671
3.7153,4.5204
3.7153,4.1089
3.7153,2.8216
3.7153,3.1233
6.5269,5.6745
6.5269,6.193
-2.9244,-2.2261
-2.9244,-2.6322
-2.9244,-3.7798
-2.9244,-2.9315
-2.9244,-3.544
-2.9244,-2.196
-2.9244,-3.2479
-2.9244,-2.8585
-2.9244,-3.7861
-2.9244,-2.642
5.4638,4.9238
5.4638,5.6536
5.4638,6.064
-4.6972,-5.2682
-4.6972,-3.7315
-4.6972,-3.8629
-4.6972,-5.2752
-4.6972,-4.4469
-4.6972,-4.4402
-4.6972,-4.1376
2.2987,3.2048
2.2987,2.4061
2.2987,2.1596
2.2987,1.7571
2.2987,2.0332
2.2987,1.4273
2.2987,2.6272
5.3224,4.6732
5.3224,5.5228
5.3224,4.7525
5.3224,5.9282
5.3224,4.5204
5.3224,5.4232
5.3224,5.9618
5.3224,5.4173
5.3224,4.9978
5.3224,4.8184
-6.1137,-6.6474
-6.1137,-6.0866
-6.1137,-5.598
-6.1137,-6.155
-6.1137,-6.6316
-6.1137,-6.9758
-6.1137,-5.8389
-6.1137,-5.9745
4.5866,4.1629
4.5866,5.3974
4.5866,4.8418
4.5866,5.1039
4.5866,4.9238
4.5866,4.2444
-2.196,-2.2261
-2.196,-2.9315
-2.196,-2.9244
-2.196,-2.8585
-2.196,-1.7107
-6.6474,-7.1366
-6.6474,-7.1391
-6.6474,-6.1137
-6.6474,-6.0866
-6.6474,-6.155
-6.6474,-6.6316
-6.6474,-6.9758
-6.6474,-5.8389
-6.6474,-5.9745
6.8971,7.3119
6.8971,5.9455
6.8971,7.6351
6.8971,6.1726
6.8971,6.4969
6.8971,6.5302
6.8971,6.4858
-5.2576,-5.0213
-5.2576,-5.8285
-3.2479,-3.8629
-3.2479,-2.6322
-3.2479,-3.7798
-3.2479,-3.544
-3.2479,-2.9244
-3.2479,-3.0943
-3.2479,-2.8585
-3.2479,-2.8403
-3.2479,-4.0158
-3.2479,-3.5682
-3.2479,-2.642
-3.2479,-3.5409
-8.0059,-7.2231
-3.0943,-3.7315
-3.0943,-3.3793
-3.0943,-3.8629
-3.0943,-2.6322
-3.0943,-3.544
-3.0943,-3.2479
-3.0943,-2.8403
-3.0943,-2.5061
-3.0943,-2.4628
-3.0943,-3.5682
-3.0943,-2.642
-3.0943,-3.5409
5.8997,5.5228
5.8997,5.9455
5.8997,5.4059
5.8997,6.1726
5.8997,5.9618
5.8997,5.1039
5.8997,5.4173
5.8997,6.5302
5.8997,5.1904
4.5666,5.4365
4.5666,4.5227
4.5666,4.6048
4.5666,4.3232
4.5666,3.648
4.5666,5.4753
4.5666,4.0116
4.5666,4.8825
5.0358,4.6048
5.0358,5.3697
5.0358,5.7466
5.0358,5.3774
5.0358,4.2858
5.0358,4.7951
2.4061,3.2048
2.4061,1.6378
2.4061,2.0813
2.4061,2.2987
2.4061,1.7571
2.4061,2.0332
2.4061,3.0131
2.4061,2.6272
3.5802,4.1629
3.5802,4.2946
3.5802,3.7085
3.5802,3.7153
3.5802,4.2444
6.1075,6.8919
6.1075,6.2283
6.1075,5.3697
6.1075,5.7466
2.1596,1.3075
2.1596,2.2987
2.1596,2.0332
2.1596,2.6272
-5.5542,-6.0112
-5.5542,-6.4503
-5.5542,-4.9785
-5.5542,-5.598
-5.5542,-6.155
-5.5542,-5.1039
-5.5542,-5.9058
-5.5542,-4.584
0.88183,0.66871
0.88183,1.6378
0.88183,1.7571
0.88183,1.1631
0.88183,1.4273
0.88183,1.0573
-2.8585,-2.2261
-2.8585,-2.6322
-2.8585,-3.7798
-2.8585,-2.9315
-2.8585,-3.544
-2.8585,-2.9244
-2.8585,-2.196
-2.8585,-3.2479
-2.8585,-2.642
5.4059,4.6732
5.4059,5.5228
5.4059,5.9455
5.4059,5.3974
5.4059,5.8997
5.4059,4.8418
5.4059,6.1726
5.4059,5.9618
5.4059,5.1039
5.4059,5.4173
5.4059,5.1904
5.4059,5.6536
-4.9525,-5.2693
-4.9525,-5.598
-4.9525,-5.046
-4.9525,-4.2108
-4.9525,-5.1039
-4.9525,-4.2569
-4.9525,-5.8389
-6.4503,-5.5542
-6.4503,-6.8927
-6.4503,-6.155
-6.4503,-6.6316
-6.4503,-6.7922
-6.4503,-5.9058
-6.4503,-5.9745
-3.3087,-2.7438
-3.3087,-3.5315
5.3774,6.2283
5.3774,5.4365
5.3774,4.6048
5.3774,5.3697
5.3774,5.0358
5.3774,5.4753
5.3774,4.8825
5.3774,6.193
-4.9785,-5.5542
-4.9785,-4.584
-6.0866,-5.4504
-6.0866,-6.1137
-6.0866,-6.6474
-6.0866,-6.093
-6.0866,-6.7059
-6.0866,-6.9758
-6.0866,-5.8389
-6.0866,-5.9745
-3.8248,-3.4169
-3.8248,-3.6882
-3.8248,-3.2221
-3.8248,-2.8729
-3.8248,-3.9463
2.5859,3.4671
2.5859,3.1233
4.2858,4.6048
4.2858,4.3232
4.2858,5.0358
4.2858,4.7951
4.2858,4.0095
4.2858,3.7403
3.4671,3.9426
3.4671,3.6463
3.4671,3.7153
3.4671,2.5859
3.4671,4.1089
3.4671,4.3981
3.4671,3.1233
-2.316,-1.8355
-2.316,-2.8153
-2.316,-2.4213
-2.316,-2.8102
-2.316,-1.7667
4.5204,3.9426
4.5204,4.6732
4.5204,4.7525
4.5204,4.2946
4.5204,3.7085
4.5204,3.7153
4.5204,5.3224
4.5204,4.1089
4.5204,4.9978
4.5204,4.3981
4.5204,4.8184
4.5204,4.2444
1.7483,1.6378
1.7483,1.1631
1.7483,2.4265
3.648,2.7422
3.648,4.5227
3.648,4.3232
3.648,3.6546
3.648,3.5007
3.648,4.5666
3.648,4.0116
-5.598,-5.2693
-5.598,-6.1137
-5.598,-5.5542
-5.598,-4.9525
-5.598,-6.155
-5.598,-5.1039
-5.598,-5.9058
-5.598,-5.8389
-5.598,-5.9745
1.7571,1.6378
1.7571,2.0813
1.7571,2.2987
1.7571,2.4061
1.7571,0.88183
1.7571,2.0332
1.7571,1.4273
1.7571,1.0573
-8.3527,-7.8635
-6.093,-5.4504
-6.093,-6.0866
-6.093,-6.7059
5.4753,5.4365
5.4753,4.5227
5.4753,4.5666
5.4753,5.3774
5.4753,4.8825
5.4753,5.6745
5.4753,6.193
7.0503,6.8919
7.0503,6.2283
7.0503,6.193
-2.1935,-1.8145
-2.1935,-1.2438
-2.1935,-2.6725
-2.1935,-2.0008
-2.1935,-2.8729
-2.1935,-2.4213
-2.1935,-1.7667
-2.1935,-2.3862
-2.7438,-2.9476
-2.7438,-3.3087
-2.7438,-3.5315
-2.7438,-2.136
-2.7438,-2.3862
4.8418,4.1629
4.8418,4.6732
4.8418,5.5228
4.8418,4.2946
4.8418,5.3974
4.8418,4.5866
4.8418,5.4059
4.8418,5.1039
4.8418,5.4173
4.8418,4.8184
4.8418,5.1904
4.8418,4.9238
4.8418,4.2444
-6.8927,-6.4503
-6.8927,-6.155
-6.8927,-6.6316
-6.8927,-6.7922
-6.8927,-5.9058
-6.8927,-7.583
6.1726,5.9455
6.1726,5.3974
6.1726,6.8971
6.1726,5.8997
6.1726,5.4059
6.1726,5.4173
6.1726,6.5302
6.1726,6.4858
6.1726,5.6536
-3.5315,-3.4169
-3.5315,-2.9476
-3.5315,-3.3087
-3.5315,-2.7438
-4.688,-3.7798
-4.688,-4.7429
-4.688,-3.7861
-6.155,-5.2693
-6.155,-6.1137
-6.155,-6.6474
-6.155,-5.5542
-6.155,-6.4503
-6.155,-5.598
-6.155,-6.8927
-6.155,-6.6316
-6.155,-5.9058
-6.155,-5.9745
1.1631,0.66871
1.1631,1.6378
1.1631,0.88183
1.1631,1.7483
2.4265,1.6378
2.4265,2.0813
2.4265,1.7483
2.4265,3.3086
2.0332,1.3075
2.0332,2.2987
2.0332,2.4061
2.0332,2.1596
2.0332,1.7571
2.0332,1.4273
2.0332,2.6272
-7.0793,-6.7059
-7.0793,-7.8579
6.4969,5.9455
6.4969,6.8971
6.4969,7.0786
6.4969,6.4858
6.4969,5.6536
6.4969,6.064
-2.6725,-3.4169
-2.6725,-2.9476
-2.6725,-3.2221
-2.6725,-2.1935
-2.6725,-2.0008
-2.6725,-2.8729
-2.6725,-2.4213
-2.6725,-2.3862
-4.7429,-4.4469
-4.7429,-4.688
-4.7429,-4.1376
-4.7429,-4.0158
1.4273,1.6378
1.4273,1.3075
1.4273,2.0813
1.4273,2.2987
1.4273,0.88183
1.4273,1.7571
1.4273,2.0332
1.4273,1.0573
4.1089,3.9426
4.1089,3.6463
4.1089,4.7525
4.1089,3.7085
4.1089,3.7153
4.1089,3.4671
4.1089,4.5204
4.1089,4.3981
4.1089,3.1233
-2.0008,-1.8145
-2.0008,-2.9476
-2.0008,-1.2438
-2.0008,-2.1935
-2.0008,-2.6725
-2.0008,-2.136
-2.0008,-2.3862
-6.6316,-7.1366
-6.6316,-7.1391
-6.6316,-6.1137
-6.6316,-6.6474
-6.6316,-6.4503
-6.6316,-6.8927
-6.6316,-6.155
-6.6316,-5.9745
-2.8729,-3.4169
-2.8729,-2.8153
-2.8729,-2.9476
-2.8729,-3.2221
-2.8729,-3.8248
-2.8729,-2.1935
-2.8729,-2.6725
-2.8729,-2.4213
5.4232,4.7525
5.4232,5.9282
5.4232,5.3224
5.4232,4.9978
5.9618,5.5228
5.9618,5.9282
5.9618,5.3224
5.9618,5.8997
5.9618,5.4059
5.9618,5.4173
5.9618,6.5302
5.9618,5.1904
-2.4213,-1.8145
-2.4213,-2.8153
-2.4213,-3.2221
-2.4213,-2.316
-2.4213,-2.1935
-2.4213,-2.6725
-2.4213,-2.8729
-2.4213,-1.7667
7.0786,7.6351
7.0786,6.4969
-1.7107,-2.2261
-1.7107,-2.196
-1.7107,-1.9297
-3.9463,-3.4169
-3.9463,-3.8248
-5.046,-5.2693
-5.046,-5.4504
-5.046,-4.9525
-5.046,-4.2569
-5.046,-5.8389
-9.6909,-9.7494
-2.136,-2.7438
-2.136,-2.0008
4.0116,4.5227
4.0116,4.6048
4.0116,4.3232
4.0116,3.6546
4.0116,3.5007
4.0116,4.5666
4.0116,3.648
4.0116,4.8825
5.1039,4.1629
5.1039,4.6732
5.1039,5.5228
5.1039,5.9455
5.1039,5.3974
5.1039,4.5866
5.1039,5.8997
5.1039,5.4059
5.1039,4.8418
5.1039,5.4173
5.1039,5.1904
5.1039,4.9238
5.1039,5.6536
5.1039,4.2444
-4.2108,-4.9525
-4.2108,-5.1039
-4.2108,-4.2569
-4.2108,-4.584
-5.1039,-5.2693
-5.1039,-5.5542
-5.1039,-4.9525
-5.1039,-5.598
-5.1039,-4.2108
-5.1039,-5.9058
-5.1039,-5.9745
-5.1039,-4.584
3.0131,3.2048
3.0131,2.0813
3.0131,2.4061
3.0131,3.3086
-6.7059,-7.1391
-6.7059,-6.0866
-6.7059,-6.093
-6.7059,-7.0793
-6.7059,-6.9758
5.4173,4.6732
5.4173,5.5228
5.4173,5.9455
5.4173,5.3224
5.4173,5.8997
5.4173,5.4059
5.4173,4.8418
5.4173,6.1726
5.4173,5.9618
5.4173,5.1039
5.4173,4.9978
5.4173,4.8184
5.4173,5.1904
2.8216,3.7085
2.8216,3.7153
2.8216,3.1233
-2.8403,-3.3793
-2.8403,-2.6322
-2.8403,-3.2479
-2.8403,-3.0943
-2.8403,-2.5061
-2.8403,-2.4628
-2.8403,-3.5682
-2.8403,-2.642
-2.8403,-3.5409
-1.9297,-2.2261
-1.9297,-2.6322
-1.9297,-1.7349
-1.9297,-1.7107
-1.9297,-2.4628
-1.9297,-2.642
2.6272,3.2048
2.6272,2.2987
2.6272,2.4061
2.6272,2.1596
2.6272,2.0332
2.6272,3.361
4.9978,4.6732
4.9978,5.5228
4.9978,4.7525
4.9978,5.9282
4.9978,4.2946
4.9978,5.3224
4.9978,4.5204
4.9978,5.4232
4.9978,5.4173
4.9978,4.3981
4.9978,4.8184
4.9978,5.1904
-4.2569,-4.9525
-4.2569,-5.046
-4.2569,-4.2108
-3.1344,-3.7315
-3.1344,-3.3793
-3.1344,-2.5061
-3.1344,-3.5409
-4.12,-3.7315
-4.12,-3.3793
-4.12,-4.4402
-2.5061,-3.3793
-2.5061,-1.7349
-2.5061,-3.0943
-2.5061,-2.8403
-2.5061,-3.1344
-2.5061,-2.4628
-7.8579,-7.0793
-1.3123,-1.8145
-1.3123,-1.7667
-4.4402,-5.2682
-4.4402,-3.7315
-4.4402,-3.8629
-4.4402,-4.6972
-4.4402,-4.12
-4.4402,-4.1376
4.3981,3.9426
4.3981,4.5475
4.3981,3.6463
4.3981,4.7525
4.3981,3.4671
4.3981,4.5204
4.3981,4.1089
4.3981,4.9978
4.8825,5.4365
4.8825,4.5227
4.8825,4.6048
4.8825,4.3232
4.8825,4.5666
4.8825,5.3774
4.8825,5.4753
4.8825,4.0116
4.8184,4.6732
4.8184,5.5228
4.8184,4.2946
4.8184,5.3224
4.8184,4.5204
4.8184,4.8418
4.8184,5.4173
4.8184,4.9978
4.8184,5.1904
4.8184,4.2444
-6.9758,-7.1391
-6.9758,-6.1137
-6.9758,-6.6474
-6.9758,-6.0866
-6.9758,-6.7059
4.7951,5.7466
4.7951,5.0358
4.7951,4.2858
4.7951,4.0095
6.5302,7.3119
6.5302,5.9455
6.5302,6.8971
6.5302,5.8997
6.5302,6.1726
6.5302,5.9618
6.5302,6.4858
3.361,3.2048
3.361,2.6272
5.6745,5.4365
5.6745,6.5269
5.6745,5.4753
-2.8102,-2.8153
-2.8102,-2.316
-6.7922,-6.0112
-6.7922,-6.4503
-6.7922,-6.8927
3.1233,3.9426
3.1233,3.7085
3.1233,3.7153
3.1233,2.5859
3.1233,3.4671
3.1233,4.1089
3.1233,2.8216
-5.8285,-5.0213
-5.8285,-5.2576
-2.4628,-2.2261
-2.4628,-2.6322
-2.4628,-1.7349
-2.4628,-3.0943
-2.4628,-2.8403
-2.4628,-1.9297
-2.4628,-2.5061
-2.4628,-2.642
6.4858,5.9455
6.4858,6.8971
6.4858,6.1726
6.4858,6.4969
6.4858,6.5302
6.4858,5.6536
6.4858,6.064
-3.7861,-3.7798
-3.7861,-2.9315
-3.7861,-3.544
-3.7861,-2.9244
-3.7861,-4.688
-4.1376,-3.7315
-4.1376,-3.8629
-4.1376,-4.4469
-4.1376,-4.6972
-4.1376,-4.7429
-4.1376,-4.4402
-4.1376,-4.0158
-4.1376,-3.5682
-4.1376,-3.5409
5.1904,4.6732
5.1904,5.5228
5.1904,4.2946
5.1904,5.3974
5.1904,5.8997
5.1904,5.4059
5.1904,4.8418
5.1904,5.9618
5.1904,5.1039
5.1904,5.4173
5.1904,4.9978
5.1904,4.8184
5.1904,4.2444
6.193,6.2283
6.193,5.4365
6.193,6.5269
6.193,5.3774
6.193,5.4753
6.193,7.0503
-7.8635,-8.3527
4.9238,5.3974
4.9238,5.4638
4.9238,4.5866
4.9238,4.8418
4.9238,5.1039
4.9238,5.6536
-4.0158,-3.8629
-4.0158,-3.7798
-4.0158,-3.544
-4.0158,-4.4469
-4.0158,-3.2479
-4.0158,-4.7429
-4.0158,-4.1376
-4.0158,-3.5682
-5.9058,-6.0112
-5.9058,-5.5542
-5.9058,-6.4503
-5.9058,-5.598
-5.9058,-6.8927
-5.9058,-6.155
-5.9058,-5.1039
-5.9058,-5.9745
-5.8389,-5.2693
-5.8389,-5.4504
-5.8389,-6.1137
-5.8389,-6.6474
-5.8389,-4.9525
-5.8389,-6.0866
-5.8389,-5.598
-5.8389,-5.046
-5.8389,-5.9745
-7.583,-7.811
-7.583,-7.1366
-7.583,-6.8927
-3.5682,-3.7315
-3.5682,-3.8629
-3.5682,-2.6322
-3.5682,-3.7798
-3.5682,-3.544
-3.5682,-4.4469
-3.5682,-3.2479
-3.5682,-3.0943
-3.5682,-2.8403
-3.5682,-4.1376
-3.5682,-4.0158
-3.5682,-3.5409
5.6536,5.9455
5.6536,5.3974
5.6536,5.4638
5.6536,5.4059
5.6536,6.1726
5.6536,6.4969
5.6536,5.1039
5.6536,6.4858
5.6536,4.9238
5.6536,6.064
-2.642,-2.2261
-2.642,-2.6322
-2.642,-3.544
-2.642,-2.9244
-2.642,-3.2479
-2.642,-3.0943
-2.642,-2.8585
-2.642,-2.8403
-2.642,-1.9297
-2.642,-2.4628
-5.9745,-5.2693
-5.9745,-6.1137
-5.9745,-6.6474
-5.9745,-6.4503
-5.9745,-6.0866
-5.9745,-5.598
-5.9745,-6.155
-5.9745,-6.6316
-5.9745,-5.1039
-5.9745,-5.9058
-5.9745,-5.8389
3.0814,3.5007
3.0814,3.7403
1.0573,1.3075
1.0573,0.88183
1.0573,1.7571
1.0573,1.4273
4.2444,4.1629
4.2444,4.6732
4.2444,4.2946
4.2444,3.7085
4.2444,4.5866
4.2444,3.5802
4.2444,4.5204
4.2444,4.8418
4.2444,5.1039
4.2444,4.8184
4.2444,5.1904
-1.7667,-1.8355
-1.7667,-1.8145
-1.7667,-2.316
-1.7667,-2.1935
-1.7667,-2.4213
-1.7667,-1.3123
4.6338,4.5227
4.6338,3.6546
-3.5409,-3.7315
-3.5409,-3.3793
-3.5409,-3.8629
-3.5409,-3.2479
-3.5409,-3.0943
-3.5409,-2.8403
-3.5409,-3.1344
-3.5409,-4.1376
-3.5409,-3.5682
-5.7572,-5.2682
-4.584,-5.5542
-4.584,-4.9785
-4.584,-4.2108
-4.584,-5.1039
3.3086,2.4265
3.3086,3.0131
4.0095,4.2858
4.0095,4.7951
4.0095,3.7403
-2.3862,-1.8145
-2.3862,-2.9476
-2.3862,-2.1935
-2.3862,-2.7438
-2.3862,-2.6725
-2.3862,-2.0008
6.064,5.4638
6.064,6.4969
6.064,6.4858
6.064,5.6536
3.7403,4.6048
3.7403,4.3232
3.7403,3.5007
3.7403,4.2858
3.7403,3.0814
3.7403,4.0095
-9.6909,-10
9.4902,10
