-2.359,-3.2169
-2.359,-1.8203
-2.359,-2.6307
-2.359,-2.4538
-2.359,-2.8646
-5.4749,-5.6411
-5.4749,-5.3555
-5.4749,-6.0858
-5.4749,-6.2172
-5.4749,-5.0817
-5.4749,-4.8761
-5.4749,-5.9632
-3.9265,-3.2333
-3.9265,-4.5733
-3.9265,-4.1798
-3.9265,-4.2234
-4.8542,-4.3179
-4.8542,-4.5964
-4.8542,-5.4021
-4.8542,-4.5733
-4.8542,-5.0373
-4.8542,-4.761
-4.8542,-4.1798
-4.8542,-5.1347
-4.8542,-5.5817
-4.8542,-5.6927
-4.8542,-5.1082
-0.39443,-0.090861
-4.0529,-3.5408
-4.0529,-4.8546
-4.0529,-4.4406
-4.0529,-3.2169
-4.0529,-3.5092
-4.0529,-3.7364
-4.0529,-4.6531
-4.0529,-3.7935
-4.0529,-4.196
-4.0529,-4.5216
-4.0529,-4.1275
-5.2747,-4.8546
-5.2747,-4.4406
-5.2747,-4.8097
-5.2747,-4.5216
-4.3179,-4.8542
-4.3179,-4.5964
-4.3179,-5.0373
-4.3179,-4.761
-4.3179,-3.8353
-4.3179,-4.2797
-4.3179,-4.8761
-4.3179,-5.1347
4.5224,4.9059
-3.5408,-4.0529
-3.5408,-4.4406
-3.5408,-3.2169
-3.5408,-3.5092
-3.5408,-3.7364
-3.5408,-3.9858
-3.5408,-2.8104
-3.5408,-3.7935
-3.5408,-2.6307
-3.5408,-4.196
-3.5408,-3.629
-3.5408,-4.5216
-3.5408,-3.3852
-3.5408,-2.8646
5.4737,6.1072
5.4737,6.2567
5.4737,5.6912
5.4737,4.9059
5.4737,5.6633
5.4737,5.6334
-4.5964,-4.8542
-4.5964,-4.3179
-4.5964,-5.4021
-4.5964,-4.5733
-4.5964,-5.0373
-4.5964,-4.761
-4.5964,-3.8353
-4.5964,-4.2797
-4.5964,-4.1798
-4.5964,-5.1347
-4.5964,-5.1082
-5.6411,-5.4749
-5.6411,-5.3555
-5.6411,-6.0858
-5.6411,-6.2172
-5.6411,-5.0817
-5.6411,-4.8761
-5.6411,-5.5817
-5.6411,-5.9632
7.0108,6.7769
3.7306,4.4217
3.7306,4.5151
6.1072,5.4737
6.1072,6.2567
6.1072,6.3187
6.1072,5.6912
6.1072,5.6633
6.1072,6.1672
6.1072,6.7689
6.1072,5.6334
-4.8546,-4.0529
-4.8546,-5.2747
-4.8546,-4.4406
-4.8546,-5.2181
-4.8546,-4.6531
-4.8546,-4.196
-4.8546,-4.5216
-4.8546,-4.1275
6.8699,6.3187
6.8699,6.1672
6.8699,6.7529
6.8699,6.7689
6.8699,7.4287
6.8699,6.266
-3.2627,-2.5306
-3.2627,-3.9858
-3.2627,-3.6597
-3.2627,-2.8104
-3.2627,-2.5948
-3.2627,-3.7469
-3.2627,-2.7147
-3.2627,-3.629
-3.2627,-3.3852
-3.2627,-3.0258
-3.2627,-3.0832
6.1485,6.3673
6.1485,5.4337
6.1485,5.3507
6.1485,7.0919
6.1485,6.1056
6.1485,6.1696
-3.2333,-3.9265
-3.2333,-3.2674
-5.9766,-6.6393
-5.9766,-6.1201
-5.9766,-5.4021
-5.9766,-6.6416
-5.9766,-5.3555
-5.9766,-5.0373
-5.9766,-6.0858
-5.9766,-6.6743
-5.9766,-5.1347
-5.9766,-5.5817
-5.9766,-5.6927
-5.9766,-5.9632
1.338,1.2389
1.338,2.1254
1.338,1.688
1.338,0.43227
1.2389,1.338
1.2389,0.88777
1.2389,1.4818
1.2389,0.58216
1.2389,1.688
1.2389,0.43227
1.2822,1.2849
1.2822,2.0442
1.2822,0.61353
5.3531,5.6429
5.3531,5.4522
5.3531,5.2188
5.3531,4.5258
5.3531,4.6483
5.3531,6.2131
-4.3191,-5.0817
-4.3191,-4.2797
-4.3191,-4.8761
0.47505,0.88131
0.47505,0.42994
0.47505,-0.090861
0.47505,1.2438
0.47505,0.75173
0.47505,1.2364
5.8289,4.9097
-4.4406,-4.0529
-4.4406,-5.2747
-4.4406,-3.5408
-4.4406,-4.8546
-4.4406,-4.3528
-4.4406,-3.7364
-4.4406,-3.9858
-4.4406,-3.7935
-4.4406,-4.196
-4.4406,-4.8097
-4.4406,-3.629
-4.4406,-4.5216
-1.1571,-1.0677
-1.1571,-0.23281
5.617,5.8741
5.617,5.2876
5.617,6.3187
5.617,5.6912
5.617,5.4819
5.617,6.4063
5.617,5.1255
5.617,4.6628
5.617,6.266
5.8741,5.617
5.8741,5.2876
5.8741,6.3187
5.8741,5.6912
5.8741,5.6633
5.8741,5.4819
5.8741,6.1672
5.8741,6.7529
5.8741,5.1255
5.8741,6.266
4.4217,3.7306
4.4217,4.5151
4.4217,5.0446
4.4217,5.2188
4.4217,4.3665
-2.4234,-2.5306
-2.4234,-1.7832
-2.4234,-3.0258
-2.4234,-2.0277
-2.5306,-3.2627
-2.5306,-2.4234
-2.5306,-1.9225
-2.5306,-1.7832
-2.5306,-2.5948
-2.5306,-3.0258
-2.5306,-2.0277
-2.5306,-2.1727
2.2274,1.581
2.2274,2.5043
2.2274,1.725
-4.3528,-4.4406
-4.3528,-3.9858
-4.3528,-3.6597
-4.3528,-3.7935
-4.3528,-4.8097
-4.3528,-3.7469
-4.3528,-3.629
0.88131,0.47505
0.88131,1.581
0.88131,0.42994
0.88131,1.2438
0.88131,0.75173
0.88131,1.725
0.88131,1.2364
0.2977,1.0667
0.2977,-0.25312
0.2977,0.385
0.2977,0.23169
0.2977,0.50867
0.2977,0.89001
0.2977,-0.23281
0.2977,0.7746
0.2977,-0.3243
-3.2169,-2.359
-3.2169,-4.0529
-3.2169,-3.5408
-3.2169,-3.5092
-3.2169,-3.7364
-3.2169,-2.8104
-3.2169,-3.7935
-3.2169,-2.6307
-3.2169,-4.196
-3.2169,-3.629
-3.2169,-3.3852
-3.2169,-2.8646
6.3673,6.1485
6.3673,5.4337
6.3673,7.1077
6.3673,6.1056
6.3673,6.4546
6.3673,6.1696
6.3673,6.2131
-6.3113,-7.0537
5.2876,5.617
5.2876,5.8741
5.2876,4.4179
5.2876,5.6912
5.2876,4.9059
5.2876,5.6633
5.2876,6.1672
5.2876,5.1255
5.2876,4.6628
7.8221,7.3354
4.4179,5.2876
4.4179,4.9059
4.4179,5.1255
2.0369,1.4426
2.0369,2.4984
2.0369,1.3976
2.0369,2.0008
2.0369,1.2695
-4.9757,-5.4021
-4.9757,-4.5733
-4.9757,-5.7799
-4.9757,-4.1798
-4.9757,-5.1082
-4.9757,-4.2234
-6.6393,-5.9766
-6.6393,-6.1201
-6.6393,-6.6416
-6.6393,-6.0858
-6.6393,-6.6743
-6.6393,-5.9632
5.6429,5.3531
5.6429,5.4522
5.6429,6.4546
5.6429,6.2131
-1.9225,-2.5306
-1.9225,-1.7832
-1.9225,-2.5948
-1.9225,-1.2905
-1.9225,-2.4538
-1.9225,-2.7147
-1.9225,-1.8026
-1.9225,-2.1727
-1.9225,-1.1997
-6.1201,-5.9766
-6.1201,-6.6393
-6.1201,-5.4021
-6.1201,-6.3889
-6.1201,-5.7799
-6.1201,-6.6743
-6.1201,-5.1347
-6.1201,-5.5817
-6.1201,-5.6927
-1.4616,-1.0153
-1.4616,-2.0277
2.1374,1.4818
2.1374,2.4984
2.1374,2.4919
2.1374,2.0008
2.1374,1.688
5.4337,6.1485
5.4337,6.3673
5.4337,5.3507
5.4337,4.5151
5.4337,5.4522
5.4337,6.1056
5.4337,5.0446
5.4337,5.2188
5.3507,6.1485
5.3507,5.4337
5.3507,5.2019
5.3507,5.0446
5.3507,5.2188
5.3507,6.1696
5.3507,4.3665
6.7769,7.0108
6.7769,6.4063
6.7769,7.3354
6.7769,6.7529
6.7769,6.0363
6.7769,6.266
-5.4021,-4.8542
-5.4021,-4.5964
-5.4021,-5.9766
-5.4021,-4.9757
-5.4021,-6.1201
-5.4021,-4.5733
-5.4021,-5.0373
-5.4021,-5.7799
-5.4021,-5.1347
-5.4021,-5.5817
-5.4021,-5.6927
-5.4021,-5.1082
-3.5092,-4.0529
-3.5092,-3.5408
-3.5092,-3.2169
-3.5092,-3.7364
-3.5092,-3.0481
-3.5092,-4.196
-3.5092,-3.9549
-3.5092,-4.1275
-3.5092,-2.8646
-3.7364,-4.0529
-3.7364,-3.5408
-3.7364,-4.4406
-3.7364,-3.2169
-3.7364,-3.5092
-3.7364,-3.0481
-3.7364,-3.7935
-3.7364,-4.196
-3.7364,-4.5216
-3.7364,-3.3852
-3.7364,-4.1275
-3.7364,-2.8646
6.2567,5.4737
6.2567,6.1072
6.2567,6.1672
6.2567,6.4617
6.2567,6.7689
6.2567,5.6334
-6.6416,-5.9766
-6.6416,-6.6393
-6.6416,-6.7396
-6.6416,-6.0858
-6.6416,-5.9632
-1.0523,-1.8203
-1.0523,-1.8026
-1.0523,-1.1997
-4.5733,-3.9265
-4.5733,-4.8542
-4.5733,-4.5964
-4.5733,-4.9757
-4.5733,-5.4021
-4.5733,-4.1798
-4.5733,-5.1347
-4.5733,-5.1082
1.581,2.2274
1.581,0.88131
1.581,2.5043
1.581,1.2438
1.581,1.7597
1.581,1.725
1.581,1.2364
1.581,1.2849
-3.9858,-3.5408
-3.9858,-3.2627
-3.9858,-4.4406
-3.9858,-4.3528
-3.9858,-3.6597
-3.9858,-3.7935
-3.9858,-4.8097
-3.9858,-3.629
-3.9858,-4.5216
-3.9858,-3.3852
-3.9858,-3.0832
1.0667,0.2977
1.0667,0.88777
1.0667,0.385
1.0667,1.4818
1.0667,0.50867
1.0667,0.58216
1.0667,1.3976
1.0667,2.0008
1.0667,1.2695
1.0667,0.7746
-1.8203,-2.359
-1.8203,-1.0523
-1.8203,-2.6307
-1.8203,-2.4538
-1.8203,-1.8026
-6.7396,-6.6416
-6.7396,-6.2172
-6.7396,-5.9632
0.88777,1.2389
0.88777,1.0667
0.88777,0.385
0.88777,1.4818
0.88777,0.12193
0.88777,0.50867
0.88777,0.58216
0.88777,1.688
0.88777,1.2695
3.7148,3.8061
-1.7832,-2.4234
-1.7832,-2.5306
-1.7832,-1.9225
-1.7832,-2.5948
-1.7832,-1.2905
-1.7832,-1.0153
-1.7832,-2.0277
-1.7832,-2.1727
-1.7832,-1.1997
-5.3555,-5.4749
-5.3555,-5.6411
-5.3555,-5.9766
-5.3555,-5.0373
-5.3555,-6.0858
-5.3555,-4.761
-5.3555,-5.0817
-5.3555,-4.8761
-5.3555,-5.1347
-5.3555,-5.5817
-5.3555,-5.6927
-5.3555,-5.9632
5.5274,4.6183
5.5274,4.7969
-5.0373,-4.8542
-5.0373,-4.3179
-5.0373,-4.5964
-5.0373,-5.9766
-5.0373,-5.4021
-5.0373,-5.3555
-5.0373,-4.761
-5.0373,-4.2797
-5.0373,-4.8761
-5.0373,-5.1347
-5.0373,-5.5817
-5.0373,-5.6927
-3.6597,-3.2627
-3.6597,-4.3528
-3.6597,-3.9858
-3.6597,-3.7469
-3.6597,-3.629
-3.6597,-3.0258
-3.6597,-3.0832
6.3187,6.1072
6.3187,6.8699
6.3187,5.617
6.3187,5.8741
6.3187,5.6912
6.3187,5.6633
6.3187,6.1672
6.3187,6.7529
6.3187,6.266
5.6912,5.4737
5.6912,6.1072
5.6912,5.617
5.6912,5.8741
5.6912,5.2876
5.6912,6.3187
5.6912,4.9059
5.6912,5.6633
5.6912,6.1672
5.6912,5.1255
5.6912,6.266
0.42994,0.47505
0.42994,0.88131
0.42994,-0.31169
0.42994,1.2364
0.42994,1.2849
0.42994,0.61353
-3.0481,-3.5092
-3.0481,-3.7364
-3.0481,-2.8646
4.9059,4.5224
4.9059,5.4737
4.9059,5.2876
4.9059,4.4179
4.9059,5.6912
4.9059,5.6633
4.9059,5.1255
2.5043,2.2274
2.5043,1.581
2.5043,1.7597
-0.25312,0.2977
-0.25312,0.385
-0.25312,-1.0677
-0.25312,0.50867
-0.25312,-0.23281
-0.25312,-0.3243
0.54222,0.75173
-6.0858,-5.4749
-6.0858,-5.6411
-6.0858,-5.9766
-6.0858,-6.6393
-6.0858,-6.6416
-6.0858,-5.3555
-6.0858,-5.5817
-6.0858,-5.6927
-6.0858,-5.9632
-2.8104,-3.5408
-2.8104,-3.2627
-2.8104,-3.2169
-2.8104,-2.6307
-2.8104,-2.5948
-2.8104,-2.4538
-2.8104,-2.7147
-2.8104,-3.629
-2.8104,-3.3852
-2.8104,-3.0832
-2.8104,-1.8026
-2.8104,-2.1727
-2.8104,-2.8646
1.4426,2.0369
1.4426,1.3976
1.4426,0.6344
1.4426,0.89001
1.4426,1.5071
1.4426,0.7746
0.385,0.2977
0.385,1.0667
0.385,0.88777
0.385,-0.25312
0.385,0.12193
0.385,0.50867
0.385,0.58216
0.385,-0.23281
0.385,1.2695
5.6633,5.4737
5.6633,6.1072
5.6633,5.8741
5.6633,5.2876
5.6633,6.3187
5.6633,5.6912
5.6633,4.9059
5.6633,6.1672
5.6633,5.1255
-1.0677,-1.1571
-1.0677,-0.25312
-1.0677,-0.3243
1.4818,1.2389
1.4818,2.1374
1.4818,1.0667
1.4818,0.88777
1.4818,1.3976
1.4818,2.0008
1.4818,1.688
1.4818,1.2695
5.2019,5.3507
5.2019,5.0446
5.2019,4.3665
-5.2181,-4.8546
-5.2181,-4.6531
5.4819,5.617
5.4819,5.8741
5.4819,6.4063
5.4819,5.1255
5.4819,6.0363
5.4819,4.6628
5.4819,6.266
-4.6531,-4.0529
-4.6531,-4.8546
-4.6531,-5.2181
-4.6531,-3.9549
-4.6531,-4.1275
4.5151,3.7306
4.5151,4.4217
4.5151,5.4337
4.5151,5.0446
4.5151,5.2188
4.5151,4.6483
-3.7935,-4.0529
-3.7935,-3.5408
-3.7935,-4.4406
-3.7935,-4.3528
-3.7935,-3.2169
-3.7935,-3.7364
-3.7935,-3.9858
-3.7935,-4.196
-3.7935,-3.629
-3.7935,-4.5216
-3.7935,-3.3852
-3.7935,-3.0832
-0.090861,-0.39443
-0.090861,0.47505
6.4063,5.617
6.4063,6.7769
6.4063,5.4819
6.4063,7.3354
6.4063,6.7529
6.4063,6.0363
6.4063,6.266
0.23169,0.2977
0.23169,0.50867
0.23169,0.6344
0.23169,0.89001
0.23169,0.7746
0.23169,-0.3243
1.2438,0.47505
1.2438,0.88131
1.2438,1.581
1.2438,0.75173
1.2438,1.725
1.2438,1.2364
1.2438,1.6053
4.6183,5.5274
4.6183,4.7969
4.6183,3.8061
4.6183,4.9097
2.4984,2.0369
2.4984,2.1374
2.4984,2.0008
6.1672,6.1072
6.1672,6.8699
6.1672,5.8741
6.1672,5.2876
6.1672,6.2567
6.1672,6.3187
6.1672,5.6912
6.1672,5.6633
6.1672,6.7689
6.1672,6.266
6.4617,6.2567
6.4617,5.6334
5.4522,5.3531
5.4522,5.6429
5.4522,5.4337
5.4522,6.1056
5.4522,5.2188
5.4522,4.6483
5.4522,6.2131
7.1077,6.3673
7.1077,7.0919
7.1077,7.1639
-2.6307,-2.359
-2.6307,-3.5408
-2.6307,-3.2169
-2.6307,-1.8203
-2.6307,-2.8104
-2.6307,-2.4538
-2.6307,-2.7147
-2.6307,-3.3852
-2.6307,-3.0832
-2.6307,-1.8026
-2.6307,-2.8646
0.12193,0.88777
0.12193,0.385
0.12193,0.58216
0.12193,-0.43566
0.12193,-0.23281
0.12193,0.43227
-2.5948,-3.2627
-2.5948,-2.5306
-2.5948,-1.9225
-2.5948,-1.7832
-2.5948,-2.8104
-2.5948,-2.4538
-2.5948,-2.7147
-2.5948,-3.0258
-2.5948,-2.0277
-2.5948,-3.0832
-2.5948,-2.1727
7.0919,6.1485
7.0919,7.1077
7.0919,6.1696
-6.3889,-6.1201
-6.3889,-5.7799
-6.3889,-6.6743
0.50867,0.2977
0.50867,1.0667
0.50867,0.88777
0.50867,-0.25312
0.50867,0.385
0.50867,0.23169
0.50867,-0.23281
0.50867,1.2695
0.50867,0.7746
0.75173,0.47505
0.75173,0.88131
0.75173,0.54222
0.75173,1.2438
0.75173,1.6053
-0.31169,0.42994
1.7597,1.581
1.7597,2.5043
1.7597,1.725
1.7597,1.2364
1.7597,1.2849
1.7597,2.0442
2.4919,2.1374
2.4919,2.1254
2.4919,1.688
-1.2905,-1.9225
-1.2905,-1.7832
-1.2905,-1.0153
-1.2905,-2.0277
-1.2905,-2.1727
-1.2905,-1.1997
6.1056,6.1485
6.1056,6.3673
6.1056,5.4337
6.1056,5.4522
6.1056,6.4546
6.1056,5.2188
6.1056,6.2131
-5.7799,-4.9757
-5.7799,-6.1201
-5.7799,-5.4021
-5.7799,-6.3889
-5.7799,-5.1082
1.725,2.2274
1.725,0.88131
1.725,1.581
1.725,1.2438
1.725,1.7597
1.725,1.2364
1.725,1.6053
-4.196,-4.0529
-4.196,-3.5408
-4.196,-4.8546
-4.196,-4.4406
-4.196,-3.2169
-4.196,-3.5092
-4.196,-3.7364
-4.196,-3.7935
-4.196,-4.5216
-4.196,-4.1275
6.4546,6.3673
6.4546,5.6429
6.4546,6.1056
6.4546,7.1639
6.4546,6.2131
0.58216,1.2389
0.58216,1.0667
0.58216,0.88777
0.58216,0.385
0.58216,0.12193
0.58216,-0.23281
0.58216,0.43227
5.0446,4.4217
5.0446,5.4337
5.0446,5.3507
5.0446,5.2019
5.0446,4.5151
5.0446,5.2188
5.0446,4.3665
-4.8097,-5.2747
-4.8097,-4.4406
-4.8097,-4.3528
-4.8097,-3.9858
-4.8097,-4.5216
-3.7469,-3.2627
-3.7469,-4.3528
-3.7469,-3.6597
-3.7469,-3.0258
5.2188,5.3531
5.2188,4.4217
5.2188,5.4337
5.2188,5.3507
5.2188,4.5151
5.2188,5.4522
5.2188,6.1056
5.2188,5.0446
5.2188,4.6483
-1.0153,-1.4616
-1.0153,-1.7832
-1.0153,-1.2905
-6.2172,-5.4749
-6.2172,-5.6411
-6.2172,-6.7396
-6.2172,-5.9632
6.1696,6.1485
6.1696,6.3673
6.1696,5.3507
6.1696,7.0919
1.3976,2.0369
1.3976,1.0667
1.3976,1.4426
1.3976,1.4818
1.3976,0.89001
1.3976,2.0008
1.3976,1.2695
1.3976,0.7746
-7.0537,-6.3113
7.1639,7.1077
7.1639,6.4546
7.1639,6.2131
7.3354,7.8221
7.3354,6.7769
7.3354,6.4063
7.3354,6.7529
7.3354,7.4287
-2.4538,-2.359
-2.4538,-1.9225
-2.4538,-1.8203
-2.4538,-2.8104
-2.4538,-2.6307
-2.4538,-2.5948
-2.4538,-2.7147
-2.4538,-3.3852
-2.4538,-3.0832
-2.4538,-1.8026
-2.4538,-2.1727
-2.4538,-2.8646
0.6344,1.4426
0.6344,0.23169
0.6344,0.89001
0.6344,1.5071
0.89001,0.2977
0.89001,1.4426
0.89001,0.23169
0.89001,1.3976
0.89001,0.6344
0.89001,0.7746
1.2364,0.47505
1.2364,0.88131
1.2364,1.581
1.2364,0.42994
1.2364,1.2438
1.2364,1.7597
1.2364,1.725
1.2364,1.2849
1.2364,0.61353
4.7969,5.5274
4.7969,4.6183
2.0008,2.0369
2.0008,2.1374
2.0008,1.0667
2.0008,1.4818
2.0008,2.4984
2.0008,1.3976
2.0008,1.2695
-2.7147,-3.2627
-2.7147,-1.9225
-2.7147,-2.8104
-2.7147,-2.6307
-2.7147,-2.5948
-2.7147,-2.4538
-2.7147,-3.629
-2.7147,-3.3852
-2.7147,-3.0832
-2.7147,-1.8026
-2.7147,-2.1727
-3.9549,-3.5092
-3.9549,-4.6531
-3.9549,-4.1275
-4.761,-4.8542
-4.761,-4.3179
-4.761,-4.5964
-4.761,-5.3555
-4.761,-5.0373
-4.761,-4.2797
-4.761,-4.8761
-4.761,-5.1347
-4.761,-5.5817
-5.0817,-5.4749
-5.0817,-5.6411
-5.0817,-4.3191
-5.0817,-5.3555
-5.0817,-4.8761
1.2849,1.2822
1.2849,1.581
1.2849,0.42994
1.2849,1.7597
1.2849,1.2364
1.2849,2.0442
1.2849,0.61353
-3.629,-3.5408
-3.629,-3.2627
-3.629,-4.4406
-3.629,-4.3528
-3.629,-3.2169
-3.629,-3.9858
-3.629,-3.6597
-3.629,-2.8104
-3.629,-3.7935
-3.629,-2.7147
-3.629,-3.3852
-3.629,-3.0832
1.5071,1.4426
1.5071,0.6344
3.8061,3.7148
3.8061,4.6183
-3.5285,-4.2797
-3.8353,-4.3179
-3.8353,-4.5964
-3.8353,-4.1798
-4.2797,-4.3179
-4.2797,-4.5964
-4.2797,-4.3191
-4.2797,-5.0373
-4.2797,-4.761
-4.2797,-3.5285
-4.2797,-4.8761
2.1254,1.338
2.1254,2.4919
2.1254,1.688
4.5258,5.3531
4.5258,4.6483
-4.1798,-3.9265
-4.1798,-4.8542
-4.1798,-4.5964
-4.1798,-4.9757
-4.1798,-4.5733
-4.1798,-3.8353
-4.1798,-5.1082
-4.5216,-4.0529
-4.5216,-5.2747
-4.5216,-3.5408
-4.5216,-4.8546
-4.5216,-4.4406
-4.5216,-3.7364
-4.5216,-3.9858
-4.5216,-3.7935
-4.5216,-4.196
-4.5216,-4.8097
6.7529,6.8699
6.7529,5.8741
6.7529,6.7769
6.7529,6.3187
6.7529,6.4063
6.7529,7.3354
6.7529,7.4287
6.7529,6.266
-3.3852,-3.5408
-3.3852,-3.2627
-3.3852,-3.2169
-3.3852,-3.7364
-3.3852,-3.9858
-3.3852,-2.8104
-3.3852,-3.7935
-3.3852,-2.6307
-3.3852,-2.4538
-3.3852,-2.7147
-3.3852,-3.629
-3.3852,-3.0832
-3.3852,-2.8646
1.688,1.338
1.688,1.2389
1.688,2.1374
1.688,0.88777
1.688,1.4818
1.688,2.4919
1.688,2.1254
5.1255,5.617
5.1255,5.8741
5.1255,5.2876
5.1255,4.4179
5.1255,5.6912
5.1255,4.9059
5.1255,5.6633
5.1255,5.4819
5.1255,4.6628
-3.0258,-3.2627
-3.0258,-2.4234
-3.0258,-2.5306
-3.0258,-3.6597
-3.0258,-2.5948
-3.0258,-3.7469
-3.0258,-3.0832
2.0442,1.2822
2.0442,1.7597
2.0442,1.2849
6.7689,6.1072
6.7689,6.8699
6.7689,6.2567
6.7689,6.1672
4.3665,4.4217
4.3665,5.3507
4.3665,5.2019
4.3665,5.0446
-0.43566,0.12193
-0.43566,-0.23281
-0.43566,0.43227
-4.1275,-4.0529
-4.1275,-4.8546
-4.1275,-3.5092
-4.1275,-3.7364
-4.1275,-4.6531
-4.1275,-4.196
-4.1275,-3.9549
-3.2674,-3.2333
-4.8761,-5.4749
-4.8761,-4.3179
-4.8761,-5.6411
-4.8761,-4.3191
-4.8761,-5.3555
-4.8761,-5.0373
-4.8761,-4.761
-4.8761,-5.0817
-4.8761,-4.2797
-4.8761,-5.5817
-2.0277,-2.4234
-2.0277,-2.5306
-2.0277,-1.4616
-2.0277,-1.7832
-2.0277,-2.5948
-2.0277,-1.2905
-6.6743,-5.9766
-6.6743,-6.6393
-6.6743,-6.1201
-6.6743,-6.3889
-6.6743,-5.6927
-5.1347,-4.8542
-5.1347,-4.3179
-5.1347,-4.5964
-5.1347,-5.9766
-5.1347,-6.1201
-5.1347,-5.4021
-5.1347,-4.5733
-5.1347,-5.3555
-5.1347,-5.0373
-5.1347,-4.761
-5.1347,-5.5817
-5.1347,-5.6927
-5.1347,-5.1082
-3.0832,-3.2627
-3.0832,-3.9858
-3.0832,-3.6597
-3.0832,-2.8104
-3.0832,-3.7935
-3.0832,-2.6307
-3.0832,-2.5948
-3.0832,-2.4538
-3.0832,-2.7147
-3.0832,-3.629
-3.0832,-3.3852
-3.0832,-3.0258
-3.0832,-2.1727
5.6334,5.4737
5.6334,6.1072
5.6334,6.2567
5.6334,6.4617
4.9097,5.8289
4.9097,4.6183
-1.8026,-1.9225
-1.8026,-1.0523
-1.8026,-1.8203
-1.8026,-2.8104
-1.8026,-2.6307
-1.8026,-2.4538
-1.8026,-2.7147
-1.8026,-2.1727
-1.8026,-1.1997
-5.5817,-4.8542
-5.5817,-5.6411
-5.5817,-5.9766
-5.5817,-6.1201
-5.5817,-5.4021
-5.5817,-5.3555
-5.5817,-5.0373
-5.5817,-6.0858
-5.5817,-4.761
-5.5817,-4.8761
-5.5817,-5.1347
-5.5817,-5.6927
-5.5817,-5.9632
-0.23281,-1.1571
-0.23281,0.2977
-0.23281,-0.25312
-0.23281,0.385
-0.23281,0.12193
-0.23281,0.50867
-0.23281,0.58216
-0.23281,-0.43566
1.2695,2.0369
1.2695,1.0667
1.2695,0.88777
1.2695,0.385
1.2695,1.4818
1.2695,0.50867
1.2695,1.3976
1.2695,2.0008
1.2695,0.7746
0.43227,1.338
0.43227,1.2389
0.43227,0.12193
0.43227,0.58216
0.43227,-0.43566
-5.6927,-4.8542
-5.6927,-5.9766
-5.6927,-6.1201
-5.6927,-5.4021
-5.6927,-5.3555
-5.6927,-5.0373
-5.6927,-6.0858
-5.6927,-6.6743
-5.6927,-5.1347
-5.6927,-5.5817
-5.6927,-5.1082
-2.1727,-2.5306
-2.1727,-1.9225
-2.1727,-1.7832
-2.1727,-2.8104
-2.1727,-2.5948
-2.1727,-1.2905
-2.1727,-2.4538
-2.1727,-2.7147
-2.1727,-3.0832
-2.1727,-1.8026
-2.1727,-1.1997
-5.9632,-5.4749
-5.9632,-5.6411
-5.9632,-5.9766
-5.9632,-6.6393
-5.9632,-6.6416
-5.9632,-6.7396
-5.9632,-5.3555
-5.9632,-6.0858
-5.9632,-6.2172
-5.9632,-5.5817
0.7746,0.2977
0.7746,1.0667
0.7746,1.4426
0.7746,0.23169
0.7746,0.50867
0.7746,1.3976
0.7746,0.89001
0.7746,1.2695
6.0363,6.7769
6.0363,5.4819
6.0363,6.4063
1.6053,1.2438
1.6053,0.75173
1.6053,1.725
-2.8646,-2.359
-2.8646,-3.5408
-2.8646,-3.2169
-2.8646,-3.5092
-2.8646,-3.7364
-2.8646,-3.0481
-2.8646,-2.8104
-2.8646,-2.6307
-2.8646,-2.4538
-2.8646,-3.3852
4.6483,5.3531
4.6483,4.5151
4.6483,5.4522
4.6483,5.2188
4.6483,4.5258
7.4287,6.8699
7.4287,7.3354
7.4287,6.7529
-5.1082,-4.8542
-5.1082,-4.5964
-5.1082,-4.9757
-5.1082,-5.4021
-5.1082,-4.5733
-5.1082,-5.7799
-5.1082,-4.1798
-5.1082,-5.1347
-5.1082,-5.6927
-4.2234,-3.9265
-4.2234,-4.9757
-0.3243,0.2977
-0.3243,-0.25312
-0.3243,-1.0677
-0.3243,0.23169
0.61353,1.2822
0.61353,0.42994
0.61353,1.2364
0.61353,1.2849
4.6628,5.617
4.6628,5.2876
4.6628,5.4819
4.6628,5.1255
6.2131,5.3531
6.2131,6.3673
6.2131,5.6429
6.2131,5.4522
6.2131,6.1056
6.2131,6.4546
6.2131,7.1639
-1.1997,-1.9225
-1.1997,-1.0523
-1.1997,-1.7832
-1.1997,-1.2905
-1.1997,-1.8026
-1.1997,-2.1727
6.266,6.8699
6.266,5.617
6.266,5.8741
6.266,6.7769
6.266,6.3187
6.266,5.6912
6.266,5.4819
6.266,6.4063
6.266,6.1672
6.266,6.7529
