4.4245,4.5159
4.4245,5.358
4.4245,3.6962
-3.3755,-3.3538
-3.3755,-4.1755
-3.3755,-3.1727
-6.5039,-6.5415
-2.2385,-3.1236
-2.2385,-1.2759
1.0125,1.2017
5.3405,4.5336
5.3405,4.6492
5.3405,4.5087
5.3405,5.3651
5.3405,4.6288
2.4671,3.0165
8.064,7.2848
3.4456,4.2956
3.4456,2.5863
3.4456,2.8314
3.4456,3.4811
7.0075,6.476
-6.5415,-6.5039
-6.5415,-5.8658
-1.69,-0.78016
-1.69,-2.3442
-1.69,-1.0872
-1.69,-1.8463
-1.69,-2.5035
0.24609,0.48847
0.24609,-0.64225
-2.7957,-2.8387
-2.7957,-3.4938
5.3783,6.2647
5.3783,5.2971
5.3783,5.2608
4.1207,3.5308
4.1207,4.5087
4.1207,3.3711
4.1207,4.6288
4.1207,3.7423
4.2956,3.4456
4.2956,3.4811
-2.3601,-2.3238
-2.3601,-2.2188
-2.3601,-2.4676
-2.3601,-3.1684
-2.3601,-1.5008
-2.3601,-3.1208
-7.0566,-7.6451
-3.1236,-2.2385
-3.1236,-3.0835
-6.4827,-6.3586
-6.4827,-7.1998
-1.9735,-2.8387
-1.9735,-2.8589
-1.9735,-1.2819
-0.78016,-1.69
-0.78016,-1.0872
0.61929,1.315
0.61929,-0.28438
-7.7367,-7.9978
-7.7367,-7.7547
-7.7367,-8.485
4.5336,5.3405
4.5336,3.9288
4.5336,4.6492
4.5336,4.5087
4.5336,4.6288
4.5336,3.7423
-4.8363,-4.115
-4.8363,-5.3551
-4.8363,-4.8187
4.3134,3.7477
4.3134,4.4402
4.3134,5.2608
2.1384,2.3371
2.1384,1.3377
-2.8387,-2.7957
-2.8387,-1.9735
-2.8387,-3.654
-2.8387,-2.4676
-2.8387,-3.4938
-2.8387,-2.8589
7.8117,8.4571
2.506,1.8742
2.5414,1.6945
2.5414,3.0712
2.5414,3.3003
-4.115,-4.8363
-4.115,-4.4264
-4.115,-4.2279
1.9133,2.8314
-2.3238,-2.3601
-2.3238,-3.1684
-2.3238,-1.5008
-2.3238,-1.4969
8.5116,9.2423
7.3726,7.2848
2.4335,2.3371
7.2848,8.064
7.2848,7.3726
7.2848,6.476
-6.4081,-6.9141
-6.1922,-6.0041
-3.3538,-3.3755
-3.3538,-3.1727
0.48847,0.24609
0.48847,1.3377
6.3089,7.1529
6.3089,5.7846
6.3089,6.2006
6.3089,6.7379
-4.1755,-3.3755
-4.1755,-3.1727
7.5556,8.0506
7.5556,6.7379
-8.4726,-7.668
-8.4726,-7.929
-3.9741,-3.654
-3.9741,-3.8584
-2.2188,-2.3601
-2.2188,-1.4236
-2.2188,-2.4676
-2.2188,-2.8589
-2.2188,-3.1208
3.2099,2.3371
-6.0041,-6.1922
3.9288,4.5336
3.9288,2.9669
3.9288,3.5308
3.9288,4.6492
3.9288,3.4722
3.9288,4.5087
3.9288,3.7423
2.9669,3.9288
2.9669,3.5308
2.9669,3.4722
2.9669,3.3711
-0.46854,-0.94163
-0.46854,-0.87048
5.2559,4.8324
1.8742,2.506
1.8742,1.315
1.8742,1.4216
8.8843,8.4571
-2.5694,-2.0558
-2.5694,-3.2638
4.5159,4.4245
4.5159,3.6962
4.5159,4.8324
-2.3442,-1.69
-2.3442,-1.8463
-5.3852,-4.7832
-6.9007,-7.7547
7.1529,6.3089
7.1529,7.0642
-7.9231,-7.2459
-1.8188,-1.2759
-1.8188,-2.5035
-8.3994,-7.9978
-8.3994,-7.7547
5.358,4.4245
5.358,5.7846
5.358,6.1844
3.0792,3.7477
7.0642,7.1529
7.0642,6.2006
1.315,0.61929
1.315,1.8742
2.5863,3.4456
6.2647,5.3783
6.2647,6.476
6.2647,5.2608
-0.28438,0.61929
-1.2759,-2.2385
-1.2759,-1.8188
-1.2759,-0.87048
-2.0558,-2.5694
-2.0558,-2.3784
-7.2459,-7.9231
-7.2459,-7.4647
-3.7746,-3.1684
6.476,7.0075
6.476,7.2848
6.476,6.2647
-4.4264,-4.115
-4.2484,-4.1634
-4.2484,-4.7832
-3.654,-2.8387
-3.654,-3.9741
-3.654,-3.4938
-3.654,-2.8589
-3.654,-3.1208
3.0165,2.4671
3.0165,3.3711
2.3371,2.1384
2.3371,2.4335
2.3371,3.2099
2.3371,1.3377
3.5308,4.1207
3.5308,3.9288
3.5308,2.9669
3.5308,3.4722
3.5308,4.5087
3.5308,3.3711
3.5308,3.7423
-1.4236,-2.2188
-1.4236,-1.5008
-1.4236,-1.0895
-1.4236,-1.2819
4.6492,5.3405
4.6492,4.5336
4.6492,3.9288
1.6945,2.5414
1.6945,2.182
3.7477,4.3134
3.7477,3.0792
3.7477,3.0963
-5.3551,-4.8363
-5.3551,-5.356
-5.3551,-4.8187
-7.9978,-7.7367
-7.9978,-8.3994
-7.9978,-7.7547
-7.9978,-8.485
6.5967,6.2246
6.5967,7.5512
-2.4676,-2.3601
-2.4676,-2.8387
-2.4676,-2.2188
-2.4676,-2.8589
-2.4676,-3.1208
-2.7207,-3.1684
-7.6451,-7.0566
-7.6451,-7.8712
-3.1684,-2.3601
-3.1684,-2.3238
-3.1684,-3.7746
-3.1684,-2.7207
-3.1684,-3.1208
-5.0027,-4.8774
-5.356,-5.3551
-5.356,-4.8187
-5.356,-4.7832
3.6962,4.4245
3.6962,4.5159
3.6962,3.0712
3.6962,3.3003
-7.668,-8.4726
-7.668,-6.9141
-7.668,-7.1998
5.7846,6.3089
5.7846,5.358
5.7846,4.8324
5.7846,6.7379
-3.8584,-3.9741
-3.8584,-3.1208
-5.8658,-6.5415
1.4216,1.8742
3.4722,3.9288
3.4722,2.9669
3.4722,3.5308
3.4722,3.4811
-0.64225,0.24609
-0.64225,-1.4969
-4.1634,-4.2484
-4.1634,-3.2638
-4.1634,-4.7832
-4.1634,-4.2279
-1.5008,-2.3601
-1.5008,-2.3238
-1.5008,-1.4236
-1.5008,-1.0895
-1.5008,-1.4969
4.5087,5.3405
4.5087,4.1207
4.5087,4.5336
4.5087,3.9288
4.5087,3.5308
4.5087,4.6288
4.5087,3.7423
-1.0895,-1.4236
-1.0895,-1.5008
-1.0895,-1.4969
6.2006,6.3089
6.2006,7.0642
-1.0872,-1.69
-1.0872,-0.78016
-1.0872,-1.8463
-3.4938,-2.7957
-3.4938,-2.8387
-3.4938,-3.654
-3.4938,-2.8589
-6.3586,-6.4827
-6.3586,-6.9141
-1.4969,-2.3238
-1.4969,-0.64225
-1.4969,-1.5008
-1.4969,-1.0895
5.2971,5.3783
5.2971,4.4402
5.2971,5.2608
3.2024,2.8314
3.2024,4.1365
-3.2638,-2.5694
-3.2638,-4.1634
-4.8187,-4.8363
-4.8187,-5.3551
-4.8187,-5.356
-4.8187,-4.2279
2.182,1.6945
-7.7547,-7.7367
-7.7547,-6.9007
-7.7547,-8.3994
-7.7547,-7.9978
-7.7547,-7.2625
-6.9141,-6.4081
-6.9141,-7.668
-6.9141,-6.3586
-6.9141,-7.1998
2.8314,3.4456
2.8314,1.9133
2.8314,3.2024
3.3711,4.1207
3.3711,2.9669
3.3711,3.0165
3.3711,3.5308
3.3711,3.7423
-1.6418,-0.94163
-1.6418,-0.87048
-1.8463,-1.69
-1.8463,-2.3442
-1.8463,-1.0872
-1.8463,-2.5035
4.0529,3.3003
5.3651,5.3405
5.3651,4.6288
-2.3784,-2.0558
-8.485,-7.7367
-8.485,-7.9978
-4.3125,-5.1169
-5.1169,-4.3125
-7.929,-8.4726
-7.929,-7.1998
-3.0835,-3.1236
4.6288,5.3405
4.6288,4.1207
4.6288,4.5336
4.6288,4.5087
4.6288,5.3651
4.6288,3.7423
4.4402,4.3134
4.4402,5.2971
4.4402,5.2608
3.4811,3.4456
3.4811,4.2956
3.4811,3.4722
-4.7832,-5.3852
-4.7832,-4.2484
-4.7832,-5.356
-4.7832,-4.1634
5.2608,5.3783
5.2608,4.3134
5.2608,6.2647
5.2608,5.2971
5.2608,4.4402
6.1844,5.358
6.1844,6.7379
3.0712,2.5414
3.0712,3.6962
3.0712,3.3003
6.2246,6.5967
-2.8589,-1.9735
-2.8589,-2.8387
-2.8589,-2.2188
-2.8589,-3.654
-2.8589,-2.4676
-2.8589,-3.4938
3.7423,4.1207
3.7423,4.5336
3.7423,3.9288
3.7423,3.5308
3.7423,4.5087
3.7423,3.3711
3.7423,4.6288
-8.7732,-7.8712
-0.94163,-0.46854
-0.94163,-1.6418
-0.94163,-0.87048
8.0506,7.5556
-4.8774,-5.0027
-6.892,-7.8712
7.5512,6.5967
-7.2625,-7.7547
4.8324,5.2559
4.8324,4.5159
4.8324,5.7846
-4.2279,-4.115
-4.2279,-4.1634
-4.2279,-4.8187
-7.1998,-6.4827
-7.1998,-7.668
-7.1998,-6.9141
-7.1998,-7.929
-7.4647,-7.2459
-2.5035,-1.69
-2.5035,-1.8188
-2.5035,-1.8463
-2.5035,-3.1727
8.4571,7.8117
8.4571,8.8843
-3.1727,-3.3755
-3.1727,-3.3538
-3.1727,-4.1755
-3.1727,-2.5035
1.2017,1.0125
4.1365,3.2024
-1.2819,-1.9735
-1.2819,-1.4236
3.0963,3.7477
-0.87048,-0.46854
-0.87048,-1.2759
-0.87048,-1.6418
-0.87048,-0.94163
-7.8712,-7.6451
-7.8712,-8.7732
-7.8712,-6.892
3.3003,2.5414
3.3003,3.6962
3.3003,4.0529
3.3003,3.0712
9.2423,8.5116
1.3377,2.1384
1.3377,0.48847
1.3377,2.3371
1.3377,1.4013
-3.1208,-2.3601
-3.1208,-2.2188
-3.1208,-3.654
-3.1208,-2.4676
-3.1208,-3.1684
-3.1208,-3.8584
6.7379,6.3089
6.7379,7.5556
6.7379,5.7846
6.7379,6.1844
1.4013,1.3377
