3.6595,3.9258
3.6595,3.1302
3.6595,4.5005
3.6595,4.4483
3.6595,4.181
3.6595,4.0297
-3.5312,-3.1441
-3.5312,-2.6206
-3.5312,-3.4747
-3.5312,-3.2982
-4.4298,-4.9146
-4.4298,-4.0222
-4.4298,-3.581
-4.4298,-4.8354
-4.4298,-3.775
-2.8205,-3.2368
-2.8205,-3.1441
-2.8205,-3.4747
-2.8205,-2.6151
-2.8205,-2.6586
-2.8205,-3.581
-2.8205,-2.3129
-2.8205,-2.0371
-2.8205,-2.9692
-2.8205,-2.4022
-2.8205,-2.9657
-0.11349,-0.52621
-0.11349,-0.83445
-0.11349,-1.0892
-0.11349,-0.61615
5.4332,4.8526
5.4332,4.5439
5.4332,5.2975
5.4332,4.9641
5.4332,5.9127
5.4332,6.2824
5.4332,5.2324
5.4332,4.9731
5.4332,6.2092
5.4332,5.1044
5.4332,5.5901
5.4332,5.8922
5.4332,5.1265
4.8526,5.4332
4.8526,4.5439
4.8526,4.3706
4.8526,4.3538
4.8526,5.5901
4.8526,5.1265
-3.2368,-2.8205
-3.2368,-3.1441
-3.2368,-3.4747
-3.2368,-4.0222
-3.2368,-2.6151
-3.2368,-2.6586
-3.2368,-3.581
-3.2368,-2.3129
-3.2368,-3.3089
-3.2368,-2.9692
-3.2368,-2.9657
6.3462,5.8341
6.3462,5.6896
6.3462,6.085
6.3462,6.805
4.5439,5.4332
4.5439,4.8526
4.5439,4.3706
4.5439,5.2975
4.5439,4.9641
4.5439,4.3538
4.5439,5.1044
4.5439,4.181
4.5439,5.1265
4.5439,4.0297
4.5439,4.1271
5.8341,6.3462
5.8341,5.057
5.8341,5.6896
5.8341,6.085
5.8341,5.7849
5.8341,6.805
5.8341,5.1426
5.8341,6.2342
-5.642,-5.6187
-1.5521,-1.4096
-1.5521,-2.254
-0.96486,-1.5645
-0.96486,-1.0034
-0.96486,-1.3228
-0.96486,-1.7307
-0.96486,-1.5741
-0.96486,-1.2974
-0.96486,-0.61615
-0.96486,-0.2598
-0.96486,-0.91919
-1.1073,-0.96086
-1.1073,-0.52621
-1.1073,-1.7062
5.057,5.8341
5.057,4.5211
5.057,5.6896
5.057,4.6735
5.057,5.0434
5.057,4.8099
5.057,5.1426
4.3706,4.8526
4.3706,4.5439
4.3706,3.6719
4.3706,4.3538
4.3706,3.5042
4.3706,4.181
4.3706,5.1265
4.3706,4.1271
4.2389,3.7841
4.2389,3.3531
4.2389,4.0837
4.2389,5.0434
4.2389,4.8099
4.2389,4.3663
5.2975,5.4332
5.2975,4.5439
5.2975,4.9641
5.2975,5.9127
5.2975,5.2324
5.2975,5.7972
5.2975,4.9731
5.2975,4.3538
5.2975,6.2092
5.2975,5.1044
5.2975,5.5901
5.2975,4.694
5.2975,4.9006
5.2975,5.8922
5.2975,5.1265
5.2975,6.1638
-2.1411,-1.5645
-2.1411,-2.3653
-2.1411,-2.5091
-2.1411,-1.3228
-2.1411,-1.755
-2.1411,-2.9465
-2.1411,-1.7307
-2.1411,-1.5741
-2.1411,-1.9773
-2.1411,-2.0481
-5.1514,-5.9949
-5.1514,-5.3441
-3.1441,-3.5312
-3.1441,-2.8205
-3.1441,-3.2368
-3.1441,-2.6206
-3.1441,-3.4747
-3.1441,-2.6586
-3.1441,-2.9692
-3.1441,-4.0283
-3.1441,-2.4022
-6.4069,-6.6705
-6.4069,-5.6435
-6.4069,-6.3534
-6.4069,-6.593
-6.4069,-5.8263
-6.4069,-6.6475
-6.4069,-5.7345
-6.4069,-5.9287
-6.4069,-6.3334
-6.6705,-6.4069
-6.6705,-6.3534
-6.6705,-6.1513
-6.6705,-6.593
-6.6705,-7.0301
-6.6705,-6.6475
-6.6705,-5.7345
-6.6705,-5.9287
4.1983,3.8697
4.1983,3.6519
-0.96086,-1.1073
-0.96086,-0.52621
-0.96086,-0.83445
-0.96086,-1.0892
-0.96086,-1.7062
-0.96086,-1.3494
-0.96086,-1.5964
-1.7869,-2.6586
-1.7869,-1.4096
-1.7869,-1.6358
-1.7869,-2.0767
-1.7869,-2.3129
-1.7869,-2.0371
-1.7869,-2.4022
-0.52621,-0.11349
-0.52621,-1.1073
-0.52621,-0.96086
-0.52621,-0.83445
-0.52621,-1.0892
-0.52621,-0.020613
-0.52621,-1.3494
-7.9032,-6.9481
-7.9032,-8.0363
4.9641,5.4332
4.9641,4.5439
4.9641,5.2975
4.9641,5.2324
4.9641,5.7972
4.9641,4.9731
4.9641,4.3538
4.9641,5.1044
4.9641,5.5901
4.9641,4.694
4.9641,4.9006
4.9641,4.181
4.9641,5.8922
4.9641,5.1265
4.9641,4.0297
4.9641,4.1271
-5.3612,-4.6401
-5.3612,-5.9949
-5.3612,-5.5916
-5.3612,-4.9429
-5.3612,-5.8879
-5.3612,-5.4457
4.5211,5.057
4.5211,4.0052
4.5211,4.6735
4.5211,3.9576
4.5211,4.9064
3.7841,4.2389
3.7841,4.0837
3.7841,4.0052
3.7841,4.6735
-2.0724,-2.0568
-2.0724,-2.3653
-2.0724,-2.7244
-2.0724,-1.7062
-2.0724,-1.3494
-2.0724,-1.5964
6.9091,7.5399
6.9091,6.9147
6.9091,6.5732
6.9091,7.0124
6.9091,6.1638
6.9091,6.0161
6.9091,6.6773
5.9127,5.4332
5.9127,5.2975
5.9127,6.2824
5.9127,5.8149
5.9127,5.2324
5.9127,5.7972
5.9127,4.9731
5.9127,6.2092
5.9127,5.1044
5.9127,5.4764
5.9127,6.9147
5.9127,5.8922
5.9127,5.6969
5.9127,6.5732
5.9127,6.1638
5.9127,6.0161
3.8697,4.1983
3.8697,3.1698
3.8697,3.9576
6.2824,5.4332
6.2824,5.9127
6.2824,6.2092
6.2824,5.5901
6.2824,5.8922
6.2824,7.0124
6.2824,6.1638
2.1389,1.3353
2.1389,2.3525
2.1389,2.7284
2.1389,2.1009
2.1389,1.9235
-4.6401,-5.3612
-4.6401,-4.9429
-4.6401,-5.3528
-4.6401,-4.631
-4.6401,-5.4457
-4.6401,-4.355
3.9258,3.6595
3.9258,4.7671
3.9258,3.1302
3.9258,4.3538
3.9258,4.5005
3.9258,4.4483
3.9258,4.694
3.9258,4.9006
3.9258,4.181
3.9258,4.0297
3.9258,4.1271
-1.5645,-0.96486
-1.5645,-2.1411
-1.5645,-1.3228
-1.5645,-1.835
-1.5645,-1.7307
-1.5645,-2.0481
-1.5645,-0.91919
5.6896,6.3462
5.6896,5.8341
5.6896,5.057
5.6896,5.1426
2.407,3.3531
6.085,6.3462
6.085,5.8341
6.085,5.7849
6.085,5.2735
6.085,6.805
6.085,5.1426
6.085,6.2342
-4.2906,-3.9512
-4.2906,-4.9157
-4.2906,-4.6376
-4.2906,-5.0547
-4.9146,-4.4298
-4.9146,-4.0222
-4.9146,-4.0283
-2.6206,-3.5312
-2.6206,-3.1441
-2.6206,-3.2982
-2.6206,-2.6586
-2.6206,-2.0767
-2.6206,-2.1344
-2.6206,-2.9692
-2.6206,-2.4022
-2.6206,-2.254
-1.0034,-0.96486
-1.0034,-0.83445
-1.0034,-1.3228
-1.0034,-1.0892
-1.0034,-1.755
-1.0034,-1.5741
-1.0034,-1.2974
-1.0034,-1.9773
-1.0034,-0.61615
-1.0034,-0.2598
-1.0034,-0.91919
5.8149,5.9127
5.8149,5.2324
5.8149,5.9352
5.8149,5.7972
5.8149,5.1088
5.8149,6.4817
5.8149,5.4764
5.8149,5.7497
5.8149,5.6969
5.8149,6.5732
5.8149,5.3712
5.8149,6.1638
5.8149,6.0161
5.8149,6.6773
-3.4747,-3.5312
-3.4747,-2.8205
-3.4747,-3.2368
-3.4747,-3.1441
-3.4747,-2.6586
-3.4747,-3.581
-3.4747,-2.9692
-3.4747,-4.0283
7.5399,6.9091
7.5399,6.6773
-6.4298,-6.1513
-6.4298,-7.0301
-2.0568,-2.0724
-2.0568,-2.3653
-2.0568,-2.7244
-2.0568,-1.755
-2.0568,-1.5741
-2.0568,-1.2974
-2.0568,-1.7062
-2.0568,-1.9773
-2.0568,-1.3494
-2.0568,-1.5964
-2.3653,-2.1411
-2.3653,-2.0724
-2.3653,-2.0568
-2.3653,-2.5091
-2.3653,-2.7244
-2.3653,-1.755
-2.3653,-2.9465
-2.3653,-1.5741
-2.3653,-1.9773
-2.3653,-1.5964
3.3531,4.2389
3.3531,2.407
-4.0222,-4.4298
-4.0222,-3.2368
-4.0222,-4.9146
-4.0222,-3.581
-4.0222,-3.775
-4.0222,-4.0283
5.2324,5.4332
5.2324,5.2975
5.2324,4.9641
5.2324,5.9127
5.2324,5.8149
5.2324,5.7972
5.2324,4.7671
5.2324,4.9731
5.2324,5.1044
5.2324,5.4764
5.2324,4.4483
5.2324,4.694
5.2324,4.9006
5.2324,5.8922
5.2324,5.1265
5.2324,5.6969
5.2324,5.3712
5.2324,6.1638
5.2324,6.0161
3.2592,3.1302
3.2592,3.6719
3.2592,3.5042
3.2592,4.181
3.2592,4.0297
3.2592,4.1271
4.0837,4.2389
4.0837,3.7841
4.0837,4.0052
4.0837,4.6735
4.0837,5.0434
4.0837,4.8099
4.0837,4.3663
-2.6151,-2.8205
-2.6151,-3.2368
-2.6151,-2.6586
-2.6151,-1.6358
-2.6151,-3.581
-2.6151,-2.6409
-2.6151,-2.3129
-2.6151,-2.0371
-2.6151,-3.3089
-2.6151,-2.0087
-2.6151,-2.9657
5.9352,5.8149
5.9352,5.1088
5.9352,6.4817
5.9352,5.7497
5.9352,5.3712
-5.6187,-5.642
-5.6187,-4.8354
-5.6187,-5.3441
1.3353,2.1389
1.3353,1.1872
1.3353,1.9235
5.7972,5.2975
5.7972,4.9641
5.7972,5.9127
5.7972,5.8149
5.7972,5.2324
5.7972,4.9731
5.7972,6.2092
5.7972,5.1044
5.7972,5.4764
5.7972,5.7497
5.7972,4.9006
5.7972,5.8922
5.7972,5.6969
5.7972,6.5732
5.7972,5.3712
5.7972,6.1638
5.7972,6.0161
-5.6435,-6.4069
-5.6435,-6.3534
-5.6435,-4.9157
-5.6435,-5.5916
-5.6435,-5.3528
-5.6435,-5.404
-5.6435,-5.8263
-5.6435,-5.7345
-5.6435,-5.9287
-5.6435,-5.4457
5.1088,5.8149
5.1088,5.9352
5.1088,4.7671
5.1088,5.4764
5.1088,4.5005
5.1088,5.7497
5.1088,5.3712
-3.2982,-3.5312
-3.2982,-2.6206
-6.3534,-6.4069
-6.3534,-6.6705
-6.3534,-5.6435
-6.3534,-6.1513
-6.3534,-5.404
-6.3534,-7.0301
-6.3534,-6.6475
-6.3534,-5.7345
-6.3534,-5.9287
-6.1513,-6.6705
-6.1513,-6.4298
-6.1513,-6.3534
-6.1513,-5.404
-6.1513,-7.0301
-6.1513,-5.7345
-6.1513,-5.9287
-6.1513,-5.3734
6.4817,5.8149
6.4817,5.9352
6.4817,5.7497
6.4817,6.5732
6.4817,6.0161
6.4817,6.6773
-5.9949,-5.1514
-5.9949,-5.3612
-5.9949,-5.8879
-5.9949,-6.8037
-2.6586,-2.8205
-2.6586,-3.2368
-2.6586,-3.1441
-2.6586,-1.7869
-2.6586,-2.6206
-2.6586,-3.4747
-2.6586,-2.6151
-2.6586,-2.0767
-2.6586,-2.3129
-2.6586,-2.9692
-2.6586,-2.4022
-9.3356,-8.7836
-9.3356,-8.9571
-1.4096,-1.5521
-1.4096,-1.7869
-1.4096,-2.0767
-1.4096,-2.4022
4.7671,3.9258
4.7671,5.2324
4.7671,5.1088
4.7671,4.9731
4.7671,5.1044
4.7671,5.4764
4.7671,4.5005
4.7671,4.4483
4.7671,4.694
4.7671,4.9006
4.7671,5.6969
4.7671,5.3712
4.0052,4.5211
4.0052,3.7841
4.0052,4.0837
4.0052,4.6735
4.0052,3.9576
4.6735,5.057
4.6735,4.5211
4.6735,3.7841
4.6735,4.0837
4.6735,4.0052
4.6735,5.0434
4.6735,4.8099
4.6735,5.1426
3.1698,3.8697
3.1698,2.7284
3.1698,3.1155
3.1698,3.0453
3.1302,3.6595
3.1302,3.9258
3.1302,3.2592
3.1302,4.0297
5.7849,5.8341
5.7849,6.085
5.7849,5.0434
5.7849,4.8099
5.7849,5.2735
5.7849,5.1426
5.7849,6.2342
1.1872,1.3353
1.1872,1.9235
1.1872,1.1177
-3.9512,-4.2906
-3.9512,-4.9157
-3.9512,-4.631
-3.9512,-4.355
-0.83445,-0.11349
-0.83445,-0.96086
-0.83445,-0.52621
-0.83445,-1.0034
-0.83445,-1.0892
-0.83445,-1.2974
-0.83445,-1.3494
-0.83445,-0.61615
-0.83445,-1.5964
-1.6358,-1.7869
-1.6358,-2.6151
-1.6358,-2.3129
-1.6358,-2.0371
-1.6358,-2.0087
4.9731,5.4332
4.9731,5.2975
4.9731,4.9641
4.9731,5.9127
4.9731,5.2324
4.9731,5.7972
4.9731,4.7671
4.9731,4.3538
4.9731,5.1044
4.9731,5.4764
4.9731,4.4483
4.9731,4.694
4.9731,4.9006
4.9731,4.181
4.9731,5.8922
4.9731,5.1265
4.9731,4.0297
4.9731,5.6969
-4.9157,-4.2906
-4.9157,-5.6435
-4.9157,-3.9512
-4.9157,-5.3528
-4.9157,-5.404
-4.9157,-4.631
-4.9157,-5.7345
-4.9157,-5.0547
-4.9157,-4.355
-5.5916,-5.3612
-5.5916,-5.6435
-5.5916,-4.9429
-5.5916,-5.3528
-5.5916,-5.8879
-5.5916,-5.8263
-5.5916,-6.3334
-5.5916,-5.4457
-2.5091,-2.1411
-2.5091,-2.3653
-2.5091,-1.755
-2.5091,-2.8402
-2.5091,-2.9465
-2.5091,-1.7307
-2.5091,-1.9773
-2.5091,-2.0481
5.0434,5.057
5.0434,4.2389
5.0434,4.0837
5.0434,4.6735
5.0434,5.7849
5.0434,4.8099
5.0434,5.2735
5.0434,5.1426
5.0434,5.2885
5.0434,4.3663
-4.9429,-5.3612
-4.9429,-4.6401
-4.9429,-5.5916
-4.9429,-5.8879
-4.9429,-5.4457
-4.9429,-4.355
-5.3528,-4.6401
-5.3528,-5.6435
-5.3528,-4.9157
-5.3528,-5.5916
-5.3528,-4.631
-5.3528,-5.8263
-5.3528,-5.7345
-5.3528,-5.0547
-5.3528,-5.4457
-2.7244,-2.0724
-2.7244,-2.0568
-2.7244,-2.3653
-2.7244,-2.9465
-2.7244,-1.9773
3.6719,4.3706
3.6719,3.2592
3.6719,3.5042
3.6719,4.1271
-1.3228,-0.96486
-1.3228,-2.1411
-1.3228,-1.5645
-1.3228,-1.0034
-1.3228,-1.755
-1.3228,-1.7307
-1.3228,-1.5741
-1.3228,-1.2974
-1.3228,-1.9773
-1.3228,-0.61615
-1.3228,-2.0481
-1.3228,-0.91919
4.3538,4.8526
4.3538,4.5439
4.3538,4.3706
4.3538,5.2975
4.3538,4.9641
4.3538,3.9258
4.3538,4.9731
4.3538,5.1044
4.3538,3.5042
4.3538,4.694
4.3538,4.181
4.3538,5.1265
4.3538,4.0297
4.3538,4.1271
-1.0892,-0.11349
-1.0892,-0.96086
-1.0892,-0.52621
-1.0892,-1.0034
-1.0892,-0.83445
-1.0892,-1.755
-1.0892,-1.5741
-1.0892,-1.2974
-1.0892,-1.7062
-1.0892,-1.3494
-1.0892,-0.61615
-1.0892,-1.5964
6.2092,5.4332
6.2092,5.2975
6.2092,5.9127
6.2092,6.2824
6.2092,5.7972
6.2092,5.5901
6.2092,6.9147
6.2092,5.8922
6.2092,7.0124
6.2092,6.1638
6.2092,6.0161
2.3525,2.1389
2.3525,2.7284
2.3525,3.0453
2.3525,1.9235
2.3525,2.7218
4.8099,5.057
4.8099,4.2389
4.8099,4.0837
4.8099,4.6735
4.8099,5.7849
4.8099,5.0434
4.8099,5.2735
4.8099,5.1426
-6.593,-6.4069
-6.593,-6.6705
-6.593,-5.8879
-6.593,-5.8263
-6.593,-6.6475
-6.593,-6.3334
-6.593,-7.4621
-6.593,-6.7562
2.7284,2.1389
2.7284,3.1698
2.7284,2.3525
2.7284,2.1009
2.7284,3.0453
-9.7738,-8.9425
-9.7738,-8.9571
-8.7836,-9.3356
-8.7836,-8.9571
-8.7836,-8.0363
5.2735,6.085
5.2735,5.7849
5.2735,5.0434
5.2735,4.8099
5.2735,5.1426
5.2735,5.2885
5.2735,6.2342
5.2735,4.3663
6.805,6.3462
6.805,5.8341
6.805,6.085
-1.755,-2.1411
-1.755,-1.0034
-1.755,-2.0568
-1.755,-2.3653
-1.755,-2.5091
-1.755,-1.3228
-1.755,-1.0892
-1.755,-1.5741
-1.755,-1.2974
-1.755,-1.9773
-1.755,-1.3494
-1.755,-1.5964
-1.835,-1.5645
5.1044,5.4332
5.1044,4.5439
5.1044,5.2975
5.1044,4.9641
5.1044,5.9127
5.1044,5.2324
5.1044,5.7972
5.1044,4.7671
5.1044,4.9731
5.1044,4.3538
5.1044,5.4764
5.1044,4.4483
5.1044,4.694
5.1044,4.9006
5.1044,4.181
5.1044,5.8922
5.1044,5.1265
5.1044,5.6969
-5.8879,-5.3612
-5.8879,-5.9949
-5.8879,-5.5916
-5.8879,-4.9429
-5.8879,-6.593
-5.8879,-5.8263
-5.8879,-6.3334
-5.8879,-5.4457
-5.8879,-6.7562
5.4764,5.9127
5.4764,5.8149
5.4764,5.2324
5.4764,5.7972
5.4764,5.1088
5.4764,4.7671
5.4764,4.9731
5.4764,5.1044
5.4764,5.7497
5.4764,4.694
5.4764,4.9006
5.4764,5.8922
5.4764,5.6969
5.4764,5.3712
5.4764,6.1638
5.4764,6.0161
-2.8402,-2.5091
-2.8402,-2.0481
-3.581,-4.4298
-3.581,-2.8205
-3.581,-3.2368
-3.581,-3.4747
-3.581,-4.0222
-3.581,-2.6151
-3.581,-3.775
-3.581,-3.3089
-3.581,-2.9692
-3.581,-4.0283
-3.581,-2.9657
-5.404,-5.6435
-5.404,-6.3534
-5.404,-6.1513
-5.404,-4.9157
-5.404,-5.7345
-5.404,-5.0547
-5.404,-5.9287
-5.404,-5.3734
2.0358,1.1177
2.0358,2.7218
4.5005,3.6595
4.5005,3.9258
4.5005,5.1088
4.5005,4.7671
4.5005,4.4483
4.5005,4.694
4.5005,4.9006
4.5005,5.3712
3.1155,3.1698
3.1155,3.9576
-7.0301,-6.6705
-7.0301,-6.4298
-7.0301,-6.3534
-7.0301,-6.1513
-7.0301,-7.6809
4.4483,3.6595
4.4483,3.9258
4.4483,5.2324
4.4483,4.7671
4.4483,4.9731
4.4483,5.1044
4.4483,4.5005
4.4483,4.694
4.4483,4.9006
4.4483,4.181
4.4483,4.0297
-2.9465,-2.1411
-2.9465,-2.3653
-2.9465,-2.5091
-2.9465,-2.7244
-4.8354,-4.4298
-4.8354,-5.6187
2.1009,2.1389
2.1009,2.7284
3.5042,4.3706
3.5042,3.2592
3.5042,3.6719
3.5042,4.3538
3.5042,4.1271
-1.7307,-0.96486
-1.7307,-2.1411
-1.7307,-1.5645
-1.7307,-2.5091
-1.7307,-1.3228
-1.7307,-1.5741
-1.7307,-1.9773
-1.7307,-2.0481
-1.7307,-0.91919
-4.631,-4.6401
-4.631,-3.9512
-4.631,-4.9157
-4.631,-5.3528
-4.631,-5.0547
-4.631,-5.4457
-4.631,-4.355
-1.5741,-0.96486
-1.5741,-2.1411
-1.5741,-1.0034
-1.5741,-2.0568
-1.5741,-2.3653
-1.5741,-1.3228
-1.5741,-1.0892
-1.5741,-1.755
-1.5741,-1.7307
-1.5741,-1.2974
-1.5741,-1.9773
-1.5741,-1.3494
-1.5741,-2.0481
-8.9425,-9.7738
-8.9425,-8.9571
5.5901,5.4332
5.5901,4.8526
5.5901,5.2975
5.5901,4.9641
5.5901,6.2824
5.5901,6.2092
5.5901,5.8922
5.5901,5.1265
6.9147,6.9091
6.9147,5.9127
6.9147,6.2092
6.9147,6.5732
6.9147,7.0124
6.9147,6.1638
6.9147,6.6773
-1.2974,-0.96486
-1.2974,-1.0034
-1.2974,-2.0568
-1.2974,-0.83445
-1.2974,-1.3228
-1.2974,-1.0892
-1.2974,-1.755
-1.2974,-1.5741
-1.2974,-1.9773
-1.2974,-1.3494
-1.2974,-0.61615
-1.2974,-1.5964
5.7497,5.8149
5.7497,5.9352
5.7497,5.7972
5.7497,5.1088
5.7497,6.4817
5.7497,5.4764
5.7497,5.6969
5.7497,6.5732
5.7497,5.3712
5.7497,6.0161
5.7497,6.6773
-2.0767,-1.7869
-2.0767,-2.6206
-2.0767,-2.6586
-2.0767,-1.4096
-2.0767,-2.3129
-2.0767,-2.0371
-2.0767,-2.9692
-2.0767,-2.4022
-2.0767,-2.254
-1.7062,-1.1073
-1.7062,-0.96086
-1.7062,-2.0724
-1.7062,-2.0568
-1.7062,-1.0892
-1.7062,-1.3494
-1.7062,-1.5964
-4.6376,-4.2906
-4.6376,-5.3734
-1.9773,-2.1411
-1.9773,-1.0034
-1.9773,-2.0568
-1.9773,-2.3653
-1.9773,-2.5091
-1.9773,-2.7244
-1.9773,-1.3228
-1.9773,-1.755
-1.9773,-1.7307
-1.9773,-1.5741
-1.9773,-1.2974
-1.9773,-1.5964
-1.9773,-2.0481
3.9576,4.5211
3.9576,3.8697
3.9576,4.0052
3.9576,3.1155
3.9576,4.9064
4.694,5.2975
4.694,4.9641
4.694,3.9258
4.694,5.2324
4.694,4.7671
4.694,4.9731
4.694,4.3538
4.694,5.1044
4.694,5.4764
4.694,4.5005
4.694,4.4483
4.694,4.9006
4.694,4.181
4.694,5.1265
4.694,4.0297
4.694,4.1271
-5.8263,-6.4069
-5.8263,-5.6435
-5.8263,-5.5916
-5.8263,-5.3528
-5.8263,-6.593
-5.8263,-5.8879
-5.8263,-6.6475
-5.8263,-5.7345
-5.8263,-6.3334
-5.8263,-5.4457
-6.6475,-6.4069
-6.6475,-6.6705
-6.6475,-6.3534
-6.6475,-6.593
-6.6475,-5.8263
-6.6475,-6.3334
-6.6475,-7.4621
3.0453,3.1698
3.0453,2.3525
3.0453,2.7284
3.0453,3.6519
3.0453,2.7218
-6.9481,-7.9032
-5.7345,-6.4069
-5.7345,-6.6705
-5.7345,-5.6435
-5.7345,-6.3534
-5.7345,-6.1513
-5.7345,-4.9157
-5.7345,-5.3528
-5.7345,-5.404
-5.7345,-5.8263
-5.7345,-5.0547
-5.7345,-5.9287
-5.7345,-5.4457
4.9006,5.2975
4.9006,4.9641
4.9006,3.9258
4.9006,5.2324
4.9006,5.7972
4.9006,4.7671
4.9006,4.9731
4.9006,5.1044
4.9006,5.4764
4.9006,4.5005
4.9006,4.4483
4.9006,4.694
4.9006,4.181
4.9006,4.0297
4.9006,5.6969
4.9006,5.3712
4.181,3.6595
4.181,4.5439
4.181,4.3706
4.181,4.9641
4.181,3.9258
4.181,3.2592
4.181,4.9731
4.181,4.3538
4.181,5.1044
4.181,4.4483
4.181,4.694
4.181,4.9006
4.181,4.0297
4.181,4.1271
-2.6409,-2.6151
-2.6409,-3.3089
-2.6409,-2.0087
-2.6409,-2.9657
-2.3129,-2.8205
-2.3129,-3.2368
-2.3129,-1.7869
-2.3129,-2.6151
-2.3129,-2.6586
-2.3129,-1.6358
-2.3129,-2.0767
-2.3129,-2.0371
-2.3129,-2.9692
-2.3129,-2.4022
-2.3129,-2.9657
3.6519,4.1983
3.6519,3.0453
5.8922,5.4332
5.8922,5.2975
5.8922,4.9641
5.8922,5.9127
5.8922,6.2824
5.8922,5.2324
5.8922,5.7972
5.8922,4.9731
5.8922,6.2092
5.8922,5.1044
5.8922,5.4764
5.8922,5.5901
5.8922,5.1265
5.8922,5.6969
5.8922,6.1638
5.8922,6.0161
-5.0547,-4.2906
-5.0547,-4.9157
-5.0547,-5.3528
-5.0547,-5.404
-5.0547,-4.631
-5.0547,-5.7345
-5.0547,-5.9287
-5.0547,-5.3734
-8.9571,-9.3356
-8.9571,-9.7738
-8.9571,-8.7836
-8.9571,-8.9425
-8.9571,-8.0363
-2.0371,-2.8205
-2.0371,-1.7869
-2.0371,-2.6151
-2.0371,-1.6358
-2.0371,-2.0767
-2.0371,-2.3129
-2.0371,-2.0087
-2.0371,-2.9657
-3.775,-4.4298
-3.775,-4.0222
-3.775,-3.581
-3.775,-3.3089
-2.1344,-2.6206
-2.1344,-2.254
-7.6809,-7.0301
-7.6809,-7.4621
-0.020613,-0.52621
-3.3089,-3.2368
-3.3089,-2.6151
-3.3089,-3.581
-3.3089,-2.6409
-3.3089,-3.775
-3.3089,-2.9657
5.1265,5.4332
5.1265,4.8526
5.1265,4.5439
5.1265,4.3706
5.1265,5.2975
5.1265,4.9641
5.1265,5.2324
5.1265,4.9731
5.1265,4.3538
5.1265,5.1044
5.1265,5.5901
5.1265,4.694
5.1265,5.8922
5.1265,4.1271
4.9064,4.5211
4.9064,3.9576
4.0297,3.6595
4.0297,4.5439
4.0297,4.9641
4.0297,3.9258
4.0297,3.2592
4.0297,3.1302
4.0297,4.9731
4.0297,4.3538
4.0297,4.4483
4.0297,4.694
4.0297,4.9006
4.0297,4.181
4.0297,4.1271
-5.9287,-6.4069
-5.9287,-6.6705
-5.9287,-5.6435
-5.9287,-6.3534
-5.9287,-6.1513
-5.9287,-5.404
-5.9287,-5.7345
-5.9287,-5.0547
5.1426,5.8341
5.1426,5.057
5.1426,5.6896
5.1426,6.085
5.1426,4.6735
5.1426,5.7849
5.1426,5.0434
5.1426,4.8099
5.1426,5.2735
5.6969,5.9127
5.6969,5.8149
5.6969,5.2324
5.6969,5.7972
5.6969,4.7671
5.6969,4.9731
5.6969,5.1044
5.6969,5.4764
5.6969,5.7497
5.6969,4.9006
5.6969,5.8922
5.6969,6.5732
5.6969,5.3712
5.6969,6.1638
5.6969,6.0161
1.9235,2.1389
1.9235,1.3353
1.9235,1.1872
1.9235,2.3525
5.2885,5.0434
5.2885,5.2735
5.2885,4.3663
-1.3494,-0.96086
-1.3494,-0.52621
-1.3494,-2.0724
-1.3494,-2.0568
-1.3494,-0.83445
-1.3494,-1.0892
-1.3494,-1.755
-1.3494,-1.5741
-1.3494,-1.2974
-1.3494,-1.7062
-1.3494,-0.61615
-1.3494,-1.5964
-6.3334,-6.4069
-6.3334,-5.5916
-6.3334,-6.593
-6.3334,-5.8879
-6.3334,-5.8263
-6.3334,-6.6475
-6.3334,-6.7562
4.1271,4.5439
4.1271,4.3706
4.1271,4.9641
4.1271,3.9258
4.1271,3.2592
4.1271,3.6719
4.1271,4.3538
4.1271,3.5042
4.1271,4.694
4.1271,4.181
4.1271,5.1265
4.1271,4.0297
-6.8037,-5.9949
-6.8037,-6.7562
-2.0087,-2.6151
-2.0087,-1.6358
-2.0087,-2.6409
-2.0087,-2.0371
6.5732,6.9091
6.5732,5.9127
6.5732,5.8149
6.5732,5.7972
6.5732,6.4817
6.5732,6.9147
6.5732,5.7497
6.5732,5.6969
6.5732,6.1638
6.5732,6.0161
6.5732,6.6773
-2.9692,-2.8205
-2.9692,-3.2368
-2.9692,-3.1441
-2.9692,-2.6206
-2.9692,-3.4747
-2.9692,-2.6586
-2.9692,-3.581
-2.9692,-2.0767
-2.9692,-2.3129
-2.9692,-2.4022
-5.3441,-5.1514
-5.3441,-5.6187
-5.3441,-6.1506
7.0124,6.9091
7.0124,6.2824
7.0124,6.2092
7.0124,6.9147
7.0124,6.1638
6.2342,5.8341
6.2342,6.085
6.2342,5.7849
6.2342,5.2735
-8.0363,-7.9032
-8.0363,-8.7836
-8.0363,-8.9571
5.3712,5.8149
5.3712,5.2324
5.3712,5.9352
5.3712,5.7972
5.3712,5.1088
5.3712,4.7671
5.3712,5.4764
5.3712,4.5005
5.3712,5.7497
5.3712,4.9006
5.3712,5.6969
5.3712,6.0161
-4.0283,-3.1441
-4.0283,-4.9146
-4.0283,-3.4747
-4.0283,-4.0222
-4.0283,-3.581
-5.4457,-5.3612
-5.4457,-4.6401
-5.4457,-5.6435
-5.4457,-5.5916
-5.4457,-4.9429
-5.4457,-5.3528
-5.4457,-5.8879
-5.4457,-4.631
-5.4457,-5.8263
-5.4457,-5.7345
-5.3734,-6.1513
-5.3734,-5.404
-5.3734,-4.6376
-5.3734,-5.0547
-7.4621,-6.593
-7.4621,-6.6475
-7.4621,-7.6809
-7.4621,-6.7562
-2.4022,-2.8205
-2.4022,-3.1441
-2.4022,-1.7869
-2.4022,-2.6206
-2.4022,-2.6586
-2.4022,-1.4096
-2.4022,-2.0767
-2.4022,-2.3129
-2.4022,-2.9692
-2.4022,-2.254
6.1638,5.2975
6.1638,6.9091
6.1638,5.9127
6.1638,6.2824
6.1638,5.8149
6.1638,5.2324
6.1638,5.7972
6.1638,6.2092
6.1638,5.4764
6.1638,6.9147
6.1638,5.8922
6.1638,5.6969
6.1638,6.5732
6.1638,7.0124
6.1638,6.0161
-2.254,-1.5521
-2.254,-2.6206
-2.254,-2.0767
-2.254,-2.1344
-2.254,-2.4022
-6.7562,-6.593
-6.7562,-5.8879
-6.7562,-6.3334
-6.7562,-6.8037
-6.7562,-7.4621
-0.61615,-0.11349
-0.61615,-0.96486
-0.61615,-1.0034
-0.61615,-0.83445
-0.61615,-1.3228
-0.61615,-1.0892
-0.61615,-1.2974
-0.61615,-1.3494
-0.61615,-0.2598
1.1177,1.1872
1.1177,2.0358
6.0161,6.9091
6.0161,5.9127
6.0161,5.8149
6.0161,5.2324
6.0161,5.7972
6.0161,6.4817
6.0161,6.2092
6.0161,5.4764
6.0161,5.7497
6.0161,5.8922
6.0161,5.6969
6.0161,6.5732
6.0161,5.3712
6.0161,6.1638
6.0161,6.6773
-1.5964,-0.96086
-1.5964,-2.0724
-1.5964,-2.0568
-1.5964,-2.3653
-1.5964,-0.83445
-1.5964,-1.0892
-1.5964,-1.755
-1.5964,-1.2974
-1.5964,-1.7062
-1.5964,-1.9773
-1.5964,-1.3494
4.3663,4.2389
4.3663,4.0837
4.3663,5.0434
4.3663,5.2735
4.3663,5.2885
-2.9657,-2.8205
-2.9657,-3.2368
-2.9657,-2.6151
-2.9657,-3.581
-2.9657,-2.6409
-2.9657,-2.3129
-2.9657,-2.0371
-2.9657,-3.3089
-6.1506,-5.3441
-4.355,-4.6401
-4.355,-3.9512
-4.355,-4.9157
-4.355,-4.9429
-4.355,-4.631
2.7218,2.3525
2.7218,2.0358
2.7218,3.0453
-0.2598,-0.96486
-0.2598,-1.0034
-0.2598,-0.61615
-2.0481,-2.1411
-2.0481,-1.5645
-2.0481,-2.5091
-2.0481,-1.3228
-2.0481,-2.8402
-2.0481,-1.7307
-2.0481,-1.5741
-2.0481,-1.9773
6.6773,6.9091
6.6773,5.8149
6.6773,7.5399
6.6773,6.4817
6.6773,6.9147
6.6773,5.7497
6.6773,6.5732
6.6773,6.0161
-0.91919,-0.96486
-0.91919,-1.5645
-0.91919,-1.0034
-0.91919,-1.3228
-0.91919,-1.7307
