-2.5442,-3.0525
-2.5442,-2.6551
-2.5442,-2.9726
-2.5442,-2.0609
-2.5442,-2.3486
-7.5343,-7.1479
-7.5343,-6.5252
-7.5343,-8.1112
-7.5343,-6.7144
-7.5343,-7.2761
-5.5664,-6.2874
-5.5664,-4.8684
-5.4085,-5.6197
-5.4085,-6.1369
-5.4085,-5.2096
-5.4085,-6.1787
-5.4085,-4.4504
-5.4085,-5.1288
-5.4085,-5.645
-5.4085,-4.5913
-5.4085,-6.2223
-5.4085,-5.3197
2.9094,3.7919
-4.6038,-5.3208
-4.6038,-4.8911
-4.6038,-4.2572
-4.6038,-3.9084
-4.6038,-4.5946
-4.6038,-5.3211
-4.6038,-3.6984
-4.6038,-4.3064
-4.6038,-4.6116
-5.3208,-4.6038
-5.3208,-4.8911
-5.3208,-5.2754
-5.3208,-4.5946
-5.3208,-5.3211
-5.4211,-5.8503
-5.4211,-5.645
-5.4211,-4.6316
-5.4211,-5.3197
5.1304,4.605
5.1304,5.256
5.1304,5.7425
-4.0049,-4.8911
-4.0049,-3.0525
-4.0049,-3.9084
-4.0049,-4.1917
-4.0049,-4.5946
-4.0049,-3.418
-4.0049,-3.6984
-4.0049,-4.3064
-4.0049,-3.6604
-4.0049,-4.3225
5.7987,5.1959
5.7987,5.256
5.7987,5.8093
5.7987,6.2108
5.7987,5.7425
5.7987,6.4594
-6.9454,-6.4058
-6.9454,-7.1479
-6.9454,-6.1369
-6.9454,-6.1787
-6.9454,-7.4788
-6.9454,-7.2761
6.0102,5.6744
6.0102,5.6044
6.0102,5.8152
6.0102,5.1066
3.6585,4.0026
3.6585,4.5025
4.4842,4.605
4.4842,5.1959
4.4842,5.256
4.4842,4.864
-4.8911,-4.6038
-4.8911,-5.3208
-4.8911,-4.0049
-4.8911,-5.2754
-4.8911,-4.5946
-4.8911,-4.7171
-4.8911,-5.3211
-4.8911,-4.3064
-4.8911,-4.3225
7.7093,7.022
7.7093,7.0525
-3.3327,-4.2572
-3.3327,-3.1615
-3.3327,-3.5291
-3.3327,-3.0525
-3.3327,-3.9084
-3.3327,-2.6551
-3.3327,-2.5518
-3.3327,-2.9726
-3.3327,-2.3486
-3.3327,-3.418
-3.3327,-3.6984
-3.3327,-3.4936
-3.3327,-2.9448
6.4602,6.5828
6.4602,5.5139
6.4602,6.1836
6.4602,5.4799
6.4602,7.3044
6.4602,6.3275
6.4602,5.6836
6.4602,6.1656
-6.4172,-7.1479
-6.4172,-6.5252
-6.4172,-6.1369
-6.4172,-6.1787
-6.4172,-5.645
-6.4172,-6.7144
-6.4172,-6.2223
1.0824,0.43618
1.0824,0.76046
1.0824,2.0273
1.0824,0.28566
1.0824,1.1531
1.0824,0.65813
1.0824,0.62351
1.0824,1.4601
0.43618,1.0824
0.43618,0.28566
0.43618,-0.13514
0.43618,1.1531
0.43618,0.65813
0.43618,0.62351
0.43618,-0.23694
0.43618,-0.070662
2.2892,2.4496
2.2892,3.23
2.2892,1.6542
4.0026,3.6585
4.0026,4.8344
4.0026,3.7919
4.0026,4.6223
-6.4058,-6.9454
-6.4058,-5.6197
-6.4058,-6.1369
-6.4058,-5.6005
-6.4058,-6.1787
4.1677,4.839
4.1677,3.7919
-4.2572,-4.6038
-4.2572,-3.3327
-4.2572,-3.5291
-4.2572,-3.9084
-4.2572,-4.5946
-4.2572,-3.8951
-4.2572,-3.418
-4.2572,-3.6984
-4.2572,-4.3064
-4.2572,-4.6116
-1.2057,-1.202
-1.2057,-0.36157
-1.2057,-0.95105
-1.2057,-0.6723
-1.2057,-0.58892
-1.2057,-0.23694
5.3509,5.9262
5.3509,5.3385
5.3509,4.4195
6.2788,7.022
6.2788,5.9262
4.781,5.192
4.781,4.8344
4.781,5.4799
4.781,5.3907
4.781,5.6836
4.781,4.5025
4.781,4.6223
-2.3549,-2.8448
-2.3549,-2.437
-2.3549,-2.0161
-2.3549,-1.642
-3.1615,-3.3327
-3.1615,-3.5291
-3.1615,-2.8448
-3.1615,-2.5518
-3.1615,-3.8951
-3.1615,-2.9726
-3.1615,-2.437
-3.1615,-3.4506
-3.1615,-3.4936
-3.1615,-2.9448
2.4496,2.2892
2.4496,2.2435
2.4496,3.2866
2.4496,2.594
2.4496,1.6542
-3.5291,-3.3327
-3.5291,-4.2572
-3.5291,-3.1615
-3.5291,-3.9084
-3.5291,-2.8448
-3.5291,-2.5518
-3.5291,-3.8951
-3.5291,-2.9726
-3.5291,-3.418
-3.5291,-3.6984
-3.5291,-3.4936
-3.5291,-2.9448
1.1185,1.0815
1.1185,1.7185
1.1185,1.2933
1.1185,0.36267
1.1185,1.4771
1.1185,0.80356
-0.012081,0.52121
-0.012081,0.92025
-0.012081,-0.98017
-0.012081,0.35611
-0.012081,-0.11717
-0.012081,-0.37331
-3.0525,-2.5442
-3.0525,-4.0049
-3.0525,-3.3327
-3.0525,-2.6551
-3.0525,-3.4394
-3.0525,-2.9726
-3.0525,-3.418
-3.0525,-3.6604
6.5828,6.4602
6.5828,6.3275
6.5828,5.8152
-6.8602,-6.5482
4.605,5.1304
4.605,4.4842
4.605,5.1959
4.605,5.256
6.9285,6.2923
5.1959,5.7987
5.1959,4.4842
5.1959,4.605
5.1959,5.3385
5.1959,5.256
5.1959,5.8093
5.1959,4.864
1.6725,0.92025
1.6725,0.78759
1.6725,2.3602
-6.2874,-5.5664
-7.1479,-7.5343
-7.1479,-6.9454
-7.1479,-6.4172
-7.1479,-6.5252
-7.1479,-8.1112
-7.1479,-6.2223
-7.1479,-7.2761
5.6744,6.0102
5.6744,4.839
5.6744,4.8344
5.6744,5.3907
5.6744,5.6836
5.6744,5.8152
5.6744,5.1066
-1.6268,-0.90023
-1.6268,-2.437
-1.6268,-1.6472
-1.6268,-2.0161
-1.6268,-1.642
-1.6268,-1.543
-1.6268,-1.0221
-6.5252,-7.5343
-6.5252,-6.4172
-6.5252,-7.1479
-6.5252,-6.1369
-6.5252,-5.8503
-6.5252,-5.645
-6.5252,-6.7144
-6.5252,-6.2223
-0.12325,-1.0221
2.1648,2.0273
2.1648,2.3602
2.1648,1.4601
5.192,4.781
5.192,5.5139
5.192,5.1173
5.192,5.4799
5.192,5.3907
5.192,5.6836
5.192,4.2771
5.192,4.5025
5.192,6.1656
5.5139,6.4602
5.5139,5.192
5.5139,6.1836
5.5139,5.1173
5.5139,5.4799
5.5139,5.7629
5.5139,5.6836
5.5139,6.1656
7.022,7.7093
7.022,6.2788
7.022,6.4214
7.022,7.0525
-4.9579,-5.8872
-3.9084,-4.6038
-3.9084,-4.0049
-3.9084,-3.3327
-3.9084,-4.2572
-3.9084,-3.5291
-3.9084,-4.5946
-3.9084,-3.8951
-3.9084,-2.9726
-3.9084,-3.418
-3.9084,-3.6984
-3.9084,-4.3064
-3.9084,-4.6116
-3.9084,-3.4936
-4.1917,-4.0049
-4.1917,-3.4394
-4.1917,-4.7171
-4.1917,-3.6604
-4.1917,-4.3225
6.4214,7.022
6.4214,5.9262
6.4214,5.8093
6.4214,6.2108
6.4214,6.7861
6.4214,7.0525
-5.6197,-5.4085
-5.6197,-6.4058
-5.6197,-6.1369
-5.6197,-5.6005
-5.6197,-5.2096
-5.6197,-6.1787
-5.6197,-5.1288
-0.42857,-1.0268
-0.42857,-0.90023
-0.42857,-1.0221
-4.4511,-4.8684
-4.4511,-3.6432
2.1229,1.7185
2.1229,1.2933
2.1229,2.594
-2.8448,-2.3549
-2.8448,-3.1615
-2.8448,-3.5291
-2.8448,-2.5518
-2.8448,-2.437
-2.8448,-3.4506
-2.8448,-2.0161
-2.8448,-3.4936
-2.8448,-2.9448
0.045487,0.76046
0.045487,-0.36157
0.045487,0.28566
0.045487,0.78759
0.045487,-0.58892
0.045487,0.35611
0.045487,0.62351
0.045487,-0.23694
0.045487,-0.11717
-1.0268,-0.42857
-1.0268,-0.90023
-1.0268,-1.6472
-1.0268,-1.543
-8.1112,-7.5343
-8.1112,-7.1479
-8.1112,-7.2761
0.76046,1.0824
0.76046,0.045487
0.76046,0.92025
0.76046,0.28566
0.76046,0.78759
0.76046,0.35611
0.76046,0.62351
0.76046,-0.11717
0.76046,1.4601
2.0273,1.0824
2.0273,2.1648
2.0273,1.8171
2.0273,1.1531
-0.90023,-1.6268
-0.90023,-0.42857
-0.90023,-1.0268
-0.90023,-1.6472
-0.90023,-1.0221
-1.7956,-0.95105
-6.1369,-5.4085
-6.1369,-6.9454
-6.1369,-6.4172
-6.1369,-6.4058
-6.1369,-6.5252
-6.1369,-5.6197
-6.1369,-5.2096
-6.1369,-6.1787
-6.1369,-5.645
-6.1369,-6.2223
-6.1369,-5.3197
-5.6005,-6.4058
-5.6005,-5.6197
-5.6005,-5.1288
-2.6551,-2.5442
-2.6551,-3.3327
-2.6551,-3.0525
-2.6551,-2.5518
-2.6551,-2.9726
-2.6551,-2.0609
-2.6551,-2.3486
-2.6551,-3.418
-2.6551,-2.9448
5.9262,5.3509
5.9262,6.2788
5.9262,6.4214
5.9262,5.3385
5.9262,5.8093
5.9262,6.2108
5.3385,5.3509
5.3385,5.1959
5.3385,5.9262
5.3385,5.8093
5.3385,6.2108
5.3385,4.864
2.2435,2.4496
2.2435,1.7185
2.2435,2.594
2.2435,1.6542
2.2435,1.4771
-3.4394,-3.0525
-3.4394,-4.1917
-3.4394,-3.6604
5.256,5.1304
5.256,5.7987
5.256,4.4842
5.256,4.605
5.256,5.1959
5.256,5.7425
1.0815,1.1185
1.0815,1.2933
1.0815,0.34209
0.52121,-0.012081
0.52121,0.92025
0.52121,0.35611
4.839,4.1677
4.839,5.6744
4.839,4.8344
4.839,5.1066
4.839,4.6223
-5.2096,-5.4085
-5.2096,-5.6197
-5.2096,-6.1369
-5.2096,-6.1787
-5.2096,-4.4504
-5.2096,-5.1288
-5.2096,-4.5913
-5.2096,-5.3197
-2.5518,-3.3327
-2.5518,-3.1615
-2.5518,-3.5291
-2.5518,-2.8448
-2.5518,-2.6551
-2.5518,-2.9726
-2.5518,-2.437
-2.5518,-2.0609
-2.5518,-2.3486
-2.5518,-1.6472
-2.5518,-2.0161
-2.5518,-2.9448
0.92025,-0.012081
0.92025,1.6725
0.92025,0.76046
0.92025,0.52121
0.92025,0.78759
0.92025,0.35611
-1.202,-1.2057
-1.202,-0.98017
-1.202,-0.36157
-1.202,-0.58892
6.1836,6.4602
6.1836,5.5139
6.1836,7.0537
6.1836,5.7629
6.1836,6.1656
5.8093,5.7987
5.8093,5.1959
5.8093,6.4214
5.8093,5.9262
5.8093,5.3385
5.8093,6.2108
5.8093,6.7861
5.8093,4.864
-0.98017,-0.012081
-0.98017,-1.202
-0.98017,-0.58892
-0.98017,-0.37331
-0.36157,-1.2057
-0.36157,0.045487
-0.36157,-1.202
-0.36157,-0.95105
-0.36157,0.28566
-0.36157,-0.58892
-0.36157,-0.13514
-0.36157,-0.23694
-0.36157,-0.11717
5.1173,5.192
5.1173,5.5139
5.1173,5.4799
5.1173,5.7629
5.1173,4.2771
5.1173,4.5025
-5.2754,-5.3208
-5.2754,-4.8911
-5.2754,-4.7171
-5.2754,-4.3225
5.6044,6.0102
5.6044,5.1066
-4.5946,-4.6038
-4.5946,-5.3208
-4.5946,-4.0049
-4.5946,-4.8911
-4.5946,-4.2572
-4.5946,-3.9084
-4.5946,-3.6984
-4.5946,-4.3064
-4.5946,-4.6116
-4.5946,-4.3225
4.8344,4.0026
4.8344,4.781
4.8344,5.6744
4.8344,4.839
4.8344,5.3907
4.8344,5.1066
4.8344,4.6223
-3.8951,-4.2572
-3.8951,-3.1615
-3.8951,-3.5291
-3.8951,-3.9084
-3.8951,-4.6116
-3.8951,-4.0667
-3.8951,-3.4936
-3.8951,-2.9448
1.7185,1.1185
1.7185,2.1229
1.7185,2.2435
1.7185,1.2933
1.7185,2.594
1.7185,1.4771
6.2108,5.7987
6.2108,6.4214
6.2108,5.9262
6.2108,5.3385
6.2108,5.8093
6.2108,6.7861
-0.95105,-1.2057
-0.95105,-1.7956
-0.95105,-0.36157
-0.95105,-0.6723
-0.95105,-0.58892
-0.95105,-0.13514
-0.95105,-0.23694
1.2933,1.1185
1.2933,2.1229
1.2933,1.0815
1.2933,1.7185
1.2933,0.34209
5.9739,6.4947
6.4947,5.9739
6.4947,6.1996
6.4947,7.0036
6.7861,6.4214
6.7861,5.8093
6.7861,6.2108
6.7861,7.3549
6.7861,6.4594
6.7861,7.0525
5.7425,5.1304
5.7425,5.7987
5.7425,5.256
5.7425,6.4594
5.4799,6.4602
5.4799,4.781
5.4799,5.192
5.4799,5.5139
5.4799,5.1173
5.4799,6.3275
5.4799,5.3907
5.4799,5.6836
5.4799,5.8152
5.4799,4.5025
5.4799,6.1656
7.3044,6.4602
-2.9726,-2.5442
-2.9726,-3.3327
-2.9726,-3.1615
-2.9726,-3.5291
-2.9726,-3.0525
-2.9726,-3.9084
-2.9726,-2.6551
-2.9726,-2.5518
-2.9726,-2.0609
-2.9726,-2.3486
-2.9726,-3.418
-2.9726,-3.6984
-2.9726,-2.9448
-0.6723,-1.2057
-0.6723,-0.95105
-0.6723,-0.13514
-0.6723,-0.23694
-0.6723,-0.070662
-0.6723,-0.9862
-2.437,-2.3549
-2.437,-3.1615
-2.437,-1.6268
-2.437,-2.8448
-2.437,-2.5518
-2.437,-2.3486
-2.437,-1.6472
-2.437,-2.0161
-2.437,-2.9448
7.0537,6.1836
-5.8503,-5.4211
-5.8503,-6.5252
-5.8503,-5.645
-5.8503,-6.7144
-5.8503,-5.8872
0.28566,1.0824
0.28566,0.43618
0.28566,0.045487
0.28566,0.76046
0.28566,-0.36157
0.28566,-0.13514
0.28566,0.62351
0.28566,-0.23694
0.28566,-0.11717
0.36267,1.1185
0.36267,0.80356
0.36267,0.34209
0.36267,0.44364
-2.0609,-2.5442
-2.0609,-2.6551
-2.0609,-2.5518
-2.0609,-2.9726
-2.0609,-2.3486
-2.0609,-1.6472
-2.0609,-1.543
3.2866,2.4496
3.2866,3.23
1.8171,2.0273
1.8171,1.1531
-2.3486,-2.5442
-2.3486,-3.3327
-2.3486,-2.6551
-2.3486,-2.5518
-2.3486,-2.9726
-2.3486,-2.437
-2.3486,-2.0609
-2.3486,-1.6472
-2.3486,-2.0161
-2.3486,-1.543
-2.3486,-2.9448
5.7629,5.5139
5.7629,6.1836
5.7629,5.1173
-4.8684,-5.5664
-4.8684,-4.4511
-4.8684,-4.1749
2.594,2.4496
2.594,2.1229
2.594,2.2435
2.594,1.7185
-4.7171,-4.8911
-4.7171,-4.1917
-4.7171,-5.2754
-4.7171,-4.3225
6.3275,6.4602
6.3275,6.5828
6.3275,5.4799
6.3275,5.3907
6.3275,5.6836
6.3275,5.8152
6.3275,6.1656
0.78759,1.6725
0.78759,0.045487
0.78759,0.76046
0.78759,0.92025
0.78759,0.35611
0.78759,0.62351
0.78759,-0.11717
5.3907,4.781
5.3907,5.6744
5.3907,5.192
5.3907,4.8344
5.3907,5.4799
5.3907,6.3275
5.3907,5.6836
5.3907,5.8152
5.3907,4.6223
-5.3211,-4.6038
-5.3211,-5.3208
-5.3211,-4.8911
-5.3211,-5.0852
-5.3211,-4.6116
-3.4506,-3.1615
-3.4506,-2.8448
-3.4506,-4.0667
-3.4506,-3.4936
5.6836,6.4602
5.6836,4.781
5.6836,5.6744
5.6836,5.192
5.6836,5.5139
5.6836,5.4799
5.6836,6.3275
5.6836,5.3907
5.6836,5.8152
5.6836,6.1656
-1.6472,-1.6268
-1.6472,-1.0268
-1.6472,-0.90023
-1.6472,-2.5518
-1.6472,-2.437
-1.6472,-2.0609
-1.6472,-2.3486
-1.6472,-2.0161
-1.6472,-1.543
-6.1787,-5.4085
-6.1787,-6.9454
-6.1787,-6.4172
-6.1787,-6.4058
-6.1787,-5.6197
-6.1787,-6.1369
-6.1787,-5.2096
-6.1787,-6.2223
4.2771,5.192
4.2771,5.1173
4.2771,4.5025
2.3602,1.6725
2.3602,2.1648
5.8152,6.0102
5.8152,6.5828
5.8152,5.6744
5.8152,5.4799
5.8152,6.3275
5.8152,5.3907
5.8152,5.6836
3.23,2.2892
3.23,3.2866
-3.418,-4.0049
-3.418,-3.3327
-3.418,-4.2572
-3.418,-3.5291
-3.418,-3.0525
-3.418,-3.9084
-3.418,-2.6551
-3.418,-2.9726
-3.418,-3.6984
-3.418,-4.3064
-3.418,-3.6604
-0.58892,-1.2057
-0.58892,0.045487
-0.58892,-1.202
-0.58892,-0.98017
-0.58892,-0.36157
-0.58892,-0.95105
-0.58892,-0.23694
-0.58892,-0.11717
-0.13514,0.43618
-0.13514,-0.36157
-0.13514,-0.95105
-0.13514,-0.6723
-0.13514,0.28566
-0.13514,0.62351
-0.13514,-0.23694
-0.13514,-0.070662
1.6542,2.2892
1.6542,2.4496
1.6542,2.2435
1.6542,1.4771
1.6542,0.80356
6.1996,6.4947
6.1996,5.7743
1.1531,1.0824
1.1531,0.43618
1.1531,2.0273
1.1531,1.8171
1.1531,0.65813
-3.6984,-4.6038
-3.6984,-4.0049
-3.6984,-3.3327
-3.6984,-4.2572
-3.6984,-3.5291
-3.6984,-3.9084
-3.6984,-4.5946
-3.6984,-2.9726
-3.6984,-3.418
-3.6984,-4.3064
-3.6984,-3.6604
-4.3064,-4.6038
-4.3064,-4.0049
-4.3064,-4.8911
-4.3064,-4.2572
-4.3064,-3.9084
-4.3064,-4.5946
-4.3064,-3.418
-4.3064,-3.6984
-4.3064,-3.6604
-4.3064,-4.3225
-4.4504,-5.4085
-4.4504,-5.2096
-4.4504,-5.1288
-4.4504,-4.5913
-4.4504,-4.3384
-5.1288,-5.4085
-5.1288,-5.6197
-5.1288,-5.6005
-5.1288,-5.2096
-5.1288,-4.4504
-5.1288,-4.3384
1.4771,1.1185
1.4771,2.2435
1.4771,1.7185
1.4771,1.6542
1.4771,0.80356
-5.0852,-5.3211
-5.0852,-4.6116
0.35611,-0.012081
0.35611,0.045487
0.35611,0.76046
0.35611,0.52121
0.35611,0.92025
0.35611,0.78759
0.35611,-0.11717
0.35611,-0.37331
7.0036,6.4947
-5.645,-5.4085
-5.645,-5.4211
-5.645,-6.4172
-5.645,-6.5252
-5.645,-6.1369
-5.645,-5.8503
-5.645,-6.2223
-5.645,-5.3197
-4.6316,-5.4211
-4.6316,-4.5913
-4.6316,-5.3197
-7.4788,-6.9454
-7.4788,-7.2761
0.65813,1.0824
0.65813,0.43618
0.65813,1.1531
0.65813,-0.070662
3.7919,2.9094
3.7919,4.0026
3.7919,4.1677
-4.5913,-5.4085
-4.5913,-5.2096
-4.5913,-4.4504
-4.5913,-4.6316
-4.5913,-5.3197
-4.6116,-4.6038
-4.6116,-4.2572
-4.6116,-3.9084
-4.6116,-4.5946
-4.6116,-3.8951
-4.6116,-5.3211
-4.6116,-5.0852
4.4195,5.3509
4.4195,4.864
-3.6604,-4.0049
-3.6604,-3.0525
-3.6604,-4.1917
-3.6604,-3.4394
-3.6604,-3.418
-3.6604,-3.6984
-3.6604,-4.3064
-3.6604,-4.3225
0.62351,1.0824
0.62351,0.43618
0.62351,0.045487
0.62351,0.76046
0.62351,0.28566
0.62351,0.78759
0.62351,-0.13514
0.62351,-0.23694
0.62351,1.4601
4.864,4.4842
4.864,5.1959
4.864,5.3385
4.864,5.8093
4.864,4.4195
-2.0161,-2.3549
-2.0161,-1.6268
-2.0161,-2.8448
-2.0161,-2.5518
-2.0161,-2.437
-2.0161,-2.3486
-2.0161,-1.6472
-2.0161,-1.543
-2.0161,-2.9448
0.80356,1.1185
0.80356,0.36267
0.80356,1.6542
0.80356,1.4771
0.80356,0.44364
7.3549,6.7861
7.3549,7.0525
4.5025,3.6585
4.5025,4.781
4.5025,5.192
4.5025,5.1173
4.5025,5.4799
4.5025,4.2771
4.5025,4.6223
-0.23694,0.43618
-0.23694,-1.2057
-0.23694,0.045487
-0.23694,-0.36157
-0.23694,-0.95105
-0.23694,-0.6723
-0.23694,0.28566
-0.23694,-0.58892
-0.23694,-0.13514
-0.23694,0.62351
-0.23694,-0.11717
-4.3225,-4.0049
-4.3225,-4.8911
-4.3225,-4.1917
-4.3225,-5.2754
-4.3225,-4.5946
-4.3225,-4.7171
-4.3225,-4.3064
-4.3225,-3.6604
-2.7404,-3.6432
-4.3384,-4.4504
-4.3384,-5.1288
-1.642,-2.3549
-1.642,-1.6268
-1.642,-1.0221
-6.7144,-7.5343
-6.7144,-6.4172
-6.7144,-6.5252
-6.7144,-5.8503
-4.1749,-4.8684
-4.1749,-3.6432
-4.0667,-3.8951
-4.0667,-3.4506
-4.0667,-3.4936
6.4594,5.7987
6.4594,6.7861
6.4594,5.7425
5.7743,6.1996
-1.543,-1.6268
-1.543,-1.0268
-1.543,-2.0609
-1.543,-2.3486
-1.543,-1.6472
-1.543,-2.0161
-5.8872,-4.9579
-5.8872,-5.8503
-0.11717,-0.012081
-0.11717,0.045487
-0.11717,0.76046
-0.11717,-0.36157
-0.11717,0.28566
-0.11717,0.78759
-0.11717,-0.58892
-0.11717,0.35611
-0.11717,-0.23694
-0.11717,-0.37331
1.4601,1.0824
1.4601,2.1648
1.4601,0.76046
1.4601,0.62351
-0.070662,0.43618
-0.070662,-0.6723
-0.070662,-0.13514
-0.070662,0.65813
-0.070662,-0.9862
-6.2223,-5.4085
-6.2223,-6.4172
-6.2223,-7.1479
-6.2223,-6.5252
-6.2223,-6.1369
-6.2223,-6.1787
-6.2223,-5.645
-6.2223,-5.3197
-3.4936,-3.3327
-3.4936,-3.1615
-3.4936,-3.5291
-3.4936,-3.9084
-3.4936,-2.8448
-3.4936,-3.8951
-3.4936,-3.4506
-3.4936,-4.0667
-3.4936,-2.9448
-7.2761,-7.5343
-7.2761,-6.9454
-7.2761,-7.1479
-7.2761,-8.1112
-7.2761,-7.4788
-0.9862,-0.6723
-0.9862,-0.070662
5.1066,6.0102
5.1066,5.6744
5.1066,4.839
5.1066,5.6044
5.1066,4.8344
0.34209,1.0815
0.34209,1.2933
0.34209,0.36267
-2.9448,-3.3327
-2.9448,-3.1615
-2.9448,-3.5291
-2.9448,-2.8448
-2.9448,-2.6551
-2.9448,-2.5518
-2.9448,-3.8951
-2.9448,-2.9726
-2.9448,-2.437
-2.9448,-2.3486
-2.9448,-2.0161
-2.9448,-3.4936
4.6223,4.0026
4.6223,4.781
4.6223,4.839
4.6223,4.8344
4.6223,5.3907
4.6223,4.5025
7.0525,7.7093
7.0525,7.022
7.0525,6.4214
7.0525,6.7861
7.0525,7.3549
-5.3197,-5.4085
-5.3197,-5.4211
-5.3197,-6.1369
-5.3197,-5.2096
-5.3197,-5.645
-5.3197,-4.6316
-5.3197,-4.5913
-5.3197,-6.2223
-3.6432,-4.4511
-3.6432,-2.7404
-3.6432,-4.1749
-0.37331,-0.012081
-0.37331,-0.98017
-0.37331,0.35611
-0.37331,-0.11717
0.44364,0.36267
0.44364,0.80356
-6.5482,-6.8602
6.2923,6.9285
6.1656,6.4602
6.1656,5.192
6.1656,5.5139
6.1656,6.1836
6.1656,5.4799
6.1656,6.3275
6.1656,5.6836
-1.0221,-1.6268
-1.0221,-0.12325
-1.0221,-0.42857
-1.0221,-0.90023
-1.0221,-1.642
