-2.605,-2.9277
-2.605,-3.2645
-2.605,-2.1269
-2.605,-2.5813
-2.605,-3.4213
-2.605,-3.2593
-7.1022,-6.4766
-7.1022,-7.0908
-7.1022,-6.2857
-7.1022,-7.8224
-5.0346,-5.856
-5.0346,-5.4352
-5.0346,-5.4417
-5.0346,-4.3184
-5.0346,-4.4608
-5.5376,-5.529
-5.5376,-6.4766
-5.5376,-6.2857
-5.5376,-5.174
-5.5376,-6.1686
-5.5376,-5.4417
-5.5376,-5.4887
-5.5376,-5.3579
-5.5376,-6.1858
-5.5376,-6.3067
-5.5376,-5.1523
4.393,3.9437
4.393,4.6139
4.393,4.55
4.393,4.9635
-3.9268,-4.5918
-3.9268,-4.0619
-3.9268,-3.5514
-3.9268,-3.4915
-3.9268,-3.1418
-3.9268,-3.9762
-3.9268,-3.0522
-3.9268,-3.0654
-3.9268,-3.5645
-3.9268,-3.33
-3.9268,-4.2765
-3.9268,-3.4208
-3.9268,-3.7943
-4.5918,-3.9268
-4.5918,-4.0619
-4.5918,-4.3734
-4.5918,-3.7654
-4.5918,-4.2765
-4.5918,-3.7943
-5.529,-5.5376
-5.529,-6.4766
-5.529,-6.2857
-5.529,-5.4352
-5.529,-5.174
-5.529,-6.1686
-5.529,-5.4417
-5.529,-5.4887
-5.529,-4.5889
-5.529,-6.1858
-5.529,-5.1523
4.9386,5.3627
4.9386,4.6584
4.9386,5.771
4.9386,5.3095
-4.0619,-3.9268
-4.0619,-4.5918
-4.0619,-4.3734
-4.0619,-3.5514
-4.0619,-3.4915
-4.0619,-3.7654
-4.0619,-3.33
-4.0619,-3.4213
-4.0619,-3.7943
-4.0619,-3.2593
-4.0619,-3.7298
5.3627,4.9386
5.3627,5.0278
5.3627,4.6584
5.3627,5.771
5.3627,5.8275
5.3627,5.3095
5.3627,5.4912
5.3627,6.1958
-5.0271,-4.0689
-7.1282,-6.4208
-7.1282,-7.1492
5.9069,6.4761
5.9069,5.4579
5.9069,5.5979
5.9069,6.195
5.9069,5.3923
5.9069,5.1572
5.9069,4.9635
5.9069,5.5805
5.9069,6.444
3.4193,3.7535
3.4193,3.9437
3.4193,4.0824
5.0278,5.3627
5.0278,4.4769
5.0278,4.6584
5.0278,5.2591
5.0278,6.0055
5.0278,5.6266
5.0278,5.4912
-4.3734,-4.5918
-4.3734,-4.0619
-4.3734,-4.6196
-4.3734,-3.7654
-4.3734,-4.2039
-4.3734,-3.4213
-4.3734,-3.7943
-4.3734,-3.7298
6.213,5.4009
6.213,6.5889
6.213,5.712
6.213,6.0055
6.213,5.6266
6.213,6.5724
-3.5514,-3.9268
-3.5514,-4.0619
-3.5514,-3.4915
-3.5514,-3.1418
-3.5514,-3.0522
-3.5514,-2.9379
-3.5514,-3.0654
-3.5514,-3.7654
-3.5514,-3.5645
-3.5514,-3.33
-3.5514,-4.2765
-3.5514,-2.9326
-3.5514,-2.789
-3.5514,-3.4208
-3.5514,-3.7943
-3.5514,-3.1918
5.8882,6.4761
5.8882,5.0004
5.8882,5.7997
5.8882,5.5979
5.8882,5.1522
5.8882,5.5886
5.8882,6.195
5.8882,5.3923
5.8882,5.298
5.8882,6.1971
-2.1746,-1.8573
-2.1746,-3.1451
-6.4766,-7.1022
-6.4766,-5.5376
-6.4766,-5.529
-6.4766,-7.0908
-6.4766,-6.2857
-6.4766,-6.1686
-6.4766,-6.1858
-6.4766,-6.2113
-6.4766,-6.3067
0.17448,0.45658
0.17448,0.13666
0.17448,0.75568
0.17448,-0.46759
0.17448,-0.12246
0.17448,-0.04797
0.17448,0.71719
0.17448,0.8956
0.17448,-0.83055
0.45658,0.17448
0.45658,0.75568
0.45658,1.2882
0.45658,-0.46759
0.45658,1.0641
0.45658,-0.04797
0.45658,0.71719
0.45658,0.8956
2.5332,2.9701
2.5332,1.8901
3.7535,3.4193
3.7535,3.9437
3.7535,4.6139
3.7535,4.55
3.7535,4.0824
3.7535,4.4476
3.7535,4.3787
-6.0816,-6.1686
-6.0816,-6.4208
-6.0816,-5.2561
-6.0816,-6.2594
-6.0816,-5.4887
-6.0816,-5.3579
-6.0816,-6.3067
3.9437,4.393
3.9437,3.4193
3.9437,3.7535
3.9437,4.6139
3.9437,4.55
3.9437,3.273
3.9437,4.4476
7.0292,6.9849
7.0292,6.4026
-3.4915,-3.9268
-3.4915,-4.0619
-3.4915,-3.5514
-3.4915,-3.0522
-3.4915,-2.9379
-3.4915,-3.0654
-3.4915,-3.7654
-3.4915,-3.33
-3.4915,-4.2765
-3.4915,-2.9326
-3.4915,-2.789
-3.4915,-3.4213
-3.4915,-3.4208
-3.4915,-3.7943
-3.4915,-3.2593
-3.4915,-3.7298
-1.166,-0.50756
-1.166,-1.8573
-1.166,-0.87067
-1.166,-0.91401
-1.166,-1.0733
-1.166,-0.23208
4.4769,5.0278
4.4769,4.766
4.4769,5.2591
4.4769,3.808
4.4769,3.9458
5.4009,6.213
5.4009,5.712
5.4009,4.766
5.4009,5.2591
4.0714,4.8733
4.0714,5.0004
4.0714,4.7732
4.0714,4.0824
4.0714,4.4476
4.0714,4.3787
-2.8039,-2.2265
-2.8039,-3.1856
-2.8039,-2.6065
-2.8039,-3.5247
-2.8039,-3.1918
-2.8039,-2.6726
-2.8039,-2.2499
-3.1418,-3.9268
-3.1418,-3.5514
-3.1418,-3.9762
-3.1418,-2.3546
-3.1418,-3.0522
-3.1418,-2.9379
-3.1418,-3.0654
-3.1418,-3.5645
-3.1418,-3.33
-3.1418,-2.5068
-3.1418,-3.1856
-3.1418,-3.4208
-3.1418,-2.6179
-3.1418,-2.6065
-3.1418,-3.1918
-3.1418,-2.6726
2.9701,2.5332
2.9701,2.8533
2.9701,3.808
-3.9762,-3.9268
-3.9762,-3.1418
-3.9762,-3.5645
-3.9762,-4.2765
-3.9762,-3.4208
-3.9762,-3.5247
-3.9762,-3.1918
2.8327,2.6173
2.8327,1.8759
2.8327,2.7273
2.8327,3.4673
2.8327,1.9176
-0.50756,-1.166
-0.50756,-0.91401
-0.50756,0.017892
-0.50756,0.26302
-0.50756,-0.23208
-0.50756,-0.17506
-2.9277,-2.605
-2.9277,-2.4659
-2.9277,-3.2645
-2.9277,-3.7654
-2.9277,-2.1269
-2.9277,-2.5813
-2.9277,-2.9326
-2.9277,-2.789
-2.9277,-3.4213
-2.9277,-3.2593
-2.9277,-3.7298
6.4761,5.9069
6.4761,5.8882
6.4761,5.5979
6.4761,7.2899
6.4761,6.195
6.4761,6.1971
6.4761,6.444
4.6584,4.9386
4.6584,5.3627
4.6584,5.0278
4.6584,5.4912
6.8898,6.5889
5.771,4.9386
5.771,5.3627
5.771,5.8275
5.771,6.265
5.771,5.3095
5.771,5.4912
5.771,6.1958
1.4206,0.6625
1.4206,0.65578
1.4206,2.0541
1.4206,0.9666
-5.856,-5.0346
-5.856,-5.4352
-5.856,-6.2113
-7.0908,-7.1022
-7.0908,-6.4766
-7.0908,-7.8224
-7.0908,-6.1686
-7.0908,-6.2594
-7.0908,-7.9585
-7.0908,-6.1858
-7.0908,-6.3067
-7.0908,-7.1492
5.4579,5.9069
5.4579,4.6139
5.4579,5.5979
5.4579,4.55
5.4579,5.1522
5.4579,5.3923
5.4579,5.1572
5.4579,5.298
5.4579,4.9635
5.4579,5.5805
5.4579,6.444
-2.3546,-3.1418
-2.3546,-3.0522
-2.3546,-1.3963
-2.3546,-2.9379
-2.3546,-1.7307
-2.3546,-1.8373
-2.3546,-2.5068
-2.3546,-2.0433
-2.3546,-2.6179
-2.3546,-2.6065
-2.3546,-2.09
-2.3546,-3.1918
-2.3546,-2.6726
-2.3546,-2.2499
-6.2857,-7.1022
-6.2857,-5.5376
-6.2857,-5.529
-6.2857,-6.4766
-6.2857,-6.1686
-6.2857,-5.4417
-6.2857,-6.1858
-6.2857,-6.2113
-2.2265,-2.8039
-2.2265,-2.2499
1.8157,1.2882
1.8157,1.0641
4.8733,4.0714
4.8733,5.0004
4.8733,4.7732
4.8733,5.1522
4.8733,5.3923
4.8733,5.1572
4.8733,4.0824
4.8733,5.298
4.8733,4.4476
4.8733,4.3787
5.0004,5.8882
5.0004,4.0714
5.0004,4.8733
5.0004,5.7997
5.0004,4.7732
5.0004,5.1522
5.0004,5.5886
5.0004,5.3923
5.0004,5.298
5.0004,4.3787
6.5889,6.213
6.5889,6.8898
-5.4352,-5.0346
-5.4352,-5.529
-5.4352,-5.856
-5.4352,-5.4417
-5.4352,-4.4608
-5.4352,-6.2113
-3.0522,-3.9268
-3.0522,-3.5514
-3.0522,-3.4915
-3.0522,-3.1418
-3.0522,-2.3546
-3.0522,-2.9379
-3.0522,-2.4659
-3.0522,-3.0654
-3.0522,-3.33
-3.0522,-2.5068
-3.0522,-2.5813
-3.0522,-2.9326
-3.0522,-2.789
-3.0522,-3.4208
-3.0522,-3.7943
-3.0522,-2.6179
-3.0522,-2.09
-3.0522,-3.1918
-3.0522,-2.6726
-3.7967,-3.2645
-3.7967,-4.6196
-3.7967,-4.2039
-3.7967,-3.4213
-3.7967,-3.2593
-3.7967,-3.7298
5.712,6.213
5.712,5.4009
5.712,4.766
5.712,5.2591
5.712,6.0055
5.712,5.6266
5.712,6.5724
-5.174,-5.5376
-5.174,-5.529
-5.174,-6.1686
-5.174,-5.2561
-5.174,-5.4417
-5.174,-4.4292
-5.174,-5.4887
-5.174,-5.3579
-5.174,-4.5889
-5.174,-4.4517
-5.174,-5.1523
-1.3963,-2.3546
-1.3963,-1.7307
-1.3963,-1.8373
-1.3963,-2.0433
-1.3963,-2.09
-4.0689,-5.0271
-4.0689,-4.3184
-4.0689,-3.1451
2.6173,2.8327
2.6173,1.735
2.6173,1.9176
-2.9379,-3.5514
-2.9379,-3.4915
-2.9379,-3.1418
-2.9379,-2.3546
-2.9379,-3.0522
-2.9379,-3.0654
-2.9379,-3.5645
-2.9379,-3.33
-2.9379,-2.5068
-2.9379,-2.0433
-2.9379,-2.789
-2.9379,-3.4208
-2.9379,-2.6179
-2.9379,-2.6065
-2.9379,-2.09
-2.9379,-3.1918
-2.9379,-2.6726
0.13666,0.17448
0.13666,0.75568
0.13666,0.65578
0.13666,-0.87067
0.13666,0.017892
0.13666,1.0567
0.13666,-0.12246
0.13666,0.71719
0.13666,0.8956
0.13666,-0.23208
-1.7307,-2.3546
-1.7307,-1.3963
-1.7307,-2.4659
-1.7307,-2.5068
-1.7307,-2.1269
-1.7307,-2.0433
-1.7307,-2.09
-7.8224,-7.1022
-7.8224,-7.0908
0.75568,0.17448
0.75568,0.45658
0.75568,0.13666
0.75568,1.2882
0.75568,1.0567
0.75568,1.0641
0.75568,-0.04797
0.75568,0.71719
0.75568,0.8956
1.2882,0.45658
1.2882,1.8157
1.2882,0.75568
1.2882,1.0567
1.2882,1.0641
1.2882,0.71719
1.2882,0.8956
1.2882,1.7728
-1.8373,-2.3546
-1.8373,-1.3963
-1.8373,-2.0433
-1.8373,-2.6065
-1.8373,-2.6726
-1.8373,-2.2499
-1.8573,-2.1746
-1.8573,-1.166
-1.8573,-1.0733
-1.8573,-2.1488
-6.1686,-5.5376
-6.1686,-5.529
-6.1686,-6.4766
-6.1686,-6.0816
-6.1686,-7.0908
-6.1686,-6.2857
-6.1686,-5.174
-6.1686,-6.2594
-6.1686,-5.4887
-6.1686,-6.1858
-6.1686,-6.3067
5.6064,5.9228
5.6064,6.5204
-6.4208,-7.1282
-6.4208,-6.0816
-6.4208,-6.2594
-6.4208,-6.3067
-2.4659,-2.9277
-2.4659,-3.0522
-2.4659,-1.7307
-2.4659,-3.0654
-2.4659,-3.33
-2.4659,-2.5068
-2.4659,-2.1269
-2.4659,-2.5813
-2.4659,-2.9326
-2.4659,-2.789
-2.4659,-2.6179
-2.4659,-2.09
4.766,4.4769
4.766,5.4009
4.766,5.712
4.766,5.2591
4.766,3.808
5.2591,5.0278
5.2591,4.4769
5.2591,5.4009
5.2591,5.712
5.2591,4.766
5.2591,6.0055
5.2591,5.6266
5.2591,5.4912
2.8533,2.9701
2.8533,2.7273
2.8533,3.7241
2.8533,2.0098
-3.2645,-2.605
-3.2645,-2.9277
-3.2645,-3.7967
-3.2645,-3.2593
5.8275,5.3627
5.8275,5.771
5.8275,6.0055
5.8275,5.6266
5.8275,6.265
5.8275,5.4912
5.8275,6.1958
1.735,2.6173
1.735,1.9176
1.735,1.0205
0.6625,1.4206
0.6625,0.65578
0.6625,0.26302
0.6625,-0.17506
4.6139,4.393
4.6139,3.7535
4.6139,3.9437
4.6139,5.4579
4.6139,4.55
4.6139,5.1572
4.6139,4.4476
4.6139,4.9635
4.6139,4.3787
-5.2561,-6.0816
-5.2561,-5.174
-5.2561,-5.4887
-5.2561,-5.3579
-5.2561,-4.4517
-3.0654,-3.9268
-3.0654,-3.5514
-3.0654,-3.4915
-3.0654,-3.1418
-3.0654,-3.0522
-3.0654,-2.9379
-3.0654,-2.4659
-3.0654,-3.7654
-3.0654,-3.33
-3.0654,-2.5068
-3.0654,-2.5813
-3.0654,-2.9326
-3.0654,-2.789
-3.0654,-3.4213
-3.0654,-3.4208
-3.0654,-3.7943
-3.0654,-3.2593
-3.0654,-2.6179
0.65578,1.4206
0.65578,0.13666
0.65578,0.6625
0.65578,0.017892
0.65578,1.0567
0.65578,0.26302
0.65578,0.71719
0.65578,0.9666
0.65578,-0.17506
-0.87067,-1.166
-0.87067,0.13666
-0.87067,-0.91401
-0.87067,0.017892
-0.87067,-1.0733
-0.87067,-0.12246
-0.87067,-0.83055
-0.87067,-0.23208
5.7997,5.8882
5.7997,5.0004
5.7997,5.1522
5.7997,6.6952
5.7997,5.5886
5.7997,6.195
5.7997,5.298
5.7997,6.1971
6.0055,5.0278
6.0055,6.213
6.0055,5.712
6.0055,5.2591
6.0055,5.8275
6.0055,5.6266
6.0055,6.265
6.0055,5.4912
6.0055,6.8318
6.0055,6.5724
-0.91401,-1.166
-0.91401,-0.50756
-0.91401,-0.87067
-0.91401,-1.0733
-0.91401,-0.23208
-0.91401,-0.17506
0.017892,-0.50756
0.017892,0.13666
0.017892,0.65578
0.017892,-0.87067
0.017892,0.26302
0.017892,-0.12246
0.017892,0.71719
0.017892,0.9666
0.017892,-0.23208
4.7732,4.0714
4.7732,4.8733
4.7732,5.0004
4.7732,5.5886
4.7732,5.298
-4.6196,-4.3734
-4.6196,-3.7967
-4.6196,-4.2039
-4.6196,-3.7298
5.5979,5.9069
5.5979,5.8882
5.5979,6.4761
5.5979,5.4579
5.5979,5.1522
5.5979,6.195
5.5979,5.3923
5.5979,5.1572
5.5979,5.298
5.5979,4.9635
5.5979,6.1971
5.5979,6.444
-3.7654,-4.5918
-3.7654,-4.0619
-3.7654,-4.3734
-3.7654,-3.5514
-3.7654,-3.4915
-3.7654,-2.9277
-3.7654,-3.0654
-3.7654,-3.33
-3.7654,-4.2039
-3.7654,-2.9326
-3.7654,-3.4213
-3.7654,-3.7943
-3.7654,-3.2593
-3.7654,-3.7298
4.55,4.393
4.55,3.7535
4.55,3.9437
4.55,5.4579
4.55,4.6139
4.55,5.1522
4.55,5.3923
4.55,5.1572
4.55,4.0824
4.55,4.4476
4.55,4.9635
4.55,4.3787
-3.5645,-3.9268
-3.5645,-3.5514
-3.5645,-3.1418
-3.5645,-3.9762
-3.5645,-2.9379
-3.5645,-4.2765
-3.5645,-3.1856
-3.5645,-3.4208
-3.5645,-3.5247
-3.5645,-3.1918
-3.5645,-2.6726
1.8759,2.8327
1.8759,2.7273
1.8759,2.0098
1.8759,1.9176
1.8759,1.22
5.6266,5.0278
5.6266,6.213
5.6266,5.712
5.6266,5.2591
5.6266,5.8275
5.6266,6.0055
5.6266,6.265
5.6266,5.4912
-0.46759,0.17448
-0.46759,0.45658
-0.46759,-1.0733
-0.46759,-0.12246
-0.46759,-0.04797
-0.46759,-0.83055
-0.46759,-0.54968
-0.46759,-1.1617
2.7273,2.8327
2.7273,2.8533
2.7273,1.8759
2.7273,3.4673
2.7273,2.0098
6.7766,7.2876
6.7766,6.5204
5.9228,5.6064
5.9228,6.5204
5.9228,6.4026
6.265,5.771
6.265,5.8275
6.265,6.0055
6.265,5.6266
6.265,5.4912
6.265,6.8318
6.265,6.1958
6.265,6.5724
5.3095,4.9386
5.3095,5.3627
5.3095,5.771
5.1522,5.8882
5.1522,5.4579
5.1522,4.8733
5.1522,5.0004
5.1522,5.7997
5.1522,5.5979
5.1522,4.55
5.1522,5.3923
5.1522,5.1572
5.1522,5.298
5.1522,4.4476
5.1522,4.3787
7.2899,6.4761
-3.33,-3.9268
-3.33,-4.0619
-3.33,-3.5514
-3.33,-3.4915
-3.33,-3.1418
-3.33,-3.0522
-3.33,-2.9379
-3.33,-2.4659
-3.33,-3.0654
-3.33,-3.7654
-3.33,-2.5068
-3.33,-2.5813
-3.33,-2.9326
-3.33,-2.789
-3.33,-3.4213
-3.33,-3.4208
-3.33,-3.7943
-3.33,-2.6179
-1.0733,-1.166
-1.0733,-1.8573
-1.0733,-0.87067
-1.0733,-0.91401
-1.0733,-0.46759
-1.0733,-0.12246
-1.0733,-0.83055
-1.0733,-0.23208
-1.0733,-1.1617
-2.5068,-3.1418
-2.5068,-2.3546
-2.5068,-3.0522
-2.5068,-2.9379
-2.5068,-1.7307
-2.5068,-2.4659
-2.5068,-3.0654
-2.5068,-3.33
-2.5068,-2.0433
-2.5068,-2.9326
-2.5068,-2.789
-2.5068,-3.4208
-2.5068,-2.6179
-2.5068,-2.09
-2.5068,-3.1918
-2.5068,-2.6726
6.6952,5.7997
6.6952,6.1971
-5.4417,-5.0346
-5.4417,-5.5376
-5.4417,-5.529
-5.4417,-6.2857
-5.4417,-5.4352
-5.4417,-5.174
-5.4417,-4.4608
-5.4417,-4.5889
-5.4417,-6.1858
-5.4417,-6.2113
-5.4417,-5.1523
1.0567,0.13666
1.0567,0.75568
1.0567,1.2882
1.0567,0.65578
1.0567,0.71719
1.0567,0.9666
1.0567,0.8956
1.0567,1.7728
0.84933,1.0205
0.84933,1.22
-2.1269,-2.605
-2.1269,-2.9277
-2.1269,-1.7307
-2.1269,-2.4659
-2.1269,-2.5813
-2.1269,-2.9326
-2.1269,-2.789
-2.1269,-2.09
3.7241,2.8533
3.7241,3.808
1.0641,0.45658
1.0641,1.8157
1.0641,0.75568
1.0641,1.2882
1.0641,0.31605
-2.5813,-2.605
-2.5813,-2.9277
-2.5813,-3.0522
-2.5813,-2.4659
-2.5813,-3.0654
-2.5813,-3.33
-2.5813,-2.1269
-2.5813,-2.9326
-2.5813,-2.789
-2.5813,-3.4213
-2.5813,-3.2593
5.5886,5.8882
5.5886,5.0004
5.5886,5.7997
5.5886,4.7732
-4.3184,-5.0346
-4.3184,-4.0689
3.4673,2.8327
3.4673,2.7273
-4.2039,-4.3734
-4.2039,-3.7967
-4.2039,-4.6196
-4.2039,-3.7654
-4.2039,-3.7298
6.195,5.9069
6.195,5.8882
6.195,6.4761
6.195,5.7997
6.195,5.5979
6.195,5.3923
6.195,5.298
6.195,6.1971
6.195,6.444
0.26302,-0.50756
0.26302,0.6625
0.26302,0.65578
0.26302,0.017892
0.26302,0.9666
0.26302,-0.23208
0.26302,-0.17506
5.3923,5.9069
5.3923,5.8882
5.3923,5.4579
5.3923,4.8733
5.3923,5.0004
5.3923,5.5979
5.3923,4.55
5.3923,5.1522
5.3923,6.195
5.3923,5.1572
5.3923,5.298
5.3923,4.4476
5.3923,6.1971
7.2876,6.7766
7.2876,6.5204
-4.2765,-3.9268
-4.2765,-4.5918
-4.2765,-3.5514
-4.2765,-3.4915
-4.2765,-3.9762
-4.2765,-3.5645
-4.2765,-3.4208
-4.2765,-3.7943
-3.1856,-2.8039
-3.1856,-3.1418
-3.1856,-3.5645
-3.1856,-2.6065
-3.1856,-3.5247
-3.1856,-3.1918
-3.1856,-2.2499
5.1572,5.9069
5.1572,5.4579
5.1572,4.8733
5.1572,4.6139
5.1572,5.5979
5.1572,4.55
5.1572,5.1522
5.1572,5.3923
5.1572,5.298
5.1572,4.4476
5.1572,4.9635
5.1572,4.3787
-2.0433,-2.3546
-2.0433,-1.3963
-2.0433,-2.9379
-2.0433,-1.7307
-2.0433,-1.8373
-2.0433,-2.5068
-2.0433,-2.6179
-2.0433,-2.6065
-2.0433,-2.09
-2.0433,-2.6726
-2.0433,-2.2499
-6.2594,-6.0816
-6.2594,-7.0908
-6.2594,-6.1686
-6.2594,-6.4208
-6.2594,-5.4887
-6.2594,-5.3579
-6.2594,-6.1858
-6.2594,-6.3067
-6.2594,-7.1492
4.0824,3.4193
4.0824,3.7535
4.0824,4.0714
4.0824,4.8733
4.0824,4.55
4.0824,4.4476
4.0824,4.3787
2.0541,1.4206
2.0541,1.7728
5.298,5.8882
5.298,5.4579
5.298,4.8733
5.298,5.0004
5.298,5.7997
5.298,4.7732
5.298,5.5979
5.298,5.1522
5.298,6.195
5.298,5.3923
5.298,5.1572
5.298,4.3787
5.298,6.1971
3.808,4.4769
3.808,2.9701
3.808,4.766
3.808,3.7241
3.808,3.9458
-2.9326,-3.5514
-2.9326,-3.4915
-2.9326,-2.9277
-2.9326,-3.0522
-2.9326,-2.4659
-2.9326,-3.0654
-2.9326,-3.7654
-2.9326,-3.33
-2.9326,-2.5068
-2.9326,-2.1269
-2.9326,-2.5813
-2.9326,-2.789
-2.9326,-3.4213
-2.9326,-3.7943
-2.9326,-3.2593
-2.9326,-3.7298
-0.12246,0.17448
-0.12246,0.13666
-0.12246,-0.87067
-0.12246,0.017892
-0.12246,-0.46759
-0.12246,-1.0733
-0.12246,-0.04797
-0.12246,0.71719
-0.12246,-0.83055
-0.12246,-0.23208
-0.04797,0.17448
-0.04797,0.45658
-0.04797,0.75568
-0.04797,-0.46759
-0.04797,-0.12246
-0.04797,-0.83055
-0.04797,-0.54968
2.0098,2.8533
2.0098,1.8759
2.0098,2.7273
2.0098,1.8901
2.0098,1.22
6.9849,7.0292
0.71719,0.17448
0.71719,0.45658
0.71719,0.13666
0.71719,0.75568
0.71719,1.2882
0.71719,0.65578
0.71719,0.017892
0.71719,1.0567
0.71719,-0.12246
0.71719,0.9666
0.71719,0.8956
0.71719,-0.23208
-2.789,-3.5514
-2.789,-3.4915
-2.789,-2.9277
-2.789,-3.0522
-2.789,-2.9379
-2.789,-2.4659
-2.789,-3.0654
-2.789,-3.33
-2.789,-2.5068
-2.789,-2.1269
-2.789,-2.5813
-2.789,-2.9326
-2.789,-3.4213
-2.789,-3.2593
-2.789,-2.6179
-2.789,-2.09
-3.4213,-2.605
-3.4213,-4.0619
-3.4213,-4.3734
-3.4213,-3.4915
-3.4213,-2.9277
-3.4213,-3.7967
-3.4213,-3.0654
-3.4213,-3.7654
-3.4213,-3.33
-3.4213,-2.5813
-3.4213,-2.9326
-3.4213,-2.789
-3.4213,-3.2593
-3.4213,-3.7298
-4.4292,-5.174
-4.4292,-4.5889
-4.4292,-4.4517
-4.4292,-5.1523
-5.4887,-5.5376
-5.4887,-5.529
-5.4887,-6.0816
-5.4887,-5.174
-5.4887,-6.1686
-5.4887,-5.2561
-5.4887,-6.2594
-5.4887,-5.3579
-5.4887,-6.1858
-5.4887,-6.3067
-5.4887,-5.1523
1.8901,2.5332
1.8901,2.0098
-3.4208,-3.9268
-3.4208,-3.5514
-3.4208,-3.4915
-3.4208,-3.1418
-3.4208,-3.9762
-3.4208,-3.0522
-3.4208,-2.9379
-3.4208,-3.0654
-3.4208,-3.5645
-3.4208,-3.33
-3.4208,-2.5068
-3.4208,-4.2765
-3.4208,-3.7943
-3.4208,-2.6179
-3.4208,-3.1918
-3.4208,-2.6726
0.9666,1.4206
0.9666,0.65578
0.9666,0.017892
0.9666,1.0567
0.9666,0.26302
0.9666,0.71719
0.9666,0.8956
0.9666,1.7728
6.5204,5.6064
6.5204,6.7766
6.5204,5.9228
6.5204,7.2876
6.5204,6.4026
-5.3579,-5.5376
-5.3579,-6.0816
-5.3579,-5.174
-5.3579,-5.2561
-5.3579,-6.2594
-5.3579,-5.4887
-5.3579,-4.4517
-5.3579,-5.1523
-4.4608,-5.0346
-4.4608,-5.4352
-4.4608,-5.4417
-4.4608,-4.5889
-7.9585,-7.0908
-7.9585,-7.1492
0.31605,1.0641
0.31605,-0.54968
3.273,3.9437
-4.5889,-5.529
-4.5889,-5.174
-4.5889,-5.4417
-4.5889,-4.4292
-4.5889,-4.4608
-4.5889,-5.1523
-3.7943,-3.9268
-3.7943,-4.5918
-3.7943,-4.0619
-3.7943,-4.3734
-3.7943,-3.5514
-3.7943,-3.4915
-3.7943,-3.0522
-3.7943,-3.0654
-3.7943,-3.7654
-3.7943,-3.33
-3.7943,-4.2765
-3.7943,-2.9326
-3.7943,-3.4208
-3.7943,-3.7298
3.9458,4.4769
3.9458,3.808
-3.2593,-2.605
-3.2593,-4.0619
-3.2593,-3.4915
-3.2593,-2.9277
-3.2593,-3.7967
-3.2593,-3.2645
-3.2593,-3.0654
-3.2593,-3.7654
-3.2593,-2.5813
-3.2593,-2.9326
-3.2593,-2.789
-3.2593,-3.4213
-3.2593,-3.7298
0.8956,0.17448
0.8956,0.45658
0.8956,0.13666
0.8956,0.75568
0.8956,1.2882
0.8956,1.0567
0.8956,0.71719
0.8956,0.9666
5.4912,5.3627
5.4912,5.0278
5.4912,4.6584
5.4912,5.771
5.4912,5.2591
5.4912,5.8275
5.4912,6.0055
5.4912,5.6266
5.4912,6.265
-2.6179,-3.1418
-2.6179,-2.3546
-2.6179,-3.0522
-2.6179,-2.9379
-2.6179,-2.4659
-2.6179,-3.0654
-2.6179,-3.33
-2.6179,-2.5068
-2.6179,-2.0433
-2.6179,-2.789
-2.6179,-3.4208
-2.6179,-2.6065
-2.6179,-2.09
-2.6179,-3.1918
-2.6179,-2.6726
1.9176,2.8327
1.9176,2.6173
1.9176,1.735
1.9176,1.8759
6.8318,6.0055
6.8318,6.265
6.8318,6.5724
4.4476,3.7535
4.4476,3.9437
4.4476,4.0714
4.4476,4.8733
4.4476,4.6139
4.4476,4.55
4.4476,5.1522
4.4476,5.3923
4.4476,5.1572
4.4476,4.0824
4.4476,4.9635
4.4476,4.3787
-0.83055,0.17448
-0.83055,-0.87067
-0.83055,-0.46759
-0.83055,-1.0733
-0.83055,-0.12246
-0.83055,-0.04797
-0.83055,-1.1617
-3.7298,-4.0619
-3.7298,-4.3734
-3.7298,-3.4915
-3.7298,-2.9277
-3.7298,-3.7967
-3.7298,-4.6196
-3.7298,-3.7654
-3.7298,-4.2039
-3.7298,-2.9326
-3.7298,-3.4213
-3.7298,-3.7943
-3.7298,-3.2593
-2.1488,-1.8573
-2.1488,-1.1617
-4.4517,-5.174
-4.4517,-5.2561
-4.4517,-4.4292
-4.4517,-5.3579
-2.6065,-2.8039
-2.6065,-3.1418
-2.6065,-2.3546
-2.6065,-2.9379
-2.6065,-1.8373
-2.6065,-3.1856
-2.6065,-2.0433
-2.6065,-2.6179
-2.6065,-3.1918
-2.6065,-2.6726
-2.6065,-2.2499
-6.1858,-5.5376
-6.1858,-5.529
-6.1858,-6.4766
-6.1858,-7.0908
-6.1858,-6.2857
-6.1858,-6.1686
-6.1858,-5.4417
-6.1858,-6.2594
-6.1858,-5.4887
-6.1858,-6.3067
-3.1451,-2.1746
-3.1451,-4.0689
-3.1451,-3.0015
-3.5247,-2.8039
-3.5247,-3.9762
-3.5247,-3.5645
-3.5247,-3.1856
-3.5247,-3.1918
6.1958,5.3627
6.1958,5.771
6.1958,5.8275
6.1958,6.265
6.4026,7.0292
6.4026,5.9228
6.4026,6.5204
-2.09,-2.3546
-2.09,-3.0522
-2.09,-1.3963
-2.09,-2.9379
-2.09,-1.7307
-2.09,-2.4659
-2.09,-2.5068
-2.09,-2.1269
-2.09,-2.0433
-2.09,-2.789
-2.09,-2.6179
-2.09,-2.6726
-6.2113,-6.4766
-6.2113,-5.856
-6.2113,-6.2857
-6.2113,-5.4352
-6.2113,-5.4417
-0.23208,-1.166
-0.23208,-0.50756
-0.23208,0.13666
-0.23208,-0.87067
-0.23208,-0.91401
-0.23208,0.017892
-0.23208,-1.0733
-0.23208,0.26302
-0.23208,-0.12246
-0.23208,0.71719
1.7728,1.2882
1.7728,1.0567
1.7728,2.0541
1.7728,0.9666
-0.54968,-0.46759
-0.54968,-0.04797
-0.54968,0.31605
-0.54968,-1.1617
-6.3067,-5.5376
-6.3067,-6.4766
-6.3067,-6.0816
-6.3067,-7.0908
-6.3067,-6.1686
-6.3067,-6.4208
-6.3067,-6.2594
-6.3067,-5.4887
-6.3067,-6.1858
-6.3067,-7.1492
-3.1918,-3.5514
-3.1918,-2.8039
-3.1918,-3.1418
-3.1918,-3.9762
-3.1918,-2.3546
-3.1918,-3.0522
-3.1918,-2.9379
-3.1918,-3.5645
-3.1918,-2.5068
-3.1918,-3.1856
-3.1918,-3.4208
-3.1918,-2.6179
-3.1918,-2.6065
-3.1918,-3.5247
-3.1918,-2.6726
-7.1492,-7.1282
-7.1492,-7.0908
-7.1492,-6.2594
-7.1492,-7.9585
-7.1492,-6.3067
-1.1617,-0.46759
-1.1617,-1.0733
-1.1617,-0.83055
-1.1617,-2.1488
-1.1617,-0.54968
4.9635,4.393
4.9635,5.9069
4.9635,5.4579
4.9635,4.6139
4.9635,5.5979
4.9635,4.55
4.9635,5.1572
4.9635,4.4476
4.9635,5.5805
1.0205,1.735
1.0205,0.84933
-2.6726,-2.8039
-2.6726,-3.1418
-2.6726,-2.3546
-2.6726,-3.0522
-2.6726,-2.9379
-2.6726,-1.8373
-2.6726,-3.5645
-2.6726,-2.5068
-2.6726,-2.0433
-2.6726,-3.4208
-2.6726,-2.6179
-2.6726,-2.6065
-2.6726,-2.09
-2.6726,-3.1918
-2.6726,-2.2499
4.3787,3.7535
4.3787,4.0714
4.3787,4.8733
4.3787,5.0004
4.3787,4.6139
4.3787,4.55
4.3787,5.1522
4.3787,5.1572
4.3787,4.0824
4.3787,5.298
4.3787,4.4476
6.5724,6.213
6.5724,5.712
6.5724,6.0055
6.5724,6.265
6.5724,6.8318
-5.1523,-5.5376
-5.1523,-5.529
-5.1523,-5.174
-5.1523,-5.4417
-5.1523,-4.4292
-5.1523,-5.4887
-5.1523,-5.3579
-5.1523,-4.5889
-3.0015,-3.1451
-0.17506,-0.50756
-0.17506,0.6625
-0.17506,0.65578
-0.17506,-0.91401
-0.17506,0.26302
1.22,1.8759
1.22,0.84933
1.22,2.0098
5.5805,5.9069
5.5805,5.4579
5.5805,4.9635
6.1971,5.8882
6.1971,6.4761
6.1971,5.7997
6.1971,5.5979
6.1971,6.6952
6.1971,6.195
6.1971,5.3923
6.1971,5.298
-2.2499,-2.8039
-2.2499,-2.3546
-2.2499,-2.2265
-2.2499,-1.8373
-2.2499,-3.1856
-2.2499,-2.0433
-2.2499,-2.6065
-2.2499,-2.6726
6.444,5.9069
6.444,6.4761
6.444,5.4579
6.444,5.5979
6.444,6.195
