-1.2591,-0.40112
-7.5125,-8.035
-7.5125,-6.8761
-7.5125,-8.0304
-7.5125,-6.8325
-5.8483,-5.8728
-5.8483,-4.8963
-4.9143,-4.4573
-4.9143,-5.55
-4.9143,-4.5697
-4.9143,-4.5321
-0.56505,0.34755
-5.7752,-5.7604
-5.7752,-4.8805
-5.7752,-6.613
-5.7752,-6.2553
-7.657,-6.7455
-6.4969,-6.8887
-6.4969,-7.1878
5.2674,4.5265
-3.7218,-3.7925
-3.7218,-3.8596
-3.7218,-2.9946
-3.7218,-4.2562
6.135,5.185
6.135,6.3604
-5.8728,-5.8483
-5.8728,-5.1139
-6.692,-7.581
-6.692,-7.2127
-6.692,-6.0349
-6.692,-6.8325
7.5702,6.8363
7.5702,7.4741
3.727,4.4999
3.727,4.2501
3.7709,4.5566
3.7709,4.4748
-7.0875,-6.7592
-7.0875,-6.4172
-3.7925,-3.7218
6.3444,6.5107
6.3444,5.4938
6.3444,5.426
6.3444,6.8805
6.3444,6.1454
-4.0585,-4.8963
-4.0585,-4.6836
-4.4573,-4.9143
-4.4573,-3.8798
0.32792,0.6808
0.6808,0.32792
0.6808,1.5279
0.6808,1.3786
2.456,3.3776
3.7077,4.5505
3.7077,2.785
-7.1664,-7.2127
-7.1664,-7.8868
7.2035,6.7185
7.2035,6.3041
-5.7604,-5.7752
-5.7604,-4.8805
-5.7604,-5.3437
-5.7604,-6.7592
-5.7604,-6.2553
-5.7604,-6.4172
-1.3461,-1.0789
-1.3461,-2.3204
-1.3461,-0.76617
4.5566,3.7709
4.5566,5.1284
4.5566,4.1755
4.5566,4.4748
6.6144,7.2116
4.4999,3.727
4.4999,4.5505
4.4999,5.426
4.4999,4.8415
-3.743,-4.2981
-1.04,-0.91956
-1.04,-0.54436
-1.04,-0.044147
3.1313,2.4505
3.1313,3.2307
0.099874,0.34755
0.099874,-0.37496
0.099874,0.56196
-1.0789,-1.3461
-1.0789,-1.8554
-1.0789,-0.76617
-1.0789,-0.12446
-2.7861,-2.9946
6.5107,6.3444
6.5107,6.488
6.5107,7.2769
6.5107,6.1454
-8.6703,-7.6742
-8.6703,-8.5496
3.8234,4.5265
7.7142,7.2116
4.5265,5.2674
4.5265,3.8234
4.5265,5.185
3.3177,2.4506
-6.8887,-6.4969
-6.8887,-7.5663
-8.035,-7.5125
6.8363,7.5702
6.8363,6.5196
6.8363,6.9371
0.18638,0.14897
0.18638,-0.24748
0.18638,0.84445
0.18638,-0.15043
-6.8761,-7.5125
0.36251,-0.54436
0.36251,-0.044147
1.79,2.4109
1.79,1.2463
5.4742,5.0716
5.4742,5.426
5.4742,6.1044
5.4742,4.8415
5.4742,6.1454
5.4938,6.3444
5.4938,4.5505
5.4938,5.426
5.4938,5.5117
-7.5663,-6.8887
-7.5663,-7.1878
-4.8706,-5.09
-4.8706,-4.8805
-4.8706,-5.3437
-4.8706,-4.2562
-5.09,-4.8706
-5.09,-5.3437
-5.09,-5.9821
-5.09,-4.2562
-4.8281,-3.9048
-4.8281,-4.5321
2.4505,3.1313
2.4505,1.8318
2.4505,3.211
1.2955,0.8544
1.2955,1.0805
1.2955,0.50155
0.35219,-0.40112
0.35219,1.2826
0.35219,0.56196
-7.581,-6.692
1.5279,0.6808
1.5279,2.4506
1.5279,1.3786
6.1185,6.7185
6.1185,6.3041
6.1185,5.2513
0.14897,0.18638
0.14897,-0.24748
0.14897,0.84445
0.14897,-0.044147
-3.0893,-2.1694
-3.0893,-2.6122
-3.0893,-3.9633
-5.55,-4.9143
-5.55,-6.3609
5.8136,6.7185
-8.7487,-7.8868
-0.90711,-1.8136
-0.90711,-0.24748
-0.90711,-0.91956
4.3452,5.1284
4.3452,4.1755
1.8318,2.4505
-3.8596,-3.7218
-3.8596,-2.9946
-3.8596,-4.2562
4.2546,4.4748
-1.8554,-1.0789
-4.5697,-4.9143
-4.5697,-3.695
-4.5697,-3.8798
-4.5697,-4.5321
-1.8136,-0.90711
-1.8136,-0.91956
0.8544,1.2955
0.8544,0.19431
-2.1694,-3.0893
-2.1694,-2.6122
-2.1694,-1.4456
7.5824,6.8805
5.185,6.135
5.185,4.5265
-2.3204,-1.3461
-2.3204,-3.1794
1.0805,1.2955
1.0805,0.63432
1.0805,0.50155
5.0716,5.4742
-6.7455,-7.657
-6.7455,-6.0764
-6.7455,-5.9821
7.2116,6.6144
7.2116,7.7142
7.2116,7.8592
-6.0764,-6.7455
-6.0764,-5.3437
-6.0764,-5.9821
-6.0764,-6.2553
-6.0764,-6.4172
4.5505,3.7077
4.5505,4.4999
4.5505,5.4938
-4.8805,-5.7752
-4.8805,-5.7604
-4.8805,-4.8706
0.34755,-0.56505
0.34755,0.099874
0.34755,1.1882
5.1284,4.5566
5.1284,4.3452
5.1284,4.1755
5.1284,5.6845
-0.41321,0.49354
-0.41321,-0.76617
-0.41321,-0.12446
6.7185,7.2035
6.7185,6.1185
6.7185,5.8136
6.7185,7.5372
5.1888,5.2513
6.3604,6.135
5.426,6.3444
5.426,4.4999
5.426,5.4742
5.426,5.4938
5.426,4.8415
5.426,6.1454
7.359,6.8805
-2.6122,-3.0893
-2.6122,-2.1694
6.8805,6.3444
6.8805,7.5824
6.8805,7.359
6.8805,6.1454
-7.1878,-6.4969
-7.1878,-7.5663
0.49354,-0.41321
0.49354,0.63432
-0.40112,-1.2591
-0.40112,0.35219
-0.40112,-0.37496
3.2307,3.1313
3.2307,3.3776
2.4109,1.79
2.4109,2.0754
-0.24748,0.18638
-0.24748,0.14897
-0.24748,-0.90711
-0.24748,-0.91956
-0.24748,-0.044147
6.1044,5.4742
-4.8963,-5.8483
-4.8963,-4.0585
-4.8963,-5.1139
3.211,2.4505
-5.3437,-5.7604
-5.3437,-4.8706
-5.3437,-5.09
-5.3437,-6.0764
7.4741,7.5702
7.4741,7.2769
0.63432,1.0805
0.63432,0.49354
0.63432,1.5111
0.63432,-0.12446
6.488,6.5107
6.488,6.5196
6.488,7.2769
6.488,5.5117
-6.7592,-7.0875
-6.7592,-5.7604
-6.7592,-6.613
-6.7592,-6.2553
-6.7592,-6.4172
6.5196,6.8363
6.5196,6.488
0.84445,0.18638
0.84445,0.14897
-7.2127,-6.692
-7.2127,-7.1664
-7.2127,-6.3609
4.2501,3.727
4.2501,4.8415
2.4506,3.3177
2.4506,1.5279
2.4506,2.0754
-7.6742,-8.6703
7.2769,6.5107
7.2769,7.4741
7.2769,6.488
3.3776,2.456
3.3776,3.2307
3.3776,4.1755
-2.2952,-2.9946
-2.2952,-2.6938
0.50155,1.2955
0.50155,1.0805
-0.76617,-1.3461
-0.76617,-1.0789
-0.76617,-0.41321
-0.76617,-0.12446
1.1882,0.34755
6.3041,7.2035
6.3041,6.1185
2.0754,2.4109
2.0754,2.4506
2.0754,1.3786
-2.9946,-3.7218
-2.9946,-2.7861
-2.9946,-3.8596
-2.9946,-2.2952
-5.9821,-5.09
-5.9821,-6.7455
-5.9821,-6.0764
-5.9821,-6.4172
-3.695,-4.5697
-3.695,-3.9048
-3.695,-4.5321
-6.3609,-5.55
-6.3609,-7.2127
1.2826,0.35219
1.2826,0.56196
-6.613,-5.7752
-6.613,-6.7592
-6.613,-6.2553
0.19431,0.8544
7.5372,6.7185
-3.7365,-3.1794
-3.7365,-2.9889
-3.1794,-2.3204
-3.1794,-3.7365
-7.8868,-7.1664
-7.8868,-8.7487
1.2463,1.79
1.2463,1.3786
2.785,3.7077
-3.8798,-4.4573
-3.8798,-4.5697
-6.2553,-5.7752
-6.2553,-5.7604
-6.2553,-6.0764
-6.2553,-6.7592
-6.2553,-6.613
-6.2553,-6.4172
4.1755,4.5566
4.1755,4.3452
4.1755,5.1284
4.1755,3.3776
-4.2562,-3.7218
-4.2562,-4.8706
-4.2562,-5.09
-4.2562,-3.8596
1.5111,0.63432
4.4748,3.7709
4.4748,4.5566
4.4748,4.2546
-0.91956,-1.04
-0.91956,-0.90711
-0.91956,-1.8136
-0.91956,-0.24748
-0.37496,0.099874
-0.37496,-0.40112
-0.37496,0.56196
4.8415,4.4999
4.8415,5.4742
4.8415,5.426
4.8415,4.2501
-6.4172,-7.0875
-6.4172,-5.7604
-6.4172,-6.0764
-6.4172,-6.7592
-6.4172,-5.9821
-6.4172,-6.2553
-3.9633,-3.0893
-3.9633,-4.6836
-3.9048,-4.8281
-3.9048,-3.695
-3.9048,-4.5321
-0.54436,-1.04
-0.54436,0.36251
-0.54436,-0.044147
-8.0304,-7.5125
-5.1139,-5.8728
-5.1139,-4.8963
-5.1139,-4.6836
5.2513,6.1185
5.2513,5.1888
-0.15043,0.18638
-0.12446,-1.0789
-0.12446,-0.41321
-0.12446,0.63432
-0.12446,-0.76617
1.3786,0.6808
1.3786,1.5279
1.3786,2.0754
1.3786,1.2463
-0.58563,-1.4456
-6.0349,-6.692
-6.0349,-6.8325
-4.2981,-3.743
-6.8325,-7.5125
-6.8325,-6.692
-6.8325,-6.0349
-1.4456,-2.1694
-1.4456,-0.58563
-2.6938,-2.2952
5.5117,5.4938
5.5117,6.488
5.6845,5.1284
-4.5321,-4.9143
-4.5321,-4.8281
-4.5321,-4.5697
-4.5321,-3.695
-4.5321,-3.9048
-4.6836,-4.0585
-4.6836,-3.9633
-4.6836,-5.1139
-2.9889,-3.7365
0.56196,0.099874
0.56196,0.35219
0.56196,1.2826
0.56196,-0.37496
-8.5496,-8.6703
6.9371,6.8363
6.9371,7.8592
6.1454,6.3444
6.1454,6.5107
6.1454,5.4742
6.1454,5.426
6.1454,6.8805
-0.044147,-1.04
-0.044147,0.36251
-0.044147,0.14897
-0.044147,-0.24748
-0.044147,-0.54436
7.8592,7.2116
7.8592,6.9371
