-2.1329,-2.89
-2.1329,-2.6217
-2.1329,-1.8875
-2.1329,-1.2731
-2.1329,-2.7153
-2.1329,-1.7071
-2.1329,-2.5538
-2.1329,-2.408
-2.1329,-2.5609
-2.1329,-2.1667
-2.1329,-1.6592
-2.1329,-2.3296
-2.1329,-2.9075
-2.1329,-2.3125
-2.1329,-2.8857
-2.1329,-1.9038
-6.28,-5.6352
-6.28,-6.0046
-6.28,-6.767
-6.28,-6.2388
-6.28,-6.7508
-6.28,-6.2994
-6.28,-5.8308
-6.28,-5.7669
-6.28,-6.4322
-6.28,-5.4867
-6.28,-5.4608
-4.807,-5.4101
-4.807,-5.4525
-4.807,-5.0968
-4.807,-4.4573
-4.807,-5.1358
-4.807,-4.725
-4.807,-4.475
-4.807,-5.4867
-4.807,-4.0896
-5.6352,-6.28
-5.6352,-6.0046
-5.6352,-6.2388
-5.6352,-5.0968
-5.6352,-6.2994
-5.6352,-5.0595
-5.6352,-5.8308
-5.6352,-5.1497
-5.6352,-5.7669
-5.6352,-4.7037
-5.6352,-5.1358
-5.6352,-5.8041
-5.6352,-4.725
-5.6352,-6.4322
-5.6352,-5.4867
-5.6352,-5.4608
2.5615,2.9301
2.5615,1.7084
2.5615,1.7408
2.5615,2.3377
-2.89,-2.1329
-2.89,-3.0551
-2.89,-3.731
-2.89,-2.6217
-2.89,-3.305
-2.89,-2.7153
-2.89,-2.5538
-2.89,-2.408
-2.89,-3.2561
-2.89,-2.9101
-2.89,-2.5609
-2.89,-2.1667
-2.89,-3.0823
-2.89,-2.3296
-2.89,-2.9075
-2.89,-3.4553
-2.89,-3.2397
-2.89,-3.7844
-2.89,-2.3125
-2.89,-2.7249
-2.89,-2.8857
-3.6353,-4.0348
-3.6353,-4.4771
-3.6353,-3.2561
-3.6353,-3.5359
-3.6353,-3.0823
-3.6353,-2.9075
-3.6353,-3.4553
-3.6353,-3.2397
-3.6353,-3.7844
-3.6353,-2.8857
-6.0046,-6.28
-6.0046,-5.6352
-6.0046,-6.767
-6.0046,-6.2388
-6.0046,-6.7508
-6.0046,-6.2994
-6.0046,-5.8308
-6.0046,-5.1497
-6.0046,-5.7669
-6.0046,-5.1358
-6.0046,-5.8041
-6.0046,-6.4322
-6.0046,-5.4867
-6.0046,-5.4608
5.2943,5.6039
5.2943,6.0154
5.2943,4.8127
5.2943,5.6104
-3.0551,-2.89
-3.0551,-3.731
-3.0551,-3.4218
-3.0551,-3.305
-3.0551,-2.7153
-3.0551,-2.408
-3.0551,-3.2561
-3.0551,-2.9101
-3.0551,-3.4374
-3.0551,-2.5609
-3.0551,-3.1595
-3.0551,-2.1667
-3.0551,-3.0823
-3.0551,-4.0348
-3.0551,-2.651
-3.0551,-2.9413
-3.0551,-2.3814
-3.0551,-2.7249
5.6006,5.2762
5.6006,5.0692
5.6006,4.9102
5.6006,5.6039
5.6006,6.0154
5.6006,6.4629
5.6006,6.0906
-5.4101,-4.807
-5.4101,-5.4525
-5.4101,-4.4573
-5.4101,-6.0807
-5.4101,-5.7669
-6.767,-6.28
-6.767,-6.0046
-6.767,-7.1847
-6.767,-6.7508
-6.767,-6.2994
-6.767,-6.0807
5.7176,6.1247
5.7176,5.8417
5.7176,5.4686
5.7176,5.3861
5.7176,6.4736
5.7176,5.5761
5.7176,6.6698
5.7176,6.3708
5.7176,5.336
5.7176,5.8292
5.7176,4.7876
5.7176,6.4718
3.7255,3.7998
3.7255,4.5513
3.7255,4.4941
3.7255,4.5522
4.2129,3.3621
4.2129,4.4182
4.2129,5.0692
4.2129,4.9102
4.2129,4.5069
-4.0348,-3.6353
-4.0348,-4.1341
-4.0348,-3.731
-4.0348,-4.4771
-4.0348,-3.5359
-4.0348,-3.4553
-4.0348,-3.2397
-4.0348,-3.7844
7.0791,6.317
7.0791,6.4629
-4.1341,-4.0348
-4.1341,-3.731
-4.1341,-4.6876
-4.1341,-3.305
-4.1341,-4.4771
-4.1341,-3.2561
-4.1341,-3.4374
-4.1341,-4.0348
-4.1341,-3.4553
-4.1341,-3.7844
6.1247,5.7176
6.1247,5.4686
6.1247,6.4736
6.1247,5.3528
6.1247,6.3708
6.1247,5.336
6.1247,6.4718
-5.4525,-4.807
-5.4525,-5.4101
-5.4525,-5.0968
-5.4525,-6.0807
-5.4525,-5.7669
-5.4525,-5.1358
-5.4525,-4.725
-5.4525,-4.475
-5.4525,-5.4867
-7.1847,-6.767
-7.1847,-6.7508
-7.1847,-6.4322
-7.1847,-7.1528
0.91637,0.29514
0.91637,1.4578
0.91637,0.58489
0.91637,1.4038
0.91637,0.66184
0.91637,0.12871
0.29514,0.91637
0.29514,-0.24247
0.29514,-0.69264
0.29514,0.58489
0.29514,-0.20156
0.29514,0.66184
0.29514,0.005133
0.29514,0.12871
2.8356,3.3623
2.8356,2.3377
2.8356,2.5962
3.7998,3.7255
3.7998,4.0773
3.7998,4.5513
3.7998,4.7277
3.7998,4.7482
-6.2388,-6.28
-6.2388,-5.6352
-6.2388,-6.0046
-6.2388,-6.3554
-6.2388,-6.7508
-6.2388,-6.1264
-6.2388,-5.8308
-6.2388,-6.8235
-6.2388,-5.8041
-6.2388,-6.4322
-6.2388,-5.6214
-6.2388,-7.1528
-6.2388,-5.4608
4.0773,3.7998
4.0773,4.3985
4.0773,4.9914
4.0773,4.5513
4.0773,4.7277
4.0773,4.7482
4.0773,5.0752
6.8081,6.7206
6.8081,6.1693
-3.731,-2.89
-3.731,-3.0551
-3.731,-4.0348
-3.731,-4.1341
-3.731,-3.4218
-3.731,-3.305
-3.731,-4.4771
-3.731,-3.2561
-3.731,-2.9101
-3.731,-3.4374
-3.731,-3.1595
-3.731,-3.0823
-3.731,-4.0348
-3.731,-4.0437
-3.731,-3.4553
-3.731,-3.7844
-1.0897,-0.43901
-1.0897,-0.24247
-1.0897,-0.69264
-1.0897,-0.20156
3.3621,4.2129
3.3621,3.659
4.3985,4.0773
4.3985,4.9432
4.3985,4.7482
4.3985,5.0752
4.9914,4.0773
4.9914,5.8417
4.9914,5.4686
4.9914,5.3861
4.9914,4.5513
4.9914,4.7277
4.9914,5.5761
4.9914,5.8292
4.9914,5.4065
4.9914,4.7876
4.9914,4.7482
4.9914,4.5522
4.9914,5.0752
-3.7068,-3.4218
-3.7068,-3.4374
-3.7068,-3.1595
-3.7068,-4.0437
-3.7068,-3.1149
-3.7068,-2.7476
-3.4218,-3.0551
-3.4218,-3.731
-3.4218,-3.7068
-3.4218,-3.305
-3.4218,-2.9101
-3.4218,-3.4374
-3.4218,-3.1595
-3.4218,-4.0348
-3.4218,-4.0437
-3.4218,-3.1149
-3.4218,-2.651
-3.4218,-2.9413
-3.4218,-2.7249
3.8654,4.6691
3.8654,3.3623
-4.6876,-4.1341
-4.6876,-4.0348
-4.6876,-4.0437
1.108,1.7408
1.108,0.77294
0.30819,0.52734
0.30819,0.08327
0.30819,1.0263
0.30819,-0.19735
0.30819,-0.57269
0.30819,1.0188
0.30819,0.31343
-2.6217,-2.1329
-2.6217,-2.89
-2.6217,-1.8875
-2.6217,-2.7153
-2.6217,-2.5538
-2.6217,-3.2561
-2.6217,-2.9101
-2.6217,-3.5359
-2.6217,-2.5609
-2.6217,-2.2671
-2.6217,-3.0823
-2.6217,-1.6592
-2.6217,-2.3296
-2.6217,-2.9075
-2.6217,-3.2397
-2.6217,-2.3125
-2.6217,-2.8857
6.8789,6.537
6.8789,6.4736
6.8789,7.3783
6.8789,6.6698
6.8789,7.4975
6.8789,6.4718
6.8789,6.14
4.4182,4.2129
4.4182,5.2762
4.4182,5.0692
4.4182,4.8127
6.537,6.8789
6.537,5.602
6.537,5.8292
6.537,6.14
5.2762,5.6006
5.2762,4.4182
5.2762,5.4812
5.2762,5.0692
5.2762,4.9102
5.2762,5.6039
5.2762,4.5069
5.2762,6.0906
1.8906,1.2719
1.8906,2.0735
1.8906,1.0188
1.8906,1.2006
-5.0968,-4.807
-5.0968,-5.6352
-5.0968,-5.4525
-5.0968,-5.7669
-5.0968,-4.7037
-5.0968,-5.1358
-5.0968,-4.725
-5.0968,-4.2926
-5.0968,-4.475
-5.0968,-5.4867
-5.0968,-5.4608
-6.3554,-6.2388
-6.3554,-6.1264
-6.3554,-6.8235
-6.3554,-5.6214
-6.3554,-7.1528
5.8417,5.7176
5.8417,4.9914
5.8417,5.4686
5.8417,5.3861
5.8417,6.4736
5.8417,5.5761
5.8417,6.6698
5.8417,5.8292
5.8417,5.4065
5.8417,6.4718
5.8417,6.14
-1.8875,-2.1329
-1.8875,-2.6217
-1.8875,-1.2731
-1.8875,-1.7071
-1.8875,-2.5538
-1.8875,-2.5609
-1.8875,-1.6592
-1.8875,-2.3296
-1.8875,-2.3125
-1.8875,-2.8857
-1.8875,-1.9038
-6.7508,-6.28
-6.7508,-6.0046
-6.7508,-6.767
-6.7508,-7.1847
-6.7508,-6.2388
-6.7508,-6.2994
-6.7508,-6.1264
-6.7508,-5.8308
-6.7508,-6.8235
-6.7508,-6.4322
-6.7508,-7.1528
-1.2731,-2.1329
-1.2731,-1.8875
-1.2731,-1.8008
-1.2731,-1.6592
-1.2731,-1.9038
1.4578,0.91637
1.4578,1.4038
1.4578,2.1263
5.4686,5.7176
5.4686,6.1247
5.4686,4.9914
5.4686,5.8417
5.4686,5.3861
5.4686,6.4736
5.4686,5.3528
5.4686,5.5761
5.4686,5.336
5.4686,5.8292
5.4686,4.7876
5.4686,4.5522
5.3861,5.7176
5.3861,4.9914
5.3861,5.8417
5.3861,5.4686
5.3861,4.5513
5.3861,4.7277
5.3861,5.5761
5.3861,5.336
5.3861,5.8292
5.3861,4.7876
5.3861,4.5522
5.602,6.537
5.602,4.9432
5.602,5.8292
5.602,5.4065
5.602,5.0752
5.602,6.14
-6.2994,-6.28
-6.2994,-5.6352
-6.2994,-6.0046
-6.2994,-6.767
-6.2994,-6.7508
-6.2994,-6.0807
-6.2994,-5.8308
-6.2994,-5.7669
-6.2994,-5.4867
-3.305,-2.89
-3.305,-3.0551
-3.305,-4.1341
-3.305,-3.731
-3.305,-3.4218
-3.305,-2.7153
-3.305,-2.408
-3.305,-3.2561
-3.305,-2.9101
-3.305,-3.4374
-3.305,-2.5609
-3.305,-3.1595
-3.305,-3.0823
-3.305,-4.0348
-3.305,-2.3296
-3.305,-3.4553
-3.305,-2.9413
-3.305,-3.7844
-3.305,-2.7249
-2.7153,-2.1329
-2.7153,-2.89
-2.7153,-3.0551
-2.7153,-2.6217
-2.7153,-3.305
-2.7153,-1.8008
-2.7153,-2.408
-2.7153,-3.2561
-2.7153,-2.9101
-2.7153,-3.4374
-2.7153,-2.5609
-2.7153,-3.1595
-2.7153,-2.1667
-2.7153,-3.0823
-2.7153,-2.3296
-2.7153,-3.4553
-2.7153,-2.9413
-2.7153,-2.7249
-2.7153,-2.8857
-2.7153,-1.9038
6.317,7.0791
6.317,5.6039
6.317,6.0154
6.317,5.6104
-5.0595,-5.6352
-5.0595,-5.1694
-5.0595,-5.8308
-5.0595,-5.1497
-5.0595,-4.7037
-5.0595,-4.4609
-5.0595,-5.8041
-5.0595,-5.6214
-5.0595,-5.4608
-1.7071,-2.1329
-1.7071,-1.8875
-1.7071,-2.5538
-1.7071,-2.2671
-1.7071,-2.3125
-4.4573,-4.807
-4.4573,-5.4101
-4.4573,-3.6598
-4.4573,-4.475
2.9301,2.5615
2.9301,3.3623
2.9301,2.3377
-4.4771,-3.6353
-4.4771,-4.0348
-4.4771,-4.1341
-4.4771,-3.731
-4.4771,-3.7844
1.2719,1.8906
1.2719,1.3602
1.2719,1.0263
1.2719,2.0735
1.2719,0.7716
1.2719,1.0188
1.2719,0.31343
1.2719,1.7386
-2.5538,-2.1329
-2.5538,-2.89
-2.5538,-2.6217
-2.5538,-1.8875
-2.5538,-1.7071
-2.5538,-2.9197
-2.5538,-3.5359
-2.5538,-2.5609
-2.5538,-2.2671
-2.5538,-3.0823
-2.5538,-2.9075
-2.5538,-3.2397
-2.5538,-2.3125
-2.5538,-2.8857
-6.0807,-5.4101
-6.0807,-6.767
-6.0807,-5.4525
-6.0807,-6.2994
-6.0807,-5.7669
-6.0807,-5.4867
0.66971,-0.24247
0.66971,1.3602
0.66971,1.0263
0.66971,0.58489
0.66971,0.9315
0.66971,0.7716
0.66971,0.44615
0.66971,0.31343
0.66971,0.66184
0.66971,0.005133
0.66971,1.5542
6.7206,6.8081
6.7206,7.4251
6.7206,6.0398
-1.8008,-1.2731
-1.8008,-2.7153
-1.8008,-2.408
-1.8008,-2.5609
-1.8008,-2.1667
-1.8008,-2.3296
-1.8008,-2.3814
-1.8008,-1.9687
-1.8008,-2.7249
-1.8008,-1.9038
-0.43901,-1.0897
-0.43901,-0.24247
-0.43901,-0.19735
-0.43901,0.44615
-0.43901,-0.20156
-0.43901,0.005133
-0.43901,-0.94013
-6.1264,-6.2388
-6.1264,-6.3554
-6.1264,-6.7508
-6.1264,-5.1694
-6.1264,-5.8308
-6.1264,-6.8235
-6.1264,-5.8041
-6.1264,-6.4322
-6.1264,-5.6214
7.4653,6.5761
-5.1694,-5.0595
-5.1694,-6.1264
-5.1694,-5.1497
-5.1694,-4.4609
-5.1694,-5.8041
-5.1694,-5.6214
-2.408,-2.1329
-2.408,-2.89
-2.408,-3.0551
-2.408,-3.305
-2.408,-2.7153
-2.408,-1.8008
-2.408,-3.2561
-2.408,-2.9101
-2.408,-2.5609
-2.408,-2.1667
-2.408,-3.0823
-2.408,-2.3296
-2.408,-2.651
-2.408,-2.9413
-2.408,-2.3814
-2.408,-2.7249
-2.408,-1.9038
4.6691,3.8654
4.6691,4.0119
4.6691,4.6354
5.4812,5.2762
5.4812,4.9102
5.4812,4.6354
5.4812,6.0906
1.7084,2.5615
1.7084,1.7408
1.7084,0.77294
-3.2561,-2.89
-3.2561,-3.6353
-3.2561,-3.0551
-3.2561,-4.1341
-3.2561,-3.731
-3.2561,-2.6217
-3.2561,-3.305
-3.2561,-2.7153
-3.2561,-2.408
-3.2561,-2.9101
-3.2561,-3.4374
-3.2561,-2.5609
-3.2561,-3.1595
-3.2561,-3.0823
-3.2561,-4.0348
-3.2561,-2.3296
-3.2561,-3.4553
-3.2561,-3.2397
-3.2561,-3.7844
-3.2561,-2.8857
5.0692,5.6006
5.0692,4.2129
5.0692,4.4182
5.0692,5.2762
5.0692,4.9102
5.0692,5.6039
5.0692,4.8127
0.52734,0.30819
0.52734,0.08327
0.52734,1.0188
0.52734,1.2006
-0.24247,0.29514
-0.24247,-1.0897
-0.24247,0.66971
-0.24247,-0.43901
-0.24247,-0.69264
-0.24247,-0.19735
-0.24247,0.44615
-0.24247,-0.20156
-0.24247,0.66184
-0.24247,0.005133
4.5513,3.7255
4.5513,3.7998
4.5513,4.0773
4.5513,4.9914
4.5513,5.3861
4.5513,4.7277
4.5513,4.4941
4.5513,4.7876
4.5513,4.7482
4.5513,4.5522
4.5513,5.0752
-5.8308,-6.28
-5.8308,-5.6352
-5.8308,-6.0046
-5.8308,-6.2388
-5.8308,-6.7508
-5.8308,-6.2994
-5.8308,-5.0595
-5.8308,-6.1264
-5.8308,-5.1497
-5.8308,-5.1358
-5.8308,-5.8041
-5.8308,-6.4322
-5.8308,-5.4867
-5.8308,-5.4608
-2.9101,-2.89
-2.9101,-3.0551
-2.9101,-3.731
-2.9101,-3.4218
-2.9101,-2.6217
-2.9101,-3.305
-2.9101,-2.7153
-2.9101,-2.408
-2.9101,-3.2561
-2.9101,-3.4374
-2.9101,-2.5609
-2.9101,-3.1595
-2.9101,-2.1667
-2.9101,-3.0823
-2.9101,-2.3296
-2.9101,-2.651
-2.9101,-3.4553
-2.9101,-2.9413
-2.9101,-3.7844
-2.9101,-2.7249
-2.9101,-2.8857
-2.9101,-1.9038
1.3602,1.2719
1.3602,0.66971
1.3602,1.0263
1.3602,0.9315
1.3602,2.0735
1.3602,0.7716
1.3602,0.44615
1.3602,1.5542
1.3602,1.7386
-0.69264,0.29514
-0.69264,-1.0897
-0.69264,-0.24247
-0.69264,-0.20156
6.4736,5.7176
6.4736,6.1247
6.4736,6.8789
6.4736,5.8417
6.4736,5.4686
6.4736,7.2108
6.4736,7.3783
6.4736,6.6698
6.4736,6.3708
6.4736,6.4718
4.9102,5.6006
4.9102,4.2129
4.9102,5.2762
4.9102,5.4812
4.9102,5.0692
4.9102,4.6354
4.9102,4.5069
0.08327,0.30819
0.08327,0.52734
0.08327,1.0263
0.08327,-0.19735
0.08327,-0.57269
0.08327,0.7716
0.08327,0.44615
0.08327,1.0188
0.08327,0.31343
1.0263,0.30819
1.0263,1.2719
1.0263,0.66971
1.0263,1.3602
1.0263,0.08327
1.0263,0.9315
1.0263,0.7716
1.0263,0.44615
1.0263,1.0188
1.0263,0.31343
1.0263,1.7386
5.3528,6.1247
5.3528,5.4686
5.3528,5.336
-2.9197,-2.5538
-2.9197,-3.5359
-2.9197,-2.2671
-2.9197,-2.9075
4.9432,4.3985
4.9432,5.602
4.9432,5.4065
4.9432,5.0752
-3.5359,-3.6353
-3.5359,-4.0348
-3.5359,-2.6217
-3.5359,-2.5538
-3.5359,-2.9197
-3.5359,-3.0823
-3.5359,-2.9075
-3.5359,-3.4553
-3.5359,-3.2397
-3.5359,-2.8857
4.7277,3.7998
4.7277,4.0773
4.7277,4.9914
4.7277,5.3861
4.7277,4.5513
4.7277,5.5761
4.7277,5.4065
4.7277,4.7876
4.7277,4.7482
4.7277,4.5522
4.7277,5.0752
-3.4374,-3.0551
-3.4374,-4.1341
-3.4374,-3.731
-3.4374,-3.7068
-3.4374,-3.4218
-3.4374,-3.305
-3.4374,-2.7153
-3.4374,-3.2561
-3.4374,-2.9101
-3.4374,-3.1595
-3.4374,-4.0348
-3.4374,-4.0437
-3.4374,-2.651
-3.4374,-3.4553
-3.4374,-2.9413
-3.4374,-3.7844
-3.4374,-2.7249
1.7408,2.5615
1.7408,1.108
1.7408,1.7084
1.7408,2.3377
5.6039,5.2943
5.6039,5.6006
5.6039,5.2762
5.6039,6.317
5.6039,5.0692
5.6039,6.0154
5.6039,4.8127
5.6039,6.4629
0.58489,0.91637
0.58489,0.29514
0.58489,0.66971
0.58489,0.9315
0.58489,1.4038
0.58489,-0.20156
0.58489,0.66184
0.58489,0.005133
-0.19735,0.30819
-0.19735,-0.43901
-0.19735,-0.24247
-0.19735,0.08327
-0.19735,-0.57269
-0.19735,0.44615
-0.19735,0.31343
-0.19735,0.005133
-0.19735,-0.94013
7.4251,6.7206
6.1693,6.8081
6.1693,5.7949
6.0154,5.2943
6.0154,5.6006
6.0154,6.317
6.0154,5.6039
6.0154,6.4629
6.0154,6.0906
4.8127,5.2943
4.8127,4.4182
4.8127,5.0692
4.8127,5.6039
5.5761,5.7176
5.5761,4.9914
5.5761,5.8417
5.5761,5.4686
5.5761,5.3861
5.5761,4.7277
5.5761,5.336
5.5761,5.8292
5.5761,5.4065
5.5761,4.7876
5.5761,4.7482
5.5761,5.0752
5.5761,6.4718
5.5761,6.14
7.2108,6.4736
7.2108,7.3783
7.2108,6.3708
-2.5609,-2.1329
-2.5609,-2.89
-2.5609,-3.0551
-2.5609,-2.6217
-2.5609,-1.8875
-2.5609,-3.305
-2.5609,-2.7153
-2.5609,-2.5538
-2.5609,-1.8008
-2.5609,-2.408
-2.5609,-3.2561
-2.5609,-2.9101
-2.5609,-2.1667
-2.5609,-3.0823
-2.5609,-1.6592
-2.5609,-2.3296
-2.5609,-3.4553
-2.5609,-2.3125
-2.5609,-2.7249
-2.5609,-2.8857
-2.5609,-1.9038
0.9315,0.66971
0.9315,1.3602
0.9315,1.0263
0.9315,0.58489
0.9315,1.4038
0.9315,0.7716
0.9315,0.44615
0.9315,0.66184
0.9315,0.005133
0.9315,1.5542
0.9315,1.7386
-3.1595,-3.0551
-3.1595,-3.731
-3.1595,-3.7068
-3.1595,-3.4218
-3.1595,-3.305
-3.1595,-2.7153
-3.1595,-3.2561
-3.1595,-2.9101
-3.1595,-3.4374
-3.1595,-4.0348
-3.1595,-4.0437
-3.1595,-3.1149
-3.1595,-2.651
-3.1595,-2.9413
-3.1595,-2.3814
-3.1595,-2.7249
7.3783,6.8789
7.3783,6.4736
7.3783,7.2108
7.3783,6.6698
7.3783,7.4975
7.3783,6.4718
-5.1497,-5.6352
-5.1497,-6.0046
-5.1497,-5.0595
-5.1497,-5.1694
-5.1497,-5.8308
-5.1497,-4.7037
-5.1497,-4.4609
-5.1497,-5.1358
-5.1497,-5.8041
-5.1497,-4.725
-5.1497,-4.2926
-5.1497,-5.6214
-5.1497,-5.4608
2.0735,1.8906
2.0735,1.2719
2.0735,1.3602
2.0735,2.5199
2.0735,1.7386
-0.57269,0.30819
-0.57269,0.08327
-0.57269,-0.19735
-0.57269,-0.94013
-2.2671,-2.6217
-2.2671,-1.7071
-2.2671,-2.5538
-2.2671,-2.9197
-2.2671,-2.9075
-2.2671,-2.3125
3.659,3.3621
3.659,3.3623
3.659,4.0119
1.4038,0.91637
1.4038,1.4578
1.4038,0.58489
1.4038,0.9315
1.4038,2.1263
1.4038,0.66184
1.4038,1.5542
-2.1667,-2.1329
-2.1667,-2.89
-2.1667,-3.0551
-2.1667,-2.7153
-2.1667,-1.8008
-2.1667,-2.408
-2.1667,-2.9101
-2.1667,-2.5609
-2.1667,-1.6592
-2.1667,-2.3296
-2.1667,-2.651
-2.1667,-2.3814
-2.1667,-1.9687
-2.1667,-2.7249
-2.1667,-1.9038
6.6698,5.7176
6.6698,6.8789
6.6698,5.8417
6.6698,6.4736
6.6698,7.3783
6.6698,6.3708
6.6698,5.8292
6.6698,7.4975
6.6698,6.4718
6.6698,6.14
-5.7669,-6.28
-5.7669,-5.6352
-5.7669,-6.0046
-5.7669,-5.4101
-5.7669,-5.4525
-5.7669,-5.0968
-5.7669,-6.2994
-5.7669,-6.0807
-5.7669,-5.1358
-5.7669,-5.4867
3.3623,2.8356
3.3623,3.8654
3.3623,2.9301
3.3623,3.659
3.3623,4.0119
-3.0823,-2.89
-3.0823,-3.6353
-3.0823,-3.0551
-3.0823,-3.731
-3.0823,-2.6217
-3.0823,-3.305
-3.0823,-2.7153
-3.0823,-2.5538
-3.0823,-2.408
-3.0823,-3.2561
-3.0823,-2.9101
-3.0823,-3.5359
-3.0823,-2.5609
-3.0823,-2.3296
-3.0823,-2.9075
-3.0823,-3.4553
-3.0823,-3.2397
-3.0823,-3.7844
-3.0823,-2.3125
-3.0823,-2.8857
6.3708,5.7176
6.3708,6.1247
6.3708,6.4736
6.3708,7.2108
6.3708,6.6698
6.3708,6.4718
0.7716,1.2719
0.7716,0.66971
0.7716,1.3602
0.7716,0.08327
0.7716,1.0263
0.7716,0.9315
0.7716,0.44615
0.7716,1.0188
0.7716,0.31343
0.7716,0.66184
0.7716,0.005133
0.7716,1.7386
5.336,5.7176
5.336,6.1247
5.336,5.4686
5.336,5.3861
5.336,5.3528
5.336,5.5761
5.336,4.4941
5.336,4.7876
5.336,4.5522
-4.0348,-3.0551
-4.0348,-4.1341
-4.0348,-3.731
-4.0348,-3.4218
-4.0348,-4.6876
-4.0348,-3.305
-4.0348,-3.2561
-4.0348,-3.4374
-4.0348,-3.1595
-4.0348,-4.0437
-4.0348,-3.4553
-4.0348,-3.7844
-4.0437,-3.731
-4.0437,-3.7068
-4.0437,-3.4218
-4.0437,-4.6876
-4.0437,-3.4374
-4.0437,-3.1595
-4.0437,-4.0348
5.8292,5.7176
5.8292,4.9914
5.8292,6.537
5.8292,5.8417
5.8292,5.4686
5.8292,5.3861
5.8292,5.602
5.8292,5.5761
5.8292,6.6698
5.8292,5.4065
5.8292,5.0752
5.8292,6.4718
5.8292,6.14
-1.6592,-2.1329
-1.6592,-2.6217
-1.6592,-1.8875
-1.6592,-1.2731
-1.6592,-2.5609
-1.6592,-2.1667
-1.6592,-2.3296
-1.6592,-2.3125
-1.6592,-1.9038
4.4941,3.7255
4.4941,4.5513
4.4941,5.336
4.4941,4.7876
4.4941,4.5522
0.44615,0.66971
0.44615,-0.43901
0.44615,-0.24247
0.44615,1.3602
0.44615,0.08327
0.44615,1.0263
0.44615,-0.19735
0.44615,0.9315
0.44615,0.7716
0.44615,0.31343
0.44615,0.66184
0.44615,0.005133
7.4975,6.8789
7.4975,7.3783
7.4975,6.6698
4.0119,4.6691
4.0119,3.659
4.0119,3.3623
4.0119,4.6354
4.0119,4.5069
-2.3296,-2.1329
-2.3296,-2.89
-2.3296,-2.6217
-2.3296,-1.8875
-2.3296,-3.305
-2.3296,-2.7153
-2.3296,-1.8008
-2.3296,-2.408
-2.3296,-3.2561
-2.3296,-2.9101
-2.3296,-2.5609
-2.3296,-2.1667
-2.3296,-3.0823
-2.3296,-1.6592
-2.3296,-2.3125
-2.3296,-2.7249
-2.3296,-2.8857
-2.3296,-1.9038
1.0188,0.30819
1.0188,1.8906
1.0188,1.2719
1.0188,0.52734
1.0188,0.08327
1.0188,1.0263
1.0188,0.7716
1.0188,0.31343
1.0188,1.2006
0.31343,0.30819
0.31343,1.2719
0.31343,0.66971
0.31343,0.08327
0.31343,1.0263
0.31343,-0.19735
0.31343,0.7716
0.31343,0.44615
0.31343,1.0188
0.31343,0.005133
2.3377,2.5615
2.3377,2.8356
2.3377,2.9301
2.3377,1.7408
2.3377,1.7253
5.7949,6.1693
5.7949,6.0398
2.1263,1.4578
2.1263,1.4038
2.1263,1.5542
-3.1149,-3.7068
-3.1149,-3.4218
-3.1149,-3.1595
-3.1149,-2.651
-3.1149,-2.9413
-3.1149,-2.7476
-2.9075,-2.1329
-2.9075,-2.89
-2.9075,-3.6353
-2.9075,-2.6217
-2.9075,-2.5538
-2.9075,-2.9197
-2.9075,-3.5359
-2.9075,-2.2671
-2.9075,-3.0823
-2.9075,-3.2397
-2.9075,-2.3125
-2.9075,-2.8857
-4.7037,-5.6352
-4.7037,-5.0968
-4.7037,-5.0595
-4.7037,-5.1497
-4.7037,-4.4609
-4.7037,-5.1358
-4.7037,-4.725
-4.7037,-4.2926
-4.7037,-5.4867
-4.7037,-5.4608
-4.7037,-4.0896
-6.8235,-6.2388
-6.8235,-6.3554
-6.8235,-6.7508
-6.8235,-6.1264
-6.8235,-6.4322
-6.8235,-7.1528
1.7253,2.3377
-2.651,-3.0551
-2.651,-3.4218
-2.651,-2.408
-2.651,-2.9101
-2.651,-3.4374
-2.651,-3.1595
-2.651,-2.1667
-2.651,-3.1149
-2.651,-2.9413
-2.651,-2.3814
-2.651,-2.7476
-2.651,-1.9687
-2.651,-2.7249
1.2006,1.8906
1.2006,0.52734
1.2006,1.0188
6.0398,6.7206
6.0398,5.7949
-4.4609,-5.0595
-4.4609,-5.1694
-4.4609,-5.1497
-4.4609,-4.7037
-4.4609,-4.2926
-5.1358,-4.807
-5.1358,-5.6352
-5.1358,-6.0046
-5.1358,-5.4525
-5.1358,-5.0968
-5.1358,-5.8308
-5.1358,-5.1497
-5.1358,-5.7669
-5.1358,-4.7037
-5.1358,-4.725
-5.1358,-4.2926
-5.1358,-4.475
-5.1358,-5.4867
-5.1358,-5.4608
-5.8041,-5.6352
-5.8041,-6.0046
-5.8041,-6.2388
-5.8041,-5.0595
-5.8041,-6.1264
-5.8041,-5.1694
-5.8041,-5.8308
-5.8041,-5.1497
-5.8041,-6.4322
-5.8041,-5.6214
-5.8041,-5.4608
-0.20156,0.29514
-0.20156,-1.0897
-0.20156,-0.43901
-0.20156,-0.24247
-0.20156,-0.69264
-0.20156,0.58489
-0.20156,0.66184
-0.20156,0.005133
-0.20156,0.12871
5.4065,4.9914
5.4065,5.8417
5.4065,5.602
5.4065,4.9432
5.4065,4.7277
5.4065,5.5761
5.4065,5.8292
5.4065,4.7482
5.4065,5.0752
5.4065,6.14
-4.725,-4.807
-4.725,-5.6352
-4.725,-5.4525
-4.725,-5.0968
-4.725,-5.1497
-4.725,-4.7037
-4.725,-5.1358
-4.725,-4.2926
-4.725,-4.475
-4.725,-5.4867
-4.725,-5.4608
-4.725,-4.0896
-3.4553,-2.89
-3.4553,-3.6353
-3.4553,-4.0348
-3.4553,-4.1341
-3.4553,-3.731
-3.4553,-3.305
-3.4553,-2.7153
-3.4553,-3.2561
-3.4553,-2.9101
-3.4553,-3.5359
-3.4553,-3.4374
-3.4553,-2.5609
-3.4553,-3.0823
-3.4553,-4.0348
-3.4553,-3.2397
-3.4553,-3.7844
-3.4553,-2.8857
4.6354,4.6691
4.6354,5.4812
4.6354,4.9102
4.6354,4.0119
4.6354,4.5069
-2.9413,-3.0551
-2.9413,-3.4218
-2.9413,-3.305
-2.9413,-2.7153
-2.9413,-2.408
-2.9413,-2.9101
-2.9413,-3.4374
-2.9413,-3.1595
-2.9413,-3.1149
-2.9413,-2.651
-2.9413,-2.3814
-2.9413,-2.7476
-2.9413,-1.9687
-2.9413,-2.7249
2.5199,2.0735
2.5199,1.5542
2.5199,1.7386
4.5069,4.2129
4.5069,5.2762
4.5069,4.9102
4.5069,4.0119
4.5069,4.6354
-2.3814,-3.0551
-2.3814,-1.8008
-2.3814,-2.408
-2.3814,-3.1595
-2.3814,-2.1667
-2.3814,-2.651
-2.3814,-2.9413
-2.3814,-2.7476
-2.3814,-1.9687
-2.3814,-2.7249
-2.3814,-1.9038
2.5962,2.8356
6.4629,5.6006
6.4629,7.0791
6.4629,5.6039
6.4629,6.0154
6.4629,6.0906
4.7876,5.7176
4.7876,4.9914
4.7876,5.4686
4.7876,5.3861
4.7876,4.5513
4.7876,4.7277
4.7876,5.5761
4.7876,5.336
4.7876,4.4941
4.7876,4.7482
4.7876,4.5522
0.66184,0.91637
0.66184,0.29514
0.66184,0.66971
0.66184,-0.24247
0.66184,0.58489
0.66184,0.9315
0.66184,1.4038
0.66184,0.7716
0.66184,0.44615
0.66184,-0.20156
0.66184,0.005133
0.66184,1.5542
-3.2397,-2.89
-3.2397,-3.6353
-3.2397,-4.0348
-3.2397,-2.6217
-3.2397,-2.5538
-3.2397,-3.2561
-3.2397,-3.5359
-3.2397,-3.0823
-3.2397,-2.9075
-3.2397,-3.4553
-3.2397,-3.7844
-3.2397,-2.3125
-3.2397,-2.8857
-3.6598,-4.4573
-3.6598,-4.475
-3.6598,-4.0896
-4.2926,-5.0968
-4.2926,-5.1497
-4.2926,-4.7037
-4.2926,-4.4609
-4.2926,-5.1358
-4.2926,-4.725
-4.2926,-4.0896
-2.7476,-3.7068
-2.7476,-3.1149
-2.7476,-2.651
-2.7476,-2.9413
-2.7476,-2.3814
-2.7476,-1.9687
-2.7476,-2.7249
-6.4322,-6.28
-6.4322,-5.6352
-6.4322,-6.0046
-6.4322,-7.1847
-6.4322,-6.2388
-6.4322,-6.7508
-6.4322,-6.1264
-6.4322,-5.8308
-6.4322,-6.8235
-6.4322,-5.8041
-6.4322,-7.1528
-4.475,-4.807
-4.475,-5.4525
-4.475,-5.0968
-4.475,-4.4573
-4.475,-5.1358
-4.475,-4.725
-4.475,-3.6598
-4.475,-4.0896
-3.7844,-2.89
-3.7844,-3.6353
-3.7844,-4.0348
-3.7844,-4.1341
-3.7844,-3.731
-3.7844,-3.305
-3.7844,-4.4771
-3.7844,-3.2561
-3.7844,-2.9101
-3.7844,-3.4374
-3.7844,-3.0823
-3.7844,-4.0348
-3.7844,-3.4553
-3.7844,-3.2397
5.6104,5.2943
5.6104,6.317
6.5761,7.4653
-2.3125,-2.1329
-2.3125,-2.89
-2.3125,-2.6217
-2.3125,-1.8875
-2.3125,-1.7071
-2.3125,-2.5538
-2.3125,-2.5609
-2.3125,-2.2671
-2.3125,-3.0823
-2.3125,-1.6592
-2.3125,-2.3296
-2.3125,-2.9075
-2.3125,-3.2397
-2.3125,-2.8857
-5.4867,-6.28
-5.4867,-4.807
-5.4867,-5.6352
-5.4867,-6.0046
-5.4867,-5.4525
-5.4867,-5.0968
-5.4867,-6.2994
-5.4867,-6.0807
-5.4867,-5.8308
-5.4867,-5.7669
-5.4867,-4.7037
-5.4867,-5.1358
-5.4867,-4.725
-5.4867,-5.4608
0.005133,0.29514
0.005133,0.66971
0.005133,-0.43901
0.005133,-0.24247
0.005133,0.58489
0.005133,-0.19735
0.005133,0.9315
0.005133,0.7716
0.005133,0.44615
0.005133,0.31343
0.005133,-0.20156
0.005133,0.66184
1.5542,0.66971
1.5542,1.3602
1.5542,0.9315
1.5542,1.4038
1.5542,2.1263
1.5542,2.5199
1.5542,0.66184
1.5542,1.7386
0.12871,0.91637
0.12871,0.29514
0.12871,-0.20156
-5.6214,-6.2388
-5.6214,-6.3554
-5.6214,-5.0595
-5.6214,-6.1264
-5.6214,-5.1694
-5.6214,-5.1497
-5.6214,-5.8041
-5.6214,-5.4608
-1.9687,-1.8008
-1.9687,-2.1667
-1.9687,-2.651
-1.9687,-2.9413
-1.9687,-2.3814
-1.9687,-2.7476
-1.9687,-2.7249
-7.1528,-7.1847
-7.1528,-6.2388
-7.1528,-6.3554
-7.1528,-6.7508
-7.1528,-6.8235
-7.1528,-6.4322
1.7386,1.2719
1.7386,1.3602
1.7386,1.0263
1.7386,0.9315
1.7386,2.0735
1.7386,0.7716
1.7386,2.5199
1.7386,1.5542
4.7482,3.7998
4.7482,4.0773
4.7482,4.3985
4.7482,4.9914
4.7482,4.5513
4.7482,4.7277
4.7482,5.5761
4.7482,5.4065
4.7482,4.7876
4.7482,5.0752
0.77294,1.108
0.77294,1.7084
-2.7249,-2.89
-2.7249,-3.0551
-2.7249,-3.4218
-2.7249,-3.305
-2.7249,-2.7153
-2.7249,-1.8008
-2.7249,-2.408
-2.7249,-2.9101
-2.7249,-3.4374
-2.7249,-2.5609
-2.7249,-3.1595
-2.7249,-2.1667
-2.7249,-2.3296
-2.7249,-2.651
-2.7249,-2.9413
-2.7249,-2.3814
-2.7249,-2.7476
-2.7249,-1.9687
4.5522,3.7255
4.5522,4.9914
4.5522,5.4686
4.5522,5.3861
4.5522,4.5513
4.5522,4.7277
4.5522,5.336
4.5522,4.4941
4.5522,4.7876
6.0906,5.6006
6.0906,5.2762
6.0906,5.4812
6.0906,6.0154
6.0906,6.4629
-5.4608,-6.28
-5.4608,-5.6352
-5.4608,-6.0046
-5.4608,-6.2388
-5.4608,-5.0968
-5.4608,-5.0595
-5.4608,-5.8308
-5.4608,-5.1497
-5.4608,-4.7037
-5.4608,-5.1358
-5.4608,-5.8041
-5.4608,-4.725
-5.4608,-5.4867
-5.4608,-5.6214
-4.0896,-4.807
-4.0896,-4.7037
-4.0896,-4.725
-4.0896,-3.6598
-4.0896,-4.2926
-4.0896,-4.475
-0.94013,-0.43901
-0.94013,-0.19735
-0.94013,-0.57269
-2.8857,-2.1329
-2.8857,-2.89
-2.8857,-3.6353
-2.8857,-2.6217
-2.8857,-1.8875
-2.8857,-2.7153
-2.8857,-2.5538
-2.8857,-3.2561
-2.8857,-2.9101
-2.8857,-3.5359
-2.8857,-2.5609
-2.8857,-3.0823
-2.8857,-2.3296
-2.8857,-2.9075
-2.8857,-3.4553
-2.8857,-3.2397
-2.8857,-2.3125
5.0752,4.0773
5.0752,4.3985
5.0752,4.9914
5.0752,5.602
5.0752,4.5513
5.0752,4.9432
5.0752,4.7277
5.0752,5.5761
5.0752,5.8292
5.0752,5.4065
5.0752,4.7482
6.4718,5.7176
6.4718,6.1247
6.4718,6.8789
6.4718,5.8417
6.4718,6.4736
6.4718,5.5761
6.4718,7.3783
6.4718,6.6698
6.4718,6.3708
6.4718,5.8292
6.4718,6.14
-1.9038,-2.1329
-1.9038,-1.8875
-1.9038,-1.2731
-1.9038,-2.7153
-1.9038,-1.8008
-1.9038,-2.408
-1.9038,-2.9101
-1.9038,-2.5609
-1.9038,-2.1667
-1.9038,-1.6592
-1.9038,-2.3296
-1.9038,-2.3814
6.14,6.8789
6.14,6.537
6.14,5.8417
6.14,5.602
6.14,5.5761
6.14,6.6698
6.14,5.8292
6.14,5.4065
6.14,6.4718
6.7206,6.5923
6.5761,6.5923
7.4251,7.4471
7.4653,7.4471
6.0398,6.5087
6.5761,6.5087
