4.312,4.1175
4.312,4.3814
4.312,5.1436
-2.3527,-2.0169
-2.3527,-1.9693
-2.3527,-2.1254
-2.3527,-3.034
-2.3527,-2.1009
-2.3527,-1.7845
-2.3527,-1.8012
-2.3527,-2.3861
-2.3527,-3.0899
-2.3527,-2.2797
-6.1133,-6.2486
-6.1133,-6.6534
-2.0169,-2.3527
-2.0169,-1.9693
-2.0169,-1.2239
-2.0169,-1.5796
-2.0169,-2.1254
-2.0169,-2.1009
-2.0169,-1.7845
-2.0169,-1.8012
-2.0169,-2.3861
-2.0169,-2.2797
2.4762,3.1829
2.4762,3.0422
2.4762,3.3144
2.4762,2.3581
5.055,5.5091
5.055,4.1861
5.055,5.2685
5.055,4.8625
5.055,5.7807
5.055,5.8902
5.055,4.9692
5.055,4.622
5.055,4.5925
5.055,4.7262
5.055,5.5517
5.055,4.7024
4.3154,4.1861
4.3154,5.2685
4.3154,4.9692
4.3154,3.8604
-4.2596,-5.2148
-4.2596,-4.0755
6.6873,5.7574
6.6873,6.523
6.6873,5.9303
6.6873,6.8886
5.5091,5.055
5.5091,4.8625
5.5091,5.7807
5.5091,5.8902
5.5091,4.9692
5.5091,4.622
5.5091,6.4216
5.5091,4.5925
5.5091,4.7262
5.5091,5.5517
5.5091,4.7024
5.5091,5.2123
5.5091,5.4169
5.7574,6.6873
5.7574,5.6455
5.7574,6.523
5.7574,6.0898
5.7574,5.9303
5.7574,5.3331
5.7574,5.0772
5.7574,5.3403
5.7574,4.9611
5.7574,5.2482
5.7574,6.4416
-6.2486,-6.1133
-1.9693,-2.3527
-1.9693,-2.0169
-1.9693,-1.2239
-1.9693,-2.1254
-1.9693,-1.8826
-1.9693,-1.3555
-1.9693,-1.8012
-1.9693,-0.99335
-1.9693,-2.6469
-1.9693,-2.2797
-0.58459,-0.85356
-0.58459,-0.8983
-0.58459,0.13813
-0.58459,-1.4791
-0.58459,0.055117
-0.58459,-0.76287
-1.2589,-0.85356
-1.2589,-1.8744
-1.2589,-0.8983
-1.2589,-1.6998
-1.2589,-1.8756
5.9945,5.6455
5.9945,6.523
5.9945,5.3403
4.1861,5.055
4.1861,4.3154
4.1861,4.8625
4.1861,3.9806
4.1861,4.9692
4.1861,4.5925
4.1861,4.7262
4.1861,3.7056
4.1861,4.7024
4.1861,3.8604
4.551,3.5737
4.551,4.3003
4.551,5.3331
4.551,5.0772
6.1868,6.6783
6.1868,5.7807
6.1868,6.5314
6.1868,6.4216
6.1868,5.5517
6.1868,5.2123
6.1868,6.3801
6.1868,5.4169
-3.7274,-3.5414
-3.7274,-2.8546
-3.7274,-3.3332
-5.6694,-6.0593
-5.6694,-6.579
-5.6694,-4.9254
-5.6694,-6.221
-1.2239,-2.0169
-1.2239,-1.9693
-1.2239,-1.5796
-1.2239,-1.0265
-1.2239,-1.7845
-1.2239,-1.8012
-1.2239,-0.99335
-6.6806,-6.0755
-6.6806,-5.806
-6.6806,-5.9786
-6.6806,-6.4318
-6.6806,-6.6745
-6.0755,-6.6806
-6.0755,-5.806
-6.0755,-5.459
-6.0755,-5.9786
-6.0755,-5.4388
-6.0755,-6.4318
-6.0755,-6.6745
4.2478,3.5309
4.2478,4.1104
4.2478,5.0688
4.2478,3.5218
4.2478,4.362
4.2478,5.1819
4.2478,4.2865
4.2478,4.856
4.2478,3.3144
4.2478,3.5695
4.2478,4.0609
4.2478,4.2873
4.2478,4.5174
-0.85356,-0.58459
-0.85356,-1.2589
-0.85356,-0.8983
-0.85356,-1.6998
-0.85356,-0.17028
-0.85356,0.055117
-0.85356,-0.76287
-1.5796,-2.0169
-1.5796,-1.2239
-1.5796,-1.1984
-1.5796,-2.1009
-1.5796,-1.0265
-1.5796,-1.7845
-1.5796,-1.8012
-1.5796,-2.3861
-1.5796,-1.4801
3.1754,3.9146
3.1754,3.5218
3.1754,3.1829
3.1754,3.5983
-8.4782,-8.1091
-8.4782,-9.1266
-8.4782,-8.9204
-8.4782,-8.1937
5.2685,5.055
5.2685,4.3154
5.2685,4.8625
5.2685,5.8902
5.2685,4.9692
5.2685,4.7024
-5.5557,-6.0593
-5.5557,-5.1366
-5.5557,-5.9558
-5.5557,-5.0744
-5.5557,-5.3771
-5.5557,-6.2915
-5.5557,-4.6806
5.6455,5.7574
5.6455,5.9945
5.6455,6.523
5.6455,6.0898
5.6455,4.8163
5.6455,5.9303
5.6455,5.3403
0.66224,-0.17028
0.66224,0.055117
-1.8744,-1.2589
-1.8744,-0.8983
-1.8744,-2.6089
-1.8744,-1.7641
-1.8744,-1.6998
-1.8744,-2.5345
-1.8744,-1.632
-1.8744,-1.8756
-1.8744,-1.4791
6.6783,6.1868
6.6783,6.5799
6.6783,7.3965
6.6783,5.7807
6.6783,6.5314
6.6783,5.8902
6.6783,6.4216
6.6783,6.3801
6.6783,7.307
5.4499,4.8415
5.4499,4.7445
5.4499,5.1436
5.4499,5.822
5.4499,5.1902
3.5309,4.2478
3.5309,4.2865
3.5309,3.0422
3.5309,4.0033
3.5309,3.3144
3.5309,3.5695
3.5309,4.0609
6.5799,6.6783
6.5799,5.7807
6.5799,5.8902
3.9146,3.1754
3.9146,4.1104
3.9146,3.5218
3.9146,4.362
3.9146,4.8415
3.9146,4.7445
3.9146,4.6022
3.9146,3.5983
3.9146,4.1175
3.9146,4.3814
3.9146,4.2873
3.9146,4.5174
-4.3267,-4.0064
-4.3267,-5.1366
-4.3267,-4.4787
-4.3267,-4.7495
-4.3267,-3.9996
-4.3267,-3.7535
-4.3267,-5.0466
3.6965,4.4436
3.6965,4.4203
3.6965,3.9806
3.6965,4.622
3.6965,4.5925
3.6965,3.7056
3.6965,3.8604
-3.5414,-3.7274
-3.5414,-2.8546
-3.5414,-4.1977
-3.5414,-3.3332
-3.5414,-3.1238
6.523,6.6873
6.523,5.7574
6.523,5.9945
6.523,5.6455
6.523,6.8886
6.0898,5.7574
6.0898,5.6455
6.0898,5.9303
6.0898,5.3331
6.0898,5.5562
6.0898,5.2482
6.0898,6.4416
-5.806,-6.6806
-5.806,-6.0755
-5.806,-5.459
-5.806,-5.9786
-5.806,-5.4388
-5.806,-6.4318
-5.806,-5.0466
-5.806,-5.2093
-5.2148,-4.2596
-5.2148,-5.3842
-2.1254,-2.3527
-2.1254,-2.0169
-2.1254,-1.9693
-2.1254,-1.7845
-2.1254,-1.8012
-2.1254,-2.3861
-2.1254,-3.0899
-2.1254,-2.6469
-2.1254,-2.2797
-0.8983,-0.58459
-0.8983,-1.2589
-0.8983,-0.85356
-0.8983,-1.8744
-0.8983,-1.7641
-0.8983,-1.6998
-0.8983,-1.632
-0.8983,-1.8756
-0.8983,-1.4791
-0.8983,0.055117
-0.8983,-0.76287
4.1104,4.2478
4.1104,3.9146
4.1104,3.5218
4.1104,4.362
4.1104,4.8415
4.1104,4.7445
4.1104,4.6022
4.1104,3.5983
4.1104,4.1175
4.1104,4.3814
4.1104,4.856
4.1104,3.5695
4.1104,4.2873
4.1104,4.5174
-3.034,-2.3527
-3.034,-2.3861
-3.034,-3.0899
5.5256,5.0688
5.5256,5.1819
5.5256,4.856
5.5256,5.822
5.5256,4.5174
5.5256,5.1902
-5.1828,-6.0226
-5.1828,-5.2093
-2.8861,-2.6089
-2.8861,-2.8546
-2.8861,-2.5345
-2.5221,-2.6089
-2.5221,-1.7641
-2.5221,-2.8546
-2.5221,-2.2052
-2.5221,-3.3332
-2.5221,-2.5345
-2.5221,-2.4729
-2.5221,-1.632
-2.5221,-1.8165
-2.5221,-1.8756
-2.5221,-3.1238
3.5737,4.551
3.5737,4.3003
3.5737,4.0687
-5.0971,-5.3842
4.8625,5.055
4.8625,5.5091
4.8625,4.1861
4.8625,5.2685
4.8625,4.4436
4.8625,3.9806
4.8625,5.7807
4.8625,4.9692
4.8625,4.622
4.8625,4.5925
4.8625,4.7262
4.8625,5.5517
4.8625,4.7024
4.4436,3.6965
4.4436,4.8625
4.4436,4.4203
4.4436,3.9806
4.4436,4.622
4.4436,4.5925
4.4436,4.7262
4.4436,3.7056
4.4436,4.7024
4.4436,5.2123
4.4436,5.4169
4.3003,4.551
4.3003,3.5737
4.3003,4.6852
4.3003,5.0772
4.3003,4.9611
4.3003,4.0687
-1.1984,-1.5796
-1.1984,-1.0265
-1.1984,-1.7845
-1.1984,-1.4801
5.0688,4.2478
5.0688,5.5256
5.0688,4.362
5.0688,5.1819
5.0688,4.2865
5.0688,4.856
5.0688,4.2873
5.0688,4.5174
-7.2269,-6.6534
3.5218,4.2478
3.5218,3.1754
3.5218,3.9146
3.5218,4.1104
3.5218,4.362
3.5218,3.1829
3.5218,3.5983
3.5218,3.3144
3.5218,3.5695
3.5218,4.0609
3.5218,4.2873
7.3965,6.6783
7.3965,6.5314
7.3965,6.4216
7.3965,7.307
-4.0064,-4.3267
-4.0064,-4.0929
-4.0064,-4.7495
-4.0064,-3.9996
-4.0064,-4.5087
-4.0064,-3.7535
-4.0064,-3.309
-4.0064,-4.7788
4.362,4.2478
4.362,3.9146
4.362,4.1104
4.362,5.0688
4.362,3.5218
4.362,4.8415
4.362,4.7445
4.362,4.6022
4.362,3.5983
4.362,4.3814
4.362,4.856
4.362,3.5695
4.362,4.2873
4.362,4.5174
-1.8826,-1.9693
-1.8826,-1.3555
-1.8826,-2.6469
-1.8826,-2.2797
-5.459,-6.0755
-5.459,-5.806
-5.459,-5.1366
-5.459,-5.9786
-5.459,-4.7495
-5.459,-5.4388
-5.459,-5.0466
-5.459,-4.7788
-5.459,-5.3771
-5.459,-5.2093
-8.1091,-8.4782
4.8415,5.4499
4.8415,3.9146
4.8415,4.1104
4.8415,4.362
4.8415,4.7445
4.8415,4.6022
4.8415,4.1175
4.8415,4.3814
4.8415,4.856
4.8415,5.822
4.8415,4.5174
4.8415,5.1902
-6.0593,-5.6694
-6.0593,-5.5557
-6.0593,-5.9558
-6.0593,-6.579
-6.0593,-6.2915
-2.1009,-2.3527
-2.1009,-2.0169
-2.1009,-1.5796
-2.1009,-2.3224
-2.1009,-1.7845
-2.1009,-2.3861
-2.1009,-1.4801
-9.1266,-8.4782
-9.1266,-8.9204
-1.0265,-1.2239
-1.0265,-1.5796
-1.0265,-1.1984
-1.0265,-1.7845
-1.0265,-0.99335
4.7445,5.4499
4.7445,3.9146
4.7445,4.1104
4.7445,4.362
4.7445,4.8415
4.7445,4.6022
4.7445,4.1175
4.7445,4.3814
4.7445,5.1436
4.7445,5.1902
4.8163,5.6455
4.8163,4.6852
4.8163,5.3403
4.8163,4.9611
5.1819,4.2478
5.1819,5.5256
5.1819,5.0688
5.1819,4.2865
5.1819,4.856
4.2865,4.2478
4.2865,3.5309
4.2865,5.0688
4.2865,5.1819
4.2865,4.0033
4.2865,3.5695
4.2865,4.0609
4.2865,4.2873
4.4203,3.6965
4.4203,4.4436
4.4203,4.622
4.4203,4.5925
4.4203,5.2123
5.9303,6.6873
5.9303,5.7574
5.9303,5.6455
5.9303,6.0898
5.9303,5.3331
5.9303,5.0772
5.9303,5.3403
5.9303,4.9611
5.9303,5.2482
5.9303,6.4416
-2.9591,-2.201
-2.9591,-3.7535
-2.9591,-3.2329
-2.9591,-3.309
-5.1366,-5.5557
-5.1366,-4.3267
-5.1366,-5.459
-5.1366,-4.4787
-5.1366,-5.9558
-5.1366,-4.7495
-5.1366,-5.0744
-5.1366,-5.0466
-5.1366,-5.3771
-5.1366,-4.6806
3.1829,2.4762
3.1829,3.1754
3.1829,3.5218
3.1829,3.5983
3.1829,3.0422
3.1829,3.3144
3.1829,3.5695
3.1829,2.3581
-2.3224,-2.1009
-2.3224,-2.3861
-2.3224,-1.4801
4.6022,3.9146
4.6022,4.1104
4.6022,4.362
4.6022,4.8415
4.6022,4.7445
4.6022,4.1175
4.6022,4.3814
4.6022,4.856
4.6022,4.5174
4.6022,5.1902
-4.0929,-4.0064
-4.0929,-4.5087
-4.0929,-3.309
-4.0929,-4.7788
-5.9786,-6.6806
-5.9786,-6.0755
-5.9786,-5.806
-5.9786,-5.459
-5.9786,-5.9558
-5.9786,-5.0466
-5.9786,-5.3771
-5.9786,-6.6745
-3.0887,-3.3332
-3.0887,-2.4729
-3.0887,-3.1238
5.3331,5.7574
5.3331,4.551
5.3331,6.0898
5.3331,5.9303
5.3331,4.6852
5.3331,5.5562
5.3331,5.0772
5.3331,4.9611
5.3331,5.2482
-4.4787,-4.3267
-4.4787,-5.1366
-4.4787,-3.8021
-4.4787,-4.7495
-4.4787,-3.9996
-4.4787,-5.0744
-4.4787,-5.3771
-4.4787,-4.6806
-3.8021,-4.4787
-3.8021,-3.9996
-3.8021,-4.6806
-2.6089,-1.8744
-2.6089,-2.8861
-2.6089,-2.5221
-2.6089,-1.7641
-2.6089,-2.8546
-2.6089,-1.6998
-2.6089,-2.5345
-2.6089,-2.4729
-2.6089,-1.8756
3.1447,3.9806
3.1447,3.7056
3.1447,3.8604
1.0139,0.13813
3.9806,4.1861
3.9806,3.6965
3.9806,4.8625
3.9806,4.4436
3.9806,3.1447
3.9806,4.622
3.9806,4.5925
3.9806,4.7262
3.9806,3.7056
3.9806,4.7024
3.9806,3.8604
-1.7641,-1.8744
-1.7641,-0.8983
-1.7641,-2.5221
-1.7641,-2.6089
-1.7641,-2.2052
-1.7641,-1.6998
-1.7641,-2.5345
-1.7641,-2.4729
-1.7641,-1.632
-1.7641,-1.8165
-1.7641,-1.8756
-1.7641,-1.4791
-1.7641,-0.76287
5.7807,5.055
5.7807,5.5091
5.7807,6.1868
5.7807,6.6783
5.7807,6.5799
5.7807,4.8625
5.7807,6.5314
5.7807,5.8902
5.7807,6.4216
5.7807,5.5517
5.7807,5.4169
3.5983,3.1754
3.5983,3.9146
3.5983,4.1104
3.5983,3.5218
3.5983,4.362
3.5983,3.1829
3.5983,4.1175
3.5983,4.3814
3.5983,3.3144
3.5983,3.5695
4.6852,4.3003
4.6852,4.8163
4.6852,5.3331
4.6852,5.0772
4.6852,5.3403
4.6852,4.9611
4.6852,5.2482
4.6852,4.0687
-5.9558,-5.5557
-5.9558,-6.0593
-5.9558,-5.1366
-5.9558,-5.9786
-5.9558,-5.3771
-5.9558,-6.6745
-5.9558,-6.2915
-1.387,-2.201
-8.9204,-8.4782
-8.9204,-9.1266
-8.9204,-8.9163
-8.9204,-8.1937
-7.4452,-7.803
-7.4452,-8.1937
5.5562,6.0898
5.5562,5.3331
5.5562,5.0772
5.5562,5.2482
6.8886,6.6873
6.8886,6.523
6.8886,6.4416
-2.8546,-3.7274
-2.8546,-3.5414
-2.8546,-2.8861
-2.8546,-2.5221
-2.8546,-2.6089
-2.8546,-3.3332
-2.8546,-2.5345
-2.8546,-2.4729
-2.2052,-2.5221
-2.2052,-1.7641
-2.2052,-2.5345
-2.2052,-2.4729
-2.2052,-1.632
-2.2052,-1.8165
-2.2052,-1.4791
-2.2052,-3.1238
6.5314,6.1868
6.5314,6.6783
6.5314,7.3965
6.5314,5.7807
6.5314,6.4216
6.5314,5.5517
6.5314,6.3801
6.5314,7.307
-6.579,-5.6694
-6.579,-6.0593
-6.579,-6.6841
5.8902,5.055
5.8902,5.5091
5.8902,5.2685
5.8902,6.6783
5.8902,6.5799
5.8902,5.7807
5.8902,4.9692
5.8902,6.4216
5.8902,5.5517
-4.1977,-3.5414
-4.1977,-3.3332
-4.0755,-4.2596
-4.7495,-4.3267
-4.7495,-4.0064
-4.7495,-5.459
-4.7495,-5.1366
-4.7495,-4.4787
-4.7495,-3.7535
-4.7495,-5.0466
-4.7495,-4.7788
-4.7495,-5.3771
-2.201,-2.9591
-2.201,-1.387
4.1175,4.312
4.1175,3.9146
4.1175,4.1104
4.1175,4.8415
4.1175,4.7445
4.1175,4.6022
4.1175,3.5983
4.1175,4.3814
5.0772,5.7574
5.0772,4.551
5.0772,4.3003
5.0772,5.9303
5.0772,5.3331
5.0772,4.6852
5.0772,5.5562
5.0772,4.9611
5.0772,5.2482
-5.4388,-6.0755
-5.4388,-5.806
-5.4388,-5.459
-5.4388,-4.5087
-5.4388,-6.4318
-5.4388,-6.0226
-5.4388,-5.0466
-5.4388,-4.7788
-5.4388,-5.2093
4.3814,4.312
4.3814,3.9146
4.3814,4.1104
4.3814,4.362
4.3814,4.8415
4.3814,4.7445
4.3814,4.6022
4.3814,3.5983
4.3814,4.1175
4.3814,5.1902
-3.3332,-3.7274
-3.3332,-3.5414
-3.3332,-2.5221
-3.3332,-3.0887
-3.3332,-2.8546
-3.3332,-4.1977
-3.3332,-2.5345
-3.3332,-2.4729
-3.3332,-3.1238
-6.6534,-6.1133
-6.6534,-7.2269
-6.6534,-6.221
3.0422,2.4762
3.0422,3.5309
3.0422,3.1829
3.0422,3.3144
3.0422,3.5695
4.9692,5.055
4.9692,4.3154
4.9692,5.5091
4.9692,4.1861
4.9692,5.2685
4.9692,4.8625
4.9692,5.8902
4.9692,4.5925
4.9692,4.7262
4.9692,4.7024
-1.6998,-1.2589
-1.6998,-0.85356
-1.6998,-1.8744
-1.6998,-0.8983
-1.6998,-2.6089
-1.6998,-1.7641
-1.6998,-2.5345
-1.6998,-1.632
-1.6998,-1.8756
-1.6998,-1.4791
-3.9996,-4.3267
-3.9996,-4.0064
-3.9996,-4.4787
-3.9996,-3.8021
-3.9996,-3.7535
-3.9996,-3.2329
-2.5345,-1.8744
-2.5345,-2.8861
-2.5345,-2.5221
-2.5345,-2.6089
-2.5345,-1.7641
-2.5345,-2.8546
-2.5345,-2.2052
-2.5345,-3.3332
-2.5345,-1.6998
-2.5345,-2.4729
-2.5345,-1.632
-2.5345,-1.8756
-8.3775,-7.803
-8.3775,-8.9163
4.622,5.055
4.622,5.5091
4.622,3.6965
4.622,4.8625
4.622,4.4436
4.622,4.4203
4.622,3.9806
4.622,4.5925
4.622,4.7262
4.622,3.7056
4.622,5.5517
4.622,4.7024
4.622,5.2123
4.622,5.4169
6.4216,5.5091
6.4216,6.1868
6.4216,6.6783
6.4216,7.3965
6.4216,5.7807
6.4216,6.5314
6.4216,5.8902
6.4216,5.5517
6.4216,6.3801
-2.4729,-2.5221
-2.4729,-3.0887
-2.4729,-2.6089
-2.4729,-1.7641
-2.4729,-2.8546
-2.4729,-2.2052
-2.4729,-3.3332
-2.4729,-2.5345
-2.4729,-1.632
-2.4729,-1.8165
-2.4729,-3.1238
4.856,4.2478
4.856,4.1104
4.856,5.5256
4.856,5.0688
4.856,4.362
4.856,4.8415
4.856,5.1819
4.856,4.6022
4.856,4.2873
4.856,4.5174
4.856,5.1902
-1.3555,-1.9693
-1.3555,-1.8826
-1.3555,-1.8012
-1.3555,-0.99335
-1.632,-1.8744
-1.632,-0.8983
-1.632,-2.5221
-1.632,-1.7641
-1.632,-2.2052
-1.632,-1.6998
-1.632,-2.5345
-1.632,-2.4729
-1.632,-1.8165
-1.632,-1.8756
-1.632,-1.4791
-1.632,-0.76287
-4.5087,-4.0064
-4.5087,-4.0929
-4.5087,-5.4388
-4.5087,-4.7788
-4.5087,-5.2093
-1.8165,-2.5221
-1.8165,-1.7641
-1.8165,-2.2052
-1.8165,-2.4729
-1.8165,-1.632
-1.8165,-1.4791
4.0033,3.5309
4.0033,4.2865
4.0033,4.0609
4.5925,5.055
4.5925,5.5091
4.5925,4.1861
4.5925,3.6965
4.5925,4.8625
4.5925,4.4436
4.5925,4.4203
4.5925,3.9806
4.5925,4.9692
4.5925,4.622
4.5925,4.7262
4.5925,3.7056
4.5925,4.7024
4.5925,3.8604
-3.7535,-4.3267
-3.7535,-4.0064
-3.7535,-2.9591
-3.7535,-4.7495
-3.7535,-3.9996
-3.7535,-3.2329
-3.7535,-3.309
-3.2329,-2.9591
-3.2329,-3.9996
-3.2329,-3.7535
3.3144,2.4762
3.3144,4.2478
3.3144,3.5309
3.3144,3.5218
3.3144,3.1829
3.3144,3.5983
3.3144,3.0422
3.3144,3.5695
3.3144,4.2873
-7.803,-7.4452
-7.803,-8.3775
-7.803,-8.1937
-6.4318,-6.6806
-6.4318,-6.0755
-6.4318,-5.806
-6.4318,-5.4388
-6.4318,-6.0226
4.7262,5.055
4.7262,5.5091
4.7262,4.1861
4.7262,4.8625
4.7262,4.4436
4.7262,3.9806
4.7262,4.9692
4.7262,4.622
4.7262,4.5925
4.7262,5.5517
4.7262,4.7024
4.7262,3.8604
3.7056,4.1861
3.7056,3.6965
3.7056,4.4436
3.7056,3.1447
3.7056,3.9806
3.7056,4.622
3.7056,4.5925
3.7056,3.8604
-1.7845,-2.3527
-1.7845,-2.0169
-1.7845,-1.2239
-1.7845,-1.5796
-1.7845,-2.1254
-1.7845,-1.1984
-1.7845,-2.1009
-1.7845,-1.0265
-1.7845,-1.8012
-1.7845,-2.3861
-1.7845,-1.4801
-1.8012,-2.3527
-1.8012,-2.0169
-1.8012,-1.9693
-1.8012,-1.2239
-1.8012,-1.5796
-1.8012,-2.1254
-1.8012,-1.3555
-1.8012,-1.7845
-1.8012,-0.99335
-1.8012,-2.2797
3.5695,4.2478
3.5695,3.5309
3.5695,4.1104
3.5695,3.5218
3.5695,4.362
3.5695,4.2865
3.5695,3.1829
3.5695,3.5983
3.5695,3.0422
3.5695,3.3144
3.5695,4.0609
3.5695,4.2873
5.5517,5.055
5.5517,5.5091
5.5517,6.1868
5.5517,4.8625
5.5517,5.7807
5.5517,6.5314
5.5517,5.8902
5.5517,4.622
5.5517,6.4216
5.5517,4.7262
5.5517,5.2123
5.5517,5.4169
-3.309,-4.0064
-3.309,-2.9591
-3.309,-4.0929
-3.309,-3.7535
-8.9163,-8.9204
-8.9163,-8.3775
-4.9254,-5.6694
-4.9254,-5.0744
-4.9254,-4.6806
-5.0744,-5.5557
-5.0744,-5.1366
-5.0744,-4.4787
-5.0744,-4.9254
-5.0744,-5.3771
-5.0744,-4.6806
-0.99335,-1.9693
-0.99335,-1.2239
-0.99335,-1.0265
-0.99335,-1.3555
-0.99335,-1.8012
-6.0226,-5.1828
-6.0226,-5.4388
-6.0226,-6.4318
-6.0226,-5.2093
-0.17028,-0.85356
-0.17028,0.66224
-0.17028,0.13813
-0.17028,0.055117
-2.3861,-2.3527
-2.3861,-2.0169
-2.3861,-1.5796
-2.3861,-2.1254
-2.3861,-3.034
-2.3861,-2.1009
-2.3861,-2.3224
-2.3861,-1.7845
4.7024,5.055
4.7024,5.5091
4.7024,4.1861
4.7024,5.2685
4.7024,4.8625
4.7024,4.4436
4.7024,3.9806
4.7024,4.9692
4.7024,4.622
4.7024,4.5925
4.7024,4.7262
4.7024,3.8604
5.3403,5.7574
5.3403,5.9945
5.3403,5.6455
5.3403,4.8163
5.3403,5.9303
5.3403,4.6852
5.3403,4.9611
5.2123,5.5091
5.2123,6.1868
5.2123,4.4436
5.2123,4.4203
5.2123,4.622
5.2123,5.5517
5.2123,5.4169
-5.0466,-4.3267
-5.0466,-5.806
-5.0466,-5.459
-5.0466,-5.1366
-5.0466,-5.9786
-5.0466,-4.7495
-5.0466,-5.4388
-5.0466,-4.7788
-5.0466,-5.3771
-5.0466,-5.2093
4.9611,5.7574
4.9611,4.3003
4.9611,4.8163
4.9611,5.9303
4.9611,5.3331
4.9611,4.6852
4.9611,5.0772
4.9611,5.3403
4.9611,5.2482
4.9611,4.0687
5.1436,4.312
5.1436,5.4499
5.1436,4.7445
4.0609,4.2478
4.0609,3.5309
4.0609,3.5218
4.0609,4.2865
4.0609,4.0033
4.0609,3.5695
4.0609,4.2873
5.2482,5.7574
5.2482,6.0898
5.2482,5.9303
5.2482,5.3331
5.2482,4.6852
5.2482,5.5562
5.2482,5.0772
5.2482,4.9611
-1.8756,-1.2589
-1.8756,-1.8744
-1.8756,-0.8983
-1.8756,-2.5221
-1.8756,-2.6089
-1.8756,-1.7641
-1.8756,-1.6998
-1.8756,-2.5345
-1.8756,-1.632
-1.8756,-1.4791
-4.7788,-4.0064
-4.7788,-5.459
-4.7788,-4.0929
-4.7788,-4.7495
-4.7788,-5.4388
-4.7788,-4.5087
-4.7788,-5.0466
-4.7788,-5.2093
3.8604,4.3154
3.8604,4.1861
3.8604,3.6965
3.8604,3.1447
3.8604,3.9806
3.8604,4.5925
3.8604,4.7262
3.8604,3.7056
3.8604,4.7024
-7.5183,-6.6841
-1.6575,-1.4801
5.822,5.4499
5.822,5.5256
5.822,4.8415
5.822,5.1902
-3.0899,-2.3527
-3.0899,-2.1254
-3.0899,-3.034
-3.0899,-2.6469
-3.0899,-2.2797
-6.6841,-6.579
-6.6841,-7.5183
-6.6841,-6.221
6.3801,6.1868
6.3801,6.6783
6.3801,6.5314
6.3801,6.4216
6.3801,7.307
6.4416,5.7574
6.4416,6.0898
6.4416,5.9303
6.4416,6.8886
-8.1937,-8.4782
-8.1937,-8.9204
-8.1937,-7.4452
-8.1937,-7.803
4.2873,4.2478
4.2873,3.9146
4.2873,4.1104
4.2873,5.0688
4.2873,3.5218
4.2873,4.362
4.2873,4.2865
4.2873,4.856
4.2873,3.3144
4.2873,3.5695
4.2873,4.0609
4.2873,4.5174
-5.3842,-5.2148
-5.3842,-5.0971
-5.3771,-5.5557
-5.3771,-5.459
-5.3771,-5.1366
-5.3771,-5.9786
-5.3771,-4.4787
-5.3771,-5.9558
-5.3771,-4.7495
-5.3771,-5.0744
-5.3771,-5.0466
-5.3771,-6.2915
-5.2093,-5.806
-5.2093,-5.1828
-5.2093,-5.459
-5.2093,-5.4388
-5.2093,-4.5087
-5.2093,-6.0226
-5.2093,-5.0466
-5.2093,-4.7788
-6.6745,-6.6806
-6.6745,-6.0755
-6.6745,-5.9786
-6.6745,-5.9558
-6.6745,-6.2915
-2.6469,-1.9693
-2.6469,-2.1254
-2.6469,-1.8826
-2.6469,-3.0899
-2.6469,-2.2797
7.307,6.6783
7.307,7.3965
7.307,6.5314
7.307,6.3801
-2.2797,-2.3527
-2.2797,-2.0169
-2.2797,-1.9693
-2.2797,-2.1254
-2.2797,-1.8826
-2.2797,-1.8012
-2.2797,-3.0899
-2.2797,-2.6469
-6.2915,-5.5557
-6.2915,-6.0593
-6.2915,-5.9558
-6.2915,-5.3771
-6.2915,-6.6745
0.13813,-0.58459
0.13813,1.0139
0.13813,-0.17028
0.13813,0.055117
0.13813,-0.76287
2.3581,2.4762
2.3581,3.1829
5.4169,5.5091
5.4169,6.1868
5.4169,4.4436
5.4169,5.7807
5.4169,4.622
5.4169,5.5517
5.4169,5.2123
-1.4791,-0.58459
-1.4791,-1.8744
-1.4791,-0.8983
-1.4791,-1.7641
-1.4791,-2.2052
-1.4791,-1.6998
-1.4791,-1.632
-1.4791,-1.8165
-1.4791,-1.8756
-1.4791,-0.76287
4.0687,3.5737
4.0687,4.3003
4.0687,4.6852
4.0687,4.9611
-1.4801,-1.5796
-1.4801,-1.1984
-1.4801,-2.1009
-1.4801,-2.3224
-1.4801,-1.7845
-1.4801,-1.6575
-6.221,-5.6694
-6.221,-6.6534
-6.221,-6.6841
-4.6806,-5.5557
-4.6806,-5.1366
-4.6806,-4.4787
-4.6806,-3.8021
-4.6806,-4.9254
-4.6806,-5.0744
4.5174,4.2478
4.5174,3.9146
4.5174,4.1104
4.5174,5.5256
4.5174,5.0688
4.5174,4.362
4.5174,4.8415
4.5174,4.6022
4.5174,4.856
4.5174,4.2873
4.5174,5.1902
0.055117,-0.58459
0.055117,-0.85356
0.055117,0.66224
0.055117,-0.8983
0.055117,-0.17028
0.055117,0.13813
-3.1238,-3.5414
-3.1238,-2.5221
-3.1238,-3.0887
-3.1238,-2.2052
-3.1238,-3.3332
-3.1238,-2.4729
5.1902,5.4499
5.1902,5.5256
5.1902,4.8415
5.1902,4.7445
5.1902,4.6022
5.1902,4.3814
5.1902,4.856
5.1902,5.822
5.1902,4.5174
-0.76287,-0.58459
-0.76287,-0.85356
-0.76287,-0.8983
-0.76287,-1.7641
-0.76287,-1.632
-0.76287,0.13813
-0.76287,-1.4791
-9.815,-10
9.5409,10
