4.7207,4.5039
4.7207,5.6351
4.7207,5.4534
-2.7214,-2.19
-2.7214,-3.3212
-2.7214,-2.7615
-2.7214,-2.7678
-6.7808,-7.0163
-6.7808,-5.9035
-6.7808,-6.3814
-6.7808,-5.9151
-0.85155,-0.96214
-0.85155,-0.055943
-0.85155,-1.0339
-0.85155,-0.36624
-0.85155,-1.2045
1.1202,1.4673
1.1202,1.1664
5.0715,4.3825
5.0715,4.2034
5.0715,4.9326
5.0715,5.1757
5.0715,4.2907
5.0715,4.9566
5.0715,4.9155
5.0715,5.0942
5.0715,5.928
5.0715,5.0446
5.0715,4.1815
5.0715,4.932
4.3825,5.0715
4.3825,4.0134
4.3825,4.2034
4.3825,5.1757
4.3825,3.4813
4.3825,4.0459
4.3825,4.2907
4.3825,5.0446
4.3825,4.1815
-5.0768,-4.8328
-5.0768,-4.9195
-5.0768,-5.9151
7.0031,6.0371
7.0031,6.4045
7.0031,6.2866
7.0031,6.4368
7.0031,7.2731
7.0031,6.7951
4.0134,4.3825
4.0134,4.2034
4.0134,4.1318
4.0134,3.1559
4.0134,3.1632
4.0134,3.1802
4.0134,4.0459
4.0134,4.2907
4.0134,3.2285
4.0134,4.9566
4.0134,3.9246
4.0134,4.069
4.0134,4.1815
4.0134,4.932
6.0371,7.0031
6.0371,5.3559
6.0371,5.4294
6.0371,6.4045
6.0371,6.2866
6.0371,5.7293
6.0371,6.4848
6.0371,6.4368
6.0371,6.7951
-7.0163,-6.7808
-2.19,-2.7214
-2.19,-1.8097
-2.19,-1.5089
-2.19,-2.7615
-2.19,-1.7017
-2.19,-2.7678
-0.052147,-0.16226
-0.052147,0.69896
-0.052147,0.88289
-1.9352,-1.4148
-1.9352,-2.5136
-1.9352,-2.2561
5.3559,6.0371
5.3559,5.4294
5.3559,6.2866
5.3559,5.7293
5.3559,5.6199
5.3559,5.2398
5.3559,5.4737
5.3559,5.8138
5.3559,4.5754
4.2034,5.0715
4.2034,4.3825
4.2034,4.0134
4.2034,5.1757
4.2034,3.4813
4.2034,4.0459
4.2034,4.2907
4.2034,3.2285
4.2034,5.0446
4.2034,4.069
4.2034,4.1815
4.9326,5.0715
4.9326,4.1318
4.9326,4.9566
4.9326,4.9155
4.9326,5.0942
4.9326,5.0446
4.9326,4.069
4.9326,4.1815
4.9326,4.932
4.9326,5.8151
-3.2134,-3.3245
-3.2134,-3.1572
-3.2134,-3.1796
-3.2134,-2.8446
-3.2134,-4.043
-3.2134,-2.634
-3.2134,-2.9839
-3.2134,-2.8796
-6.0601,-5.6553
-1.8097,-2.19
-1.8097,-1.5089
-1.8097,-0.96214
-1.8097,-1.8049
-1.8097,-1.0461
-1.8097,-2.0977
-1.8097,-2.7678
-1.8097,-1.2045
-6.368,-5.7509
-6.368,-5.6987
-6.368,-6.7734
-6.368,-6.0385
-6.368,-5.9992
-6.368,-6.8491
-6.368,-5.8358
-5.7509,-6.368
-5.7509,-5.6987
-5.7509,-5.3716
-5.7509,-6.0385
-5.7509,-5.9992
-5.7509,-5.1816
-5.7509,-5.8358
-5.7509,-5.6702
3.1638,2.7086
3.1638,2.2659
3.1638,3.1404
3.1638,2.2897
3.1638,3.8499
3.1638,3.3213
3.1638,2.8737
-1.4148,-1.9352
-1.4148,-1.6546
-1.4148,-2.0151
-1.4148,-2.2561
-1.5089,-2.19
-1.5089,-1.8097
-1.5089,-0.96214
-1.5089,-1.8049
-1.5089,-1.0461
-1.5089,-1.7017
-1.5089,-2.0977
2.7086,3.1638
2.7086,2.1062
2.7086,3.1404
2.7086,2.2897
-8.3482,-7.7888
-8.3482,-8.6581
-8.3482,-7.5837
5.1757,5.0715
5.1757,4.3825
5.1757,4.2034
5.1757,4.2907
5.1757,4.9566
5.1757,5.0942
5.1757,5.928
5.1757,5.0446
-5.6987,-6.368
-5.6987,-5.7509
-5.6987,-5.3716
-5.6987,-6.0385
-5.6987,-5.1816
-5.6987,-5.3124
-5.6987,-6.3779
-5.6987,-5.6702
4.7156,5.4294
4.7156,5.6199
4.7156,5.2398
4.7156,3.9436
4.7156,5.4737
4.7156,4.9558
4.7156,4.5754
1.5736,1.6869
1.5736,0.88289
-2.5136,-1.9352
-2.5136,-3.1572
-2.5136,-2.8446
-2.5136,-1.6546
-2.5136,-2.634
-2.5136,-2.0151
-2.5136,-2.216
-2.5136,-2.2561
6.6934,6.6651
6.6934,7.6434
6.6283,5.6351
6.6283,6.2477
6.6283,6.4083
6.6283,6.6211
6.6283,7.1558
1.4673,1.1202
1.4673,2.1062
1.4673,2.1168
6.6651,6.6934
6.6651,7.1218
2.5809,2.2659
2.5809,2.1739
2.5809,3.3213
2.5809,1.7027
2.5809,2.8737
-3.8856,-4.6071
-3.8856,-3.5552
-3.8856,-3.167
-3.8856,-3.6363
-3.8856,-4.6209
-3.8856,-4.7191
-3.8856,-4.4658
-3.8856,-4.1179
-3.8856,-4.1563
4.1318,4.0134
4.1318,4.9326
4.1318,3.1802
4.1318,4.0459
4.1318,4.9566
4.1318,4.9155
4.1318,3.9246
4.1318,4.069
4.1318,4.1815
4.1318,4.932
-3.3245,-3.2134
-3.3245,-3.1572
-3.3245,-3.1796
-3.3245,-2.8446
-3.3245,-4.043
-3.3245,-2.634
-3.3245,-2.9839
-3.3245,-2.8796
9.7087,9.1837
5.4294,6.0371
5.4294,5.3559
5.4294,4.7156
5.4294,6.4045
5.4294,6.2866
5.4294,5.7293
5.4294,5.6199
5.4294,5.2398
5.4294,5.4737
5.4294,5.8138
5.4294,4.5754
1.5457,1.6869
1.5457,0.88289
1.5457,0.84519
6.4045,7.0031
6.4045,6.0371
6.4045,5.4294
6.4045,6.2866
6.4045,5.7293
6.4045,6.4848
6.4045,5.6199
6.4045,7.2731
6.4045,5.4737
6.4045,5.8138
-5.9035,-6.7808
-5.9035,-6.3814
-5.9035,-5.9151
-3.3212,-2.7214
-3.3212,-3.8218
-3.3212,-2.7615
-3.3212,-2.7678
-0.16226,-0.052147
-0.16226,-1.1078
6.1752,5.6769
6.1752,6.4083
-3.8218,-3.3212
-3.8218,-4.5544
-6.7734,-6.368
-6.7734,-5.9992
-6.7734,-6.8491
-6.7734,-5.8358
-2.3017,-3.1572
-2.3017,-2.8446
-2.3017,-1.6546
-2.3017,-2.634
-2.3017,-2.9839
-2.3017,-2.0359
-2.3017,-2.1058
-2.3017,-2.0151
-2.3017,-2.216
-2.3017,-2.8796
-3.1572,-3.2134
-3.1572,-2.5136
-3.1572,-3.3245
-3.1572,-2.3017
-3.1572,-2.8446
-3.1572,-2.634
2.6548,1.6869
-4.8328,-5.0768
-4.8328,-4.9195
3.1559,4.0134
3.1559,3.1632
3.1559,3.1802
3.1559,3.4813
3.1559,4.0459
3.1559,3.2285
3.1559,4.069
3.1632,4.0134
3.1632,3.1559
3.1632,3.1802
3.1632,4.0459
3.1632,3.2285
3.1632,4.069
6.2866,7.0031
6.2866,6.0371
6.2866,5.3559
6.2866,5.4294
6.2866,6.4045
6.2866,5.7293
6.2866,6.4848
6.2866,5.6199
6.2866,7.2731
6.2866,5.4737
6.2866,6.7951
-0.96214,-0.85155
-0.96214,-1.8097
-0.96214,-1.5089
-0.96214,-1.8049
-0.96214,-0.055943
-0.96214,-1.0339
-0.96214,-1.0461
-0.96214,-0.36624
-0.96214,-1.2045
5.6769,6.1752
5.6769,5.6351
5.6769,5.4534
5.6769,6.4083
5.6769,6.6211
-7.1249,-6.3814
-7.1249,-6.9308
-7.1249,-6.6791
2.2659,3.1638
2.2659,2.5809
2.2659,2.1168
2.2659,2.2897
2.2659,1.7027
2.2659,2.8737
7.1218,6.6651
7.1218,6.8802
7.1218,7.6434
-4.6071,-3.8856
-4.6071,-5.3716
-4.6071,-3.7452
-4.6071,-3.6363
-4.6071,-4.6209
-4.6071,-4.7191
-4.6071,-4.4658
-4.6071,-5.3124
-4.6071,-4.1563
4.5039,4.7207
4.5039,5.4534
4.5039,4.8579
-2.7615,-2.7214
-2.7615,-2.19
-2.7615,-3.3212
-5.3716,-5.7509
-5.3716,-5.6987
-5.3716,-4.6071
-5.3716,-4.6209
-5.3716,-6.0385
-5.3716,-4.797
-5.3716,-4.7191
-5.3716,-5.1816
-5.3716,-5.3124
-5.3716,-5.6702
-7.7888,-8.3482
-7.7888,-8.6581
-7.7888,-8.2183
-7.7888,-7.5837
-7.7888,-6.9652
7.4021,7.2019
7.4021,6.4083
7.4021,6.6211
7.4021,7.7518
7.4021,7.2838
-1.8049,-1.8097
-1.8049,-1.5089
-1.8049,-0.96214
-1.8049,-1.0339
-1.8049,-1.0461
-1.8049,-2.0977
-1.8049,-1.2045
-8.1877,-7.5837
-0.055943,-0.85155
-0.055943,-0.96214
-0.055943,-1.0339
-0.055943,-0.36624
5.6351,4.7207
5.6351,6.6283
5.6351,5.6769
5.6351,6.2477
5.6351,5.4534
5.6351,6.4083
5.7293,6.0371
5.7293,5.3559
5.7293,5.4294
5.7293,6.4045
5.7293,6.2866
5.7293,5.2398
5.7293,6.4368
7.2019,7.4021
7.2019,6.4083
7.2019,6.6211
7.2019,7.7518
7.2019,7.2838
2.1062,2.7086
2.1062,1.4673
2.1062,2.1168
2.1062,2.2897
3.1802,4.0134
3.1802,4.1318
3.1802,3.1559
3.1802,3.1632
3.1802,3.2285
3.1802,3.9246
3.1802,4.069
6.4848,6.0371
6.4848,6.4045
6.4848,6.2866
6.4848,5.6199
6.4848,7.2731
6.4848,5.8138
-3.5552,-3.8856
-3.5552,-3.167
-3.5552,-3.7452
-3.5552,-3.6363
-3.5552,-2.7104
-3.5552,-4.1563
-3.167,-3.8856
-3.167,-3.5552
-3.167,-2.7104
-3.167,-4.1179
2.1168,1.4673
2.1168,2.2659
2.1168,2.1062
2.1168,2.2897
2.1168,1.7027
2.1168,2.8737
-1.0339,-0.85155
-1.0339,-0.96214
-1.0339,-1.8049
-1.0339,-0.055943
-1.0339,-1.0461
-1.0339,-1.5749
-1.0339,-0.36624
-1.0339,-1.2045
6.2477,6.6283
6.2477,5.6351
6.2477,7.1558
-3.7452,-4.6071
-3.7452,-3.5552
-3.7452,-3.6363
-3.7452,-4.6209
-3.7452,-2.879
-3.7452,-4.0869
-5.8877,-5.6258
-5.8877,-5.6553
-5.8877,-5.2218
-5.8877,-4.9566
-3.1796,-3.2134
-3.1796,-3.3245
-3.1796,-3.0903
-3.1796,-3.8844
-3.1796,-2.9839
-3.1796,-2.8796
5.6199,5.3559
5.6199,4.7156
5.6199,5.4294
5.6199,6.4045
5.6199,6.2866
5.6199,6.4848
5.6199,5.2398
5.6199,5.4737
5.6199,4.9558
5.6199,5.8138
-3.6363,-3.8856
-3.6363,-4.6071
-3.6363,-3.5552
-3.6363,-3.7452
-3.6363,-4.6209
-3.6363,-2.7104
-3.6363,-4.1563
-4.6209,-3.8856
-4.6209,-4.6071
-4.6209,-5.3716
-4.6209,-3.7452
-4.6209,-3.6363
-4.6209,-4.797
-4.6209,-4.7191
-4.6209,-4.4658
-4.6209,-5.1816
-4.6209,-5.3124
-4.6209,-4.1563
-2.8446,-3.2134
-2.8446,-2.5136
-2.8446,-3.3245
-2.8446,-2.3017
-2.8446,-3.1572
-2.8446,-2.634
-2.8446,-2.9839
-2.8446,-2.0359
-2.8446,-2.0151
-2.8446,-2.216
3.4813,4.3825
3.4813,4.2034
3.4813,3.1559
3.4813,4.0459
3.4813,4.2907
3.4813,3.2285
1.6869,1.5736
1.6869,1.5457
1.6869,2.6548
1.6869,0.69896
1.6869,0.88289
4.0459,4.3825
4.0459,4.0134
4.0459,4.2034
4.0459,4.1318
4.0459,3.1559
4.0459,3.1632
4.0459,3.4813
4.0459,4.2907
4.0459,3.2285
4.0459,5.0446
4.0459,4.069
4.0459,4.1815
-1.6546,-1.4148
-1.6546,-2.5136
-1.6546,-2.3017
-1.6546,-2.0359
-1.6546,-2.0151
-1.6546,-1.2815
-1.6546,-2.216
-1.6546,-2.2561
4.2907,5.0715
4.2907,4.3825
4.2907,4.0134
4.2907,4.2034
4.2907,5.1757
4.2907,3.4813
4.2907,4.0459
4.2907,4.9566
4.2907,5.0942
4.2907,5.0446
4.2907,4.069
4.2907,4.1815
4.2907,4.932
1.1664,1.1202
1.1664,1.7027
5.2398,5.3559
5.2398,4.7156
5.2398,5.4294
5.2398,5.7293
5.2398,5.6199
5.2398,5.4737
5.2398,5.8138
5.2398,4.5754
-5.6258,-5.8877
-5.6258,-5.2218
-5.6258,-5.3124
-5.6258,-4.9566
-5.6258,-6.3779
-5.6258,-5.6702
2.1739,2.5809
2.1739,1.7027
2.1739,2.8737
-8.6581,-8.3482
-8.6581,-7.7888
-8.6581,-9.1176
-4.043,-3.2134
-4.043,-3.3245
6.4368,7.0031
6.4368,6.0371
6.4368,5.7293
6.4368,6.7951
7.2731,7.0031
7.2731,6.4045
7.2731,6.2866
7.2731,6.4848
7.2731,6.7951
-2.634,-3.2134
-2.634,-2.5136
-2.634,-3.3245
-2.634,-2.3017
-2.634,-3.1572
-2.634,-2.8446
-2.634,-2.9839
-2.634,-2.0359
-2.634,-2.1058
-2.634,-2.0151
-2.634,-2.216
-2.634,-2.8796
-3.0903,-3.1796
-3.0903,-3.8844
-3.0903,-2.8796
6.8802,7.1218
6.8802,5.928
-7.3206,-7.741
-7.3206,-6.9308
7.3204,7.1558
-3.8844,-3.1796
-3.8844,-3.0903
-4.9195,-5.0768
-4.9195,-4.8328
-4.9195,-5.9151
-6.0385,-6.368
-6.0385,-5.7509
-6.0385,-5.6987
-6.0385,-5.3716
-6.0385,-6.8491
-6.0385,-6.3779
-6.0385,-5.6702
-2.879,-3.7452
3.5129,3.3213
3.9436,4.7156
3.9436,4.5754
-5.9992,-6.368
-5.9992,-5.7509
-5.9992,-6.7734
-5.9992,-5.1816
-5.9992,-5.8358
5.4534,4.7207
5.4534,5.6769
5.4534,4.5039
5.4534,5.6351
5.4534,6.4083
5.4534,4.8579
-2.9839,-3.2134
-2.9839,-3.3245
-2.9839,-2.3017
-2.9839,-3.1796
-2.9839,-2.8446
-2.9839,-2.634
-2.9839,-2.1058
-2.9839,-2.1286
-2.9839,-2.8796
-6.3814,-6.7808
-6.3814,-5.9035
-6.3814,-7.1249
3.1404,3.1638
3.1404,2.7086
3.1404,2.2897
3.2285,4.0134
3.2285,4.2034
3.2285,3.1559
3.2285,3.1632
3.2285,3.1802
3.2285,3.4813
3.2285,4.0459
3.2285,4.1815
-1.1078,-0.16226
-1.1078,-2.0359
-1.1078,-1.2815
-4.0869,-3.7452
-4.0869,-4.797
-2.0359,-2.3017
-2.0359,-2.8446
-2.0359,-1.6546
-2.0359,-2.634
-2.0359,-1.1078
-2.0359,-2.1058
-2.0359,-2.0151
-2.0359,-1.2815
-2.0359,-2.216
-8.2183,-7.7888
-8.2183,-9.1176
4.9566,5.0715
4.9566,4.0134
4.9566,4.9326
4.9566,5.1757
4.9566,4.1318
4.9566,4.2907
4.9566,4.9155
4.9566,5.0942
4.9566,5.928
4.9566,5.0446
4.9566,4.069
4.9566,4.1815
4.9566,4.932
4.9566,5.8151
7.6434,6.6934
7.6434,7.1218
-2.1058,-2.3017
-2.1058,-2.634
-2.1058,-2.9839
-2.1058,-2.0359
-2.1058,-2.1286
-2.1058,-2.8796
6.4083,6.6283
6.4083,6.1752
6.4083,5.6769
6.4083,7.4021
6.4083,5.6351
6.4083,7.2019
6.4083,5.4534
6.4083,6.6211
6.4083,7.2838
-1.0461,-1.8097
-1.0461,-1.5089
-1.0461,-0.96214
-1.0461,-1.8049
-1.0461,-1.0339
-1.0461,-1.7017
-1.0461,-0.36624
-2.0151,-1.4148
-2.0151,-2.5136
-2.0151,-2.3017
-2.0151,-2.8446
-2.0151,-1.6546
-2.0151,-2.634
-2.0151,-2.0359
-2.0151,-1.2815
-2.0151,-2.216
-2.0151,-2.2561
-4.797,-5.3716
-4.797,-4.6209
-4.797,-4.0869
-4.797,-5.1816
9.1837,9.7087
-2.1286,-2.9839
-2.1286,-2.1058
-2.1286,-2.8796
5.4737,5.3559
5.4737,4.7156
5.4737,5.4294
5.4737,6.4045
5.4737,6.2866
5.4737,5.6199
5.4737,5.2398
5.4737,4.9558
5.4737,5.8138
5.4737,4.5754
4.9155,5.0715
4.9155,4.9326
4.9155,4.1318
4.9155,4.9566
4.9155,5.0942
4.9155,3.9246
4.9155,5.0446
4.9155,4.069
4.9155,4.932
4.9155,5.8151
-4.7191,-3.8856
-4.7191,-4.6071
-4.7191,-5.3716
-4.7191,-4.6209
-4.7191,-4.4658
-4.7191,-5.2218
-4.7191,-5.3124
-4.7191,-5.6702
-4.7191,-4.1563
-4.4658,-3.8856
-4.4658,-4.6071
-4.4658,-4.6209
-4.4658,-4.7191
-4.4658,-4.8816
-4.4658,-4.1179
-4.4658,-5.2218
-4.4658,-5.3124
-4.4658,-4.9566
-4.4658,-4.1563
2.2897,3.1638
2.2897,2.7086
2.2897,2.2659
2.2897,2.1062
2.2897,2.1168
2.2897,3.1404
2.2897,2.8737
-7.5837,-8.3482
-7.5837,-7.7888
-7.5837,-8.1877
-7.5837,-6.9652
-5.1816,-5.7509
-5.1816,-5.6987
-5.1816,-5.3716
-5.1816,-4.6209
-5.1816,-5.9992
-5.1816,-4.797
-5.1816,-5.8358
5.0942,5.0715
5.0942,4.9326
5.0942,5.1757
5.0942,4.2907
5.0942,4.9566
5.0942,4.9155
5.0942,5.928
5.0942,5.0446
5.0942,4.1815
5.0942,4.932
5.0942,5.8151
3.9246,4.0134
3.9246,4.1318
3.9246,3.1802
3.9246,4.9155
3.9246,4.069
3.9246,4.1815
-1.5749,-1.0339
-1.5749,-0.86512
-1.5749,-1.2045
-1.7017,-2.19
-1.7017,-1.5089
-1.7017,-1.0461
3.8499,3.1638
3.8499,3.3213
5.928,5.0715
5.928,5.1757
5.928,6.8802
5.928,4.9566
5.928,5.0942
5.928,5.0446
5.928,5.8151
-2.7104,-3.5552
-2.7104,-3.167
-2.7104,-3.6363
-9.1176,-8.6581
-9.1176,-8.2183
-4.8816,-4.4658
-4.8816,-5.6553
-4.8816,-4.1179
-4.8816,-4.9566
-5.6553,-6.0601
-5.6553,-5.8877
-5.6553,-4.8816
-0.36624,-0.85155
-0.36624,-0.96214
-0.36624,-0.055943
-0.36624,-1.0339
-0.36624,-1.0461
-6.8491,-6.368
-6.8491,-6.7734
-6.8491,-6.0385
-1.2815,-1.6546
-1.2815,-1.1078
-1.2815,-2.0359
-1.2815,-2.0151
-4.1179,-3.8856
-4.1179,-3.167
-4.1179,-4.4658
-4.1179,-4.8816
-4.1179,-4.9566
-4.1179,-4.1563
5.0446,5.0715
5.0446,4.3825
5.0446,4.2034
5.0446,4.9326
5.0446,5.1757
5.0446,4.0459
5.0446,4.2907
5.0446,4.9566
5.0446,4.9155
5.0446,5.0942
5.0446,5.928
5.0446,4.1815
5.0446,4.932
4.9558,4.7156
4.9558,5.6199
4.9558,5.4737
4.9558,5.8138
4.069,4.0134
4.069,4.2034
4.069,4.9326
4.069,4.1318
4.069,3.1559
4.069,3.1632
4.069,3.1802
4.069,4.0459
4.069,4.2907
4.069,4.9566
4.069,4.9155
4.069,3.9246
4.069,4.1815
4.069,4.932
-5.2218,-5.8877
-5.2218,-5.6258
-5.2218,-4.7191
-5.2218,-4.4658
-5.2218,-5.3124
-5.2218,-4.9566
-5.2218,-5.6702
5.8138,5.3559
5.8138,5.4294
5.8138,6.4045
5.8138,6.4848
5.8138,5.6199
5.8138,5.2398
5.8138,5.4737
5.8138,4.9558
6.6211,6.6283
6.6211,5.6769
6.6211,7.4021
6.6211,7.2019
6.6211,6.4083
6.6211,7.1558
6.6211,7.2838
3.3213,3.1638
3.3213,2.5809
3.3213,3.5129
3.3213,3.8499
3.3213,2.8737
6.7951,7.0031
6.7951,6.0371
6.7951,6.2866
6.7951,6.4368
6.7951,7.2731
6.7951,7.6206
-2.216,-2.5136
-2.216,-2.3017
-2.216,-2.8446
-2.216,-1.6546
-2.216,-2.634
-2.216,-2.0359
-2.216,-2.0151
-2.216,-2.2561
-5.3124,-5.6987
-5.3124,-4.6071
-5.3124,-5.3716
-5.3124,-4.6209
-5.3124,-5.6258
-5.3124,-4.7191
-5.3124,-4.4658
-5.3124,-5.2218
-5.3124,-4.9566
-5.3124,-5.6702
4.1815,5.0715
4.1815,4.3825
4.1815,4.0134
4.1815,4.2034
4.1815,4.9326
4.1815,4.1318
4.1815,4.0459
4.1815,4.2907
4.1815,3.2285
4.1815,4.9566
4.1815,5.0942
4.1815,3.9246
4.1815,5.0446
4.1815,4.069
4.1815,4.932
-7.741,-7.3206
-7.741,-6.9308
-0.86512,-1.5749
7.7518,7.4021
7.7518,7.2019
7.7518,7.1558
7.7518,7.2838
-4.5544,-3.8218
-6.9308,-7.1249
-6.9308,-7.3206
-6.9308,-7.741
-6.9308,-6.6791
4.932,5.0715
4.932,4.0134
4.932,4.9326
4.932,4.1318
4.932,4.2907
4.932,4.9566
4.932,4.9155
4.932,5.0942
4.932,5.0446
4.932,4.069
4.932,4.1815
4.932,5.8151
7.6206,6.7951
-6.9652,-7.7888
-6.9652,-7.5837
4.8579,4.5039
4.8579,5.4534
-5.9151,-6.7808
-5.9151,-5.0768
-5.9151,-5.9035
-5.9151,-4.9195
-4.9566,-5.8877
-4.9566,-5.6258
-4.9566,-4.4658
-4.9566,-4.8816
-4.9566,-4.1179
-4.9566,-5.2218
-4.9566,-5.3124
-5.8358,-6.368
-5.8358,-5.7509
-5.8358,-6.7734
-5.8358,-5.9992
-5.8358,-5.1816
-6.3779,-5.6987
-6.3779,-5.6258
-6.3779,-6.0385
-6.3779,-5.6702
-2.0977,-1.8097
-2.0977,-1.5089
-2.0977,-1.8049
-2.0977,-2.7678
-2.0977,-1.2045
7.1558,6.6283
7.1558,6.2477
7.1558,7.3204
7.1558,6.6211
7.1558,7.7518
-2.7678,-2.7214
-2.7678,-2.19
-2.7678,-1.8097
-2.7678,-3.3212
-2.7678,-2.0977
-5.6702,-5.7509
-5.6702,-5.6987
-5.6702,-5.3716
-5.6702,-5.6258
-5.6702,-6.0385
-5.6702,-4.7191
-5.6702,-5.2218
-5.6702,-5.3124
-5.6702,-6.3779
0.69896,-0.052147
0.69896,1.6869
0.69896,0.88289
1.7027,2.5809
1.7027,2.2659
1.7027,2.1168
1.7027,1.1664
1.7027,2.1739
5.8151,4.9326
5.8151,4.9566
5.8151,4.9155
5.8151,5.0942
5.8151,5.928
5.8151,4.932
-2.2561,-1.9352
-2.2561,-1.4148
-2.2561,-2.5136
-2.2561,-1.6546
-2.2561,-2.0151
-2.2561,-2.216
4.5754,5.3559
4.5754,4.7156
4.5754,5.4294
4.5754,5.2398
4.5754,3.9436
4.5754,5.4737
-1.2045,-0.85155
-1.2045,-1.8097
-1.2045,-0.96214
-1.2045,-1.8049
-1.2045,-1.0339
-1.2045,-1.5749
-1.2045,-2.0977
-6.6791,-7.1249
-6.6791,-6.9308
-4.1563,-3.8856
-4.1563,-4.6071
-4.1563,-3.5552
-4.1563,-3.6363
-4.1563,-4.6209
-4.1563,-4.7191
-4.1563,-4.4658
-4.1563,-4.1179
2.8737,3.1638
2.8737,2.5809
2.8737,2.2659
2.8737,2.1168
2.8737,2.1739
2.8737,2.2897
2.8737,3.3213
0.88289,-0.052147
0.88289,1.5736
0.88289,1.5457
0.88289,1.6869
0.88289,0.69896
0.88289,0.84519
-2.8796,-3.2134
-2.8796,-3.3245
-2.8796,-2.3017
-2.8796,-3.1796
-2.8796,-2.634
-2.8796,-3.0903
-2.8796,-2.9839
-2.8796,-2.1058
-2.8796,-2.1286
7.2838,7.4021
7.2838,7.2019
7.2838,6.4083
7.2838,6.6211
7.2838,7.7518
0.84519,1.5457
0.84519,0.88289
