-0.30562,0.26989
-0.30562,0.57558
-0.30562,-0.91176
-0.30562,-0.074472
-6.2294,-6.4329
-6.2294,-6.514
-6.2294,-5.4653
-6.2294,-5.7502
-6.2294,-6.4185
-6.2294,-5.3304
-6.2294,-6.4141
-6.2294,-5.7915
-6.2294,-5.4543
-6.2294,-6.2641
-6.2294,-6.1726
-6.2294,-5.5599
-6.2294,-6.6511
-4.8664,-4.6876
-4.8664,-5.3304
-4.8664,-5.0381
-4.8664,-5.7915
-4.8664,-5.4543
-4.8664,-5.5599
1.503,1.9114
1.503,0.94746
-4.9918,-5.282
-4.9918,-5.6763
-4.9918,-4.3981
-4.9918,-4.1488
-4.9918,-4.2634
-4.9918,-4.2234
-4.9918,-4.3469
-4.9918,-4.6324
-4.9918,-4.6848
-4.9918,-4.5366
-4.9918,-4.8994
-5.282,-4.9918
-5.282,-5.6763
-5.282,-4.3981
-5.282,-4.6311
-5.282,-4.6324
-5.282,-5.2677
-5.282,-4.6848
-5.282,-4.5366
-5.282,-4.9598
-5.282,-4.8994
-5.282,-4.8201
-6.4329,-6.2294
-6.4329,-6.514
-6.4329,-5.4653
-6.4329,-5.7502
-6.4329,-6.4185
-6.4329,-7.276
-6.4329,-6.4141
-6.4329,-6.2641
-6.4329,-6.4999
-6.4329,-6.1487
-6.4329,-6.6511
6.1769,5.3855
6.1769,5.5983
6.1769,5.7668
6.1769,5.9184
6.1769,5.7414
6.1769,6.3806
6.1769,6.1483
-3.8042,-3.0391
-3.8042,-4.3981
-3.8042,-4.1488
-3.8042,-4.2634
-3.8042,-4.2234
-3.8042,-4.3469
-3.8042,-4.6324
-3.8042,-3.622
-3.8042,-3.2517
-3.8042,-4.6848
-3.8042,-4.5366
-3.8042,-4.0609
-3.8042,-3.6764
-3.8042,-3.8934
-3.8042,-3.9012
-3.8042,-3.3119
5.147,4.7279
5.147,5.3855
5.147,4.9638
5.147,5.5983
5.147,5.7668
5.147,4.779
5.147,5.9184
5.147,5.7414
5.147,4.4068
-5.0229,-5.4653
-5.0229,-5.7502
-5.0229,-5.3304
-6.514,-6.2294
-6.514,-6.4329
-6.514,-6.6818
-6.514,-6.4185
-6.514,-7.276
-6.514,-7.3851
-6.514,-6.4141
-6.514,-5.7915
-6.514,-6.2641
-6.514,-6.1726
-6.514,-6.6511
6.1296,5.4375
6.1296,5.8599
6.1296,6.7
6.1296,5.6022
6.1296,6.5689
6.1296,5.7347
6.1296,5.5515
6.1296,6.1276
6.1296,6.3174
4.9402,5.4375
4.9402,5.8599
4.9402,5.6022
4.9402,5.34
4.9402,5.5515
4.9402,5.3472
5.1992,4.7005
5.1992,4.7279
5.1992,5.3855
5.1992,5.5983
5.1992,5.7668
5.1992,4.779
5.1992,5.277
5.1992,4.4068
5.1992,5.624
-5.6763,-4.9918
-5.6763,-5.282
-5.6763,-5.2677
-5.6763,-4.8994
-3.0391,-3.8042
-3.0391,-2.7632
-3.0391,-3.622
-3.0391,-3.2517
-3.0391,-2.83
-3.0391,-3.7095
-3.0391,-3.8934
-3.0391,-2.4886
-3.0391,-3.3119
6.4422,6.2253
6.4422,5.7879
6.4422,6.0119
6.4422,7.0112
6.4422,6.2265
6.4422,6.7621
-1.4698,-1.3076
-1.4698,-1.4949
-1.4698,-0.68745
-1.4698,-1.4828
-1.4698,-1.6499
-1.4698,-1.0707
-1.4698,-2.3531
-1.4698,-1.4144
-6.6818,-6.514
-6.6818,-6.4141
-6.6818,-5.7915
-6.6818,-6.1726
-6.6818,-5.8737
-6.6818,-6.6511
-0.34925,-0.51349
-0.34925,-0.68745
-0.34925,0.19112
-0.34925,0.083933
-0.34925,0.27204
-0.34925,-1.0707
-0.34925,0.16463
-0.34925,-0.38167
-0.51349,-0.34925
-0.51349,-1.3076
-0.51349,0.16463
-0.51349,-1.4144
1.0295,0.18203
1.0295,1.6601
1.0295,0.64652
1.0295,0.57558
1.0295,0.73088
1.0295,1.5034
1.0295,1.1971
5.4375,6.1296
5.4375,4.9402
5.4375,5.6006
5.4375,5.8599
5.4375,5.6022
5.4375,5.34
5.4375,5.745
5.4375,5.7347
5.4375,5.5515
5.4375,5.3472
5.4375,6.3174
-5.4653,-6.2294
-5.4653,-6.4329
-5.4653,-5.0229
-5.4653,-5.7502
-5.4653,-6.4185
-5.4653,-5.3304
-5.4653,-5.4543
-5.4653,-6.2641
-5.4653,-6.1487
-5.4653,-5.5599
1.9114,1.503
1.9114,0.94746
1.9114,1.7017
6.7471,7.3403
6.7471,7.0412
6.7471,6.1656
6.7471,6.7868
-4.3981,-4.9918
-4.3981,-5.282
-4.3981,-3.8042
-4.3981,-4.6311
-4.3981,-4.2634
-4.3981,-4.2234
-4.3981,-4.3101
-4.3981,-4.6324
-4.3981,-4.6848
-4.3981,-4.5366
-4.3981,-4.0609
-4.3981,-3.6764
-4.3981,-4.9598
-4.3981,-4.8994
-4.3981,-4.8201
-4.3981,-3.9012
-1.5817,-1.4949
-1.5817,-0.6866
-1.5817,-1.4828
-1.5817,-2.4205
-1.5817,-0.97469
4.7005,5.1992
4.7005,4.779
4.7005,5.277
4.7005,4.3028
5.9286,6.4458
5.9286,6.3722
5.9286,5.745
5.6006,5.4375
5.6006,5.8599
5.6006,5.4152
5.6006,5.7879
5.6006,5.6022
5.6006,6.0119
5.6006,6.2688
5.6006,5.2814
5.6006,6.2265
5.6006,6.4997
5.6006,5.34
5.6006,6.5689
5.6006,5.7347
5.6006,5.3472
5.6006,6.3174
-2.7632,-3.0391
-2.7632,-1.9098
-2.7632,-3.622
-2.7632,-3.2517
-2.7632,-3.3119
-1.9098,-2.7632
-1.9098,-1.2583
-1.9098,-1.6903
-1.9098,-2.4886
3.0639,2.4505
3.0639,3.966
-4.1488,-4.9918
-4.1488,-3.8042
-4.1488,-4.2634
-4.1488,-4.3469
-4.1488,-4.6324
-4.1488,-3.622
-4.1488,-4.6848
-4.1488,-4.5366
-4.1488,-3.7095
-4.1488,-3.8934
0.18203,1.0295
0.18203,0.64652
0.18203,0.57558
0.18203,0.10765
0.025129,0.39388
0.025129,-0.09112
0.025129,0.015531
0.025129,-0.6866
0.025129,0.16315
0.025129,-0.49923
0.025129,0.80569
0.025129,0.26812
0.025129,0.27963
0.025129,0.083933
0.025129,-0.60174
-4.6311,-5.282
-4.6311,-4.3981
-4.6311,-4.2234
-4.6311,-4.3101
-4.6311,-5.0516
-4.6311,-5.2677
-4.6311,-4.0609
-4.6311,-4.0006
-4.6311,-4.9598
-4.6311,-4.8201
6.2253,6.4422
6.2253,6.0119
6.2253,6.7621
-7.5447,-7.6379
4.7279,5.147
4.7279,5.1992
4.7279,5.3855
4.7279,4.9638
4.7279,5.5983
4.7279,4.779
4.7279,5.277
4.7279,4.4068
6.4458,5.9286
6.4458,5.745
6.4458,6.1276
5.3855,6.1769
5.3855,5.147
5.3855,5.1992
5.3855,4.7279
5.3855,4.9638
5.3855,5.5983
5.3855,5.7668
5.3855,4.779
5.3855,6.1483
2.0382,1.2044
-5.7502,-6.2294
-5.7502,-6.4329
-5.7502,-5.0229
-5.7502,-5.4653
-5.7502,-6.4185
-5.7502,-5.3304
-5.7502,-5.4543
-5.7502,-6.2641
-5.7502,-6.4999
-5.7502,-6.1487
-6.4185,-6.2294
-6.4185,-6.4329
-6.4185,-6.514
-6.4185,-5.4653
-6.4185,-5.7502
-6.4185,-7.276
-6.4185,-7.3851
-6.4185,-6.4141
-6.4185,-5.4543
-6.4185,-6.2641
-6.4185,-6.1726
-6.4185,-6.4999
-6.4185,-6.6511
5.8599,6.1296
5.8599,4.9402
5.8599,5.4375
5.8599,5.6006
5.8599,6.7
5.8599,5.6022
5.8599,5.34
5.8599,5.745
5.8599,5.7347
5.8599,5.5515
5.8599,6.1276
5.8599,6.3174
-0.6486,-0.86833
-0.6486,-1.6048
-0.6486,-1.2583
-7.276,-6.4329
-7.276,-6.514
-7.276,-6.4185
-7.276,-7.3851
-7.276,-6.4999
-7.276,-6.6511
-0.86833,-0.6486
-0.86833,0.036486
-0.86833,-0.61925
-0.86833,-0.2714
-0.86833,-1.2583
-0.86833,-1.6903
-0.86833,-1.7385
0.73914,1.271
0.73914,0.50679
0.73914,1.0881
0.73914,0.19112
0.73914,0.083933
0.73914,0.27204
0.73914,0.16463
5.4152,5.6006
5.4152,4.8701
5.4152,5.7879
5.4152,6.0119
5.4152,5.2814
5.4152,6.2265
4.8701,5.4152
4.8701,5.7879
4.8701,5.2814
4.8701,5.3472
6.3722,5.9286
-6.9604,-6.4999
-6.9604,-6.1487
-4.2634,-4.9918
-4.2634,-3.8042
-4.2634,-4.3981
-4.2634,-4.1488
-4.2634,-4.2234
-4.2634,-4.3469
-4.2634,-4.6324
-4.2634,-3.622
-4.2634,-4.6848
-4.2634,-4.5366
-4.2634,-4.0609
-4.2634,-3.6764
-4.2634,-4.8994
-4.2634,-3.8934
-4.2634,-4.8201
-4.2634,-3.9012
-4.2634,-3.3119
-4.2234,-4.9918
-4.2234,-3.8042
-4.2234,-4.3981
-4.2234,-4.6311
-4.2234,-4.2634
-4.2234,-4.3101
-4.2234,-4.6324
-4.2234,-3.622
-4.2234,-4.6848
-4.2234,-4.5366
-4.2234,-4.0609
-4.2234,-3.6764
-4.2234,-4.0006
-4.2234,-4.9598
-4.2234,-4.8994
-4.2234,-4.8201
-4.2234,-3.9012
4.9638,5.147
4.9638,4.7279
4.9638,5.3855
4.9638,5.5983
4.9638,5.9184
4.9638,5.7414
4.9638,4.4068
-4.6876,-4.8664
-4.6876,-5.3304
-4.6876,-5.0381
-4.6876,-5.4543
-4.6876,-5.5599
-0.83649,-0.61925
-0.83649,-0.2714
-0.83649,-0.91176
-0.83649,-1.2583
-0.83649,-0.074472
-3.5263,-3.6187
2.4505,3.0639
2.4505,1.7017
2.4505,1.5034
-4.3469,-4.9918
-4.3469,-3.8042
-4.3469,-4.1488
-4.3469,-4.2634
-4.3469,-4.6324
-4.3469,-3.622
-4.3469,-4.6848
-4.3469,-4.5366
-4.3469,-3.7095
-4.3469,-3.8934
1.2044,2.0382
1.2044,0.39388
1.2044,0.50679
1.2044,1.0881
1.2044,0.80569
1.2044,0.99929
1.2044,0.26812
0.26989,-0.30562
0.26989,0.036486
0.26989,-0.2714
0.26989,0.73088
0.26989,-0.074472
-7.3851,-6.514
-7.3851,-6.4185
-7.3851,-7.276
-7.3851,-6.4141
-7.3851,-6.6511
1.271,0.73914
1.271,0.50679
1.271,1.0881
7.3403,6.7471
7.3403,7.7742
7.3403,6.7868
0.036486,-0.86833
0.036486,0.26989
0.036486,-0.61925
0.036486,-0.2714
-1.3076,-1.4698
-1.3076,-0.51349
-1.3076,-0.68745
-1.3076,-1.0707
-1.3076,-1.4144
-5.3304,-6.2294
-5.3304,-4.8664
-5.3304,-5.0229
-5.3304,-5.4653
-5.3304,-5.7502
-5.3304,-4.6876
-5.3304,-5.7915
-5.3304,-5.4543
-5.3304,-6.2641
-5.3304,-5.5599
5.8335,5.7333
5.8335,6.5395
-4.3101,-4.3981
-4.3101,-4.6311
-4.3101,-4.2234
-4.3101,-5.2677
-4.3101,-4.0609
-4.3101,-3.6764
-4.3101,-4.0006
-4.3101,-4.9598
-4.3101,-4.8201
-4.3101,-3.9012
-0.61925,-0.86833
-0.61925,-0.83649
-0.61925,0.036486
-0.61925,-0.2714
-0.61925,-0.91176
-0.61925,-1.2583
-0.61925,-0.074472
5.5983,6.1769
5.5983,5.147
5.5983,5.1992
5.5983,4.7279
5.5983,5.3855
5.5983,4.9638
5.5983,5.7668
5.5983,5.9184
5.5983,5.7414
5.5983,6.3806
5.5983,6.1483
-0.2714,-0.86833
-0.2714,-0.83649
-0.2714,0.26989
-0.2714,0.036486
-0.2714,-0.61925
-0.2714,-0.91176
-0.2714,-0.074472
1.6601,1.0295
1.6601,0.73088
1.6601,1.5034
-4.6324,-4.9918
-4.6324,-5.282
-4.6324,-3.8042
-4.6324,-4.3981
-4.6324,-4.1488
-4.6324,-4.2634
-4.6324,-4.2234
-4.6324,-4.3469
-4.6324,-4.6848
-4.6324,-4.5366
-4.6324,-4.0609
-4.6324,-4.9598
-4.6324,-4.8994
-4.6324,-4.8201
-4.6324,-3.9012
5.7668,6.1769
5.7668,5.147
5.7668,5.1992
5.7668,5.3855
5.7668,5.5983
5.7668,5.277
5.7668,5.624
5.7668,6.3806
5.7668,6.1483
0.39388,0.025129
0.39388,1.2044
0.39388,0.97463
0.39388,0.015531
0.39388,0.50679
0.39388,1.0881
0.39388,-0.49923
0.39388,0.80569
0.39388,0.99929
0.39388,0.26812
0.39388,0.27963
0.39388,0.083933
0.39388,0.27204
-0.09112,0.025129
-0.09112,0.16315
-0.09112,-0.49923
-0.09112,0.27963
0.94746,1.503
0.94746,1.9114
0.94746,1.7017
0.94746,0.81318
0.94746,1.1971
-5.0381,-4.8664
-5.0381,-4.6876
-5.0381,-5.7915
-5.0381,-5.8737
-5.0381,-4.5756
-5.0381,-5.5599
-5.0381,-5.6077
-1.6048,-0.6486
-1.6048,-1.9391
-1.6048,-1.7385
0.97463,0.39388
0.97463,0.16315
0.97463,0.80569
0.97463,0.27963
-1.4949,-1.4698
-1.4949,-1.5817
-1.4949,-0.6866
-1.4949,-1.4828
-1.4949,-0.6625
-1.4949,-1.6499
-1.4949,-1.0707
-1.4949,-2.4205
-1.4949,-0.60174
-1.4949,-2.5032
7.1285,6.2688
7.1285,7.0112
7.1285,6.2265
7.1285,6.4997
7.1285,6.5689
7.1285,6.7621
4.779,5.147
4.779,5.1992
4.779,4.7005
4.779,4.7279
4.779,5.3855
4.779,5.277
4.779,4.4068
4.779,4.3028
4.779,5.624
0.015531,0.025129
0.015531,0.39388
0.015531,-0.6866
0.015531,0.50679
0.015531,-0.49923
0.015531,0.80569
0.015531,0.26812
0.015531,0.27963
0.015531,-0.6625
0.015531,0.083933
0.015531,0.27204
0.015531,-0.60174
-0.6866,-1.5817
-0.6866,0.025129
-0.6866,-1.4949
-0.6866,0.015531
-0.6866,-1.4828
-0.6866,-0.49923
-0.6866,0.26812
-0.6866,-0.6625
-0.6866,0.083933
-0.6866,-0.60174
-0.6866,-0.97469
5.7879,6.4422
5.7879,5.6006
5.7879,5.4152
5.7879,4.8701
5.7879,6.0119
5.7879,6.2688
5.7879,5.2814
5.7879,6.2265
5.7879,6.4997
5.7879,5.7347
5.7879,5.3472
-5.0516,-4.6311
-5.0516,-4.9598
-5.0516,-4.8201
6.7,6.1296
6.7,5.8599
6.7,6.5689
6.7,6.1276
6.7,6.3174
-5.2677,-5.282
-5.2677,-5.6763
-5.2677,-4.6311
-5.2677,-4.3101
-5.2677,-4.9598
-5.2677,-4.8994
-5.2677,-4.8201
5.6022,6.1296
5.6022,4.9402
5.6022,5.4375
5.6022,5.6006
5.6022,5.8599
5.6022,6.2688
5.6022,5.2814
5.6022,6.4997
5.6022,5.34
5.6022,6.5689
5.6022,5.7347
5.6022,5.3472
5.6022,6.3174
-3.622,-3.8042
-3.622,-3.0391
-3.622,-2.7632
-3.622,-4.1488
-3.622,-4.2634
-3.622,-4.2234
-3.622,-4.3469
-3.622,-3.2517
-3.622,-4.0609
-3.622,-3.6764
-3.622,-3.8934
-3.622,-3.9012
-3.622,-3.3119
0.64652,1.0295
0.64652,0.18203
0.64652,0.57558
0.64652,0.81318
0.64652,1.5034
0.64652,0.10765
0.64652,1.1971
5.277,5.1992
5.277,4.7005
5.277,4.7279
5.277,5.7668
5.277,4.779
5.277,5.624
-0.68745,-1.4698
-0.68745,-0.34925
-0.68745,-1.3076
-0.68745,0.19112
-0.68745,-0.6625
-0.68745,-1.0707
-0.68745,-0.60174
-0.68745,-0.38167
1.7017,1.9114
1.7017,2.4505
1.7017,0.94746
1.7017,0.81318
1.7017,1.5034
1.7017,1.1971
7.0412,6.7471
7.0412,7.7742
7.0412,6.5395
7.0412,6.7868
5.7333,5.8335
5.7333,6.1656
5.9184,6.1769
5.9184,5.147
5.9184,4.9638
5.9184,5.5983
5.9184,5.7414
5.9184,6.3806
5.7414,6.1769
5.7414,5.147
5.7414,4.9638
5.7414,5.5983
5.7414,5.9184
5.7414,6.3806
6.0119,6.4422
6.0119,5.6006
6.0119,6.2253
6.0119,5.4152
6.0119,5.7879
6.0119,6.2688
6.0119,6.2265
6.0119,6.4997
6.0119,5.7347
6.0119,6.7621
6.2688,5.6006
6.2688,7.1285
6.2688,5.7879
6.2688,5.6022
6.2688,6.0119
6.2688,7.0112
6.2688,6.2265
6.2688,6.4997
6.2688,6.5689
6.2688,5.7347
6.2688,5.3472
6.2688,6.7621
6.2688,6.3174
-3.2517,-3.8042
-3.2517,-3.0391
-3.2517,-2.7632
-3.2517,-3.622
-3.2517,-2.83
-3.2517,-3.7095
-3.2517,-3.8934
-3.2517,-2.4886
-1.4828,-1.4698
-1.4828,-1.5817
-1.4828,-1.4949
-1.4828,-0.6866
-1.4828,-0.6625
-1.4828,-1.6499
-1.4828,-2.4205
-1.4828,-0.60174
-1.4828,-0.97469
-2.83,-3.0391
-2.83,-3.2517
-2.83,-3.7095
-2.83,-1.9391
-2.83,-2.4886
7.5358,7.0112
7.5358,6.7621
-6.4141,-6.2294
-6.4141,-6.4329
-6.4141,-6.514
-6.4141,-6.6818
-6.4141,-6.4185
-6.4141,-7.3851
-6.4141,-5.7915
-6.4141,-5.4543
-6.4141,-6.2641
-6.4141,-6.1726
-6.4141,-5.8737
-6.4141,-5.5599
-6.4141,-6.6511
0.50679,0.73914
0.50679,1.2044
0.50679,1.271
0.50679,0.39388
0.50679,0.015531
0.50679,1.0881
0.50679,0.99929
0.50679,0.26812
0.50679,0.19112
0.50679,0.083933
0.50679,0.27204
0.50679,-0.38167
0.16315,0.025129
0.16315,-0.09112
0.16315,0.97463
0.16315,-0.49923
0.16315,0.80569
0.16315,0.27963
0.57558,-0.30562
0.57558,1.0295
0.57558,0.18203
0.57558,0.64652
0.57558,0.73088
3.966,3.0639
1.0881,0.73914
1.0881,1.2044
1.0881,1.271
1.0881,0.39388
1.0881,0.50679
1.0881,0.99929
1.0881,0.26812
1.0881,0.27204
-0.91176,-0.30562
-0.91176,-0.83649
-0.91176,-0.61925
-0.91176,-0.2714
-0.91176,-1.2583
-0.91176,-0.074472
7.0112,6.4422
7.0112,7.1285
7.0112,6.2688
7.0112,7.5358
7.0112,6.2265
7.0112,6.4997
7.0112,6.7621
-3.6187,-3.5263
-4.6848,-4.9918
-4.6848,-5.282
-4.6848,-3.8042
-4.6848,-4.3981
-4.6848,-4.1488
-4.6848,-4.2634
-4.6848,-4.2234
-4.6848,-4.3469
-4.6848,-4.6324
-4.6848,-4.5366
-4.6848,-4.0609
-4.6848,-4.8994
-4.6848,-3.8934
-4.6848,-3.9012
5.2814,5.6006
5.2814,5.4152
5.2814,4.8701
5.2814,5.7879
5.2814,5.6022
5.2814,5.34
5.2814,5.7347
5.2814,5.3472
-0.49923,0.025129
-0.49923,0.39388
-0.49923,-0.09112
-0.49923,0.015531
-0.49923,-0.6866
-0.49923,0.16315
-0.49923,0.27963
-0.49923,-0.60174
-0.49923,-0.97469
6.2265,6.4422
6.2265,5.6006
6.2265,5.4152
6.2265,7.1285
6.2265,5.7879
6.2265,6.0119
6.2265,6.2688
6.2265,7.0112
6.2265,6.4997
6.2265,6.5689
6.2265,5.7347
6.2265,6.7621
7.7742,7.3403
7.7742,7.0412
-4.5366,-4.9918
-4.5366,-5.282
-4.5366,-3.8042
-4.5366,-4.3981
-4.5366,-4.1488
-4.5366,-4.2634
-4.5366,-4.2234
-4.5366,-4.3469
-4.5366,-4.6324
-4.5366,-4.6848
-4.5366,-4.0609
-4.5366,-3.6764
-4.5366,-4.9598
-4.5366,-4.8994
-4.5366,-4.8201
-4.5366,-3.9012
-3.7095,-3.0391
-3.7095,-4.1488
-3.7095,-4.3469
-3.7095,-3.2517
-3.7095,-2.83
-3.7095,-3.8934
6.4997,5.6006
6.4997,7.1285
6.4997,5.7879
6.4997,5.6022
6.4997,6.0119
6.4997,6.2688
6.4997,7.0112
6.4997,6.2265
6.4997,6.5689
6.4997,5.7347
6.4997,6.7621
6.4997,6.3174
-1.2583,-1.9098
-1.2583,-0.6486
-1.2583,-0.86833
-1.2583,-0.83649
-1.2583,-0.61925
-1.2583,-0.91176
-1.2583,-1.6903
-1.2583,-1.7385
-5.7915,-6.2294
-5.7915,-4.8664
-5.7915,-6.514
-5.7915,-6.6818
-5.7915,-5.3304
-5.7915,-5.0381
-5.7915,-6.4141
-5.7915,-5.4543
-5.7915,-6.1726
-5.7915,-5.8737
-5.7915,-5.5599
-5.7915,-5.6077
5.34,4.9402
5.34,5.4375
5.34,5.6006
5.34,5.8599
5.34,5.6022
5.34,5.2814
5.34,5.7347
5.34,5.3472
0.80569,0.025129
0.80569,1.2044
0.80569,0.39388
0.80569,0.97463
0.80569,0.015531
0.80569,0.16315
0.80569,0.99929
0.80569,0.26812
0.80569,0.27963
-7.6379,-7.5447
6.5689,6.1296
6.5689,5.6006
6.5689,7.1285
6.5689,6.7
6.5689,5.6022
6.5689,6.2688
6.5689,6.2265
6.5689,6.4997
6.5689,5.7347
6.5689,6.3174
4.4068,5.147
4.4068,5.1992
4.4068,4.7279
4.4068,4.9638
4.4068,4.779
-4.0609,-3.8042
-4.0609,-4.3981
-4.0609,-4.6311
-4.0609,-4.2634
-4.0609,-4.2234
-4.0609,-4.3101
-4.0609,-4.6324
-4.0609,-3.622
-4.0609,-4.6848
-4.0609,-4.5366
-4.0609,-3.6764
-4.0609,-4.0006
-4.0609,-4.8994
-4.0609,-4.8201
-4.0609,-3.9012
-4.0609,-3.3119
0.99929,1.2044
0.99929,0.39388
0.99929,0.50679
0.99929,1.0881
0.99929,0.80569
0.99929,0.26812
0.99929,0.083933
0.99929,0.27204
0.26812,0.025129
0.26812,1.2044
0.26812,0.39388
0.26812,0.015531
0.26812,-0.6866
0.26812,0.50679
0.26812,1.0881
0.26812,0.80569
0.26812,0.99929
0.26812,0.19112
0.26812,0.27963
0.26812,-0.6625
0.26812,0.083933
0.26812,0.27204
0.26812,-0.60174
0.81318,0.94746
0.81318,0.64652
0.81318,1.7017
0.81318,0.10765
0.81318,1.1971
6.1656,6.7471
6.1656,5.7333
6.1656,6.7868
0.19112,-0.34925
0.19112,0.73914
0.19112,-0.68745
0.19112,0.50679
0.19112,0.26812
0.19112,0.083933
0.19112,0.27204
0.19112,0.16463
0.19112,-0.38167
-3.6764,-3.8042
-3.6764,-4.3981
-3.6764,-4.2634
-3.6764,-4.2234
-3.6764,-4.3101
-3.6764,-3.622
-3.6764,-4.5366
-3.6764,-4.0609
-3.6764,-4.0006
-3.6764,-3.9012
-3.6764,-3.3119
-4.0006,-4.6311
-4.0006,-4.2234
-4.0006,-4.3101
-4.0006,-4.0609
-4.0006,-3.6764
-4.0006,-4.8201
-4.0006,-3.9012
-5.4543,-6.2294
-5.4543,-4.8664
-5.4543,-5.4653
-5.4543,-5.7502
-5.4543,-6.4185
-5.4543,-4.6876
-5.4543,-5.3304
-5.4543,-6.4141
-5.4543,-5.7915
-5.4543,-6.2641
-5.4543,-5.5599
-6.2641,-6.2294
-6.2641,-6.4329
-6.2641,-6.514
-6.2641,-5.4653
-6.2641,-5.7502
-6.2641,-6.4185
-6.2641,-5.3304
-6.2641,-6.4141
-6.2641,-5.4543
-6.2641,-6.4999
-6.2641,-6.1487
-6.2641,-5.5599
-6.2641,-6.6511
0.73088,1.0295
0.73088,0.26989
0.73088,1.6601
0.73088,0.57558
0.73088,-0.074472
-4.9598,-5.282
-4.9598,-4.3981
-4.9598,-4.6311
-4.9598,-4.2234
-4.9598,-4.3101
-4.9598,-4.6324
-4.9598,-5.0516
-4.9598,-5.2677
-4.9598,-4.5366
-4.9598,-4.8994
-4.9598,-4.8201
0.27963,0.025129
0.27963,0.39388
0.27963,-0.09112
0.27963,0.97463
0.27963,0.015531
0.27963,0.16315
0.27963,-0.49923
0.27963,0.80569
0.27963,0.26812
6.5395,5.8335
6.5395,7.0412
6.5395,6.7868
-0.6625,-1.4949
-0.6625,0.015531
-0.6625,-0.6866
-0.6625,-0.68745
-0.6625,-1.4828
-0.6625,0.26812
-0.6625,0.083933
-0.6625,0.27204
-0.6625,-1.0707
-0.6625,-0.60174
-0.6625,-0.38167
-1.6499,-1.4698
-1.6499,-1.4949
-1.6499,-1.4828
-1.6499,-1.0707
-1.6499,-2.3531
-1.6499,-2.4205
-1.6499,-2.5032
-6.1726,-6.2294
-6.1726,-6.514
-6.1726,-6.6818
-6.1726,-6.4185
-6.1726,-6.4141
-6.1726,-5.7915
-6.1726,-5.8737
-6.1726,-5.5599
-6.1726,-6.6511
0.083933,-0.34925
0.083933,0.025129
0.083933,0.73914
0.083933,0.39388
0.083933,0.015531
0.083933,-0.6866
0.083933,0.50679
0.083933,0.99929
0.083933,0.26812
0.083933,0.19112
0.083933,-0.6625
0.083933,0.27204
0.083933,-0.60174
0.083933,-0.38167
5.745,5.4375
5.745,5.9286
5.745,6.4458
5.745,5.8599
5.745,5.5515
5.745,6.1276
-5.8737,-6.6818
-5.8737,-5.0381
-5.8737,-6.4141
-5.8737,-5.7915
-5.8737,-6.1726
-5.8737,-5.5599
-5.8737,-5.6077
-4.8994,-4.9918
-4.8994,-5.282
-4.8994,-5.6763
-4.8994,-4.3981
-4.8994,-4.2634
-4.8994,-4.2234
-4.8994,-4.6324
-4.8994,-5.2677
-4.8994,-4.6848
-4.8994,-4.5366
-4.8994,-4.0609
-4.8994,-4.9598
-4.8994,-4.8201
4.3028,4.7005
4.3028,4.779
-3.8934,-3.8042
-3.8934,-3.0391
-3.8934,-4.1488
-3.8934,-4.2634
-3.8934,-4.3469
-3.8934,-3.622
-3.8934,-3.2517
-3.8934,-4.6848
-3.8934,-3.7095
-3.8934,-3.3119
0.27204,-0.34925
0.27204,0.73914
0.27204,0.39388
0.27204,0.015531
0.27204,0.50679
0.27204,1.0881
0.27204,0.99929
0.27204,0.26812
0.27204,0.19112
0.27204,-0.6625
0.27204,0.083933
0.27204,-0.60174
0.27204,-0.38167
5.624,5.1992
5.624,5.7668
5.624,4.779
5.624,5.277
5.624,6.1483
-1.6903,-1.9098
-1.6903,-0.86833
-1.6903,-1.2583
-1.6903,-1.9391
-1.6903,-2.4886
-1.6903,-1.7385
1.5034,1.0295
1.5034,2.4505
1.5034,1.6601
1.5034,0.64652
1.5034,1.7017
1.5034,1.1971
6.3806,6.1769
6.3806,5.5983
6.3806,5.7668
6.3806,5.9184
6.3806,5.7414
6.3806,6.1483
5.7347,6.1296
5.7347,5.4375
5.7347,5.6006
5.7347,5.8599
5.7347,5.7879
5.7347,5.6022
5.7347,6.0119
5.7347,6.2688
5.7347,5.2814
5.7347,6.2265
5.7347,6.4997
5.7347,5.34
5.7347,6.5689
5.7347,5.3472
5.7347,6.3174
-1.0707,-1.4698
-1.0707,-0.34925
-1.0707,-1.3076
-1.0707,-1.4949
-1.0707,-0.68745
-1.0707,-0.6625
-1.0707,-1.6499
-1.0707,-0.60174
-1.0707,-1.4144
-1.0707,-0.38167
-4.8201,-5.282
-4.8201,-4.3981
-4.8201,-4.6311
-4.8201,-4.2634
-4.8201,-4.2234
-4.8201,-4.3101
-4.8201,-4.6324
-4.8201,-5.0516
-4.8201,-5.2677
-4.8201,-4.5366
-4.8201,-4.0609
-4.8201,-4.0006
-4.8201,-4.9598
-4.8201,-4.8994
-2.3531,-1.4698
-2.3531,-1.6499
-2.3531,-2.5032
-4.5756,-5.0381
-1.9391,-1.6048
-1.9391,-2.83
-1.9391,-1.6903
-1.9391,-2.4886
-1.9391,-1.7385
-6.4999,-6.4329
-6.4999,-5.7502
-6.4999,-6.4185
-6.4999,-7.276
-6.4999,-6.9604
-6.4999,-6.2641
-6.4999,-6.1487
-2.4205,-1.5817
-2.4205,-1.4949
-2.4205,-1.4828
-2.4205,-1.6499
-2.4205,-2.5032
-3.9012,-3.8042
-3.9012,-4.3981
-3.9012,-4.2634
-3.9012,-4.2234
-3.9012,-4.3101
-3.9012,-4.6324
-3.9012,-3.622
-3.9012,-4.6848
-3.9012,-4.5366
-3.9012,-4.0609
-3.9012,-3.6764
-3.9012,-4.0006
-3.9012,-3.3119
6.7868,6.7471
6.7868,7.3403
6.7868,7.0412
6.7868,6.1656
6.7868,6.5395
-0.074472,-0.30562
-0.074472,-0.83649
-0.074472,0.26989
-0.074472,-0.61925
-0.074472,-0.2714
-0.074472,-0.91176
-0.074472,0.73088
-6.1487,-6.4329
-6.1487,-5.4653
-6.1487,-5.7502
-6.1487,-6.9604
-6.1487,-6.2641
-6.1487,-6.4999
-0.60174,0.025129
-0.60174,-1.4949
-0.60174,0.015531
-0.60174,-0.6866
-0.60174,-0.68745
-0.60174,-1.4828
-0.60174,-0.49923
-0.60174,0.26812
-0.60174,-0.6625
-0.60174,0.083933
-0.60174,0.27204
-0.60174,-1.0707
-0.60174,-0.38167
-0.60174,-0.97469
0.16463,-0.34925
0.16463,-0.51349
0.16463,0.73914
0.16463,0.19112
0.16463,-0.38167
-1.4144,-1.4698
-1.4144,-0.51349
-1.4144,-1.3076
-1.4144,-1.0707
-5.5599,-6.2294
-5.5599,-4.8664
-5.5599,-5.4653
-5.5599,-4.6876
-5.5599,-5.3304
-5.5599,-5.0381
-5.5599,-6.4141
-5.5599,-5.7915
-5.5599,-5.4543
-5.5599,-6.2641
-5.5599,-6.1726
-5.5599,-5.8737
-2.4886,-3.0391
-2.4886,-1.9098
-2.4886,-3.2517
-2.4886,-2.83
-2.4886,-1.6903
-2.4886,-1.9391
-2.4886,-1.7385
-6.6511,-6.2294
-6.6511,-6.4329
-6.6511,-6.514
-6.6511,-6.6818
-6.6511,-6.4185
-6.6511,-7.276
-6.6511,-7.3851
-6.6511,-6.4141
-6.6511,-6.2641
-6.6511,-6.1726
-0.38167,-0.34925
-0.38167,-0.68745
-0.38167,0.50679
-0.38167,0.19112
-0.38167,-0.6625
-0.38167,0.083933
-0.38167,0.27204
-0.38167,-1.0707
-0.38167,-0.60174
-0.38167,0.16463
5.5515,6.1296
5.5515,4.9402
5.5515,5.4375
5.5515,5.8599
5.5515,5.745
5.5515,6.1276
0.10765,0.18203
0.10765,0.64652
0.10765,0.81318
-3.3119,-3.8042
-3.3119,-3.0391
-3.3119,-2.7632
-3.3119,-4.2634
-3.3119,-3.622
-3.3119,-4.0609
-3.3119,-3.6764
-3.3119,-3.8934
-3.3119,-3.9012
5.3472,4.9402
5.3472,5.4375
5.3472,5.6006
5.3472,4.8701
5.3472,5.7879
5.3472,5.6022
5.3472,6.2688
5.3472,5.2814
5.3472,5.34
5.3472,5.7347
6.1483,6.1769
6.1483,5.3855
6.1483,5.5983
6.1483,5.7668
6.1483,5.624
6.1483,6.3806
-5.6077,-5.0381
-5.6077,-5.7915
-5.6077,-5.8737
-2.5032,-1.4949
-2.5032,-1.6499
-2.5032,-2.3531
-2.5032,-2.4205
-0.97469,-1.5817
-0.97469,-0.6866
-0.97469,-1.4828
-0.97469,-0.49923
-0.97469,-0.60174
1.1971,1.0295
1.1971,0.94746
1.1971,0.64652
1.1971,1.7017
1.1971,0.81318
1.1971,1.5034
6.1276,6.1296
6.1276,6.4458
6.1276,5.8599
6.1276,6.7
6.1276,5.745
6.1276,5.5515
6.7621,6.4422
6.7621,6.2253
6.7621,7.1285
6.7621,6.0119
6.7621,6.2688
6.7621,7.5358
6.7621,7.0112
6.7621,6.2265
6.7621,6.4997
-1.7385,-0.86833
-1.7385,-1.6048
-1.7385,-1.2583
-1.7385,-1.6903
-1.7385,-1.9391
-1.7385,-2.4886
6.3174,6.1296
6.3174,5.4375
6.3174,5.6006
6.3174,5.8599
6.3174,6.7
6.3174,5.6022
6.3174,6.2688
6.3174,6.4997
6.3174,6.5689
6.3174,5.7347
