-2.2724,-3.0504
-2.2724,-2.9568
-2.2724,-2.057
-6.5171,-6.1591
-6.5171,-6.1822
-6.5171,-6.903
-6.5171,-5.8426
-6.5171,-7.2688
-6.5171,-5.7465
-6.5171,-6.3276
-6.5171,-5.9024
-4.0078,-3.0281
-4.0078,-4.6866
-4.0078,-4.8508
-4.0078,-3.6746
-4.0078,-3.5401
-4.0078,-4.2066
-5.2675,-5.0951
-5.2675,-5.2858
-5.2675,-5.4902
-5.2675,-5.7465
-5.2675,-5.6435
-5.2675,-4.6866
-5.2675,-4.9856
-5.2675,-4.8508
-5.2675,-4.4202
-5.2675,-4.859
-5.2675,-6.0364
-5.2675,-5.2714
1.5529,1.7355
1.5529,2.3183
1.5529,1.2577
1.5529,0.79197
1.5529,1.4358
-4.7141,-4.8283
-4.7141,-4.7637
-4.7141,-3.7787
-4.7141,-4.8539
-4.7141,-4.3322
-4.7141,-5.6259
-4.7141,-4.4192
-4.7141,-5.5161
-4.8209,-4.0356
-4.8209,-4.8283
-4.8209,-4.2726
-4.8209,-4.6566
-4.8209,-4.8539
-4.8209,-4.3029
-4.8209,-5.1491
-5.0951,-5.2675
-5.0951,-5.4902
-5.0951,-5.7465
-5.0951,-5.6435
-5.0951,-4.6866
-5.0951,-4.9856
-5.0951,-4.4202
-5.0951,-4.859
-5.0951,-5.2714
4.9274,4.8627
4.9274,5.6877
4.9274,5.8107
-3.5167,-4.0356
-3.5167,-3.1786
-3.5167,-3.0504
-3.5167,-3.9927
-3.5167,-3.074
-3.5167,-4.2726
-3.5167,-4.0659
-3.5167,-2.9568
-3.5167,-3.8076
-3.5167,-4.3029
6.1087,5.6696
6.1087,5.6877
6.1087,6.6755
6.1087,5.292
6.1087,5.8107
6.1087,5.3919
6.1087,6.4404
6.1087,5.7404
6.1087,6.7611
6.1087,6.4443
-5.7336,-5.2858
-5.7336,-4.9023
-5.7336,-6.0364
-6.1591,-6.5171
-6.1591,-6.1822
-6.1591,-6.903
-6.1591,-5.8426
-6.1591,-5.5218
-6.1591,-5.7465
-6.1591,-6.3276
-6.1591,-5.2123
-6.1591,-5.4452
-6.1591,-5.9024
6.4698,6.0629
6.4698,7.2397
6.4698,6.2275
6.4698,6.9479
6.4698,6.5363
3.7253,4.6248
3.7253,4.5672
3.7253,4.5855
5.6696,6.1087
5.6696,6.2275
5.6696,5.292
5.6696,5.3919
5.6696,5.5304
5.6696,4.9731
5.6696,5.7404
5.6696,6.4443
-4.0356,-4.8209
-4.0356,-3.5167
-4.0356,-3.1786
-4.0356,-3.9927
-4.0356,-4.2726
-4.0356,-3.7787
-4.0356,-4.8539
-4.0356,-3.8076
-4.0356,-4.3029
-4.0356,-4.4192
7.5029,6.7689
-3.1786,-3.5167
-3.1786,-4.0356
-3.1786,-3.4728
-3.1786,-3.0504
-3.1786,-3.7787
-3.1786,-3.6203
-3.1786,-2.9837
-3.1786,-2.9568
-3.1786,-3.8076
-3.1786,-2.3969
6.4315,5.7594
6.4315,7.0312
6.4315,7.2099
6.4315,6.2042
6.4315,6.5053
-3.0281,-4.0078
-3.0281,-3.5401
-6.1822,-6.5171
-6.1822,-6.1591
-6.1822,-6.903
-6.1822,-5.8426
-6.1822,-5.7465
-6.1822,-5.6435
-6.1822,-6.3276
-6.1822,-6.3764
-6.1822,-5.4452
-6.1822,-5.2714
-1.0546,-0.68335
-1.0546,-1.2237
-1.0546,-0.94589
-1.0546,-1.8505
-1.0546,-0.99395
-1.0546,-0.74781
-1.0546,-0.37036
-0.68335,-1.0546
-0.68335,-1.2237
-0.68335,-0.94589
-0.68335,0.0738
-0.68335,0.075634
-0.68335,-0.11124
-0.68335,-0.74781
-0.68335,-0.015595
-0.68335,-0.37036
1.195,1.1913
1.195,1.7355
1.195,0.82701
1.195,2.1446
1.195,1.4358
4.236,4.8329
4.236,4.9546
4.236,4.5855
-4.8341,-5.5218
-4.8341,-4.9856
-4.8341,-4.4935
-4.8341,-5.2123
-4.8341,-5.4452
2.6014,1.7355
2.6014,2.3183
6.3849,6.7367
6.3849,6.8931
6.3849,5.6428
-4.8283,-4.7141
-4.8283,-4.8209
-4.8283,-4.7637
-4.8283,-4.8539
-4.8283,-4.3322
-4.8283,-5.6259
-4.8283,-4.3029
-4.8283,-4.4192
-1.2237,-1.0546
-1.2237,-0.68335
-1.2237,-0.41665
-1.2237,-0.74781
-1.2237,-0.43283
-1.2237,-0.37036
4.5255,4.8627
4.5255,5.292
4.5255,5.3919
4.5255,4.9731
6.0629,6.4698
6.0629,6.2275
6.0629,5.5304
6.0629,5.275
4.8329,4.236
4.8329,5.4152
4.8329,4.6248
4.8329,5.6912
4.8329,5.6353
4.8329,4.8741
4.8329,4.9546
4.8329,4.5855
-3.6702,-3.4728
-3.6702,-3.6203
-2.6128,-3.4728
-2.6128,-2.3969
1.1913,1.195
1.1913,0.83279
1.1913,0.35657
-3.4728,-3.1786
-3.4728,-3.6702
-3.4728,-2.6128
-3.4728,-3.7787
-3.4728,-3.6203
-3.4728,-4.3322
-3.4728,-2.9837
1.7355,1.5529
1.7355,1.195
1.7355,2.6014
1.7355,2.1446
1.7355,1.4358
-0.94589,-1.0546
-0.94589,-0.68335
-0.94589,-1.8505
-0.94589,-0.11124
-0.94589,-0.99395
-0.94589,-0.38302
-0.94589,-0.015595
-3.0504,-2.2724
-3.0504,-3.5167
-3.0504,-3.1786
-3.0504,-3.074
-3.0504,-2.9837
-3.0504,-2.9568
-3.0504,-3.8076
6.3697,5.6671
6.3697,5.7594
6.3697,7.0312
6.3697,6.388
6.3697,5.6353
6.3697,6.5053
4.8627,4.9274
4.8627,4.5255
4.8627,5.6877
4.8627,5.292
4.8627,5.3919
7.2397,6.4698
7.2397,6.9479
7.2397,6.5363
5.6877,4.9274
5.6877,6.1087
5.6877,4.8627
5.6877,5.292
5.6877,5.8107
5.6877,5.3919
5.6877,6.4404
5.6877,5.7404
2.0335,1.2235
2.0335,1.1141
2.0335,1.4851
-5.2858,-5.2675
-5.2858,-5.7336
-5.2858,-5.4902
-5.2858,-4.6866
-5.2858,-4.8508
-5.2858,-6.0364
-6.903,-6.5171
-6.903,-6.1591
-6.903,-6.1822
-6.903,-7.2688
-6.903,-6.3276
5.4152,4.8329
5.4152,5.6671
5.4152,6.388
5.4152,5.6912
5.4152,5.6353
5.4152,4.8741
5.4152,4.9546
5.4152,4.5855
-0.74269,-0.52077
-0.74269,0.02421
-0.74269,-1.5016
-0.74269,-1.291
-0.74269,-1.535
-0.74269,-0.36713
-0.74269,-1.139
-5.8426,-6.5171
-5.8426,-6.1591
-5.8426,-6.1822
-5.8426,-5.7465
-5.8426,-5.6435
-5.8426,-4.9856
-5.8426,-6.3276
-5.8426,-5.2123
-5.8426,-6.3764
-5.8426,-5.4452
-5.8426,-5.9024
-5.8426,-5.2714
-0.52077,-0.74269
-0.52077,0.02421
-0.52077,-1.4731
0.88026,1.5668
0.88026,0.11506
0.88026,0.43809
0.88026,1.3087
0.88026,0.82512
0.88026,0.49786
5.3683,5.6671
5.3683,5.2148
5.3683,4.6248
5.3683,5.7594
5.3683,6.2042
5.3683,5.6353
5.3683,4.8741
5.3683,4.5672
5.6671,6.3697
5.6671,5.4152
5.6671,5.3683
5.6671,5.7594
5.6671,5.6353
5.6671,4.8741
5.6671,6.5053
7.0802,6.2275
7.0802,6.9479
7.0802,6.4443
-5.4902,-5.2675
-5.4902,-5.0951
-5.4902,-5.2858
-5.4902,-5.7465
-5.4902,-5.6435
-5.4902,-4.6866
-5.4902,-4.9856
-5.4902,-4.8508
-5.4902,-4.859
-5.4902,-6.3764
-5.4902,-6.0364
-5.4902,-5.2714
-3.9927,-3.5167
-3.9927,-4.0356
-3.9927,-4.2726
-3.9927,-4.6566
-3.9927,-4.0659
-3.074,-3.5167
-3.074,-3.0504
6.6755,6.1087
6.6755,5.7404
6.6755,6.7611
6.6755,6.4443
-5.5218,-6.1591
-5.5218,-4.8341
-5.5218,-6.1701
-5.5218,-6.3276
-5.5218,-5.2123
-5.5218,-5.4452
-5.5218,-5.9024
0.02421,-0.74269
0.02421,-0.52077
0.02421,0.33505
0.02421,-0.36713
0.02421,0.014568
-4.9023,-5.7336
-4.9023,-4.2066
0.49011,-0.13503
0.49011,0.82701
0.49011,0.79197
0.49011,1.4358
0.49011,-0.12964
-4.7637,-4.7141
-4.7637,-4.8283
-4.7637,-4.3322
-4.7637,-5.5161
0.25191,0.75648
0.25191,0.80977
0.25191,0.0738
0.25191,0.4044
0.25191,0.075634
0.25191,1.2235
0.25191,-0.11124
0.25191,1.1141
0.25191,-0.015595
0.83279,1.1913
0.83279,0.33505
0.83279,0.014568
-7.2688,-6.5171
-7.2688,-6.903
-7.2688,-6.3276
-7.2688,-6.8314
0.75648,0.25191
0.75648,0.80977
0.75648,0.0738
0.75648,0.4044
0.75648,0.075634
0.75648,1.3087
0.75648,1.2235
0.75648,-0.11124
0.75648,0.82512
0.75648,0.49786
0.75648,1.1141
0.75648,-0.015595
0.75648,1.4851
1.5668,0.88026
1.5668,1.3087
1.5668,1.4851
-1.5016,-0.74269
-1.5016,-1.2789
-1.5016,-1.291
-1.5016,-2.0649
-1.5016,-1.535
-1.5016,-2.3969
-1.5016,-1.4731
-1.5016,-2.057
-1.5016,-1.139
-0.41665,-1.2237
-0.41665,0.11506
-0.41665,0.43809
-0.41665,0.075634
-0.41665,0.49786
-0.41665,-0.74781
-0.41665,-0.43283
-0.41665,-0.37036
-5.7465,-6.5171
-5.7465,-5.2675
-5.7465,-5.0951
-5.7465,-6.1591
-5.7465,-6.1822
-5.7465,-5.8426
-5.7465,-5.4902
-5.7465,-5.6435
-5.7465,-4.9856
-5.7465,-4.859
-5.7465,-5.2123
-5.7465,-6.3764
-5.7465,-5.4452
-5.7465,-5.2714
5.547,5.6428
5.547,6.551
-4.9853,-4.2726
-4.9853,-4.6566
-4.9853,-4.0659
-1.2789,-1.5016
-1.2789,-1.1724
-1.2789,-1.291
-1.2789,-0.36713
-1.2789,-0.34942
-1.2789,-2.057
-1.2789,-0.82559
-1.2789,-1.139
6.2275,6.4698
6.2275,5.6696
6.2275,6.0629
6.2275,7.0802
6.2275,5.5304
6.2275,6.9479
6.2275,5.7404
6.2275,6.4443
5.292,6.1087
5.292,5.6696
5.292,4.5255
5.292,4.8627
5.292,5.6877
5.292,5.8107
5.292,5.3919
5.292,5.7404
-0.13503,0.49011
-0.13503,0.82701
-4.2726,-4.8209
-4.2726,-3.5167
-4.2726,-4.0356
-4.2726,-3.9927
-4.2726,-4.9853
-4.2726,-4.6566
-4.2726,-4.0659
-4.2726,-3.8076
-4.2726,-4.3029
5.8107,4.9274
5.8107,6.1087
5.8107,5.6877
5.8107,5.292
5.8107,6.4404
5.8107,6.7611
5.8107,5.6963
0.52515,1.2577
0.52515,-0.12964
-1.8505,-1.0546
-1.8505,-0.94589
2.3183,1.5529
2.3183,2.6014
-5.6435,-5.2675
-5.6435,-5.0951
-5.6435,-6.1822
-5.6435,-5.8426
-5.6435,-5.4902
-5.6435,-5.7465
-5.6435,-4.9856
-5.6435,-4.859
-5.6435,-6.3764
-5.6435,-6.0364
-5.6435,-5.4452
-5.6435,-5.2714
-1.1724,-1.2789
-1.1724,-1.291
-1.1724,-0.36713
-1.1724,-0.34942
-1.1724,-2.057
-1.1724,-0.82559
-1.1724,-1.139
0.80977,0.25191
0.80977,0.75648
0.80977,0.0738
0.80977,0.3489
0.80977,1.2235
0.11506,0.88026
0.11506,-0.41665
0.11506,0.4044
0.11506,0.43809
0.11506,0.075634
0.11506,0.82512
0.11506,0.49786
0.11506,-0.74781
0.11506,-0.43283
0.11506,-0.37036
5.3919,6.1087
5.3919,5.6696
5.3919,4.5255
5.3919,4.8627
5.3919,5.6877
5.3919,5.292
5.3919,4.9731
5.3919,5.7404
-4.6866,-4.0078
-4.6866,-5.2675
-4.6866,-5.0951
-4.6866,-5.2858
-4.6866,-5.4902
-4.6866,-4.8508
-4.6866,-4.4202
-4.6866,-4.859
-4.6866,-4.2066
-4.6866,-4.0838
0.0738,-0.68335
0.0738,0.25191
0.0738,0.75648
0.0738,0.80977
0.0738,0.3489
0.0738,-0.11124
0.0738,-0.38302
0.0738,-0.015595
5.2148,5.3683
5.2148,5.7594
5.2148,6.2042
5.2148,4.5672
-4.6566,-4.8209
-4.6566,-3.9927
-4.6566,-4.9853
-4.6566,-4.2726
-4.6566,-4.0659
-4.6566,-4.3029
-4.6566,-5.1491
6.1753,6.5363
6.1753,6.7689
-3.7787,-4.7141
-3.7787,-4.0356
-3.7787,-3.1786
-3.7787,-3.4728
-3.7787,-3.6203
-3.7787,-4.3322
-3.7787,-2.9837
-3.7787,-3.8076
-3.7787,-4.3029
-3.7787,-4.4192
4.6248,3.7253
4.6248,4.8329
4.6248,5.3683
4.6248,4.8741
4.6248,4.5672
4.6248,4.5855
-3.6203,-3.1786
-3.6203,-3.6702
-3.6203,-3.4728
-3.6203,-3.7787
-3.6203,-4.3322
-3.6203,-2.9837
-3.6203,-3.8076
-3.6203,-4.4192
1.2577,1.5529
1.2577,0.52515
1.2577,1.4358
5.5304,5.6696
5.5304,6.0629
5.5304,6.2275
5.5304,5.275
5.5304,4.9731
0.4044,0.25191
0.4044,0.75648
0.4044,0.11506
0.4044,0.075634
0.4044,1.3087
0.4044,0.82512
0.4044,0.49786
0.4044,1.1141
0.4044,-0.015595
0.4044,-0.37036
0.82701,1.195
0.82701,0.49011
0.82701,-0.13503
0.82701,0.79197
0.82701,0.35657
6.7367,6.3849
6.8931,6.3849
6.8931,7.5117
6.8931,6.551
6.9479,6.4698
6.9479,7.2397
6.9479,7.0802
6.9479,6.2275
6.4404,6.1087
6.4404,5.6877
6.4404,5.8107
6.4404,6.7611
6.4404,5.6963
5.7594,6.4315
5.7594,6.3697
5.7594,5.3683
5.7594,5.6671
5.7594,5.2148
5.7594,6.2042
5.7594,5.6353
5.7594,6.5053
7.0312,6.4315
7.0312,6.3697
7.0312,7.2099
7.0312,7.4087
7.0312,6.5053
-1.291,-0.74269
-1.291,-1.5016
-1.291,-1.2789
-1.291,-1.1724
-1.291,-2.0649
-1.291,-1.535
-1.291,-0.36713
-1.291,-2.057
-1.291,-1.139
0.43809,0.88026
0.43809,-0.41665
0.43809,0.11506
0.43809,0.49786
0.43809,-0.43283
-2.0649,-1.5016
-2.0649,-1.291
-2.0649,-1.535
-2.0649,-2.9837
-2.0649,-2.9568
-2.0649,-2.3969
-2.0649,-2.057
7.2099,6.4315
7.2099,7.0312
-4.9856,-5.2675
-4.9856,-5.0951
-4.9856,-4.8341
-4.9856,-5.8426
-4.9856,-5.4902
-4.9856,-5.7465
-4.9856,-5.6435
-4.9856,-4.4202
-4.9856,-4.859
-4.9856,-4.4935
-4.9856,-4.1504
-4.9856,-5.2123
-4.9856,-5.4452
-4.9856,-5.2714
0.075634,-0.68335
0.075634,0.25191
0.075634,0.75648
0.075634,-0.41665
0.075634,0.11506
0.075634,0.4044
0.075634,-0.11124
0.075634,0.82512
0.075634,0.49786
0.075634,-0.74781
0.075634,-0.015595
0.075634,-0.37036
0.79197,1.5529
0.79197,0.49011
0.79197,0.82701
0.79197,1.4358
0.33505,0.02421
0.33505,0.83279
0.33505,-0.36713
0.33505,0.014568
2.1446,1.195
2.1446,1.7355
1.3087,0.88026
1.3087,0.75648
1.3087,1.5668
1.3087,0.4044
1.3087,0.82512
1.3087,0.49786
1.3087,1.1141
1.3087,1.4851
-1.535,-0.74269
-1.535,-1.5016
-1.535,-1.291
-1.535,-2.0649
-1.535,-2.3969
-1.535,-1.4731
6.2042,6.4315
6.2042,5.3683
6.2042,5.2148
6.2042,5.7594
-4.8508,-4.0078
-4.8508,-5.2675
-4.8508,-5.2858
-4.8508,-5.4902
-4.8508,-4.6866
-4.8508,-4.4202
-4.8508,-4.2066
-4.8508,-4.0838
1.4358,1.5529
1.4358,1.195
1.4358,1.7355
1.4358,0.49011
1.4358,1.2577
1.4358,0.79197
-4.0659,-3.5167
-4.0659,-3.9927
-4.0659,-4.9853
-4.0659,-4.2726
-4.0659,-4.6566
6.388,6.3697
6.388,5.4152
6.388,5.6912
6.388,5.6353
6.388,6.5053
0.3489,0.80977
0.3489,0.0738
0.3489,-0.38302
5.6912,4.8329
5.6912,5.4152
5.6912,6.388
5.6912,5.6353
5.6912,4.9546
7.5117,6.8931
7.5117,7.7532
-4.8539,-4.7141
-4.8539,-4.8209
-4.8539,-4.0356
-4.8539,-4.8283
-4.8539,-4.3322
-4.8539,-5.6259
-4.8539,-4.3029
-4.8539,-5.1491
-4.8539,-4.4192
-4.3322,-4.7141
-4.3322,-4.8283
-4.3322,-3.4728
-4.3322,-4.7637
-4.3322,-3.7787
-4.3322,-3.6203
-4.3322,-4.8539
-4.3322,-4.4192
5.6353,4.8329
5.6353,6.3697
5.6353,5.4152
5.6353,5.3683
5.6353,5.6671
5.6353,5.7594
5.6353,6.388
5.6353,5.6912
5.6353,4.8741
5.6353,6.5053
-0.36713,-0.74269
-0.36713,0.02421
-0.36713,-1.2789
-0.36713,-1.1724
-0.36713,-1.291
-0.36713,0.33505
-0.36713,0.014568
-0.36713,-0.34942
-0.36713,-1.139
-6.1701,-5.5218
-6.1701,-6.3276
-6.1701,-6.8314
-6.1701,-5.9024
4.8741,4.8329
4.8741,5.4152
4.8741,5.3683
4.8741,5.6671
4.8741,4.6248
4.8741,5.6353
4.8741,4.5672
4.8741,4.5855
1.2235,2.0335
1.2235,0.25191
1.2235,0.75648
1.2235,0.80977
1.2235,1.1141
7.4087,7.0312
7.4087,6.5053
5.275,6.0629
5.275,5.5304
5.275,4.9731
-2.9837,-3.1786
-2.9837,-3.4728
-2.9837,-3.0504
-2.9837,-3.7787
-2.9837,-3.6203
-2.9837,-2.0649
-2.9837,-2.9568
-2.9837,-3.8076
-2.9837,-2.3969
-0.11124,-0.68335
-0.11124,-0.94589
-0.11124,0.25191
-0.11124,0.75648
-0.11124,0.0738
-0.11124,0.075634
-0.11124,-0.38302
-0.11124,-0.015595
-0.11124,-0.37036
-0.99395,-1.0546
-0.99395,-0.94589
-0.99395,-0.38302
0.35657,1.1913
0.35657,0.82701
0.35657,0.17995
0.35657,0.014568
0.35657,-0.34942
5.6428,6.3849
5.6428,5.547
0.82512,0.88026
0.82512,0.75648
0.82512,0.11506
0.82512,0.4044
0.82512,0.075634
0.82512,1.3087
0.82512,0.49786
0.82512,1.1141
0.82512,1.4851
-2.9568,-2.2724
-2.9568,-3.5167
-2.9568,-3.1786
-2.9568,-3.0504
-2.9568,-2.0649
-2.9568,-2.9837
-2.9568,-3.8076
-2.9568,-2.057
-3.8076,-3.5167
-3.8076,-4.0356
-3.8076,-3.1786
-3.8076,-3.0504
-3.8076,-4.2726
-3.8076,-3.7787
-3.8076,-3.6203
-3.8076,-2.9837
-3.8076,-2.9568
-3.8076,-4.3029
-3.8076,-4.4192
-4.4202,-5.2675
-4.4202,-5.0951
-4.4202,-4.6866
-4.4202,-4.9856
-4.4202,-4.8508
-4.4202,-4.859
-4.4202,-4.1504
-4.4202,-3.5401
-4.4202,-4.0838
-6.3276,-6.5171
-6.3276,-6.1591
-6.3276,-6.1822
-6.3276,-6.903
-6.3276,-5.8426
-6.3276,-5.5218
-6.3276,-7.2688
-6.3276,-6.1701
-6.3276,-6.8314
-6.3276,-5.9024
0.17995,0.35657
0.17995,0.014568
0.17995,-0.34942
-5.6259,-4.7141
-5.6259,-4.8283
-5.6259,-4.8539
-5.6259,-5.8839
-5.6259,-5.5161
-0.38302,-0.94589
-0.38302,0.0738
-0.38302,0.3489
-0.38302,-0.11124
-0.38302,-0.99395
7.7532,7.5117
-4.859,-5.2675
-4.859,-5.0951
-4.859,-5.4902
-4.859,-5.7465
-4.859,-5.6435
-4.859,-4.6866
-4.859,-4.9856
-4.859,-4.4202
-4.859,-4.4935
-4.859,-4.1504
-4.859,-5.2123
-4.859,-5.4452
-4.859,-5.2714
-4.859,-4.0838
-4.4935,-4.8341
-4.4935,-4.9856
-4.4935,-4.859
-4.4935,-4.1504
-4.4935,-5.2123
-4.4935,-5.4452
-6.8314,-7.2688
-6.8314,-6.1701
-6.8314,-6.3276
0.49786,0.88026
0.49786,0.75648
0.49786,-0.41665
0.49786,0.11506
0.49786,0.4044
0.49786,0.43809
0.49786,0.075634
0.49786,1.3087
0.49786,0.82512
0.49786,-0.37036
4.9546,4.236
4.9546,4.8329
4.9546,5.4152
4.9546,5.6912
-4.1504,-4.9856
-4.1504,-4.4202
-4.1504,-4.859
-4.1504,-4.4935
-4.1504,-4.0838
-5.8839,-5.6259
-5.8839,-5.1491
4.9731,5.6696
4.9731,4.5255
4.9731,5.3919
4.9731,5.5304
4.9731,5.275
-4.3029,-4.8209
-4.3029,-3.5167
-4.3029,-4.0356
-4.3029,-4.8283
-4.3029,-4.2726
-4.3029,-4.6566
-4.3029,-3.7787
-4.3029,-4.8539
-4.3029,-3.8076
-4.3029,-5.1491
-4.3029,-4.4192
1.1141,2.0335
1.1141,0.25191
1.1141,0.75648
1.1141,0.4044
1.1141,1.3087
1.1141,1.2235
1.1141,0.82512
1.1141,1.4851
5.7404,6.1087
5.7404,5.6696
5.7404,5.6877
5.7404,6.6755
5.7404,6.2275
5.7404,5.292
5.7404,5.3919
5.7404,6.4443
-2.3969,-3.1786
-2.3969,-2.6128
-2.3969,-1.5016
-2.3969,-2.0649
-2.3969,-1.535
-2.3969,-2.9837
0.014568,0.02421
0.014568,0.83279
0.014568,0.33505
0.014568,-0.36713
0.014568,0.35657
0.014568,0.17995
0.014568,-0.34942
6.7611,6.1087
6.7611,6.6755
6.7611,5.8107
6.7611,6.4404
4.5672,3.7253
4.5672,5.3683
4.5672,5.2148
4.5672,4.6248
4.5672,4.8741
4.5672,4.5855
-0.74781,-1.0546
-0.74781,-0.68335
-0.74781,-1.2237
-0.74781,-0.41665
-0.74781,0.11506
-0.74781,0.075634
-0.74781,-0.015595
-0.74781,-0.43283
-0.74781,-0.37036
-5.1491,-4.8209
-5.1491,-4.6566
-5.1491,-4.8539
-5.1491,-5.8839
-5.1491,-4.3029
-3.6746,-4.0078
-5.2123,-6.1591
-5.2123,-4.8341
-5.2123,-5.8426
-5.2123,-5.5218
-5.2123,-5.7465
-5.2123,-4.9856
-5.2123,-4.859
-5.2123,-4.4935
-5.2123,-5.4452
-5.2123,-5.9024
-5.2123,-5.2714
-1.4731,-0.52077
-1.4731,-1.5016
-1.4731,-1.535
-6.3764,-6.1822
-6.3764,-5.8426
-6.3764,-5.4902
-6.3764,-5.7465
-6.3764,-5.6435
-6.3764,-6.0364
-3.5401,-4.0078
-3.5401,-3.0281
-3.5401,-4.4202
-3.5401,-4.2066
-3.5401,-4.0838
-4.4192,-4.7141
-4.4192,-4.0356
-4.4192,-4.8283
-4.4192,-3.7787
-4.4192,-3.6203
-4.4192,-4.8539
-4.4192,-4.3322
-4.4192,-3.8076
-4.4192,-4.3029
5.6963,5.8107
5.6963,6.4404
6.551,5.547
6.551,6.8931
-0.34942,-1.2789
-0.34942,-1.1724
-0.34942,-0.36713
-0.34942,0.35657
-0.34942,0.17995
-0.34942,0.014568
-0.34942,-0.82559
-0.34942,-1.139
-6.0364,-5.2675
-6.0364,-5.7336
-6.0364,-5.2858
-6.0364,-5.4902
-6.0364,-5.6435
-6.0364,-6.3764
-0.015595,-0.68335
-0.015595,-0.94589
-0.015595,0.25191
-0.015595,0.75648
-0.015595,0.0738
-0.015595,0.4044
-0.015595,0.075634
-0.015595,-0.11124
-0.015595,-0.74781
-0.015595,-0.37036
1.4851,2.0335
1.4851,0.75648
1.4851,1.5668
1.4851,1.3087
1.4851,0.82512
1.4851,1.1141
-0.43283,-1.2237
-0.43283,-0.41665
-0.43283,0.11506
-0.43283,0.43809
-0.43283,-0.74781
-0.43283,-0.37036
-5.4452,-6.1591
-5.4452,-6.1822
-5.4452,-4.8341
-5.4452,-5.8426
-5.4452,-5.5218
-5.4452,-5.7465
-5.4452,-5.6435
-5.4452,-4.9856
-5.4452,-4.859
-5.4452,-4.4935
-5.4452,-5.2123
-5.4452,-5.9024
-5.4452,-5.2714
-5.5161,-4.7141
-5.5161,-4.7637
-5.5161,-5.6259
-5.9024,-6.5171
-5.9024,-6.1591
-5.9024,-5.8426
-5.9024,-5.5218
-5.9024,-6.1701
-5.9024,-6.3276
-5.9024,-5.2123
-5.9024,-5.4452
-0.37036,-1.0546
-0.37036,-0.68335
-0.37036,-1.2237
-0.37036,-0.41665
-0.37036,0.11506
-0.37036,0.4044
-0.37036,0.075634
-0.37036,-0.11124
-0.37036,0.49786
-0.37036,-0.74781
-0.37036,-0.015595
-0.37036,-0.43283
-0.12964,0.49011
-0.12964,0.52515
-2.057,-2.2724
-2.057,-1.5016
-2.057,-1.2789
-2.057,-1.1724
-2.057,-1.291
-2.057,-2.0649
-2.057,-2.9568
-2.057,-1.139
4.5855,3.7253
4.5855,4.236
4.5855,4.8329
4.5855,5.4152
4.5855,4.6248
4.5855,4.8741
4.5855,4.5672
6.4443,6.1087
6.4443,5.6696
6.4443,7.0802
6.4443,6.6755
6.4443,6.2275
6.4443,5.7404
-5.2714,-5.2675
-5.2714,-5.0951
-5.2714,-6.1822
-5.2714,-5.8426
-5.2714,-5.4902
-5.2714,-5.7465
-5.2714,-5.6435
-5.2714,-4.9856
-5.2714,-4.859
-5.2714,-5.2123
-5.2714,-5.4452
-4.2066,-4.0078
-4.2066,-4.9023
-4.2066,-4.6866
-4.2066,-4.8508
-4.2066,-3.5401
-4.0838,-4.6866
-4.0838,-4.8508
-4.0838,-4.4202
-4.0838,-4.859
-4.0838,-4.1504
-4.0838,-3.5401
-0.82559,-1.2789
-0.82559,-1.1724
-0.82559,-0.34942
6.5363,6.4698
6.5363,7.2397
6.5363,6.1753
6.5053,6.4315
6.5053,6.3697
6.5053,5.6671
6.5053,5.7594
6.5053,7.0312
6.5053,6.388
6.5053,5.6353
6.5053,7.4087
-1.139,-0.74269
-1.139,-1.5016
-1.139,-1.2789
-1.139,-1.1724
-1.139,-1.291
-1.139,-0.36713
-1.139,-0.34942
-1.139,-2.057
6.7689,7.5029
6.7689,6.1753
