4.3079,5.2067
4.3079,4.5876
4.3079,4.094
4.3079,4.6789
4.3079,4.893
-3.1087,-3.2521
-3.1087,-2.9852
-3.1087,-2.47
-3.1087,-3.8454
-3.1087,-2.2962
-3.1087,-3.6946
-3.1087,-2.3821
-4.8337,-4.2524
-4.8337,-5.3277
-4.8337,-5.6433
-4.8337,-4.5624
-4.8337,-4.8107
-4.8337,-5.0967
-4.8337,-4.1319
-4.8337,-5.6169
-3.2521,-3.1087
-3.2521,-4.2524
-3.2521,-4.0337
-3.2521,-3.6946
-3.2521,-2.3821
3.1116,3.5174
3.1116,3.5575
3.1116,2.4276
3.1116,2.6747
3.1116,3.0736
5.0072,4.7503
5.0072,4.2985
5.0072,4.5756
5.0072,4.5112
5.0072,4.1441
3.8005,4.1129
3.8005,4.2985
3.8005,3.4034
3.8005,3.5993
3.8005,3.7107
3.8005,3.2234
3.8005,4.5756
3.8005,4.5112
3.8005,4.1441
3.8005,3.919
-4.2524,-4.8337
-4.2524,-3.2521
-4.2524,-4.5624
-4.2524,-5.0967
-4.2524,-4.0337
-4.2524,-4.1319
-4.2524,-3.6946
6.0962,5.259
6.0962,5.8266
6.0962,5.1768
4.4741,5.4332
4.4741,4.7503
4.4741,3.6635
4.4741,4.2985
4.4741,5.2526
4.4741,4.7578
4.4741,3.7107
4.4741,4.6789
4.4741,4.1547
4.4741,3.919
6.5451,7.07
6.5451,6.0507
6.5451,5.8266
6.5451,5.8516
6.5451,6.7427
6.5451,5.6992
6.5451,6.2304
-6.4378,-5.6433
-6.4378,-6.2019
-6.4378,-6.1291
-2.9852,-3.1087
-2.9852,-2.47
-2.9852,-2.2928
-2.9852,-3.1273
-2.9852,-3.8454
-2.9852,-2.3279
-2.9852,-2.2962
-2.9852,-3.6946
-1.1573,-1.7759
-1.1573,-0.46743
-1.1573,-1.2617
-1.1573,-1.0374
-1.1573,-1.5938
-1.1573,-1.7537
-0.81204,-0.35288
-0.81204,-1.0573
-0.81204,-1.5441
5.8963,5.1246
5.8963,5.8516
5.8963,6.7427
5.8963,5.6992
5.8963,5.4923
4.1129,3.8005
4.1129,3.5993
4.1129,3.5727
4.1129,3.2234
4.1129,4.5756
4.1129,4.5112
4.1129,4.1441
5.259,6.0962
5.259,5.1768
5.4332,4.4741
5.4332,4.7503
5.4332,6.2483
5.4332,5.2526
5.4332,4.7578
-2.4184,-1.7759
-2.4184,-2.1016
-2.4184,-1.7106
-2.4184,-2.6554
-2.4184,-1.9935
-2.4184,-2.2423
-2.4184,-2.8534
-2.4184,-2.785
-2.4184,-1.5938
-2.4184,-2.1148
-5.3277,-4.8337
-5.3277,-5.6433
-5.3277,-4.5624
-5.3277,-5.0967
-5.3277,-4.979
-5.3277,-5.6169
-5.3277,-6.1291
-2.47,-3.1087
-2.47,-2.9852
-2.47,-2.2928
-2.47,-2.2962
-2.47,-1.4946
-2.47,-2.0362
-2.47,-2.3821
-5.4116,-4.7688
-5.4116,-5.6489
-5.4116,-4.6151
-5.4116,-5.4959
-5.4116,-4.9256
-5.4116,-4.9944
-5.4116,-5.5094
-5.4116,-5.8307
-5.4116,-6.3911
-4.7233,-4.891
-4.7233,-4.7688
-4.7233,-4.3536
-4.7233,-5.1906
-4.7233,-4.5423
-4.7233,-5.4959
-4.7233,-4.0896
-4.7233,-4.9256
-4.7233,-5.3242
-4.7233,-3.9203
3.6967,2.9711
3.6967,3.5174
3.6967,3.297
3.6967,4.3436
-0.35288,-0.81204
-0.35288,-0.19223
-0.35288,-1.0573
-0.35288,-0.96098
-2.2928,-2.9852
-2.2928,-2.47
-2.2928,-3.1273
-2.2928,-2.3279
-2.2928,-2.2962
-2.2928,-1.4946
-2.2928,-1.5081
-2.2928,-1.3994
1.3251,2.1421
1.3251,1.5676
1.3251,1.4977
-8.0301,-8.0518
4.7503,5.0072
4.7503,4.4741
4.7503,5.4332
4.7503,4.2985
4.7503,4.7578
4.7503,4.5112
4.7503,3.919
-6.0744,-5.5094
-6.0744,-6.3911
5.1246,5.8963
5.1246,4.6327
5.1246,4.3436
5.1246,4.8272
5.1246,5.4923
-0.19223,-0.35288
-0.19223,-1.0573
-0.19223,-0.80544
-0.19223,-0.10473
-0.19223,-0.96098
-0.19223,-1.0054
-1.0573,-0.81204
-1.0573,-0.35288
-1.0573,-0.19223
-1.0573,-1.7624
-1.0573,-0.96098
-1.0573,-1.8875
-1.0573,-1.5866
-1.0573,-1.5441
-1.0573,-1.0054
7.6979,8.3837
7.6979,7.2086
6.2483,5.4332
6.2483,7.2086
6.2483,6.4897
2.2452,2.5772
7.9166,8.3837
2.1421,1.3251
2.1421,1.5676
2.1421,1.4977
2.1421,2.4276
2.1421,2.6747
2.1421,2.3004
2.1421,3.0736
-4.4408,-4.6151
-4.4408,-4.9944
-4.4408,-3.8581
3.6635,4.4741
3.6635,3.7107
3.6635,4.094
3.6635,4.1547
-1.7759,-1.1573
-1.7759,-2.4184
-1.7759,-1.7106
-1.7759,-2.6554
-1.7759,-1.9935
-1.7759,-1.2617
-1.7759,-1.0374
-1.7759,-1.5938
-1.7759,-2.1148
-1.7759,-1.7537
7.07,6.5451
7.07,6.2304
-0.46743,-1.1573
-0.46743,-0.80544
-0.46743,-1.2617
-0.46743,-1.0374
6.0507,6.5451
6.0507,5.8266
6.0507,5.8516
6.0507,5.37
6.0507,5.6992
6.0507,6.2304
-4.891,-4.7233
-4.891,-4.3536
-4.891,-5.1906
-4.891,-5.8735
-4.891,-5.3242
-4.891,-3.9468
-5.6433,-4.8337
-5.6433,-6.4378
-5.6433,-5.3277
-5.6433,-5.0967
-5.6433,-5.6169
-5.6433,-6.1291
-3.1273,-2.9852
-3.1273,-2.2928
-3.1273,-3.8454
-3.1273,-2.3279
-1.7624,-1.0573
-1.7624,-2.1016
-1.7624,-1.7106
-1.7624,-1.9935
-1.7624,-0.96098
-1.7624,-2.2423
-1.7624,-1.2617
-1.7624,-1.8875
-1.7624,-1.5866
-1.7624,-1.5441
-1.7624,-1.5938
-1.7624,-1.0054
-1.7624,-2.1148
5.2067,4.3079
5.2067,5.7888
5.2067,5.2526
5.2067,5.4953
5.2067,6.0356
5.2067,5.5923
5.2067,4.6789
5.2067,6.0939
5.2067,5.2754
5.2067,4.893
-3.8454,-3.1087
-3.8454,-2.9852
-3.8454,-3.1273
-3.8454,-4.8107
-3.8454,-4.1319
-3.8454,-3.6946
7.1032,6.3026
7.1032,7.0215
-6.2489,-5.6489
-6.2489,-5.9443
-6.2489,-5.4959
-6.2489,-7.2027
-6.2489,-5.8307
-6.2489,-6.5606
-6.2489,-6.3911
-6.2489,-6.6181
-2.1016,-2.4184
-2.1016,-1.7624
-2.1016,-1.7106
-2.1016,-2.6554
-2.1016,-1.9935
-2.1016,-2.2423
-2.1016,-2.8534
-2.1016,-1.8875
-2.1016,-1.5866
-2.1016,-2.8177
-2.1016,-1.5938
-2.1016,-2.1148
-1.7106,-2.4184
-1.7106,-1.7759
-1.7106,-1.7624
-1.7106,-2.1016
-1.7106,-0.80544
-1.7106,-1.9935
-1.7106,-0.96098
-1.7106,-2.2423
-1.7106,-1.2617
-1.7106,-1.8875
-1.7106,-1.5866
-1.7106,-1.0374
-1.7106,-1.5938
-1.7106,-1.0054
-1.7106,-2.1148
-0.80544,-0.19223
-0.80544,-0.46743
-0.80544,-1.7106
-0.80544,-0.10473
-0.80544,-0.96098
-0.80544,-1.2617
-0.80544,-1.0374
-0.80544,-1.5938
-0.80544,-1.0054
-4.5624,-4.8337
-4.5624,-4.2524
-4.5624,-5.3277
-4.5624,-4.8107
-4.5624,-5.0967
-4.5624,-4.0337
-4.5624,-4.1319
-4.5624,-3.6946
4.2985,5.0072
4.2985,3.8005
4.2985,4.4741
4.2985,4.7503
4.2985,3.4034
4.2985,4.7578
4.2985,3.7107
4.2985,4.5112
4.2985,4.1547
4.2985,4.1441
4.2985,3.919
3.0066,3.4034
3.0066,2.6366
3.0066,3.7107
3.0066,3.2234
3.0066,3.919
5.8266,6.0962
5.8266,6.5451
5.8266,6.0507
5.8266,5.37
5.8266,5.6992
5.8266,5.0394
5.8266,5.1768
5.8266,6.2304
-1.4444,-2.2962
-1.4444,-0.71788
-1.4444,-1.4946
-1.4444,-1.4343
-1.4444,-1.5081
-1.4444,-2.0362
-1.4444,-2.3821
6.3026,7.1032
6.3026,5.5387
6.3026,5.5923
6.3026,6.0939
6.3026,6.2921
-6.3132,-5.8129
-6.3132,-5.449
-6.3132,-6.2019
2.9711,3.6967
2.9711,3.5174
2.9711,3.297
2.9711,2.5772
2.9711,2.6747
2.9711,2.3004
2.9711,3.0736
8.3837,7.6979
8.3837,7.9166
-4.7688,-5.4116
-4.7688,-4.7233
-4.7688,-5.6489
-4.7688,-4.6151
-4.7688,-4.3536
-4.7688,-5.1906
-4.7688,-4.5423
-4.7688,-5.4959
-4.7688,-4.0896
-4.7688,-4.9256
-4.7688,-5.3242
-4.7688,-3.9203
5.5387,6.3026
5.5387,4.5876
5.5387,5.5923
5.5387,5.2754
-2.3279,-2.9852
-2.3279,-2.2928
-2.3279,-3.1273
-2.3279,-1.3994
-5.6489,-5.4116
-5.6489,-6.2489
-5.6489,-4.7688
-5.6489,-5.9443
-5.6489,-5.4959
-5.6489,-4.9256
-5.6489,-4.9944
-5.6489,-5.3242
-5.6489,-5.5094
-5.6489,-5.8307
-5.6489,-6.5606
-5.6489,-6.3911
-9.0482,-8.7957
-9.0482,-8.4084
-9.0482,-8.9723
5.7888,5.2067
5.7888,5.2526
5.7888,5.4953
5.7888,6.4897
5.7888,6.0356
5.7888,6.0939
5.7888,5.2754
5.7888,6.2921
-5.8129,-6.3132
-5.8129,-5.449
-5.8129,-5.0967
-5.8129,-4.979
-5.8129,-6.2019
-5.8129,-6.1291
-2.2962,-3.1087
-2.2962,-2.9852
-2.2962,-2.47
-2.2962,-2.2928
-2.2962,-1.4444
-2.2962,-1.4946
-2.2962,-1.5081
-2.2962,-2.0362
-2.2962,-2.3821
-8.7957,-9.0482
-8.7957,-8.4084
-8.7957,-8.9723
-8.7957,-8.0518
-0.71788,-1.4444
-0.71788,-1.4946
-0.71788,-1.5081
-0.71788,-0.4579
5.2526,4.4741
5.2526,5.4332
5.2526,5.2067
5.2526,5.7888
5.2526,5.4953
5.2526,4.7578
5.2526,4.6789
4.6327,5.1246
4.6327,5.37
4.6327,4.9899
4.6327,3.9724
4.6327,4.8272
4.6327,5.4923
4.6327,4.2597
5.8516,6.5451
5.8516,5.8963
5.8516,6.0507
5.8516,6.7427
5.8516,5.37
5.8516,5.6992
5.8516,5.4923
3.5174,3.1116
3.5174,3.6967
3.5174,2.9711
3.5174,2.6747
3.5174,3.0736
3.4034,3.8005
3.4034,4.2985
3.4034,3.0066
3.4034,2.6366
3.4034,3.5993
3.4034,3.7107
3.4034,3.2234
3.4034,3.919
6.7427,6.5451
6.7427,5.8963
6.7427,5.8516
-3.4075,-3.6833
-3.4075,-3.7443
-3.4075,-3.0502
-3.4075,-4.0896
-3.4075,-3.9203
-3.4075,-3.8581
-4.6151,-5.4116
-4.6151,-4.4408
-4.6151,-4.7688
-4.6151,-3.6833
-4.6151,-4.5423
-4.6151,-4.0896
-4.6151,-4.9256
-4.6151,-4.9944
-4.6151,-3.8581
1.5676,1.3251
1.5676,2.1421
1.5676,2.3004
-1.4946,-2.47
-1.4946,-2.2928
-1.4946,-1.4444
-1.4946,-2.2962
-1.4946,-0.71788
-1.4946,-1.5081
-1.4946,-2.0362
-1.4946,-1.3994
5.4953,5.2067
5.4953,5.7888
5.4953,5.2526
5.4953,6.0356
5.4953,4.6789
-4.3536,-4.7233
-4.3536,-4.891
-4.3536,-4.7688
-4.3536,-5.1906
-4.3536,-4.5423
-4.3536,-3.7443
-4.3536,-4.0896
-4.3536,-3.9203
-4.3536,-3.9468
-5.1906,-4.7233
-5.1906,-4.891
-5.1906,-4.7688
-5.1906,-4.3536
-5.1906,-5.9443
-5.1906,-5.8735
-5.1906,-5.4959
-5.1906,-4.9256
-5.1906,-5.3242
-2.6554,-2.4184
-2.6554,-1.7759
-2.6554,-2.1016
-2.6554,-1.9935
-2.6554,-2.2423
-2.6554,-3.4196
-2.6554,-2.8534
-2.6554,-2.785
-2.6554,-2.1148
5.37,6.0507
5.37,5.8266
5.37,4.6327
5.37,5.8516
5.37,5.6992
5.37,5.0394
5.37,4.9899
5.37,5.4923
-3.6833,-3.4075
-3.6833,-4.6151
-3.6833,-4.5423
-3.6833,-3.7443
-3.6833,-4.0896
-3.6833,-3.9203
-3.6833,-3.8581
-4.5423,-4.7233
-4.5423,-4.7688
-4.5423,-4.6151
-4.5423,-4.3536
-4.5423,-3.6833
-4.5423,-3.7443
-4.5423,-5.4959
-4.5423,-4.0896
-4.5423,-4.9256
-4.5423,-5.3242
-4.5423,-3.9203
-4.5423,-3.8581
-1.9935,-2.4184
-1.9935,-1.7759
-1.9935,-1.7624
-1.9935,-2.1016
-1.9935,-1.7106
-1.9935,-2.6554
-1.9935,-2.2423
-1.9935,-2.8534
-1.9935,-1.2617
-1.9935,-1.8875
-1.9935,-1.5866
-1.9935,-1.5938
-1.9935,-1.0054
-1.9935,-2.1148
2.6366,3.0066
2.6366,3.4034
2.6366,3.2234
-0.10473,-0.19223
-0.10473,-0.80544
-0.10473,-1.0374
-0.10473,-1.0054
3.5993,3.8005
3.5993,4.1129
3.5993,3.4034
3.5993,3.5727
3.5993,3.2234
3.5993,4.5756
3.5993,4.1441
3.5993,3.919
-0.96098,-0.35288
-0.96098,-0.19223
-0.96098,-1.0573
-0.96098,-1.7624
-0.96098,-1.7106
-0.96098,-0.80544
-0.96098,-1.8875
-0.96098,-1.5866
-0.96098,-1.5441
-0.96098,-1.0054
4.7578,4.4741
4.7578,5.4332
4.7578,4.7503
4.7578,4.2985
4.7578,5.2526
4.7578,4.6789
4.7578,4.1547
1.4977,1.3251
1.4977,2.1421
1.4977,2.4276
5.6992,6.5451
5.6992,5.8963
5.6992,6.0507
5.6992,5.8266
5.6992,5.8516
5.6992,5.37
5.6992,5.0394
5.6992,4.9899
5.6992,5.4923
5.6992,6.2304
-5.9443,-6.2489
-5.9443,-5.6489
-5.9443,-5.1906
-5.9443,-5.8735
-5.9443,-5.4959
-5.9443,-5.3242
-5.9443,-5.8307
-5.9443,-6.6181
3.5575,3.1116
-9.7999,-8.9723
-8.4084,-9.0482
-8.4084,-8.7957
5.0394,5.8266
5.0394,5.37
5.0394,5.6992
5.0394,4.9899
5.0394,5.1768
4.9899,4.6327
4.9899,5.37
4.9899,5.6992
4.9899,5.0394
4.9899,5.4923
4.9899,4.2597
-2.2423,-2.4184
-2.2423,-1.7624
-2.2423,-2.1016
-2.2423,-1.7106
-2.2423,-2.6554
-2.2423,-1.9935
-2.2423,-2.8534
-2.2423,-1.8875
-2.2423,-1.5866
-2.2423,-2.8177
-2.2423,-2.0883
-3.4196,-2.6554
-3.4196,-2.8534
7.2086,7.6979
7.2086,6.2483
7.2086,6.4897
-5.449,-6.3132
-5.449,-5.8129
-5.449,-4.979
6.4897,6.2483
6.4897,5.7888
6.4897,7.2086
6.4897,6.0356
6.4897,6.8457
-2.4032,-2.785
-2.4032,-2.1148
-2.4032,-1.7537
-4.8107,-4.8337
-4.8107,-3.8454
-4.8107,-4.5624
-4.8107,-4.1319
-4.8107,-5.6169
-3.7443,-3.4075
-3.7443,-4.3536
-3.7443,-3.6833
-3.7443,-4.5423
-3.7443,-3.0502
-3.7443,-4.0896
-3.7443,-3.9203
-3.7443,-3.8581
-3.0502,-3.4075
-3.0502,-3.7443
-3.0502,-3.9203
4.5876,4.3079
4.5876,5.5387
4.5876,5.2754
4.5876,4.893
3.9724,4.6327
3.9724,3.297
3.9724,4.3436
3.9724,4.8272
3.9724,4.2597
-5.8735,-4.891
-5.8735,-5.1906
-5.8735,-5.9443
-5.8735,-5.4959
-5.8735,-5.3242
-5.8735,-6.6181
6.0356,5.2067
6.0356,5.7888
6.0356,5.4953
6.0356,6.4897
6.0356,6.8457
6.0356,6.0939
6.0356,6.2921
-2.8534,-2.4184
-2.8534,-2.1016
-2.8534,-2.6554
-2.8534,-1.9935
-2.8534,-2.2423
-2.8534,-3.4196
-2.8534,-2.8177
-5.0967,-4.8337
-5.0967,-4.2524
-5.0967,-5.3277
-5.0967,-5.6433
-5.0967,-4.5624
-5.0967,-5.8129
-5.0967,-4.979
3.297,3.6967
3.297,2.9711
3.297,3.9724
3.297,2.5772
3.7107,3.8005
3.7107,4.4741
3.7107,3.6635
3.7107,4.2985
3.7107,3.0066
3.7107,3.4034
3.7107,4.5112
3.7107,4.1547
3.7107,3.919
-1.2617,-1.1573
-1.2617,-1.7759
-1.2617,-0.46743
-1.2617,-1.7624
-1.2617,-1.7106
-1.2617,-0.80544
-1.2617,-1.9935
-1.2617,-1.5866
-1.2617,-1.0374
-1.2617,-1.5938
-1.2617,-1.0054
-1.2617,-2.1148
-5.4959,-5.4116
-5.4959,-4.7233
-5.4959,-6.2489
-5.4959,-4.7688
-5.4959,-5.6489
-5.4959,-5.1906
-5.4959,-4.5423
-5.4959,-5.9443
-5.4959,-5.8735
-5.4959,-4.9256
-5.4959,-5.3242
-5.4959,-5.8307
-1.8875,-1.0573
-1.8875,-1.7624
-1.8875,-2.1016
-1.8875,-1.7106
-1.8875,-1.9935
-1.8875,-0.96098
-1.8875,-2.2423
-1.8875,-1.5866
-1.8875,-2.8177
-1.8875,-2.0883
-1.8875,-1.5441
-1.8875,-1.0054
-9.095,-8.9723
3.5727,4.1129
3.5727,3.5993
3.5727,3.2234
-1.5866,-1.0573
-1.5866,-1.7624
-1.5866,-2.1016
-1.5866,-1.7106
-1.5866,-1.9935
-1.5866,-0.96098
-1.5866,-2.2423
-1.5866,-1.2617
-1.5866,-1.8875
-1.5866,-2.0883
-1.5866,-1.5441
-1.5866,-1.0054
5.5923,5.2067
5.5923,6.3026
5.5923,5.5387
5.5923,6.0939
5.5923,5.2754
5.5923,4.893
5.5923,6.2921
-0.56892,-0.4579
-0.56892,-1.3994
-2.8177,-2.1016
-2.8177,-2.2423
-2.8177,-2.8534
-2.8177,-1.8875
-2.8177,-2.0883
-4.0896,-4.7233
-4.0896,-4.7688
-4.0896,-3.4075
-4.0896,-4.6151
-4.0896,-4.3536
-4.0896,-3.6833
-4.0896,-4.5423
-4.0896,-3.7443
-4.0896,-4.9256
-4.0896,-3.9203
-2.785,-2.4184
-2.785,-2.6554
-2.785,-2.4032
-2.785,-2.1148
4.3436,3.6967
4.3436,5.1246
4.3436,3.9724
4.3436,4.8272
4.094,4.3079
4.094,3.6635
4.094,4.6789
4.094,4.1547
-4.9256,-5.4116
-4.9256,-4.7233
-4.9256,-4.7688
-4.9256,-5.6489
-4.9256,-4.6151
-4.9256,-5.1906
-4.9256,-4.5423
-4.9256,-5.4959
-4.9256,-4.0896
-4.9256,-4.9944
-4.9256,-5.3242
-4.9256,-5.5094
-4.9256,-5.8307
-4.9944,-5.4116
-4.9944,-4.4408
-4.9944,-5.6489
-4.9944,-4.6151
-4.9944,-4.9256
-4.9944,-5.5094
2.5772,2.2452
2.5772,2.9711
2.5772,3.297
2.5772,2.3004
-7.1872,-8.0518
-5.3242,-4.7233
-5.3242,-4.891
-5.3242,-4.7688
-5.3242,-5.6489
-5.3242,-5.1906
-5.3242,-4.5423
-5.3242,-5.9443
-5.3242,-5.8735
-5.3242,-5.4959
-5.3242,-4.9256
-5.3242,-5.8307
4.6789,4.3079
4.6789,4.4741
4.6789,5.2067
4.6789,5.2526
4.6789,5.4953
4.6789,4.7578
4.6789,4.094
4.6789,4.1547
4.6789,4.893
3.2234,3.8005
3.2234,4.1129
3.2234,3.0066
3.2234,3.4034
3.2234,2.6366
3.2234,3.5993
3.2234,3.5727
3.2234,4.1441
-1.4343,-1.4444
-1.4343,-2.0362
-1.5081,-2.2928
-1.5081,-1.4444
-1.5081,-2.2962
-1.5081,-0.71788
-1.5081,-1.4946
-1.5081,-1.3994
2.4276,3.1116
2.4276,2.1421
2.4276,1.4977
2.4276,2.6747
4.5756,5.0072
4.5756,3.8005
4.5756,4.1129
4.5756,3.5993
4.5756,4.5112
4.5756,4.1441
-3.9203,-4.7233
-3.9203,-4.7688
-3.9203,-3.4075
-3.9203,-4.3536
-3.9203,-3.6833
-3.9203,-4.5423
-3.9203,-3.7443
-3.9203,-3.0502
-3.9203,-4.0896
-3.9203,-3.9468
-8.9723,-9.0482
-8.9723,-8.7957
-8.9723,-9.7999
-8.9723,-9.095
-8.9723,-8.0518
-4.0337,-3.2521
-4.0337,-4.2524
-4.0337,-4.5624
-4.0337,-3.6946
-4.979,-5.3277
-4.979,-5.8129
-4.979,-5.449
-4.979,-5.0967
-0.4579,-0.71788
-0.4579,-0.56892
-7.2027,-6.2489
-7.2027,-6.5606
-7.2027,-6.6181
-2.0883,-2.2423
-2.0883,-1.8875
-2.0883,-1.5866
-2.0883,-2.8177
-2.0883,-1.5441
-4.1319,-4.8337
-4.1319,-4.2524
-4.1319,-3.8454
-4.1319,-4.5624
-4.1319,-4.8107
-4.1319,-3.6946
4.5112,5.0072
4.5112,3.8005
4.5112,4.1129
4.5112,4.7503
4.5112,4.2985
4.5112,3.7107
4.5112,4.5756
4.5112,4.1441
4.5112,3.919
4.8272,5.1246
4.8272,4.6327
4.8272,3.9724
4.8272,4.3436
4.8272,5.4923
4.8272,4.2597
4.1547,4.4741
4.1547,3.6635
4.1547,4.2985
4.1547,4.7578
4.1547,3.7107
4.1547,4.094
4.1547,4.6789
4.1547,3.919
-5.5094,-5.4116
-5.5094,-6.0744
-5.5094,-5.6489
-5.5094,-4.9256
-5.5094,-4.9944
-5.5094,-5.8307
-5.5094,-6.3911
5.4923,5.8963
5.4923,5.1246
5.4923,4.6327
5.4923,5.8516
5.4923,5.37
5.4923,5.6992
5.4923,4.9899
5.4923,4.8272
6.8457,6.4897
6.8457,6.0356
6.8457,7.0215
6.8457,6.2921
2.6747,3.1116
2.6747,2.1421
2.6747,2.9711
2.6747,3.5174
2.6747,2.4276
2.6747,2.3004
2.6747,3.0736
5.1768,6.0962
5.1768,5.259
5.1768,5.8266
5.1768,5.0394
-1.5441,-0.81204
-1.5441,-1.0573
-1.5441,-1.7624
-1.5441,-0.96098
-1.5441,-1.8875
-1.5441,-1.5866
-1.5441,-2.0883
-5.8307,-5.4116
-5.8307,-6.2489
-5.8307,-5.6489
-5.8307,-5.9443
-5.8307,-5.4959
-5.8307,-4.9256
-5.8307,-5.3242
-5.8307,-5.5094
-5.8307,-6.5606
-5.8307,-6.3911
4.1441,5.0072
4.1441,3.8005
4.1441,4.1129
4.1441,4.2985
4.1441,3.5993
4.1441,3.2234
4.1441,4.5756
4.1441,4.5112
4.1441,3.919
-7.0516,-6.2019
-2.0362,-2.47
-2.0362,-1.4444
-2.0362,-2.2962
-2.0362,-1.4946
-2.0362,-1.4343
-2.0362,-2.3821
-2.0362,-2.38
6.0939,5.2067
6.0939,6.3026
6.0939,5.7888
6.0939,6.0356
6.0939,5.5923
6.0939,5.2754
6.0939,7.0215
6.0939,6.2921
-3.6946,-3.1087
-3.6946,-3.2521
-3.6946,-4.2524
-3.6946,-2.9852
-3.6946,-3.8454
-3.6946,-4.5624
-3.6946,-4.0337
-3.6946,-4.1319
-6.2019,-6.4378
-6.2019,-6.3132
-6.2019,-5.8129
-6.2019,-7.0516
-6.2019,-6.1291
3.919,3.8005
3.919,4.4741
3.919,4.7503
3.919,4.2985
3.919,3.0066
3.919,3.4034
3.919,3.5993
3.919,3.7107
3.919,4.5112
3.919,4.1547
3.919,4.1441
6.2304,6.5451
6.2304,7.07
6.2304,6.0507
6.2304,5.8266
6.2304,5.6992
-8.0518,-8.0301
-8.0518,-8.7957
-8.0518,-7.1872
-8.0518,-8.9723
5.2754,5.2067
5.2754,5.5387
5.2754,5.7888
5.2754,4.5876
5.2754,5.5923
5.2754,6.0939
5.2754,4.893
-5.6169,-4.8337
-5.6169,-5.3277
-5.6169,-5.6433
-5.6169,-4.8107
-6.5606,-6.2489
-6.5606,-5.6489
-6.5606,-7.2027
-6.5606,-5.8307
-6.5606,-6.3911
-3.9468,-4.891
-3.9468,-4.3536
-3.9468,-3.9203
-6.3911,-5.4116
-6.3911,-6.0744
-6.3911,-6.2489
-6.3911,-5.6489
-6.3911,-5.5094
-6.3911,-5.8307
-6.3911,-6.5606
-2.3821,-3.1087
-2.3821,-3.2521
-2.3821,-2.47
-2.3821,-1.4444
-2.3821,-2.2962
-2.3821,-2.0362
-2.3821,-2.38
7.0215,7.1032
7.0215,6.8457
7.0215,6.0939
7.0215,6.2921
-1.3994,-2.2928
-1.3994,-2.3279
-1.3994,-1.4946
-1.3994,-0.56892
-1.3994,-1.5081
-6.6181,-6.2489
-6.6181,-5.9443
-6.6181,-5.8735
-6.6181,-7.2027
-1.0374,-1.1573
-1.0374,-1.7759
-1.0374,-0.46743
-1.0374,-1.7106
-1.0374,-0.80544
-1.0374,-0.10473
-1.0374,-1.2617
-1.0374,-1.5938
-1.0374,-1.0054
2.3004,2.1421
2.3004,2.9711
2.3004,1.5676
2.3004,2.5772
2.3004,2.6747
2.3004,3.0736
4.893,4.3079
4.893,5.2067
4.893,4.5876
4.893,5.5923
4.893,4.6789
4.893,5.2754
-1.5938,-1.1573
-1.5938,-2.4184
-1.5938,-1.7759
-1.5938,-1.7624
-1.5938,-2.1016
-1.5938,-1.7106
-1.5938,-0.80544
-1.5938,-1.9935
-1.5938,-1.2617
-1.5938,-1.0374
-1.5938,-1.0054
-1.5938,-2.1148
-1.5938,-1.7537
4.2597,4.6327
4.2597,4.9899
4.2597,3.9724
4.2597,4.8272
-2.38,-2.0362
-2.38,-2.3821
-6.1291,-6.4378
-6.1291,-5.3277
-6.1291,-5.6433
-6.1291,-5.8129
-6.1291,-6.2019
-3.8581,-4.4408
-3.8581,-3.4075
-3.8581,-4.6151
-3.8581,-3.6833
-3.8581,-4.5423
-3.8581,-3.7443
3.0736,3.1116
3.0736,2.1421
3.0736,2.9711
3.0736,3.5174
3.0736,2.6747
3.0736,2.3004
-1.0054,-0.19223
-1.0054,-1.0573
-1.0054,-1.7624
-1.0054,-1.7106
-1.0054,-0.80544
-1.0054,-1.9935
-1.0054,-0.10473
-1.0054,-0.96098
-1.0054,-1.2617
-1.0054,-1.8875
-1.0054,-1.5866
-1.0054,-1.0374
-1.0054,-1.5938
-2.1148,-2.4184
-2.1148,-1.7759
-2.1148,-1.7624
-2.1148,-2.1016
-2.1148,-1.7106
-2.1148,-2.6554
-2.1148,-1.9935
-2.1148,-2.4032
-2.1148,-1.2617
-2.1148,-2.785
-2.1148,-1.5938
-2.1148,-1.7537
6.2921,6.3026
6.2921,5.7888
6.2921,6.0356
6.2921,5.5923
6.2921,6.8457
6.2921,6.0939
6.2921,7.0215
-1.7537,-1.1573
-1.7537,-1.7759
-1.7537,-2.4032
-1.7537,-1.5938
-1.7537,-2.1148
-9.3318,-10
9.7826,10
