-0.20025,-0.26517
-0.20025,-0.58591
-0.20025,0.12072
-6.1463,-5.8511
-6.1463,-6.1856
-6.1463,-6.5563
-6.1463,-6.136
-6.1463,-5.9194
-6.1463,-6.3441
-6.1463,-6.3778
-6.1463,-7.0423
-5.3566,-5.016
-6.0729,-6.8927
-6.0729,-6.1856
-6.0729,-6.307
-6.0729,-5.6143
-6.0729,-6.8885
-6.0729,-5.7686
-6.0729,-5.9194
-6.0729,-6.3778
-6.0729,-5.9266
1.6021,1.2149
1.6021,1.0649
-4.3101,-5.1592
-4.3101,-5.1231
-4.3101,-4.5174
-4.3101,-4.015
-4.3101,-4.5414
-4.3101,-3.9619
-4.3101,-4.2267
-4.3101,-4.5907
-4.3101,-4.2053
-4.3101,-4.4242
-4.3101,-4.0998
-4.3101,-3.5875
-4.3101,-4.8599
-4.3101,-3.8552
-4.3101,-4.1634
-4.3101,-4.821
-4.3101,-3.8777
-5.1592,-4.3101
-5.1592,-5.1231
-5.1592,-4.5174
-5.1592,-4.5414
-5.1592,-5.633
-5.1592,-4.5907
-5.1592,-4.4242
-5.1592,-4.8599
-5.1592,-4.821
-6.9888,-6.4959
-6.9888,-6.7932
6.3876,5.5561
6.3876,6.1916
6.3876,5.9041
6.3876,6.4069
6.3876,6.0315
6.3876,5.8063
6.3876,6.6338
-5.1231,-4.3101
-5.1231,-5.1592
-5.1231,-4.5174
-5.1231,-4.5414
-5.1231,-5.082
-5.1231,-5.633
-5.1231,-4.5907
-5.1231,-5.3524
-5.1231,-4.8599
-5.1231,-4.821
5.5561,6.3876
5.5561,5.5961
5.5561,5.2815
5.5561,6.1916
5.5561,5.9041
5.5561,6.4069
5.5561,5.3224
5.5561,4.7818
5.5561,6.0315
5.5561,5.8063
-5.016,-5.3566
-5.016,-5.7535
-5.8511,-6.1463
-5.8511,-6.5563
-5.8511,-6.136
-5.8511,-5.9194
-5.8511,-5.3698
-5.8511,-6.3441
5.9798,5.0818
5.9798,6.4054
5.9798,5.9503
5.9798,6.7053
5.9798,5.7585
5.9798,5.0588
5.9798,5.9128
5.9798,6.2295
5.9798,5.7534
5.9798,5.2499
5.9798,5.1492
5.9798,5.8228
5.9798,5.7502
5.9798,6.9147
3.9862,4.2353
3.9862,4.8711
5.5961,5.5561
5.5961,4.9832
5.5961,5.2815
5.5961,6.1916
5.5961,5.9041
5.5961,5.3224
5.5961,4.7818
5.5961,5.894
5.5961,5.5237
5.5961,5.8879
-4.5174,-4.3101
-4.5174,-5.1592
-4.5174,-5.1231
-4.5174,-4.015
-4.5174,-4.2398
-4.5174,-4.8176
-4.5174,-5.082
-4.5174,-4.5455
-4.5174,-3.8425
-4.5174,-4.5907
-4.5174,-5.3524
-4.5174,-4.0998
-4.5174,-4.8599
-4.5174,-3.8552
-4.5174,-4.1634
-4.5174,-4.821
-4.015,-4.3101
-4.015,-4.5174
-4.015,-4.5414
-4.015,-4.5907
-4.015,-4.2053
-4.015,-4.4242
-4.015,-4.0998
-4.015,-3.5875
-4.015,-4.8599
-4.015,-3.4983
-4.015,-3.8552
-4.015,-4.1634
-4.015,-3.8777
-4.015,-3.2361
6.6861,6.6665
6.6861,5.7342
6.6861,5.9503
6.6861,6.7053
6.6861,5.7585
6.6861,5.9128
6.6861,7.5269
6.6861,6.9489
6.6861,6.9216
6.6861,6.6065
6.6861,6.2295
6.6861,5.7534
6.6861,6.8539
-1.9308,-1.6117
-1.9308,-1.8171
-1.9308,-2.8187
-6.8927,-6.0729
-6.8927,-6.1856
-6.8927,-6.307
-6.8927,-6.8885
-6.8927,-6.6833
-6.8927,-6.3778
-6.8927,-7.0423
0.27981,0.03856
0.27981,0.057469
0.27981,0.33086
0.27981,-0.68941
0.27981,-0.093947
0.27981,0.69526
0.27981,1.0826
0.27981,0.93251
0.27981,0.15274
0.27981,0.39521
0.27981,-0.59779
0.03856,0.27981
0.03856,0.33086
0.03856,-0.77481
0.03856,-0.68941
0.03856,-0.28951
0.03856,-0.093947
0.03856,0.69526
0.03856,-0.8697
0.03856,-0.87069
0.03856,0.39521
0.03856,-0.65387
0.03856,-0.59779
0.03856,0.53588
-0.26517,-0.20025
-0.26517,0.72515
4.2353,3.9862
4.2353,5.0818
4.2353,5.0588
4.2353,5.1492
4.2353,4.8711
-6.1856,-6.1463
-6.1856,-6.0729
-6.1856,-6.8927
-6.1856,-6.5563
-6.1856,-6.307
-6.1856,-5.6143
-6.1856,-5.7686
-6.1856,-5.9194
-6.1856,-5.3698
-6.1856,-6.3441
-6.1856,-6.6833
-6.1856,-6.3778
1.3046,0.63216
1.3046,1.3981
1.3046,2.0162
1.3046,1.2149
1.3046,0.72515
1.3046,1.7619
1.3046,1.0931
1.3046,0.88116
6.8637,7.5647
6.8637,7.0217
6.8637,6.0895
6.8637,7.8442
6.8637,5.9096
6.8637,6.8677
-4.5414,-4.3101
-4.5414,-5.1592
-4.5414,-5.1231
-4.5414,-4.015
-4.5414,-3.9619
-4.5414,-4.2267
-4.5414,-4.5907
-4.5414,-4.2053
-4.5414,-4.4242
-4.5414,-4.0998
-4.5414,-4.8599
-4.5414,-3.8552
-4.5414,-4.821
-4.5414,-3.8777
-2.0189,-1.6117
-2.0189,-1.8171
-2.0189,-2.5814
-2.0189,-1.2107
-2.0189,-1.2374
4.9832,5.5961
4.9832,5.2815
4.9832,5.894
4.9832,5.5237
4.9832,4.676
4.9832,5.5424
6.2193,6.9033
6.2193,6.7383
6.2193,6.6756
5.0818,5.9798
5.0818,4.2353
5.0818,5.9503
5.0818,5.7585
5.0818,5.0588
5.0818,5.9128
5.0818,5.7534
5.0818,4.9071
5.0818,5.2499
5.0818,5.1492
5.0818,4.8711
-3.1871,-3.9619
-3.1871,-2.5681
-3.1871,-3.6625
-3.1871,-3.4983
-3.1871,-3.2361
-1.4669,-0.58591
-1.4669,-0.82378
-1.4669,-1.102
-1.4669,-1.9718
2.2852,1.3981
2.2852,2.0162
-3.9619,-4.3101
-3.9619,-4.5414
-3.9619,-3.1871
-3.9619,-4.2267
-3.9619,-4.2053
-3.9619,-4.4242
-3.9619,-3.6625
-3.9619,-3.4983
-3.9619,-3.2361
0.63216,1.3046
0.63216,0.26077
0.63216,0.72515
0.63216,1.0931
0.63216,0.88116
0.63216,0.10841
0.057469,0.27981
0.057469,0.33086
0.057469,-0.77481
0.057469,-0.24352
0.057469,-0.68941
0.057469,0.69526
0.057469,0.93251
0.057469,0.15274
0.057469,0.39521
0.057469,-0.59779
0.057469,-0.87729
-4.2398,-4.5174
-4.2398,-4.8176
-4.2398,-5.082
-4.2398,-4.5455
-4.2398,-3.8425
-4.2398,-4.5907
-4.2398,-4.8599
-4.2398,-3.8552
-4.2398,-4.1634
-4.2398,-4.821
6.6665,6.6861
6.6665,5.7342
6.6665,5.9503
6.6665,6.7053
6.6665,5.7585
6.6665,7.5269
6.6665,6.9489
6.6665,6.9216
6.6665,6.6065
6.6665,6.8539
-7.5531,-7.6314
5.2815,5.5561
5.2815,5.5961
5.2815,4.9832
5.2815,6.1916
5.2815,5.9041
5.2815,5.3224
5.2815,4.7818
5.2815,5.894
5.2815,5.5237
5.2815,4.676
5.2815,5.8879
6.9033,6.2193
6.9033,6.6756
6.1916,6.3876
6.1916,5.5561
6.1916,5.5961
6.1916,5.2815
6.1916,5.9041
6.1916,6.4069
6.1916,5.3224
6.1916,5.894
6.1916,5.5237
6.1916,5.8879
6.1916,6.6338
1.504,1.424
1.504,0.69526
1.504,1.0826
1.504,1.7901
-5.7535,-5.016
-5.7535,-6.4959
-5.7535,-6.3317
-6.5563,-6.1463
-6.5563,-5.8511
-6.5563,-6.1856
-6.5563,-7.1067
-6.5563,-6.3441
-6.5563,-6.6833
-6.5563,-6.7403
-6.5563,-6.3778
-6.5563,-7.0423
6.4054,5.9798
6.4054,5.9503
6.4054,6.7053
6.4054,6.6756
6.4054,5.9128
6.4054,6.9216
6.4054,6.2295
6.4054,5.8228
6.4054,5.7502
6.4054,6.8539
6.4054,6.9147
-0.59911,-0.22713
-0.59911,-1.2325
-0.59911,0.20198
-0.59911,-1.4819
-0.59911,-0.82378
-0.59911,-1.102
-6.136,-6.1463
-6.136,-5.8511
-6.136,-6.4959
-6.136,-7.1067
-6.136,-6.7932
-6.136,-6.3441
-6.136,-6.7403
-0.22713,-0.59911
-0.22713,0.20198
-0.22713,-0.82378
-0.22713,-1.102
1.424,1.504
1.424,0.6614
1.424,1.0826
1.424,0.53588
5.7342,6.6861
5.7342,6.6665
5.7342,5.9503
5.7342,5.7585
5.7342,5.9128
5.7342,6.6065
5.7342,5.7534
5.7342,4.9071
5.9503,5.9798
5.9503,6.6861
5.9503,5.0818
5.9503,6.6665
5.9503,6.4054
5.9503,5.7342
5.9503,6.7053
5.9503,5.7585
5.9503,5.0588
5.9503,5.9128
5.9503,6.9216
5.9503,6.6065
5.9503,6.2295
5.9503,5.7534
5.9503,5.1492
5.9503,6.8539
6.7383,6.2193
-6.4959,-6.9888
-6.4959,-5.7535
-6.4959,-6.136
-6.4959,-6.7932
-6.4959,-6.7403
-6.4959,-6.3317
-4.8176,-4.5174
-4.8176,-4.2398
-4.8176,-5.082
-4.8176,-5.633
-4.8176,-4.5455
-4.8176,-4.5907
-4.8176,-5.3524
-4.8176,-4.1634
-4.8176,-4.821
-5.082,-5.1231
-5.082,-4.5174
-5.082,-4.2398
-5.082,-4.8176
-5.082,-5.633
-5.082,-4.5455
-5.082,-4.5907
-5.082,-5.3524
-5.082,-4.8599
-5.082,-4.821
5.9041,6.3876
5.9041,5.5561
5.9041,5.5961
5.9041,5.2815
5.9041,6.1916
5.9041,6.4069
5.9041,5.3224
5.9041,6.0315
5.9041,5.8063
5.9041,5.5237
5.9041,5.8879
5.9041,6.6338
-6.307,-6.0729
-6.307,-6.8927
-6.307,-6.1856
-6.307,-6.8885
-6.307,-5.7686
-6.307,-6.6833
-6.307,-6.3778
-6.307,-5.9266
-0.58591,-0.20025
-0.58591,-1.4669
-0.58591,0.12072
-0.58591,-0.27744
-0.58591,-0.073317
-0.58591,-0.82378
-0.58591,-1.102
-4.2195,-3.9922
1.3981,1.3046
1.3981,2.2852
1.3981,2.0162
1.3981,1.2149
1.3981,1.0931
1.3981,0.88116
-4.2267,-4.3101
-4.2267,-4.5414
-4.2267,-3.9619
-4.2267,-4.2053
-4.2267,-4.4242
-4.2267,-3.6625
-4.2267,-3.4983
1.1143,0.6761
1.1143,0.69526
1.1143,0.93251
1.1143,0.15274
1.1143,1.7901
1.1143,0.39521
0.12072,-0.20025
0.12072,-0.58591
0.12072,-0.27744
0.12072,-0.073317
0.12072,0.79182
0.12072,0.57893
-7.1067,-6.5563
-7.1067,-6.136
-7.1067,-6.7932
-7.1067,-6.7403
-7.1067,-7.0423
0.33086,0.27981
0.33086,0.03856
0.33086,0.057469
0.33086,-0.28951
0.33086,-0.093947
0.33086,0.69526
0.33086,1.0826
0.33086,0.39521
0.33086,-0.59779
0.33086,0.53588
7.5647,6.8637
7.5647,7.8442
7.5647,6.8677
-1.2325,-0.59911
-1.2325,-1.4819
-1.2325,-1.609
-0.77481,0.03856
-0.77481,0.057469
-0.77481,-1.6117
-0.77481,-0.24352
-0.77481,-0.68941
-0.77481,-0.8697
-0.77481,-0.87069
-0.77481,-0.59779
-0.77481,-0.87729
-5.6143,-6.0729
-5.6143,-6.1856
-5.6143,-5.7686
-5.6143,-5.9194
-5.6143,-5.3698
-5.6143,-6.3778
-5.6143,-5.9266
5.9153,5.9096
5.9153,6.7236
-6.8885,-6.0729
-6.8885,-6.8927
-6.8885,-6.307
0.20198,-0.59911
0.20198,-0.22713
0.20198,-0.27744
0.20198,-0.073317
0.20198,0.57893
6.4069,6.3876
6.4069,5.5561
6.4069,6.1916
6.4069,5.9041
6.4069,5.8879
6.4069,6.6338
-0.27744,-0.58591
-0.27744,0.12072
-0.27744,0.20198
-0.27744,-0.073317
-0.27744,-0.82378
-0.27744,-1.102
-0.27744,0.57893
2.0162,1.3046
2.0162,2.2852
2.0162,1.3981
2.0162,1.7619
-5.633,-5.1592
-5.633,-5.1231
-5.633,-4.8176
-5.633,-5.082
-5.633,-5.3524
-5.633,-4.8599
-5.633,-4.821
5.3224,5.5561
5.3224,5.5961
5.3224,5.2815
5.3224,6.1916
5.3224,5.9041
5.3224,4.7818
5.3224,5.8063
5.3224,5.5237
0.6761,1.1143
0.6761,1.1516
0.6761,0.93251
0.6761,0.15274
0.6761,0.26576
-0.50831,-0.24352
-0.50831,0.26576
-0.50831,-0.87729
1.2149,1.6021
1.2149,1.3046
1.2149,1.3981
1.2149,1.0649
1.2149,1.0931
1.2149,0.4663
-5.7686,-6.0729
-5.7686,-6.1856
-5.7686,-6.307
-5.7686,-5.6143
-5.7686,-5.9194
-5.7686,-6.3778
-5.7686,-5.9266
-1.4819,-0.59911
-1.4819,-1.2325
-1.4819,-1.102
-1.4819,-1.9718
-1.4819,-2.0671
-1.4819,-1.609
1.1516,0.6761
1.1516,0.84558
1.1516,0.26576
-1.6117,-1.9308
-1.6117,-2.0189
-1.6117,-0.77481
-1.6117,-1.8171
-1.6117,-0.8697
-1.6117,-0.87069
-1.6117,-1.2374
6.7053,5.9798
6.7053,6.6861
6.7053,6.6665
6.7053,6.4054
6.7053,5.9503
6.7053,5.7585
6.7053,5.9128
6.7053,6.9216
6.7053,6.6065
6.7053,6.2295
6.7053,5.7534
6.7053,6.8539
6.7053,6.9147
4.7818,5.5561
4.7818,5.5961
4.7818,5.2815
4.7818,5.3224
4.7818,5.5237
4.7818,4.676
-0.24352,0.057469
-0.24352,-0.77481
-0.24352,-0.50831
-0.24352,-0.68941
-0.24352,0.15274
-0.24352,-1.212
-0.24352,0.39521
-0.24352,-0.59779
-0.24352,-0.87729
-0.68941,0.27981
-0.68941,0.03856
-0.68941,0.057469
-0.68941,-0.77481
-0.68941,-0.24352
-0.68941,-0.8697
-0.68941,-0.87069
-0.68941,-0.59779
-0.68941,-0.87729
5.7585,5.9798
5.7585,6.6861
5.7585,5.0818
5.7585,6.6665
5.7585,5.7342
5.7585,5.9503
5.7585,6.7053
5.7585,5.9128
5.7585,6.6065
5.7585,6.2295
5.7585,5.7534
5.7585,4.9071
5.7585,4.8711
-4.5455,-4.5174
-4.5455,-4.2398
-4.5455,-4.8176
-4.5455,-5.082
-4.5455,-5.3524
-4.5455,-4.1634
6.6756,6.2193
6.6756,6.9033
6.6756,6.4054
6.6756,5.8228
6.6756,5.7502
6.6756,6.9147
-3.8425,-4.5174
-3.8425,-4.2398
-3.8425,-4.5907
-3.8425,-3.5875
-3.8425,-3.8552
-3.8425,-4.1634
-3.8425,-3.8777
5.0588,5.9798
5.0588,4.2353
5.0588,5.0818
5.0588,5.9503
5.0588,5.9128
5.0588,5.7534
5.0588,4.9071
5.0588,5.2499
5.0588,5.1492
5.0588,4.8711
-4.5907,-4.3101
-4.5907,-5.1592
-4.5907,-5.1231
-4.5907,-4.5174
-4.5907,-4.015
-4.5907,-4.5414
-4.5907,-4.2398
-4.5907,-4.8176
-4.5907,-5.082
-4.5907,-3.8425
-4.5907,-4.2053
-4.5907,-5.3524
-4.5907,-4.4242
-4.5907,-4.0998
-4.5907,-4.8599
-4.5907,-3.8552
-4.5907,-4.1634
-4.5907,-4.821
-4.5907,-3.8777
1.0649,1.6021
1.0649,1.2149
1.0649,1.0931
1.0649,0.4663
5.894,5.5961
5.894,4.9832
5.894,5.2815
5.894,6.1916
5.894,5.5237
5.894,5.8879
5.894,5.5424
-0.28951,0.03856
-0.28951,0.33086
-0.28951,-0.093947
-0.28951,0.6614
-0.28951,-0.87069
-0.28951,-0.26299
-0.28951,-0.65387
-0.28951,-0.59779
-0.28951,0.53588
-0.28951,-1.2374
0.26077,0.63216
0.26077,0.88116
0.26077,0.10841
7.0217,6.8637
7.0217,7.8442
7.0217,6.7236
6.0895,6.8637
6.0895,5.9096
6.0895,6.8677
6.0315,6.3876
6.0315,5.5561
6.0315,5.9041
6.0315,5.8063
6.0315,6.6338
6.0315,6.5173
5.8063,6.3876
5.8063,5.5561
5.8063,5.9041
5.8063,5.3224
5.8063,6.0315
5.8063,6.6338
5.9128,5.9798
5.9128,6.6861
5.9128,5.0818
5.9128,6.4054
5.9128,5.7342
5.9128,5.9503
5.9128,6.7053
5.9128,5.7585
5.9128,5.0588
5.9128,6.6065
5.9128,6.2295
5.9128,5.7534
5.9128,5.2499
5.9128,5.1492
7.5269,6.6861
7.5269,6.6665
7.5269,6.9489
7.5269,6.9216
7.5269,6.6065
7.5269,7.7818
7.5269,6.8539
-4.2053,-4.3101
-4.2053,-4.015
-4.2053,-4.5414
-4.2053,-3.9619
-4.2053,-4.2267
-4.2053,-4.5907
-4.2053,-4.4242
-4.2053,-4.0998
-4.2053,-3.5875
-4.2053,-4.8599
-4.2053,-3.4983
-4.2053,-3.8552
-4.2053,-3.8777
-1.8171,-1.9308
-1.8171,-2.0189
-1.8171,-1.6117
-1.8171,-0.87069
-1.8171,-1.2374
-2.5681,-3.1871
-2.5681,-1.9718
-2.5681,-2.0671
6.9489,6.6861
6.9489,6.6665
6.9489,7.5269
6.9489,6.6065
-6.7932,-6.9888
-6.7932,-6.136
-6.7932,-6.4959
-6.7932,-7.1067
-6.7932,-6.7403
-0.093947,0.27981
-0.093947,0.03856
-0.093947,0.33086
-0.093947,-0.28951
-0.093947,0.6614
-0.093947,0.69526
-0.093947,-0.87069
-0.093947,-0.65387
-0.093947,-0.59779
-0.093947,0.53588
0.84558,1.1516
0.72515,-0.26517
0.72515,1.3046
0.72515,0.63216
0.72515,0.79182
0.72515,0.88116
0.6614,1.424
0.6614,-0.28951
0.6614,-0.093947
0.6614,0.53588
-0.073317,-0.58591
-0.073317,0.12072
-0.073317,0.20198
-0.073317,-0.27744
-0.073317,-0.82378
-0.073317,0.57893
6.9216,6.6861
6.9216,6.6665
6.9216,6.4054
6.9216,5.9503
6.9216,6.7053
6.9216,7.5269
6.9216,6.6065
6.9216,6.2295
6.9216,7.7818
6.9216,6.8539
6.9216,6.9147
-3.9922,-4.2195
1.7619,1.3046
1.7619,2.0162
1.7619,0.88116
-5.3524,-5.1231
-5.3524,-4.5174
-5.3524,-4.8176
-5.3524,-5.082
-5.3524,-5.633
-5.3524,-4.5455
-5.3524,-4.5907
-5.3524,-4.8599
-5.3524,-4.821
6.6065,6.6861
6.6065,6.6665
6.6065,5.7342
6.6065,5.9503
6.6065,6.7053
6.6065,5.7585
6.6065,5.9128
6.6065,7.5269
6.6065,6.9489
6.6065,6.9216
6.6065,5.7534
6.6065,6.8539
0.69526,0.27981
0.69526,0.03856
0.69526,0.057469
0.69526,1.504
0.69526,1.1143
0.69526,0.33086
0.69526,-0.093947
0.69526,1.0826
0.69526,0.93251
0.69526,0.39521
0.69526,0.53588
6.2295,5.9798
6.2295,6.6861
6.2295,6.4054
6.2295,5.9503
6.2295,6.7053
6.2295,5.7585
6.2295,5.9128
6.2295,6.9216
6.2295,5.7534
6.2295,5.8228
6.2295,5.7502
6.2295,6.8539
6.2295,6.9147
7.8442,6.8637
7.8442,7.5647
7.8442,7.0217
-4.4242,-4.3101
-4.4242,-5.1592
-4.4242,-4.015
-4.4242,-4.5414
-4.4242,-3.9619
-4.4242,-4.2267
-4.4242,-4.5907
-4.4242,-4.2053
-4.4242,-4.0998
-4.4242,-3.5875
-4.4242,-4.8599
-4.4242,-3.8552
-4.4242,-3.8777
-3.6625,-3.1871
-3.6625,-3.9619
-3.6625,-4.2267
5.7534,5.9798
5.7534,6.6861
5.7534,5.0818
5.7534,5.7342
5.7534,5.9503
5.7534,6.7053
5.7534,5.7585
5.7534,5.0588
5.7534,5.9128
5.7534,6.6065
5.7534,6.2295
5.7534,4.9071
5.7534,5.1492
5.7534,4.8711
-0.82378,-1.4669
-0.82378,-0.59911
-0.82378,-0.22713
-0.82378,-0.58591
-0.82378,-0.27744
-0.82378,-0.073317
-0.82378,-1.102
-0.82378,-1.609
-5.9194,-6.1463
-5.9194,-6.0729
-5.9194,-5.8511
-5.9194,-6.1856
-5.9194,-5.6143
-5.9194,-5.7686
-5.9194,-5.3698
-5.9194,-6.3441
-5.9194,-6.6833
-5.9194,-6.3778
-5.9194,-5.9266
4.9071,5.0818
4.9071,5.7342
4.9071,5.7585
4.9071,5.0588
4.9071,5.7534
4.9071,5.1492
4.9071,4.8711
1.0826,0.27981
1.0826,1.504
1.0826,1.424
1.0826,0.33086
1.0826,0.69526
1.0826,1.7901
1.0826,0.39521
1.0826,0.53588
-7.6314,-7.5531
7.7818,7.5269
7.7818,6.9216
7.7818,6.8539
5.5237,5.5961
5.5237,4.9832
5.5237,5.2815
5.5237,6.1916
5.5237,5.9041
5.5237,5.3224
5.5237,4.7818
5.5237,5.894
5.5237,4.676
5.5237,5.8879
-4.0998,-4.3101
-4.0998,-4.5174
-4.0998,-4.015
-4.0998,-4.5414
-4.0998,-4.5907
-4.0998,-4.2053
-4.0998,-4.4242
-4.0998,-3.5875
-4.0998,-4.8599
-4.0998,-3.4983
-4.0998,-3.8552
-4.0998,-4.1634
-4.0998,-4.821
-4.0998,-3.8777
0.93251,0.27981
0.93251,0.057469
0.93251,1.1143
0.93251,0.6761
0.93251,0.69526
0.93251,0.15274
0.93251,1.7901
0.93251,0.39521
0.15274,0.27981
0.15274,0.057469
0.15274,1.1143
0.15274,0.6761
0.15274,-0.24352
0.15274,0.93251
0.15274,0.26576
0.15274,0.39521
1.0931,1.3046
1.0931,0.63216
1.0931,1.3981
1.0931,1.2149
1.0931,1.0649
1.0931,0.88116
1.0931,0.4663
1.0931,0.10841
5.9096,6.8637
5.9096,5.9153
5.9096,6.0895
1.7901,1.504
1.7901,1.1143
1.7901,1.0826
1.7901,0.93251
-3.5875,-4.3101
-3.5875,-4.015
-3.5875,-3.8425
-3.5875,-4.2053
-3.5875,-4.4242
-3.5875,-4.0998
-3.5875,-3.4983
-3.5875,-3.8552
-3.5875,-4.1634
-3.5875,-3.8777
-3.5875,-3.2361
-4.8599,-4.3101
-4.8599,-5.1592
-4.8599,-5.1231
-4.8599,-4.5174
-4.8599,-4.015
-4.8599,-4.5414
-4.8599,-4.2398
-4.8599,-5.082
-4.8599,-5.633
-4.8599,-4.5907
-4.8599,-4.2053
-4.8599,-5.3524
-4.8599,-4.4242
-4.8599,-4.0998
-4.8599,-4.1634
-4.8599,-4.821
-5.3698,-5.8511
-5.3698,-6.1856
-5.3698,-5.6143
-5.3698,-5.9194
-6.3441,-6.1463
-6.3441,-5.8511
-6.3441,-6.1856
-6.3441,-6.5563
-6.3441,-6.136
-6.3441,-5.9194
-6.3441,-6.6833
-6.3441,-6.7403
-6.3441,-6.3778
-6.3441,-7.0423
0.79182,0.12072
0.79182,0.72515
0.79182,0.88116
-3.4983,-4.015
-3.4983,-3.1871
-3.4983,-3.9619
-3.4983,-4.2267
-3.4983,-4.2053
-3.4983,-4.0998
-3.4983,-3.5875
-3.4983,-3.8777
-3.4983,-3.2361
0.26576,0.6761
0.26576,-0.50831
0.26576,1.1516
0.26576,0.15274
6.7236,5.9153
6.7236,7.0217
-0.8697,0.03856
-0.8697,-0.77481
-0.8697,-1.6117
-0.8697,-0.68941
-0.8697,-0.87069
-0.8697,-0.59779
-0.8697,-1.2374
-0.8697,-0.87729
-0.87069,0.03856
-0.87069,-0.77481
-0.87069,-1.6117
-0.87069,-0.68941
-0.87069,-0.28951
-0.87069,-1.8171
-0.87069,-0.093947
-0.87069,-0.8697
-0.87069,-0.65387
-0.87069,-0.59779
-0.87069,-1.2107
-0.87069,-1.2374
-6.6833,-6.8927
-6.6833,-6.1856
-6.6833,-6.5563
-6.6833,-6.307
-6.6833,-5.9194
-6.6833,-6.3441
-6.6833,-6.3778
-6.6833,-7.0423
-0.26299,-0.28951
-0.26299,-0.65387
-0.26299,-1.2107
5.2499,5.9798
5.2499,5.0818
5.2499,5.0588
5.2499,5.9128
5.2499,5.1492
5.2499,5.8228
5.2499,4.8711
5.2499,5.7502
-1.212,-0.24352
-1.212,-0.87729
-3.8552,-4.3101
-3.8552,-4.5174
-3.8552,-4.015
-3.8552,-4.5414
-3.8552,-4.2398
-3.8552,-3.8425
-3.8552,-4.5907
-3.8552,-4.2053
-3.8552,-4.4242
-3.8552,-4.0998
-3.8552,-3.5875
-3.8552,-4.1634
-3.8552,-3.8777
-3.8552,-3.2361
4.676,4.9832
4.676,5.2815
4.676,4.7818
4.676,5.5237
-4.1634,-4.3101
-4.1634,-4.5174
-4.1634,-4.015
-4.1634,-4.2398
-4.1634,-4.8176
-4.1634,-4.5455
-4.1634,-3.8425
-4.1634,-4.5907
-4.1634,-4.0998
-4.1634,-3.5875
-4.1634,-4.8599
-4.1634,-3.8552
-4.1634,-4.821
-4.1634,-3.8777
0.39521,0.27981
0.39521,0.03856
0.39521,0.057469
0.39521,1.1143
0.39521,0.33086
0.39521,-0.24352
0.39521,0.69526
0.39521,1.0826
0.39521,0.93251
0.39521,0.15274
5.8879,5.5961
5.8879,5.2815
5.8879,6.1916
5.8879,5.9041
5.8879,6.4069
5.8879,5.894
5.8879,5.5237
-1.102,-1.4669
-1.102,-0.59911
-1.102,-0.22713
-1.102,-0.58591
-1.102,-0.27744
-1.102,-1.4819
-1.102,-0.82378
-1.102,-1.9718
-1.102,-1.609
0.88116,1.3046
0.88116,0.63216
0.88116,1.3981
0.88116,0.26077
0.88116,0.72515
0.88116,1.7619
0.88116,1.0931
0.88116,0.79182
6.6338,6.3876
6.6338,6.1916
6.6338,5.9041
6.6338,6.4069
6.6338,6.0315
6.6338,5.8063
5.1492,5.9798
5.1492,4.2353
5.1492,5.0818
5.1492,5.9503
5.1492,5.0588
5.1492,5.9128
5.1492,5.7534
5.1492,4.9071
5.1492,5.2499
5.1492,5.8228
5.1492,4.8711
5.1492,5.7502
-0.65387,0.03856
-0.65387,-0.28951
-0.65387,-0.093947
-0.65387,-0.87069
-0.65387,-0.26299
-0.65387,-1.2107
-0.65387,-1.2374
-4.821,-4.3101
-4.821,-5.1592
-4.821,-5.1231
-4.821,-4.5174
-4.821,-4.5414
-4.821,-4.2398
-4.821,-4.8176
-4.821,-5.082
-4.821,-5.633
-4.821,-4.5907
-4.821,-5.3524
-4.821,-4.0998
-4.821,-4.8599
-4.821,-4.1634
-2.5814,-2.0189
-2.5814,-2.9641
-5.791,-5.9266
-1.9718,-1.4669
-1.9718,-1.4819
-1.9718,-2.5681
-1.9718,-1.102
-1.9718,-1.609
-6.7403,-6.5563
-6.7403,-6.136
-6.7403,-6.4959
-6.7403,-7.1067
-6.7403,-6.7932
-6.7403,-6.3441
-2.8187,-1.9308
-2.8187,-2.9641
-3.8777,-4.3101
-3.8777,-4.015
-3.8777,-4.5414
-3.8777,-3.8425
-3.8777,-4.5907
-3.8777,-4.2053
-3.8777,-4.4242
-3.8777,-4.0998
-3.8777,-3.5875
-3.8777,-3.4983
-3.8777,-3.8552
-3.8777,-4.1634
-3.8777,-3.2361
6.5173,6.0315
6.8677,6.8637
6.8677,7.5647
6.8677,6.0895
0.57893,0.12072
0.57893,0.20198
0.57893,-0.27744
0.57893,-0.073317
-6.3317,-5.7535
-6.3317,-6.4959
-0.59779,0.27981
-0.59779,0.03856
-0.59779,0.057469
-0.59779,0.33086
-0.59779,-0.77481
-0.59779,-0.24352
-0.59779,-0.68941
-0.59779,-0.28951
-0.59779,-0.093947
-0.59779,-0.8697
-0.59779,-0.87069
-0.59779,-0.87729
0.53588,0.03856
0.53588,1.424
0.53588,0.33086
0.53588,-0.28951
0.53588,-0.093947
0.53588,0.6614
0.53588,0.69526
0.53588,1.0826
-1.2107,-2.0189
-1.2107,-0.87069
-1.2107,-0.26299
-1.2107,-0.65387
-1.2107,-1.2374
-6.3778,-6.1463
-6.3778,-6.0729
-6.3778,-6.8927
-6.3778,-6.1856
-6.3778,-6.5563
-6.3778,-6.307
-6.3778,-5.6143
-6.3778,-5.7686
-6.3778,-5.9194
-6.3778,-6.3441
-6.3778,-6.6833
-6.3778,-7.0423
-2.0671,-1.4819
-2.0671,-2.5681
-7.0423,-6.1463
-7.0423,-6.8927
-7.0423,-6.5563
-7.0423,-7.1067
-7.0423,-6.3441
-7.0423,-6.6833
-7.0423,-6.3778
-1.2374,-2.0189
-1.2374,-1.6117
-1.2374,-0.28951
-1.2374,-1.8171
-1.2374,-0.8697
-1.2374,-0.87069
-1.2374,-0.65387
-1.2374,-1.2107
5.8228,5.9798
5.8228,6.4054
5.8228,6.6756
5.8228,6.2295
5.8228,5.2499
5.8228,5.1492
5.8228,5.7502
0.4663,1.2149
0.4663,1.0649
0.4663,1.0931
0.4663,0.10841
-3.2361,-4.015
-3.2361,-3.1871
-3.2361,-3.9619
-3.2361,-3.5875
-3.2361,-3.4983
-3.2361,-3.8552
-3.2361,-3.8777
4.8711,3.9862
4.8711,4.2353
4.8711,5.0818
4.8711,5.7585
4.8711,5.0588
4.8711,5.7534
4.8711,4.9071
4.8711,5.2499
4.8711,5.1492
5.5424,4.9832
5.5424,5.894
-5.9266,-6.0729
-5.9266,-6.307
-5.9266,-5.6143
-5.9266,-5.7686
-5.9266,-5.9194
-5.9266,-5.791
-2.9641,-2.5814
-2.9641,-2.8187
-0.87729,0.057469
-0.87729,-0.77481
-0.87729,-0.50831
-0.87729,-0.24352
-0.87729,-0.68941
-0.87729,-0.8697
-0.87729,-1.212
-0.87729,-0.59779
0.10841,0.63216
0.10841,0.26077
0.10841,1.0931
0.10841,0.4663
5.7502,5.9798
5.7502,6.4054
5.7502,6.6756
5.7502,6.2295
5.7502,5.2499
5.7502,5.1492
5.7502,5.8228
6.8539,6.6861
6.8539,6.6665
6.8539,6.4054
6.8539,5.9503
6.8539,6.7053
6.8539,7.5269
6.8539,6.9216
6.8539,6.6065
6.8539,6.2295
6.8539,7.7818
6.8539,6.9147
-1.609,-1.2325
-1.609,-1.4819
-1.609,-0.82378
-1.609,-1.102
-1.609,-1.9718
6.9147,5.9798
6.9147,6.4054
6.9147,6.7053
6.9147,6.6756
6.9147,6.9216
6.9147,6.2295
6.9147,6.8539
