-0.29575,0.035126
-0.29575,-0.53456
-0.29575,0.43497
-7.0604,-7.1304
-7.0604,-6.7254
-7.0604,-7.9981
-7.0604,-7.4226
-5.2245,-5.4927
-5.2245,-5.3906
-5.2245,-4.5263
-5.2245,-5.9138
-5.7554,-5.9983
-5.7554,-5.7712
-5.7554,-5.7815
-5.7554,-5.0811
-5.7554,-6.5066
-5.7554,-4.7484
-5.7554,-5.7299
1.3928,1.7968
1.3928,0.61023
-5.3292,-5.8112
-5.3292,-5.3051
-5.3292,-5.6389
-5.3292,-5.654
-5.3292,-4.8567
-5.3292,-5.1185
-5.3292,-4.52
-5.3292,-5.0801
-5.3292,-4.8686
-5.3292,-4.987
-5.3292,-5.1087
-5.3292,-5.4924
-5.3292,-4.6594
-5.8112,-5.3292
-5.8112,-5.3051
-5.8112,-5.6389
-5.8112,-5.654
-5.8112,-4.8567
-5.8112,-5.1185
-5.8112,-5.1087
-5.8112,-5.4924
-5.9695,-5.3906
-5.9695,-6.2805
-5.9695,-5.7987
-5.9695,-5.9138
6.4831,6.3676
6.4831,5.807
6.4831,6.0299
6.4831,7.0933
6.4831,6.1029
6.4831,6.8113
-5.3051,-5.3292
-5.3051,-5.8112
-5.3051,-5.6389
-5.3051,-5.1787
-5.3051,-4.9938
-5.3051,-5.5229
-5.3051,-4.8567
-5.3051,-5.1185
-5.3051,-5.6538
-5.3051,-4.5178
-5.3051,-5.1087
-5.3051,-4.7559
-5.3051,-5.4924
6.3676,6.4831
6.3676,5.8913
6.3676,5.6359
6.3676,5.807
6.3676,6.0299
6.3676,6.4888
6.3676,5.5185
6.3676,7.0933
6.3676,6.8113
-5.4927,-5.2245
-5.4927,-4.5263
-7.1304,-7.0604
-7.1304,-6.5094
-7.1304,-6.7991
-7.1304,-6.7254
-7.1304,-7.9981
-7.1304,-6.2844
-7.1304,-7.5417
-7.1304,-7.4226
6.2599,6.3677
3.8153,4.2783
3.8153,4.8198
5.8913,6.3676
5.8913,5.6359
5.8913,6.0299
5.8913,6.4888
5.8913,5.1763
5.8913,5.7043
5.8913,5.4537
5.8913,5.2292
5.8913,5.9584
-5.6389,-5.3292
-5.6389,-5.8112
-5.6389,-5.3051
-5.6389,-5.5229
-5.6389,-4.8567
-5.6389,-5.1185
-5.6389,-5.6538
-5.6389,-4.7559
-5.6389,-5.4924
-4.2096,-4.1848
-4.2096,-4.8567
-4.2096,-4.52
-4.2096,-5.0801
-4.2096,-4.8686
-4.2096,-4.5178
-4.2096,-5.1087
-4.2096,-4.6594
-4.2096,-4.32
6.2586,6.4961
6.2586,5.5876
6.2586,6.4351
6.2586,5.4676
6.2586,6.5648
6.2586,6.6707
-2.4327,-1.6845
-6.5094,-7.1304
-6.5094,-6.7991
-6.5094,-6.7254
-6.5094,-5.9983
-6.5094,-6.2844
-6.5094,-6.7762
-6.5094,-6.095
-6.5094,-7.4226
-6.5094,-5.7299
0.241,0.37441
0.241,0.15544
0.241,-0.62104
0.241,0.040582
0.241,-0.12104
0.241,1.0946
0.241,0.45409
0.241,0.6081
0.241,0.40423
0.241,-0.49242
0.241,1.1956
0.37441,0.241
0.37441,0.040582
0.37441,-0.12104
0.37441,1.0946
0.37441,0.53126
0.37441,0.40423
0.37441,1.1956
0.76584,0.099377
0.76584,0.89691
0.76584,0.021723
0.76584,1.44
0.76584,1.1157
0.76584,0.35623
0.76584,1.1331
0.76584,0.25272
4.2783,3.8153
4.2783,4.9743
4.2783,4.8198
4.2783,5.0041
-6.7991,-7.1304
-6.7991,-6.5094
-6.7991,-5.9983
-6.7991,-6.2844
-6.7991,-6.7762
-6.7991,-7.5417
-6.7991,-6.095
-6.7991,-7.4226
1.8825,1.9378
1.8825,1.44
1.8825,1.1157
1.8825,1.1331
6.8692,6.8518
6.8692,6.6506
6.8692,6.2872
-5.654,-5.3292
-5.654,-5.8112
-5.654,-5.0801
-5.654,-4.8686
-5.654,-4.987
-5.654,-5.1087
-5.654,-5.4924
-1.3517,-1.739
-1.3517,-1.6845
-1.3517,-1.4036
-1.3517,-0.70985
-1.3517,-0.99376
4.9882,5.6359
4.9882,5.7043
4.9882,5.2721
4.9882,5.4537
4.9882,4.6909
4.9882,5.2292
4.9882,5.9584
5.8253,6.1726
5.8253,6.3677
4.8289,5.5876
4.8289,5.7595
4.8289,5.4676
4.8289,4.9743
4.8289,4.8198
4.8289,5.0041
4.8289,4.847
-2.9506,-3.8018
-0.86926,-0.22637
-0.86926,-1.6466
-0.86926,-0.27987
-0.86926,-0.52881
1.7968,1.3928
1.7968,1.9378
1.7968,1.0574
1.7968,1.1157
-3.8018,-2.9506
-3.8018,-4.0749
0.099377,0.76584
0.099377,0.89691
0.099377,-0.16552
0.099377,0.26099
0.099377,0.25272
-0.48407,-0.11572
-0.48407,-0.96551
-0.48407,-0.2176
-0.48407,-0.19443
-0.48407,-1.0904
-4.1848,-4.2096
-4.1848,-4.8567
-4.1848,-5.1185
-4.1848,-4.52
-4.1848,-4.5178
-4.1848,-4.7559
-4.1848,-4.6594
6.4961,6.2586
6.4961,5.5876
6.4961,5.7595
6.4961,6.4351
6.4961,6.1227
6.4961,6.5648
6.4961,5.9396
6.4961,6.6707
-8.2336,-7.4101
5.6359,6.3676
5.6359,5.8913
5.6359,4.9882
5.6359,5.807
5.6359,6.0299
5.6359,6.4888
5.6359,5.1763
5.6359,5.7043
5.6359,5.4537
5.6359,5.2292
5.6359,5.9584
7.0715,6.1726
7.0715,6.605
7.0715,7.5286
5.807,6.4831
5.807,6.3676
5.807,5.6359
5.807,6.0299
5.807,6.4888
5.807,5.5185
5.807,5.1763
5.807,6.1029
5.807,5.4537
5.807,5.2292
1.5544,0.6081
1.5544,1.1225
-5.3906,-5.2245
-5.3906,-5.9695
-5.3906,-5.9138
-6.7254,-7.0604
-6.7254,-7.1304
-6.7254,-6.5094
-6.7254,-6.2844
-6.7254,-6.095
-6.7254,-7.4226
5.6177,5.7595
5.6177,4.9743
5.6177,6.1227
5.6177,6.3767
5.6177,5.8332
5.6177,5.9396
5.6177,5.3219
5.6177,5.0041
0.30213,0.49766
0.30213,0.22936
0.30213,-0.22637
0.30213,0.067745
0.30213,-0.27987
0.30213,-0.52881
-6.3187,-6.9671
0.49766,0.30213
0.49766,-0.27987
0.49766,-0.015191
1.3319,1.0946
1.3319,0.53126
1.3319,1.1956
5.5876,6.2586
5.5876,4.8289
5.5876,6.4961
5.5876,5.7595
5.5876,6.4351
5.5876,5.4676
5.5876,4.9743
5.5876,6.1227
5.5876,6.5648
5.5876,5.8332
5.5876,5.9396
5.5876,4.8198
5.5876,4.847
5.7595,4.8289
5.7595,6.4961
5.7595,5.6177
5.7595,5.5876
5.7595,5.4676
5.7595,4.9743
5.7595,6.1227
5.7595,6.5648
5.7595,5.8332
5.7595,5.9396
5.7595,4.8198
5.7595,5.0041
5.7595,4.847
5.7595,6.6707
6.4147,6.1726
-6.2805,-5.9695
-6.2805,-5.7987
-5.1787,-5.3051
-5.1787,-4.9938
-5.1787,-4.594
-5.1787,-5.5229
-5.1787,-5.6538
-5.1787,-4.7559
-4.9938,-5.3051
-4.9938,-5.1787
-4.9938,-4.594
-4.9938,-5.5229
-4.9938,-4.8567
-4.9938,-5.1185
-4.9938,-5.6538
-4.9938,-4.7559
6.0299,6.4831
6.0299,6.3676
6.0299,5.8913
6.0299,5.6359
6.0299,5.807
6.0299,6.4888
6.0299,5.5185
6.0299,5.1763
6.0299,6.1029
6.0299,5.4537
6.0299,5.2292
6.0299,6.8113
-5.9983,-5.7554
-5.9983,-6.5094
-5.9983,-6.7991
-5.9983,-6.2844
-5.9983,-5.7712
-5.9983,-5.7815
-5.9983,-6.7762
-5.9983,-6.5066
-5.9983,-5.7299
0.22936,0.30213
0.22936,-0.53456
0.22936,-0.22637
0.22936,0.067745
0.22936,-0.27987
-4.2475,-4.5263
-4.2475,-3.7187
-4.2475,-3.444
-4.2475,-3.4597
0.89691,0.76584
0.89691,0.099377
0.89691,1.0574
0.89691,1.44
0.89691,1.1157
0.89691,0.26099
0.89691,0.25272
-4.0749,-3.8018
-4.0749,-4.9062
-4.0749,-3.3048
0.75252,-0.2176
0.75252,0.45409
0.75252,0.59108
0.75252,0.19978
0.035126,-0.29575
0.035126,-0.53456
0.035126,0.021723
0.035126,0.067745
0.035126,0.43497
-7.9981,-7.0604
-7.9981,-7.1304
-7.9981,-7.4226
0.15544,0.241
0.15544,-0.2176
0.15544,-0.62104
0.15544,0.45409
0.15544,0.6081
0.15544,-0.19443
0.15544,1.1225
0.15544,0.40423
0.15544,-0.49242
6.8518,6.8692
6.8518,6.2872
6.8518,6.479
-0.32715,-0.27987
-0.32715,-0.52881
-0.32715,-0.015191
-0.32715,-1.2785
-0.32715,-0.39107
-1.739,-1.3517
-6.2844,-7.1304
-6.2844,-6.5094
-6.2844,-6.7991
-6.2844,-6.7254
-6.2844,-5.9983
-6.2844,-5.7815
-6.2844,-6.7762
-6.2844,-6.095
-6.2844,-5.7299
5.6382,6.2872
-5.7712,-5.7554
-5.7712,-5.9983
-5.7712,-5.7815
-5.7712,-6.5066
-0.53456,-0.29575
-0.53456,0.22936
-0.53456,0.035126
-0.53456,-0.22637
-0.53456,0.067745
6.4888,6.3676
6.4888,5.8913
6.4888,5.6359
6.4888,5.807
6.4888,6.0299
6.4888,5.7043
6.4888,7.0933
-0.22637,-0.86926
-0.22637,0.30213
-0.22637,0.22936
-0.22637,-0.53456
-0.22637,0.067745
-0.22637,-0.27987
-0.22637,-0.52881
1.9378,1.8825
1.9378,1.7968
1.9378,1.0574
1.9378,1.44
1.9378,1.1157
-4.594,-5.1787
-4.594,-4.9938
-4.594,-5.5229
-4.594,-4.8567
-4.594,-4.5178
-4.594,-4.7559
5.5185,6.3676
5.5185,5.807
5.5185,6.0299
5.5185,5.1763
5.5185,6.1029
5.5185,5.2292
-0.11572,-0.48407
-0.11572,-0.96551
-0.11572,-0.2176
-0.11572,0.59108
-0.11572,0.19978
-0.96551,-0.48407
-0.96551,-0.11572
-0.96551,-0.2176
-0.96551,-1.0904
1.0574,1.7968
1.0574,0.89691
1.0574,1.9378
1.0574,1.1157
1.0574,0.26099
-5.7815,-5.7554
-5.7815,-5.9983
-5.7815,-6.2844
-5.7815,-5.7712
-5.7815,-6.7762
-5.7815,-5.0811
-5.7815,-6.5066
-5.7815,-5.7299
-1.6466,-0.86926
-1.6466,-1.2785
0.91282,0.19978
-1.6845,-2.4327
-1.6845,-1.3517
-1.6845,-1.4036
-1.6845,-1.3953
-1.6845,-0.99376
6.4351,6.2586
6.4351,6.4961
6.4351,5.5876
6.4351,5.4676
6.4351,7.2041
6.4351,6.5648
6.4351,6.6707
5.1763,5.8913
5.1763,5.6359
5.1763,5.807
5.1763,6.0299
5.1763,5.5185
5.1763,5.7043
5.1763,5.4537
5.1763,4.6909
5.1763,5.2292
-0.2176,-0.48407
-0.2176,0.75252
-0.2176,0.15544
-0.2176,-0.11572
-0.2176,-0.96551
-0.2176,0.45409
-0.2176,0.59108
-0.2176,-0.19443
-0.2176,-1.0904
-0.62104,0.241
-0.62104,0.15544
-0.62104,-0.12104
-0.62104,-0.19443
-0.62104,-1.4036
-0.62104,-1.3953
-0.62104,-0.49242
-0.62104,-0.99376
5.4676,6.2586
5.4676,4.8289
5.4676,5.5876
5.4676,5.7595
5.4676,6.4351
5.4676,5.9396
-5.5229,-5.3051
-5.5229,-5.6389
-5.5229,-5.1787
-5.5229,-4.9938
-5.5229,-4.594
-5.5229,-5.1185
-5.5229,-5.6538
6.1726,5.8253
6.1726,7.0715
6.1726,6.4147
6.1726,6.3677
6.1726,6.605
-4.8567,-5.3292
-4.8567,-5.8112
-4.8567,-5.3051
-4.8567,-5.6389
-4.8567,-4.2096
-4.8567,-4.1848
-4.8567,-4.9938
-4.8567,-4.594
-4.8567,-5.1185
-4.8567,-4.52
-4.8567,-4.8686
-4.8567,-4.5178
-4.8567,-5.1087
-4.8567,-4.7559
-4.8567,-5.4924
-4.8567,-4.6594
4.9743,4.2783
4.9743,4.8289
4.9743,5.6177
4.9743,5.5876
4.9743,5.7595
4.9743,5.8332
4.9743,4.8198
4.9743,5.0041
4.9743,4.847
-5.1185,-5.3292
-5.1185,-5.8112
-5.1185,-5.3051
-5.1185,-5.6389
-5.1185,-4.1848
-5.1185,-4.9938
-5.1185,-5.5229
-5.1185,-4.8567
-5.1185,-4.52
-5.1185,-5.0801
-5.1185,-4.8686
-5.1185,-4.5178
-5.1185,-5.1087
-5.1185,-4.7559
-5.1185,-5.4924
-5.1185,-4.6594
0.61023,1.3928
0.61023,0.26099
5.7043,5.8913
5.7043,4.9882
5.7043,5.6359
5.7043,6.4888
5.7043,5.1763
5.7043,5.4537
5.7043,5.2292
5.7043,5.9584
0.040582,0.241
0.040582,0.37441
0.040582,-0.12104
0.040582,0.53126
0.040582,-0.70985
0.040582,-0.55448
-0.16552,0.099377
-0.16552,0.26099
-0.16552,0.25272
6.6506,6.8692
6.6506,7.1058
5.4522,6.2872
7.0933,6.4831
7.0933,6.3676
7.0933,6.4888
7.0933,6.8113
6.1029,6.4831
6.1029,5.807
6.1029,6.0299
6.1029,5.5185
6.1029,6.8113
6.1227,6.4961
6.1227,5.6177
6.1227,5.5876
6.1227,5.7595
6.1227,6.5648
6.1227,6.3767
6.1227,5.8332
6.1227,5.9396
6.1227,7.1272
6.1227,6.6707
7.5541,7.2041
7.5541,6.6707
-4.9062,-4.0749
-4.9062,-4.987
-2.6471,-3.444
-2.2101,-1.2785
7.2041,6.4351
7.2041,7.5541
-5.7987,-5.9695
-5.7987,-6.2805
-0.12104,0.241
-0.12104,0.37441
-0.12104,-0.62104
-0.12104,0.040582
-0.12104,0.40423
-0.12104,-0.70985
-0.12104,-0.49242
-0.12104,-0.55448
-0.12104,-0.99376
0.14172,0.19978
0.021723,0.76584
0.021723,0.035126
0.021723,0.35623
0.021723,0.25272
5.2721,4.9882
5.2721,5.9584
1.0946,0.241
1.0946,0.37441
1.0946,1.3319
1.0946,1.1225
1.0946,0.40423
1.0946,1.1956
0.067745,0.30213
0.067745,0.22936
0.067745,0.035126
0.067745,-0.53456
0.067745,-0.22637
0.067745,0.43497
6.5648,6.2586
6.5648,6.4961
6.5648,5.5876
6.5648,5.7595
6.5648,6.4351
6.5648,6.1227
6.5648,5.9396
6.5648,7.1272
6.5648,6.6707
-4.5263,-5.2245
-4.5263,-5.4927
-4.5263,-4.2475
1.44,0.76584
1.44,1.8825
1.44,0.89691
1.44,1.9378
1.44,1.1157
1.44,1.1331
-5.6538,-5.3051
-5.6538,-5.6389
-5.6538,-5.1787
-5.6538,-4.9938
-5.6538,-5.5229
-5.6538,-5.4924
6.3767,5.6177
6.3767,6.1227
6.3767,5.8332
0.45409,0.241
0.45409,0.75252
0.45409,0.15544
0.45409,-0.2176
0.45409,0.6081
0.45409,0.59108
0.45409,-0.19443
0.45409,1.1225
0.45409,0.40423
5.8332,5.6177
5.8332,5.5876
5.8332,5.7595
5.8332,4.9743
5.8332,6.1227
5.8332,6.3767
5.8332,5.9396
5.8332,5.0041
7.7865,7.1058
-4.52,-5.3292
-4.52,-4.2096
-4.52,-4.1848
-4.52,-4.8567
-4.52,-5.1185
-4.52,-5.0801
-4.52,-4.8686
-4.52,-4.5178
-4.52,-5.1087
-4.52,-4.7559
-4.52,-4.6594
-4.52,-4.32
-3.3048,-4.0749
5.9396,6.4961
5.9396,5.6177
5.9396,5.5876
5.9396,5.7595
5.9396,5.4676
5.9396,6.1227
5.9396,6.5648
5.9396,5.8332
5.9396,6.6707
-0.27987,-0.86926
-0.27987,0.30213
-0.27987,0.49766
-0.27987,0.22936
-0.27987,-0.32715
-0.27987,-0.22637
-0.27987,-0.52881
-0.27987,-0.39107
-6.7762,-6.5094
-6.7762,-6.7991
-6.7762,-5.9983
-6.7762,-6.2844
-6.7762,-5.7815
-6.7762,-7.5417
-6.7762,-6.5066
4.8198,3.8153
4.8198,4.2783
4.8198,4.8289
4.8198,5.5876
4.8198,5.7595
4.8198,4.9743
4.8198,5.0041
4.8198,4.847
0.6081,0.241
0.6081,1.5544
0.6081,0.15544
0.6081,0.45409
0.6081,0.59108
0.6081,-0.19443
0.6081,1.1225
0.6081,0.40423
0.6081,1.1956
-7.4101,-8.2336
7.1272,6.1227
7.1272,6.5648
7.1272,6.6707
5.4537,5.8913
5.4537,4.9882
5.4537,5.6359
5.4537,5.807
5.4537,6.0299
5.4537,5.1763
5.4537,5.7043
5.4537,4.6909
5.4537,5.2292
-5.0801,-5.3292
-5.0801,-4.2096
-5.0801,-5.654
-5.0801,-5.1185
-5.0801,-4.52
-5.0801,-4.8686
-5.0801,-4.987
-5.0801,-5.1087
-5.0801,-5.4924
-5.0801,-4.6594
-5.0801,-4.32
0.59108,0.75252
0.59108,-0.11572
0.59108,-0.2176
0.59108,0.45409
0.59108,0.6081
0.59108,-0.19443
0.59108,0.19978
-0.19443,-0.48407
-0.19443,0.15544
-0.19443,-0.2176
-0.19443,-0.62104
-0.19443,0.45409
-0.19443,0.6081
-0.19443,0.59108
-0.19443,-0.49242
-0.19443,-1.0904
1.1157,0.76584
1.1157,1.8825
1.1157,1.7968
1.1157,0.89691
1.1157,1.9378
1.1157,1.0574
1.1157,1.44
6.2872,6.8692
6.2872,6.8518
6.2872,5.6382
6.2872,5.4522
6.2872,6.479
1.1225,1.5544
1.1225,0.15544
1.1225,1.0946
1.1225,0.45409
1.1225,0.6081
1.1225,0.40423
1.1225,1.1956
-4.8686,-5.3292
-4.8686,-4.2096
-4.8686,-5.654
-4.8686,-4.8567
-4.8686,-5.1185
-4.8686,-4.52
-4.8686,-5.0801
-4.8686,-4.987
-4.8686,-5.1087
-4.8686,-5.4924
-4.8686,-4.6594
-4.8686,-4.32
-4.5178,-5.3051
-4.5178,-4.2096
-4.5178,-4.1848
-4.5178,-4.594
-4.5178,-4.8567
-4.5178,-5.1185
-4.5178,-4.52
-4.5178,-4.7559
-4.5178,-5.4924
-4.5178,-4.6594
-5.0811,-5.7554
-5.0811,-5.7815
-5.0811,-4.7484
-5.0811,-5.7299
-7.5417,-7.1304
-7.5417,-6.7991
-7.5417,-6.7762
-7.5417,-7.4226
0.35623,0.76584
0.35623,0.021723
0.35623,1.1331
0.35623,0.43497
0.35623,0.25272
-4.987,-5.3292
-4.987,-5.654
-4.987,-4.9062
-4.987,-5.0801
-4.987,-4.8686
-4.987,-5.1087
-4.987,-4.6594
-4.987,-4.32
0.19978,0.75252
0.19978,-0.11572
0.19978,0.91282
0.19978,0.14172
0.19978,0.59108
7.1058,6.6506
7.1058,7.7865
-1.4036,-1.3517
-1.4036,-1.6845
-1.4036,-0.62104
-1.4036,-1.3953
-1.4036,-0.49242
-1.4036,-1.0904
-6.5066,-5.7554
-6.5066,-5.9983
-6.5066,-5.7712
-6.5066,-5.7815
-6.5066,-6.7762
0.53126,0.37441
0.53126,1.3319
0.53126,0.040582
5.3219,5.6177
-1.3953,-1.6845
-1.3953,-0.62104
-1.3953,-1.4036
-1.3953,-1.0904
-5.1087,-5.3292
-5.1087,-5.8112
-5.1087,-5.3051
-5.1087,-4.2096
-5.1087,-5.654
-5.1087,-4.8567
-5.1087,-5.1185
-5.1087,-4.52
-5.1087,-5.0801
-5.1087,-4.8686
-5.1087,-4.987
-5.1087,-5.4924
-5.1087,-4.6594
4.6909,4.9882
4.6909,5.1763
4.6909,5.4537
4.6909,5.2292
-4.7559,-5.3051
-4.7559,-5.6389
-4.7559,-4.1848
-4.7559,-5.1787
-4.7559,-4.9938
-4.7559,-4.594
-4.7559,-4.8567
-4.7559,-5.1185
-4.7559,-4.52
-4.7559,-4.5178
-4.7559,-5.4924
0.40423,0.241
0.40423,0.37441
0.40423,0.15544
0.40423,-0.12104
0.40423,1.0946
0.40423,0.45409
0.40423,0.6081
0.40423,1.1225
0.40423,-0.49242
0.40423,1.1956
5.2292,5.8913
5.2292,4.9882
5.2292,5.6359
5.2292,5.807
5.2292,6.0299
5.2292,5.5185
5.2292,5.1763
5.2292,5.7043
5.2292,5.4537
5.2292,4.6909
-0.52881,-0.86926
-0.52881,0.30213
-0.52881,-0.32715
-0.52881,-0.22637
-0.52881,-0.27987
-0.52881,-0.39107
1.1331,0.76584
1.1331,1.8825
1.1331,1.44
1.1331,0.35623
6.8113,6.4831
6.8113,6.3676
6.8113,6.0299
6.8113,7.0933
6.8113,6.1029
6.8113,7.3279
5.0041,4.2783
5.0041,4.8289
5.0041,5.6177
5.0041,5.7595
5.0041,4.9743
5.0041,5.8332
5.0041,4.8198
5.0041,4.847
-0.70985,-1.3517
-0.70985,0.040582
-0.70985,-0.12104
-0.70985,-0.49242
-0.70985,-0.55448
-0.70985,-0.99376
-5.4924,-5.3292
-5.4924,-5.8112
-5.4924,-5.3051
-5.4924,-5.6389
-5.4924,-5.654
-5.4924,-4.8567
-5.4924,-5.1185
-5.4924,-5.6538
-5.4924,-5.0801
-5.4924,-4.8686
-5.4924,-4.5178
-5.4924,-5.1087
-5.4924,-4.7559
-3.7187,-4.2475
-3.7187,-3.444
-4.7484,-5.7554
-4.7484,-5.0811
-0.015191,0.49766
-0.015191,-0.32715
-0.015191,-0.39107
-6.9671,-6.3187
-3.444,-4.2475
-3.444,-2.6471
-3.444,-3.7187
-3.444,-3.4597
-4.6594,-5.3292
-4.6594,-4.2096
-4.6594,-4.1848
-4.6594,-4.8567
-4.6594,-5.1185
-4.6594,-4.52
-4.6594,-5.0801
-4.6594,-4.8686
-4.6594,-4.5178
-4.6594,-4.987
-4.6594,-5.1087
-4.6594,-4.32
7.3279,6.8113
6.479,6.8518
6.479,6.2872
0.43497,-0.29575
0.43497,0.035126
0.43497,0.067745
0.43497,0.35623
-5.9138,-5.2245
-5.9138,-5.9695
-5.9138,-5.3906
-0.49242,0.241
-0.49242,0.15544
-0.49242,-0.62104
-0.49242,-0.12104
-0.49242,-0.19443
-0.49242,-1.4036
-0.49242,0.40423
-0.49242,-0.70985
-0.49242,-0.99376
1.1956,0.241
1.1956,0.37441
1.1956,1.3319
1.1956,1.0946
1.1956,0.6081
1.1956,1.1225
1.1956,0.40423
-0.55448,0.040582
-0.55448,-0.12104
-0.55448,-0.70985
-0.55448,-0.99376
-6.095,-6.5094
-6.095,-6.7991
-6.095,-6.7254
-6.095,-6.2844
-6.095,-5.7299
-1.2785,-0.32715
-1.2785,-1.6466
-1.2785,-2.2101
-1.2785,-0.39107
-7.4226,-7.0604
-7.4226,-7.1304
-7.4226,-6.5094
-7.4226,-6.7991
-7.4226,-6.7254
-7.4226,-7.9981
-7.4226,-7.5417
-0.99376,-1.3517
-0.99376,-1.6845
-0.99376,-0.62104
-0.99376,-0.12104
-0.99376,-0.70985
-0.99376,-0.49242
-0.99376,-0.55448
6.3677,6.2599
6.3677,5.8253
6.3677,6.1726
6.3677,6.605
0.26099,0.099377
0.26099,0.89691
0.26099,1.0574
0.26099,0.61023
0.26099,-0.16552
-4.32,-4.2096
-4.32,-4.52
-4.32,-5.0801
-4.32,-4.8686
-4.32,-4.987
-4.32,-4.6594
4.847,4.8289
4.847,5.5876
4.847,5.7595
4.847,4.9743
4.847,4.8198
4.847,5.0041
5.9584,5.8913
5.9584,4.9882
5.9584,5.6359
5.9584,5.7043
5.9584,5.2721
-5.7299,-5.7554
-5.7299,-6.5094
-5.7299,-5.9983
-5.7299,-6.2844
-5.7299,-5.7815
-5.7299,-5.0811
-5.7299,-6.095
-3.4597,-4.2475
-3.4597,-3.444
-1.0904,-0.48407
-1.0904,-0.96551
-1.0904,-0.2176
-1.0904,-0.19443
-1.0904,-1.4036
-1.0904,-1.3953
0.25272,0.76584
0.25272,0.099377
0.25272,0.89691
0.25272,-0.16552
0.25272,0.021723
0.25272,0.35623
6.605,7.0715
6.605,6.1726
6.605,6.3677
6.605,7.5286
6.6707,6.2586
6.6707,6.4961
6.6707,5.7595
6.6707,6.4351
6.6707,6.1227
6.6707,7.5541
6.6707,6.5648
6.6707,5.9396
6.6707,7.1272
-0.39107,-0.32715
-0.39107,-0.27987
-0.39107,-0.52881
-0.39107,-0.015191
-0.39107,-1.2785
7.5286,7.0715
7.5286,6.605
