4.2289,4.8037
4.2289,4.1159
4.2289,5.1353
4.2289,4.9477
4.2289,3.9012
4.2289,4.5037
4.2289,3.9972
4.2289,4.7969
4.2289,4.6167
4.2289,4.2588
4.2289,3.7942
4.2289,4.8715
4.2289,5.0258
4.2289,4.8828
4.2289,4.193
4.2289,3.7352
4.2289,4.955
-3.0091,-3.1105
-3.0091,-3.6416
-3.0091,-3.0378
-3.0091,-3.8064
-3.0091,-2.1316
-3.0091,-2.9043
-3.0091,-3.9433
-3.0091,-2.149
-3.0091,-2.8449
-3.0091,-3.2484
-4.5974,-4.8695
-4.5974,-4.0998
-4.5974,-3.8284
-4.5974,-3.8056
-4.5974,-3.8807
-4.5974,-4.237
-4.5974,-4.7612
-4.5974,-4.0782
-4.5974,-4.8859
-3.1105,-3.0091
-3.1105,-3.6416
-3.1105,-2.244
-3.1105,-3.0378
-3.1105,-3.8064
-3.1105,-3.239
-3.1105,-3.8056
-3.1105,-2.9043
-3.1105,-3.9433
-3.1105,-2.9676
-3.1105,-2.149
-3.1105,-4.0782
-3.1105,-2.8449
-3.1105,-3.2484
1.578,2.4621
1.578,1.6464
1.578,0.6638
1.578,1.1132
1.578,2.3764
1.578,1.983
1.578,1.1677
4.8037,4.2289
4.8037,5.1353
4.8037,4.9477
4.8037,5.6414
4.8037,4.5037
4.8037,3.9972
4.8037,4.7969
4.8037,4.6167
4.8037,4.8715
4.8037,4.7333
4.8037,5.0258
4.8037,4.8828
4.8037,4.193
4.8037,5.5484
4.8037,5.5722
4.8037,4.955
4.4572,4.1159
4.4572,4.2067
4.4572,4.9477
4.4572,4.2588
4.4572,5.2633
4.4572,5.2924
4.4572,4.6032
-3.0606,-3.1357
-3.0606,-3.8284
-3.0606,-3.239
-3.0606,-2.5164
-3.0606,-2.1834
-3.0606,-2.9676
5.9521,5.9689
5.9521,5.3405
5.9521,5.4532
5.9521,5.0137
5.9521,6.5021
5.9521,5.9845
5.9521,5.5862
4.1159,4.2289
4.1159,4.4572
4.1159,4.2067
4.1159,4.9477
4.1159,3.9012
4.1159,3.466
4.1159,3.36
4.1159,3.3508
4.1159,4.2588
4.1159,3.7942
4.1159,4.193
4.1159,4.6032
4.1159,4.955
5.9689,5.9521
5.9689,5.3405
5.9689,6.0585
5.9689,5.4532
5.9689,6.5021
-4.8695,-4.5974
-4.8695,-5.5854
-4.8695,-4.813
-4.8695,-4.237
-4.8695,-4.7612
-4.8695,-5.5634
-4.8695,-4.0782
-4.8695,-4.8859
-3.1357,-3.0606
-3.1357,-3.8284
-3.1357,-3.239
-3.1357,-3.8056
-3.1357,-2.5164
-3.1357,-2.9043
-3.1357,-2.1834
-3.1357,-2.9676
-3.1357,-3.8807
-3.1357,-2.2274
-3.1357,-3.2484
-1.0828,-0.67939
-1.0828,-1.2425
-1.0828,-2.0014
-1.0828,-1.6583
-1.0828,-1.5745
-1.0828,-1.4722
-1.0828,-0.46622
-1.0828,-0.89004
-1.0828,-1.0185
-1.0828,-1.2176
-1.8142,-1.023
-1.8142,-1.6198
-1.8142,-2.4422
-1.8142,-1.9427
5.3405,5.9521
5.3405,5.9689
5.3405,5.4532
5.3405,5.0137
5.3405,5.9845
5.3405,4.5979
5.3405,5.5862
5.3405,4.8894
4.2067,4.4572
4.2067,4.1159
4.2067,4.9477
4.2067,3.9012
4.2067,3.466
4.2067,3.36
4.2067,3.3508
4.2067,4.2588
4.2067,4.193
4.2067,4.6032
3.36,3.6661
3.36,4.0436
3.36,2.7592
5.1353,4.2289
5.1353,4.8037
5.1353,4.9477
5.1353,5.7813
5.1353,5.6414
5.1353,6.0894
5.1353,4.7969
5.1353,4.6167
5.1353,5.3048
5.1353,4.2588
5.1353,4.8715
5.1353,6.0428
5.1353,5.2633
5.1353,5.0258
5.1353,4.8828
5.1353,4.193
5.1353,4.6032
5.1353,5.2115
5.1353,5.9963
5.1353,5.5722
5.1353,4.955
-2.068,-1.5769
-2.068,-2.6457
-2.068,-2.0014
-2.068,-1.6583
-2.068,-2.0135
-2.068,-2.5668
-2.068,-1.5745
-2.068,-1.2176
-4.0998,-4.5974
-4.0998,-3.8284
-4.0998,-3.8807
-4.0998,-4.8859
-3.6416,-3.0091
-3.6416,-3.1105
-3.6416,-3.0378
-3.6416,-3.8064
-3.6416,-3.8056
-3.6416,-3.9433
-3.6416,-3.9836
-3.6416,-4.0782
-3.6416,-2.8449
-3.6416,-3.2484
-7.8274,-6.9428
-7.8274,-7.3092
-7.8274,-6.9719
-7.8274,-8.1816
-5.6434,-5.2293
-5.6434,-5.826
-5.6434,-4.7523
-5.6434,-6.278
-5.6434,-5.0293
-5.6434,-5.3762
-5.6434,-6.0024
-5.6434,-5.7671
-5.6434,-6.6386
2.4621,1.578
2.4621,3.1493
2.4621,1.6464
2.4621,2.3764
-0.67939,-1.0828
-0.67939,-0.40008
-0.67939,-1.6583
-0.67939,-1.4722
-0.67939,-0.46622
-0.67939,0.18234
-0.67939,-0.89004
-0.67939,-1.0185
-0.67939,-1.2176
-2.244,-3.1105
-2.244,-2.5164
-2.244,-2.9043
-2.244,-1.9268
-2.244,-2.9676
-2.244,-2.149
-2.244,-2.2274
-2.244,-2.8449
-2.244,-3.2484
0.17792,0.35188
0.17792,0.6638
0.17792,1.1132
-9.0454,-9.1506
-9.0454,-9.9758
-9.0454,-8.838
4.9477,4.2289
4.9477,4.8037
4.9477,4.4572
4.9477,4.1159
4.9477,4.2067
4.9477,5.1353
4.9477,5.7813
4.9477,4.7969
4.9477,5.3048
4.9477,4.2588
4.9477,4.8715
4.9477,5.2633
4.9477,5.0258
4.9477,5.2924
4.9477,4.193
4.9477,4.6032
4.9477,5.2115
4.9477,4.955
-6.9428,-7.8274
-6.9428,-7.3092
-6.9428,-6.278
-6.9428,-6.9719
-6.9428,-6.5791
-6.9428,-6.6608
-6.9428,-7.4121
-6.9428,-6.3496
5.0129,5.7096
5.0129,4.4625
5.0129,5.5862
5.0129,4.8894
4.0296,3.6661
4.0296,4.4625
4.0296,3.3178
4.0296,4.0436
4.0296,4.1015
4.0296,3.4911
4.0296,4.5979
4.0296,4.8894
-1.2425,-1.0828
-1.2425,-0.67209
-1.2425,-1.6198
-1.2425,-1.6583
-1.2425,-1.4722
-1.2425,-0.46622
-1.2425,-0.89004
-1.2425,-1.9427
6.7497,6.0894
6.7497,6.0428
6.7497,6.7825
6.7497,5.8749
6.7497,6.4968
5.7813,5.1353
5.7813,4.9477
5.7813,6.0014
5.7813,5.6414
5.7813,6.0894
5.7813,5.3048
5.7813,4.8715
5.7813,6.0428
5.7813,5.0258
5.7813,5.8749
5.7813,5.2115
5.7813,5.9963
5.7813,5.5722
5.7813,4.955
3.1493,2.4621
3.1493,2.3764
3.1493,2.3531
3.1493,3.1839
6.0014,5.7813
6.0014,6.0894
6.0014,5.3048
6.0014,5.2633
6.0014,5.2924
6.0014,5.2115
6.0014,5.9963
1.3407,1.983
1.3407,1.1677
1.3407,2.3216
-5.065,-5.7398
-5.065,-5.6984
-5.065,-5.5024
-5.065,-4.6673
3.9012,4.2289
3.9012,4.1159
3.9012,4.2067
3.9012,3.466
3.9012,3.36
3.9012,3.9972
3.9012,4.7969
3.9012,3.1646
3.9012,4.2588
3.9012,3.7942
3.9012,4.8715
3.9012,3.0706
3.9012,4.193
3.9012,4.6032
3.9012,3.7352
-1.5769,-2.068
-1.5769,-2.0014
-1.5769,-1.4635
-1.5769,-2.0135
-1.5769,-2.5668
-1.5769,-1.5745
-1.5769,-1.0185
-1.5769,-1.2176
-9.5435,-9.8866
6.0585,5.9689
6.0585,5.4532
6.0585,5.2663
2.6305,3.3178
2.6305,3.4911
2.6305,2.7592
5.4532,5.9521
5.4532,5.9689
5.4532,5.3405
5.4532,6.0585
5.4532,4.9899
5.4532,5.0137
-5.2293,-5.6434
-5.2293,-5.826
-5.2293,-4.7523
-3.8284,-4.5974
-3.8284,-3.0606
-3.8284,-3.1357
-3.8284,-4.0998
-3.8284,-3.239
-3.8284,-3.8056
-3.8284,-2.9676
-3.8284,-3.8807
-3.8284,-4.237
-3.8284,-3.2484
-3.0378,-3.0091
-3.0378,-3.1105
-3.0378,-3.6416
-3.0378,-2.1316
-3.0378,-3.9836
-3.0378,-2.8449
-0.40008,-0.67939
-0.40008,-0.74694
-0.40008,0.18234
-0.40008,-1.0185
-0.40008,-1.2176
5.6414,4.8037
5.6414,5.1353
5.6414,5.7813
5.6414,6.0894
5.6414,4.7969
5.6414,4.8715
5.6414,6.0428
5.6414,5.0258
5.6414,4.8828
5.6414,5.8749
5.6414,5.5484
5.6414,5.2115
5.6414,5.9963
5.6414,5.5722
5.6414,4.955
-3.8064,-3.0091
-3.8064,-3.1105
-3.8064,-3.6416
-3.8064,-3.239
-3.8064,-3.8056
-3.8064,-2.9043
-3.8064,-3.9433
-3.8064,-3.8807
-3.8064,-4.237
-3.8064,-3.9836
-3.8064,-4.7612
-3.8064,-4.0782
-3.8064,-2.8449
-3.8064,-3.2484
5.7031,4.7333
5.7031,5.8749
5.7031,5.5484
5.7031,6.4968
5.7031,5.5722
-7.3092,-7.8274
-7.3092,-6.9428
-7.3092,-6.9719
-7.3092,-6.5791
-7.3092,-6.6386
-7.3092,-7.4121
-2.6457,-2.068
-2.6457,-2.0014
-2.6457,-2.2268
-2.6457,-1.6583
-2.6457,-2.5668
-2.0014,-1.0828
-2.0014,-2.068
-2.0014,-1.5769
-2.0014,-2.6457
-2.0014,-2.2268
-2.0014,-1.6583
-2.0014,-2.5668
-2.0014,-1.5745
-2.0014,-1.4722
-2.0014,-1.9427
-2.0014,-1.2176
3.6661,3.36
3.6661,4.0296
3.6661,4.4625
3.6661,3.3178
3.6661,4.0436
3.6661,3.4911
3.6661,2.7592
-4.6891,-4.813
-4.6891,-3.9433
-4.6891,-3.9836
-4.6891,-4.7612
-4.6891,-4.0782
3.466,4.1159
3.466,4.2067
3.466,3.9012
3.466,3.36
3.466,3.1646
3.466,3.3508
3.466,4.2588
3.36,4.1159
3.36,4.2067
3.36,3.9012
3.36,3.466
3.36,3.1646
3.36,3.3508
3.36,4.2588
3.36,3.7942
3.36,3.0706
3.36,2.3808
3.36,4.193
5.7096,5.0129
5.7096,5.9845
5.7096,5.5862
5.7096,4.8894
-3.239,-3.1105
-3.239,-3.0606
-3.239,-3.1357
-3.239,-3.8284
-3.239,-3.8064
-3.239,-3.8056
-3.239,-2.5164
-3.239,-2.9043
-3.239,-2.9676
-3.239,-3.8807
-3.239,-2.8449
-3.239,-3.2484
4.5037,4.2289
4.5037,4.8037
4.5037,3.9972
4.5037,4.7969
4.5037,4.6167
4.5037,4.7333
4.5037,3.8453
4.5037,5.0258
4.5037,4.8828
4.5037,3.7352
-5.5854,-4.8695
-5.5854,-5.7174
-5.5854,-4.7612
-5.5854,-5.5634
-5.5854,-4.8859
0.35188,0.17792
0.35188,-0.4856
0.35188,0.6638
0.35188,0.67
6.0894,5.1353
6.0894,6.7497
6.0894,5.7813
6.0894,6.0014
6.0894,5.6414
6.0894,5.3048
6.0894,6.0428
6.0894,6.7825
6.0894,5.8749
6.0894,5.2115
6.0894,5.9963
-0.67209,-1.2425
-0.67209,-1.023
-0.67209,-1.6198
-0.67209,0.0037727
-0.67209,0.15333
-0.67209,-0.89004
3.9972,4.2289
3.9972,4.8037
3.9972,3.9012
3.9972,4.5037
3.9972,4.7969
3.9972,4.6167
3.9972,4.2588
3.9972,3.7942
3.9972,4.8715
3.9972,3.0004
3.9972,3.0706
3.9972,3.8453
3.9972,4.8828
3.9972,4.193
3.9972,3.7352
-3.8056,-4.5974
-3.8056,-3.1105
-3.8056,-3.1357
-3.8056,-3.6416
-3.8056,-3.8284
-3.8056,-3.8064
-3.8056,-3.239
-3.8056,-2.9043
-3.8056,-3.9433
-3.8056,-2.9676
-3.8056,-3.8807
-3.8056,-4.237
-3.8056,-4.0782
-3.8056,-3.2484
-5.826,-5.6434
-5.826,-5.2293
-5.826,-6.448
-5.826,-6.0024
-5.826,-6.6386
-6.448,-5.826
-6.448,-6.9719
-6.448,-6.6386
4.7969,4.2289
4.7969,4.8037
4.7969,5.1353
4.7969,4.9477
4.7969,3.9012
4.7969,5.6414
4.7969,4.5037
4.7969,3.9972
4.7969,4.6167
4.7969,4.2588
4.7969,3.7942
4.7969,4.8715
4.7969,5.0258
4.7969,4.8828
4.7969,4.193
4.7969,5.2115
4.7969,5.5722
4.7969,4.955
-7.4241,-6.6523
-7.4241,-8.1816
-7.4241,-6.6608
-7.4241,-7.4121
-2.1316,-3.0091
-2.1316,-3.0378
-2.1316,-2.149
-2.5164,-3.0606
-2.5164,-3.1357
-2.5164,-2.244
-2.5164,-3.239
-2.5164,-2.9043
-2.5164,-1.9268
-2.5164,-2.1834
-2.5164,-2.9676
-2.5164,-2.2274
4.6167,4.2289
4.6167,4.8037
4.6167,5.1353
4.6167,4.5037
4.6167,3.9972
4.6167,4.7969
4.6167,3.7942
4.6167,4.8715
4.6167,4.7333
4.6167,3.8453
4.6167,5.0258
4.6167,4.8828
4.6167,5.5484
4.6167,3.7352
4.6167,5.5722
4.4625,5.0129
4.4625,4.0296
4.4625,3.6661
4.4625,5.0137
4.4625,4.0436
4.4625,4.5979
4.4625,4.8894
5.2663,6.0585
5.2663,4.9899
1.6464,1.578
1.6464,2.4621
1.6464,0.6638
1.6464,1.1132
1.6464,2.3764
1.6464,1.4223
3.1646,3.9012
3.1646,3.466
3.1646,3.36
3.1646,3.7942
3.1646,3.0004
3.1646,3.0706
3.1646,2.3808
4.9899,5.4532
4.9899,5.2663
4.9899,5.0137
4.9899,4.5979
-0.4856,0.35188
-0.4856,-1.023
-0.4856,0.0037727
-5.7398,-5.065
-5.7398,-5.6984
-5.7398,-6.3254
-5.7398,-5.0293
-5.7398,-5.5024
-5.7398,-5.7671
-5.7398,-6.6608
-5.7398,-5.8344
-5.7398,-6.3496
0.6638,1.578
0.6638,0.17792
0.6638,0.35188
0.6638,1.6464
0.6638,1.1132
0.6638,0.67
-2.9043,-3.0091
-2.9043,-3.1105
-2.9043,-3.1357
-2.9043,-2.244
-2.9043,-3.8064
-2.9043,-3.239
-2.9043,-3.8056
-2.9043,-2.5164
-2.9043,-1.9268
-2.9043,-2.9676
-2.9043,-2.149
-2.9043,-2.2274
-2.9043,-2.8449
-2.9043,-3.2484
5.3048,5.1353
5.3048,4.9477
5.3048,5.7813
5.3048,6.0014
5.3048,6.0894
5.3048,4.8715
5.3048,5.2633
5.3048,5.2924
5.3048,4.6032
5.3048,5.2115
5.3048,5.9963
5.3048,4.955
-1.023,-1.8142
-1.023,-0.67209
-1.023,-0.4856
-1.023,-0.89004
-5.6984,-5.065
-5.6984,-5.7398
-5.6984,-6.3254
5.0137,5.9521
5.0137,5.3405
5.0137,5.4532
5.0137,4.4625
5.0137,4.9899
5.0137,4.1015
5.0137,4.5979
5.0137,5.5862
5.0137,4.8894
-4.5791,-5.0293
-4.5791,-5.3762
-4.5791,-5.5024
-4.5791,-4.6673
-4.7523,-5.6434
-4.7523,-5.2293
-4.7523,-5.0293
-4.7523,-5.3762
-2.2268,-2.6457
-2.2268,-2.0014
-2.2268,-1.6198
-2.2268,-1.6583
-2.2268,-1.4722
-2.2268,-2.4422
-2.2268,-1.9427
3.3508,4.1159
3.3508,4.2067
3.3508,3.466
3.3508,3.36
3.3178,4.0296
3.3178,2.6305
3.3178,3.6661
3.3178,4.0436
3.3178,3.4911
3.3178,2.7592
4.2588,4.2289
4.2588,4.4572
4.2588,4.1159
4.2588,4.2067
4.2588,5.1353
4.2588,4.9477
4.2588,3.9012
4.2588,3.466
4.2588,3.36
4.2588,3.9972
4.2588,4.7969
4.2588,3.7942
4.2588,4.8715
4.2588,4.193
4.2588,4.6032
4.2588,5.2115
4.2588,4.955
-1.6198,-1.8142
-1.6198,-1.2425
-1.6198,-0.67209
-1.6198,-2.2268
-1.6198,-1.6583
-1.6198,-1.4722
-1.6198,-2.4422
-1.6198,-0.89004
-1.6198,-1.9427
3.7942,4.2289
3.7942,4.1159
3.7942,3.9012
3.7942,3.36
3.7942,3.9972
3.7942,4.7969
3.7942,4.6167
3.7942,3.1646
3.7942,4.2588
3.7942,3.0004
3.7942,3.0706
3.7942,3.8453
3.7942,4.193
3.7942,3.7352
1.1132,1.578
1.1132,0.17792
1.1132,1.6464
1.1132,0.6638
1.1132,1.983
1.1132,1.1677
4.0436,3.36
4.0436,4.0296
4.0436,3.6661
4.0436,4.4625
4.0436,3.3178
-6.278,-5.6434
-6.278,-6.9428
-6.278,-6.9719
-6.278,-5.3762
-6.278,-6.5791
-6.278,-6.0024
-6.278,-5.7671
-6.278,-5.8344
-6.278,-6.6386
-6.278,-6.3496
0.0037727,-0.67209
0.0037727,-0.4856
0.0037727,0.67
-9.1506,-9.0454
-9.1506,-8.1775
-8.0268,-8.1775
-8.0268,-8.838
6.5021,5.9521
6.5021,5.9689
6.5021,5.9845
5.9845,5.9521
5.9845,5.3405
5.9845,5.7096
5.9845,6.5021
5.9845,5.5862
5.9845,6.7774
-1.6583,-1.0828
-1.6583,-2.068
-1.6583,-0.67939
-1.6583,-1.2425
-1.6583,-2.6457
-1.6583,-2.0014
-1.6583,-2.2268
-1.6583,-1.6198
-1.6583,-1.5745
-1.6583,-1.4722
-1.6583,-1.9427
-1.6583,-1.2176
-1.4635,-1.5769
-1.4635,-2.0135
-1.4635,-0.74694
4.8715,4.2289
4.8715,4.8037
4.8715,5.1353
4.8715,4.9477
4.8715,5.7813
4.8715,3.9012
4.8715,5.6414
4.8715,3.9972
4.8715,4.7969
4.8715,4.6167
4.8715,5.3048
4.8715,4.2588
4.8715,5.0258
4.8715,4.8828
4.8715,4.193
4.8715,4.6032
4.8715,5.2115
4.8715,5.5722
4.8715,4.955
-6.3254,-5.7398
-6.3254,-5.6984
-6.3254,-6.6523
-6.3254,-6.6608
6.0428,5.1353
6.0428,6.7497
6.0428,5.7813
6.0428,5.6414
6.0428,6.0894
6.0428,6.7825
6.0428,5.8749
6.0428,5.5484
6.0428,6.4968
6.0428,5.9963
6.0428,5.5722
-2.0135,-2.068
-2.0135,-1.5769
-2.0135,-1.4635
-2.0135,-2.5668
-4.813,-4.8695
-4.813,-4.6891
-4.813,-3.9433
-4.813,-4.237
-4.813,-4.7612
-4.813,-5.5634
-4.813,-4.0782
-6.6523,-7.4241
-6.6523,-6.3254
-6.6523,-6.6608
-6.6523,-7.4121
-6.6523,-6.3496
0.67,0.35188
0.67,0.6638
0.67,0.0037727
0.67,1.4223
3.0004,3.9972
3.0004,3.1646
3.0004,3.7942
3.0004,3.0706
3.0004,3.7352
2.3764,1.578
2.3764,2.4621
2.3764,3.1493
2.3764,1.6464
2.3764,1.983
2.3764,2.3531
-6.9719,-7.8274
-6.9719,-6.9428
-6.9719,-7.3092
-6.9719,-6.448
-6.9719,-6.278
-6.9719,-6.5791
-6.9719,-6.0024
-6.9719,-6.6386
4.7333,4.8037
4.7333,5.7031
4.7333,4.5037
4.7333,4.6167
4.7333,3.8453
4.7333,4.8828
4.7333,5.5484
-2.5668,-2.068
-2.5668,-1.5769
-2.5668,-2.6457
-2.5668,-2.0014
-2.5668,-2.0135
-3.9433,-3.0091
-3.9433,-3.1105
-3.9433,-3.6416
-3.9433,-3.8064
-3.9433,-4.6891
-3.9433,-3.8056
-3.9433,-4.813
-3.9433,-4.237
-3.9433,-3.9836
-3.9433,-4.7612
-3.9433,-4.0782
-3.9433,-3.2484
1.4223,1.6464
1.4223,0.67
3.0706,3.9012
3.0706,3.36
3.0706,3.9972
3.0706,3.1646
3.0706,3.7942
3.0706,3.0004
3.0706,2.3808
3.0706,3.7352
-1.5745,-1.0828
-1.5745,-2.068
-1.5745,-1.5769
-1.5745,-2.0014
-1.5745,-1.6583
-1.5745,-1.0185
-1.5745,-1.2176
-5.0293,-5.6434
-5.0293,-5.7398
-5.0293,-4.5791
-5.0293,-4.7523
-5.0293,-5.3762
-5.0293,-5.5024
-5.0293,-5.7671
-5.0293,-5.8344
-5.0293,-4.6673
-1.4722,-1.0828
-1.4722,-0.67939
-1.4722,-1.2425
-1.4722,-2.0014
-1.4722,-2.2268
-1.4722,-1.6198
-1.4722,-1.6583
-1.4722,-0.46622
-1.4722,-0.89004
-1.4722,-1.9427
-1.4722,-1.2176
-8.1775,-9.1506
-8.1775,-8.0268
5.2633,4.4572
5.2633,5.1353
5.2633,4.9477
5.2633,6.0014
5.2633,5.3048
5.2633,5.2924
5.2633,4.6032
5.2633,5.2115
5.2633,5.9963
5.2633,4.955
6.7825,6.7497
6.7825,6.0894
6.7825,6.0428
6.7825,5.9963
-0.46622,-1.0828
-0.46622,-0.67939
-0.46622,-1.2425
-0.46622,-1.4722
-0.46622,0.15333
-0.46622,0.18234
-0.46622,-0.89004
3.8453,4.5037
3.8453,3.9972
3.8453,4.6167
3.8453,3.7942
3.8453,4.7333
3.8453,3.7352
-1.9268,-2.244
-1.9268,-2.5164
-1.9268,-2.9043
-1.9268,-1.3994
-1.9268,-2.149
-1.9268,-2.2274
-1.9268,-2.8449
-2.4422,-1.8142
-2.4422,-2.2268
-2.4422,-1.6198
-2.4422,-1.9427
-5.3762,-5.6434
-5.3762,-4.5791
-5.3762,-4.7523
-5.3762,-6.278
-5.3762,-5.0293
-5.3762,-5.5024
-5.3762,-6.0024
-5.3762,-5.7671
-5.3762,-5.8344
-9.8866,-9.5435
-0.74694,-0.40008
-0.74694,-1.4635
-0.74694,-1.0185
4.1015,4.0296
4.1015,5.0137
4.1015,3.4911
4.1015,4.5979
4.1015,3.1967
5.0258,4.2289
5.0258,4.8037
5.0258,5.1353
5.0258,4.9477
5.0258,5.7813
5.0258,5.6414
5.0258,4.5037
5.0258,4.7969
5.0258,4.6167
5.0258,4.8715
5.0258,4.8828
5.0258,5.8749
5.0258,4.193
5.0258,5.5484
5.0258,5.2115
5.0258,5.5722
5.0258,4.955
-5.5024,-5.065
-5.5024,-5.7398
-5.5024,-4.5791
-5.5024,-5.0293
-5.5024,-5.3762
-5.5024,-5.7671
-5.5024,-5.8344
-5.5024,-6.3496
-5.5024,-4.6673
-6.5791,-6.9428
-6.5791,-7.3092
-6.5791,-6.278
-6.5791,-6.9719
-6.5791,-6.0024
-6.5791,-5.7671
-6.5791,-6.6608
-6.5791,-5.8344
-6.5791,-6.6386
-6.5791,-6.3496
1.983,1.578
1.983,1.3407
1.983,1.1132
1.983,2.3764
1.983,2.3531
1.983,1.1677
1.983,2.3216
-9.3912,-8.838
-8.1816,-7.8274
-8.1816,-7.4241
-8.1816,-7.4121
4.8828,4.2289
4.8828,4.8037
4.8828,5.1353
4.8828,5.6414
4.8828,4.5037
4.8828,3.9972
4.8828,4.7969
4.8828,4.6167
4.8828,4.8715
4.8828,4.7333
4.8828,5.0258
4.8828,5.5484
4.8828,5.5722
2.3808,3.36
2.3808,3.1646
2.3808,3.0706
-2.1834,-3.0606
-2.1834,-3.1357
-2.1834,-2.5164
-2.1834,-1.3994
-2.1834,-2.2274
-1.3994,-1.9268
-1.3994,-2.1834
-1.3994,-2.2274
2.3531,3.1493
2.3531,2.3764
2.3531,1.983
2.3531,3.1839
2.3531,2.3216
5.8749,6.7497
5.8749,5.7813
5.8749,5.6414
5.8749,5.7031
5.8749,6.0894
5.8749,6.0428
5.8749,5.0258
5.8749,5.5484
5.8749,6.4968
5.8749,5.5722
0.15333,-0.67209
0.15333,-0.46622
-9.9758,-9.0454
-2.9676,-3.1105
-2.9676,-3.0606
-2.9676,-3.1357
-2.9676,-2.244
-2.9676,-3.8284
-2.9676,-3.239
-2.9676,-3.8056
-2.9676,-2.5164
-2.9676,-2.9043
-2.9676,-3.8807
-2.9676,-2.2274
-2.9676,-2.8449
-2.9676,-3.2484
-3.8807,-4.5974
-3.8807,-3.1357
-3.8807,-4.0998
-3.8807,-3.8284
-3.8807,-3.8064
-3.8807,-3.239
-3.8807,-3.8056
-3.8807,-2.9676
-3.8807,-4.237
-3.8807,-4.0782
-3.8807,-3.2484
-2.149,-3.0091
-2.149,-3.1105
-2.149,-2.244
-2.149,-2.1316
-2.149,-2.9043
-2.149,-1.9268
-2.149,-2.2274
-2.149,-2.8449
-6.0024,-5.6434
-6.0024,-5.826
-6.0024,-6.278
-6.0024,-6.9719
-6.0024,-5.3762
-6.0024,-6.5791
-6.0024,-5.7671
-6.0024,-6.6386
-6.0024,-6.3496
0.18234,-0.67939
0.18234,-0.40008
0.18234,-0.46622
-4.237,-4.5974
-4.237,-4.8695
-4.237,-3.8284
-4.237,-3.8064
-4.237,-3.8056
-4.237,-4.813
-4.237,-3.9433
-4.237,-3.8807
-4.237,-4.7612
-4.237,-4.0782
-4.237,-3.2484
-4.237,-4.8859
5.2924,4.4572
5.2924,4.9477
5.2924,6.0014
5.2924,5.3048
5.2924,5.2633
5.2924,4.6032
5.2924,5.2115
3.4911,4.0296
3.4911,2.6305
3.4911,3.6661
3.4911,3.3178
3.4911,4.1015
3.4911,3.1967
4.193,4.2289
4.193,4.8037
4.193,4.1159
4.193,4.2067
4.193,5.1353
4.193,4.9477
4.193,3.9012
4.193,3.36
4.193,3.9972
4.193,4.7969
4.193,4.2588
4.193,3.7942
4.193,4.8715
4.193,5.0258
4.193,4.6032
4.193,3.7352
4.193,4.955
-5.7671,-5.6434
-5.7671,-5.7398
-5.7671,-6.278
-5.7671,-5.0293
-5.7671,-5.3762
-5.7671,-5.5024
-5.7671,-6.5791
-5.7671,-6.0024
-5.7671,-5.8344
-5.7671,-6.3496
4.5979,5.3405
4.5979,4.0296
4.5979,4.4625
4.5979,4.9899
4.5979,5.0137
4.5979,4.1015
4.5979,4.8894
5.5484,4.8037
5.5484,5.6414
5.5484,5.7031
5.5484,4.6167
5.5484,6.0428
5.5484,4.7333
5.5484,5.0258
5.5484,4.8828
5.5484,5.8749
5.5484,6.4968
5.5484,5.5722
3.1839,3.1493
3.1839,2.3531
3.1839,2.3216
5.5862,5.9521
5.5862,5.3405
5.5862,5.0129
5.5862,5.7096
5.5862,5.0137
5.5862,5.9845
5.5862,4.8894
-0.89004,-1.0828
-0.89004,-0.67939
-0.89004,-1.2425
-0.89004,-0.67209
-0.89004,-1.023
-0.89004,-1.6198
-0.89004,-1.4722
-0.89004,-0.46622
-6.6608,-6.9428
-6.6608,-7.4241
-6.6608,-5.7398
-6.6608,-6.3254
-6.6608,-6.6523
-6.6608,-6.5791
-6.6608,-5.8344
-6.6608,-7.4121
-6.6608,-6.3496
4.6032,4.4572
4.6032,4.1159
4.6032,4.2067
4.6032,5.1353
4.6032,4.9477
4.6032,3.9012
4.6032,5.3048
4.6032,4.2588
4.6032,4.8715
4.6032,5.2633
4.6032,5.2924
4.6032,4.193
4.6032,5.2115
4.6032,4.955
-5.7174,-5.5854
-5.7174,-4.8859
-2.2274,-3.1357
-2.2274,-2.244
-2.2274,-2.5164
-2.2274,-2.9043
-2.2274,-1.9268
-2.2274,-2.1834
-2.2274,-1.3994
-2.2274,-2.9676
-2.2274,-2.149
6.4968,6.7497
6.4968,5.7031
6.4968,6.0428
6.4968,5.8749
6.4968,5.5484
6.4968,5.5722
-3.9836,-3.6416
-3.9836,-3.0378
-3.9836,-3.8064
-3.9836,-4.6891
-3.9836,-3.9433
-3.9836,-4.0782
-4.7612,-4.5974
-4.7612,-4.8695
-4.7612,-3.8064
-4.7612,-4.6891
-4.7612,-5.5854
-4.7612,-4.813
-4.7612,-3.9433
-4.7612,-4.237
-4.7612,-5.5634
-4.7612,-4.0782
5.2115,5.1353
5.2115,4.9477
5.2115,5.7813
5.2115,6.0014
5.2115,5.6414
5.2115,6.0894
5.2115,4.7969
5.2115,5.3048
5.2115,4.2588
5.2115,4.8715
5.2115,5.2633
5.2115,5.0258
5.2115,5.2924
5.2115,4.6032
5.2115,5.9963
5.2115,4.955
6.7774,5.9845
-8.838,-9.0454
-8.838,-8.0268
-8.838,-9.3912
3.7352,4.2289
3.7352,3.9012
3.7352,4.5037
3.7352,3.9972
3.7352,4.6167
3.7352,3.7942
3.7352,3.0004
3.7352,3.0706
3.7352,3.8453
3.7352,4.193
-5.5634,-4.8695
-5.5634,-5.5854
-5.5634,-4.813
-5.5634,-4.7612
-5.8344,-5.7398
-5.8344,-6.278
-5.8344,-5.0293
-5.8344,-5.3762
-5.8344,-5.5024
-5.8344,-6.5791
-5.8344,-5.7671
-5.8344,-6.6608
-5.8344,-6.3496
-6.6386,-5.6434
-6.6386,-7.3092
-6.6386,-5.826
-6.6386,-6.448
-6.6386,-6.278
-6.6386,-6.9719
-6.6386,-6.5791
-6.6386,-6.0024
-7.4121,-6.9428
-7.4121,-7.3092
-7.4121,-7.4241
-7.4121,-6.6523
-7.4121,-8.1816
-7.4121,-6.6608
-4.0782,-4.5974
-4.0782,-3.1105
-4.0782,-4.8695
-4.0782,-3.6416
-4.0782,-3.8064
-4.0782,-4.6891
-4.0782,-3.8056
-4.0782,-4.813
-4.0782,-3.9433
-4.0782,-3.8807
-4.0782,-4.237
-4.0782,-3.9836
-4.0782,-4.7612
-4.0782,-3.2484
5.9963,5.1353
5.9963,5.7813
5.9963,6.0014
5.9963,5.6414
5.9963,6.0894
5.9963,5.3048
5.9963,6.0428
5.9963,5.2633
5.9963,6.7825
5.9963,5.2115
-2.8449,-3.0091
-2.8449,-3.1105
-2.8449,-3.6416
-2.8449,-2.244
-2.8449,-3.0378
-2.8449,-3.8064
-2.8449,-3.239
-2.8449,-2.9043
-2.8449,-1.9268
-2.8449,-2.9676
-2.8449,-2.149
-2.8449,-3.2484
-6.3496,-6.9428
-6.3496,-5.7398
-6.3496,-6.278
-6.3496,-6.6523
-6.3496,-5.5024
-6.3496,-6.5791
-6.3496,-6.0024
-6.3496,-5.7671
-6.3496,-6.6608
-6.3496,-5.8344
-1.0185,-1.0828
-1.0185,-0.67939
-1.0185,-1.5769
-1.0185,-0.40008
-1.0185,-1.5745
-1.0185,-0.74694
-1.0185,-1.2176
1.1677,1.578
1.1677,1.3407
1.1677,1.1132
1.1677,1.983
5.5722,4.8037
5.5722,5.1353
5.5722,5.7813
5.5722,5.6414
5.5722,5.7031
5.5722,4.7969
5.5722,4.6167
5.5722,4.8715
5.5722,6.0428
5.5722,5.0258
5.5722,4.8828
5.5722,5.8749
5.5722,5.5484
5.5722,6.4968
-1.9427,-1.8142
-1.9427,-1.2425
-1.9427,-2.0014
-1.9427,-2.2268
-1.9427,-1.6198
-1.9427,-1.6583
-1.9427,-1.4722
-1.9427,-2.4422
4.8894,5.3405
4.8894,5.0129
4.8894,4.0296
4.8894,5.7096
4.8894,4.4625
4.8894,5.0137
4.8894,4.5979
4.8894,5.5862
-3.2484,-3.0091
-3.2484,-3.1105
-3.2484,-3.1357
-3.2484,-3.6416
-3.2484,-2.244
-3.2484,-3.8284
-3.2484,-3.8064
-3.2484,-3.239
-3.2484,-3.8056
-3.2484,-2.9043
-3.2484,-3.9433
-3.2484,-2.9676
-3.2484,-3.8807
-3.2484,-4.237
-3.2484,-4.0782
-3.2484,-2.8449
-4.8859,-4.5974
-4.8859,-4.8695
-4.8859,-4.0998
-4.8859,-5.5854
-4.8859,-4.237
-4.8859,-5.7174
-4.6673,-5.065
-4.6673,-4.5791
-4.6673,-5.0293
-4.6673,-5.5024
2.3216,1.3407
2.3216,1.983
2.3216,2.3531
2.3216,3.1839
3.1967,4.1015
3.1967,3.4911
-1.2176,-1.0828
-1.2176,-2.068
-1.2176,-0.67939
-1.2176,-1.5769
-1.2176,-0.40008
-1.2176,-2.0014
-1.2176,-1.6583
-1.2176,-1.5745
-1.2176,-1.4722
-1.2176,-1.0185
4.955,4.2289
4.955,4.8037
4.955,4.1159
4.955,5.1353
4.955,4.9477
4.955,5.7813
4.955,5.6414
4.955,4.7969
4.955,5.3048
4.955,4.2588
4.955,4.8715
4.955,5.2633
4.955,5.0258
4.955,4.193
4.955,4.6032
4.955,5.2115
2.7592,3.36
2.7592,2.6305
2.7592,3.6661
2.7592,3.3178
-9.1506,-10
9.974,10
-9.9758,-10
9.974,10
