4.0658,4.5948
4.0658,4.5561
4.0658,4.3992
4.0658,4.921
4.0658,3.8799
-2.3849,-2.6913
-2.3849,-3.264
-2.3849,-1.5471
-2.3849,-2.3943
-2.3849,-1.9575
-2.3849,-2.6436
-2.3849,-1.5432
-2.3849,-2.2515
-2.3849,-3.1973
-2.3849,-2.7199
-5.9041,-5.3739
-5.9041,-4.9312
-4.2411,-4.1082
-4.2411,-4.3499
-4.2411,-4.9312
-4.2411,-3.3513
-4.2411,-4.0805
-4.2411,-4.676
-4.2411,-3.9129
0.79032,1.2245
0.79032,1.6413
4.6278,4.4698
4.6278,5.1892
4.6278,3.9169
4.6278,4.7038
4.6278,4.4355
4.6278,4.1342
4.6278,4.1972
4.6278,5.2756
4.4698,4.6278
4.4698,3.9169
4.4698,4.7038
4.4698,5.2756
-4.1082,-4.2411
-4.1082,-3.4422
-4.1082,-4.4379
-4.1082,-3.2428
-4.1082,-4.3499
-4.1082,-4.9312
-4.1082,-3.1973
-4.1082,-3.6433
-4.1082,-3.9129
6.5462,5.6193
6.5462,6.8553
6.5462,6.0003
5.1892,4.6278
5.1892,5.7115
5.1892,4.7038
5.1892,5.4054
5.1892,4.5948
5.1892,4.4355
5.1892,5.7266
5.1892,4.9296
5.1892,5.2756
5.1892,5.0051
6.1502,6.4714
6.1502,5.6937
6.1502,5.2869
6.1502,5.3932
6.1502,6.8553
6.1502,6.0003
-5.3739,-5.9041
-5.3739,-5.7802
-5.3739,-4.9312
-5.3739,-4.676
-5.3739,-5.1115
-2.6913,-2.3849
-2.6913,-3.264
-2.6913,-3.0855
-2.6913,-3.4422
-2.6913,-1.9575
-2.6913,-2.6436
-2.6913,-2.2515
-2.6913,-3.1973
-2.6913,-3.6433
-2.6913,-2.7199
2.9132,3.7844
2.9132,3.2067
2.9132,3.7224
-1.8939,-1.7983
4.8135,4.2082
4.8135,4.087
4.8135,4.9303
4.8135,4.4897
4.8135,5.1152
4.8135,5.6937
4.8135,5.2869
4.8135,4.146
4.8135,4.933
3.9169,4.6278
3.9169,4.4698
3.9169,4.1342
3.9169,3.4987
4.7313,3.7844
4.7313,4.0135
4.7313,4.4897
4.7313,5.3932
4.7313,5.5871
4.7313,4.591
5.7115,5.1892
5.7115,6.2542
5.7115,6.2533
5.7115,5.4054
5.7115,5.3874
5.7115,5.0674
5.7115,4.9296
5.7115,6.0217
5.7115,5.3139
5.7115,5.7203
5.7115,5.0051
-3.2066,-2.769
-3.2066,-3.089
-3.2066,-2.7461
-3.2066,-2.8139
-3.2066,-3.5478
-3.2066,-3.5572
-3.2066,-3.8755
-3.2066,-2.2761
-5.1146,-5.6836
-5.1146,-4.5161
-3.264,-2.3849
-3.264,-2.6913
-3.264,-3.4422
-3.264,-2.6436
-3.264,-3.1973
-3.264,-3.8815
-3.264,-3.6433
-3.264,-2.7199
-6.7042,-7.3686
-6.7042,-6.0495
-6.7042,-6.4832
-6.7042,-6.3038
-6.7042,-5.9275
-6.7042,-6.7158
-6.7042,-7.4382
-6.5984,-5.6805
-6.5984,-5.8461
-6.5984,-6.4832
-6.5984,-6.2877
-6.5984,-6.3038
-6.5984,-6.2096
-6.5984,-7.3587
3.0597,2.4332
3.0597,2.6559
3.0597,3.107
3.0597,3.2122
3.0597,3.6157
3.0597,2.4787
-1.4714,-1.8118
-1.4714,-1.8179
-1.4714,-2.1972
-1.4714,-1.2795
-1.5471,-2.3849
-1.5471,-2.3943
-1.5471,-1.5432
-1.5471,-2.2515
-1.5471,-1.7138
0.8266,1.4341
0.8266,0.7591
-7.8824,-8.7296
4.7038,4.6278
4.7038,4.4698
4.7038,5.1892
4.7038,5.4054
4.7038,4.4355
4.7038,4.1342
4.7038,4.1972
4.7038,4.9296
4.7038,5.2756
-5.6196,-5.7241
-5.6196,-5.0335
-5.6196,-5.8461
-5.6196,-5.3499
-5.6196,-6.2877
-5.6196,-5.2902
-5.6196,-6.2096
4.2082,4.8135
4.2082,4.087
4.2082,4.9303
4.2082,4.146
4.2082,3.3007
4.087,4.8135
4.087,4.2082
4.087,4.4897
4.087,3.6362
4.087,4.146
4.087,4.933
4.087,3.3007
4.087,3.1419
-2.8611,-3.527
-2.8611,-3.0213
-2.8611,-2.4731
-2.8611,-2.2724
6.2542,5.7115
6.2542,6.2533
6.2542,5.4054
6.2542,5.7266
6.2542,6.0217
6.2542,5.7203
6.2542,7.0147
6.2533,5.7115
6.2533,6.2542
6.2533,6.3182
6.2533,5.3874
6.2533,5.9287
6.2533,6.0217
6.2533,5.3139
6.2533,5.7203
6.2533,6.6995
6.2533,5.7158
6.2533,7.0147
1.4341,0.8266
1.4341,1.9193
1.4341,0.7591
1.4341,2.0362
1.4341,1.9198
5.4054,5.1892
5.4054,5.7115
5.4054,4.7038
5.4054,6.2542
5.4054,4.5948
5.4054,5.7266
5.4054,4.9296
5.4054,6.0217
5.4054,5.3139
5.4054,5.7203
5.4054,5.0051
2.0019,2.4332
2.0019,1.2245
2.0019,1.6413
2.0019,1.576
2.0019,2.6559
2.0019,2.4787
-6.4016,-5.7241
-6.4016,-6.2877
-6.4016,-6.8605
4.5948,4.0658
4.5948,5.1892
4.5948,5.4054
4.5948,4.4355
4.5948,4.1342
4.5948,4.1972
4.5948,5.0674
4.5948,4.9296
4.5948,3.9274
4.5948,5.3139
4.5948,4.3992
4.5948,5.0051
4.5948,3.8799
-2.769,-3.2066
-2.769,-3.089
-2.769,-2.7461
-2.769,-2.8139
-2.769,-3.5572
-2.769,-1.8179
-2.769,-2.4429
-2.769,-2.1972
-2.769,-2.2761
-9.4773,-9.8502
4.9303,4.8135
4.9303,4.2082
4.9303,5.6193
4.9303,5.1152
3.7844,2.9132
3.7844,4.7313
3.7844,4.0135
3.7844,3.7224
5.6193,6.5462
5.6193,4.9303
5.6193,5.1152
5.6193,5.6937
5.6193,6.0003
-6.2937,-6.0495
-6.2937,-6.7546
-6.2937,-5.5222
-6.2937,-6.7158
-6.2338,-5.7802
-3.0855,-2.6913
-3.0855,-3.8815
-3.0855,-2.7199
-1.8118,-1.4714
-1.8118,-2.7461
-1.8118,-2.4429
-1.8118,-2.1972
-1.8118,-1.2795
-1.8118,-2.2724
-1.8118,-1.7983
6.3182,6.2533
6.3182,6.569
6.3182,5.3874
6.3182,5.9287
6.3182,6.2504
6.3182,5.7203
6.3182,6.6995
6.3182,7.3065
6.3182,5.7158
6.3182,6.9346
-3.4422,-4.1082
-3.4422,-2.6913
-3.4422,-3.264
-3.4422,-3.2428
-3.4422,-2.6436
-3.4422,-4.3499
-3.4422,-3.1973
-3.4422,-3.6433
-3.4422,-3.9129
7.3431,6.569
7.3431,6.6595
7.3431,6.9346
-7.3686,-6.7042
-7.3686,-6.7158
-7.3686,-7.4382
-3.527,-2.8611
-3.527,-3.0213
-3.527,-3.089
-3.0213,-2.8611
-3.0213,-3.527
-3.0213,-3.089
-3.0213,-2.4731
-3.0213,-2.7461
-3.0213,-2.4429
-3.0213,-2.2724
4.0135,4.7313
4.0135,3.7844
4.0135,4.4897
4.0135,3.6362
4.0135,3.2067
4.0135,3.7224
4.0135,4.146
4.0135,4.591
-4.4379,-4.1082
-4.4379,-4.3499
-4.4379,-3.8815
-4.4379,-5.2184
-4.4379,-3.6433
4.4355,4.6278
4.4355,5.1892
4.4355,4.7038
4.4355,4.5948
4.4355,4.1342
4.4355,4.1972
4.4355,4.9296
4.4355,3.9274
4.4355,3.6386
4.4355,5.0051
4.1342,4.6278
4.1342,3.9169
4.1342,4.7038
4.1342,4.5948
4.1342,4.4355
4.1342,4.1972
4.1342,3.4987
4.1342,4.9296
4.1342,3.9274
4.1342,3.6386
6.4714,6.1502
6.4714,6.8553
6.4714,5.5871
-2.3943,-2.3849
-2.3943,-1.5471
-2.3943,-3.2428
-2.3943,-2.2134
-2.3943,-2.6436
-2.3943,-2.2515
-2.3943,-1.7138
-2.3943,-3.1973
-2.3943,-2.9129
5.8988,5.2507
5.8988,6.569
5.8988,6.2504
5.8988,6.6595
5.8988,5.7158
-5.7802,-5.3739
-5.7802,-6.2338
-5.7802,-5.6836
-5.7802,-5.1115
1.9193,1.4341
1.9193,2.0362
5.7266,5.1892
5.7266,6.2542
5.7266,5.4054
5.7266,4.9296
5.7266,5.2756
5.7266,6.0217
-5.6805,-6.5984
-5.6805,-5.3112
-5.6805,-5.8461
-5.6805,-5.3499
-5.6805,-6.4832
-5.6805,-6.3038
-5.6805,-5.3829
-5.6805,-6.2096
-5.6805,-5.9275
-5.6805,-5.673
-5.6805,-4.79
5.2507,5.8988
5.2507,5.3874
5.2507,4.5561
5.2507,5.9287
5.2507,4.921
5.2507,5.7158
-1.9575,-2.3849
-1.9575,-2.6913
-1.9575,-1.5432
-1.9575,-2.7199
-6.0495,-6.7042
-6.0495,-6.2937
-6.0495,-6.3038
-6.0495,-5.5222
-6.0495,-5.3829
-6.0495,-5.9275
-6.0495,-6.7158
6.569,6.3182
6.569,7.3431
6.569,5.8988
6.569,5.9287
6.569,6.2504
6.569,6.6595
6.569,5.7158
6.569,6.9346
-5.7241,-5.6196
-5.7241,-6.4016
-5.7241,-5.2902
-3.2428,-4.1082
-3.2428,-3.4422
-3.2428,-2.3943
-3.2428,-2.6436
-3.2428,-3.3513
-3.2428,-3.1973
-3.2428,-2.9129
-3.2428,-3.9129
-7.6702,-8.5752
-2.2134,-2.3943
-2.2134,-1.7138
-2.2134,-2.9129
5.3874,5.7115
5.3874,6.2533
5.3874,6.3182
5.3874,5.2507
5.3874,5.0674
5.3874,4.5561
5.3874,5.9287
5.3874,5.3139
5.3874,5.7203
5.3874,5.0051
5.3874,4.921
5.3874,5.7158
4.4897,4.8135
4.4897,4.7313
4.4897,4.087
4.4897,4.0135
4.4897,5.1152
4.4897,5.2869
4.4897,3.6362
4.4897,5.3932
4.4897,3.7224
4.4897,4.146
4.4897,4.933
4.4897,4.591
5.1152,4.8135
5.1152,4.9303
5.1152,5.6193
5.1152,4.4897
5.1152,5.6937
5.1152,5.2869
5.1152,4.933
5.1152,6.0003
2.4332,3.0597
2.4332,2.0019
2.4332,1.576
2.4332,2.6559
2.4332,1.9198
2.4332,2.4787
4.1972,4.6278
4.1972,4.7038
4.1972,4.5948
4.1972,4.4355
4.1972,4.1342
4.1972,4.9296
4.1972,3.9274
4.1972,3.3186
4.1972,4.3992
4.1972,3.6386
4.1972,5.0051
4.1972,3.8799
5.6937,6.1502
5.6937,4.8135
5.6937,5.6193
5.6937,5.1152
5.6937,5.2869
5.6937,5.3932
5.6937,4.933
5.6937,6.0003
0.7591,0.8266
0.7591,1.4341
0.7591,1.2245
0.7591,0.45772
-5.3112,-5.6805
-5.3112,-4.7406
-5.3112,-5.3499
-5.3112,-5.3829
-5.3112,-4.3069
-5.3112,-5.9275
-5.3112,-5.673
-5.3112,-4.79
1.2245,0.79032
1.2245,2.0019
1.2245,0.7591
1.2245,1.576
1.2245,0.45772
-2.6436,-2.3849
-2.6436,-2.6913
-2.6436,-3.264
-2.6436,-3.4422
-2.6436,-2.3943
-2.6436,-3.2428
-2.6436,-2.2515
-2.6436,-3.1973
-2.6436,-2.9129
5.0674,5.7115
5.0674,4.5948
5.0674,5.3874
5.0674,4.9296
5.0674,4.5561
5.0674,5.3139
5.0674,5.7203
5.0674,4.3992
5.0674,5.0051
5.0674,4.921
-4.7406,-5.3112
-4.7406,-5.3829
-4.7406,-4.3069
-4.7406,-4.79
-5.0335,-5.6196
-5.0335,-5.8461
-5.0335,-5.3499
-5.0335,-5.2902
-5.0335,-4.5063
-5.0335,-4.79
-3.2898,-2.8139
-3.2898,-3.5478
-3.2898,-2.4722
5.2869,6.1502
5.2869,4.8135
5.2869,4.4897
5.2869,5.1152
5.2869,5.6937
5.2869,5.3932
5.2869,4.933
5.2869,5.5871
5.2869,6.0003
5.2869,4.591
-5.8461,-6.5984
-5.8461,-5.6196
-5.8461,-5.6805
-5.8461,-5.0335
-5.8461,-5.3499
-5.8461,-6.2877
-5.8461,-6.2096
-5.3499,-5.6196
-5.3499,-5.6805
-5.3499,-5.3112
-5.3499,-5.0335
-5.3499,-5.8461
-5.3499,-4.5063
-5.3499,-6.2096
-5.3499,-5.673
-5.3499,-4.79
-3.089,-3.2066
-3.089,-2.769
-3.089,-3.527
-3.089,-3.0213
-3.089,-2.7461
-3.089,-3.5572
-3.089,-2.4429
-3.089,-2.1972
-3.089,-3.8755
2.6684,3.4987
2.6684,3.0655
3.6362,4.087
3.6362,4.0135
3.6362,4.4897
3.6362,3.2067
3.6362,3.7224
3.6362,4.146
3.6362,3.3007
3.6362,3.1419
3.4987,3.9169
3.4987,4.1342
3.4987,2.6684
3.4987,3.6386
3.4987,3.0655
-2.4731,-2.8611
-2.4731,-3.0213
-2.4731,-2.4429
-2.4731,-2.2724
-2.4731,-1.7983
4.9296,5.1892
4.9296,5.7115
4.9296,4.7038
4.9296,5.4054
4.9296,4.5948
4.9296,4.4355
4.9296,4.1342
4.9296,5.7266
4.9296,4.1972
4.9296,5.0674
4.9296,3.9274
4.9296,5.3139
4.9296,4.3992
4.9296,5.0051
1.6413,0.79032
1.6413,2.0019
3.2067,2.9132
3.2067,4.0135
3.2067,3.6362
3.2067,3.7224
3.2067,3.1419
-6.4832,-6.7042
-6.4832,-6.5984
-6.4832,-5.6805
-6.4832,-6.3038
-6.4832,-6.2096
-6.4832,-5.9275
-6.4832,-5.673
-6.4832,-7.4382
2.0362,1.4341
2.0362,1.9193
2.0362,1.9198
2.0362,2.8349
2.0362,2.4787
-9.465,-8.5752
-6.7546,-6.2937
-6.7546,-7.6369
-6.7546,-6.7158
5.3932,6.1502
5.3932,4.7313
5.3932,4.4897
5.3932,5.6937
5.3932,5.2869
5.3932,4.933
5.3932,5.5871
5.3932,4.591
6.8553,6.5462
6.8553,6.1502
6.8553,6.4714
6.8553,6.0003
-2.7461,-3.2066
-2.7461,-2.769
-2.7461,-1.8118
-2.7461,-3.0213
-2.7461,-3.089
-2.7461,-3.5572
-2.7461,-2.4429
-2.7461,-2.1972
-2.7461,-2.2761
-2.8139,-3.2066
-2.8139,-2.769
-2.8139,-3.2898
-2.8139,-3.5478
-2.8139,-2.4722
-2.8139,-2.2761
4.5561,4.0658
4.5561,5.2507
4.5561,5.3874
4.5561,5.0674
4.5561,4.3992
4.5561,4.921
-6.4279,-5.6836
5.9287,6.2533
5.9287,6.3182
5.9287,5.2507
5.9287,6.569
5.9287,5.3874
5.9287,6.2504
5.9287,5.3139
5.9287,5.7203
5.9287,6.6995
5.9287,5.7158
-3.5478,-3.2066
-3.5478,-3.2898
-3.5478,-2.8139
-4.3499,-4.2411
-4.3499,-4.1082
-4.3499,-3.4422
-4.3499,-4.4379
-4.3499,-4.9312
-4.3499,-5.2184
-4.3499,-3.6433
-4.3499,-3.9129
-6.2877,-6.5984
-6.2877,-5.6196
-6.2877,-6.4016
-6.2877,-5.8461
-6.2877,-6.2096
-6.2877,-6.8605
1.576,2.0019
1.576,2.4332
1.576,1.2245
1.576,1.9198
1.576,2.4787
2.6559,3.0597
2.6559,2.0019
2.6559,2.4332
2.6559,3.2122
3.107,3.0597
3.107,2.8349
3.107,3.6157
3.107,2.4787
-7.6369,-6.7546
6.2504,6.3182
6.2504,5.8988
6.2504,6.569
6.2504,5.9287
6.2504,6.6595
6.2504,5.7158
6.2504,6.9346
-3.5572,-3.2066
-3.5572,-2.769
-3.5572,-3.089
-3.5572,-2.7461
-3.5572,-3.8755
-4.9312,-5.9041
-4.9312,-4.2411
-4.9312,-4.1082
-4.9312,-5.3739
-4.9312,-4.3499
-4.9312,-4.676
-4.9312,-5.2184
1.9198,1.4341
1.9198,2.4332
1.9198,2.0362
1.9198,1.576
1.9198,2.4787
3.9274,4.5948
3.9274,4.4355
3.9274,4.1342
3.9274,4.1972
3.9274,4.9296
3.9274,3.3186
3.9274,4.3992
3.9274,3.6386
3.9274,3.0655
3.9274,3.8799
-1.8179,-1.4714
-1.8179,-2.769
-1.8179,-2.1972
-1.8179,-2.2761
-6.3038,-6.7042
-6.3038,-6.5984
-6.3038,-5.6805
-6.3038,-6.0495
-6.3038,-6.4832
-6.3038,-5.3829
-6.3038,-6.2096
-6.3038,-5.9275
-6.3038,-5.673
-6.3038,-6.7158
-2.4429,-2.769
-2.4429,-1.8118
-2.4429,-3.0213
-2.4429,-3.089
-2.4429,-2.4731
-2.4429,-2.7461
-2.4429,-2.1972
-2.4429,-2.2724
-8.7296,-7.8824
-8.7296,-8.5752
5.2756,4.6278
5.2756,4.4698
5.2756,5.1892
5.2756,4.7038
5.2756,5.7266
6.0217,5.7115
6.0217,6.2542
6.0217,6.2533
6.0217,5.4054
6.0217,5.7266
6.0217,5.3139
6.0217,5.7203
-2.1972,-1.4714
-2.1972,-2.769
-2.1972,-1.8118
-2.1972,-3.089
-2.1972,-2.7461
-2.1972,-1.8179
-2.1972,-2.4429
-2.1972,-2.2724
-2.1972,-2.2761
6.6595,7.3431
6.6595,5.8988
6.6595,6.569
6.6595,6.2504
-1.5432,-2.3849
-1.5432,-1.5471
-1.5432,-1.9575
-1.5432,-2.2515
-3.8755,-3.2066
-3.8755,-3.089
-3.8755,-3.5572
-5.5222,-6.2937
-5.5222,-6.0495
-5.5222,-5.3829
-5.5222,-5.9275
-9.8502,-9.4773
-2.4722,-3.2898
-2.4722,-2.8139
-2.4722,-2.2761
3.7224,2.9132
3.7224,3.7844
3.7224,4.0135
3.7224,4.4897
3.7224,3.6362
3.7224,3.2067
3.7224,4.146
3.7224,4.591
3.7224,3.1419
5.3139,5.7115
5.3139,6.2533
5.3139,5.4054
5.3139,4.5948
5.3139,5.3874
5.3139,5.0674
5.3139,4.9296
5.3139,5.9287
5.3139,6.0217
5.3139,5.7203
5.3139,4.3992
5.3139,5.0051
5.3139,4.921
-5.2902,-5.6196
-5.2902,-5.7241
-5.2902,-5.0335
-4.5063,-5.0335
-4.5063,-5.3499
-4.5063,-4.3069
-4.5063,-4.79
3.2122,3.0597
3.2122,2.6559
-8.5752,-7.6702
-8.5752,-9.465
-8.5752,-8.7296
-8.5752,-8.3588
-5.3829,-5.6805
-5.3829,-6.0495
-5.3829,-5.3112
-5.3829,-4.7406
-5.3829,-6.3038
-5.3829,-5.5222
-5.3829,-5.9275
-5.3829,-5.673
5.7203,5.7115
5.7203,6.2542
5.7203,6.2533
5.7203,5.4054
5.7203,6.3182
5.7203,5.3874
5.7203,5.0674
5.7203,5.9287
5.7203,6.0217
5.7203,5.3139
5.7203,5.0051
5.7203,4.921
3.3186,4.1972
3.3186,3.9274
3.3186,3.6386
3.3186,3.0655
3.3186,3.8799
-3.3513,-4.2411
-3.3513,-3.2428
-3.3513,-4.0805
-3.3513,-2.9129
-3.3513,-3.9129
-2.2515,-2.3849
-2.2515,-2.6913
-2.2515,-1.5471
-2.2515,-2.3943
-2.2515,-2.6436
-2.2515,-1.5432
-2.2515,-1.7138
-2.2515,-3.1973
2.8349,2.0362
2.8349,3.107
2.8349,2.4787
4.3992,4.0658
4.3992,4.5948
4.3992,4.1972
4.3992,5.0674
4.3992,4.9296
4.3992,4.5561
4.3992,3.9274
4.3992,5.3139
4.3992,5.0051
4.3992,4.921
4.3992,3.8799
-4.3069,-5.3112
-4.3069,-4.7406
-4.3069,-4.5063
-4.3069,-4.79
-4.0805,-4.2411
-4.0805,-3.3513
-4.0805,-4.676
-4.0805,-3.9129
-4.676,-4.2411
-4.676,-5.3739
-4.676,-4.9312
-4.676,-4.0805
-4.676,-5.1115
-1.7138,-1.5471
-1.7138,-2.3943
-1.7138,-2.2134
-1.7138,-2.2515
-6.2096,-6.5984
-6.2096,-5.6196
-6.2096,-5.6805
-6.2096,-5.8461
-6.2096,-5.3499
-6.2096,-6.4832
-6.2096,-6.2877
-6.2096,-6.3038
-6.2096,-5.673
-1.2795,-1.4714
-1.2795,-1.8118
-1.2795,-2.2724
-1.2795,-1.7983
-3.1973,-2.3849
-3.1973,-4.1082
-3.1973,-2.6913
-3.1973,-3.264
-3.1973,-3.4422
-3.1973,-2.3943
-3.1973,-3.2428
-3.1973,-2.6436
-3.1973,-2.2515
-3.1973,-2.9129
-3.1973,-3.6433
-3.1973,-3.9129
3.6386,4.4355
3.6386,4.1342
3.6386,4.1972
3.6386,3.4987
3.6386,3.9274
3.6386,3.3186
3.6386,3.0655
4.146,4.8135
4.146,4.2082
4.146,4.087
4.146,4.0135
4.146,4.4897
4.146,3.6362
4.146,3.7224
4.146,4.933
4.146,4.591
4.146,3.1419
5.0051,5.1892
5.0051,5.7115
5.0051,5.4054
5.0051,4.5948
5.0051,4.4355
5.0051,5.3874
5.0051,4.1972
5.0051,5.0674
5.0051,4.9296
5.0051,5.3139
5.0051,5.7203
5.0051,4.3992
-5.9275,-6.7042
-5.9275,-5.6805
-5.9275,-6.0495
-5.9275,-5.3112
-5.9275,-6.4832
-5.9275,-6.3038
-5.9275,-5.5222
-5.9275,-5.3829
-5.9275,-5.673
-5.9275,-6.7158
4.933,4.8135
4.933,4.087
4.933,4.4897
4.933,5.1152
4.933,5.6937
4.933,5.2869
4.933,5.3932
4.933,4.146
4.933,4.591
6.6995,6.2533
6.6995,6.3182
6.6995,5.9287
6.6995,7.3065
6.6995,7.0147
6.6995,6.9346
3.6157,3.0597
3.6157,3.107
5.5871,4.7313
5.5871,6.4714
5.5871,5.2869
5.5871,5.3932
5.5871,4.591
-2.2724,-2.8611
-2.2724,-1.8118
-2.2724,-3.0213
-2.2724,-2.4731
-2.2724,-2.4429
-2.2724,-2.1972
-2.2724,-1.2795
-2.2724,-1.7983
-6.8605,-6.4016
-6.8605,-6.2877
3.0655,2.6684
3.0655,3.4987
3.0655,3.9274
3.0655,3.3186
3.0655,3.6386
-5.6836,-5.1146
-5.6836,-5.7802
-5.6836,-6.4279
-2.9129,-2.3943
-2.9129,-3.2428
-2.9129,-2.2134
-2.9129,-2.6436
-2.9129,-3.3513
-2.9129,-3.1973
7.3065,6.3182
7.3065,6.6995
7.3065,7.0147
7.3065,6.9346
-3.8815,-3.264
-3.8815,-3.0855
-3.8815,-4.4379
-3.8815,-3.6433
-4.5161,-5.1146
-4.5161,-5.1115
4.921,4.0658
4.921,5.2507
4.921,5.3874
4.921,5.0674
4.921,4.5561
4.921,5.3139
4.921,5.7203
4.921,4.3992
4.921,5.7158
6.0003,6.5462
6.0003,6.1502
6.0003,5.6193
6.0003,5.1152
6.0003,5.6937
6.0003,5.2869
6.0003,6.8553
-8.3588,-8.5752
5.7158,6.2533
5.7158,6.3182
5.7158,5.8988
5.7158,5.2507
5.7158,6.569
5.7158,5.3874
5.7158,5.9287
5.7158,6.2504
5.7158,4.921
-5.2184,-4.4379
-5.2184,-4.3499
-5.2184,-4.9312
-5.673,-5.6805
-5.673,-5.3112
-5.673,-5.3499
-5.673,-6.4832
-5.673,-6.3038
-5.673,-5.3829
-5.673,-6.2096
-5.673,-5.9275
-6.7158,-6.7042
-6.7158,-6.2937
-6.7158,-7.3686
-6.7158,-6.0495
-6.7158,-6.7546
-6.7158,-6.3038
-6.7158,-5.9275
-7.3587,-6.5984
-7.3587,-7.4382
-3.6433,-4.1082
-3.6433,-2.6913
-3.6433,-3.264
-3.6433,-3.4422
-3.6433,-4.4379
-3.6433,-4.3499
-3.6433,-3.1973
-3.6433,-3.8815
7.0147,6.2542
7.0147,6.2533
7.0147,6.6995
7.0147,7.3065
-2.7199,-2.3849
-2.7199,-2.6913
-2.7199,-3.264
-2.7199,-3.0855
-2.7199,-1.9575
-7.4382,-6.7042
-7.4382,-7.3686
-7.4382,-6.4832
-7.4382,-7.3587
2.3648,3.1419
0.45772,0.7591
0.45772,1.2245
3.8799,4.0658
3.8799,4.5948
3.8799,4.1972
3.8799,3.9274
3.8799,3.3186
3.8799,4.3992
-1.7983,-1.8939
-1.7983,-1.8118
-1.7983,-2.4731
-1.7983,-1.2795
-1.7983,-2.2724
4.591,4.7313
4.591,4.0135
4.591,4.4897
4.591,5.2869
4.591,5.3932
4.591,3.7224
4.591,4.146
4.591,4.933
4.591,5.5871
-3.9129,-4.2411
-3.9129,-4.1082
-3.9129,-3.4422
-3.9129,-3.2428
-3.9129,-4.3499
-3.9129,-3.3513
-3.9129,-4.0805
-3.9129,-3.1973
-5.1115,-5.3739
-5.1115,-5.7802
-5.1115,-4.676
-5.1115,-4.5161
-4.79,-5.6805
-4.79,-5.3112
-4.79,-4.7406
-4.79,-5.0335
-4.79,-5.3499
-4.79,-4.5063
-4.79,-4.3069
2.4787,3.0597
2.4787,2.0019
2.4787,2.4332
2.4787,2.0362
2.4787,1.576
2.4787,3.107
2.4787,1.9198
2.4787,2.8349
3.3007,4.2082
3.3007,4.087
3.3007,3.6362
3.3007,3.1419
-2.2761,-3.2066
-2.2761,-2.769
-2.2761,-2.7461
-2.2761,-2.8139
-2.2761,-1.8179
-2.2761,-2.1972
-2.2761,-2.4722
6.9346,6.3182
6.9346,7.3431
6.9346,6.569
6.9346,6.2504
6.9346,6.6995
6.9346,7.3065
3.1419,4.087
3.1419,3.6362
3.1419,3.2067
3.1419,3.7224
3.1419,4.146
3.1419,2.3648
3.1419,3.3007
-9.4773,-10
9.5981,10
