4.1621,4.8727
-3.4725,-3.1768
-3.4725,-4.0292
-3.4725,-4.3366
-3.4725,-3.1563
-6.48,-6.5368
-6.48,-7.1904
-6.48,-5.808
-2.6964,-2.2794
-2.6964,-3.0779
-2.6964,-2.1393
1.1145,1.453
1.1145,0.53407
4.7029,4.324
4.7029,3.9038
4.7029,3.9789
4.7029,4.9005
4.7029,5.47
4.7029,4.707
3.9778,3.9907
3.9778,3.2384
3.9778,4.8164
-5.1549,-5.808
-5.1549,-5.2565
7.5355,6.9947
7.5355,7.0628
7.5355,7.9304
3.7647,3.214
3.7647,3.9038
3.7647,3.1828
3.7647,3.4948
3.7647,4.2184
3.7647,4.2679
6.9947,7.5355
6.9947,6.4791
6.9947,6.328
6.9947,7.9304
-6.5368,-6.48
-6.5368,-7.4237
-6.5368,-5.5312
-6.5368,-6.337
-2.1332,-2.7699
-2.1332,-2.2794
-2.1332,-1.6363
-2.1332,-1.6158
0.24738,1.2253
-2.1313,-1.3678
-2.1313,-1.5424
-2.1313,-2.6191
5.8288,5.1083
5.8288,6.2212
5.8288,6.4788
3.9907,3.9778
3.9907,3.2384
3.9907,3.9789
3.9907,4.8164
3.9907,4.707
3.9907,3.5119
5.0315,4.2184
-2.3273,-2.5469
-2.3273,-1.5222
-2.3273,-1.8287
-2.3273,-2.2884
-2.3273,-1.3941
-2.3273,-3.094
-2.7699,-2.1332
-2.7699,-2.2794
-2.7699,-2.852
-2.7699,-3.1563
-6.9182,-6.3659
-6.9182,-6.6116
-6.9182,-7.4568
-6.3659,-6.9182
-6.3659,-5.8359
-6.3659,-5.7387
-6.3659,-6.7277
2.8251,1.857
2.8251,2.5125
2.8251,3.6995
-1.3678,-2.1313
-1.3678,-1.6392
-0.88645,-1.6363
0.78532,1.2515
0.78532,1.7247
-6.9227,-7.8175
4.324,4.7029
4.324,3.9038
4.324,3.9789
4.324,4.9005
4.324,3.4948
4.324,4.707
4.324,4.2679
-5.3712,-4.7635
-5.3712,-4.7597
-5.3712,-5.8359
5.1083,5.8288
-1.6392,-1.3678
-1.6392,-1.8287
-1.6392,-2.1624
-1.6392,-2.6191
-1.6392,-0.96662
6.494,6.7585
6.494,5.7691
6.494,6.0652
6.494,6.6931
6.494,7.4007
6.494,7.3293
1.857,2.8251
1.857,1.2515
1.857,1.7247
1.857,2.5125
2.4449,3.3261
-4.7635,-5.3712
-4.7635,-5.2228
-4.7635,-4.0727
3.214,3.7647
3.214,3.1828
3.214,2.5604
-2.5469,-2.3273
-2.5469,-2.2884
-2.5469,-2.8781
-2.5469,-3.1772
-2.5469,-1.8736
-2.5469,-3.094
8.5414,9.4535
7.0979,6.2212
7.0979,6.4788
2.9728,2.1649
7.0628,7.5355
7.0628,6.4788
7.0628,6.4791
-6.127,-6.5204
-7.1904,-6.48
-3.1768,-3.4725
-3.1768,-2.3287
-1.5222,-2.3273
-1.5222,-0.85762
-1.5222,-1.3941
-1.5222,-1.8736
5.4344,5.7461
5.4344,5.7691
5.4344,6.0652
5.4344,4.8932
-4.0292,-3.4725
-4.0292,-4.3366
-4.0292,-3.1563
7.5876,6.6475
7.5876,7.3293
-7.7419,-7.1688
-7.7419,-7.1594
-2.842,-3.4593
-2.842,-2.1624
-2.842,-2.2884
-2.842,-2.6191
-2.842,-3.094
-1.8287,-2.3273
-1.8287,-1.6392
-1.8287,-2.1624
-1.8287,-2.2884
-1.8287,-1.3941
-1.8287,-0.96662
2.9904,2.1649
2.9904,3.7347
-5.808,-6.48
-5.808,-5.1549
-5.808,-5.5312
-5.808,-6.1598
3.9038,4.7029
3.9038,3.7647
3.9038,4.324
3.9038,3.1828
3.9038,3.9789
3.9038,3.4948
3.9038,4.2679
3.9038,3.5119
3.1828,3.7647
3.1828,3.214
3.1828,3.9038
3.1828,2.5604
3.1828,3.4948
6.4027,6.328
6.4027,7.3318
-1.0604,-1.6614
-1.0604,-0.92393
5.7461,5.4344
5.7461,6.0652
5.7461,6.6475
-7.4237,-6.5368
1.2515,0.78532
1.2515,1.857
8.9973,8.1363
-3.6992,-3.1613
-3.6992,-4.0987
-3.6992,-3.6243
4.524,3.9154
-2.3287,-3.1768
-2.3287,-1.6363
-5.8875,-6.6116
-6.9411,-7.2412
6.7585,6.494
6.7585,6.0652
6.7585,6.6475
6.7585,7.4007
6.7585,7.3293
-6.6163,-6.8986
-6.6163,-7.4844
-2.2794,-2.6964
-2.2794,-2.1332
-2.2794,-2.7699
-2.2794,-1.6614
-2.2794,-1.6158
-2.2794,-2.852
-2.2794,-2.1393
-6.8469,-6.3163
5.7691,6.494
5.7691,5.4344
5.7691,5.359
5.7691,6.0652
5.7691,6.6931
5.7691,4.8932
2.9319,3.7871
6.2212,5.8288
6.2212,7.0979
6.2212,6.4788
1.7247,0.78532
1.7247,1.857
1.7247,1.453
1.7247,2.5125
2.5604,3.214
2.5604,3.1828
6.4788,5.8288
6.4788,7.0979
6.4788,7.0628
6.4788,6.2212
6.4788,6.0813
-0.74268,0.055668
-4.0774,-4.7597
-4.0774,-4.0727
-1.6614,-1.0604
-1.6614,-2.2794
-1.6614,-1.6158
-1.6614,-2.1393
5.359,5.7691
5.359,4.8727
5.359,5.8615
5.359,4.8932
-3.1613,-3.6992
-3.1613,-4.0987
-5.9955,-6.8986
-4.0831,-3.1772
6.4791,6.9947
6.4791,7.0628
6.4791,6.0813
-4.7597,-5.3712
-4.7597,-4.0774
-4.0987,-3.6992
-4.0987,-3.1613
-4.0987,-4.8726
-3.4593,-2.842
-3.4593,-3.2469
-3.4593,-2.6191
3.2384,3.9778
3.2384,3.9907
3.2384,3.5119
2.1649,2.9728
2.1649,2.9904
3.9789,4.7029
3.9789,3.9907
3.9789,4.324
3.9789,3.9038
3.9789,3.4948
3.9789,4.707
3.9789,3.5119
-2.1624,-1.6392
-2.1624,-2.842
-2.1624,-1.8287
-2.1624,-2.2884
-2.1624,-2.6191
4.9005,4.7029
4.9005,4.324
4.9005,4.2679
1.453,1.1145
1.453,1.7247
1.453,0.53407
-5.8359,-6.3659
-5.8359,-5.3712
-5.8359,-5.2228
-5.8359,-6.7277
-5.8359,-6.4665
0.53407,1.1145
0.53407,1.453
0.53407,0.055668
-7.9876,-7.2567
-6.3163,-6.8469
-6.3163,-7.2412
6.328,6.9947
6.328,6.4027
7.9304,7.5355
7.9304,6.9947
-2.2884,-2.3273
-2.2884,-2.5469
-2.2884,-2.842
-2.2884,-1.8287
-2.2884,-2.1624
-2.2884,-1.3941
-2.2884,-3.094
-2.8781,-2.5469
-2.8781,-3.1772
4.8727,4.1621
4.8727,5.359
4.8727,4.8932
4.8727,4.6964
-6.8986,-6.6163
-6.8986,-5.9955
5.8615,5.359
-3.1772,-2.5469
-3.1772,-4.0831
-3.1772,-2.8781
-3.1772,-3.094
-5.2565,-5.1549
-5.2565,-4.3366
-5.2565,-6.1598
-5.7387,-6.3659
-5.7387,-5.2228
-5.7387,-4.8726
0.055668,-0.74268
0.055668,0.53407
0.055668,0.54165
3.3261,2.4449
3.3261,3.9154
-7.1688,-7.7419
-7.1688,-6.5204
6.0652,6.494
6.0652,5.4344
6.0652,5.7461
6.0652,6.7585
6.0652,5.7691
6.0652,6.6475
-3.6038,-3.094
-5.5312,-6.5368
-5.5312,-5.808
-5.5312,-6.337
3.4948,3.7647
3.4948,4.324
3.4948,3.9038
3.4948,3.1828
3.4948,3.9789
3.4948,2.9206
3.4948,3.5119
-0.85762,-1.5222
-0.85762,-0.40888
-4.4667,-3.6243
-4.4667,-5.2228
-4.4667,-4.8726
-1.3941,-2.3273
-1.3941,-1.5222
-1.3941,-1.8287
-1.3941,-2.2884
-1.3941,-0.40888
-1.3941,-0.96662
-7.8175,-6.9227
-7.8175,-8.115
4.8164,3.9778
4.8164,3.9907
4.8164,4.707
8.1363,8.9973
-0.40888,-0.85762
-0.40888,-1.3941
6.6475,7.5876
6.6475,5.7461
6.6475,6.7585
6.6475,6.0652
-1.6363,-2.1332
-1.6363,-0.88645
-1.6363,-2.3287
-3.2469,-3.4593
-3.2469,-2.6191
-6.5204,-6.127
-6.5204,-7.1688
-6.5204,-7.1594
-1.8736,-2.5469
-1.8736,-1.5222
4.4488,3.7871
3.6479,4.2184
-3.6243,-3.6992
-3.6243,-4.4667
-5.2228,-4.7635
-5.2228,-5.8359
-5.2228,-5.7387
-5.2228,-4.4667
-5.2228,-4.8726
2.5125,2.8251
2.5125,1.857
2.5125,1.7247
2.5125,3.2884
-7.2567,-7.9876
-7.1594,-7.7419
-7.1594,-6.5204
-7.1594,-7.8406
-7.1594,-6.6116
4.2184,3.7647
4.2184,5.0315
4.2184,3.6479
4.2184,4.2679
4.2184,4.6964
2.9206,3.4948
2.9206,3.5119
-1.7405,-0.92393
-1.7405,-2.1393
-1.6158,-2.1332
-1.6158,-2.2794
-1.6158,-1.6614
3.6995,2.8251
3.6995,3.2884
5.47,4.7029
5.47,4.707
-8.115,-7.8175
-3.9036,-3.0779
-4.1532,-3.3321
-7.8406,-7.1594
-1.5424,-2.1313
-3.0779,-2.6964
-3.0779,-3.9036
4.707,4.7029
4.707,3.9907
4.707,4.324
4.707,3.9789
4.707,4.8164
4.707,5.47
3.7871,2.9319
3.7871,4.4488
4.2679,3.7647
4.2679,4.324
4.2679,3.9038
4.2679,4.9005
4.2679,4.2184
-4.8726,-4.0987
-4.8726,-5.7387
-4.8726,-4.4667
-4.8726,-5.2228
6.0813,6.4788
6.0813,6.4791
6.6931,6.494
6.6931,5.7691
6.6931,7.4007
3.9154,4.524
3.9154,3.3261
3.9154,3.2884
-2.6191,-2.1313
-2.6191,-1.6392
-2.6191,-2.842
-2.6191,-3.4593
-2.6191,-2.1624
-2.6191,-3.2469
-6.7277,-6.3659
-6.7277,-5.8359
-6.7277,-7.4568
-6.7277,-6.4665
3.5119,3.9907
3.5119,3.9038
3.5119,3.2384
3.5119,3.9789
3.5119,3.4948
3.5119,2.9206
-7.4844,-6.6163
-0.92393,-1.0604
-0.92393,-1.7405
7.4007,6.494
7.4007,6.7585
7.4007,6.6931
7.4007,7.3293
-4.3366,-3.4725
-4.3366,-4.0292
-4.3366,-5.2565
-6.337,-6.5368
-6.337,-5.5312
-6.337,-6.9135
7.3318,6.4027
-7.2412,-6.9411
-7.2412,-6.3163
4.8932,5.4344
4.8932,5.7691
4.8932,5.359
4.8932,4.8727
-6.1598,-5.808
-6.1598,-5.2565
-4.0727,-4.7635
-4.0727,-4.0774
-6.6116,-6.9182
-6.6116,-5.8875
-6.6116,-7.1594
-7.4568,-6.9182
-7.4568,-6.7277
-2.852,-2.7699
-2.852,-2.2794
-3.1563,-3.4725
-3.1563,-2.7699
-3.1563,-4.0292
-6.4665,-5.8359
-6.4665,-6.7277
1.1838,1.2253
0.54165,0.055668
4.6964,4.8727
4.6964,4.2184
-0.96662,-1.6392
-0.96662,-1.8287
-0.96662,-1.3941
3.7347,2.9904
-2.1393,-2.6964
-2.1393,-2.2794
-2.1393,-1.6614
-2.1393,-1.7405
-6.9135,-6.337
-3.3321,-4.1532
3.2884,2.5125
3.2884,3.6995
3.2884,3.9154
9.4535,8.5414
1.2253,0.24738
1.2253,1.1838
-3.094,-2.3273
-3.094,-2.5469
-3.094,-2.842
-3.094,-2.2884
-3.094,-3.1772
-3.094,-3.6038
7.3293,6.494
7.3293,7.5876
7.3293,6.7585
7.3293,7.4007
