-2.8124,-3.6799
-2.8124,-3.7849
-2.8124,-3.0095
-2.8124,-2.4545
-2.8124,-2.1477
-2.8124,-3.0128
-2.8124,-2.4385
-2.8124,-2.7911
-2.8124,-3.4159
-2.8124,-3.1381
-2.8124,-3.2028
-2.8124,-2.7257
-2.8124,-3.4632
-2.8124,-2.1812
-2.8124,-2.1838
-6.3062,-6.519
-6.3062,-6.4866
-6.3062,-5.9025
-6.3062,-7.24
-6.3062,-5.5332
-6.3062,-6.8553
-6.3062,-6.0832
-6.3062,-5.6989
-4.811,-4.5936
-4.811,-5.4302
-4.811,-4.0261
-4.811,-5.0536
-4.811,-4.4774
-4.811,-5.1326
-4.811,-5.4292
-4.811,-5.4432
-4.811,-4.5595
-4.811,-5.1157
-4.1455,-4.5936
-4.1455,-4.5503
-4.1455,-3.7782
-4.1455,-4.8597
-4.1455,-4.5595
-4.1455,-5.1157
0.84397,1.3799
0.84397,0.041075
-3.1497,-2.7616
-3.1497,-2.2824
-3.1497,-3.3009
-3.1497,-3.9214
-3.1497,-3.0816
-3.1497,-2.607
-3.1497,-3.2028
-3.1497,-3.4694
-3.1497,-3.9634
-4.6962,-4.1066
-4.6962,-3.7849
-4.6962,-3.9608
-4.5936,-4.811
-4.5936,-4.1455
-4.5936,-5.4302
-4.5936,-4.0261
-4.5936,-5.0536
-4.5936,-4.4774
-4.5936,-5.1326
-4.5936,-5.4292
-4.5936,-3.7782
-4.5936,-4.5595
-4.5936,-5.1157
6.9336,6.1058
6.9336,6.4067
6.9336,7.2083
-3.6799,-2.8124
-3.6799,-4.1066
-3.6799,-3.7849
-3.6799,-3.0095
-3.6799,-3.9214
-3.6799,-3.0816
-3.6799,-3.9608
-3.6799,-3.4159
-3.6799,-3.2028
-3.6799,-3.4694
-3.6799,-2.7257
-3.6799,-3.4632
6.6761,6.004
6.6761,6.1058
6.6761,6.4067
6.6761,6.2445
6.6761,5.946
6.6761,7.2083
6.6761,6.7767
6.6761,7.1655
-5.4302,-4.811
-5.4302,-4.5936
-5.4302,-6.2431
-5.4302,-5.8137
-5.4302,-5.0536
-5.4302,-5.1326
-5.4302,-6.17
-5.4302,-5.4292
-5.4302,-5.4432
-5.4302,-5.8897
-5.4302,-6.1463
-6.519,-6.3062
-6.519,-6.2431
-6.519,-5.8137
-6.519,-5.9025
-6.519,-7.24
-6.519,-5.5332
-6.519,-6.8388
-6.519,-6.8553
-6.519,-6.0832
5.6852,5.9312
5.6852,4.8559
5.6852,5.7809
5.6852,5.0024
5.6852,6.2368
4.0064,4.0736
4.0064,4.9278
4.0064,4.7805
5.5159,4.6703
5.5159,6.004
5.5159,5.5999
5.5159,6.1058
5.5159,4.9576
5.5159,5.1632
5.5159,6.2445
5.5159,5.6486
5.5159,5.946
5.5159,5.326
-4.1066,-4.6962
-4.1066,-3.6799
-4.1066,-3.7849
-4.1066,-4.8483
-4.1066,-3.9214
-4.1066,-3.4159
-4.1066,-3.2028
-4.1066,-3.4694
7.5971,6.9202
7.5971,6.7767
7.5971,7.1655
-3.7849,-2.8124
-3.7849,-4.6962
-3.7849,-3.6799
-3.7849,-4.1066
-3.7849,-3.0095
-3.7849,-3.9214
-3.7849,-3.9608
-3.7849,-3.4159
-3.7849,-3.1381
-3.7849,-3.2028
-3.7849,-3.4632
6.7165,6.8358
6.7165,6.0118
6.7165,7.6188
6.7165,6.3586
6.7165,6.5733
-4.0261,-4.811
-4.0261,-4.5936
-4.0261,-4.4774
-4.0261,-3.7782
-4.0261,-4.5521
-4.0261,-3.6902
-6.2431,-5.4302
-6.2431,-6.519
-6.2431,-7.0937
-6.2431,-5.8137
-6.2431,-5.5332
-6.2431,-6.8388
-6.2431,-5.4292
-6.2431,-5.8897
-6.2431,-6.1463
-6.2431,-6.0832
1.2328,0.93751
1.2328,0.6521
1.2328,1.2765
1.2328,0.26621
1.2328,2.0508
1.2328,0.46432
1.2328,1.3861
1.2328,0.75929
1.2328,1.5732
1.2328,0.70028
1.2328,1.8074
0.93751,1.2328
0.93751,0.6521
0.93751,1.2765
0.93751,0.26621
0.93751,-0.056296
0.93751,1.064
0.93751,1.8088
0.93751,0.26527
0.93751,1.5732
0.93751,0.55683
0.93751,0.70028
0.93751,1.8074
0.93751,1.3621
1.3672,2.2996
1.3672,0.44657
1.3672,1.0881
4.0736,4.0064
4.0736,4.8559
4.0736,4.9278
4.0736,3.9438
-6.4866,-6.3062
-6.4866,-5.9025
-6.4866,-5.7244
-6.4866,-6.8553
-6.4866,-5.6989
-0.074998,0.42763
-0.074998,0.36013
-0.074998,-0.47144
-0.074998,0.62934
-0.074998,-0.46972
-0.074998,0.085354
7.0113,7.0517
-4.8483,-4.1066
-4.8483,-4.4024
-4.8483,-3.9214
0.6521,1.2328
0.6521,0.93751
0.6521,1.2765
0.6521,0.26621
0.6521,0.24763
0.6521,-0.056296
0.6521,1.064
0.6521,0.26527
0.6521,0.75929
0.6521,0.55683
0.6521,0.70028
4.6703,5.5159
4.6703,4.9576
4.6703,5.1632
4.6703,5.6486
4.6703,5.326
5.6025,6.004
5.6025,5.9447
5.6025,4.9576
5.6025,6.2445
5.6025,6.1583
5.6025,5.6486
5.6025,4.7383
5.6025,5.326
5.6025,6.4929
5.6025,5.1256
5.1616,5.9312
5.1616,5.6172
5.1616,4.8559
5.1616,5.7809
5.1616,5.8921
5.1616,4.9278
5.1616,4.7805
-2.5668,-3.4904
-2.5668,-2.6217
-2.5668,-3.0128
-2.5668,-2.7911
-2.5668,-1.7513
-1.8833,-2.4545
-1.8833,-2.6217
-1.8833,-2.7911
-1.8833,-1.7513
-1.8833,-1.2771
-1.8833,-2.1812
-1.8833,-2.1838
-1.8833,-1.5439
0.42763,-0.074998
0.42763,0.36013
0.42763,0.62934
0.42763,-0.46972
0.42763,0.44657
0.42763,0.085354
0.42763,1.0881
-3.4904,-2.5668
-3.4904,-3.9669
-3.4904,-2.6217
-3.4904,-3.0128
-3.4904,-3.4632
-1.014,-0.54082
-1.014,-1.4488
-1.014,-0.73478
-1.014,-0.47144
-1.014,-1.8913
-1.014,-0.46972
-1.014,-1.3387
-1.014,-1.5091
-0.41022,0.24763
-0.41022,0.17776
-0.41022,0.46432
-0.41022,-0.38108
-0.41022,-0.90433
-0.41022,-0.55152
-3.0095,-2.8124
-3.0095,-3.6799
-3.0095,-3.7849
-3.0095,-2.4545
-3.0095,-2.7616
-3.0095,-2.4385
-3.0095,-3.0816
-3.0095,-2.7911
-3.0095,-3.4159
-3.0095,-3.1381
-3.0095,-3.2028
-3.0095,-3.4694
-3.0095,-2.7257
-3.0095,-3.4632
-3.0095,-2.1838
6.8358,6.7165
6.8358,6.6817
6.8358,6.0118
6.8358,7.6872
6.8358,7.6188
6.8358,5.8921
6.8358,6.5733
-6.327,-7.1631
6.004,6.6761
6.004,5.5159
6.004,5.6025
6.004,5.9447
6.004,6.4067
6.004,6.2445
6.004,5.6486
6.004,5.946
6.004,5.326
6.004,6.4929
6.004,6.7767
5.9447,5.6025
5.9447,6.004
5.9447,6.9202
5.9447,6.2445
5.9447,6.1583
5.9447,5.6486
5.9447,5.326
5.9447,6.4929
5.5999,5.5159
5.5999,6.1058
5.5999,5.1632
5.5999,6.4067
5.5999,5.946
2.6136,2.0508
2.6136,2.232
2.6136,1.8074
-5.3878,-5.0536
-5.3878,-6.17
-5.3878,-5.4432
-5.3878,-4.5521
-7.0937,-6.2431
-7.0937,-6.8388
-7.0937,-6.1463
5.9312,5.6852
5.9312,5.1616
5.9312,5.6172
5.9312,6.6817
5.9312,6.0118
5.9312,5.7809
5.9312,5.8921
5.9312,4.9278
5.9312,6.5733
-2.4545,-2.8124
-2.4545,-1.8833
-2.4545,-3.0095
-2.4545,-2.6217
-2.4545,-2.1477
-2.4545,-3.0128
-2.4545,-2.4385
-2.4545,-1.8061
-2.4545,-2.7911
-2.4545,-3.4159
-2.4545,-3.1381
-2.4545,-3.2028
-2.4545,-2.7257
-2.4545,-2.1812
-2.4545,-2.1838
-2.4545,-1.5439
-5.8137,-5.4302
-5.8137,-6.519
-5.8137,-6.2431
-5.8137,-5.9025
-5.8137,-5.5332
-5.8137,-5.1326
-5.8137,-5.4292
-5.8137,-5.2771
-5.8137,-5.8897
-5.8137,-6.1463
-5.8137,-5.1157
-5.8137,-6.0832
-0.54082,-1.014
-0.54082,-1.4488
-0.54082,-0.73478
-0.54082,-1.181
-0.54082,-0.49012
-0.54082,0.44657
-0.54082,0.085354
-0.54082,-1.2771
1.2765,1.2328
1.2765,0.93751
1.2765,0.6521
1.2765,1.064
1.2765,1.8088
1.2765,1.5732
1.2765,0.55683
1.2765,0.70028
1.2765,1.8074
1.2765,1.3621
5.6355,5.6172
5.6355,5.6095
5.6355,6.0118
5.6355,6.3586
5.6355,4.8586
5.6355,5.8921
5.6172,5.1616
5.6172,5.9312
5.6172,5.6355
5.6172,6.0118
5.6172,4.8586
5.6172,5.8921
5.6172,4.7805
5.6172,6.5733
6.9202,7.5971
6.9202,5.9447
6.9202,6.2445
6.9202,6.1583
6.9202,6.4929
6.9202,6.7767
-5.0536,-4.811
-5.0536,-4.5936
-5.0536,-5.4302
-5.0536,-5.3878
-5.0536,-4.4774
-5.0536,-5.1326
-5.0536,-5.4292
-5.0536,-5.4432
-5.0536,-4.5521
-5.0536,-5.8897
-2.7616,-3.1497
-2.7616,-3.0095
-2.7616,-2.2824
-2.7616,-2.1477
-2.7616,-1.8913
-2.7616,-2.4385
-2.7616,-3.0816
-2.7616,-2.607
-2.7616,-3.2028
-2.7616,-3.4694
-2.7616,-2.7257
-2.7616,-2.1257
-2.2824,-3.1497
-2.2824,-2.7616
-2.2824,-2.1477
-2.2824,-1.8913
-2.2824,-2.4385
-2.2824,-1.8061
-2.2824,-3.0816
-2.2824,-2.607
-2.2824,-2.7257
-2.2824,-1.5091
-2.2824,-2.1257
6.1058,6.9336
6.1058,6.6761
6.1058,5.5159
6.1058,5.5999
6.1058,6.4067
6.1058,5.946
-5.9025,-6.3062
-5.9025,-6.519
-5.9025,-6.4866
-5.9025,-5.8137
-5.9025,-5.5332
-5.9025,-5.4292
-5.9025,-5.346
-5.9025,-5.2771
-5.9025,-6.0832
-5.9025,-5.6989
-1.4488,-1.014
-1.4488,-0.54082
-1.4488,-0.73478
-1.4488,-1.181
-1.4488,-2.1477
-1.4488,-1.8913
-1.4488,-1.8061
-1.4488,-1.5091
-1.4488,-1.2771
-1.4488,-2.1838
-1.4488,-1.5439
-4.4774,-4.811
-4.4774,-4.5936
-4.4774,-4.0261
-4.4774,-5.0536
-4.4774,-5.1326
-4.4774,-5.4432
-4.4774,-3.7782
-4.4774,-4.5521
0.36013,-0.074998
0.36013,0.42763
0.36013,-0.47144
0.36013,0.62934
0.36013,-0.60678
0.36013,0.041075
-3.9669,-3.4904
-3.9669,-3.9608
-3.9669,-3.4632
0.26621,1.2328
0.26621,0.93751
0.26621,0.6521
0.26621,0.24763
0.26621,0.46432
0.26621,-0.056296
0.26621,-0.38108
0.26621,0.26527
0.26621,0.75929
0.26621,-0.55152
0.26621,0.55683
0.26621,0.70028
-0.73478,-1.014
-0.73478,-0.54082
-0.73478,-1.4488
-0.73478,-1.181
-0.73478,-0.46972
-0.73478,0.085354
-0.73478,-1.5091
-7.24,-6.3062
-7.24,-6.519
-7.24,-6.8388
-7.24,-6.8553
2.0508,1.2328
2.0508,2.6136
2.0508,1.3861
2.0508,1.5732
2.0291,1.8088
2.0291,1.4639
2.0291,2.232
2.0291,1.3621
-1.181,-0.54082
-1.181,-1.4488
-1.181,-0.73478
-1.181,-1.8913
-1.181,-1.8061
-1.181,-0.49012
-1.181,-1.2771
-1.181,-1.5439
-0.089777,-0.056296
-0.089777,0.26527
-0.089777,0.55683
-0.089777,0.30302
-5.5332,-6.3062
-5.5332,-6.519
-5.5332,-6.2431
-5.5332,-5.8137
-5.5332,-5.9025
-5.5332,-5.1326
-5.5332,-5.4292
-5.5332,-5.2771
-5.5332,-4.8597
-5.5332,-5.8897
-5.5332,-4.5595
-5.5332,-5.1157
-5.5332,-6.0832
-5.5332,-5.6989
7.0517,7.0113
-4.5503,-4.1455
-4.5503,-5.346
-4.5503,-5.2771
-4.5503,-4.8597
-2.6217,-2.5668
-2.6217,-1.8833
-2.6217,-3.4904
-2.6217,-2.4545
-2.6217,-3.0128
-2.6217,-2.7911
-2.6217,-3.1381
-2.6217,-1.7513
-2.6217,-3.4632
-2.6217,-2.1812
4.9576,5.5159
4.9576,4.6703
4.9576,5.6025
4.9576,5.6486
4.9576,4.7383
4.9576,5.326
5.1632,5.5159
5.1632,4.6703
5.1632,5.5999
5.1632,5.6486
5.1632,5.946
-0.47144,-0.074998
-0.47144,-1.014
-0.47144,0.36013
-0.47144,-0.60678
-0.47144,-0.46972
-0.47144,-1.3387
-2.1477,-2.8124
-2.1477,-2.4545
-2.1477,-2.7616
-2.1477,-2.2824
-2.1477,-1.4488
-2.1477,-1.8913
-2.1477,-2.4385
-2.1477,-1.8061
-2.1477,-3.0816
-2.1477,-2.7257
-2.1477,-1.5091
-2.1477,-2.1257
-2.1477,-2.1838
-2.1477,-1.5439
6.4067,6.9336
6.4067,6.6761
6.4067,6.004
6.4067,5.5999
6.4067,6.1058
6.4067,5.946
6.4067,7.2083
6.4067,6.7767
1.3799,0.84397
1.3799,0.62934
1.3799,1.6314
0.24763,0.6521
0.24763,-0.41022
0.24763,0.26621
0.24763,0.17776
0.24763,0.46432
0.24763,-0.38108
0.24763,0.75929
0.24763,-0.55152
0.24763,0.8895
0.24763,0.70028
0.62934,-0.074998
0.62934,0.42763
0.62934,0.36013
0.62934,1.3799
0.62934,1.0881
-6.8388,-6.519
-6.8388,-6.2431
-6.8388,-7.0937
-6.8388,-7.24
-6.8388,-6.1463
-1.8913,-1.014
-1.8913,-2.7616
-1.8913,-2.2824
-1.8913,-1.4488
-1.8913,-1.181
-1.8913,-2.1477
-1.8913,-2.4385
-1.8913,-1.8061
-1.8913,-2.7257
-1.8913,-1.5091
-1.8913,-2.1257
-1.8913,-2.1838
-1.8913,-1.5439
1.3556,1.3861
1.3556,0.75929
1.3556,0.8895
1.3556,0.42171
-0.77772,-0.056296
-0.77772,-0.38108
-0.77772,-0.55152
6.6817,6.8358
6.6817,5.9312
6.6817,6.8723
6.6817,5.7809
6.6817,5.8921
6.6817,6.5733
6.2445,6.6761
6.2445,5.5159
6.2445,5.6025
6.2445,6.004
6.2445,5.9447
6.2445,6.9202
6.2445,5.6486
6.2445,5.946
6.2445,5.326
6.2445,6.4929
6.2445,6.7767
0.17776,-0.41022
0.17776,0.24763
0.17776,0.46432
0.17776,0.75929
0.17776,0.8895
0.17776,0.42171
0.46432,1.2328
0.46432,-0.41022
0.46432,0.26621
0.46432,0.24763
0.46432,0.17776
0.46432,1.3861
0.46432,0.75929
0.46432,0.8895
0.46432,0.70028
5.6095,5.6355
5.6095,6.3586
-3.3009,-3.1497
-3.3009,-3.0816
-3.3009,-2.607
-3.3009,-3.4694
-3.3009,-3.9634
6.1583,5.6025
6.1583,5.9447
6.1583,6.9202
6.1583,6.4929
-4.4024,-4.8483
-4.4024,-3.9214
-4.4024,-3.9634
4.8559,5.6852
4.8559,4.0736
4.8559,5.1616
4.8559,5.7809
4.8559,5.0024
4.8559,4.9278
4.8559,4.7805
-3.9214,-3.1497
-3.9214,-3.6799
-3.9214,-4.1066
-3.9214,-3.7849
-3.9214,-4.8483
-3.9214,-4.4024
-3.9214,-3.0816
-3.9214,-3.2028
-3.9214,-3.4694
-3.9214,-3.9634
-0.60678,0.36013
-0.60678,-0.47144
-0.60678,-1.3387
-0.60678,0.041075
5.6486,5.5159
5.6486,4.6703
5.6486,5.6025
5.6486,6.004
5.6486,5.9447
5.6486,4.9576
5.6486,5.1632
5.6486,6.2445
5.6486,5.946
5.6486,5.326
5.6486,6.4929
-0.056296,0.93751
-0.056296,0.6521
-0.056296,0.26621
-0.056296,-0.089777
-0.056296,-0.77772
-0.056296,-0.38108
-0.056296,0.26527
-0.056296,0.55683
-0.46972,-0.074998
-0.46972,0.42763
-0.46972,-1.014
-0.46972,-0.73478
-0.46972,-0.47144
-0.46972,0.085354
6.1167,5.1792
6.1167,6.0653
5.1792,6.1167
5.946,6.6761
5.946,5.5159
5.946,6.004
5.946,5.5999
5.946,6.1058
5.946,5.1632
5.946,6.4067
5.946,6.2445
5.946,5.6486
5.946,6.7767
7.2083,6.9336
7.2083,6.6761
7.2083,6.4067
7.2083,7.7618
7.2083,7.1655
6.0118,6.7165
6.0118,6.8358
6.0118,5.9312
6.0118,5.6355
6.0118,5.6172
6.0118,6.3586
6.0118,5.8921
6.0118,6.5733
7.6872,6.8358
7.6872,7.6188
-3.0128,-2.8124
-3.0128,-2.5668
-3.0128,-3.4904
-3.0128,-2.4545
-3.0128,-2.6217
-3.0128,-3.9608
-3.0128,-2.7911
-3.0128,-3.4159
-3.0128,-3.1381
-3.0128,-3.4632
-3.0128,-2.1812
1.064,0.93751
1.064,0.6521
1.064,1.2765
1.064,1.8088
1.064,0.26527
1.064,0.55683
1.064,0.92903
1.064,1.8074
1.064,1.3621
-2.4385,-2.8124
-2.4385,-3.0095
-2.4385,-2.4545
-2.4385,-2.7616
-2.4385,-2.2824
-2.4385,-2.1477
-2.4385,-1.8913
-2.4385,-1.8061
-2.4385,-3.2028
-2.4385,-2.7257
-2.4385,-2.1812
-2.4385,-2.1838
-2.4385,-1.5439
7.6188,6.7165
7.6188,6.8358
7.6188,7.6872
-5.1326,-4.811
-5.1326,-4.5936
-5.1326,-5.4302
-5.1326,-5.8137
-5.1326,-5.0536
-5.1326,-4.4774
-5.1326,-5.5332
-5.1326,-5.4292
-5.1326,-5.4432
-5.1326,-5.8897
-5.1326,-4.5595
-5.1326,-5.1157
-0.38108,-0.41022
-0.38108,0.26621
-0.38108,0.24763
-0.38108,-0.77772
-0.38108,-0.056296
-0.38108,0.26527
-0.38108,-0.55152
-0.90433,-0.41022
-1.3387,-1.014
-1.3387,-0.47144
-1.3387,-0.60678
-1.3387,-1.5091
-1.3387,-2.1257
2.2996,1.3672
1.8088,0.93751
1.8088,1.2765
1.8088,2.0291
1.8088,1.064
1.8088,2.232
1.8088,1.8074
1.8088,1.3621
-1.8061,-2.4545
-1.8061,-2.2824
-1.8061,-1.4488
-1.8061,-1.181
-1.8061,-2.1477
-1.8061,-1.8913
-1.8061,-2.4385
-1.8061,-2.7257
-1.8061,-1.5091
-1.8061,-1.2771
-1.8061,-2.1812
-1.8061,-2.1838
-1.8061,-1.5439
6.3586,6.7165
6.3586,5.6355
6.3586,5.6095
6.3586,6.0118
-6.17,-5.4302
-6.17,-5.3878
-6.17,-5.4432
-6.17,-5.8897
-6.17,-6.1463
1.6314,1.3799
1.6314,1.0881
-3.0816,-3.1497
-3.0816,-3.6799
-3.0816,-3.0095
-3.0816,-2.7616
-3.0816,-2.2824
-3.0816,-2.1477
-3.0816,-3.3009
-3.0816,-3.9214
-3.0816,-2.607
-3.0816,-3.2028
-3.0816,-3.4694
-3.0816,-2.7257
6.8723,6.6817
6.8723,6.2368
0.26527,0.93751
0.26527,0.6521
0.26527,0.26621
0.26527,-0.089777
0.26527,-0.056296
0.26527,1.064
0.26527,-0.38108
0.26527,0.55683
0.26527,0.70028
5.7809,5.6852
5.7809,5.1616
5.7809,5.9312
5.7809,6.6817
5.7809,4.8559
5.7809,5.8921
5.7809,4.9278
5.7809,6.2368
-3.9608,-4.6962
-3.9608,-3.6799
-3.9608,-3.7849
-3.9608,-3.9669
-3.9608,-3.0128
-3.9608,-3.4159
-3.9608,-3.1381
-3.9608,-3.4632
-2.7911,-2.8124
-2.7911,-2.5668
-2.7911,-1.8833
-2.7911,-3.0095
-2.7911,-2.4545
-2.7911,-2.6217
-2.7911,-3.0128
-2.7911,-3.4159
-2.7911,-3.1381
-2.7911,-3.4632
-2.7911,-2.1812
-2.7911,-2.1838
5.0024,5.6852
5.0024,4.8559
5.0024,5.4072
-0.49012,-0.54082
-0.49012,-1.181
-0.49012,-1.2771
-5.7244,-6.4866
-5.7244,-5.346
-5.7244,-5.6989
4.8586,5.6355
4.8586,5.6172
4.8586,4.7805
1.3861,1.2328
1.3861,2.0508
1.3861,1.3556
1.3861,0.46432
1.3861,0.75929
1.3861,1.5732
1.3861,0.8895
1.3861,0.70028
-7.1631,-6.327
5.8921,5.1616
5.8921,6.8358
5.8921,5.9312
5.8921,5.6355
5.8921,5.6172
5.8921,6.6817
5.8921,6.0118
5.8921,5.7809
5.8921,6.5733
4.7383,5.6025
4.7383,4.9576
4.7383,5.326
4.7383,5.1256
-3.4159,-2.8124
-3.4159,-3.6799
-3.4159,-4.1066
-3.4159,-3.7849
-3.4159,-3.0095
-3.4159,-2.4545
-3.4159,-3.0128
-3.4159,-3.9608
-3.4159,-2.7911
-3.4159,-3.1381
-3.4159,-3.2028
-3.4159,-2.7257
-3.4159,-3.4632
0.75929,1.2328
0.75929,0.6521
0.75929,0.26621
0.75929,0.24763
0.75929,1.3556
0.75929,0.17776
0.75929,0.46432
0.75929,1.3861
0.75929,1.5732
0.75929,0.8895
0.75929,0.70028
-0.55152,-0.41022
-0.55152,0.26621
-0.55152,0.24763
-0.55152,-0.77772
-0.55152,-0.38108
0.44657,1.3672
0.44657,0.42763
0.44657,-0.54082
0.44657,0.085354
6.0653,6.1167
1.5732,1.2328
1.5732,0.93751
1.5732,1.2765
1.5732,2.0508
1.5732,1.3861
1.5732,0.75929
1.5732,0.70028
1.5732,1.8074
-3.1381,-2.8124
-3.1381,-3.7849
-3.1381,-3.0095
-3.1381,-2.4545
-3.1381,-2.6217
-3.1381,-3.0128
-3.1381,-3.9608
-3.1381,-2.7911
-3.1381,-3.4159
-3.1381,-3.2028
-3.1381,-3.4632
-3.1381,-2.1812
-2.607,-3.1497
-2.607,-2.7616
-2.607,-2.2824
-2.607,-3.3009
-2.607,-3.0816
-2.607,-2.1257
-5.4292,-4.811
-5.4292,-4.5936
-5.4292,-5.4302
-5.4292,-6.2431
-5.4292,-5.8137
-5.4292,-5.0536
-5.4292,-5.9025
-5.4292,-5.5332
-5.4292,-5.1326
-5.4292,-5.2771
-5.4292,-4.8597
-5.4292,-5.8897
-5.4292,-4.5595
-5.4292,-5.1157
-5.4292,-6.0832
-5.346,-5.9025
-5.346,-4.5503
-5.346,-5.7244
-5.346,-5.2771
-5.346,-4.8597
-5.346,-5.6989
0.085354,-0.074998
0.085354,0.42763
0.085354,-0.54082
0.085354,-0.73478
0.085354,-0.46972
0.085354,0.44657
-3.2028,-2.8124
-3.2028,-3.1497
-3.2028,-3.6799
-3.2028,-4.1066
-3.2028,-3.7849
-3.2028,-3.0095
-3.2028,-2.4545
-3.2028,-2.7616
-3.2028,-3.9214
-3.2028,-2.4385
-3.2028,-3.0816
-3.2028,-3.4159
-3.2028,-3.1381
-3.2028,-3.4694
-3.2028,-2.7257
0.8895,0.24763
0.8895,1.3556
0.8895,0.17776
0.8895,0.46432
0.8895,1.3861
0.8895,0.75929
0.8895,0.70028
0.8895,0.42171
-5.4432,-4.811
-5.4432,-5.4302
-5.4432,-5.3878
-5.4432,-5.0536
-5.4432,-4.4774
-5.4432,-5.1326
-5.4432,-6.17
-5.4432,-5.8897
-5.4432,-6.1463
-3.7782,-4.1455
-3.7782,-4.5936
-3.7782,-4.0261
-3.7782,-4.4774
-3.7782,-4.5595
-6.8553,-6.3062
-6.8553,-6.519
-6.8553,-6.4866
-6.8553,-7.24
1.4639,2.0291
1.4639,0.92903
1.4639,1.3621
5.4072,5.0024
-5.2771,-5.8137
-5.2771,-5.9025
-5.2771,-5.5332
-5.2771,-4.5503
-5.2771,-5.4292
-5.2771,-5.346
-5.2771,-4.8597
-5.2771,-4.5595
-5.2771,-5.1157
-5.2771,-6.0832
-5.2771,-5.6989
-3.4694,-3.1497
-3.4694,-3.6799
-3.4694,-4.1066
-3.4694,-3.0095
-3.4694,-2.7616
-3.4694,-3.3009
-3.4694,-3.9214
-3.4694,-3.0816
-3.4694,-3.2028
-3.4694,-2.7257
-3.4694,-3.9634
5.326,5.5159
5.326,4.6703
5.326,5.6025
5.326,6.004
5.326,5.9447
5.326,4.9576
5.326,6.2445
5.326,5.6486
5.326,4.7383
-2.7257,-2.8124
-2.7257,-3.6799
-2.7257,-3.0095
-2.7257,-2.4545
-2.7257,-2.7616
-2.7257,-2.2824
-2.7257,-2.1477
-2.7257,-1.8913
-2.7257,-2.4385
-2.7257,-1.8061
-2.7257,-3.0816
-2.7257,-3.4159
-2.7257,-3.2028
-2.7257,-3.4694
-2.7257,-2.1812
-2.7257,-2.1838
0.55683,0.93751
0.55683,0.6521
0.55683,1.2765
0.55683,0.26621
0.55683,-0.089777
0.55683,-0.056296
0.55683,1.064
0.55683,0.26527
0.55683,0.92903
0.55683,0.30302
0.55683,1.3621
6.4929,5.6025
6.4929,6.004
6.4929,5.9447
6.4929,6.9202
6.4929,6.2445
6.4929,6.1583
6.4929,5.6486
6.4929,6.7767
6.4929,7.1655
-1.7513,-2.5668
-1.7513,-1.8833
-1.7513,-2.6217
-1.7513,-1.2771
-1.7513,-2.1812
-1.5091,-1.014
-1.5091,-2.2824
-1.5091,-1.4488
-1.5091,-0.73478
-1.5091,-2.1477
-1.5091,-1.8913
-1.5091,-1.3387
-1.5091,-1.8061
-1.5091,-2.1257
7.7618,7.2083
7.7618,7.1655
4.9278,4.0064
4.9278,4.0736
4.9278,5.1616
4.9278,5.9312
4.9278,4.8559
4.9278,5.7809
4.9278,4.7805
0.92903,1.064
0.92903,1.4639
0.92903,0.55683
0.92903,0.30302
0.92903,1.3621
-3.9634,-3.1497
-3.9634,-3.3009
-3.9634,-4.4024
-3.9634,-3.9214
-3.9634,-3.4694
-4.5521,-4.0261
-4.5521,-5.3878
-4.5521,-5.0536
-4.5521,-4.4774
-4.5521,-3.6902
-4.8597,-4.1455
-4.8597,-5.5332
-4.8597,-4.5503
-4.8597,-5.4292
-4.8597,-5.346
-4.8597,-5.2771
-4.8597,-4.5595
-4.8597,-5.1157
-4.8597,-5.6989
-1.2771,-1.8833
-1.2771,-0.54082
-1.2771,-1.4488
-1.2771,-1.181
-1.2771,-1.8061
-1.2771,-0.49012
-1.2771,-1.7513
-1.2771,-2.1812
-1.2771,-2.1838
-1.2771,-1.5439
-5.8897,-5.4302
-5.8897,-6.2431
-5.8897,-5.8137
-5.8897,-5.0536
-5.8897,-5.5332
-5.8897,-5.1326
-5.8897,-6.17
-5.8897,-5.4292
-5.8897,-5.4432
-5.8897,-6.1463
-4.5595,-4.811
-4.5595,-4.1455
-4.5595,-4.5936
-4.5595,-5.5332
-4.5595,-5.1326
-4.5595,-5.4292
-4.5595,-3.7782
-4.5595,-5.2771
-4.5595,-4.8597
-4.5595,-5.1157
-3.4632,-2.8124
-3.4632,-3.6799
-3.4632,-3.7849
-3.4632,-3.4904
-3.4632,-3.0095
-3.4632,-3.9669
-3.4632,-2.6217
-3.4632,-3.0128
-3.4632,-3.9608
-3.4632,-2.7911
-3.4632,-3.4159
-3.4632,-3.1381
6.7767,6.6761
6.7767,7.5971
6.7767,6.004
6.7767,6.9202
6.7767,6.4067
6.7767,6.2445
6.7767,5.946
6.7767,6.4929
6.7767,7.1655
2.232,2.6136
2.232,2.0291
2.232,1.8088
2.232,1.8074
-2.1257,-2.7616
-2.1257,-2.2824
-2.1257,-2.1477
-2.1257,-1.8913
-2.1257,-1.3387
-2.1257,-2.607
-2.1257,-1.5091
-6.1463,-5.4302
-6.1463,-6.2431
-6.1463,-7.0937
-6.1463,-5.8137
-6.1463,-6.8388
-6.1463,-6.17
-6.1463,-5.4432
-6.1463,-5.8897
0.70028,1.2328
0.70028,0.93751
0.70028,0.6521
0.70028,1.2765
0.70028,0.26621
0.70028,0.24763
0.70028,0.46432
0.70028,0.26527
0.70028,1.3861
0.70028,0.75929
0.70028,1.5732
0.70028,0.8895
1.8074,1.2328
1.8074,0.93751
1.8074,2.6136
1.8074,1.2765
1.8074,1.064
1.8074,1.8088
1.8074,1.5732
1.8074,2.232
1.8074,1.3621
0.30302,-0.089777
0.30302,0.55683
0.30302,0.92903
-5.1157,-4.811
-5.1157,-4.1455
-5.1157,-4.5936
-5.1157,-5.8137
-5.1157,-5.5332
-5.1157,-5.1326
-5.1157,-5.4292
-5.1157,-5.2771
-5.1157,-4.8597
-5.1157,-4.5595
-2.1812,-2.8124
-2.1812,-1.8833
-2.1812,-2.4545
-2.1812,-2.6217
-2.1812,-3.0128
-2.1812,-2.4385
-2.1812,-1.8061
-2.1812,-2.7911
-2.1812,-3.1381
-2.1812,-2.7257
-2.1812,-1.7513
-2.1812,-1.2771
-2.1812,-2.1838
-2.1812,-1.5439
-6.0832,-6.3062
-6.0832,-6.519
-6.0832,-6.2431
-6.0832,-5.8137
-6.0832,-5.9025
-6.0832,-5.5332
-6.0832,-5.4292
-6.0832,-5.2771
-6.0832,-5.6989
1.3621,0.93751
1.3621,1.2765
1.3621,2.0291
1.3621,1.064
1.3621,1.8088
1.3621,1.4639
1.3621,0.55683
1.3621,0.92903
1.3621,1.8074
3.9438,4.0736
0.041075,0.84397
0.041075,0.36013
0.041075,-0.60678
-2.1838,-2.8124
-2.1838,-1.8833
-2.1838,-3.0095
-2.1838,-2.4545
-2.1838,-1.4488
-2.1838,-2.1477
-2.1838,-1.8913
-2.1838,-2.4385
-2.1838,-1.8061
-2.1838,-2.7911
-2.1838,-2.7257
-2.1838,-1.2771
-2.1838,-2.1812
-2.1838,-1.5439
4.7805,4.0064
4.7805,5.1616
4.7805,5.6172
4.7805,4.8559
4.7805,4.8586
4.7805,4.9278
7.1655,6.6761
7.1655,7.5971
7.1655,7.2083
7.1655,6.4929
7.1655,7.7618
7.1655,6.7767
-5.6989,-6.3062
-5.6989,-6.4866
-5.6989,-5.9025
-5.6989,-5.5332
-5.6989,-5.7244
-5.6989,-5.346
-5.6989,-5.2771
-5.6989,-4.8597
-5.6989,-6.0832
-3.6902,-4.0261
-3.6902,-4.5521
0.42171,1.3556
0.42171,0.17776
0.42171,0.8895
1.0881,1.3672
1.0881,0.42763
1.0881,0.62934
1.0881,1.6314
5.1256,5.6025
5.1256,4.7383
6.5733,6.7165
6.5733,6.8358
6.5733,5.9312
6.5733,5.6172
6.5733,6.6817
6.5733,6.0118
6.5733,5.8921
-1.5439,-1.8833
-1.5439,-2.4545
-1.5439,-1.4488
-1.5439,-1.181
-1.5439,-2.1477
-1.5439,-1.8913
-1.5439,-2.4385
-1.5439,-1.8061
-1.5439,-1.2771
-1.5439,-2.1812
-1.5439,-2.1838
6.2368,5.6852
6.2368,6.8723
6.2368,5.7809
6.1167,6.6959
6.8766,6.6959
-7.1631,-7.1694
-7.1805,-7.1694
