0.56099,1.0749
0.56099,-0.13919
0.56099,0.14755
0.56099,-0.09064
0.56099,0.53055
0.56099,0.61749
0.56099,1.1034
-6.6746,-6.2883
-6.6746,-6.9319
-6.6746,-6.3126
-6.6746,-5.8539
-6.6746,-7.1701
-4.2086,-5.058
-4.2086,-4.2713
-4.9485,-5.2645
-4.9485,-5.0269
-4.9485,-5.6354
-4.9485,-5.3202
-4.9485,-4.7142
-4.9485,-4.2221
-4.9485,-4.2472
-4.9485,-4.8085
-4.9485,-4.625
-3.2371,-3.5568
-3.2371,-3.6601
-3.2371,-4.159
-5.7832,-5.1125
-5.7832,-4.9437
-5.7832,-6.266
-5.7832,-5.2064
-5.8828,-5.6312
-5.8828,-5.1588
-5.8828,-5.6383
-5.2772,-5.5929
-5.2772,-5.7293
-5.2772,-4.4973
-5.2772,-5.3767
-5.2772,-5.0913
-5.2772,-4.4628
3.7681,3.4225
3.7681,3.2694
3.7681,3.0101
3.7681,3.3682
-3.9674,-3.2472
-3.9674,-3.4918
-3.9674,-4.3674
-3.9674,-4.5565
-3.9674,-3.5364
3.4225,3.7681
3.4225,3.2694
3.4225,2.5744
3.4225,3.0101
3.4225,2.5636
3.4225,3.2226
3.4225,3.7958
-4.8925,-5.5929
-4.8925,-4.4973
-6.2883,-6.6746
-6.2883,-5.9432
-6.2883,-6.6146
-6.2883,-6.9319
-6.2883,-5.6354
-6.2883,-6.3126
-6.2883,-5.8539
6.4092,6.8922
6.4092,6.1461
6.4092,5.8932
6.4092,6.6819
6.4092,5.6044
3.608,4.2966
3.608,3.6182
3.608,3.2268
3.608,3.2391
3.608,3.0215
3.608,3.9848
3.608,4.0334
3.608,2.9551
3.608,3.6218
3.2694,3.7681
3.2694,3.4225
3.2694,2.5744
3.2694,3.0101
3.2694,2.4938
3.2694,3.2226
-5.6312,-5.8828
-5.6312,-5.1588
-5.6312,-4.9297
7.4049,6.666
7.4049,6.8922
7.4049,7.4445
7.4049,7.6307
-3.2472,-3.9674
-3.2472,-3.4918
-3.2472,-3.5364
4.7296,4.2966
4.7296,5.3383
4.7296,4.9724
4.7296,4.8092
4.7296,4.0334
4.7296,4.9528
0.68016,1.3602
0.68016,1.0391
-5.2645,-4.9485
-5.2645,-5.7293
-5.2645,-5.6354
-5.2645,-5.3202
-5.2645,-5.3767
-5.2645,-5.0913
-5.2645,-4.7142
-5.2645,-5.8539
-5.2645,-4.8085
-5.2645,-4.625
1.3602,0.68016
1.3602,2.0408
1.3602,1.9103
1.3602,1.3178
1.3602,1.6655
3.6194,3.4018
3.6194,3.021
3.6194,4.2793
3.6194,4.0337
3.6194,3.7711
3.6194,3.8032
3.6194,3.1155
3.6194,3.0456
1.0749,0.56099
1.0749,1.3673
1.0749,1.5096
1.0749,0.75127
1.0749,1.9333
1.0749,0.23677
1.0749,1.6822
1.0749,0.14755
1.0749,0.94384
1.0749,1.6085
1.0749,0.61749
1.0749,1.1034
4.2966,3.608
4.2966,4.7296
4.2966,3.6182
4.2966,4.8092
4.2966,4.3281
4.2966,3.9848
4.2966,4.0334
4.2966,4.9528
-5.9432,-6.2883
-5.9432,-6.6146
-5.9432,-5.0269
-5.9432,-5.6354
-5.9432,-5.3202
-5.9432,-5.9356
2.7988,2.3952
2.7988,3.0101
2.7988,3.3682
2.7988,2.3089
5.1879,4.6485
5.1879,5.5088
5.1879,4.3098
5.1879,4.8431
5.1879,4.8685
5.1879,5.5683
-5.1125,-5.7832
-5.1125,-4.9437
-5.1125,-4.2507
2.0408,1.3602
2.0408,2.2359
2.0408,3.021
2.0408,2.5577
2.0408,2.7727
2.0408,2.5008
2.0408,1.9103
2.0408,1.6655
2.5744,3.4225
2.5744,3.2694
2.5744,3.0101
2.5744,1.9333
2.5744,2.5636
2.5744,1.8687
2.5744,1.9413
2.5744,2.4938
2.5744,3.2226
5.8507,6.666
5.8507,6.1461
5.8507,5.144
3.6182,3.608
3.6182,4.2966
3.6182,3.9536
3.6182,3.2268
3.6182,3.0215
3.6182,3.1067
3.6182,4.3281
3.6182,3.9848
3.6182,3.346
3.6182,3.6218
-1.0903,-0.77364
-1.0903,-1.4107
-1.0903,-0.52681
-1.0903,-0.28814
-0.27456,0.42343
-0.27456,-0.77364
-0.27456,0.072155
-0.27456,0.23677
-0.27456,0.089524
-0.27456,-0.28814
-0.27456,-0.29042
1.3673,1.0749
1.3673,1.5096
1.3673,0.75127
1.3673,1.5791
1.3673,1.9333
1.3673,1.6822
1.3673,0.94384
1.3673,1.9413
1.3673,1.6085
1.3673,0.61749
-4.9437,-5.7832
-4.9437,-5.1125
-4.9437,-4.2507
-4.9437,-4.5565
-4.9437,-5.2064
1.6659,2.3952
1.6659,1.6822
1.6659,1.2947
1.6659,2.3089
1.6659,1.6085
1.6659,1.1034
2.2359,2.0408
2.2359,3.021
2.2359,1.6056
2.2359,2.7727
2.2359,3.1511
2.2359,1.9023
2.2359,2.6742
2.2359,2.5008
2.2359,2.2439
2.2359,1.6655
-4.07,-4.7484
-4.07,-4.159
5.3383,4.7296
5.3383,4.9724
5.3383,5.8573
5.3383,5.8932
5.3383,4.9528
2.4957,3.396
2.4957,2.7651
2.4957,1.9463
6.666,7.4049
6.666,5.8507
6.666,6.1461
6.666,7.4445
3.396,2.4957
3.396,2.7651
3.396,4.3612
3.396,3.2226
3.396,3.7958
3.4018,3.6194
3.4018,3.9536
3.4018,3.021
3.4018,4.3098
3.4018,2.7727
3.4018,3.1511
3.4018,3.346
3.4018,4.0337
3.4018,3.7711
3.4018,2.5008
3.4018,3.1155
-5.5929,-5.2772
-5.5929,-4.8925
-5.5929,-5.7293
-5.5929,-5.0913
-5.5929,-6.416
-6.6146,-6.2883
-6.6146,-5.9432
-6.6146,-6.9319
4.9724,4.7296
4.9724,5.3383
4.9724,5.8932
4.9724,5.6044
4.9724,5.144
0.42343,-0.27456
0.42343,0.85045
0.42343,0.75127
0.42343,0.072155
0.42343,0.23677
0.42343,0.089524
0.42343,0.94384
0.42343,-0.28814
-5.7293,-5.2772
-5.7293,-5.2645
-5.7293,-5.5929
-5.7293,-5.3767
-5.7293,-5.0913
-5.7293,-6.3126
-5.7293,-6.416
-5.7293,-5.8539
0.85045,0.42343
0.85045,0.1733
0.85045,1.5791
0.85045,0.089524
0.85045,0.94384
0.85045,1.4273
0.85045,0.78991
2.0443,2.5577
2.0443,2.691
2.0443,1.9103
2.0443,1.3178
3.9536,3.6182
3.9536,3.4018
3.9536,3.2268
3.9536,3.1067
3.9536,4.3281
3.9536,3.9848
3.9536,4.3098
3.9536,4.8431
3.9536,4.8685
3.9536,3.1511
3.9536,3.346
3.9536,4.0337
3.9536,3.7711
3.9536,3.6218
4.8092,4.7296
4.8092,4.2966
4.8092,5.5088
4.8092,4.3281
4.8092,3.9848
4.8092,4.8431
4.8092,5.5303
4.8092,4.9528
6.093,7.0595
-4.4973,-5.2772
-4.4973,-4.8925
-4.4973,-3.5137
-4.4973,-4.4628
-4.2507,-5.1125
-4.2507,-4.9437
-4.2507,-4.5565
-4.2507,-3.5364
-4.1571,-4.5834
-4.1571,-4.4248
-4.1571,-3.8279
-4.1571,-4.9297
4.4625,4.3612
4.4625,3.7958
-5.0269,-4.9485
-5.0269,-5.9432
-5.0269,-5.6354
-5.0269,-5.1976
-5.0269,-5.3202
-5.0269,-4.7484
-5.0269,-4.159
-5.0269,-4.2472
-5.0269,-4.8085
1.5096,1.0749
1.5096,1.3673
1.5096,0.75127
1.5096,1.5791
1.5096,1.9333
1.5096,1.8687
1.5096,0.94384
1.5096,1.9413
1.5096,1.6085
-5.058,-4.2086
-5.058,-4.2713
2.3952,2.7988
2.3952,1.6659
2.3952,1.6822
2.3952,2.3089
-0.77364,-1.0903
-0.77364,-0.27456
-0.77364,0.072155
-0.77364,-1.4107
-0.77364,-0.99057
-0.77364,-0.28814
-0.77364,-0.29042
3.2268,3.608
3.2268,3.6182
3.2268,3.9536
3.2268,3.0215
3.2268,3.1067
3.2268,3.9848
3.2268,3.1511
3.2268,3.346
3.2268,2.6742
3.2268,2.4548
3.2268,3.6218
0.75127,1.0749
0.75127,1.3673
0.75127,0.42343
0.75127,1.5096
0.75127,0.072155
0.75127,0.23677
0.75127,0.14755
0.75127,0.94384
0.75127,0.61749
-6.9319,-6.6746
-6.9319,-6.2883
-6.9319,-6.6146
3.021,3.6194
3.021,2.0408
3.021,2.2359
3.021,3.4018
3.021,2.5577
3.021,2.7727
3.021,3.1511
3.021,3.346
3.021,3.7711
3.021,2.5008
3.021,3.1155
4.2793,3.6194
4.2793,4.6485
4.2793,4.9656
4.2793,4.0337
4.2793,3.8032
4.2793,4.4852
0.1733,0.85045
0.1733,0.089524
0.1733,-0.52681
0.1733,0.78991
0.1733,-0.28814
-4.2713,-4.2086
-4.2713,-5.058
-5.6354,-4.9485
-5.6354,-6.2883
-5.6354,-5.2645
-5.6354,-5.9432
-5.6354,-5.0269
-5.6354,-5.3202
-5.6354,-5.8539
-5.6354,-4.8085
4.6485,5.1879
4.6485,4.2793
4.6485,4.3098
4.6485,4.8685
4.6485,4.9656
4.6485,4.0337
4.6485,3.7711
4.6485,5.5683
-5.1976,-5.0269
-5.1976,-5.3202
-5.1976,-5.9356
-5.1976,-4.7484
0.072155,-0.27456
0.072155,0.42343
0.072155,-0.77364
0.072155,0.75127
0.072155,0.23677
0.072155,0.089524
0.072155,-0.13919
0.072155,0.14755
0.072155,0.94384
0.072155,0.61749
0.072155,-0.29042
3.0101,3.7681
3.0101,3.4225
3.0101,3.2694
3.0101,2.7988
3.0101,2.5744
3.0101,3.3682
3.0101,2.3089
3.0101,2.4938
1.5791,1.3673
1.5791,0.85045
1.5791,1.5096
1.5791,2.5636
1.5791,1.9463
1.5791,1.8687
1.5791,0.94384
1.5791,1.9413
1.5791,1.4273
1.9333,1.0749
1.9333,2.5744
1.9333,1.3673
1.9333,1.5096
1.9333,1.6822
1.9333,2.3089
1.9333,1.9413
1.9333,1.6085
1.9333,2.4938
-3.4918,-3.9674
-3.4918,-3.2472
-3.4918,-4.3674
-3.4918,-3.8279
2.5636,3.4225
2.5636,2.5744
2.5636,1.5791
2.5636,2.7651
2.5636,1.9463
2.5636,1.8687
2.5636,1.9413
2.5636,3.2226
-3.5568,-3.2371
-3.5568,-3.6601
-3.5568,-3.3843
-3.5568,-4.2221
-3.5568,-4.2472
1.34,1.8307
1.34,1.6056
1.34,1.0391
1.34,1.9023
3.2391,3.608
3.2391,3.0215
3.2391,4.0334
3.2391,2.9551
-5.3202,-4.9485
-5.3202,-5.2645
-5.3202,-5.9432
-5.3202,-5.0269
-5.3202,-5.6354
-5.3202,-5.1976
-5.3202,-4.7484
-5.3202,-4.8085
0.23677,1.0749
0.23677,-0.27456
0.23677,0.42343
0.23677,0.75127
0.23677,0.072155
0.23677,-0.13919
0.23677,0.14755
0.23677,0.94384
0.23677,0.61749
0.23677,-0.29042
3.0215,3.608
3.0215,3.6182
3.0215,3.2268
3.0215,3.2391
3.0215,3.1067
3.0215,3.9848
3.0215,2.6742
3.0215,2.4548
3.0215,2.9551
3.0215,3.6218
1.8307,1.34
1.8307,1.6056
1.8307,1.9023
1.8307,2.4548
1.8307,2.2439
5.5088,5.1879
5.5088,4.8092
5.5088,4.8431
5.5088,5.5303
5.5088,4.8685
5.5088,5.5683
2.7651,2.4957
2.7651,3.396
2.7651,2.5636
2.7651,1.9463
2.7651,3.2226
1.6056,2.2359
1.6056,1.34
1.6056,1.8307
1.6056,1.0391
1.6056,1.9023
1.6056,2.2439
1.6056,1.6655
3.1067,3.6182
3.1067,3.9536
3.1067,3.2268
3.1067,3.0215
3.1067,2.7727
3.1067,3.1511
3.1067,3.346
3.1067,2.6742
3.1067,3.7711
3.1067,2.4548
3.1067,3.6218
3.1067,2.2439
4.3281,4.2966
4.3281,3.6182
4.3281,3.9536
4.3281,4.8092
4.3281,3.9848
4.3281,4.3098
4.3281,4.8431
4.3281,4.8685
4.3281,3.6218
-4.5834,-4.1571
-4.5834,-4.3674
-4.5834,-5.1588
-4.5834,-3.8279
-4.5834,-4.9297
-4.5834,-4.942
6.8922,6.4092
6.8922,7.4049
6.8922,6.1461
6.8922,7.6307
-4.3674,-3.9674
-4.3674,-3.4918
-4.3674,-4.5834
-4.3674,-4.5565
-4.3674,-5.1588
-4.3674,-3.8279
-4.3674,-4.942
3.9848,3.608
3.9848,4.2966
3.9848,3.6182
3.9848,3.9536
3.9848,4.8092
3.9848,3.2268
3.9848,3.0215
3.9848,4.3281
3.9848,3.6218
-4.5565,-3.9674
-4.5565,-4.9437
-4.5565,-4.2507
-4.5565,-4.3674
-4.5565,-5.2064
-4.5565,-4.942
1.6822,1.0749
1.6822,1.3673
1.6822,1.6659
1.6822,2.3952
1.6822,1.9333
1.6822,1.2947
1.6822,2.3089
1.6822,1.6085
1.6822,1.1034
3.3682,3.7681
3.3682,2.7988
3.3682,3.0101
3.3052,3.8504
3.3052,2.691
3.3052,3.8032
3.3052,3.1155
3.3052,3.0456
-3.6601,-3.2371
-3.6601,-3.5568
-3.6601,-4.2221
-3.6601,-4.159
-3.6601,-4.2472
3.8504,3.3052
3.8504,3.8032
3.8504,4.4852
4.3098,5.1879
4.3098,3.4018
4.3098,3.9536
4.3098,4.6485
4.3098,4.3281
4.3098,4.8431
4.3098,4.8685
4.3098,3.346
4.3098,4.0337
4.3098,3.7711
4.3098,3.6218
1.9463,2.4957
1.9463,1.5791
1.9463,2.5636
1.9463,2.7651
1.9463,1.8687
1.9463,1.4273
4.3612,3.396
4.3612,4.4625
4.3612,3.7958
4.8431,5.1879
4.8431,3.9536
4.8431,4.8092
4.8431,5.5088
4.8431,4.3281
4.8431,4.3098
4.8431,5.5303
4.8431,4.8685
5.8573,5.3383
5.8573,5.5303
5.8573,5.8932
5.8573,4.9528
-1.4107,-1.0903
-1.4107,-0.77364
-1.4107,-0.99057
1.0391,0.68016
1.0391,1.34
1.0391,1.6056
1.0391,1.9023
1.0391,1.6655
0.089524,-0.27456
0.089524,0.42343
0.089524,0.85045
0.089524,0.1733
0.089524,0.072155
0.089524,-0.52681
0.089524,0.78991
0.089524,-0.28814
5.5303,4.8092
5.5303,5.5088
5.5303,4.8431
5.5303,5.8573
5.5303,4.9528
-5.3767,-5.2772
-5.3767,-5.2645
-5.3767,-5.7293
-5.3767,-5.0913
-5.3767,-4.7142
-5.3767,-6.3126
-5.3767,-5.8539
-5.3767,-4.625
2.5577,2.0408
2.5577,2.0443
2.5577,3.021
2.5577,2.691
2.5577,2.5008
2.5577,3.1155
2.5577,1.9103
2.5577,3.0456
1.2947,1.6659
1.2947,1.6822
1.2947,0.53055
1.2947,1.1034
-0.13919,0.56099
-0.13919,0.072155
-0.13919,0.23677
-0.13919,0.14755
-0.13919,-0.09064
-0.13919,-0.99057
-0.13919,0.61749
-0.13919,-0.49719
-0.13919,-0.29042
1.8687,2.5744
1.8687,1.5096
1.8687,1.5791
1.8687,2.5636
1.8687,1.9463
1.8687,0.94384
1.8687,1.9413
1.8687,1.4273
2.691,2.0443
2.691,3.3052
2.691,2.5577
2.691,3.1155
2.691,3.0456
0.14755,0.56099
0.14755,1.0749
0.14755,0.75127
0.14755,0.072155
0.14755,0.23677
0.14755,-0.13919
0.14755,0.61749
0.14755,-0.49719
0.14755,-0.29042
4.8685,5.1879
4.8685,3.9536
4.8685,4.6485
4.8685,5.5088
4.8685,4.3281
4.8685,4.3098
4.8685,4.8431
4.8685,5.5683
-5.0913,-5.2772
-5.0913,-5.2645
-5.0913,-5.5929
-5.0913,-5.7293
-5.0913,-5.3767
-5.0913,-4.7142
-5.0913,-4.0954
-5.0913,-4.4628
-5.0913,-4.625
2.3089,2.7988
2.3089,1.6659
2.3089,2.3952
2.3089,3.0101
2.3089,1.9333
2.3089,1.6822
2.3089,1.6085
2.3089,2.4938
-5.1588,-5.8828
-5.1588,-5.6312
-5.1588,-4.5834
-5.1588,-4.3674
-5.1588,-5.2064
-5.1588,-5.6383
-5.1588,-4.9297
-5.1588,-4.942
6.1461,6.4092
6.1461,5.8507
6.1461,6.666
6.1461,6.8922
6.1461,5.8932
6.1461,5.6044
6.1461,5.144
2.7727,2.0408
2.7727,2.2359
2.7727,3.4018
2.7727,3.021
2.7727,3.1067
2.7727,3.1511
2.7727,3.346
2.7727,2.6742
2.7727,3.7711
2.7727,2.5008
2.7727,2.2439
5.8932,6.4092
5.8932,5.3383
5.8932,4.9724
5.8932,5.8573
5.8932,6.1461
5.8932,6.6819
5.8932,5.6044
4.9656,4.2793
4.9656,4.6485
4.9656,4.4852
4.9656,5.5683
-6.266,-5.7832
-6.266,-5.6383
-0.52681,-1.0903
-0.52681,0.1733
-0.52681,0.089524
-0.52681,-0.28814
4.0334,3.608
4.0334,4.7296
4.0334,4.2966
4.0334,3.2391
0.94384,1.0749
0.94384,1.3673
0.94384,0.42343
0.94384,0.85045
0.94384,1.5096
0.94384,0.75127
0.94384,0.072155
0.94384,1.5791
0.94384,0.23677
0.94384,1.8687
0.94384,1.9413
0.94384,1.4273
-5.9356,-5.9432
-5.9356,-5.1976
3.1511,2.2359
3.1511,3.4018
3.1511,3.9536
3.1511,3.2268
3.1511,3.021
3.1511,3.1067
3.1511,2.7727
3.1511,3.346
3.1511,2.6742
3.1511,3.7711
3.1511,2.5008
3.1511,3.6218
3.1511,2.2439
3.346,3.6182
3.346,3.4018
3.346,3.9536
3.346,3.2268
3.346,3.021
3.346,3.1067
3.346,4.3098
3.346,2.7727
3.346,3.1511
3.346,2.6742
3.346,3.7711
3.346,3.6218
-7.0802,-6.8533
6.6819,6.4092
6.6819,5.8932
1.9413,2.5744
1.9413,1.3673
1.9413,1.5096
1.9413,1.5791
1.9413,1.9333
1.9413,2.5636
1.9413,1.8687
1.9413,0.94384
1.9413,2.4938
-0.09064,0.56099
-0.09064,-0.13919
-0.09064,0.53055
-0.09064,-0.49719
1.9023,2.2359
1.9023,1.34
1.9023,1.8307
1.9023,1.6056
1.9023,1.0391
1.9023,2.6742
1.9023,2.4548
1.9023,2.2439
1.9023,1.6655
2.6742,2.2359
2.6742,3.2268
2.6742,3.0215
2.6742,3.1067
2.6742,2.7727
2.6742,3.1511
2.6742,3.346
2.6742,1.9023
2.6742,2.4548
2.6742,3.6218
2.6742,2.2439
1.6085,1.0749
1.6085,1.3673
1.6085,1.6659
1.6085,1.5096
1.6085,1.9333
1.6085,1.6822
1.6085,2.3089
1.6085,2.4938
1.6085,0.61749
1.6085,1.1034
4.0337,3.6194
4.0337,3.4018
4.0337,3.9536
4.0337,4.2793
4.0337,4.6485
4.0337,4.3098
4.0337,3.7711
4.0337,3.8032
3.7711,3.6194
3.7711,3.4018
3.7711,3.9536
3.7711,3.021
3.7711,4.6485
3.7711,3.1067
3.7711,4.3098
3.7711,2.7727
3.7711,3.1511
3.7711,3.346
3.7711,4.0337
3.7711,3.6218
-3.5364,-3.9674
-3.5364,-3.2472
-3.5364,-4.2507
-4.4248,-4.1571
-4.4248,-4.9297
-3.3843,-3.5568
-3.3843,-4.0954
-3.3843,-3.6357
-3.3843,-4.2221
-4.7142,-4.9485
-4.7142,-5.2645
-4.7142,-5.3767
-4.7142,-5.0913
-4.7142,-4.0954
-4.7142,-4.2221
-4.7142,-4.2472
-4.7142,-4.8085
-4.7142,-4.625
1.4273,0.85045
1.4273,1.5791
1.4273,1.9463
1.4273,1.8687
1.4273,0.94384
1.4273,0.78991
-5.2064,-5.7832
-5.2064,-4.9437
-5.2064,-4.5565
-5.2064,-5.1588
-5.2064,-5.6383
-5.2064,-4.942
2.4548,3.2268
2.4548,3.0215
2.4548,1.8307
2.4548,3.1067
2.4548,1.9023
2.4548,2.6742
2.4548,2.9551
2.4548,2.2439
3.8032,3.6194
3.8032,4.2793
3.8032,3.3052
3.8032,3.8504
3.8032,4.0337
3.8032,3.1155
3.8032,4.4852
3.8032,3.0456
-4.0954,-5.0913
-4.0954,-3.3843
-4.0954,-4.7142
-4.0954,-3.6357
-4.0954,-4.2221
-4.0954,-4.4628
-4.0954,-4.625
-3.6357,-3.3843
-3.6357,-4.0954
-3.6357,-3.5137
-3.6357,-4.4628
-4.7484,-4.07
-4.7484,-5.0269
-4.7484,-5.1976
-4.7484,-5.3202
-4.7484,-4.159
-4.7484,-4.8085
2.5008,2.0408
2.5008,2.2359
2.5008,3.4018
2.5008,3.021
2.5008,2.5577
2.5008,2.7727
2.5008,3.1511
2.5008,3.1155
2.5008,1.9103
2.5008,1.6655
2.9551,3.608
2.9551,3.2391
2.9551,3.0215
2.9551,2.4548
-4.2221,-4.9485
-4.2221,-3.5568
-4.2221,-3.6601
-4.2221,-3.3843
-4.2221,-4.7142
-4.2221,-4.0954
-4.2221,-4.2472
-4.2221,-4.8085
-4.2221,-4.625
-5.6383,-5.8828
-5.6383,-5.1588
-5.6383,-6.266
-5.6383,-5.2064
-5.6383,-4.942
2.4938,3.2694
2.4938,2.5744
2.4938,3.0101
2.4938,1.9333
2.4938,2.3089
2.4938,1.9413
2.4938,1.6085
-3.8279,-4.1571
-3.8279,-3.4918
-3.8279,-4.5834
-3.8279,-4.3674
3.1155,3.6194
3.1155,3.4018
3.1155,3.021
3.1155,3.3052
3.1155,2.5577
3.1155,2.691
3.1155,3.8032
3.1155,2.5008
3.1155,3.0456
3.2226,3.4225
3.2226,3.2694
3.2226,2.5744
3.2226,3.396
3.2226,2.5636
3.2226,2.7651
3.2226,3.7958
-0.99057,-0.77364
-0.99057,-1.4107
-0.99057,-0.13919
-0.99057,-0.49719
-0.99057,-0.29042
0.53055,0.56099
0.53055,1.2947
0.53055,-0.09064
0.53055,1.1034
7.4445,7.4049
7.4445,6.666
7.4445,7.0595
3.6218,3.608
3.6218,3.6182
3.6218,3.9536
3.6218,3.2268
3.6218,3.0215
3.6218,3.1067
3.6218,4.3281
3.6218,3.9848
3.6218,4.3098
3.6218,3.1511
3.6218,3.346
3.6218,2.6742
3.6218,3.7711
1.9103,1.3602
1.9103,2.0408
1.9103,2.0443
1.9103,2.5577
1.9103,2.5008
1.9103,1.3178
1.9103,1.6655
-4.9297,-5.6312
-4.9297,-4.1571
-4.9297,-4.5834
-4.9297,-5.1588
-4.9297,-4.4248
-4.159,-3.2371
-4.159,-4.07
-4.159,-5.0269
-4.159,-3.6601
-4.159,-4.7484
-4.159,-4.2472
-4.159,-4.8085
0.78991,0.85045
0.78991,0.1733
0.78991,0.089524
0.78991,1.4273
-6.3126,-6.6746
-6.3126,-6.2883
-6.3126,-5.7293
-6.3126,-5.3767
-6.3126,-6.416
-6.3126,-5.8539
-6.3126,-7.1701
-3.5137,-4.4973
-3.5137,-3.6357
-4.942,-4.5834
-4.942,-4.3674
-4.942,-4.5565
-4.942,-5.1588
-4.942,-5.2064
-4.942,-5.6383
3.7958,3.4225
3.7958,3.396
3.7958,4.4625
3.7958,4.3612
3.7958,3.2226
4.4852,4.2793
4.4852,3.8504
4.4852,4.9656
4.4852,3.8032
0.61749,0.56099
0.61749,1.0749
0.61749,1.3673
0.61749,0.75127
0.61749,0.072155
0.61749,0.23677
0.61749,-0.13919
0.61749,0.14755
0.61749,1.6085
0.61749,1.1034
0.61749,-0.29042
-6.416,-5.5929
-6.416,-5.7293
-6.416,-6.3126
2.2439,2.2359
2.2439,1.8307
2.2439,1.6056
2.2439,3.1067
2.2439,2.7727
2.2439,3.1511
2.2439,1.9023
2.2439,2.6742
2.2439,2.4548
2.2439,1.6655
3.0456,3.6194
3.0456,3.3052
3.0456,2.5577
3.0456,2.691
3.0456,3.8032
3.0456,3.1155
1.3178,1.3602
1.3178,2.0443
1.3178,1.9103
-5.8539,-6.6746
-5.8539,-6.2883
-5.8539,-5.2645
-5.8539,-5.7293
-5.8539,-5.6354
-5.8539,-5.3767
-5.8539,-6.3126
-0.28814,-1.0903
-0.28814,-0.27456
-0.28814,0.42343
-0.28814,-0.77364
-0.28814,0.1733
-0.28814,0.089524
-0.28814,-0.52681
-7.1701,-6.6746
-7.1701,-6.3126
1.6655,1.3602
1.6655,2.0408
1.6655,2.2359
1.6655,1.6056
1.6655,1.0391
1.6655,1.9023
1.6655,2.5008
1.6655,1.9103
1.6655,2.2439
5.6044,6.4092
5.6044,4.9724
5.6044,6.1461
5.6044,5.8932
5.6044,5.144
-4.2472,-4.9485
-4.2472,-5.0269
-4.2472,-3.5568
-4.2472,-3.6601
-4.2472,-4.7142
-4.2472,-4.2221
-4.2472,-4.159
-4.2472,-4.8085
-0.49719,-0.13919
-0.49719,0.14755
-0.49719,-0.09064
-0.49719,-0.99057
-0.49719,-0.29042
4.9528,4.7296
4.9528,4.2966
4.9528,5.3383
4.9528,4.8092
4.9528,5.8573
4.9528,5.5303
7.0595,6.093
7.0595,7.4445
-4.8085,-4.9485
-4.8085,-5.2645
-4.8085,-5.0269
-4.8085,-5.6354
-4.8085,-5.3202
-4.8085,-4.7142
-4.8085,-4.7484
-4.8085,-4.2221
-4.8085,-4.159
-4.8085,-4.2472
-4.4628,-5.2772
-4.4628,-4.4973
-4.4628,-5.0913
-4.4628,-4.0954
-4.4628,-3.6357
-4.4628,-4.625
-4.625,-4.9485
-4.625,-5.2645
-4.625,-5.3767
-4.625,-5.0913
-4.625,-4.7142
-4.625,-4.0954
-4.625,-4.2221
-4.625,-4.4628
1.1034,0.56099
1.1034,1.0749
1.1034,1.6659
1.1034,1.6822
1.1034,1.2947
1.1034,1.6085
1.1034,0.53055
1.1034,0.61749
-6.8533,-7.0802
5.144,5.8507
5.144,4.9724
5.144,6.1461
5.144,5.6044
5.5683,5.1879
5.5683,4.6485
5.5683,5.5088
5.5683,4.8685
5.5683,4.9656
-0.29042,-0.27456
-0.29042,-0.77364
-0.29042,0.072155
-0.29042,0.23677
-0.29042,-0.13919
-0.29042,0.14755
-0.29042,-0.99057
-0.29042,0.61749
-0.29042,-0.49719
7.6307,7.4049
7.6307,6.8922
