4.3134,5.0706
4.3134,4.9383
4.3134,4.2442
4.3134,4.6956
-2.966,-2.5445
-2.966,-3.6838
-2.966,-2.716
-2.966,-3.6839
-2.966,-2.6798
-2.966,-2.8783
-2.966,-3.6653
-2.966,-3.582
-2.966,-2.8543
-6.2618,-7.0472
-6.2618,-6.146
-6.2618,-5.3862
-2.4543,-2.5445
-2.4543,-1.6883
-2.4543,-2.6798
-2.4543,-3.3617
-2.4543,-3.2585
-2.4543,-1.7526
-2.4543,-2.8543
-2.4543,-2.0174
-2.4543,-3.09
1.6219,0.93392
1.6219,2.3235
1.6219,1.6302
1.6219,2.3094
1.6219,1.0856
5.1179,4.9942
5.1179,4.3905
5.1179,5.5031
4.1896,4.9942
4.1896,4.1479
4.1896,3.3231
4.1896,4.7378
4.1896,3.8377
4.1896,3.7178
4.1896,4.6238
4.1896,4.2809
-4.3045,-5.0584
-4.3045,-3.6839
-4.3045,-4.4332
-4.3045,-4.4072
-4.3045,-5.1977
-4.3045,-4.1036
-4.3045,-3.3617
6.4194,5.7535
6.4194,5.5983
6.4194,6.4769
6.4194,6.0897
6.4194,5.8711
6.4194,6.8979
4.8902,5.6864
4.8902,4.202
4.8902,4.1479
4.8902,5.3571
4.8902,4.8108
4.8902,4.6238
4.8902,4.502
4.8902,5.0214
5.7535,6.4194
5.7535,5.5983
5.7535,6.0897
5.7535,5.8711
5.7535,6.261
5.7535,4.9668
5.7535,5.1474
5.7535,5.393
-4.5401,-3.6838
-4.5401,-4.4332
-4.5401,-4.4072
-4.5401,-3.6653
-2.5445,-2.966
-2.5445,-2.4543
-2.5445,-1.6883
-2.5445,-2.716
-2.5445,-1.8583
-2.5445,-2.6798
-2.5445,-3.3617
-2.5445,-3.2585
-2.5445,-1.7526
-2.5445,-2.8543
-2.5445,-2.0174
-0.52234,-1.4765
-0.52234,-1.1482
-0.52234,-1.0193
-0.52234,-0.014418
-0.52234,-0.44658
-1.5856,-0.91292
-1.5856,-1.523
-1.5856,-0.70163
-1.5856,-2.0298
5.5755,5.5983
5.5755,6.4769
5.5755,5.8711
5.5755,4.7899
5.5755,4.9837
4.9942,5.1179
4.9942,4.1896
4.9942,5.3504
4.9942,4.7378
4.9942,4.3905
4.9942,5.5031
4.9942,4.2809
4.5534,4.9668
4.5534,5.393
4.5534,4.0479
5.8613,5.3504
5.8613,5.6864
5.8613,5.5031
5.8613,5.0214
-2.4465,-2.1001
-2.4465,-1.9587
-2.4465,-3.2956
-2.4465,-2.9057
-2.4465,-2.6609
-2.4465,-1.6131
-2.4465,-2.6315
-5.0584,-4.3045
-5.0584,-5.1977
-5.0584,-4.1036
-3.6838,-2.966
-3.6838,-4.5401
-3.6838,-2.716
-3.6838,-3.6839
-3.6838,-4.4072
-3.6838,-3.6653
-3.6838,-3.582
-3.6838,-2.8543
-6.0532,-5.8992
-6.0532,-6.4801
-6.0532,-5.1269
-6.0532,-5.8242
-6.0532,-6.2648
-6.0532,-6.2412
-6.0532,-5.2753
-6.0532,-5.7087
-6.0532,-5.4285
-5.0089,-4.58
-5.0089,-4.7671
-5.0089,-4.1649
-5.0089,-5.1269
-5.0089,-5.8242
-5.0089,-5.0243
-5.0089,-4.8406
-5.0089,-5.3267
-5.0089,-5.7087
-5.0089,-5.4285
-5.0089,-5.8023
-0.91292,-1.5856
-0.91292,-0.28463
-0.91292,-1.1367
-0.91292,-0.70163
-0.91292,-0.30508
-1.6883,-2.4543
-1.6883,-2.5445
-1.6883,-1.0403
-1.6883,-1.8583
-1.6883,-1.9699
-1.6883,-1.1182
-1.6883,-2.6798
-1.6883,-1.7526
0.82455,0.82189
0.82455,0.26154
0.82455,1.6157
-7.9167,-8.5149
-7.9167,-7.5792
5.3504,4.9942
5.3504,5.8613
5.3504,4.7378
5.3504,5.5031
5.3504,4.6238
5.3504,5.0214
-5.8992,-6.0532
-5.8992,-6.2648
-5.8992,-5.2753
-5.8992,-5.0814
-5.8992,-5.4285
4.5444,4.0003
4.5444,4.7242
4.5444,3.8484
4.5444,4.7899
4.5444,4.9837
4.5444,5.1474
-0.28463,-0.91292
-0.28463,-1.1367
-0.28463,0.26154
-0.28463,-0.70163
-0.28463,-0.90145
-0.28463,-0.44658
-1.523,-1.5856
-1.523,-1.1367
-1.523,-1.6975
-1.523,-2.0269
-1.523,-2.3023
-1.523,-1.2832
-1.523,-0.70163
-1.523,-2.0298
-1.523,-0.90145
7.1192,6.2031
7.1192,7.6321
7.1192,6.6996
7.1192,6.5577
7.1192,7.3963
6.2031,7.1192
6.2031,5.21
6.2031,5.5334
6.2031,5.5349
6.2031,5.9388
6.2031,6.5577
6.2031,6.0821
2.8301,2.0063
2.8301,2.7387
2.8301,2.3235
2.8301,3.6887
5.6864,4.8902
5.6864,5.8613
5.6864,5.3571
5.6864,5.5349
5.6864,5.0214
5.6864,6.0821
0.82189,0.82455
0.82189,0.93392
0.82189,1.6302
-4.2748,-4.58
-4.2748,-4.1649
-4.2748,-5.1269
-4.2748,-5.0814
4.202,4.8902
4.202,4.1479
4.202,3.6953
4.202,4.2442
4.202,4.8108
4.202,4.502
-1.1367,-0.91292
-1.1367,-0.28463
-1.1367,-1.523
-1.1367,-1.6975
-1.1367,-1.2832
-1.1367,-0.70163
-1.1367,-2.0298
-1.1367,-0.90145
-1.1367,-0.44658
5.5983,6.4194
5.5983,5.7535
5.5983,5.5755
5.5983,6.0897
5.5983,5.8711
5.5983,4.9837
5.5983,5.1474
2.0591,1.6342
6.4769,6.4194
6.4769,5.5755
6.4769,5.8711
6.4769,6.8979
-5.8716,-6.5359
-5.8716,-5.2929
-5.8716,-5.7519
-7.2409,-7.0472
-2.716,-2.966
-2.716,-2.5445
-2.716,-3.6838
-2.716,-2.1003
-2.716,-1.8583
-2.716,-1.9699
-2.716,-2.6798
-2.716,-2.8783
-2.716,-3.6653
-2.716,-2.8543
-1.6975,-1.523
-1.6975,-1.1367
-1.6975,-2.0269
-1.6975,-1.4765
-1.6975,-2.3023
-1.6975,-1.2832
-1.6975,-1.9587
-1.6975,-1.0193
-1.6975,-0.90145
-1.6975,-1.6131
5.0706,4.3134
5.0706,5.21
5.0706,5.6933
5.0706,4.9383
5.0706,5.5334
5.0706,5.9388
5.0706,5.5357
5.0706,5.0679
5.0706,4.6956
-3.6839,-2.966
-3.6839,-4.3045
-3.6839,-3.6838
-3.6839,-4.4332
-3.6839,-4.4072
-3.6839,-3.3617
-3.6839,-3.2585
-3.6839,-3.582
-3.6839,-2.8543
6.2541,5.5357
6.2541,6.2721
-6.5359,-5.8716
-6.5359,-6.8118
-2.0269,-1.523
-2.0269,-1.6975
-2.0269,-1.4765
-2.0269,-2.3023
-2.0269,-1.2832
-2.0269,-1.9587
-2.0269,-2.9057
-2.0269,-2.0298
-2.0269,-2.6315
-1.4765,-0.52234
-1.4765,-1.6975
-1.4765,-2.0269
-1.4765,-2.1001
-1.4765,-1.2832
-1.4765,-1.9587
-1.4765,-1.1482
-1.4765,-1.0193
-1.4765,-0.90145
-1.4765,-1.6131
-4.4332,-4.3045
-4.4332,-4.5401
-4.4332,-3.6839
-4.4332,-4.4072
-4.4332,-5.1977
-4.4332,-5.3862
-4.4332,-3.582
5.21,6.2031
5.21,5.0706
5.21,4.9383
5.21,5.5334
5.21,5.3571
5.21,5.5349
5.21,4.2442
5.21,4.8108
4.1479,4.1896
4.1479,4.8902
4.1479,4.202
4.1479,3.6953
4.1479,3.7178
4.1479,4.6238
4.1479,4.502
4.1479,5.0214
6.0897,6.4194
6.0897,5.7535
6.0897,5.5983
6.0897,5.8711
6.0897,6.261
6.0897,5.1474
-1.0403,-1.6883
-1.0403,-1.8583
-1.0403,-1.9699
5.0752,4.3933
5.0752,5.5357
5.0752,5.0679
-7.0472,-6.2618
-7.0472,-7.2409
-7.0472,-7.8598
-7.0472,-7.0494
-7.0472,-6.146
2.0063,2.8301
2.0063,2.3235
2.0063,1.6302
2.0063,1.6157
7.6321,7.1192
7.6321,6.6996
-4.1947,-3.9548
-4.1947,-5.0243
-4.1947,-4.9764
-4.1947,-4.8406
4.3933,5.0752
4.3933,3.4505
-2.1003,-2.716
-2.1003,-1.8583
-2.1003,-1.6463
-2.1003,-1.9699
-2.1003,-2.8783
-4.58,-5.0089
-4.58,-4.2748
-4.58,-4.7671
-4.58,-4.1649
-4.58,-5.1269
-4.58,-5.2753
-4.58,-5.4285
-8.5149,-7.9167
-8.5149,-8.5216
-8.5149,-9.1092
5.6933,5.0706
5.6933,5.5334
5.6933,5.9388
5.6933,5.5357
5.6933,5.0679
5.6933,4.6956
5.6933,6.2721
-7.8598,-7.0472
-7.8598,-7.0494
-1.8583,-2.5445
-1.8583,-1.6883
-1.8583,-2.716
-1.8583,-1.0403
-1.8583,-2.1003
-1.8583,-1.9699
-1.8583,-1.1182
-1.8583,-2.6798
-1.8583,-1.7526
-8.4032,-8.5216
-8.4032,-7.5792
3.3231,4.1896
3.3231,3.6953
3.3231,3.2252
3.3231,3.7178
4.9383,4.3134
4.9383,5.0706
4.9383,5.21
4.9383,5.5334
4.9383,5.5349
4.9383,4.2442
4.9383,4.8108
4.9383,4.6956
4.0003,4.5444
4.0003,4.7242
4.0003,4.0479
5.8711,6.4194
5.8711,5.7535
5.8711,5.5755
5.8711,5.5983
5.8711,6.4769
5.8711,6.0897
5.8711,4.9837
2.7387,2.8301
2.7387,2.3235
2.7387,2.3094
2.7387,3.4487
3.6953,4.202
3.6953,4.1479
3.6953,3.3231
3.6953,3.7178
3.6953,4.6238
3.6953,4.502
6.261,5.7535
6.261,6.0897
6.261,5.9562
6.261,5.393
6.261,7.0842
0.93392,1.6219
0.93392,0.82189
0.93392,1.6302
-3.9548,-4.1947
-3.9548,-4.7671
-3.9548,-4.1649
-3.9548,-4.8406
0.26154,0.82455
0.26154,-0.28463
0.26154,-0.30508
-1.6463,-2.1003
5.5334,6.2031
5.5334,5.0706
5.5334,5.21
5.5334,5.6933
5.5334,4.9383
5.5334,5.5349
5.5334,5.9388
5.5334,4.6956
-4.7671,-5.0089
-4.7671,-4.58
-4.7671,-3.9548
-4.7671,-4.1649
-4.7671,-5.1269
-4.7671,-5.0243
-4.7671,-4.8406
-4.7671,-5.3267
-4.7671,-5.7087
-4.7671,-5.4285
-6.4801,-6.0532
-6.4801,-5.8242
-6.4801,-6.2648
-6.4801,-6.2412
-6.4801,-5.7087
-6.4801,-6.8148
-2.1001,-2.4465
-2.1001,-1.4765
-2.1001,-1.9587
-2.1001,-1.9417
-2.1001,-1.1482
-2.1001,-2.6609
-2.1001,-1.6131
-2.1001,-2.6315
4.7242,4.5444
4.7242,4.0003
4.7242,4.9668
4.7242,4.9837
4.7242,5.1474
4.7242,5.393
4.7242,4.0479
-4.1649,-5.0089
-4.1649,-4.2748
-4.1649,-4.58
-4.1649,-3.9548
-4.1649,-4.7671
-5.1269,-6.0532
-5.1269,-5.0089
-5.1269,-4.2748
-5.1269,-4.58
-5.1269,-4.7671
-5.1269,-5.8242
-5.1269,-5.2753
-5.1269,-5.3267
-5.1269,-5.4285
-2.3023,-1.523
-2.3023,-1.6975
-2.3023,-2.0269
-2.3023,-1.9587
-2.3023,-2.9057
-2.3023,-2.0298
-2.3023,-2.6315
3.2252,3.3231
3.2252,3.8377
3.2252,3.7178
1.6342,2.0591
4.7378,4.1896
4.7378,4.9942
4.7378,5.3504
4.7378,5.5031
4.7378,4.6238
4.7378,4.2809
4.7378,5.0214
-1.2832,-1.523
-1.2832,-1.1367
-1.2832,-1.6975
-1.2832,-2.0269
-1.2832,-1.4765
-1.2832,-1.9587
-1.2832,-1.0193
-1.2832,-2.0298
-1.2832,-0.90145
-1.2832,-0.44658
5.3571,4.8902
5.3571,5.6864
5.3571,5.21
5.3571,5.5349
5.3571,4.8108
5.3571,4.502
5.3571,5.0214
5.3571,6.0821
2.3235,1.6219
2.3235,2.8301
2.3235,2.0063
2.3235,2.7387
2.3235,1.6302
4.9668,5.7535
4.9668,4.5534
4.9668,4.7242
4.9668,5.1474
4.9668,5.393
4.9668,4.0479
-5.8242,-6.0532
-5.8242,-5.0089
-5.8242,-6.4801
-5.8242,-5.1269
-5.8242,-6.2648
-5.8242,-6.2412
-5.8242,-5.2753
-5.8242,-5.3267
-5.8242,-5.7087
-5.8242,-5.4285
-5.8242,-5.8023
2.6635,2.3094
2.6635,3.4505
-9.4621,-8.5216
-8.5216,-8.5149
-8.5216,-8.4032
-8.5216,-9.4621
-8.5216,-7.5792
5.9562,6.261
5.9562,5.393
6.8979,6.4194
6.8979,6.4769
6.8979,7.0842
-1.9587,-2.4465
-1.9587,-1.6975
-1.9587,-2.0269
-1.9587,-1.4765
-1.9587,-2.1001
-1.9587,-2.3023
-1.9587,-1.2832
-1.9587,-2.9057
-1.9587,-1.0193
-1.9587,-1.6131
-1.9587,-2.6315
-3.2956,-2.4465
-3.2956,-2.9057
-3.2956,-2.6609
-3.2956,-2.6315
5.5349,6.2031
5.5349,5.6864
5.5349,5.21
5.5349,4.9383
5.5349,5.5334
5.5349,5.3571
5.5349,5.9388
5.5349,4.8108
5.5349,6.0821
-6.2648,-6.0532
-6.2648,-5.8992
-6.2648,-6.4801
-6.2648,-5.8242
-6.2648,-5.2753
-6.2648,-5.4285
7.0064,6.5577
7.0064,7.3963
7.0064,6.2721
-1.9417,-2.1001
-1.9417,-2.6609
-1.9417,-1.6131
-4.4072,-4.3045
-4.4072,-4.5401
-4.4072,-3.6838
-4.4072,-3.6839
-4.4072,-4.4332
-4.4072,-5.3862
-4.4072,-3.582
-6.2412,-6.0532
-6.2412,-6.4801
-6.2412,-5.8242
-6.2412,-6.0975
-6.2412,-5.3267
-6.2412,-5.7087
-6.2412,-5.8023
-6.2412,-6.8148
1.6302,1.6219
1.6302,0.82189
1.6302,2.0063
1.6302,0.93392
1.6302,2.3235
1.6302,1.6157
4.2186,5.0679
4.2186,4.6956
3.8484,4.5444
-6.0975,-6.2412
-6.0975,-6.8118
-6.0975,-5.3267
-6.0975,-5.7087
-6.0975,-5.7519
-6.0975,-5.8023
-6.0975,-6.8148
5.9388,6.2031
5.9388,5.0706
5.9388,5.6933
5.9388,5.5334
5.9388,5.5349
5.9388,6.5577
5.9388,6.2721
-2.9057,-2.4465
-2.9057,-2.0269
-2.9057,-2.3023
-2.9057,-1.9587
-2.9057,-3.2956
-2.9057,-2.6315
-5.1977,-4.3045
-5.1977,-5.0584
-5.1977,-4.4332
-5.1977,-5.3862
1.6157,0.82455
1.6157,2.0063
1.6157,1.6302
4.3905,5.1179
4.3905,4.9942
4.3905,3.8377
4.3905,4.2809
-1.1482,-0.52234
-1.1482,-1.4765
-1.1482,-2.1001
-1.1482,-1.0193
-1.1482,-1.6131
-5.0243,-5.0089
-5.0243,-4.1947
-5.0243,-4.7671
-5.0243,-5.2929
-5.0243,-4.9764
-5.0243,-4.8406
-5.0243,-5.3267
-5.0243,-5.7087
-5.0243,-5.7519
-5.0243,-5.8023
-1.0193,-0.52234
-1.0193,-1.6975
-1.0193,-1.4765
-1.0193,-1.2832
-1.0193,-1.9587
-1.0193,-1.1482
-1.0193,-0.90145
-1.0193,-1.6131
-1.0193,-0.44658
-8.679,-9.1092
3.8377,4.1896
3.8377,3.2252
3.8377,4.3905
3.8377,3.7178
3.8377,4.2809
6.6996,7.1192
6.6996,7.6321
6.6996,6.0821
-0.70163,-1.5856
-0.70163,-0.91292
-0.70163,-0.28463
-0.70163,-1.523
-0.70163,-1.1367
-0.70163,-0.90145
-0.70163,-0.44658
5.5357,5.0706
5.5357,6.2541
5.5357,5.0752
5.5357,5.6933
5.5357,5.0679
5.5357,6.2721
-1.9699,-1.6883
-1.9699,-2.716
-1.9699,-1.0403
-1.9699,-2.1003
-1.9699,-1.8583
-1.9699,-2.6798
-1.9699,-1.7526
-2.0298,-1.5856
-2.0298,-1.523
-2.0298,-1.1367
-2.0298,-2.0269
-2.0298,-2.3023
-2.0298,-1.2832
-5.2929,-5.8716
-5.2929,-5.0243
-5.2929,-4.9764
-5.2929,-5.7519
-2.6609,-2.4465
-2.6609,-2.1001
-2.6609,-3.2956
-2.6609,-1.9417
4.7899,5.5755
4.7899,4.5444
4.7899,4.9837
4.2442,4.3134
4.2442,4.202
4.2442,5.21
4.2442,4.9383
4.2442,4.8108
4.2442,4.502
-5.2753,-6.0532
-5.2753,-5.8992
-5.2753,-4.58
-5.2753,-5.1269
-5.2753,-5.8242
-5.2753,-6.2648
-5.2753,-5.0814
-5.2753,-5.4285
-5.0814,-5.8992
-5.0814,-4.2748
-5.0814,-5.2753
2.3094,1.6219
2.3094,2.7387
2.3094,2.6635
-7.026,-7.5792
-4.9764,-4.1947
-4.9764,-5.0243
-4.9764,-5.2929
-4.9764,-4.8406
-4.9764,-5.7519
4.8108,4.8902
4.8108,4.202
4.8108,5.21
4.8108,4.9383
4.8108,5.3571
4.8108,5.5349
4.8108,4.2442
4.8108,4.502
3.7178,4.1896
3.7178,4.1479
3.7178,3.3231
3.7178,3.6953
3.7178,3.2252
3.7178,3.8377
3.7178,4.2809
-1.1182,-1.6883
-1.1182,-1.8583
-1.1182,-1.7526
-2.6798,-2.966
-2.6798,-2.4543
-2.6798,-2.5445
-2.6798,-1.6883
-2.6798,-2.716
-2.6798,-1.8583
-2.6798,-1.9699
-2.6798,-3.3617
-2.6798,-3.582
-2.6798,-2.8543
3.6887,2.8301
5.5031,5.1179
5.5031,4.9942
5.5031,5.8613
5.5031,5.3504
5.5031,4.7378
-4.8406,-5.0089
-4.8406,-4.1947
-4.8406,-3.9548
-4.8406,-4.7671
-4.8406,-5.0243
-4.8406,-4.9764
-4.8406,-5.3267
-4.8406,-5.7087
-4.8406,-5.8023
-9.1092,-8.5149
-9.1092,-8.679
-4.1036,-4.3045
-4.1036,-5.0584
-4.1036,-3.2585
-3.3617,-2.4543
-3.3617,-4.3045
-3.3617,-2.5445
-3.3617,-3.6839
-3.3617,-2.6798
-3.3617,-3.2585
-3.3617,-3.582
-3.3617,-2.8543
-3.3617,-3.09
-2.8783,-2.966
-2.8783,-2.716
-2.8783,-2.1003
-2.8783,-3.6653
-6.8118,-6.5359
-6.8118,-6.0975
-6.8118,-6.8148
-0.30508,-0.91292
-0.30508,0.26154
-3.2585,-2.4543
-3.2585,-2.5445
-3.2585,-3.6839
-3.2585,-4.1036
-3.2585,-3.3617
-3.2585,-3.582
-3.2585,-2.8543
-3.2585,-3.09
4.6238,4.1896
4.6238,4.8902
4.6238,5.3504
4.6238,4.1479
4.6238,3.6953
4.6238,4.7378
4.6238,4.502
4.6238,4.2809
4.6238,5.0214
4.9837,5.5755
4.9837,4.5444
4.9837,5.5983
4.9837,5.8711
4.9837,4.7242
4.9837,4.7899
4.9837,5.1474
4.502,4.8902
4.502,4.202
4.502,4.1479
4.502,3.6953
4.502,5.3571
4.502,4.2442
4.502,4.8108
4.502,4.6238
4.502,5.0214
-5.3267,-5.0089
-5.3267,-4.7671
-5.3267,-5.1269
-5.3267,-5.8242
-5.3267,-6.2412
-5.3267,-6.0975
-5.3267,-5.0243
-5.3267,-4.8406
-5.3267,-5.7087
-5.3267,-5.4285
-5.3267,-5.7519
-5.3267,-5.8023
5.1474,5.7535
5.1474,4.5444
5.1474,5.5983
5.1474,6.0897
5.1474,4.7242
5.1474,4.9668
5.1474,4.9837
5.1474,5.393
6.5577,7.1192
6.5577,6.2031
6.5577,7.0064
6.5577,5.9388
6.5577,7.3963
6.5577,6.0821
6.5577,6.2721
3.4487,2.7387
5.393,5.7535
5.393,4.5534
5.393,6.261
5.393,4.7242
5.393,4.9668
5.393,5.9562
5.393,5.1474
-0.90145,-0.28463
-0.90145,-1.523
-0.90145,-1.1367
-0.90145,-1.6975
-0.90145,-1.4765
-0.90145,-1.2832
-0.90145,-1.0193
-0.90145,-0.70163
-0.90145,-0.014418
-0.90145,-0.44658
-5.7087,-6.0532
-5.7087,-5.0089
-5.7087,-4.7671
-5.7087,-6.4801
-5.7087,-5.8242
-5.7087,-6.2412
-5.7087,-6.0975
-5.7087,-5.0243
-5.7087,-4.8406
-5.7087,-5.3267
-5.7087,-5.4285
-5.7087,-5.7519
-5.7087,-5.8023
4.2809,4.1896
4.2809,4.9942
4.2809,4.7378
4.2809,4.3905
4.2809,3.8377
4.2809,3.7178
4.2809,4.6238
-7.0494,-7.0472
-7.0494,-7.8598
-1.7526,-2.4543
-1.7526,-2.5445
-1.7526,-1.6883
-1.7526,-1.8583
-1.7526,-1.9699
-1.7526,-1.1182
-1.7526,-2.0174
7.3963,7.1192
7.3963,7.0064
7.3963,6.5577
-3.6653,-2.966
-3.6653,-4.5401
-3.6653,-3.6838
-3.6653,-2.716
-3.6653,-2.8783
-3.6653,-3.582
-6.146,-6.2618
-6.146,-7.0472
-6.146,-5.8899
5.0214,4.8902
5.0214,5.8613
5.0214,5.3504
5.0214,5.6864
5.0214,4.1479
5.0214,4.7378
5.0214,5.3571
5.0214,4.6238
5.0214,4.502
7.0842,6.261
7.0842,6.8979
-7.5792,-7.9167
-7.5792,-8.4032
-7.5792,-8.5216
-7.5792,-7.026
5.0679,5.0706
5.0679,5.0752
5.0679,5.6933
5.0679,4.2186
5.0679,5.5357
5.0679,4.6956
-5.3862,-6.2618
-5.3862,-4.4332
-5.3862,-4.4072
-5.3862,-5.1977
-5.4285,-6.0532
-5.4285,-5.0089
-5.4285,-5.8992
-5.4285,-4.58
-5.4285,-4.7671
-5.4285,-5.1269
-5.4285,-5.8242
-5.4285,-6.2648
-5.4285,-5.2753
-5.4285,-5.3267
-5.4285,-5.7087
-5.7519,-5.8716
-5.7519,-6.0975
-5.7519,-5.0243
-5.7519,-5.2929
-5.7519,-4.9764
-5.7519,-5.3267
-5.7519,-5.7087
-5.7519,-5.8023
-5.8023,-5.0089
-5.8023,-5.8242
-5.8023,-6.2412
-5.8023,-6.0975
-5.8023,-5.0243
-5.8023,-4.8406
-5.8023,-5.3267
-5.8023,-5.7087
-5.8023,-5.7519
-3.582,-2.966
-3.582,-3.6838
-3.582,-3.6839
-3.582,-4.4332
-3.582,-4.4072
-3.582,-2.6798
-3.582,-3.3617
-3.582,-3.2585
-3.582,-3.6653
-3.582,-2.8543
6.0821,6.2031
6.0821,5.6864
6.0821,5.3571
6.0821,5.5349
6.0821,6.6996
6.0821,6.5577
-2.8543,-2.966
-2.8543,-2.4543
-2.8543,-2.5445
-2.8543,-3.6838
-2.8543,-2.716
-2.8543,-3.6839
-2.8543,-2.6798
-2.8543,-3.3617
-2.8543,-3.2585
-2.8543,-3.582
-6.8148,-6.4801
-6.8148,-6.2412
-6.8148,-6.0975
-6.8148,-6.8118
-0.014418,-0.52234
-0.014418,-0.90145
-0.014418,-0.44658
-0.014418,0.52166
1.0856,1.6219
4.6956,4.3134
4.6956,5.0706
4.6956,5.6933
4.6956,4.9383
4.6956,5.5334
4.6956,4.2186
4.6956,5.0679
-1.6131,-2.4465
-1.6131,-1.6975
-1.6131,-1.4765
-1.6131,-2.1001
-1.6131,-1.9587
-1.6131,-1.9417
-1.6131,-1.1482
-1.6131,-1.0193
4.0479,4.5534
4.0479,4.0003
4.0479,4.7242
4.0479,4.9668
-2.0174,-2.4543
-2.0174,-2.5445
-2.0174,-1.7526
-5.8899,-6.146
-3.09,-2.4543
-3.09,-3.3617
-3.09,-3.2585
3.4505,4.3933
3.4505,2.6635
-0.44658,-0.52234
-0.44658,-0.28463
-0.44658,-1.1367
-0.44658,-1.2832
-0.44658,-1.0193
-0.44658,-0.70163
-0.44658,-0.90145
-0.44658,-0.014418
-2.6315,-2.4465
-2.6315,-2.0269
-2.6315,-2.1001
-2.6315,-2.3023
-2.6315,-1.9587
-2.6315,-3.2956
-2.6315,-2.9057
6.2721,6.2541
6.2721,5.6933
6.2721,7.0064
6.2721,5.9388
6.2721,5.5357
6.2721,6.5577
0.52166,-0.014418
