-2.373,-1.657
-2.373,-3.0962
-6.9158,-7.0678
-6.9158,-5.952
-6.9158,-7.3053
-6.9158,-6.383
-6.9158,-6.565
-5.8519,-6.4349
-5.8519,-5.158
-5.8519,-6.1941
-5.8519,-5.2589
-5.3849,-5.6472
-5.3849,-5.8513
-5.3849,-6.1068
-5.3849,-5.2137
-5.3849,-4.5962
-5.3849,-6.3399
0.5811,1.0463
0.5811,0.39608
0.5811,0.64351
0.5811,1.3957
0.5811,-0.37504
-4.8525,-3.9579
-4.8525,-4.6536
-4.8525,-4.4508
-4.8525,-5.4049
-4.8525,-4.256
-4.8525,-4.8226
-4.8525,-5.2939
-4.8525,-5.2101
-5.7145,-5.9222
-5.7145,-6.416
-5.7145,-5.4049
-5.7145,-4.8226
-5.7145,-6.5625
-5.7145,-5.2939
-5.7145,-5.1361
-5.7145,-5.6091
-5.6472,-5.3849
-5.6472,-5.5114
-5.6472,-6.3399
5.7015,5.1119
5.7015,5.7392
5.7015,6.5096
-3.9579,-4.8525
-3.9579,-4.6536
-3.9579,-3.6784
-3.9579,-4.4508
-3.9579,-4.256
-3.9579,-3.0962
-3.9579,-3.2745
6.2787,5.7392
6.2787,6.1519
6.2787,6.5096
6.2787,5.7501
6.2787,6.9383
-5.8674,-5.8513
-5.8674,-6.7361
-5.8674,-5.5805
-5.8674,-5.952
-5.8674,-6.1163
-5.8674,-6.565
-5.8674,-5.3037
6.5419,6.9436
3.7475,4.1674
3.7475,3.3146
3.7475,4.4265
4.1392,4.871
4.1392,4.7479
-5.9222,-5.7145
-5.9222,-5.4049
-5.9222,-6.5625
-5.9222,-6.0611
-5.9222,-5.2939
-5.9222,-5.2101
7.5117,7.4648
-3.5213,-4.256
-3.5213,-2.7767
-3.5213,-3.2745
6.5449,6.3131
6.5449,5.6349
6.5449,7.2714
6.5449,6.8312
6.5449,6.063
6.5449,6.5716
-3.0127,-2.0546
-3.0127,-3.5785
-5.8513,-5.3849
-5.8513,-5.8674
-5.8513,-6.1068
-5.8513,-5.952
-5.8513,-5.2137
-5.8513,-6.383
-5.8513,-5.3037
0.21812,0.55492
0.21812,0.74847
0.21812,-0.56445
0.21812,-0.21732
0.21812,-0.19398
0.55492,0.21812
0.55492,0.74847
0.55492,1.0492
0.55492,0.29969
0.55492,-0.19398
1.5259,2.3611
1.5259,1.0463
1.5259,1.6931
1.5259,1.6424
1.5259,0.87573
4.1674,3.7475
4.1674,4.7668
4.1674,4.1127
4.1674,4.9469
4.1674,3.3146
4.1674,4.4265
-6.7361,-5.8674
-6.7361,-6.5378
-6.7361,-6.1163
-6.7361,-7.3053
-6.7361,-6.565
7.9562,8.0894
-4.6536,-4.8525
-4.6536,-3.9579
-4.6536,-4.4508
-4.6536,-5.4049
-4.6536,-4.256
-4.6536,-4.8226
-4.6536,-5.2939
-4.6536,-5.2101
-1.0165,-0.51617
-1.0165,-0.63339
-1.0165,-1.4825
-1.0165,-0.67296
-1.0165,-1.4656
4.871,4.1392
4.871,5.3893
4.871,5.1678
4.871,4.4798
4.871,5.774
6.7396,7.4648
6.7396,6.5656
6.7396,7.1647
6.7396,6.0205
4.7668,4.1674
4.7668,5.2309
4.7668,4.9469
4.7668,5.6349
4.7668,5.5657
4.7668,4.5496
4.7668,4.4265
4.7668,4.9536
-3.4636,-3.909
-1.2992,-0.83258
-1.2992,-1.8029
2.3611,1.5259
2.3611,1.6931
2.3611,2.4138
1.0463,0.5811
1.0463,1.5259
1.0463,1.6931
1.0463,0.39608
1.0463,1.3957
1.0463,0.87573
1.0463,0.42978
-0.51617,-1.0165
-0.51617,-0.63339
-0.51617,-0.24069
-0.51617,-0.67296
-0.51617,0.16198
-0.51617,-0.093601
-3.6784,-3.9579
-3.6784,-4.4508
-3.6784,-4.332
-3.6784,-3.0962
6.3131,6.5449
6.3131,5.6349
6.3131,6.063
6.3131,6.8863
6.3131,6.0211
6.3131,5.5657
6.3131,6.5716
-6.8073,-6.858
-6.8073,-7.7448
4.7479,4.1392
4.7479,5.1119
4.7479,5.1678
7.4648,7.5117
7.4648,6.7396
7.4648,6.5656
7.4648,7.1647
5.1119,5.7015
5.1119,4.7479
5.1119,5.7392
2.427,3.0057
2.427,1.6871
-6.4349,-5.8519
-6.4349,-7.13
-7.0678,-6.9158
-7.0678,-6.1068
-7.0678,-6.3399
-7.0678,-6.383
6.0143,6.0211
6.0143,5.5657
-0.49662,0.13956
-0.49662,-0.83258
-0.49662,-1.2817
-0.49662,-1.254
-0.49662,-0.60517
-6.1068,-5.3849
-6.1068,-5.8513
-6.1068,-7.0678
-6.1068,-5.952
-6.1068,-5.2137
-6.1068,-6.3399
-6.1068,-6.383
0.13956,-0.49662
0.13956,-0.093616
2.2736,3.0057
2.2736,1.6871
5.2601,5.2309
5.2601,5.8734
5.2601,5.029
5.2601,5.6349
5.2601,6.063
5.2601,5.5657
5.2601,4.5496
5.2601,4.4265
5.2309,4.7668
5.2309,5.2601
5.2309,4.9469
5.2309,5.6349
5.2309,6.0211
5.2309,5.5657
5.2309,4.5496
5.2309,4.4265
6.5656,6.7396
6.5656,7.4648
6.5656,6.3524
-5.5114,-5.6472
-4.4508,-4.8525
-4.4508,-3.9579
-4.4508,-4.6536
-4.4508,-3.6784
-4.4508,-4.332
-4.4508,-5.4049
-4.4508,-4.8226
-4.4508,-5.1361
-6.416,-5.7145
-6.416,-6.0385
-6.416,-6.5625
-6.416,-5.6091
7.1982,6.4409
7.1982,6.9772
7.1982,6.9383
-5.5805,-5.8674
-5.5805,-5.8803
-5.5805,-6.1163
-5.5805,-4.8418
-5.5805,-5.3037
0.37284,-0.60517
-5.158,-5.8519
-5.158,-5.2589
-5.158,-4.5683
1.6931,1.5259
1.6931,2.3611
1.6931,1.0463
1.6931,1.3957
0.87175,1.0091
0.87175,0.56848
0.87175,0.16198
-0.21359,-0.22149
-0.21359,-0.87386
-0.21359,0.42978
-7.8722,-7.3053
1.0091,0.87175
1.0091,0.74847
1.0091,0.56848
1.0091,1.7977
1.0091,1.4497
-0.83258,-1.2992
-0.83258,-0.49662
-0.83258,-1.254
-0.83258,-1.8029
-0.83258,-0.093616
-5.952,-6.9158
-5.952,-5.8674
-5.952,-5.8513
-5.952,-6.1068
-5.952,-5.2137
-5.952,-6.1163
-5.952,-6.383
-5.952,-6.565
-5.952,-5.3037
5.1561,6.0907
5.1561,5.3025
-5.8803,-5.5805
-5.8803,-6.5378
-1.2817,-0.49662
-1.2817,-1.7569
-1.2817,-1.657
-1.2817,-1.254
-1.2817,-0.60517
5.3893,4.871
5.3893,5.1678
5.3893,6.1519
5.3893,5.774
5.3893,5.7501
5.1678,4.871
5.1678,4.7479
5.1678,5.3893
5.1678,5.7392
5.1678,5.7501
1.6424,1.5259
1.6424,2.4138
1.6424,1.4751
1.6424,0.86864
1.6424,0.87573
-4.332,-3.6784
-4.332,-4.4508
-4.332,-4.8226
-4.332,-4.8572
-4.332,-5.1361
5.7392,5.7015
5.7392,6.2787
5.7392,5.1119
5.7392,5.1678
5.7392,6.5096
5.7392,5.7501
0.46233,0.64351
-0.16403,0.59526
-0.16403,-0.24069
-0.16403,-0.67296
-0.16403,-0.033587
-0.16403,-1.0553
4.1127,4.1674
4.1127,4.9469
4.1127,3.3146
4.1127,4.9536
-5.2137,-5.3849
-5.2137,-5.8513
-5.2137,-6.1068
-5.2137,-5.952
-5.2137,-4.5748
-5.2137,-5.3037
-1.7569,-1.2817
-1.7569,-1.657
-1.7569,-1.254
-1.7569,-1.8029
-1.7569,-2.3967
0.59526,-0.16403
0.59526,-0.24069
0.59526,-0.033587
-0.63339,-1.0165
-0.63339,-0.51617
-0.63339,-0.99307
-0.63339,-1.4656
-0.63339,-0.093601
-0.63339,-0.21732
5.8734,5.2601
5.8734,5.029
5.8734,6.8312
5.8734,6.063
6.1519,6.2787
6.1519,5.3893
6.1519,6.4409
6.1519,5.774
6.1519,5.7501
6.1519,6.9383
-1.4825,-1.0165
-1.4825,-0.67296
-1.4825,-1.0553
-0.24069,-0.51617
-0.24069,-0.16403
-0.24069,0.59526
-0.24069,-0.67296
-0.24069,0.16198
-0.24069,-1.0553
5.029,5.2601
5.029,5.8734
5.029,4.5496
-6.0385,-6.416
-6.0385,-5.6091
7.1647,6.7396
7.1647,7.4648
7.1647,6.9436
7.1647,7.8018
-5.4049,-4.8525
-5.4049,-5.7145
-5.4049,-5.9222
-5.4049,-4.6536
-5.4049,-4.4508
-5.4049,-4.8226
-5.4049,-5.2939
-5.4049,-5.1361
-5.4049,-5.6091
4.9469,4.1674
4.9469,4.7668
4.9469,5.2309
4.9469,4.1127
4.9469,5.5657
4.9469,4.9536
-4.256,-4.8525
-4.256,-3.9579
-4.256,-3.5213
-4.256,-4.6536
-4.256,-3.2745
-4.256,-5.2101
0.39608,0.5811
0.39608,1.0463
0.39608,-0.22149
0.39608,0.87573
0.39608,0.42978
5.4425,4.4798
5.4425,5.774
5.4425,6.3524
-0.99307,-0.63339
-0.99307,-1.3825
-0.99307,-1.4656
-0.99307,-0.56445
-0.99307,-0.21732
1.4811,0.64351
1.4811,1.3957
6.0907,5.1561
6.0907,6.2785
5.9342,6.2785
5.9342,5.3025
6.4409,7.1982
6.4409,6.1519
6.4409,5.774
6.4409,5.7501
6.4409,6.9772
6.4409,6.3524
6.5096,5.7015
6.5096,6.2787
6.5096,5.7392
5.6349,6.5449
5.6349,4.7668
5.6349,6.3131
5.6349,5.2601
5.6349,5.2309
5.6349,6.063
5.6349,6.0211
5.6349,5.5657
5.6349,6.5716
7.2714,6.5449
7.2714,6.8312
7.2714,7.4985
-1.657,-2.373
-1.657,-1.2817
-1.657,-1.7569
-1.657,-0.87386
-1.657,-2.3967
-1.3825,-0.99307
-1.3825,-2.0546
-1.3825,-0.56445
-2.7767,-3.5213
-2.7767,-3.2745
-2.7767,-1.8029
-2.7767,-2.3967
6.8312,6.5449
6.8312,5.8734
6.8312,7.2714
6.8312,6.063
-6.1941,-5.8519
-6.1941,-5.2589
0.74847,0.21812
0.74847,0.55492
0.74847,1.0091
0.74847,0.56848
0.74847,1.4497
0.64351,0.5811
0.64351,0.46233
0.64351,1.4811
0.64351,1.3957
-0.22149,-0.21359
-0.22149,0.39608
-0.22149,0.42978
2.4138,2.3611
2.4138,1.6424
3.0057,2.427
3.0057,2.2736
-1.254,-0.49662
-1.254,-0.83258
-1.254,-1.2817
-1.254,-1.7569
-1.254,-1.8029
6.063,6.5449
6.063,6.3131
6.063,5.2601
6.063,5.8734
6.063,5.6349
6.063,6.8312
6.063,6.5716
-5.2589,-5.8519
-5.2589,-5.158
-5.2589,-6.1941
1.4751,1.6424
1.4751,0.86864
-4.8226,-4.8525
-4.8226,-5.7145
-4.8226,-4.6536
-4.8226,-4.4508
-4.8226,-4.332
-4.8226,-5.4049
-4.8226,-5.2939
-4.8226,-5.1361
-4.8226,-5.6091
6.8863,6.3131
6.8863,6.0211
6.8863,7.4985
6.8863,6.5716
0.56848,0.87175
0.56848,1.0091
0.56848,0.74847
0.56848,0.16198
0.56848,-0.093601
0.56848,-0.21732
6.0211,6.3131
6.0211,6.0143
6.0211,5.2309
6.0211,5.6349
6.0211,6.8863
6.0211,5.5657
6.0211,6.5716
8.0894,7.9562
-6.5625,-5.7145
-6.5625,-5.9222
-6.5625,-6.416
-3.909,-3.4636
-3.909,-4.5149
5.5657,4.7668
5.5657,6.3131
5.5657,6.0143
5.5657,5.2601
5.5657,5.2309
5.5657,4.9469
5.5657,5.6349
5.5657,6.0211
-0.60517,-0.49662
-0.60517,0.37284
-0.60517,-1.2817
-0.60517,-0.87386
-6.5378,-6.7361
-6.5378,-5.8803
-6.5378,-6.1163
4.5496,4.7668
4.5496,5.2601
4.5496,5.2309
4.5496,5.029
4.5496,4.4265
1.7977,1.0091
-6.858,-6.8073
-6.858,-7.7448
7.4985,7.2714
7.4985,6.8863
7.4985,6.5716
4.4798,4.871
4.4798,5.4425
-3.0962,-2.373
-3.0962,-3.9579
-3.0962,-3.6784
-3.0962,-3.2745
-3.0962,-2.3967
-0.67296,-1.0165
-0.67296,-0.51617
-0.67296,-0.16403
-0.67296,-1.4825
-0.67296,-0.24069
-0.67296,0.16198
-0.67296,-1.0553
0.16198,-0.51617
0.16198,0.87175
0.16198,-0.24069
0.16198,0.56848
0.16198,-0.67296
0.16198,-0.093601
1.3957,0.5811
1.3957,1.0463
1.3957,1.6931
1.3957,1.4811
1.3957,0.64351
6.2785,6.0907
6.2785,5.9342
6.2785,5.3025
1.6871,2.427
1.6871,2.2736
1.6871,1.0492
-3.2745,-3.9579
-3.2745,-3.5213
-3.2745,-4.256
-3.2745,-2.7767
-3.2745,-3.0962
-3.2745,-2.3967
-4.8572,-4.332
-4.8572,-5.1361
-4.5748,-5.2137
-4.5748,-4.8418
-4.5748,-5.3037
-6.1163,-5.8674
-6.1163,-6.7361
-6.1163,-5.5805
-6.1163,-5.952
-6.1163,-6.5378
-6.1163,-6.565
0.86864,1.6424
0.86864,1.4751
0.86864,0.87573
0.86864,0.42978
-6.0611,-5.9222
-6.0611,-5.2101
-0.033587,-0.16403
-0.033587,0.59526
-1.4656,-1.0165
-1.4656,-0.63339
-1.4656,-0.99307
-1.4656,-2.0546
-2.0546,-3.0127
-2.0546,-1.3825
-2.0546,-1.4656
-7.3053,-6.9158
-7.3053,-6.7361
-7.3053,-7.8722
-7.3053,-6.565
1.0492,0.55492
1.0492,1.6871
1.0492,0.29969
3.3146,3.7475
3.3146,4.1674
3.3146,4.1127
-4.5962,-5.3849
-5.2939,-4.8525
-5.2939,-5.7145
-5.2939,-5.9222
-5.2939,-4.6536
-5.2939,-5.4049
-5.2939,-4.8226
-5.2939,-5.2101
5.774,4.871
5.774,5.3893
5.774,6.1519
5.774,5.4425
5.774,6.4409
5.774,6.3524
-5.1361,-5.7145
-5.1361,-4.4508
-5.1361,-4.332
-5.1361,-5.4049
-5.1361,-4.8226
-5.1361,-4.8572
-5.1361,-5.6091
-0.093601,-0.51617
-0.093601,-0.63339
-0.093601,0.56848
-0.093601,0.16198
-0.093601,-0.21732
5.7501,6.2787
5.7501,5.3893
5.7501,5.1678
5.7501,5.7392
5.7501,6.1519
5.7501,6.4409
-1.8029,-1.2992
-1.8029,-0.83258
-1.8029,-1.7569
-1.8029,-2.7767
-1.8029,-1.254
-1.8029,-2.3967
0.87573,1.5259
0.87573,1.0463
0.87573,1.6424
0.87573,0.39608
0.87573,0.86864
0.87573,0.42978
6.9772,7.1982
6.9772,6.4409
6.9772,6.3524
4.4265,3.7475
4.4265,4.1674
4.4265,4.7668
4.4265,5.2601
4.4265,5.2309
4.4265,4.5496
-0.56445,0.21812
-0.56445,-0.99307
-0.56445,-1.3825
-0.56445,-0.21732
-0.56445,-0.19398
-5.6091,-5.7145
-5.6091,-6.416
-5.6091,-6.0385
-5.6091,-5.4049
-5.6091,-4.8226
-5.6091,-5.1361
-3.5785,-3.0127
-3.5785,-4.5683
-4.8418,-5.5805
-4.8418,-4.5748
-4.8418,-5.3037
-0.35091,-0.093616
-6.3399,-5.3849
-6.3399,-5.6472
-6.3399,-7.0678
-6.3399,-6.1068
-6.3399,-6.383
-5.2101,-4.8525
-5.2101,-5.9222
-5.2101,-4.6536
-5.2101,-4.256
-5.2101,-6.0611
-5.2101,-5.2939
6.9383,6.2787
6.9383,7.1982
6.9383,6.1519
5.3025,5.1561
5.3025,5.9342
5.3025,6.2785
-0.87386,-0.21359
-0.87386,-1.657
-0.87386,-0.60517
-7.13,-6.4349
-0.21732,0.21812
-0.21732,-0.63339
-0.21732,-0.99307
-0.21732,0.56848
-0.21732,-0.093601
-0.21732,-0.56445
1.4497,1.0091
1.4497,0.74847
0.29969,0.55492
0.29969,1.0492
0.29969,-0.19398
-6.383,-6.9158
-6.383,-5.8513
-6.383,-7.0678
-6.383,-6.1068
-6.383,-5.952
-6.383,-6.3399
-6.383,-6.565
-4.5149,-3.909
-6.565,-6.9158
-6.565,-5.8674
-6.565,-6.7361
-6.565,-5.952
-6.565,-6.1163
-6.565,-7.3053
-6.565,-6.383
-0.19398,0.21812
-0.19398,0.55492
-0.19398,-0.56445
-0.19398,0.29969
6.9436,6.5419
6.9436,7.1647
6.9436,7.8018
-0.37504,0.5811
-2.3967,-1.7569
-2.3967,-1.657
-2.3967,-2.7767
-2.3967,-3.0962
-2.3967,-3.2745
-2.3967,-1.8029
4.9536,4.7668
4.9536,4.1127
4.9536,4.9469
6.3524,6.5656
6.3524,5.4425
6.3524,6.4409
6.3524,5.774
6.3524,6.9772
-5.3037,-5.8674
-5.3037,-5.8513
-5.3037,-5.5805
-5.3037,-5.952
-5.3037,-5.2137
-5.3037,-4.5748
-5.3037,-4.8418
-4.5683,-5.158
-4.5683,-3.5785
-1.0553,-0.16403
-1.0553,-1.4825
-1.0553,-0.24069
-1.0553,-0.67296
0.42978,1.0463
0.42978,-0.21359
0.42978,0.39608
0.42978,-0.22149
0.42978,0.86864
0.42978,0.87573
-7.7448,-6.8073
-7.7448,-6.858
6.0205,6.7396
6.5716,6.5449
6.5716,6.3131
6.5716,5.6349
6.5716,6.063
6.5716,6.8863
6.5716,6.0211
6.5716,7.4985
-0.093616,0.13956
-0.093616,-0.83258
-0.093616,-0.35091
7.8018,7.1647
7.8018,6.9436
