-1.091,-1.0931
-1.091,-0.41106
-1.091,-1.1651
-1.091,-1.1855
-1.091,-0.70693
-1.091,-0.55768
-1.091,-1.6033
-1.091,-2.0612
-6.6752,-7.3956
-6.6752,-6.8802
-6.6752,-7.1965
-6.6752,-6.2051
-6.6752,-6.2236
-6.6752,-6.5749
-6.6752,-5.8061
-5.1476,-5.7451
-5.1476,-5.3407
-5.1476,-5.7558
-5.1476,-5.6538
-5.1476,-5.1717
-5.1476,-4.6255
-5.1476,-4.538
-6.2319,-5.9177
-6.2319,-6.369
-6.2319,-5.2579
-6.2319,-5.7205
-6.2319,-6.8488
-1.3968,-0.88319
-1.3968,-1.585
-1.3968,-1.1804
-1.3968,-1.6837
-1.3968,-0.60682
-1.3968,-1.1313
-1.3968,-1.7147
-1.3968,-2.1993
-1.3968,-1.0556
-1.3968,-0.93754
-1.3968,-2.1911
-1.3968,-1.5408
-1.3968,-0.49027
-1.3441,-2.0964
-1.3441,-0.88319
-1.3441,-1.3184
-1.3441,-1.1804
-1.3441,-0.66219
-1.3441,-1.5408
-1.3441,-1.9037
-1.3441,-0.88853
-2.0964,-1.3441
-2.0964,-1.1804
-2.0964,-2.7373
-2.0964,-1.7147
-2.0964,-2.1993
-2.0964,-2.5849
-2.0964,-1.5408
-2.0964,-1.9037
-5.7451,-5.1476
-5.7451,-5.3407
-5.7451,-5.7558
-5.7451,-5.6538
-5.7451,-6.2959
-5.7451,-6.2236
-5.7451,-5.1717
-5.7451,-5.8061
1.8512,1.4916
1.8512,2.2017
1.8512,2.5039
1.8512,1.5592
1.8512,0.852
1.8512,2.2809
1.8512,2.8449
-1.0931,-1.091
-1.0931,-0.41106
-1.0931,-1.1651
-1.0931,-0.70693
-1.0931,-0.55768
-1.0931,-1.1709
-1.0931,-0.62421
-1.0931,-0.2866
-1.0931,-1.6033
-1.0931,-1.6701
2.8075,3.6071
2.8075,2.2017
2.8075,2.1322
2.8075,3.679
2.8075,3.3087
2.8075,2.7706
2.8075,2.5039
2.8075,2.2809
2.8075,2.8449
2.8075,2.6743
2.8075,3.2984
-5.3407,-5.1476
-5.3407,-5.7451
-5.3407,-5.7558
-5.3407,-4.4219
-5.3407,-4.9076
-5.3407,-4.538
-5.2546,-4.5535
-5.2546,-4.7813
-5.2546,-5.2579
-5.2546,-5.7205
-5.2546,-5.0359
-5.2546,-5.9267
-5.2546,-5.4403
3.2807,4.1951
3.2807,2.9449
3.2807,2.3919
3.2807,2.7101
3.2807,3.5868
5.7403,5.2205
5.7403,4.9067
2.3484,1.692
2.3484,2.1322
2.3484,2.7706
2.3484,3.2895
2.3484,2.9449
2.3484,2.3919
2.3484,2.6743
-1.9277,-1.585
-1.9277,-2.6946
-1.9277,-1.1651
-1.9277,-2.1423
-1.9277,-1.6548
-1.9277,-2.1761
-1.9277,-2.3194
-1.9277,-1.1709
-1.9277,-2.4396
-1.9277,-1.4063
-1.9277,-1.6701
-0.41106,-1.091
-0.41106,-1.0931
-0.41106,0.16493
-0.41106,-0.70693
-0.41106,-0.55768
-0.41106,-0.2866
-0.43393,-0.88319
-0.43393,-1.1804
-0.43393,-0.24356
-0.43393,-0.067121
-0.43393,-0.60682
-0.43393,-0.40129
-0.43393,0.1912
-0.43393,-1.0556
-0.43393,-0.93754
-0.43393,0.12853
-0.43393,-0.88853
-0.43393,-0.49027
1.6205,2.4639
1.6205,2.0866
1.6205,1.4155
1.6205,2.3511
-4.5535,-5.2546
-4.5535,-4.0393
-4.5535,-4.7813
-4.5535,-5.2579
-7.5936,-7.3956
-7.5936,-6.8802
-7.5936,-6.8795
4.4424,4.4149
4.4424,3.7898
4.4424,3.8895
4.4424,4.0957
4.4424,5.2205
4.4424,4.9067
4.4424,4.5012
0.64609,1.4235
0.64609,1.441
-3.26,-2.7373
-3.26,-3.2949
-3.26,-2.5849
1.1335,1.328
1.1335,0.57416
1.1335,0.72019
1.1335,0.55069
1.1335,0.70754
1.1335,1.4657
1.1335,0.20625
-5.7558,-5.1476
-5.7558,-5.7451
-5.7558,-5.3407
-5.7558,-6.2959
-5.7558,-6.1412
-0.90612,-0.5941
-0.90612,-1.585
-0.90612,-1.1651
-0.90612,-1.6548
-0.90612,0.041159
-0.90612,-0.60682
-0.90612,-1.1313
-0.90612,-1.1709
-0.90612,-0.45223
-0.90612,-0.62421
-0.90612,-1.0556
-0.90612,-0.45172
-0.90612,-1.4063
-0.90612,-0.1253
3.9299,4.0422
3.9299,4.5135
3.9299,3.4259
3.9299,3.8399
3.9299,3.5037
3.9299,3.2616
3.9299,3.1735
3.9299,4.3611
-1.8715,-1.3184
-1.8715,-0.89947
-1.8715,-1.9037
4.0422,3.9299
4.0422,4.4149
4.0422,4.5135
4.0422,3.8399
4.0422,4.927
4.0422,3.5037
4.0422,3.6605
4.0422,3.2616
4.0422,4.3611
3.6071,2.8075
3.6071,3.8551
3.6071,4.2055
3.6071,3.679
3.6071,3.3087
3.6071,2.8449
3.6071,4.3534
3.6071,3.8865
3.6071,3.2984
0.9946,0.16493
0.9946,1.1115
2.6912,3.2293
2.6912,2.0866
2.6912,2.04
2.6912,3.5037
2.6912,2.3908
2.6912,3.2808
2.6912,3.158
2.6912,3.6605
2.6912,3.2616
2.6912,2.5902
2.6912,2.6594
2.6912,2.7538
2.6912,2.0518
2.6912,2.7775
-0.88319,-1.3968
-0.88319,-1.3441
-0.88319,-0.43393
-0.88319,-1.1804
-0.88319,-0.24356
-0.88319,-1.7147
-0.88319,-0.40129
-0.88319,-0.66219
-0.88319,-0.93754
-0.88319,-1.5408
-0.88319,-0.88853
-0.88319,-0.49027
-3.2535,-2.6946
-3.2535,-2.5222
-3.2535,-2.7202
-3.2535,-3.2949
-3.2535,-3.6252
-3.2535,-3.0229
2.036,1.4235
2.036,2.04
2.036,2.3908
2.036,2.5902
2.036,2.0518
2.036,1.441
2.036,2.7775
-1.3184,-1.3441
-1.3184,-1.8715
-1.3184,-0.89947
-1.3184,-0.66219
-1.3184,-1.9037
-1.3184,-0.88853
-0.5941,-0.90612
-0.5941,0.041159
-0.5941,-0.60682
-0.5941,-0.70693
-0.5941,-1.1313
-0.5941,-1.1709
-0.5941,-0.45223
-0.5941,-0.62421
-0.5941,-0.45172
-0.5941,-0.2866
-0.5941,-1.4063
-0.5941,-0.1253
0.16493,-0.41106
0.16493,0.9946
0.16493,-0.55768
0.16493,-0.2866
0.16493,0.13497
-1.585,-1.3968
-1.585,-1.9277
-1.585,-0.90612
-1.585,-2.1423
-1.585,-1.6548
-1.585,-2.5222
-1.585,-1.6837
-1.585,-2.3194
-1.585,-1.1313
-1.585,-1.1709
-1.585,-1.0556
-1.585,-2.1911
-1.585,-1.4063
2.4639,1.6205
2.4639,3.4259
2.4639,3.1735
2.4639,2.3511
-0.89947,-1.8715
-0.89947,-1.3184
-0.89947,-0.084462
-0.89947,-0.66219
1.4916,1.8512
1.4916,2.2017
1.4916,1.692
1.4916,2.1322
1.4916,1.5592
5.4885,4.8037
5.4885,4.7094
2.2017,1.8512
2.2017,2.8075
2.2017,1.4916
2.2017,2.1322
2.2017,2.5039
2.2017,1.5592
2.2017,2.2809
2.2017,2.8449
2.2017,2.6743
5.4674,4.927
5.4674,4.9067
-7.3956,-6.6752
-7.3956,-7.5936
-7.3956,-6.8802
-7.3956,-7.1965
-6.8802,-6.6752
-6.8802,-7.5936
-6.8802,-7.3956
-6.8802,-6.2959
-6.8802,-6.8795
-6.8802,-6.2236
-2.6946,-1.9277
-2.6946,-3.2535
-2.6946,-2.1423
-2.6946,-2.5222
-2.6946,-2.3194
-2.6946,-2.7202
-2.6946,-2.4396
-2.6946,-3.6252
-2.6946,-3.0229
-1.1651,-1.091
-1.1651,-1.0931
-1.1651,-1.9277
-1.1651,-0.90612
-1.1651,-1.6548
-1.1651,-0.70693
-1.1651,-1.1709
-1.1651,-0.62421
-1.1651,-0.45172
-1.1651,-0.2866
-1.1651,-1.6033
-1.1651,-1.4063
-1.1651,-1.6701
-5.6538,-5.1476
-5.6538,-5.7451
-5.6538,-6.2051
-5.6538,-6.2236
-5.6538,-5.1717
-5.6538,-5.8061
-5.6538,-5.0359
-5.6538,-5.4403
1.328,1.1335
1.328,0.72019
1.328,1.1115
1.328,0.55069
1.328,0.44559
3.2293,2.6912
3.2293,3.7898
3.2293,3.8895
3.2293,3.8399
3.2293,3.3873
3.2293,3.0899
3.2293,3.5037
3.2293,2.3908
3.2293,3.2808
3.2293,3.158
3.2293,3.6605
3.2293,3.2616
3.2293,2.5902
3.2293,2.6594
3.2293,2.7775
4.4149,4.4424
4.4149,4.0422
4.4149,3.7898
4.4149,3.8895
4.4149,3.8399
4.4149,4.927
4.4149,4.0957
4.4149,3.6605
4.4149,4.9067
4.4149,4.5012
4.4149,4.3611
1.4235,0.64609
1.4235,2.036
1.4235,2.04
1.4235,1.441
1.4235,1.5508
3.8551,3.6071
3.8551,3.2895
3.8551,4.1951
3.8551,4.3534
3.8551,3.8865
3.8551,4.5483
3.8551,3.2984
3.8551,3.5868
-6.2959,-5.7451
-6.2959,-5.7558
-6.2959,-6.8802
-6.2959,-6.8795
-6.2959,-6.2236
-1.1804,-1.3968
-1.1804,-1.3441
-1.1804,-2.0964
-1.1804,-0.43393
-1.1804,-0.88319
-1.1804,-1.6837
-1.1804,-1.7147
-1.1804,-0.40129
-1.1804,-1.0556
-1.1804,-0.93754
-1.1804,-1.5408
-1.1804,-0.88853
-1.1804,-0.49027
-2.1423,-1.9277
-2.1423,-1.585
-2.1423,-2.6946
-2.1423,-1.6548
-2.1423,-2.5222
-2.1423,-1.6837
-2.1423,-2.3194
-2.1423,-2.7202
-2.1423,-2.1911
-2.1423,-1.4063
3.7898,4.4424
3.7898,3.2293
3.7898,4.4149
3.7898,3.8895
3.7898,3.8399
3.7898,3.3873
3.7898,3.0899
3.7898,3.2808
3.7898,4.0957
3.7898,3.6605
3.7898,4.5012
-7.1965,-6.6752
-7.1965,-7.3956
-7.1965,-6.2051
-7.1965,-6.5749
-7.1965,-7.0521
1.692,2.3484
1.692,1.4916
1.692,2.1322
1.692,2.3919
-6.8795,-7.5936
-6.8795,-6.8802
-6.8795,-6.2959
-1.6548,-1.9277
-1.6548,-0.90612
-1.6548,-1.585
-1.6548,-1.1651
-1.6548,-2.1423
-1.6548,-1.6837
-1.6548,-2.3194
-1.6548,-1.1313
-1.6548,-1.1709
-1.6548,-2.4396
-1.6548,-1.4063
-1.6548,-1.6701
0.57416,1.1335
0.57416,0.75939
0.57416,-0.067121
0.57416,0.55069
0.57416,0.70754
0.57416,0.1912
0.57416,1.4657
0.57416,0.20625
0.57416,0.12853
0.57416,1.3563
0.041159,-0.90612
0.041159,-0.5941
0.041159,0.72019
0.041159,-0.067121
0.041159,0.55069
0.041159,-0.45223
0.041159,-0.62421
0.041159,-0.45172
0.041159,0.20625
0.041159,0.44559
0.041159,0.13497
0.041159,-0.1253
-1.1855,-1.091
-1.1855,-0.55768
-6.2051,-6.6752
-6.2051,-5.6538
-6.2051,-7.1965
-6.2051,-6.369
-6.2051,-6.2236
-6.2051,-6.5749
-6.2051,-5.8061
-6.2051,-5.9267
-6.2051,-5.4403
4.3562,4.5135
4.3562,3.4259
4.5135,3.9299
4.5135,4.0422
4.5135,4.3562
4.5135,4.927
4.5135,4.3611
0.75939,0.57416
0.75939,0.70754
0.75939,0.1912
0.75939,0.12853
0.75939,1.3563
0.75939,1.0987
0.75939,0.45384
-4.448,-4.0393
-4.448,-4.7813
-4.448,-5.1717
-4.448,-5.0359
-4.448,-3.9638
-4.448,-4.6255
-5.9177,-6.2319
-5.9177,-5.2579
4.8037,5.4885
4.8037,4.2055
4.8037,4.7094
-2.7373,-2.0964
-2.7373,-3.26
-2.7373,-2.7202
-2.7373,-3.2949
-2.7373,-2.1993
-2.7373,-2.5849
-2.7373,-2.1911
-0.24356,-0.43393
-0.24356,-0.88319
-0.24356,-0.40129
-0.24356,-0.084462
-0.24356,-0.66219
-0.24356,0.12853
-0.24356,-0.88853
-0.24356,0.45384
4.2055,3.6071
4.2055,4.8037
4.2055,3.679
4.2055,3.3087
4.2055,4.7094
4.2055,4.3534
4.2055,3.8865
2.1322,2.8075
2.1322,2.3484
2.1322,1.4916
2.1322,2.2017
2.1322,1.692
2.1322,2.7706
2.1322,1.5592
2.1322,2.6743
-2.5222,-3.2535
-2.5222,-1.585
-2.5222,-2.6946
-2.5222,-2.1423
-2.5222,-1.6837
-2.5222,-2.3194
-2.5222,-2.7202
-2.5222,-3.2949
-2.5222,-2.1911
-1.6837,-1.3968
-1.6837,-1.585
-1.6837,-1.1804
-1.6837,-2.1423
-1.6837,-1.6548
-1.6837,-2.5222
-1.6837,-1.1313
-1.6837,-1.7147
-1.6837,-2.1993
-1.6837,-1.0556
-1.6837,-0.93754
-1.6837,-2.1911
3.679,2.8075
3.679,3.6071
3.679,4.2055
3.679,3.3087
3.679,2.8449
3.679,3.8865
-2.1761,-1.9277
-2.1761,-2.3194
-2.1761,-2.4396
-2.1761,-1.6033
-2.1761,-2.0612
-2.1761,-1.6701
-2.1761,-2.9134
-2.3194,-1.9277
-2.3194,-1.585
-2.3194,-2.6946
-2.3194,-2.1423
-2.3194,-1.6548
-2.3194,-2.5222
-2.3194,-2.1761
-2.3194,-2.4396
-2.3194,-1.4063
-2.3194,-3.0229
-2.3194,-1.6701
0.72019,1.1335
0.72019,1.328
0.72019,0.041159
0.72019,1.1115
0.72019,0.55069
0.72019,0.70754
0.72019,0.20625
0.72019,0.44559
0.72019,0.13497
0.72019,-0.1253
-6.369,-6.2319
-6.369,-6.2051
-6.369,-6.5749
-6.369,-5.7205
-6.369,-5.9267
-6.369,-6.8488
-6.369,-7.0521
-0.067121,-0.43393
-0.067121,0.57416
-0.067121,0.041159
-0.067121,-0.60682
-0.067121,0.55069
-0.067121,-0.45223
-0.067121,0.70754
-0.067121,0.1912
-0.067121,-1.0556
-0.067121,0.20625
-0.067121,-0.93754
-0.067121,-0.1253
-0.067121,-0.49027
-0.60682,-1.3968
-0.60682,-0.43393
-0.60682,-0.90612
-0.60682,-0.5941
-0.60682,-0.067121
-0.60682,-1.1313
-0.60682,-0.45223
-0.60682,-1.0556
-0.60682,0.20625
-0.60682,-0.93754
-0.60682,-0.1253
-0.60682,-0.49027
-4.0393,-4.5535
-4.0393,-4.448
-4.0393,-4.7813
-4.0393,-3.9638
3.4259,3.9299
3.4259,2.4639
3.4259,4.3562
3.4259,3.1735
3.3087,2.8075
3.3087,3.6071
3.3087,4.2055
3.3087,3.679
3.3087,2.5039
3.3087,2.8449
3.3087,2.6743
3.3087,3.8865
3.3087,3.2984
-4.7813,-5.2546
-4.7813,-4.5535
-4.7813,-4.448
-4.7813,-4.0393
-4.7813,-5.0359
-4.7813,-5.4403
-0.70693,-1.091
-0.70693,-1.0931
-0.70693,-0.41106
-0.70693,-0.5941
-0.70693,-1.1651
-0.70693,-1.1709
-0.70693,-0.62421
-0.70693,-0.45172
-0.70693,-0.2866
-0.70693,0.13497
-0.70693,-1.6701
3.8895,4.4424
3.8895,3.2293
3.8895,4.4149
3.8895,3.7898
3.8895,3.8399
3.8895,3.3873
3.8895,3.2808
3.8895,3.158
3.8895,4.0957
3.8895,3.6605
3.8895,4.5012
3.8895,4.3611
-2.7202,-3.2535
-2.7202,-2.6946
-2.7202,-2.1423
-2.7202,-2.7373
-2.7202,-2.5222
-2.7202,-3.2949
-2.7202,-2.1993
-2.7202,-2.1911
1.1115,0.9946
1.1115,1.328
1.1115,0.72019
1.1115,0.44559
1.1115,0.13497
0.55069,1.1335
0.55069,1.328
0.55069,0.57416
0.55069,0.041159
0.55069,0.72019
0.55069,-0.067121
0.55069,-0.45223
0.55069,0.70754
0.55069,0.20625
0.55069,0.44559
0.55069,-0.1253
2.0866,1.6205
2.0866,2.6912
2.0866,2.3908
2.0866,2.6594
2.0866,2.7538
2.0866,2.0518
2.0866,1.4155
2.0866,1.5508
2.0866,2.3511
-0.55768,-1.091
-0.55768,-1.0931
-0.55768,-0.41106
-0.55768,0.16493
-0.55768,-1.1855
-1.1313,-1.3968
-1.1313,-0.90612
-1.1313,-0.5941
-1.1313,-1.585
-1.1313,-1.6548
-1.1313,-1.6837
-1.1313,-0.60682
-1.1313,-1.1709
-1.1313,-0.45223
-1.1313,-1.0556
-1.1313,-0.45172
-1.1313,-0.93754
-1.1313,-1.4063
-1.1313,-0.1253
2.7706,2.8075
2.7706,2.3484
2.7706,2.1322
2.7706,3.2895
2.7706,2.9449
2.7706,2.6743
2.7706,3.2984
2.04,2.6912
2.04,2.036
2.04,1.4235
2.04,2.3908
2.04,2.5902
2.04,2.0518
2.04,1.441
2.04,2.7775
2.04,1.5508
-1.1709,-1.0931
-1.1709,-1.9277
-1.1709,-0.90612
-1.1709,-0.5941
-1.1709,-1.585
-1.1709,-1.1651
-1.1709,-1.6548
-1.1709,-0.70693
-1.1709,-1.1313
-1.1709,-0.62421
-1.1709,-0.45172
-1.1709,-1.4063
-1.1709,-1.6701
3.8399,3.9299
3.8399,4.0422
3.8399,3.2293
3.8399,4.4149
3.8399,3.7898
3.8399,3.8895
3.8399,3.5037
3.8399,3.2808
3.8399,3.158
3.8399,3.6605
3.8399,3.2616
3.8399,4.5012
3.8399,4.3611
3.3873,3.2293
3.3873,3.7898
3.3873,3.8895
3.3873,3.0899
3.3873,3.2808
3.3873,4.0957
3.3873,3.6605
3.3873,2.5902
3.3873,2.7775
3.0899,3.2293
3.0899,3.7898
3.0899,3.3873
3.0899,3.2808
3.0899,2.5902
3.0899,2.7775
2.5039,1.8512
2.5039,2.8075
2.5039,2.2017
2.5039,3.3087
2.5039,2.2809
2.5039,2.8449
4.927,4.0422
4.927,5.4674
4.927,4.4149
4.927,4.5135
4.927,4.9067
4.927,4.5012
4.927,4.3611
3.5037,3.9299
3.5037,4.0422
3.5037,2.6912
3.5037,3.2293
3.5037,3.8399
3.5037,3.158
3.5037,3.6605
3.5037,3.2616
3.5037,2.6594
3.5037,3.1735
3.5037,2.7538
3.5037,4.3611
-1.7147,-1.3968
-1.7147,-2.0964
-1.7147,-0.88319
-1.7147,-1.1804
-1.7147,-1.6837
-1.7147,-2.1993
-1.7147,-1.0556
-1.7147,-0.93754
-1.7147,-2.1911
-1.7147,-1.5408
-4.4219,-5.3407
-4.4219,-4.9076
-4.4219,-4.538
-0.40129,-0.43393
-0.40129,-0.88319
-0.40129,-1.1804
-0.40129,-0.24356
-0.40129,0.1912
-0.40129,-0.66219
-0.40129,-0.93754
-0.40129,0.12853
-0.40129,-0.88853
-0.40129,-0.49027
-0.40129,0.45384
2.3908,2.6912
2.3908,2.036
2.3908,3.2293
2.3908,2.0866
2.3908,2.04
2.3908,3.2808
2.3908,3.158
2.3908,2.5902
2.3908,2.6594
2.3908,2.7538
2.3908,2.0518
2.3908,1.441
2.3908,2.7775
2.3908,1.5508
-6.2236,-6.6752
-6.2236,-5.7451
-6.2236,-6.8802
-6.2236,-5.6538
-6.2236,-6.2959
-6.2236,-6.2051
-6.2236,-5.8061
1.5592,1.8512
1.5592,1.4916
1.5592,2.2017
1.5592,2.1322
1.5592,0.852
1.5592,2.2809
-0.45223,-0.90612
-0.45223,-0.5941
-0.45223,0.041159
-0.45223,-0.067121
-0.45223,-0.60682
-0.45223,0.55069
-0.45223,-1.1313
-0.45223,-0.62421
-0.45223,-1.0556
-0.45223,-0.45172
-0.45223,0.20625
-0.45223,-0.1253
-0.45223,-0.49027
0.70754,1.1335
0.70754,0.57416
0.70754,0.75939
0.70754,0.72019
0.70754,-0.067121
0.70754,0.55069
0.70754,0.1912
0.70754,1.4657
0.70754,0.20625
0.70754,1.3563
0.70754,-0.1253
3.2895,2.3484
3.2895,3.8551
3.2895,2.7706
3.2895,2.9449
3.2895,2.6743
3.2895,3.8865
3.2895,3.2984
3.2895,3.5868
3.2808,2.6912
3.2808,3.2293
3.2808,3.7898
3.2808,3.8895
3.2808,3.8399
3.2808,3.3873
3.2808,3.0899
3.2808,2.3908
3.2808,3.158
3.2808,4.0957
3.2808,3.6605
3.2808,2.5902
3.2808,2.7775
0.1912,-0.43393
0.1912,0.57416
0.1912,0.75939
0.1912,-0.067121
0.1912,-0.40129
0.1912,0.70754
0.1912,0.20625
0.1912,0.12853
0.1912,-0.1253
0.1912,-0.49027
3.158,2.6912
3.158,3.2293
3.158,3.8895
3.158,3.8399
3.158,3.5037
3.158,2.3908
3.158,3.2808
3.158,3.6605
3.158,3.2616
3.158,2.5902
3.158,2.6594
3.158,2.7538
3.158,2.7775
-5.1717,-5.1476
-5.1717,-5.7451
-5.1717,-5.6538
-5.1717,-4.448
-5.1717,-5.8061
-5.1717,-5.0359
-5.1717,-4.6255
-5.1717,-5.4403
-3.2949,-3.26
-3.2949,-3.2535
-3.2949,-2.7373
-3.2949,-2.5222
-3.2949,-2.7202
-2.1993,-1.3968
-2.1993,-2.0964
-2.1993,-2.7373
-2.1993,-1.6837
-2.1993,-2.7202
-2.1993,-1.7147
-2.1993,-2.1911
-2.1993,-1.5408
4.1951,3.2807
4.1951,3.8551
4.1951,4.5483
4.1951,3.5868
4.0957,4.4424
4.0957,4.4149
4.0957,3.7898
4.0957,3.8895
4.0957,3.3873
4.0957,3.2808
4.0957,3.6605
4.0957,4.9067
4.0957,4.5012
-0.62421,-1.0931
-0.62421,-0.90612
-0.62421,-0.5941
-0.62421,-1.1651
-0.62421,0.041159
-0.62421,-0.70693
-0.62421,-1.1709
-0.62421,-0.45223
-0.62421,-0.45172
-0.62421,-0.2866
-0.62421,0.13497
-0.62421,-1.4063
4.7094,5.4885
4.7094,4.8037
4.7094,4.2055
4.7094,4.3534
4.7094,3.8865
4.7094,4.5483
-2.5849,-2.0964
-2.5849,-3.26
-2.5849,-2.7373
-2.5849,-1.9037
-0.084462,-0.89947
-0.084462,-0.24356
-0.084462,-0.66219
-0.084462,0.45384
3.6605,4.0422
3.6605,2.6912
3.6605,3.2293
3.6605,4.4149
3.6605,3.7898
3.6605,3.8895
3.6605,3.8399
3.6605,3.3873
3.6605,3.5037
3.6605,3.2808
3.6605,3.158
3.6605,4.0957
3.6605,3.2616
3.6605,4.5012
3.6605,4.3611
1.4657,1.1335
1.4657,0.57416
1.4657,0.70754
1.4657,1.3563
-6.5749,-6.6752
-6.5749,-7.1965
-6.5749,-6.2051
-6.5749,-6.369
-6.5749,-5.8061
-6.5749,-5.9267
-6.5749,-7.0521
3.2616,3.9299
3.2616,4.0422
3.2616,2.6912
3.2616,3.2293
3.2616,3.8399
3.2616,3.5037
3.2616,3.158
3.2616,3.6605
3.2616,2.6594
3.2616,3.1735
3.2616,2.7538
2.5902,2.6912
2.5902,2.036
2.5902,3.2293
2.5902,2.04
2.5902,3.3873
2.5902,3.0899
2.5902,2.3908
2.5902,3.2808
2.5902,3.158
2.5902,2.6594
2.5902,2.0518
2.5902,2.7775
-0.66219,-1.3441
-0.66219,-0.88319
-0.66219,-1.3184
-0.66219,-0.89947
-0.66219,-0.24356
-0.66219,-0.40129
-0.66219,-0.084462
-0.66219,-0.88853
0.852,1.8512
0.852,1.5592
2.9449,3.2807
2.9449,2.3484
2.9449,2.7706
2.9449,3.2895
2.9449,2.3919
2.9449,3.5868
-1.0556,-1.3968
-1.0556,-0.43393
-1.0556,-0.90612
-1.0556,-1.585
-1.0556,-1.1804
-1.0556,-1.6837
-1.0556,-0.067121
-1.0556,-0.60682
-1.0556,-1.1313
-1.0556,-1.7147
-1.0556,-0.45223
-1.0556,-0.93754
-1.0556,-0.49027
-0.45172,-0.90612
-0.45172,-0.5941
-0.45172,-1.1651
-0.45172,0.041159
-0.45172,-0.70693
-0.45172,-1.1313
-0.45172,-1.1709
-0.45172,-0.45223
-0.45172,-0.62421
-0.45172,-0.2866
-0.45172,0.44559
-0.45172,0.13497
-0.45172,-1.4063
-0.45172,-0.1253
-0.2866,-1.0931
-0.2866,-0.41106
-0.2866,-0.5941
-0.2866,0.16493
-0.2866,-1.1651
-0.2866,-0.70693
-0.2866,-0.62421
-0.2866,-0.45172
-0.2866,0.44559
-0.2866,0.13497
0.20625,1.1335
0.20625,0.57416
0.20625,0.041159
0.20625,0.72019
0.20625,-0.067121
0.20625,-0.60682
0.20625,0.55069
0.20625,-0.45223
0.20625,0.70754
0.20625,0.1912
0.20625,0.44559
0.20625,-0.1253
0.20625,-0.49027
2.2809,1.8512
2.2809,2.8075
2.2809,2.2017
2.2809,2.5039
2.2809,1.5592
2.2809,2.8449
2.2809,2.6743
2.8449,1.8512
2.8449,2.8075
2.8449,3.6071
2.8449,2.2017
2.8449,3.679
2.8449,3.3087
2.8449,2.5039
2.8449,2.2809
2.8449,2.6743
2.8449,3.2984
-0.93754,-1.3968
-0.93754,-0.43393
-0.93754,-0.88319
-0.93754,-1.1804
-0.93754,-1.6837
-0.93754,-0.067121
-0.93754,-0.60682
-0.93754,-1.1313
-0.93754,-1.7147
-0.93754,-0.40129
-0.93754,-1.0556
-0.93754,-1.5408
-0.93754,-0.49027
-2.1911,-1.3968
-2.1911,-1.585
-2.1911,-2.1423
-2.1911,-2.7373
-2.1911,-2.5222
-2.1911,-1.6837
-2.1911,-2.7202
-2.1911,-1.7147
-2.1911,-2.1993
-5.2579,-6.2319
-5.2579,-5.2546
-5.2579,-4.5535
-5.2579,-5.9177
-5.2579,-5.7205
-5.7205,-6.2319
-5.7205,-5.2546
-5.7205,-6.369
-5.7205,-5.2579
-5.7205,-5.9267
-5.7205,-5.4403
2.3919,3.2807
2.3919,2.3484
2.3919,1.692
2.3919,2.9449
2.3919,2.7101
-2.4396,-1.9277
-2.4396,-2.6946
-2.4396,-1.6548
-2.4396,-2.1761
-2.4396,-2.3194
-2.4396,-3.0229
-2.4396,-1.6701
-2.4396,-2.9134
0.44559,1.328
0.44559,0.041159
0.44559,0.72019
0.44559,1.1115
0.44559,0.55069
0.44559,-0.45172
0.44559,-0.2866
0.44559,0.20625
0.44559,0.13497
4.3534,3.6071
4.3534,3.8551
4.3534,4.2055
4.3534,4.7094
4.3534,3.8865
4.3534,4.5483
-5.8061,-6.6752
-5.8061,-5.7451
-5.8061,-5.6538
-5.8061,-6.2051
-5.8061,-6.2236
-5.8061,-5.1717
-5.8061,-6.5749
-5.8061,-5.0359
-5.8061,-5.9267
-5.8061,-5.4403
-5.0359,-5.2546
-5.0359,-5.6538
-5.0359,-4.448
-5.0359,-4.7813
-5.0359,-5.1717
-5.0359,-5.8061
-5.0359,-4.6255
-5.0359,-5.4403
-5.9267,-5.2546
-5.9267,-6.2051
-5.9267,-6.369
-5.9267,-6.5749
-5.9267,-5.7205
-5.9267,-5.8061
-5.9267,-5.4403
5.2205,5.7403
5.2205,4.4424
5.2205,4.9067
5.2205,4.5012
0.13497,0.16493
0.13497,0.041159
0.13497,0.72019
0.13497,-0.70693
0.13497,1.1115
0.13497,-0.62421
0.13497,-0.45172
0.13497,-0.2866
0.13497,0.44559
-6.8488,-6.2319
-6.8488,-6.369
-6.8488,-7.0521
-1.5408,-1.3968
-1.5408,-1.3441
-1.5408,-2.0964
-1.5408,-0.88319
-1.5408,-1.1804
-1.5408,-1.7147
-1.5408,-2.1993
-1.5408,-0.93754
-1.5408,-1.9037
-1.5408,-0.88853
2.7101,3.2807
2.7101,2.3919
-1.6033,-1.091
-1.6033,-1.0931
-1.6033,-1.1651
-1.6033,-2.1761
-1.6033,-2.0612
-1.6033,-1.6701
2.6594,2.6912
2.6594,3.2293
2.6594,2.0866
2.6594,3.5037
2.6594,2.3908
2.6594,3.158
2.6594,3.2616
2.6594,2.5902
2.6594,2.7538
2.6594,2.0518
2.6594,2.7775
2.6594,2.3511
2.6743,2.8075
2.6743,2.3484
2.6743,2.2017
2.6743,2.1322
2.6743,3.3087
2.6743,2.7706
2.6743,3.2895
2.6743,2.2809
2.6743,2.8449
2.6743,3.2984
-3.6252,-3.2535
-3.6252,-2.6946
-3.6252,-3.0229
-1.4063,-1.9277
-1.4063,-0.90612
-1.4063,-0.5941
-1.4063,-1.585
-1.4063,-1.1651
-1.4063,-2.1423
-1.4063,-1.6548
-1.4063,-2.3194
-1.4063,-1.1313
-1.4063,-1.1709
-1.4063,-0.62421
-1.4063,-0.45172
-1.4063,-1.6701
3.8865,3.6071
3.8865,3.8551
3.8865,4.2055
3.8865,3.679
3.8865,3.3087
3.8865,3.2895
3.8865,4.7094
3.8865,4.3534
3.8865,4.5483
3.8865,3.2984
3.1735,3.9299
3.1735,2.4639
3.1735,3.4259
3.1735,3.5037
3.1735,3.2616
3.1735,2.7538
3.1735,2.3511
4.9067,5.7403
4.9067,4.4424
4.9067,5.4674
4.9067,4.4149
4.9067,4.927
4.9067,4.0957
4.9067,5.2205
4.9067,4.5012
4.9067,4.3611
-2.0612,-1.091
-2.0612,-2.1761
-2.0612,-1.6033
-3.9638,-4.448
-3.9638,-4.0393
-3.9638,-4.6255
-3.9638,-4.538
-3.0229,-3.2535
-3.0229,-2.6946
-3.0229,-2.3194
-3.0229,-2.4396
-3.0229,-3.6252
-3.0229,-2.9134
0.12853,-0.43393
0.12853,0.57416
0.12853,0.75939
0.12853,-0.24356
0.12853,-0.40129
0.12853,0.1912
0.12853,-0.49027
0.12853,0.45384
-4.9076,-5.3407
-4.9076,-4.4219
-4.6255,-5.1476
-4.6255,-4.448
-4.6255,-5.1717
-4.6255,-5.0359
-4.6255,-3.9638
-4.6255,-4.538
-1.9037,-1.3441
-1.9037,-2.0964
-1.9037,-1.8715
-1.9037,-1.3184
-1.9037,-2.5849
-1.9037,-1.5408
4.5012,4.4424
4.5012,4.4149
4.5012,3.7898
4.5012,3.8895
4.5012,3.8399
4.5012,4.927
4.5012,4.0957
4.5012,3.6605
4.5012,5.2205
4.5012,4.9067
4.5012,4.3611
2.7538,2.6912
2.7538,2.0866
2.7538,3.5037
2.7538,2.3908
2.7538,3.158
2.7538,3.2616
2.7538,2.6594
2.7538,3.1735
2.7538,2.0518
2.7538,2.3511
1.3563,0.57416
1.3563,0.75939
1.3563,0.70754
1.3563,1.4657
1.3563,1.0987
-5.9806,-6.1412
-1.6701,-1.0931
-1.6701,-1.9277
-1.6701,-1.1651
-1.6701,-1.6548
-1.6701,-2.1761
-1.6701,-2.3194
-1.6701,-0.70693
-1.6701,-1.1709
-1.6701,-2.4396
-1.6701,-1.6033
-1.6701,-1.4063
2.0518,2.6912
2.0518,2.036
2.0518,2.0866
2.0518,2.04
2.0518,2.3908
2.0518,2.5902
2.0518,2.6594
2.0518,2.7538
2.0518,1.441
2.0518,2.7775
2.0518,1.4155
2.0518,1.5508
1.441,0.64609
1.441,2.036
1.441,1.4235
1.441,2.04
1.441,2.3908
1.441,2.0518
1.441,1.4155
1.441,1.5508
-6.1412,-5.7558
-6.1412,-5.9806
-0.88853,-1.3441
-0.88853,-0.43393
-0.88853,-0.88319
-0.88853,-1.3184
-0.88853,-1.1804
-0.88853,-0.24356
-0.88853,-0.40129
-0.88853,-0.66219
-0.88853,-1.5408
-5.4403,-5.2546
-5.4403,-5.6538
-5.4403,-6.2051
-5.4403,-4.7813
-5.4403,-5.1717
-5.4403,-5.7205
-5.4403,-5.8061
-5.4403,-5.0359
-5.4403,-5.9267
2.7775,2.6912
2.7775,2.036
2.7775,3.2293
2.7775,2.04
2.7775,3.3873
2.7775,3.0899
2.7775,2.3908
2.7775,3.2808
2.7775,3.158
2.7775,2.5902
2.7775,2.6594
2.7775,2.0518
4.5483,3.8551
4.5483,4.1951
4.5483,4.7094
4.5483,4.3534
4.5483,3.8865
-0.1253,-0.90612
-0.1253,-0.5941
-0.1253,0.041159
-0.1253,0.72019
-0.1253,-0.067121
-0.1253,-0.60682
-0.1253,0.55069
-0.1253,-1.1313
-0.1253,-0.45223
-0.1253,0.70754
-0.1253,0.1912
-0.1253,-0.45172
-0.1253,0.20625
-0.1253,-0.49027
-0.49027,-1.3968
-0.49027,-0.43393
-0.49027,-0.88319
-0.49027,-1.1804
-0.49027,-0.067121
-0.49027,-0.60682
-0.49027,-0.40129
-0.49027,-0.45223
-0.49027,0.1912
-0.49027,-1.0556
-0.49027,0.20625
-0.49027,-0.93754
-0.49027,0.12853
-0.49027,-0.1253
1.4155,1.6205
1.4155,2.0866
1.4155,2.0518
1.4155,1.441
1.4155,1.5508
3.2984,2.8075
3.2984,3.6071
3.2984,3.8551
3.2984,3.3087
3.2984,2.7706
3.2984,3.2895
3.2984,2.8449
3.2984,2.6743
3.2984,3.8865
-7.0521,-7.1965
-7.0521,-6.369
-7.0521,-6.5749
-7.0521,-6.8488
-4.538,-5.1476
-4.538,-5.3407
-4.538,-4.4219
-4.538,-3.9638
-4.538,-4.6255
1.5508,1.4235
1.5508,2.0866
1.5508,2.04
1.5508,2.3908
1.5508,2.0518
1.5508,1.441
1.5508,1.4155
1.0987,0.75939
1.0987,1.3563
1.0987,0.45384
-2.9134,-2.1761
-2.9134,-2.4396
-2.9134,-3.0229
3.5868,3.2807
3.5868,3.8551
3.5868,3.2895
3.5868,4.1951
3.5868,2.9449
2.3511,1.6205
2.3511,2.4639
2.3511,2.0866
2.3511,2.6594
2.3511,3.1735
2.3511,2.7538
0.45384,0.75939
0.45384,-0.24356
0.45384,-0.40129
0.45384,-0.084462
0.45384,0.12853
0.45384,1.0987
4.3611,3.9299
4.3611,4.0422
4.3611,4.4149
4.3611,4.5135
4.3611,3.8895
4.3611,3.8399
4.3611,4.927
4.3611,3.5037
4.3611,3.6605
4.3611,4.9067
4.3611,4.5012
4.4424,4.6148
4.8037,4.6148
4.4424,4.3772
4.2055,4.3772
4.4424,4.0622
3.679,4.0622
4.4424,4.4998
4.7094,4.4998
0.64609,0.80487
0.852,0.80487
2.036,1.9508
1.8512,1.9508
2.036,2.0712
2.2017,2.0712
2.036,2.4835
2.5039,2.4835
2.036,1.9074
1.5592,1.9074
2.036,2.1329
2.2809,2.1329
2.036,2.43
2.8449,2.43
1.4235,1.5729
1.8512,1.5729
1.4235,1.449
1.5592,1.449
1.4235,1.1827
0.852,1.1827
1.4235,1.6733
2.2809,1.6733
3.7898,3.732
3.6071,3.732
3.7898,3.9544
4.2055,3.9544
3.7898,3.7199
3.679,3.7199
3.7898,3.6186
3.3087,3.6186
3.8895,3.7219
3.679,3.7219
2.04,1.9129
1.8512,1.9129
2.04,2.4953
2.5039,2.4953
2.04,2.1874
2.2809,2.1874
3.3873,3.2753
2.8075,3.2753
3.3873,3.4305
3.6071,3.4305
3.3873,3.5978
4.2055,3.5978
3.3873,3.5258
3.679,3.5258
3.3873,3.3695
3.3087,3.3695
3.3873,2.5564
2.5039,2.5564
3.3873,3.167
2.8449,3.167
3.0899,3.0837
2.8075,3.0837
3.0899,3.1017
3.6071,3.1017
3.0899,3.1365
3.679,3.1365
3.0899,3.0958
3.3087,3.0958
3.0899,2.7382
2.5039,2.7382
3.0899,3.0552
2.2809,3.0552
3.0899,3.075
2.8449,3.075
2.3908,2.5028
2.5039,2.5028
3.2808,3.5892
3.679,3.5892
3.2808,2.5166
2.5039,2.5166
3.2808,2.9661
2.8449,2.9661
4.0957,3.9691
3.6071,3.9691
4.0957,4.4804
4.8037,4.4804
4.0957,4.1321
4.2055,4.1321
4.0957,3.8608
3.679,3.8608
2.5902,2.5052
2.5039,2.5052
2.5902,2.3873
2.2809,2.3873
2.5902,2.7773
2.8449,2.7773
5.2205,5.274
5.4885,5.274
5.2205,5.0189
4.8037,5.0189
5.2205,5.1084
4.7094,5.1084
4.9067,4.8243
4.8037,4.8243
4.5012,4.7375
4.8037,4.7375
1.441,1.7352
1.8512,1.7352
1.441,0.9846
0.852,0.9846
2.7775,2.5095
2.5039,2.5095
2.7775,2.4852
2.2809,2.4852
2.7775,2.823
2.8449,2.823
