1.4199,1.7578
1.4199,1.8889
1.4199,0.95881
1.4199,1.6068
1.4199,0.92436
1.4199,2.4072
1.4199,2.1599
1.4199,1.3935
1.4199,2.2721
1.4199,1.5715
1.4199,0.54707
1.4199,1.9042
1.4199,0.8735
-4.153,-4.2987
-4.153,-4.7724
-4.153,-3.707
-4.153,-4.7195
-4.153,-3.8977
-4.153,-4.5398
-4.153,-3.4978
-4.153,-4.0355
-5.1311,-4.9885
-5.1311,-5.6484
-5.1311,-4.4696
-5.1311,-4.4605
-5.1311,-4.6274
-5.1311,-5.2709
-2.2216,-2.9305
-2.2216,-2.7895
-2.2216,-2.9078
2.9535,3.5128
2.9535,3.8576
2.9535,2.4496
2.9535,2.1336
2.9535,3.4783
2.9535,2.6017
2.9535,2.6753
2.9535,2.4072
2.9535,2.1599
2.9535,3.1677
2.9535,2.9276
2.9535,3.0987
2.9535,2.6118
2.9535,3.1824
2.9535,2.5318
2.9535,3.7286
2.9535,3.4394
2.9535,2.3402
2.9535,3.5342
2.9535,3.1081
4.2279,3.7151
4.2279,4.8711
4.2279,3.8576
4.2279,4.7709
4.2279,3.4783
4.2279,4.7881
4.2279,3.7286
4.2279,3.4394
4.2279,4.2595
4.2279,4.29
4.2279,3.5342
3.7151,4.2279
3.7151,3.6494
3.7151,2.9117
3.7151,3.4783
3.7151,3.1586
3.7151,3.1677
3.7151,2.9276
3.7151,3.0987
3.7151,4.1103
3.7151,3.7286
3.7151,3.4394
3.7151,4.2595
-4.9885,-5.1311
-4.9885,-5.6484
-4.9885,-4.4696
-4.9885,-5.1955
-4.9885,-4.7195
-4.9885,-4.5398
-4.9885,-4.4605
-4.9885,-4.0355
-4.9885,-5.7828
7.6164,7.4008
7.6164,6.9462
7.6164,8.3094
1.7578,1.4199
1.7578,1.3261
1.7578,1.8889
1.7578,2.4496
1.7578,2.1336
1.7578,1.8832
1.7578,1.6068
1.7578,2.4072
1.7578,2.1599
1.7578,1.3935
1.7578,2.2721
1.7578,2.6118
1.7578,1.5715
1.7578,1.9042
1.7578,0.8735
7.4008,7.6164
7.4008,6.9462
7.4008,7.3124
7.4008,7.8757
7.4008,8.3094
7.4008,6.8051
-5.6484,-5.1311
-5.6484,-4.9885
-5.6484,-5.1955
-5.6484,-6.2142
-5.6484,-6.3178
-5.6484,-5.7828
-3.1657,-2.7315
-3.1657,-3.3777
-3.1657,-2.3007
-3.1657,-2.7895
-3.1657,-4.0355
-3.1657,-3.8999
-3.1657,-3.3719
-3.1657,-3.6494
5.2477,5.8866
5.2477,5.6626
5.2477,5.0614
5.2477,6.0245
-9.1265,-8.5154
-9.1265,-8.5365
-9.1265,-9.105
-9.1265,-9.141
5.6603,5.7636
5.6603,6.3476
5.6603,6.1822
5.6603,5.6626
5.6603,5.0614
5.6603,5.256
1.3261,1.7578
1.3261,2.1336
1.3261,1.8832
1.3261,1.6068
1.3261,1.2963
1.3261,1.3935
1.3261,0.80401
1.3261,1.8639
1.3261,0.8735
2.0057,2.0291
3.5128,2.9535
3.5128,3.8576
3.5128,3.4783
3.5128,3.067
3.5128,4.4514
3.5128,2.9014
3.5128,2.6753
3.5128,3.9512
3.5128,3.4495
3.5128,2.6118
3.5128,3.1824
3.5128,3.9633
3.5128,4.29
3.5128,3.5342
3.5128,3.1081
-6.6458,-6.8639
-6.6458,-6.2089
-6.6458,-7.1478
-6.6458,-6.9784
-6.6458,-6.2788
-6.6458,-7.4153
-6.6458,-6.2414
-2.7315,-3.1657
-2.7315,-3.5056
-2.7315,-3.3777
-2.7315,-2.3007
-4.9566,-5.4051
-4.9566,-4.2987
-4.9566,-4.7724
-7.1552,-7.1478
-7.1552,-6.2788
-7.1552,-7.7605
-5.6243,-6.2089
-5.6243,-6.2788
3.2218,3.6494
3.2218,2.9117
3.2218,3.1586
3.2218,2.3588
3.2218,2.4721
2.7032,2.0291
2.7032,3.067
2.7032,2.094
2.7032,2.1911
2.7032,2.9014
2.7032,2.9691
2.7032,3.1214
2.7032,1.9075
2.7032,2.6121
2.7032,3.6659
-5.4051,-4.9566
-5.4051,-4.7724
-5.4051,-5.1955
-5.4051,-4.5398
-5.4051,-5.8868
-5.4051,-5.7828
1.8889,1.4199
1.8889,1.7578
1.8889,2.4496
1.8889,2.1336
1.8889,1.6068
1.8889,2.094
1.8889,2.6753
1.8889,0.92436
1.8889,2.4072
1.8889,2.1599
1.8889,1.3935
1.8889,2.2721
1.8889,2.6118
1.8889,1.5715
1.8889,1.9042
-5.5602,-6.3122
-5.5602,-6.3526
-5.5602,-5.8814
4.8711,4.2279
4.8711,4.7709
4.8711,4.1103
4.8711,4.2595
9.5582,8.7408
7.7641,8.1127
7.7641,8.2592
7.7641,7.6786
7.7641,7.3124
7.7641,7.8757
7.7641,7.2056
7.7641,6.8215
0.95881,1.4199
0.95881,0.92436
0.95881,1.5715
0.95881,0.54707
0.95881,1.9042
0.95881,1.3392
-7.014,-6.8639
-7.014,-7.5084
-7.014,-7.4777
-7.014,-6.8583
-7.014,-6.3526
-7.014,-7.4595
-7.014,-6.4585
-7.014,-7.3897
3.8576,2.9535
3.8576,4.2279
3.8576,3.5128
3.8576,3.4783
3.8576,4.4514
3.8576,3.1677
3.8576,3.9512
3.8576,4.7881
3.8576,3.1824
3.8576,3.7286
3.8576,3.4394
3.8576,4.29
3.8576,3.5342
3.8576,3.1081
3.6494,3.7151
3.6494,3.2218
3.6494,2.9117
3.6494,3.1586
3.6494,3.0987
3.6494,4.1103
3.6494,3.4394
3.6494,4.2595
8.4629,8.7408
8.4629,8.2592
8.4629,7.8757
8.4629,8.3094
8.4629,9.2602
4.7709,4.2279
4.7709,4.8711
4.7709,5.4677
4.7709,4.7881
4.7709,4.2595
4.7709,4.29
2.4496,2.9535
2.4496,1.7578
2.4496,1.8889
2.4496,2.1336
2.4496,1.8832
2.4496,1.6068
2.4496,2.6017
2.4496,2.6753
2.4496,2.4072
2.4496,2.1599
2.4496,3.1677
2.4496,2.9276
2.4496,2.6118
2.4496,3.1824
2.4496,2.5318
2.4496,2.3402
2.0291,2.0057
2.0291,2.7032
2.0291,1.2364
2.0291,2.1911
2.0291,2.9691
2.0291,1.9075
2.1336,2.9535
2.1336,1.7578
2.1336,1.3261
2.1336,1.8889
2.1336,2.4496
2.1336,1.8832
2.1336,1.6068
2.1336,2.6017
2.1336,2.4072
2.1336,2.1599
2.1336,1.3935
2.1336,2.9276
2.1336,2.6118
2.1336,2.5318
2.1336,1.8639
2.1336,2.3402
-5.5862,-5.259
-5.5862,-6.2089
-5.5862,-6.2414
5.4677,4.7709
5.4677,5.2018
5.4677,4.7881
6.5047,6.9462
6.5047,5.7636
6.5047,6.3476
8.1127,7.7641
8.1127,8.2592
8.1127,8.8576
8.1127,7.6786
8.1127,8.3103
8.1127,7.2855
6.9462,7.6164
6.9462,7.4008
6.9462,6.5047
6.9462,6.3476
6.9462,6.8051
8.7408,9.5582
8.7408,8.4629
8.7408,8.3094
-4.2987,-4.153
-4.2987,-4.9566
-4.2987,-4.7724
-4.2987,-3.707
-4.7724,-4.153
-4.7724,-4.9566
-4.7724,-5.4051
-4.7724,-4.2987
-4.7724,-5.1955
-4.7724,-4.7195
-4.7724,-4.5398
2.9117,3.7151
2.9117,3.2218
2.9117,3.6494
2.9117,3.1586
2.9117,2.6017
2.9117,2.1625
2.9117,3.1677
2.9117,2.9276
2.9117,3.0987
2.9117,2.5318
2.9117,3.4394
2.9117,2.3402
2.9117,2.4721
-0.35709,0.54707
-0.35709,0.38603
-4.4696,-5.1311
-4.4696,-4.9885
-4.4696,-5.1955
-4.4696,-4.7195
-4.4696,-3.8977
-4.4696,-4.5398
-4.4696,-4.4605
-4.4696,-4.0355
-4.4696,-3.8999
-4.4696,-3.6494
3.7276,2.9691
3.7276,4.2501
3.7276,3.6659
-8.5154,-9.1265
-8.5154,-8.0286
-8.5154,-8.5365
-8.5154,-8.2308
-8.5154,-7.8106
-8.5154,-9.105
-8.5154,-8.0899
-8.0286,-8.5154
-8.0286,-8.4539
-8.0286,-8.5365
-8.0286,-7.9786
-8.0286,-7.5084
-8.0286,-7.4777
-8.0286,-7.4595
-8.0286,-8.0899
6.5149,6.3499
6.5149,5.8866
6.5149,7.2056
6.5149,6.8436
6.5149,6.8215
6.5149,6.0245
-5.1955,-4.9885
-5.1955,-5.6484
-5.1955,-5.4051
-5.1955,-4.7724
-5.1955,-4.4696
-5.1955,-4.7195
-5.1955,-4.5398
-5.1955,-5.7828
3.4783,2.9535
3.4783,4.2279
3.4783,3.7151
3.4783,3.5128
3.4783,3.8576
3.4783,2.6017
3.4783,3.1677
3.4783,3.9512
3.4783,2.9276
3.4783,2.6118
3.4783,3.1824
3.4783,3.7286
3.4783,3.4394
3.4783,4.29
3.4783,3.5342
3.4783,3.1081
1.8832,1.7578
1.8832,1.3261
1.8832,2.4496
1.8832,2.1336
1.8832,1.6068
1.8832,2.6017
1.8832,1.2963
1.8832,2.1625
1.8832,2.5318
1.8832,1.8639
1.8832,2.3402
1.8832,1.6231
8.2592,7.7641
8.2592,8.4629
8.2592,8.1127
8.2592,8.8576
8.2592,7.6786
8.2592,7.8757
-3.707,-4.153
-3.707,-4.2987
-3.707,-3.4978
-3.707,-2.9078
5.7636,5.6603
5.7636,6.5047
5.7636,6.3476
5.7636,5.256
-4.7195,-4.153
-4.7195,-4.9885
-4.7195,-4.7724
-4.7195,-4.4696
-4.7195,-5.1955
-4.7195,-3.8977
-4.7195,-4.5398
-4.7195,-4.4605
-4.7195,-4.0355
1.6068,1.4199
1.6068,1.7578
1.6068,1.3261
1.6068,1.8889
1.6068,2.4496
1.6068,2.1336
1.6068,1.8832
1.6068,1.2963
1.6068,2.1599
1.6068,1.3935
1.6068,0.80401
1.6068,1.8639
1.6068,2.3402
1.6068,0.8735
3.067,3.5128
3.067,2.7032
3.067,2.094
3.067,3.9098
3.067,2.9014
3.067,2.6753
3.067,2.2721
3.067,3.1214
3.067,3.4495
3.067,2.6121
3.067,3.9633
3.067,3.1081
3.067,3.6659
2.094,2.7032
2.094,1.8889
2.094,3.067
2.094,2.1911
2.094,2.9014
2.094,2.6753
2.094,2.4072
2.094,2.2721
2.094,1.9075
2.094,1.5715
2.094,2.6121
2.094,1.9042
2.094,1.3392
1.2364,2.0291
1.2364,2.1911
1.2364,1.9075
1.2364,1.3392
-3.8977,-4.153
-3.8977,-4.4696
-3.8977,-4.7195
-3.8977,-2.9305
-3.8977,-4.5398
-3.8977,-3.4978
-3.8977,-4.0355
-3.8977,-3.3719
-3.8977,-3.6494
-8.4539,-8.0286
-8.4539,-7.8558
-8.4539,-8.5365
-8.4539,-7.9786
-8.4539,-7.4777
-8.4539,-8.4102
-8.4539,-9.141
-7.8558,-8.4539
-7.8558,-7.9786
-7.8558,-7.4777
-7.8558,-7.1206
-7.8558,-8.4102
3.9098,3.067
3.9098,3.1214
3.9098,3.4495
3.9098,4.2501
3.9098,3.9633
3.9098,3.6659
3.9098,4.6307
-4.0326,-3.5056
-4.0326,-3.3777
-4.0326,-4.4605
-4.0326,-3.8999
-4.0326,-4.3187
-4.0326,-4.6274
-4.0326,-3.6494
-2.3792,-2.9078
8.8576,8.1127
8.8576,8.2592
8.8576,9.7336
8.8576,9.2602
3.1586,3.7151
3.1586,3.2218
3.1586,3.6494
3.1586,2.9117
3.1586,2.3588
3.1586,3.0987
3.1586,4.1103
3.1586,2.5318
3.1586,3.4394
3.1586,2.4721
4.4514,3.5128
4.4514,3.8576
4.4514,3.9512
4.4514,5.2018
4.4514,4.7881
4.4514,3.9633
4.4514,4.29
4.4514,4.6307
7.6786,7.7641
7.6786,8.1127
7.6786,8.2592
7.6786,7.2056
7.6786,6.8436
7.6786,7.2855
6.3476,5.6603
6.3476,6.5047
6.3476,6.9462
6.3476,5.7636
6.3476,6.1822
6.3476,6.3499
6.3476,6.8051
1.1178,1.2963
1.1178,0.80401
1.1178,1.8639
1.1178,1.6231
2.6017,2.9535
2.6017,2.4496
2.6017,2.1336
2.6017,2.9117
2.6017,3.4783
2.6017,1.8832
2.6017,2.1599
2.6017,3.1677
2.6017,2.9276
2.6017,3.0987
2.6017,2.6118
2.6017,3.1824
2.6017,2.5318
2.6017,3.4394
2.6017,1.8639
2.6017,2.3402
8.3103,8.1127
2.3588,3.2218
2.3588,3.1586
2.3588,2.1625
2.3588,1.6231
2.3588,2.4721
1.2963,1.3261
1.2963,1.8832
1.2963,1.6068
1.2963,1.1178
1.2963,0.80401
1.2963,1.8639
1.2963,1.6231
1.2963,0.8735
2.1911,2.7032
2.1911,2.0291
2.1911,2.094
2.1911,1.2364
2.1911,2.9691
2.1911,3.1214
2.1911,1.9075
2.1911,2.6121
-2.9305,-2.2216
-2.9305,-3.8977
-2.9305,-3.4978
-2.9305,-2.7895
-2.9305,-3.3719
-2.9305,-2.9078
2.9014,3.5128
2.9014,2.7032
2.9014,3.067
2.9014,2.094
2.9014,2.6753
2.9014,2.4072
2.9014,2.2721
2.9014,3.1214
2.9014,3.4495
2.9014,2.6121
2.9014,3.1824
2.9014,1.9042
2.9014,3.1081
2.6753,2.9535
2.6753,3.5128
2.6753,1.8889
2.6753,2.4496
2.6753,3.067
2.6753,2.094
2.6753,2.9014
2.6753,2.4072
2.6753,2.1599
2.6753,2.2721
2.6753,3.4495
2.6753,2.6118
2.6753,2.6121
2.6753,3.1824
2.6753,1.9042
2.6753,3.5342
2.6753,3.1081
-3.5056,-2.7315
-3.5056,-4.0326
-3.5056,-3.3777
-3.5056,-4.3187
-5.259,-5.5862
-5.259,-5.8814
7.3124,7.4008
7.3124,7.7641
7.3124,7.8757
7.3124,6.3499
7.3124,6.8051
7.3124,7.2056
7.3124,6.8215
-3.3777,-3.1657
-3.3777,-2.7315
-3.3777,-4.0326
-3.3777,-3.5056
-3.3777,-3.8999
-3.3777,-3.6494
0.92436,1.4199
0.92436,1.8889
0.92436,0.95881
0.92436,1.3935
0.92436,1.5715
0.92436,0.54707
0.92436,1.3392
0.92436,0.38603
0.92436,0.8735
-8.5365,-9.1265
-8.5365,-8.5154
-8.5365,-8.0286
-8.5365,-8.4539
-8.5365,-7.9786
-8.5365,-9.141
-8.5365,-8.0899
2.1625,2.9117
2.1625,1.8832
2.1625,2.3588
2.1625,2.5318
2.1625,1.8639
2.1625,2.3402
2.1625,1.6231
2.1625,2.4721
2.9691,2.7032
2.9691,2.0291
2.9691,3.7276
2.9691,2.1911
2.9691,3.1214
2.9691,3.6659
2.4072,1.4199
2.4072,2.9535
2.4072,1.7578
2.4072,1.8889
2.4072,2.4496
2.4072,2.1336
2.4072,2.094
2.4072,2.9014
2.4072,2.6753
2.4072,2.1599
2.4072,2.2721
2.4072,2.6118
2.4072,1.5715
2.4072,2.6121
2.4072,3.1824
2.4072,1.9042
2.4072,3.1081
-6.8639,-6.6458
-6.8639,-7.014
-6.8639,-7.5084
-6.8639,-7.8106
-6.8639,-6.9784
-6.8639,-6.4585
-6.8639,-7.3897
-6.8639,-7.4153
-6.8639,-6.2414
0.14482,0.80401
0.14482,0.38603
0.14482,0.8735
2.1599,1.4199
2.1599,2.9535
2.1599,1.7578
2.1599,1.8889
2.1599,2.4496
2.1599,2.1336
2.1599,1.6068
2.1599,2.6017
2.1599,2.6753
2.1599,2.4072
2.1599,1.3935
2.1599,2.2721
2.1599,2.6118
2.1599,1.5715
2.1599,1.9042
2.1599,2.3402
6.1822,5.6603
6.1822,6.3476
6.1822,6.3499
6.1822,5.6626
6.1822,6.8051
6.1822,6.8215
6.1822,6.0245
-7.9786,-8.0286
-7.9786,-8.4539
-7.9786,-7.8558
-7.9786,-8.5365
-7.9786,-7.5084
-7.9786,-7.4777
-7.9786,-7.4595
-7.9786,-8.4102
1.3935,1.4199
1.3935,1.7578
1.3935,1.3261
1.3935,1.8889
1.3935,2.1336
1.3935,1.6068
1.3935,0.92436
1.3935,2.1599
1.3935,1.5715
1.3935,0.54707
1.3935,1.9042
1.3935,0.8735
-6.3122,-5.5602
-6.3122,-7.1206
-6.3122,-6.8583
-6.3122,-6.3526
-7.5084,-7.014
-7.5084,-8.0286
-7.5084,-6.8639
-7.5084,-7.9786
-7.5084,-7.4777
-7.5084,-7.8106
-7.5084,-6.8583
-7.5084,-7.4595
-7.5084,-7.3897
-7.5084,-8.0899
7.8757,7.4008
7.8757,7.7641
7.8757,8.4629
7.8757,8.2592
7.8757,7.3124
7.8757,8.3094
8.3094,7.6164
8.3094,7.4008
8.3094,8.4629
8.3094,8.7408
8.3094,7.8757
-7.4777,-7.014
-7.4777,-8.0286
-7.4777,-8.4539
-7.4777,-7.8558
-7.4777,-7.9786
-7.4777,-7.5084
-7.4777,-7.1206
-7.4777,-6.8583
-7.4777,-7.4595
-8.2308,-8.5154
-8.2308,-7.8106
-8.2308,-8.2536
-8.2308,-9.105
-8.2308,-7.3897
-8.2308,-8.0899
-8.2308,-7.4153
3.1677,2.9535
3.1677,3.7151
3.1677,3.8576
3.1677,2.4496
3.1677,2.9117
3.1677,3.4783
3.1677,2.6017
3.1677,2.9276
3.1677,3.0987
3.1677,2.6118
3.1677,3.1824
3.1677,2.5318
3.1677,3.7286
3.1677,3.4394
3.1677,2.3402
3.1677,3.5342
-6.2142,-5.6484
3.9512,3.5128
3.9512,3.8576
3.9512,3.4783
3.9512,4.4514
3.9512,3.4495
3.9512,4.7881
3.9512,3.1824
3.9512,3.9633
3.9512,4.29
3.9512,3.5342
3.9512,3.1081
3.9512,4.6307
-6.2089,-6.6458
-6.2089,-5.6243
-6.2089,-5.5862
-6.2089,-6.9784
-6.2089,-6.2788
-6.2089,-6.2414
-4.5398,-4.153
-4.5398,-4.9885
-4.5398,-5.4051
-4.5398,-4.7724
-4.5398,-4.4696
-4.5398,-5.1955
-4.5398,-4.7195
-4.5398,-3.8977
-4.5398,-4.0355
-7.8106,-8.5154
-7.8106,-6.8639
-7.8106,-7.5084
-7.8106,-8.2308
-7.8106,-6.9784
-7.8106,-8.2536
-7.8106,-7.3897
-7.8106,-8.0899
-7.8106,-7.4153
2.2721,1.4199
2.2721,1.7578
2.2721,1.8889
2.2721,3.067
2.2721,2.094
2.2721,2.9014
2.2721,2.6753
2.2721,2.4072
2.2721,2.1599
2.2721,1.9075
2.2721,2.6118
2.2721,1.5715
2.2721,2.6121
2.2721,1.9042
2.2721,3.1081
3.1214,2.7032
3.1214,3.067
3.1214,3.9098
3.1214,2.1911
3.1214,2.9014
3.1214,2.9691
3.1214,3.4495
3.1214,2.6121
3.1214,3.6659
6.3499,6.5149
6.3499,6.3476
6.3499,7.3124
6.3499,6.1822
6.3499,5.6626
6.3499,6.8051
6.3499,6.8215
6.3499,6.0245
-7.1206,-7.8558
-7.1206,-6.3122
-7.1206,-7.4777
-7.1206,-6.8583
-7.1206,-7.4595
3.4495,3.5128
3.4495,3.067
3.4495,3.9098
3.4495,2.9014
3.4495,2.6753
3.4495,3.9512
3.4495,3.1214
3.4495,2.6121
3.4495,3.1824
3.4495,3.9633
3.4495,3.5342
3.4495,3.1081
-6.8583,-7.014
-6.8583,-6.3122
-6.8583,-7.5084
-6.8583,-7.4777
-6.8583,-7.1206
-6.8583,-6.3526
-6.8583,-7.4595
-4.4605,-5.1311
-4.4605,-4.9885
-4.4605,-4.4696
-4.4605,-4.7195
-4.4605,-4.0326
-4.4605,-4.0355
-4.4605,-3.8999
-4.4605,-4.6274
-4.4605,-3.6494
2.9276,2.9535
2.9276,3.7151
2.9276,2.4496
2.9276,2.1336
2.9276,2.9117
2.9276,3.4783
2.9276,2.6017
2.9276,3.1677
2.9276,3.0987
2.9276,2.6118
2.9276,3.1824
2.9276,2.5318
2.9276,3.7286
2.9276,3.4394
2.9276,2.3402
2.9276,3.5342
3.0987,2.9535
3.0987,3.7151
3.0987,3.6494
3.0987,2.9117
3.0987,3.1586
3.0987,2.6017
3.0987,3.1677
3.0987,2.9276
3.0987,2.5318
3.0987,3.7286
3.0987,3.4394
3.0987,2.3402
3.0987,2.4721
5.8866,5.2477
5.8866,6.5149
5.8866,5.1613
5.8866,6.8436
5.8866,6.0245
-7.1478,-6.6458
-7.1478,-7.1552
-7.1478,-6.9784
-7.1478,-7.4153
-7.1478,-7.7605
1.9075,2.7032
1.9075,2.0291
1.9075,2.094
1.9075,1.2364
1.9075,2.1911
1.9075,2.2721
1.9075,1.5715
1.9075,2.6121
1.9075,1.9042
1.9075,1.3392
9.7336,8.8576
4.1103,3.7151
4.1103,4.8711
4.1103,3.6494
4.1103,3.1586
4.1103,4.2595
5.2018,5.4677
5.2018,4.4514
5.2018,4.7881
5.2018,4.6307
-6.9784,-6.6458
-6.9784,-6.8639
-6.9784,-6.2089
-6.9784,-7.8106
-6.9784,-7.1478
-6.9784,-7.3897
-6.9784,-7.4153
-6.9784,-6.2414
4.2501,3.7276
4.2501,3.9098
4.2501,5.0087
4.2501,3.6659
-3.4978,-4.153
-3.4978,-3.707
-3.4978,-3.8977
-3.4978,-2.9305
-3.4978,-3.3719
-3.4978,-2.9078
-6.3526,-5.5602
-6.3526,-7.014
-6.3526,-6.3122
-6.3526,-6.8583
-6.3526,-5.8814
-6.3526,-6.4585
-7.4595,-7.014
-7.4595,-8.0286
-7.4595,-7.9786
-7.4595,-7.5084
-7.4595,-7.4777
-7.4595,-7.1206
-7.4595,-6.8583
-7.4595,-7.3897
-7.4595,-8.0899
4.7881,4.2279
4.7881,3.8576
4.7881,4.7709
4.7881,5.4677
4.7881,4.4514
4.7881,3.9512
4.7881,5.2018
4.7881,4.29
5.6626,5.2477
5.6626,5.6603
5.6626,6.1822
5.6626,6.3499
5.6626,5.0614
5.6626,6.0245
2.6118,2.9535
2.6118,1.7578
2.6118,3.5128
2.6118,1.8889
2.6118,2.4496
2.6118,2.1336
2.6118,3.4783
2.6118,2.6017
2.6118,2.6753
2.6118,2.4072
2.6118,2.1599
2.6118,3.1677
2.6118,2.2721
2.6118,2.9276
2.6118,3.1824
2.6118,2.3402
2.6118,3.5342
2.6118,3.1081
1.5715,1.4199
1.5715,1.7578
1.5715,1.8889
1.5715,0.95881
1.5715,2.094
1.5715,0.92436
1.5715,2.4072
1.5715,2.1599
1.5715,1.3935
1.5715,2.2721
1.5715,1.9075
1.5715,1.9042
1.5715,1.3392
0.54707,1.4199
0.54707,0.95881
0.54707,-0.35709
0.54707,0.92436
0.54707,1.3935
0.54707,0.38603
0.54707,0.8735
2.6121,2.7032
2.6121,3.067
2.6121,2.094
2.6121,2.1911
2.6121,2.9014
2.6121,2.6753
2.6121,2.4072
2.6121,2.2721
2.6121,3.1214
2.6121,3.4495
2.6121,1.9075
2.6121,1.9042
2.6121,3.1081
-8.2536,-8.2308
-8.2536,-7.8106
-8.2536,-9.105
-8.2536,-7.4153
-8.2536,-7.7605
3.1824,2.9535
3.1824,3.5128
3.1824,3.8576
3.1824,2.4496
3.1824,3.4783
3.1824,2.6017
3.1824,2.9014
3.1824,2.6753
3.1824,2.4072
3.1824,3.1677
3.1824,3.9512
3.1824,3.4495
3.1824,2.9276
3.1824,2.6118
3.1824,3.7286
3.1824,3.5342
3.1824,3.1081
2.5318,2.9535
2.5318,2.4496
2.5318,2.1336
2.5318,2.9117
2.5318,1.8832
2.5318,3.1586
2.5318,2.6017
2.5318,2.1625
2.5318,3.1677
2.5318,2.9276
2.5318,3.0987
2.5318,3.4394
2.5318,1.8639
2.5318,2.3402
2.5318,2.4721
-2.3007,-3.1657
-2.3007,-2.7315
-2.3007,-2.7895
-2.7895,-2.2216
-2.7895,-3.1657
-2.7895,-2.9305
-2.7895,-2.3007
-2.7895,-3.3719
-2.7895,-3.6494
5.0614,5.2477
5.0614,5.6603
5.0614,5.6626
5.0614,5.256
0.80401,1.3261
0.80401,1.6068
0.80401,1.1178
0.80401,1.2963
0.80401,0.14482
0.80401,0.38603
0.80401,0.8735
1.9042,1.4199
1.9042,1.7578
1.9042,1.8889
1.9042,0.95881
1.9042,2.094
1.9042,2.9014
1.9042,2.6753
1.9042,2.4072
1.9042,2.1599
1.9042,1.3935
1.9042,2.2721
1.9042,1.9075
1.9042,1.5715
1.9042,2.6121
1.9042,1.3392
5.1613,5.8866
-4.0355,-4.153
-4.0355,-4.9885
-4.0355,-3.1657
-4.0355,-4.4696
-4.0355,-4.7195
-4.0355,-3.8977
-4.0355,-4.5398
-4.0355,-4.4605
-4.0355,-3.8999
-4.0355,-3.3719
-4.0355,-3.6494
-3.8999,-3.1657
-3.8999,-4.4696
-3.8999,-4.0326
-3.8999,-3.3777
-3.8999,-4.4605
-3.8999,-4.0355
-3.8999,-4.6274
-3.8999,-3.6494
-3.3719,-3.1657
-3.3719,-3.8977
-3.3719,-2.9305
-3.3719,-3.4978
-3.3719,-2.7895
-3.3719,-4.0355
-3.3719,-3.6494
-9.105,-9.1265
-9.105,-8.5154
-9.105,-8.2308
-9.105,-8.2536
1.3392,0.95881
1.3392,2.094
1.3392,1.2364
1.3392,0.92436
1.3392,1.9075
1.3392,1.5715
1.3392,1.9042
3.7286,2.9535
3.7286,4.2279
3.7286,3.7151
3.7286,3.8576
3.7286,3.4783
3.7286,3.1677
3.7286,2.9276
3.7286,3.0987
3.7286,3.1824
3.7286,3.4394
3.7286,4.2595
3.7286,4.29
3.7286,3.5342
5.256,5.6603
5.256,5.7636
5.256,5.0614
0.38603,-0.35709
0.38603,0.92436
0.38603,0.14482
0.38603,0.54707
0.38603,0.80401
0.38603,0.8735
-8.4102,-8.4539
-8.4102,-7.8558
-8.4102,-7.9786
-8.4102,-9.141
6.8051,7.4008
6.8051,6.9462
6.8051,6.3476
6.8051,7.3124
6.8051,6.1822
6.8051,6.3499
6.8051,6.8215
3.4394,2.9535
3.4394,4.2279
3.4394,3.7151
3.4394,3.8576
3.4394,3.6494
3.4394,2.9117
3.4394,3.4783
3.4394,3.1586
3.4394,2.6017
3.4394,3.1677
3.4394,2.9276
3.4394,3.0987
3.4394,2.5318
3.4394,3.7286
3.4394,4.2595
3.4394,3.5342
1.8639,1.3261
1.8639,2.1336
1.8639,1.8832
1.8639,1.6068
1.8639,1.1178
1.8639,2.6017
1.8639,1.2963
1.8639,2.1625
1.8639,2.5318
1.8639,2.3402
1.8639,1.6231
1.8639,2.4721
7.2056,7.7641
7.2056,6.5149
7.2056,7.6786
7.2056,7.3124
7.2056,6.8436
7.2056,6.8215
-5.8814,-5.5602
-5.8814,-5.259
-5.8814,-6.3526
-5.8814,-6.4585
-5.8814,-6.2414
-9.141,-9.1265
-9.141,-8.4539
-9.141,-8.5365
-9.141,-8.4102
2.3402,2.9535
2.3402,2.4496
2.3402,2.1336
2.3402,2.9117
2.3402,1.8832
2.3402,1.6068
2.3402,2.6017
2.3402,2.1625
2.3402,2.1599
2.3402,3.1677
2.3402,2.9276
2.3402,3.0987
2.3402,2.6118
2.3402,2.5318
2.3402,1.8639
2.3402,2.4721
-4.3187,-4.0326
-4.3187,-3.5056
-4.3187,-4.6274
1.6231,1.8832
1.6231,1.1178
1.6231,2.3588
1.6231,1.2963
1.6231,2.1625
1.6231,1.8639
1.6231,2.4721
3.9633,3.5128
3.9633,3.067
3.9633,3.9098
3.9633,4.4514
3.9633,3.9512
3.9633,3.4495
3.9633,3.1081
3.9633,4.6307
-6.3178,-5.6484
-6.3178,-5.7828
-4.6274,-5.1311
-4.6274,-4.0326
-4.6274,-4.4605
-4.6274,-3.8999
-4.6274,-4.3187
-4.6274,-5.2709
4.2595,4.2279
4.2595,3.7151
4.2595,4.8711
4.2595,3.6494
4.2595,4.7709
4.2595,4.1103
4.2595,3.7286
4.2595,3.4394
9.2602,8.4629
9.2602,8.8576
-6.4585,-7.014
-6.4585,-6.8639
-6.4585,-6.3526
-6.4585,-5.8814
-6.4585,-7.3897
-6.4585,-6.2414
5.0087,4.2501
5.0087,4.6307
-5.8868,-5.4051
0.8735,1.4199
0.8735,1.7578
0.8735,1.3261
0.8735,1.6068
0.8735,1.2963
0.8735,0.92436
0.8735,0.14482
0.8735,1.3935
0.8735,0.54707
0.8735,0.80401
0.8735,0.38603
-7.3897,-7.014
-7.3897,-6.8639
-7.3897,-7.5084
-7.3897,-8.2308
-7.3897,-7.8106
-7.3897,-6.9784
-7.3897,-7.4595
-7.3897,-6.4585
-7.3897,-8.0899
-7.3897,-7.4153
-8.0899,-8.5154
-8.0899,-8.0286
-8.0899,-8.5365
-8.0899,-7.5084
-8.0899,-8.2308
-8.0899,-7.8106
-8.0899,-7.4595
-8.0899,-7.3897
-5.7828,-4.9885
-5.7828,-5.6484
-5.7828,-5.4051
-5.7828,-5.1955
-5.7828,-6.3178
4.29,4.2279
4.29,3.5128
4.29,3.8576
4.29,4.7709
4.29,3.4783
4.29,4.4514
4.29,3.9512
4.29,4.7881
4.29,3.7286
4.29,3.5342
-3.6494,-3.1657
-3.6494,-4.4696
-3.6494,-3.8977
-3.6494,-4.0326
-3.6494,-3.3777
-3.6494,-4.4605
-3.6494,-2.7895
-3.6494,-4.0355
-3.6494,-3.8999
-3.6494,-3.3719
-6.2788,-6.6458
-6.2788,-7.1552
-6.2788,-5.6243
-6.2788,-6.2089
6.8436,6.5149
6.8436,7.6786
6.8436,5.8866
6.8436,7.2056
6.8436,7.2855
3.5342,2.9535
3.5342,4.2279
3.5342,3.5128
3.5342,3.8576
3.5342,3.4783
3.5342,2.6753
3.5342,3.1677
3.5342,3.9512
3.5342,3.4495
3.5342,2.9276
3.5342,2.6118
3.5342,3.1824
3.5342,3.7286
3.5342,3.4394
3.5342,4.29
3.5342,3.1081
3.1081,2.9535
3.1081,3.5128
3.1081,3.8576
3.1081,3.4783
3.1081,3.067
3.1081,2.9014
3.1081,2.6753
3.1081,2.4072
3.1081,3.9512
3.1081,2.2721
3.1081,3.4495
3.1081,2.6118
3.1081,2.6121
3.1081,3.1824
3.1081,3.9633
3.1081,3.5342
-7.4153,-6.6458
-7.4153,-6.8639
-7.4153,-8.2308
-7.4153,-7.8106
-7.4153,-7.1478
-7.4153,-6.9784
-7.4153,-8.2536
-7.4153,-7.3897
6.8215,7.7641
6.8215,6.5149
6.8215,7.3124
6.8215,6.1822
6.8215,6.3499
6.8215,6.8051
6.8215,7.2056
6.8215,6.0245
-2.9078,-2.2216
-2.9078,-3.707
-2.9078,-2.3792
-2.9078,-2.9305
-2.9078,-3.4978
-5.2709,-5.1311
-5.2709,-4.6274
-7.7605,-7.1552
-7.7605,-7.1478
-7.7605,-8.2536
3.6659,2.7032
3.6659,3.7276
3.6659,3.067
3.6659,3.9098
3.6659,2.9691
3.6659,3.1214
3.6659,4.2501
2.4721,3.2218
2.4721,2.9117
2.4721,3.1586
2.4721,2.3588
2.4721,2.1625
2.4721,3.0987
2.4721,2.5318
2.4721,1.8639
2.4721,2.3402
2.4721,1.6231
6.0245,5.2477
6.0245,6.5149
6.0245,6.1822
6.0245,6.3499
6.0245,5.8866
6.0245,5.6626
6.0245,6.8215
-6.2414,-6.6458
-6.2414,-5.5862
-6.2414,-6.8639
-6.2414,-6.2089
-6.2414,-6.9784
-6.2414,-5.8814
-6.2414,-6.4585
4.6307,3.9098
4.6307,4.4514
4.6307,3.9512
4.6307,5.2018
4.6307,3.9633
4.6307,5.0087
7.2855,8.1127
7.2855,7.6786
7.2855,6.8436
