2.1747,2.4391
2.1747,2.4474
2.1747,1.9599
2.1747,2.6483
2.1747,3.0132
2.1747,1.8872
2.1747,1.8018
-3.3832,-3.926
-3.3832,-2.9449
-3.3832,-3.1139
-3.3832,-3.8306
-3.3832,-2.6704
-3.3832,-3.3174
-3.3832,-3.4841
-4.3285,-4.313
-4.3285,-4.9687
-4.3285,-3.7625
-4.3285,-5.1513
-4.3285,-3.7486
-4.3285,-3.9792
-4.3285,-4.6418
-1.4047,-2.0925
-1.4047,-1.5986
-1.4047,-2.0937
3.1194,2.6007
3.1194,3.3811
3.1194,2.4391
3.1194,2.6483
3.1194,3.0112
3.1194,3.0132
3.1194,3.5518
3.1194,3.6257
4.6813,4.3282
4.6813,5.1595
4.6813,3.976
4.6813,4.7703
4.6813,4.0845
4.6813,4.6314
4.6813,5.2201
4.0951,4.4415
4.0951,3.5741
4.0951,3.5629
4.0951,4.635
4.0951,4.0845
4.0951,4.6314
-4.313,-4.3285
-4.313,-4.9687
-4.313,-3.7625
-4.313,-4.4519
-4.313,-3.8306
-4.313,-3.7486
-4.313,-3.3174
6.1186,6.1532
6.1186,5.2351
6.1186,5.6732
6.1186,5.9151
6.1186,6.9456
2.6007,3.1194
2.6007,2.4391
2.6007,1.9599
2.6007,2.3637
2.6007,3.0112
2.6007,1.6794
2.6007,3.5545
2.6007,3.0217
6.1532,6.1186
6.1532,5.6732
6.1532,6.2303
6.1532,6.7222
6.1532,6.9456
6.1532,5.5051
6.1532,5.7486
-4.9687,-4.3285
-4.9687,-4.313
-4.9687,-5.4137
-4.9687,-5.7051
-4.9687,-4.4519
-4.9687,-5.1513
-4.9687,-4.6418
-2.4912,-2.0845
-2.4912,-2.7157
-2.4912,-1.5986
-2.4912,-2.0937
-2.4912,-3.3174
-2.4912,-3.2586
-2.4912,-2.5974
-2.4912,-3.0147
4.0329,4.4739
4.0329,3.8261
4.0329,4.7712
-5.9295,-5.6202
-5.9295,-5.3576
-5.9295,-6.4433
-5.9295,-6.2607
-5.9295,-6.0247
-5.9295,-6.4933
-5.9295,-6.8491
-5.9295,-5.2511
-5.9295,-6.383
4.496,4.4194
4.496,5.0489
4.496,5.0298
4.496,5.1353
4.496,4.4739
4.496,3.8261
1.0425,1.8701
1.0425,1.6794
1.0425,1.0003
3.3811,3.1194
3.3811,3.4767
3.3811,2.6483
3.3811,4.206
3.3811,3.8226
3.3811,3.0132
3.3811,3.6257
4.1422,4.3282
4.1422,3.976
4.1422,4.206
4.1422,4.7703
4.1422,4.69
4.1422,3.5518
4.1422,3.6257
-5.6202,-5.9295
-5.6202,-5.3576
-5.6202,-6.2607
-5.6202,-4.9156
-5.6202,-5.2511
-5.6202,-6.0347
-2.0845,-2.4912
-2.0845,-1.7865
-2.0845,-1.139
-2.0845,-2.8238
-2.0845,-2.7157
-2.0845,-1.5986
-0.63496,-1.139
-0.63496,-1.5986
-6.9171,-6.4433
-6.9171,-7.2266
-6.9171,-7.0706
-6.9171,-7.399
-6.9171,-6.2435
-7.9526,-8.017
-7.9526,-7.2266
1.8701,1.0425
1.8701,2.3637
1.8701,2.408
1.8701,1.6794
1.8701,1.6812
-5.4137,-4.9687
-5.4137,-4.4519
0.053411,-0.13167
0.053411,-0.47342
0.053411,0.47216
0.053411,0.86398
0.053411,-0.81595
0.053411,-0.27879
-7.3116,-6.4113
-7.3116,-8.1929
-7.3116,-7.2247
-7.3116,-6.5468
5.1976,5.1595
5.1976,5.7539
5.1976,4.635
5.1976,5.8111
5.1976,4.6314
-5.3576,-5.9295
-5.3576,-5.6202
-5.3576,-5.2506
-5.3576,-6.0247
-5.3576,-5.2511
6.446,5.4802
6.446,7.0994
6.446,7.356
6.446,6.7309
6.446,6.2303
6.446,6.5331
6.446,6.0715
6.446,5.7486
3.4767,3.3811
3.4767,3.8226
3.4767,3.0132
3.4767,2.7954
-7.4082,-8.0918
-7.4082,-7.8646
-7.4082,-7.2247
-7.4082,-7.5292
-7.4082,-7.7841
-7.4082,-6.8491
-7.4082,-6.714
-7.4082,-6.8985
4.3282,4.6813
4.3282,4.1422
4.3282,3.976
4.3282,3.5545
4.3282,4.7703
4.3282,4.69
4.3282,3.5518
4.3282,4.0845
4.3282,5.2201
6.4904,5.8111
5.2964,5.4802
5.2964,5.1353
5.2964,4.6467
5.2964,6.0715
5.2964,5.768
5.2964,4.7712
5.1595,4.6813
5.1595,5.1976
5.1595,5.7539
5.1595,5.9327
5.1595,4.6314
5.1595,5.2201
-2.2442,-1.5243
1.5364,2.4474
1.5364,1.7076
1.5364,1.0223
1.5364,1.8018
2.4391,2.1747
2.4391,3.1194
2.4391,2.6007
2.4391,1.9599
2.4391,2.6483
2.4391,2.3637
2.4391,3.0112
2.4391,1.8872
-5.5263,-4.9156
-5.5263,-6.0347
5.7539,5.1976
5.7539,5.1595
5.7539,5.9327
5.7539,5.8111
5.2351,6.1186
5.2351,5.6732
5.2351,4.4194
5.2351,5.0489
5.2351,5.9151
5.2351,4.9205
6.3228,6.8504
6.3228,5.7885
5.6732,6.1186
5.6732,6.1532
5.6732,5.2351
5.6732,5.0489
5.6732,6.2303
5.6732,5.0298
5.6732,5.5051
-6.4433,-5.9295
-6.4433,-6.9171
-6.4433,-7.0706
-6.4433,-6.0247
-6.4433,-6.4933
-6.4433,-7.399
-6.4433,-7.1685
-6.4433,-6.383
-6.4433,-6.2435
-5.7051,-4.9687
-5.7051,-5.1513
-3.926,-3.3832
-3.926,-4.4519
-3.926,-2.9449
-3.926,-3.8306
-3.926,-3.4841
-3.926,-4.6177
-3.926,-4.3039
2.4474,2.1747
2.4474,1.5364
2.4474,2.6483
2.4474,3.0132
2.4474,2.7954
2.4474,1.8018
1.9599,2.1747
1.9599,2.6007
1.9599,2.4391
1.9599,2.3637
1.9599,1.6794
1.9599,1.2202
1.9599,1.0003
1.9599,1.8872
-3.7625,-4.3285
-3.7625,-4.313
-3.7625,-4.4519
-3.7625,-3.1139
-3.7625,-3.8306
-3.7625,-3.7486
-3.7625,-3.3174
-3.7625,-3.2586
-3.7625,-3.0147
2.6483,2.1747
2.6483,3.1194
2.6483,3.3811
2.6483,2.4391
2.6483,2.4474
2.6483,3.0132
2.6483,1.8872
2.6483,3.6257
-8.017,-7.9526
-8.017,-7.0706
-8.017,-7.399
-8.017,-8.8003
-8.017,-7.7541
-8.017,-8.5077
-8.7611,-8.0918
-8.7611,-9.4936
-8.7611,-9.2704
-8.7611,-8.2616
-8.7611,-8.567
-8.7611,-7.7841
-8.7611,-8.5077
-8.0918,-7.4082
-8.0918,-8.7611
-8.0918,-8.2616
-8.0918,-8.567
-8.0918,-7.8646
-8.0918,-7.5292
-8.0918,-7.7841
5.4802,6.446
5.4802,5.2964
5.4802,5.1353
5.4802,6.0715
5.4802,5.768
5.4802,5.7486
5.4802,4.7712
-4.4519,-4.313
-4.4519,-4.9687
-4.4519,-5.4137
-4.4519,-3.926
-4.4519,-3.7625
-4.4519,-3.8306
-4.4519,-4.6177
3.976,4.6813
3.976,4.1422
3.976,4.3282
3.976,3.0112
3.976,3.5545
3.976,4.7703
3.976,3.5518
3.976,4.0845
3.976,3.6257
2.3637,2.6007
2.3637,1.8701
2.3637,2.4391
2.3637,1.9599
2.3637,3.0112
2.3637,2.859
2.3637,2.408
2.3637,1.6794
2.3637,3.0217
7.0994,6.446
7.0994,7.356
7.0994,6.7309
7.0994,6.2303
7.0994,6.7222
-2.9449,-3.3832
-2.9449,-3.926
-2.9449,-3.1139
-2.9449,-2.6704
-2.9449,-3.4841
-2.9449,-2.1757
4.4194,4.496
4.4194,5.2351
4.4194,5.0489
4.4194,4.9205
-5.1513,-4.3285
-5.1513,-4.9687
-5.1513,-5.7051
-5.1513,-4.9724
-5.1513,-4.6418
-0.13167,0.053411
-0.13167,-0.47342
-0.13167,-0.97207
-0.13167,0.22394
4.4415,4.0951
4.4415,3.5741
4.4415,4.635
4.4415,5.2529
0.25657,0.55588
0.25657,0.47216
0.25657,-0.27879
0.25657,-0.3596
0.25657,1.0223
-1.4352,-1.0778
-3.1139,-3.3832
-3.1139,-3.7625
-3.1139,-2.9449
-3.1139,-3.8306
-3.1139,-2.6704
-3.1139,-3.3174
-3.1139,-2.5974
-3.1139,-3.0147
-5.2506,-5.3576
-5.2506,-6.0247
-9.4936,-8.7611
-9.4936,-9.2704
-9.4936,-8.567
4.7369,4.206
4.7369,3.8226
4.7369,4.69
4.7369,5.3675
-3.3882,-2.8238
-3.3882,-2.7157
-3.3882,-3.7486
-3.3882,-3.2586
-3.3882,-3.8462
-3.3882,-3.9792
-1.7865,-2.0845
-1.7865,-1.139
-1.7865,-2.4055
7.356,6.446
7.356,7.0994
7.356,6.7309
7.356,6.5331
3.5741,4.0951
3.5741,4.4415
3.5741,2.859
3.5741,3.5629
3.5741,2.7286
5.211,4.7703
5.211,4.69
5.211,5.7306
5.211,5.3675
5.211,5.2201
5.211,6.0002
6.7309,6.446
6.7309,7.0994
6.7309,7.356
6.7309,6.5331
6.7309,6.0715
5.0489,4.496
5.0489,5.2351
5.0489,5.6732
5.0489,4.4194
5.0489,5.0298
5.0489,5.5051
-0.47342,0.053411
-0.47342,-0.13167
-0.47342,-0.97207
-0.47342,-0.81595
-0.47342,-0.27879
-0.47342,-0.96003
3.0112,3.1194
3.0112,2.6007
3.0112,2.4391
3.0112,3.976
3.0112,2.3637
3.0112,3.5545
3.0112,3.5518
3.0112,3.0217
-1.139,-2.0845
-1.139,-0.63496
-1.139,-1.7865
-1.139,-1.5986
-0.97207,-0.13167
-0.97207,-0.47342
-0.97207,-0.81595
-0.97207,-1.7343
0.55588,0.25657
-2.0925,-1.4047
-2.0925,-2.6704
-2.0925,-2.0937
-2.0925,-2.5974
-2.0925,-2.1757
4.206,3.3811
4.206,4.1422
4.206,4.7369
4.206,3.8226
4.206,4.69
4.206,3.6257
0.47216,0.053411
0.47216,0.25657
0.47216,0.86398
0.47216,-0.27879
0.47216,1.0223
-2.8238,-2.0845
-2.8238,-3.3882
-2.8238,-2.7157
-2.8238,-2.4055
-6.4113,-7.3116
-6.4113,-6.5468
6.2303,6.1532
6.2303,6.446
6.2303,5.6732
6.2303,7.0994
6.2303,6.7222
6.2303,5.5051
6.2303,6.0715
6.2303,5.7486
-2.7157,-2.4912
-2.7157,-2.0845
-2.7157,-3.3882
-2.7157,-2.8238
-2.7157,-3.2586
-2.7157,-3.0147
-1.0778,-1.4352
-1.0778,-0.3596
-1.0778,-0.96003
-1.0778,-0.4588
-1.0778,-1.5243
-9.2704,-8.7611
-9.2704,-9.4936
-9.2704,-9.5467
-9.2704,-8.5077
2.859,2.3637
2.859,3.5741
2.859,2.408
2.859,3.5629
2.859,3.0217
2.859,2.7286
5.9151,6.1186
5.9151,5.2351
2.408,1.8701
2.408,2.3637
2.408,2.859
2.408,3.0217
2.408,1.6812
2.408,2.7286
-6.2607,-5.9295
-6.2607,-5.6202
-6.2607,-6.8491
-6.2607,-6.714
-6.2607,-6.8985
-6.2607,-6.383
-6.2607,-6.0347
1.6794,2.6007
1.6794,1.0425
1.6794,1.8701
1.6794,1.9599
1.6794,2.3637
1.6794,1.0003
0.86398,0.053411
0.86398,0.47216
0.86398,1.2202
5.0298,4.496
5.0298,5.6732
5.0298,5.0489
5.0298,5.1353
5.0298,4.4739
5.0298,5.5051
5.0298,5.7486
-8.2616,-8.7611
-8.2616,-8.0918
-8.2616,-8.567
-8.2616,-7.5292
-8.2616,-7.7841
-8.2616,-7.7541
-8.2616,-8.5077
-0.81595,0.053411
-0.81595,-0.47342
-0.81595,-0.97207
-0.81595,-0.27879
-0.81595,-0.96003
-0.81595,-1.7343
-0.81595,-1.5243
-8.1929,-7.3116
-8.1929,-8.7899
-8.1929,-7.8646
-7.2266,-6.9171
-7.2266,-7.9526
-7.2266,-7.0706
-7.2266,-6.2435
6.7222,6.1532
6.7222,7.0994
6.7222,6.2303
6.7222,6.9456
6.9456,6.1186
6.9456,6.1532
6.9456,6.7222
-7.0706,-6.9171
-7.0706,-6.4433
-7.0706,-8.017
-7.0706,-7.2266
-7.0706,-6.4933
-7.0706,-7.399
-7.0706,-7.7541
-7.0706,-7.1685
-8.7899,-8.1929
-8.7899,-8.567
-8.7899,-7.8646
3.5545,2.6007
3.5545,4.3282
3.5545,3.976
3.5545,3.0112
3.5545,3.5629
3.5545,3.5518
3.5545,3.0217
3.5545,4.0845
-2.4055,-1.7865
-2.4055,-2.8238
4.7703,4.6813
4.7703,4.1422
4.7703,4.3282
4.7703,3.976
4.7703,5.211
4.7703,4.69
4.7703,5.7306
4.7703,5.2201
-6.0247,-5.9295
-6.0247,-5.3576
-6.0247,-6.4433
-6.0247,-5.2506
-6.0247,-6.4933
-6.0247,-6.383
-6.0247,-6.2435
-3.8306,-3.3832
-3.8306,-4.313
-3.8306,-3.926
-3.8306,-3.7625
-3.8306,-4.4519
-3.8306,-3.1139
-3.8306,-3.3174
-9.5467,-9.2704
-9.5467,-8.8003
-0.27879,0.053411
-0.27879,0.25657
-0.27879,-0.47342
-0.27879,0.47216
-0.27879,-0.81595
-0.27879,-0.3596
-0.27879,-0.96003
3.8226,3.3811
3.8226,3.4767
3.8226,4.7369
3.8226,4.206
3.8226,3.0132
3.8226,3.6257
5.1353,4.496
5.1353,5.2964
5.1353,5.4802
5.1353,5.0298
5.1353,4.4739
5.1353,5.5051
5.1353,6.0715
5.1353,5.7486
5.1353,4.7712
-8.567,-8.7611
-8.567,-8.0918
-8.567,-9.4936
-8.567,-8.2616
-8.567,-8.7899
-8.567,-7.8646
4.69,4.1422
4.69,4.3282
4.69,4.7369
4.69,5.211
4.69,4.206
4.69,4.7703
4.69,5.3675
-7.8646,-7.4082
-7.8646,-8.0918
-7.8646,-8.1929
-7.8646,-8.7899
-7.8646,-8.567
-7.8646,-7.2247
-7.8646,-7.5292
-3.7486,-4.3285
-3.7486,-4.313
-3.7486,-3.7625
-3.7486,-3.3882
-3.7486,-3.3174
-3.7486,-3.2586
-3.7486,-3.9792
-3.7486,-3.0147
1.2202,1.9599
1.2202,0.86398
1.2202,1.0003
1.2202,1.8872
3.5629,4.0951
3.5629,3.5741
3.5629,2.859
3.5629,3.5545
3.5629,3.0217
3.5629,4.0845
4.6467,5.2964
4.6467,4.7712
-6.4933,-5.9295
-6.4933,-6.4433
-6.4933,-7.0706
-6.4933,-6.0247
-6.4933,-7.399
-6.4933,-6.8491
-6.4933,-7.1685
-6.4933,-6.383
1.7076,1.5364
1.7076,1.0223
4.635,4.0951
4.635,5.1976
4.635,4.4415
4.635,4.6314
4.635,5.2529
5.7306,5.211
5.7306,4.7703
5.7306,5.9327
5.7306,5.2201
5.7306,6.0002
-4.9156,-5.6202
-4.9156,-5.5263
-4.9156,-5.2511
-2.6704,-3.3832
-2.6704,-2.9449
-2.6704,-3.1139
-2.6704,-2.0925
-2.6704,-2.0937
-2.6704,-3.3174
-2.6704,-2.5974
-2.6704,-2.1757
-7.2247,-7.3116
-7.2247,-7.4082
-7.2247,-7.8646
-7.2247,-6.5468
-7.2247,-6.714
-7.5292,-7.4082
-7.5292,-8.0918
-7.5292,-8.2616
-7.5292,-7.8646
-7.5292,-7.7841
-7.5292,-6.8491
-7.5292,-7.7541
-7.5292,-6.8985
-7.5292,-7.1685
5.9327,5.1595
5.9327,5.7539
5.9327,5.7306
5.9327,5.2201
-7.399,-6.9171
-7.399,-6.4433
-7.399,-8.017
-7.399,-7.0706
-7.399,-6.4933
-7.399,-7.7841
-7.399,-6.8491
-7.399,-7.7541
-7.399,-7.1685
4.4739,4.0329
4.4739,4.496
4.4739,5.0298
4.4739,5.1353
4.4739,3.8261
4.4739,4.7712
3.0132,2.1747
3.0132,3.1194
3.0132,3.3811
3.0132,3.4767
3.0132,2.4474
3.0132,2.6483
3.0132,3.8226
3.0132,2.7954
3.0132,3.6257
-0.3596,0.25657
-0.3596,-1.0778
-0.3596,-0.27879
-0.3596,-0.96003
-0.3596,-0.4588
-0.96003,-0.47342
-0.96003,-1.0778
-0.96003,-0.81595
-0.96003,-0.27879
-0.96003,-0.3596
-0.96003,-1.5243
1.0223,1.5364
1.0223,0.25657
1.0223,0.47216
1.0223,1.7076
1.0223,1.8018
-7.7841,-7.4082
-7.7841,-8.7611
-7.7841,-8.0918
-7.7841,-8.2616
-7.7841,-7.5292
-7.7841,-7.399
-7.7841,-6.8491
-7.7841,-7.7541
-7.7841,-8.5077
-7.7841,-6.8985
-7.7841,-7.1685
-6.8491,-5.9295
-6.8491,-7.4082
-6.8491,-6.2607
-6.8491,-6.4933
-6.8491,-7.5292
-6.8491,-7.399
-6.8491,-7.7841
-6.8491,-6.714
-6.8491,-6.8985
-6.8491,-7.1685
-6.8491,-6.383
3.5518,3.1194
3.5518,4.1422
3.5518,4.3282
3.5518,3.976
3.5518,3.0112
3.5518,3.5545
3.5518,3.6257
3.0217,2.6007
3.0217,2.3637
3.0217,3.0112
3.0217,2.859
3.0217,2.408
3.0217,3.5545
3.0217,3.5629
-1.5986,-1.4047
-1.5986,-2.4912
-1.5986,-2.0845
-1.5986,-0.63496
-1.5986,-1.139
-1.5986,-2.0937
-2.0937,-1.4047
-2.0937,-2.4912
-2.0937,-2.0925
-2.0937,-2.6704
-2.0937,-1.5986
-2.0937,-2.5974
-2.0937,-3.0147
3.8261,4.0329
3.8261,4.496
3.8261,4.4739
1.6812,1.8701
1.6812,2.408
1.0003,1.0425
1.0003,1.9599
1.0003,1.6794
1.0003,1.2202
1.0003,0.22394
6.5331,6.446
6.5331,7.356
6.5331,6.7309
6.5331,6.8504
6.5331,5.768
6.5331,5.7885
-3.3174,-3.3832
-3.3174,-4.313
-3.3174,-2.4912
-3.3174,-3.7625
-3.3174,-3.1139
-3.3174,-3.8306
-3.3174,-3.7486
-3.3174,-2.6704
-3.3174,-3.2586
-3.3174,-2.5974
-3.3174,-3.0147
-3.2586,-2.4912
-3.2586,-3.7625
-3.2586,-3.3882
-3.2586,-2.7157
-3.2586,-3.7486
-3.2586,-3.3174
-3.2586,-3.9792
-3.2586,-3.0147
-2.5974,-2.4912
-2.5974,-3.1139
-2.5974,-2.0925
-2.5974,-2.6704
-2.5974,-2.0937
-2.5974,-3.3174
-2.5974,-3.0147
-8.8003,-8.017
-8.8003,-9.5467
-8.8003,-8.5077
-0.4588,-1.0778
-0.4588,-0.3596
-3.4841,-3.3832
-3.4841,-3.926
-3.4841,-2.9449
-3.4841,-4.3039
4.0845,4.6813
4.0845,4.0951
4.0845,4.3282
4.0845,3.976
4.0845,3.5545
4.0845,3.5629
4.0845,4.6314
4.9205,5.2351
4.9205,4.4194
0.22394,-0.13167
0.22394,1.0003
-7.7541,-8.017
-7.7541,-8.2616
-7.7541,-7.0706
-7.7541,-7.5292
-7.7541,-7.399
-7.7541,-7.7841
-7.7541,-8.5077
-7.7541,-7.1685
5.5051,6.1532
5.5051,5.6732
5.5051,5.0489
5.5051,6.2303
5.5051,5.0298
5.5051,5.1353
5.5051,5.7486
2.7286,3.5741
2.7286,2.859
2.7286,2.408
6.0715,6.446
6.0715,5.2964
6.0715,5.4802
6.0715,6.7309
6.0715,6.2303
6.0715,5.1353
6.0715,5.768
6.0715,5.7486
-6.5468,-7.3116
-6.5468,-6.4113
-6.5468,-7.2247
-6.5468,-6.714
-6.5468,-6.0347
-8.5077,-8.017
-8.5077,-8.7611
-8.5077,-9.2704
-8.5077,-8.2616
-8.5077,-7.7841
-8.5077,-8.8003
-8.5077,-7.7541
5.8111,5.1976
5.8111,6.4904
5.8111,5.7539
5.8111,5.2529
-3.8462,-3.3882
-3.8462,-3.9792
-1.7343,-0.97207
-1.7343,-0.81595
-1.7343,-1.5243
5.3675,4.7369
5.3675,5.211
5.3675,4.69
5.3675,6.0002
-4.6177,-3.926
-4.6177,-4.4519
-4.6177,-4.3039
-3.9792,-4.3285
-3.9792,-3.3882
-3.9792,-3.7486
-3.9792,-3.2586
-3.9792,-3.8462
-3.9792,-4.6418
4.6314,4.6813
4.6314,4.0951
4.6314,5.1976
4.6314,5.1595
4.6314,4.635
4.6314,4.0845
6.8504,6.3228
6.8504,6.5331
-6.714,-7.4082
-6.714,-6.2607
-6.714,-7.2247
-6.714,-6.8491
-6.714,-6.5468
-6.714,-6.8985
-6.714,-6.0347
2.7954,3.4767
2.7954,2.4474
2.7954,3.0132
-4.3039,-3.926
-4.3039,-3.4841
-4.3039,-4.6177
-1.5243,-2.2442
-1.5243,-1.0778
-1.5243,-0.81595
-1.5243,-0.96003
-1.5243,-1.7343
-6.8985,-7.4082
-6.8985,-6.2607
-6.8985,-7.5292
-6.8985,-7.7841
-6.8985,-6.8491
-6.8985,-6.714
-6.8985,-7.1685
-6.8985,-6.383
-7.1685,-6.4433
-7.1685,-7.0706
-7.1685,-6.4933
-7.1685,-7.5292
-7.1685,-7.399
-7.1685,-7.7841
-7.1685,-6.8491
-7.1685,-7.7541
-7.1685,-6.8985
-7.1685,-6.383
-4.9724,-5.1513
-4.9724,-4.6418
5.2201,4.6813
5.2201,4.3282
5.2201,5.1595
5.2201,5.211
5.2201,4.7703
5.2201,5.7306
5.2201,5.9327
-3.0147,-2.4912
-3.0147,-3.7625
-3.0147,-3.1139
-3.0147,-2.7157
-3.0147,-3.7486
-3.0147,-2.0937
-3.0147,-3.3174
-3.0147,-3.2586
-3.0147,-2.5974
-5.2511,-5.9295
-5.2511,-5.6202
-5.2511,-5.3576
-5.2511,-4.9156
5.768,5.2964
5.768,5.4802
5.768,6.5331
5.768,6.0715
5.768,5.7885
1.8872,2.1747
1.8872,2.4391
1.8872,1.9599
1.8872,2.6483
1.8872,1.2202
1.8872,1.8018
3.6257,3.1194
3.6257,3.3811
3.6257,4.1422
3.6257,2.6483
3.6257,3.976
3.6257,4.206
3.6257,3.8226
3.6257,3.0132
3.6257,3.5518
-6.383,-5.9295
-6.383,-6.4433
-6.383,-6.2607
-6.383,-6.0247
-6.383,-6.4933
-6.383,-6.8491
-6.383,-6.8985
-6.383,-7.1685
5.7486,6.1532
5.7486,6.446
5.7486,5.4802
5.7486,6.2303
5.7486,5.0298
5.7486,5.1353
5.7486,5.5051
5.7486,6.0715
-2.1757,-2.9449
-2.1757,-2.0925
-2.1757,-2.6704
-4.6418,-4.3285
-4.6418,-4.9687
-4.6418,-5.1513
-4.6418,-3.9792
-4.6418,-4.9724
-6.2435,-6.9171
-6.2435,-6.4433
-6.2435,-7.2266
-6.2435,-6.0247
1.8018,2.1747
1.8018,1.5364
1.8018,2.4474
1.8018,1.0223
1.8018,1.8872
5.2529,4.4415
5.2529,4.635
5.2529,5.8111
4.7712,4.0329
4.7712,5.2964
4.7712,5.4802
4.7712,5.1353
4.7712,4.6467
4.7712,4.4739
-6.0347,-5.6202
-6.0347,-5.5263
-6.0347,-6.2607
-6.0347,-6.5468
-6.0347,-6.714
6.0002,5.211
6.0002,5.7306
6.0002,5.3675
5.7885,6.3228
5.7885,6.5331
5.7885,5.768
