1.3371,1.7102
1.3371,1.9125
1.3371,0.70414
1.3371,1.8137
1.3371,2.0715
1.3371,0.93663
1.3371,1.4347
1.3371,2.2759
1.3371,1.7037
1.3371,0.46148
1.3371,1.3847
1.3371,1.0666
-4.1951,-4.5619
-4.1951,-4.7987
-4.1951,-3.7807
-4.1951,-4.8799
-4.1951,-3.8759
-4.1951,-4.5224
-4.1951,-3.4588
-4.1951,-3.9665
-5.0155,-4.88
-5.0155,-5.6064
-5.0155,-4.3714
-5.0155,-5.7818
-5.0155,-4.3921
-5.0155,-4.5562
-5.0155,-5.2203
-2.1721,-2.2319
-2.1721,-2.893
-2.1721,-2.1912
-2.1721,-2.7363
2.946,3.8428
2.946,2.5122
2.946,2.0979
2.946,3.4933
2.946,2.5586
2.946,2.6716
2.946,2.3173
2.946,2.1775
2.946,3.2468
2.946,3.0074
2.946,2.9771
2.946,2.62
2.946,3.1353
2.946,2.4661
2.946,3.7011
2.946,2.294
2.946,3.3855
2.946,3.0801
4.1807,3.547
4.1807,3.8428
4.1807,4.6399
4.1807,3.4933
4.1807,3.2468
4.1807,4.8075
4.1807,3.7011
4.1807,4.1638
4.1807,4.2933
3.547,4.1807
3.547,3.4049
3.547,2.9557
3.547,3.2468
3.547,3.0074
3.547,2.9771
3.547,3.9077
3.547,3.7011
3.547,3.5381
3.547,4.1638
-4.88,-5.0155
-4.88,-5.6064
-4.88,-4.3714
-4.88,-5.282
-4.88,-4.8799
-4.88,-4.5224
-4.88,-4.3921
-4.88,-3.9665
-4.88,-5.7912
7.5346,7.348
7.5346,6.9334
7.5346,8.3121
1.7102,1.3371
1.7102,1.4276
1.7102,1.9125
1.7102,2.5122
1.7102,2.0979
1.7102,1.8637
1.7102,1.5913
1.7102,2.3173
1.7102,2.1775
1.7102,1.4347
1.7102,2.2759
1.7102,2.62
1.7102,1.7037
1.7102,1.0666
1.7102,0.90116
7.348,7.5346
7.348,7.5429
7.348,6.9334
7.348,7.3121
7.348,7.8856
7.348,8.3121
7.348,6.6836
7.348,6.754
-5.6064,-5.0155
-5.6064,-4.88
-5.6064,-5.282
-5.6064,-5.7818
-5.6064,-5.7912
-3.0929,-2.6695
-3.0929,-3.3247
-3.0929,-2.1912
-3.0929,-2.7363
-3.0929,-3.8668
-3.0929,-3.298
-3.0929,-3.5997
5.1321,5.5816
5.1321,5.0577
5.1321,5.7665
-9.9618,-9.0576
-9.9618,-9.4486
5.6932,5.6908
5.6932,6.3009
5.6932,6.1779
5.6932,5.5816
5.6932,5.0577
1.4276,1.7102
1.4276,2.0979
1.4276,1.8637
1.4276,1.5913
1.4276,1.4348
1.4276,1.2365
1.4276,2.1775
1.4276,1.4347
1.4276,0.80648
1.4276,1.0666
1.4276,2.294
1.4276,0.90116
1.6522,1.8137
1.6522,2.382
1.6522,1.2112
1.6522,2.238
3.5197,3.8428
3.5197,3.4933
3.5197,3.396
3.5197,4.4667
3.5197,2.9811
3.5197,2.6716
3.5197,3.9743
3.5197,3.4816
3.5197,2.62
3.5197,3.1353
3.5197,3.987
3.5197,4.2933
3.5197,3.3855
3.5197,3.0801
-6.6214,-6.0326
-6.6214,-7.3212
-6.6214,-6.8912
-6.6214,-7.1765
-6.6214,-6.1383
-2.6695,-3.0929
-2.6695,-3.4345
-2.6695,-3.3247
-2.6695,-2.1912
-3.9314,-4.5619
-3.9314,-3.7807
-8.3138,-7.5116
-8.3138,-7.7488
-5.8123,-6.0326
2.3373,2.7501
2.3373,1.581
2.3373,2.2046
2.8516,2.382
2.8516,2.238
2.8516,3.239
2.8516,3.0996
2.8516,2.4829
2.8516,2.655
2.8516,3.4422
-5.4176,-4.5619
-5.4176,-4.7987
-5.4176,-5.282
-5.4176,-4.8799
-5.4176,-5.2267
-5.4176,-6.0836
1.9125,1.3371
1.9125,1.7102
1.9125,2.5122
1.9125,2.0979
1.9125,1.5913
1.9125,2.0715
1.9125,2.6716
1.9125,2.3173
1.9125,2.1775
1.9125,1.4347
1.9125,2.2759
1.9125,2.62
1.9125,1.7037
1.9125,2.5259
1.9125,1.0666
-5.2114,-5.9298
-5.2114,-6.0942
-5.2114,-5.5547
4.7867,4.6399
4.7867,5.3879
4.7867,3.9077
4.7867,4.1638
9.9214,9.1681
7.5429,7.348
7.5429,8.3607
7.5429,8.1601
7.5429,7.7668
7.5429,7.3121
7.5429,7.8856
7.5429,7.0918
7.5429,6.754
7.5429,7.3151
0.70414,1.3371
0.70414,1.2112
0.70414,0.93663
0.70414,0.46148
0.70414,1.3847
-6.7916,-6.6435
-6.7916,-7.3412
-6.7916,-6.5118
-6.7916,-6.0942
-6.7916,-7.1162
-6.7916,-6.0656
-6.7916,-7.2572
3.8428,2.946
3.8428,4.1807
3.8428,3.5197
3.8428,3.4933
3.8428,4.4667
3.8428,3.2468
3.8428,3.9743
3.8428,4.8075
3.8428,3.1353
3.8428,3.7011
3.8428,4.2933
3.8428,3.3855
3.8428,3.0801
3.4049,3.547
3.4049,2.7501
3.4049,2.9557
3.4049,3.9077
3.4049,3.5381
8.4636,8.3607
8.4636,9.1681
8.4636,8.1601
8.4636,7.8856
8.4636,8.3121
8.4636,9.1295
8.4636,8.9241
4.6399,4.1807
4.6399,4.7867
4.6399,5.3879
4.6399,4.8075
4.6399,3.7011
4.6399,4.1638
4.6399,4.2933
2.5122,2.946
2.5122,1.7102
2.5122,1.9125
2.5122,2.0979
2.5122,3.4933
2.5122,1.8637
2.5122,1.5913
2.5122,2.5586
2.5122,2.6716
2.5122,2.3173
2.5122,2.1775
2.5122,3.2468
2.5122,3.0074
2.5122,2.9771
2.5122,2.62
2.5122,3.1353
2.5122,2.4661
2.5122,2.294
2.5122,3.3855
2.5122,3.0801
1.8137,1.3371
1.8137,1.6522
1.8137,2.0715
1.8137,1.2112
1.8137,2.238
1.8137,2.2759
1.8137,2.4829
1.8137,1.7037
1.8137,2.655
1.8137,2.5259
1.8137,1.3847
2.0979,2.946
2.0979,1.7102
2.0979,1.4276
2.0979,1.9125
2.0979,2.5122
2.0979,1.8637
2.0979,1.5913
2.0979,2.5586
2.0979,2.3173
2.0979,2.1775
2.0979,1.4347
2.0979,3.0074
2.0979,2.62
2.0979,2.4661
2.0979,2.294
-5.5076,-4.9745
-5.5076,-6.0326
-5.5076,-6.1383
5.3879,4.7867
5.3879,4.6399
5.3879,5.1516
5.3879,4.8075
6.589,6.9334
6.589,5.6908
6.589,6.3009
8.3607,7.5429
8.3607,8.4636
8.3607,8.1601
8.3607,9.0871
8.3607,7.7668
8.3607,8.0995
8.3607,8.9241
6.9334,7.5346
6.9334,7.348
6.9334,6.589
6.9334,6.3009
6.9334,6.1779
6.9334,6.6836
9.1681,9.9214
9.1681,8.4636
9.1681,8.3121
9.1681,9.1295
-4.5619,-4.1951
-4.5619,-3.9314
-4.5619,-5.4176
-4.5619,-4.7987
-4.5619,-3.7807
-4.5619,-5.2267
-4.7987,-4.1951
-4.7987,-5.4176
-4.7987,-4.5619
-4.7987,-5.282
-4.7987,-4.8799
-4.7987,-4.5224
-4.7987,-5.2267
2.7501,2.3373
2.7501,3.4049
2.7501,2.9557
2.7501,2.47
2.7501,2.2046
-0.32444,0.35563
-0.32444,0.46148
-4.3714,-5.0155
-4.3714,-4.88
-4.3714,-4.8799
-4.3714,-3.8759
-4.3714,-4.5224
-4.3714,-4.3921
-4.3714,-3.9665
-4.3714,-3.8668
-4.3714,-4.5562
-4.3714,-3.5997
2.382,1.6522
2.382,2.8516
2.382,2.238
2.382,3.239
-9.0003,-9.0576
-9.0003,-8.753
-9.0003,-8.3106
-9.0003,-8.8079
-8.1323,-8.477
-8.1323,-9.0576
-8.1323,-7.7575
-8.1323,-7.3412
-8.1323,-8.753
-8.1323,-8.3106
-8.1323,-7.8838
6.4041,6.1955
6.4041,5.8984
6.4041,7.0918
6.4041,6.8231
6.4041,6.754
6.4041,5.7665
-5.282,-4.88
-5.282,-5.6064
-5.282,-5.4176
-5.282,-4.7987
-5.282,-4.8799
-5.282,-4.5224
-5.282,-5.7912
3.4933,2.946
3.4933,4.1807
3.4933,3.5197
3.4933,3.8428
3.4933,2.5122
3.4933,3.2468
3.4933,3.9743
3.4933,3.0074
3.4933,2.62
3.4933,3.1353
3.4933,3.7011
3.4933,4.2933
3.4933,3.3855
3.4933,3.0801
1.8637,1.7102
1.8637,1.4276
1.8637,2.5122
1.8637,2.0979
1.8637,1.5913
1.8637,1.4348
1.8637,2.5586
1.8637,1.2365
1.8637,1.9255
1.8637,2.1775
1.8637,2.4661
1.8637,2.47
1.8637,2.294
8.1601,7.5429
8.1601,8.4636
8.1601,8.3607
8.1601,7.7668
8.1601,7.3121
8.1601,7.8856
8.1601,9.1295
8.1601,8.9241
-3.7807,-4.1951
-3.7807,-3.9314
-3.7807,-4.5619
-3.7807,-3.8759
-3.7807,-3.4588
-3.7807,-2.9591
5.6908,5.6932
5.6908,6.589
5.6908,6.3009
-4.8799,-4.1951
-4.8799,-4.88
-4.8799,-5.4176
-4.8799,-4.7987
-4.8799,-4.3714
-4.8799,-5.282
-4.8799,-4.5224
-4.8799,-5.7912
1.5913,1.7102
1.5913,1.4276
1.5913,1.9125
1.5913,2.5122
1.5913,2.0979
1.5913,1.8637
1.5913,2.5586
1.5913,1.2365
1.5913,2.1775
1.5913,1.4347
1.5913,0.80648
1.5913,1.0666
1.5913,2.294
1.5913,0.90116
3.396,3.5197
3.396,3.8826
3.396,2.9811
3.396,3.0996
3.396,3.4816
3.396,2.4829
3.396,4.3551
3.396,2.655
3.396,2.5259
3.396,3.987
3.396,3.0801
3.396,3.4422
2.0715,1.3371
2.0715,1.9125
2.0715,1.8137
2.0715,2.238
2.0715,2.9811
2.0715,2.6716
2.0715,2.3173
2.0715,2.2759
2.0715,2.4829
2.0715,1.7037
2.0715,2.655
2.0715,2.5259
2.0715,1.3847
1.2112,1.6522
1.2112,0.70414
1.2112,1.8137
1.2112,1.3847
-3.8759,-4.1951
-3.8759,-4.3714
-3.8759,-3.7807
-3.8759,-2.893
-3.8759,-4.5224
-3.8759,-3.4588
-3.8759,-3.9665
-3.8759,-3.298
-3.8759,-3.5997
-8.477,-8.1323
-8.477,-9.0576
-8.477,-7.7575
-8.477,-8.753
-8.477,-8.7305
-8.477,-9.4486
-8.477,-7.8838
-7.3908,-7.47
-7.3908,-6.7873
3.8826,3.396
3.8826,3.0996
3.8826,3.4816
3.8826,4.3551
3.8826,3.987
3.8826,3.4422
3.8826,4.6257
-3.9803,-3.4345
-3.9803,-3.3247
-3.9803,-4.3921
-3.9803,-3.8668
-3.9803,-4.3629
-3.9803,-4.5562
-3.9803,-3.5997
-2.2319,-2.1721
-2.2319,-2.9591
9.0871,8.3607
9.0871,8.0995
9.0871,8.9241
2.9557,3.547
2.9557,3.4049
2.9557,2.7501
2.9557,3.0074
2.9557,2.9771
2.9557,3.9077
2.9557,2.4661
2.9557,3.5381
2.9557,2.47
2.9557,2.2046
4.4667,3.5197
4.4667,3.8428
4.4667,3.9743
4.4667,5.1516
4.4667,4.8075
4.4667,3.987
4.4667,5.0864
4.4667,4.2933
4.4667,4.6257
7.7668,7.5429
7.7668,8.3607
7.7668,8.1601
7.7668,8.0995
7.7668,7.0918
7.7668,7.3151
6.3009,5.6932
6.3009,6.589
6.3009,6.9334
6.3009,5.6908
6.3009,6.1779
6.3009,6.6836
1.4348,1.4276
1.4348,1.8637
1.4348,1.2365
1.4348,1.9255
1.4348,0.80648
1.4348,1.0338
1.4348,2.2046
2.5586,2.946
2.5586,2.5122
2.5586,2.0979
2.5586,1.8637
2.5586,1.5913
2.5586,2.1775
2.5586,3.2468
2.5586,3.0074
2.5586,2.9771
2.5586,2.62
2.5586,3.1353
2.5586,2.4661
2.5586,2.47
2.5586,2.294
8.0995,8.3607
8.0995,9.0871
8.0995,7.7668
8.0995,7.3151
1.581,2.3373
1.581,1.0338
1.581,2.2046
1.2365,1.4276
1.2365,1.8637
1.2365,1.5913
1.2365,1.4348
1.2365,1.9255
1.2365,0.80648
1.2365,1.0338
1.2365,0.90116
2.238,1.6522
2.238,2.8516
2.238,1.8137
2.238,2.382
2.238,2.0715
2.238,3.0996
2.238,2.4829
2.238,2.655
-2.893,-2.1721
-2.893,-3.8759
-2.893,-3.4588
-2.893,-2.7363
-2.893,-3.298
-2.893,-2.9591
2.9811,3.5197
2.9811,3.396
2.9811,2.0715
2.9811,2.6716
2.9811,2.3173
2.9811,2.2759
2.9811,3.0996
2.9811,3.4816
2.9811,2.4829
2.9811,2.62
2.9811,2.655
2.9811,3.1353
2.9811,2.5259
2.9811,3.987
2.9811,3.3855
2.9811,3.0801
2.6716,2.946
2.6716,3.5197
2.6716,1.9125
2.6716,2.5122
2.6716,2.0715
2.6716,2.9811
2.6716,2.3173
2.6716,2.1775
2.6716,2.2759
2.6716,3.4816
2.6716,2.62
2.6716,2.655
2.6716,3.1353
2.6716,2.5259
2.6716,3.3855
2.6716,3.0801
-3.4345,-2.6695
-3.4345,-3.9803
-3.4345,-3.3247
-3.4345,-4.3629
-4.9745,-5.5076
-4.9745,-5.5547
7.3121,7.348
7.3121,7.5429
7.3121,8.1601
7.3121,7.8856
7.3121,6.6836
7.3121,7.0918
7.3121,6.754
-3.3247,-3.0929
-3.3247,-2.6695
-3.3247,-3.9803
-3.3247,-3.4345
-3.3247,-3.8668
-3.3247,-3.5997
0.93663,1.3371
0.93663,0.70414
0.93663,1.4347
0.93663,1.7037
0.93663,0.46148
0.93663,1.3847
0.93663,1.0666
0.93663,0.90116
-9.0576,-9.9618
-9.0576,-9.0003
-9.0576,-8.1323
-9.0576,-8.477
-9.0576,-8.753
-9.0576,-8.7305
-9.0576,-9.4486
1.9255,1.8637
1.9255,1.4348
1.9255,1.2365
1.9255,2.4661
1.9255,2.47
1.9255,2.294
1.9255,1.0338
1.9255,2.2046
3.239,2.8516
3.239,2.382
3.239,3.4422
2.3173,2.946
2.3173,1.7102
2.3173,1.9125
2.3173,2.5122
2.3173,2.0979
2.3173,2.0715
2.3173,2.9811
2.3173,2.6716
2.3173,2.1775
2.3173,1.4347
2.3173,2.2759
2.3173,2.62
2.3173,1.7037
2.3173,2.655
2.3173,3.1353
2.3173,2.5259
2.3173,3.0801
-6.6435,-6.7916
-6.6435,-7.3412
-6.6435,-6.0942
-6.6435,-6.0656
-6.6435,-7.2572
-6.6435,-7.1765
-6.6435,-6.1383
0.35563,-0.32444
0.35563,0.46148
0.35563,0.80648
0.35563,1.0666
0.35563,0.90116
2.1775,2.946
2.1775,1.7102
2.1775,1.4276
2.1775,1.9125
2.1775,2.5122
2.1775,2.0979
2.1775,1.8637
2.1775,1.5913
2.1775,2.5586
2.1775,2.6716
2.1775,2.3173
2.1775,1.4347
2.1775,2.2759
2.1775,2.62
2.1775,1.7037
2.1775,3.1353
2.1775,2.294
6.1779,5.6932
6.1779,6.9334
6.1779,6.3009
6.1779,6.1955
6.1779,5.5816
6.1779,6.6836
6.1779,6.754
-7.7575,-8.1323
-7.7575,-8.477
-7.7575,-7.3412
-7.7575,-7.47
-7.7575,-7.1162
-7.7575,-7.8838
1.4347,1.3371
1.4347,1.7102
1.4347,1.4276
1.4347,1.9125
1.4347,2.0979
1.4347,1.5913
1.4347,0.93663
1.4347,2.3173
1.4347,2.1775
1.4347,2.2759
1.4347,1.7037
1.4347,0.46148
1.4347,1.0666
1.4347,0.90116
-5.9298,-5.2114
-5.9298,-6.7873
-5.9298,-6.5118
-5.9298,-6.0942
-7.3412,-6.7916
-7.3412,-8.1323
-7.3412,-6.6435
-7.3412,-7.7575
-7.3412,-7.47
-7.3412,-6.5118
-7.3412,-7.1162
-7.3412,-7.2572
-7.3412,-7.8838
7.8856,7.348
7.8856,7.5429
7.8856,8.4636
7.8856,8.1601
7.8856,7.3121
7.8856,8.3121
8.3121,7.5346
8.3121,7.348
8.3121,8.4636
8.3121,9.1681
8.3121,7.8856
-7.47,-7.3908
-7.47,-7.7575
-7.47,-7.3412
-7.47,-6.7873
-7.47,-7.1162
-8.753,-9.0003
-8.753,-8.1323
-8.753,-8.477
-8.753,-9.0576
-8.753,-8.3106
-8.753,-7.8838
3.2468,2.946
3.2468,4.1807
3.2468,3.547
3.2468,3.8428
3.2468,2.5122
3.2468,3.4933
3.2468,2.5586
3.2468,3.0074
3.2468,2.9771
3.2468,2.62
3.2468,3.1353
3.2468,2.4661
3.2468,3.7011
3.2468,3.5381
3.2468,2.294
3.2468,3.3855
-5.7818,-5.0155
-5.7818,-5.6064
-5.7818,-5.2203
3.9743,3.5197
3.9743,3.8428
3.9743,3.4933
3.9743,4.4667
3.9743,3.4816
3.9743,4.8075
3.9743,3.1353
3.9743,3.987
3.9743,4.2933
3.9743,3.3855
3.9743,3.0801
3.9743,4.6257
-6.0326,-6.6214
-6.0326,-5.8123
-6.0326,-5.5076
-6.0326,-6.1383
-4.5224,-4.1951
-4.5224,-4.88
-4.5224,-4.7987
-4.5224,-4.3714
-4.5224,-5.282
-4.5224,-4.8799
-4.5224,-3.8759
-4.5224,-3.9665
-8.3106,-9.0003
-8.3106,-8.1323
-8.3106,-8.753
-8.3106,-7.7556
-8.3106,-8.2169
-8.3106,-7.8838
2.2759,1.3371
2.2759,1.7102
2.2759,1.9125
2.2759,1.8137
2.2759,2.0715
2.2759,2.9811
2.2759,2.6716
2.2759,2.3173
2.2759,2.1775
2.2759,1.4347
2.2759,2.4829
2.2759,2.62
2.2759,1.7037
2.2759,2.655
2.2759,2.5259
2.2759,3.0801
3.0996,2.8516
3.0996,3.396
3.0996,3.8826
3.0996,2.238
3.0996,2.9811
3.0996,3.4816
3.0996,2.4829
3.0996,2.655
3.0996,2.5259
3.0996,3.4422
6.1955,6.4041
6.1955,6.1779
6.1955,5.5816
6.1955,6.6836
6.1955,6.754
6.1955,5.7665
-6.7873,-7.3908
-6.7873,-5.9298
-6.7873,-7.47
-6.7873,-6.5118
-6.7873,-7.1162
3.4816,3.5197
3.4816,3.396
3.4816,3.8826
3.4816,2.9811
3.4816,2.6716
3.4816,3.9743
3.4816,3.0996
3.4816,4.3551
3.4816,2.655
3.4816,2.5259
3.4816,3.987
3.4816,3.3855
3.4816,3.0801
-6.5118,-6.7916
-6.5118,-5.9298
-6.5118,-7.3412
-6.5118,-6.7873
-6.5118,-6.0942
-6.5118,-7.1162
-4.3921,-5.0155
-4.3921,-4.88
-4.3921,-4.3714
-4.3921,-3.9803
-4.3921,-3.9665
-4.3921,-3.8668
-4.3921,-4.5562
-4.3921,-3.5997
3.0074,2.946
3.0074,3.547
3.0074,2.5122
3.0074,2.0979
3.0074,3.4933
3.0074,2.9557
3.0074,2.5586
3.0074,3.2468
3.0074,2.9771
3.0074,2.62
3.0074,3.1353
3.0074,2.4661
3.0074,3.7011
3.0074,3.5381
3.0074,2.47
3.0074,2.294
2.9771,2.946
2.9771,3.547
2.9771,2.5122
2.9771,2.9557
2.9771,2.5586
2.9771,3.2468
2.9771,3.0074
2.9771,2.4661
2.9771,3.7011
2.9771,3.5381
2.9771,2.47
2.9771,2.294
5.8984,6.4041
5.8984,6.8231
5.8984,5.7665
-7.3212,-6.6214
-7.3212,-7.7556
-7.3212,-8.2169
-7.3212,-7.1765
-7.3212,-7.7488
2.4829,2.8516
2.4829,1.8137
2.4829,3.396
2.4829,2.0715
2.4829,2.238
2.4829,2.9811
2.4829,2.2759
2.4829,3.0996
2.4829,2.655
2.4829,2.5259
9.1295,8.4636
9.1295,9.1681
9.1295,8.1601
9.1295,8.9241
3.9077,3.547
3.9077,4.7867
3.9077,3.4049
3.9077,2.9557
3.9077,3.5381
3.9077,4.1638
5.1516,5.3879
5.1516,4.4667
5.1516,4.8075
5.1516,5.0864
5.1516,4.2933
5.1516,4.6257
-7.7556,-8.3106
-7.7556,-7.3212
-7.7556,-8.2169
-7.7556,-7.2572
-7.7556,-7.8838
-7.7556,-7.1765
4.3551,3.396
4.3551,3.8826
4.3551,3.4816
4.3551,3.987
4.3551,5.0864
4.3551,4.6257
-3.4588,-4.1951
-3.4588,-3.7807
-3.4588,-3.8759
-3.4588,-2.893
-3.4588,-3.9665
-3.4588,-3.298
-3.4588,-2.9591
-6.0942,-5.2114
-6.0942,-6.7916
-6.0942,-6.6435
-6.0942,-5.9298
-6.0942,-6.5118
-6.0942,-5.5547
-6.0942,-6.0656
-7.1162,-6.7916
-7.1162,-7.7575
-7.1162,-7.3412
-7.1162,-7.47
-7.1162,-6.7873
-7.1162,-6.5118
-7.1162,-7.2572
4.8075,4.1807
4.8075,3.8428
4.8075,4.6399
4.8075,5.3879
4.8075,4.4667
4.8075,3.9743
4.8075,5.1516
4.8075,4.2933
-7.5116,-8.3138
-7.5116,-6.8912
5.5816,5.1321
5.5816,5.6932
5.5816,6.1779
5.5816,6.1955
5.5816,5.0577
5.5816,5.7665
2.62,2.946
2.62,1.7102
2.62,3.5197
2.62,1.9125
2.62,2.5122
2.62,2.0979
2.62,3.4933
2.62,2.5586
2.62,2.9811
2.62,2.6716
2.62,2.3173
2.62,2.1775
2.62,3.2468
2.62,2.2759
2.62,3.0074
2.62,3.1353
2.62,2.5259
2.62,2.294
2.62,3.3855
2.62,3.0801
1.7037,1.3371
1.7037,1.7102
1.7037,1.9125
1.7037,1.8137
1.7037,2.0715
1.7037,0.93663
1.7037,2.3173
1.7037,2.1775
1.7037,1.4347
1.7037,2.2759
1.7037,2.5259
1.7037,1.3847
1.7037,1.0666
0.46148,1.3371
0.46148,0.70414
0.46148,-0.32444
0.46148,0.93663
0.46148,0.35563
0.46148,1.4347
0.46148,1.0666
0.46148,0.90116
2.655,2.8516
2.655,1.8137
2.655,3.396
2.655,2.0715
2.655,2.238
2.655,2.9811
2.655,2.6716
2.655,2.3173
2.655,2.2759
2.655,3.0996
2.655,3.4816
2.655,2.4829
2.655,2.5259
2.655,3.0801
-8.2169,-8.3106
-8.2169,-7.3212
-8.2169,-7.7556
-8.2169,-8.8079
-8.2169,-7.7488
-9.5493,-8.7305
-9.5493,-9.4486
3.1353,2.946
3.1353,3.5197
3.1353,3.8428
3.1353,2.5122
3.1353,3.4933
3.1353,2.5586
3.1353,2.9811
3.1353,2.6716
3.1353,2.3173
3.1353,2.1775
3.1353,3.2468
3.1353,3.9743
3.1353,3.0074
3.1353,2.62
3.1353,3.7011
3.1353,3.3855
3.1353,3.0801
2.4661,2.946
2.4661,2.5122
2.4661,2.0979
2.4661,1.8637
2.4661,2.9557
2.4661,2.5586
2.4661,1.9255
2.4661,3.2468
2.4661,3.0074
2.4661,2.9771
2.4661,2.47
2.4661,2.294
2.4661,2.2046
-2.1912,-2.1721
-2.1912,-3.0929
-2.1912,-2.6695
-2.1912,-2.7363
-2.7363,-2.1721
-2.7363,-3.0929
-2.7363,-2.893
-2.7363,-2.1912
-2.7363,-3.298
-2.7363,-3.5997
5.0577,5.1321
5.0577,5.6932
5.0577,5.5816
5.0577,4.6666
0.80648,1.4276
0.80648,1.5913
0.80648,1.4348
0.80648,1.2365
0.80648,0.35563
0.80648,0.90116
2.5259,1.9125
2.5259,1.8137
2.5259,3.396
2.5259,2.0715
2.5259,2.9811
2.5259,2.6716
2.5259,2.3173
2.5259,2.2759
2.5259,3.0996
2.5259,3.4816
2.5259,2.4829
2.5259,2.62
2.5259,1.7037
2.5259,2.655
2.5259,3.0801
-3.9665,-4.1951
-3.9665,-4.88
-3.9665,-4.3714
-3.9665,-3.8759
-3.9665,-4.5224
-3.9665,-4.3921
-3.9665,-3.4588
-3.9665,-3.8668
-3.9665,-3.298
-3.9665,-3.5997
-3.8668,-3.0929
-3.8668,-4.3714
-3.8668,-3.9803
-3.8668,-3.3247
-3.8668,-4.3921
-3.8668,-3.9665
-3.8668,-4.5562
-3.8668,-3.5997
-3.298,-3.0929
-3.298,-3.8759
-3.298,-2.893
-3.298,-3.4588
-3.298,-2.7363
-3.298,-3.9665
-3.298,-3.5997
-8.8079,-9.0003
-8.8079,-8.2169
1.3847,1.3371
1.3847,0.70414
1.3847,1.8137
1.3847,2.0715
1.3847,1.2112
1.3847,0.93663
1.3847,1.7037
3.7011,2.946
3.7011,4.1807
3.7011,3.547
3.7011,3.8428
3.7011,4.6399
3.7011,3.4933
3.7011,3.2468
3.7011,3.0074
3.7011,2.9771
3.7011,3.1353
3.7011,3.5381
3.7011,4.1638
3.7011,4.2933
3.7011,3.3855
4.6666,5.0577
1.0666,1.3371
1.0666,1.7102
1.0666,1.4276
1.0666,1.9125
1.0666,1.5913
1.0666,0.93663
1.0666,0.35563
1.0666,1.4347
1.0666,1.7037
1.0666,0.46148
1.0666,0.90116
-8.7305,-8.477
-8.7305,-9.0576
-8.7305,-9.5493
-8.7305,-9.4486
6.6836,7.348
6.6836,6.9334
6.6836,6.3009
6.6836,7.3121
6.6836,6.1779
6.6836,6.1955
6.6836,6.754
3.5381,3.547
3.5381,3.4049
3.5381,2.9557
3.5381,3.2468
3.5381,3.0074
3.5381,2.9771
3.5381,3.9077
3.5381,3.7011
3.5381,4.1638
2.47,2.7501
2.47,1.8637
2.47,2.9557
2.47,2.5586
2.47,1.9255
2.47,3.0074
2.47,2.9771
2.47,2.4661
2.47,2.294
2.47,2.2046
7.0918,7.5429
7.0918,6.4041
7.0918,7.7668
7.0918,7.3121
7.0918,6.8231
7.0918,6.754
7.0918,7.3151
-5.5547,-5.2114
-5.5547,-4.9745
-5.5547,-6.0942
-5.5547,-6.0656
-9.4486,-9.9618
-9.4486,-8.477
-9.4486,-9.0576
-9.4486,-9.5493
-9.4486,-8.7305
2.294,2.946
2.294,1.4276
2.294,2.5122
2.294,2.0979
2.294,1.8637
2.294,1.5913
2.294,2.5586
2.294,1.9255
2.294,2.1775
2.294,3.2468
2.294,3.0074
2.294,2.9771
2.294,2.62
2.294,2.4661
2.294,2.47
-4.3629,-3.9803
-4.3629,-3.4345
-4.3629,-4.5562
-4.3629,-5.2203
1.0338,1.4348
1.0338,1.581
1.0338,1.2365
1.0338,1.9255
3.987,3.5197
3.987,3.396
3.987,3.8826
3.987,4.4667
3.987,2.9811
3.987,3.9743
3.987,3.4816
3.987,4.3551
3.987,3.3855
3.987,4.6257
-5.7912,-4.88
-5.7912,-5.6064
-5.7912,-5.282
-5.7912,-4.8799
-5.7912,-6.0836
-4.5562,-5.0155
-4.5562,-4.3714
-4.5562,-3.9803
-4.5562,-4.3921
-4.5562,-3.8668
-4.5562,-4.3629
-4.5562,-5.2203
4.1638,4.1807
4.1638,3.547
4.1638,4.7867
4.1638,4.6399
4.1638,3.9077
4.1638,3.7011
4.1638,3.5381
8.9241,8.4636
8.9241,8.3607
8.9241,8.1601
8.9241,9.0871
8.9241,9.1295
-6.0656,-6.7916
-6.0656,-6.6435
-6.0656,-6.0942
-6.0656,-5.5547
-6.0656,-6.1383
5.0864,4.4667
5.0864,5.1516
5.0864,4.3551
5.0864,4.6257
-5.2267,-5.4176
-5.2267,-4.5619
-5.2267,-4.7987
-5.2267,-6.0836
0.90116,1.7102
0.90116,1.4276
0.90116,1.5913
0.90116,1.2365
0.90116,0.93663
0.90116,0.35563
0.90116,1.4347
0.90116,0.46148
0.90116,0.80648
0.90116,1.0666
-7.2572,-6.7916
-7.2572,-6.6435
-7.2572,-7.3412
-7.2572,-7.7556
-7.2572,-7.1162
-7.2572,-7.8838
-7.2572,-7.1765
-7.8838,-8.1323
-7.8838,-8.477
-7.8838,-7.7575
-7.8838,-7.3412
-7.8838,-8.753
-7.8838,-8.3106
-7.8838,-7.7556
-7.8838,-7.2572
-6.0836,-5.4176
-6.0836,-5.7912
-6.0836,-5.2267
4.2933,4.1807
4.2933,3.5197
4.2933,3.8428
4.2933,4.6399
4.2933,3.4933
4.2933,4.4667
4.2933,3.9743
4.2933,5.1516
4.2933,4.8075
4.2933,3.7011
4.2933,3.3855
-3.5997,-3.0929
-3.5997,-4.3714
-3.5997,-3.8759
-3.5997,-3.9803
-3.5997,-3.3247
-3.5997,-4.3921
-3.5997,-2.7363
-3.5997,-3.9665
-3.5997,-3.8668
-3.5997,-3.298
-6.8912,-6.6214
-6.8912,-7.5116
6.8231,6.4041
6.8231,5.8984
6.8231,7.0918
6.8231,7.3151
3.3855,2.946
3.3855,3.5197
3.3855,3.8428
3.3855,2.5122
3.3855,3.4933
3.3855,2.9811
3.3855,2.6716
3.3855,3.2468
3.3855,3.9743
3.3855,3.4816
3.3855,2.62
3.3855,3.1353
3.3855,3.7011
3.3855,3.987
3.3855,4.2933
3.3855,3.0801
3.0801,2.946
3.0801,3.5197
3.0801,3.8428
3.0801,2.5122
3.0801,3.4933
3.0801,3.396
3.0801,2.9811
3.0801,2.6716
3.0801,2.3173
3.0801,3.9743
3.0801,2.2759
3.0801,3.4816
3.0801,2.62
3.0801,2.655
3.0801,3.1353
3.0801,2.5259
3.0801,3.3855
-7.1765,-6.6214
-7.1765,-6.6435
-7.1765,-7.3212
-7.1765,-7.7556
-7.1765,-7.2572
6.754,7.348
6.754,7.5429
6.754,6.4041
6.754,7.3121
6.754,6.1779
6.754,6.1955
6.754,6.6836
6.754,7.0918
-2.9591,-3.7807
-2.9591,-2.2319
-2.9591,-2.893
-2.9591,-3.4588
-5.2203,-5.0155
-5.2203,-5.7818
-5.2203,-4.3629
-5.2203,-4.5562
-7.7488,-8.3138
-7.7488,-7.3212
-7.7488,-8.2169
3.4422,2.8516
3.4422,3.396
3.4422,3.8826
3.4422,3.239
3.4422,3.0996
2.2046,2.3373
2.2046,2.7501
2.2046,2.9557
2.2046,1.4348
2.2046,1.581
2.2046,1.9255
2.2046,2.4661
2.2046,2.47
5.7665,5.1321
5.7665,6.4041
5.7665,6.1955
5.7665,5.8984
5.7665,5.5816
-6.1383,-6.6214
-6.1383,-5.5076
-6.1383,-6.6435
-6.1383,-6.0326
-6.1383,-6.0656
4.6257,3.8826
4.6257,4.4667
4.6257,3.9743
4.6257,5.1516
4.6257,4.3551
4.6257,3.987
4.6257,5.0864
7.3151,7.5429
7.3151,7.7668
7.3151,8.0995
7.3151,7.0918
7.3151,6.8231
-9.9618,-10
9.9214,10
-9.5493,-10
9.9214,10
-9.4486,-10
9.9214,10
