-2.3692,-1.6145
-2.3692,-2.4238
-2.3692,-3.0575
-2.3692,-2.3762
-2.3692,-2.9602
-5.905,-6.5813
-5.905,-6.0904
-5.905,-6.2881
-5.905,-5.3998
-5.905,-5.5952
-5.905,-5.1654
-4.7587,-5.2153
-4.7587,-5.42
-4.7587,-5.3367
-4.7587,-4.6156
-4.7587,-4.1463
-4.7587,-4.4945
-4.3982,-3.6666
-4.3982,-4.941
-4.3982,-3.8494
-4.3982,-4.599
-1.6589,-1.6717
-1.6589,-2.259
-1.6589,-1.0363
-1.6589,-2.1698
-1.6589,-2.1108
-1.6589,-1.6626
-3.3997,-2.8907
-3.3997,-3.8576
-3.3997,-2.7204
-3.3997,-2.7044
-3.3997,-3.3438
-3.3997,-3.8871
-3.3997,-3.278
-3.8198,-3.9969
-3.8198,-3.3435
-3.8198,-4.5302
-3.8198,-3.3438
-3.8198,-4.3664
-3.8198,-3.8871
-5.2153,-4.7587
-5.2153,-5.42
-5.2153,-4.9974
-5.2153,-5.9378
-5.2153,-5.5926
-5.2153,-4.6156
4.1091,4.88
4.1091,3.9938
4.1091,4.0121
4.1091,4.6222
4.1091,4.7466
-1.6145,-2.3692
-1.6145,-1.311
4.88,4.1091
4.88,4.6222
4.88,5.5035
4.88,5.3853
4.88,4.7466
4.88,5.1656
-5.42,-4.7587
-5.42,-5.2153
-5.42,-5.3367
-5.42,-5.9378
-5.42,-6.4015
-5.42,-4.4945
-4.148,-3.6888
-4.148,-3.7077
-4.148,-3.3066
-4.148,-3.8494
-4.148,-4.599
-4.148,-4.352
-4.148,-4.7972
5.6889,6.2407
5.6889,5.5732
5.6889,4.9786
5.6889,6.1301
4.0787,3.4584
4.0787,4.4479
4.0787,3.2496
4.0787,3.478
4.0787,4.3517
4.0787,3.7549
4.912,4.1534
4.912,4.6883
4.912,5.2023
4.912,5.5732
4.912,4.9786
-2.4238,-2.3692
-2.4238,-3.2958
-3.0575,-2.3692
-3.0575,-2.3762
-3.0575,-3.3084
-3.0575,-3.8964
-3.0575,-2.9602
-3.0575,-2.7931
-2.1822,-2.8907
-2.1822,-2.7204
-2.1822,-1.6824
-2.1822,-2.7044
-2.1822,-2.2168
-2.1822,-2.1698
-2.1822,-1.6626
3.4584,4.0787
3.4584,2.6679
3.4584,4.4479
3.4584,3.2496
3.4584,3.0353
3.4584,3.478
3.4584,2.8767
3.4584,3.7549
-3.0763,-3.227
-3.0763,-3.6888
-3.0763,-3.7077
-3.0763,-3.3066
-3.0763,-2.7785
-3.6666,-4.3982
-3.6666,-3.3066
-3.6666,-3.8494
2.6679,3.4584
2.6679,3.2496
2.6679,3.0353
2.6679,2.6702
2.6679,3.478
2.6679,2.8767
2.6679,2.3131
2.6679,2.0982
2.6679,2.4409
2.3955,1.6655
2.3955,2.5196
2.3955,1.6167
2.3955,2.9696
2.3955,2.5643
2.3955,3.1778
2.3955,2.9257
2.3955,2.2459
0.19595,0.15757
0.19595,0.75163
0.19595,1.04
0.19595,-0.43549
2.7684,2.0965
2.7684,2.6972
-6.5813,-5.905
-6.5813,-6.0904
-6.5813,-6.2881
-6.5813,-6.7971
-6.5813,-6.9351
2.0162,2.0965
2.0162,1.598
2.0162,2.3481
2.0162,2.6972
2.0162,1.1352
2.0162,1.7202
2.0162,1.366
5.2945,5.0033
5.2945,4.7569
5.2945,4.6501
-4.5052,-3.8576
-4.5052,-4.4808
-4.5052,-5.1202
-4.5052,-4.5302
-4.5052,-4.3664
-4.5052,-3.8871
-4.5052,-5.2365
1.6655,2.3955
1.6655,2.5196
1.6655,1.6167
1.6655,1.5359
1.6655,2.2459
3.9938,4.1091
3.9938,4.7466
2.0965,2.7684
2.0965,2.0162
2.0965,1.598
2.0965,2.6972
2.0965,1.366
3.4226,3.2496
3.4226,2.6665
3.4226,3.0353
3.4226,2.6702
3.4226,3.5478
3.4226,4.1652
3.4226,3.5351
3.4226,3.1778
3.4226,4.0806
3.4226,2.9257
3.4226,3.7549
-2.8907,-3.3997
-2.8907,-2.1822
-2.8907,-2.7204
-2.8907,-2.7999
-2.8907,-2.7044
-2.8907,-2.2168
-2.8907,-2.1698
-2.8907,-3.3438
-2.8907,-3.278
-4.0704,-3.3238
-4.0704,-3.8444
5.9466,6.4091
5.9466,5.5035
5.9466,5.2023
5.9466,6.0116
5.9466,5.5732
5.9466,5.1656
5.9466,5.9811
5.9466,6.2626
5.9466,5.6753
-3.8576,-3.3997
-3.8576,-4.5052
-3.8576,-4.4808
-3.8576,-3.8444
-3.8576,-4.3664
-3.8576,-3.8871
-3.8576,-3.278
-0.14593,-0.22122
-0.14593,0.65088
-1.3378,-0.9329
-1.6717,-1.6589
-1.6717,-1.311
-1.6717,-2.3762
-1.6717,-2.259
-1.6717,-2.1108
4.4479,4.0787
4.4479,3.4584
4.4479,4.3517
-4.4808,-4.5052
-4.4808,-3.8576
-4.4808,-5.1202
-4.4808,-3.8444
4.0121,4.1091
4.0121,4.6222
4.0121,4.1534
4.0121,4.6883
6.2407,5.6889
6.2407,6.1301
4.6222,4.1091
4.6222,4.88
4.6222,4.0121
4.6222,4.6883
4.6222,5.5035
4.6222,5.2023
4.6222,5.1656
3.2496,4.0787
3.2496,3.4584
3.2496,2.6679
3.2496,3.4226
3.2496,3.0353
3.2496,2.6702
3.2496,3.478
3.2496,2.8767
3.2496,2.4409
3.2496,3.7549
-5.3367,-4.7587
-5.3367,-5.42
-5.3367,-4.4945
-6.0904,-5.905
-6.0904,-6.5813
-6.0904,-5.3998
-6.0904,-5.5926
-6.0904,-6.7971
3.1484,2.6972
3.1484,3.0175
-3.2958,-2.4238
-3.2958,-2.9602
-4.9974,-5.2153
-4.9974,-5.3998
-4.9974,-5.5926
-4.9974,-4.6156
-4.9974,-4.352
-4.9974,-4.7972
-1.311,-1.6145
-1.311,-1.6717
-1.311,-2.1108
2.6665,3.4226
2.6665,2.5196
2.6665,2.1952
2.6665,3.0353
2.6665,2.6702
2.6665,3.5478
2.6665,3.1778
2.6665,2.9257
2.6665,2.2459
2.6665,2.4409
2.6665,1.7842
2.5196,2.3955
2.5196,1.6655
2.5196,2.6665
2.5196,2.1952
2.5196,2.9696
2.5196,2.6702
2.5196,2.5643
2.5196,3.1778
2.5196,2.9257
2.5196,2.2459
5.1861,4.7569
6.4091,5.9466
6.4091,6.7632
6.4091,6.0116
6.4091,7.0821
6.4091,5.9811
6.4091,6.2626
6.4091,6.8785
6.4091,5.6753
-5.9378,-5.2153
-5.9378,-5.42
-5.9378,-5.5926
-5.9378,-6.4015
-2.7204,-3.3997
-2.7204,-2.1822
-2.7204,-2.8907
-2.7204,-2.259
-2.7204,-2.7999
-2.7204,-2.7044
-2.7204,-3.3435
-2.7204,-2.1698
-2.7204,-3.3438
-2.3762,-2.3692
-2.3762,-3.0575
-2.3762,-1.6717
-2.3762,-2.259
-2.3762,-3.3084
-2.3762,-2.9602
-2.3762,-2.7931
-2.3762,-2.1108
6.0679,6.4189
6.0679,6.7632
6.0679,5.5035
6.0679,5.3853
6.0679,5.9811
6.0679,6.2626
-6.2881,-5.905
-6.2881,-6.5813
-6.2881,-5.5952
-6.2881,-6.9351
4.1534,4.912
4.1534,4.0121
4.1534,4.6883
4.1534,4.9786
-3.227,-3.0763
-3.227,-3.5367
-3.227,-2.8365
-3.227,-3.7077
-3.227,-3.9806
1.598,2.0162
1.598,2.0965
1.598,0.75163
1.598,1.1352
1.598,1.04
1.598,1.366
-5.1202,-4.5052
-5.1202,-4.4808
-5.1202,-5.2365
1.7841,2.4905
1.7841,2.3481
1.7841,0.89849
1.7841,1.7202
1.7841,1.2033
1.7841,1.8037
0.15757,0.19595
0.15757,0.75163
0.15757,1.1352
0.15757,-0.17656
0.15757,0.66433
0.15757,-0.43549
0.15757,0.46272
-5.3998,-5.905
-5.3998,-6.0904
-5.3998,-4.9974
-5.3998,-5.5926
-5.3998,-5.1654
-5.3998,-4.7972
2.1952,2.6665
2.1952,2.5196
2.1952,1.5359
2.1952,3.0353
2.1952,2.6702
2.1952,1.359
2.1952,2.9257
2.1952,2.2459
2.1952,2.4409
2.1952,1.7842
1.6167,2.3955
1.6167,1.6655
1.6167,2.5643
-1.5041,-1.6824
-1.5041,-2.2168
-1.5041,-0.68272
-1.5041,-2.199
-3.5367,-3.227
-3.5367,-2.8365
-3.5367,-3.7077
-3.5367,-3.9806
-3.5367,-3.5585
-3.5367,-4.1463
-3.6888,-4.148
-3.6888,-3.0763
-3.6888,-3.7077
-3.6888,-3.3066
-3.6888,-3.8494
-3.6888,-4.352
6.4189,6.0679
6.4189,5.6234
-3.9969,-3.8198
-3.9969,-3.3084
-3.9969,-3.8964
-3.9969,-3.3435
-3.9969,-4.5302
-3.9969,-4.8402
-2.7019,-2.7044
-2.7019,-2.2168
-2.7019,-3.3238
-2.7019,-2.199
-2.7019,-3.278
-2.7019,-2.9174
6.7632,6.4091
6.7632,6.0679
6.7632,7.2714
6.7632,7.0821
6.7632,5.9811
6.7632,6.2626
4.6883,4.912
4.6883,4.0121
4.6883,4.6222
4.6883,4.1534
4.6883,5.2023
4.6883,5.1656
4.6883,5.6753
-0.22122,-0.14593
-0.22122,0.7465
-0.22122,-0.17656
-0.22122,0.46272
-2.259,-1.6589
-2.259,-1.6717
-2.259,-2.7204
-2.259,-2.3762
-2.259,-2.7999
-2.259,-2.1698
-2.259,-2.7931
-2.259,-2.1108
7.2714,6.7632
7.2714,7.0821
7.2714,7.7739
0.7465,-0.22122
0.7465,0.89849
0.7465,1.1352
0.7465,1.2033
0.7465,0.66433
0.7465,0.65088
0.7465,0.46272
0.75163,0.19595
0.75163,1.598
0.75163,0.15757
0.75163,1.1352
0.75163,1.04
0.75163,1.366
0.75163,0.66433
2.4905,1.7841
2.4905,2.3481
2.4905,3.0175
2.4905,1.8037
-4.941,-4.3982
-4.941,-5.5952
-4.941,-4.599
-4.941,-5.1654
-4.941,-5.4375
-1.6824,-2.1822
-1.6824,-1.5041
-1.6824,-1.0064
-1.6824,-2.2168
-1.6824,-1.6626
2.3481,2.0162
2.3481,1.7841
2.3481,2.4905
2.3481,2.6972
2.3481,1.7202
2.3481,3.0175
-2.8365,-3.227
-2.8365,-3.5367
-2.8365,-3.5585
5.0033,5.2945
5.0033,4.6501
5.0033,4.3517
5.5035,4.88
5.5035,5.9466
5.5035,4.6222
5.5035,6.0679
5.5035,5.3853
5.5035,5.1656
5.5035,5.9811
5.5035,6.2626
5.5035,5.6753
-3.7077,-4.148
-3.7077,-3.0763
-3.7077,-3.227
-3.7077,-3.5367
-3.7077,-3.6888
-3.7077,-4.352
-3.7077,-3.9806
0.89849,1.7841
0.89849,0.7465
0.89849,1.2033
0.89849,1.8037
0.89849,0.65088
0.89849,0.46272
1.5359,1.6655
1.5359,2.1952
1.5359,1.359
1.5359,0.67809
1.5359,2.2459
1.5359,1.7842
-3.3084,-3.0575
-3.3084,-2.3762
-3.3084,-3.9969
-3.3084,-3.8964
-3.3084,-2.9602
-3.3084,-3.3435
-3.3084,-2.7931
4.5849,4.9786
-3.8964,-3.0575
-3.8964,-3.9969
-3.8964,-3.3084
3.0353,3.4584
3.0353,2.6679
3.0353,3.4226
3.0353,3.2496
3.0353,2.6665
3.0353,2.1952
3.0353,2.6702
3.0353,3.5478
3.0353,2.9257
3.0353,2.4409
3.0353,3.7549
-2.9602,-2.3692
-2.9602,-3.0575
-2.9602,-3.2958
-2.9602,-2.3762
-2.9602,-3.3084
2.6972,2.7684
2.6972,2.0162
2.6972,2.0965
2.6972,3.1484
2.6972,2.3481
2.6972,3.0175
5.2023,4.912
5.2023,5.9466
5.2023,4.6222
5.2023,4.6883
5.2023,6.0116
5.2023,5.5732
5.2023,5.1656
5.2023,5.6753
2.9696,2.3955
2.9696,2.5196
2.9696,3.8006
2.9696,3.5351
2.9696,2.5643
2.9696,3.1366
2.9696,3.1778
2.9696,2.9257
1.1352,2.0162
1.1352,1.598
1.1352,0.15757
1.1352,0.7465
1.1352,0.75163
1.1352,1.7202
1.1352,1.2033
1.1352,1.366
1.1352,0.66433
1.1352,0.46272
4.7569,5.2945
4.7569,5.1861
4.7569,3.8006
4.7569,4.1652
4.7569,4.6501
4.7569,4.1184
0.58916,1.359
5.3853,4.88
5.3853,6.0679
5.3853,5.5035
5.3853,4.7466
5.3853,5.6234
4.7466,4.1091
4.7466,4.88
4.7466,3.9938
4.7466,5.3853
2.6702,2.6679
2.6702,3.4226
2.6702,3.2496
2.6702,2.6665
2.6702,2.5196
2.6702,2.1952
2.6702,3.0353
2.6702,2.9257
2.6702,2.2459
2.6702,2.4409
2.6702,1.7842
3.5478,3.4226
3.5478,2.6665
3.5478,3.0353
3.5478,4.1652
3.5478,3.5351
3.5478,3.1778
3.5478,4.0806
3.5478,2.9257
3.5478,3.7549
-2.7999,-2.8907
-2.7999,-2.7204
-2.7999,-2.259
-2.7999,-3.3435
-2.7999,-2.1698
-2.7999,-2.7931
-2.7999,-3.3438
-3.3066,-4.148
-3.3066,-3.0763
-3.3066,-3.6666
-3.3066,-3.6888
-3.3066,-3.8494
-3.3066,-2.7785
-2.7044,-3.3997
-2.7044,-2.1822
-2.7044,-2.8907
-2.7044,-2.7204
-2.7044,-2.7019
-2.7044,-2.2168
-2.7044,-3.278
3.478,4.0787
3.478,3.4584
3.478,2.6679
3.478,3.2496
3.478,2.8767
-5.5926,-5.2153
-5.5926,-6.0904
-5.5926,-4.9974
-5.5926,-5.9378
-5.5926,-5.3998
1.359,2.1952
1.359,1.5359
1.359,0.58916
1.359,1.5173
1.359,1.7842
1.7202,2.0162
1.7202,1.7841
1.7202,2.3481
1.7202,1.1352
1.7202,1.2033
1.7202,1.366
-1.0064,-1.6824
-1.0064,-1.0363
-1.0064,-1.6626
6.0116,5.9466
6.0116,6.4091
6.0116,5.2023
6.0116,5.5732
6.0116,5.9811
6.0116,6.8785
6.0116,5.6753
6.0116,6.1301
3.8006,2.9696
3.8006,4.7569
3.8006,4.1652
3.8006,3.5351
3.8006,4.1184
3.8006,3.1778
-2.2168,-2.1822
-2.2168,-2.8907
-2.2168,-1.5041
-2.2168,-2.7019
-2.2168,-1.6824
-2.2168,-2.7044
-2.2168,-2.199
4.1652,3.4226
4.1652,4.7569
4.1652,3.5478
4.1652,3.8006
4.1652,4.6501
4.1652,3.5351
4.1652,4.0806
-4.6156,-4.7587
-4.6156,-5.2153
-4.6156,-4.9974
-4.6156,-4.352
-4.6156,-3.9806
-4.6156,-4.1463
1.04,0.19595
1.04,1.598
1.04,0.75163
1.04,1.366
-3.3435,-3.8198
-3.3435,-2.7204
-3.3435,-3.9969
-3.3435,-3.3084
-3.3435,-2.7999
-3.3435,-2.7931
-3.3435,-3.3438
6.8173,7.4158
6.8173,6.8785
6.8173,6.1301
0.67809,1.5359
5.6234,6.4189
5.6234,5.3853
-4.5302,-3.8198
-4.5302,-4.5052
-4.5302,-3.9969
-4.5302,-4.8402
-4.5302,-4.3664
-4.5302,-3.8871
-3.3238,-4.0704
-3.3238,-2.7019
-3.3238,-3.8444
-3.3238,-3.278
-3.3238,-2.9174
2.8767,3.4584
2.8767,2.6679
2.8767,3.2496
2.8767,3.478
2.8767,2.3131
2.8767,2.0982
-0.68272,-1.5041
-5.5952,-5.905
-5.5952,-6.2881
-5.5952,-4.941
-5.5952,-5.1654
-5.5952,-5.4375
4.6501,5.2945
4.6501,5.0033
4.6501,4.7569
4.6501,4.1652
4.6501,4.3517
4.6501,4.0806
3.5351,3.4226
3.5351,2.9696
3.5351,3.5478
3.5351,3.8006
3.5351,4.1652
3.5351,3.1778
3.5351,4.0806
3.5351,2.9257
-3.8444,-4.0704
-3.8444,-3.8576
-3.8444,-4.4808
-3.8444,-3.3238
-3.8444,-3.278
4.1184,4.7569
4.1184,3.8006
5.5732,5.6889
5.5732,4.912
5.5732,5.9466
5.5732,5.2023
5.5732,6.0116
5.5732,4.9786
5.5732,5.6753
5.5732,6.1301
-1.0363,-1.6589
-1.0363,-1.0064
-1.0363,-1.6626
1.2033,1.7841
1.2033,0.7465
1.2033,0.89849
1.2033,1.1352
1.2033,1.7202
1.2033,1.366
1.2033,0.66433
1.2033,0.46272
1.366,2.0162
1.366,2.0965
1.366,1.598
1.366,0.75163
1.366,1.1352
1.366,1.7202
1.366,1.04
1.366,1.2033
1.366,0.66433
3.0175,3.1484
3.0175,2.4905
3.0175,2.3481
3.0175,2.6972
2.5643,2.3955
2.5643,2.5196
2.5643,1.6167
2.5643,2.9696
2.5643,3.1366
2.5643,3.1778
2.3131,2.6679
2.3131,2.8767
2.3131,2.0982
2.3131,1.5173
-2.1698,-1.6589
-2.1698,-2.1822
-2.1698,-2.8907
-2.1698,-2.7204
-2.1698,-2.259
-2.1698,-2.7999
-2.1698,-1.6626
-2.7931,-3.0575
-2.7931,-2.3762
-2.7931,-2.259
-2.7931,-3.3084
-2.7931,-2.7999
-2.7931,-3.3435
-2.7931,-2.1108
-3.8494,-4.3982
-3.8494,-4.148
-3.8494,-3.6666
-3.8494,-3.6888
-3.8494,-3.3066
-3.8494,-4.599
-4.599,-4.3982
-4.599,-4.148
-4.599,-4.941
-4.599,-3.8494
-4.599,-5.1654
-4.599,-4.7972
4.9786,5.6889
4.9786,4.912
4.9786,4.1534
4.9786,4.5849
4.9786,5.5732
-5.5649,-5.2365
-0.17656,0.15757
-0.17656,-0.22122
-0.17656,0.66433
-0.17656,-0.43549
-0.17656,0.46272
-0.17656,-0.9329
7.0821,6.4091
7.0821,6.7632
7.0821,7.2714
7.0821,6.2626
7.0821,6.8785
7.0821,7.7739
-4.352,-4.148
-4.352,-4.9974
-4.352,-3.6888
-4.352,-3.7077
-4.352,-4.6156
-4.352,-3.9806
-4.352,-4.7972
-3.9806,-3.227
-3.9806,-3.5367
-3.9806,-3.7077
-3.9806,-4.6156
-3.9806,-4.352
-3.9806,-4.1463
-5.1654,-5.905
-5.1654,-5.3998
-5.1654,-4.941
-5.1654,-5.5952
-5.1654,-4.599
-5.1654,-4.7972
3.1366,2.9696
3.1366,2.5643
1.8037,1.7841
1.8037,2.4905
1.8037,0.89849
-6.7971,-6.5813
-6.7971,-6.0904
-3.3438,-3.3997
-3.3438,-3.8198
-3.3438,-2.8907
-3.3438,-2.7204
-3.3438,-2.7999
-3.3438,-3.3435
-3.3438,-3.8871
7.4158,6.8173
7.4158,6.8785
-2.1108,-1.6589
-2.1108,-1.6717
-2.1108,-1.311
-2.1108,-2.3762
-2.1108,-2.259
-2.1108,-2.7931
2.0982,2.6679
2.0982,2.8767
2.0982,2.3131
2.0982,1.5173
2.0982,2.4409
2.0982,1.7842
5.1656,4.88
5.1656,5.9466
5.1656,4.6222
5.1656,4.6883
5.1656,5.5035
5.1656,5.2023
5.1656,5.9811
5.1656,5.6753
-4.8402,-3.9969
-4.8402,-4.5302
0.66433,0.15757
0.66433,0.7465
0.66433,0.75163
0.66433,1.1352
0.66433,1.2033
0.66433,1.366
0.66433,-0.17656
0.66433,0.46272
5.9811,5.9466
5.9811,6.4091
5.9811,6.0679
5.9811,6.7632
5.9811,5.5035
5.9811,6.0116
5.9811,5.1656
5.9811,6.2626
5.9811,5.6753
4.3517,4.0787
4.3517,4.4479
4.3517,5.0033
4.3517,4.6501
4.3517,4.0806
4.3517,3.7549
3.1778,2.3955
3.1778,3.4226
3.1778,2.6665
3.1778,2.5196
3.1778,2.9696
3.1778,3.5478
3.1778,3.8006
3.1778,3.5351
3.1778,2.5643
3.1778,2.9257
-4.3664,-3.8198
-4.3664,-4.5052
-4.3664,-3.8576
-4.3664,-4.5302
-4.3664,-3.8871
-4.3664,-5.2365
-3.5585,-3.5367
-3.5585,-2.8365
-3.5585,-4.1463
-3.5585,-4.4945
0.65088,-0.14593
0.65088,0.7465
0.65088,0.89849
-2.199,-1.5041
-2.199,-2.7019
-2.199,-2.2168
-2.199,-2.9174
-6.9351,-6.5813
-6.9351,-6.2881
-4.1463,-4.7587
-4.1463,-3.5367
-4.1463,-4.6156
-4.1463,-3.9806
-4.1463,-3.5585
-4.1463,-4.4945
-3.8871,-3.3997
-3.8871,-3.8198
-3.8871,-4.5052
-3.8871,-3.8576
-3.8871,-4.5302
-3.8871,-3.3438
-3.8871,-4.3664
6.2626,5.9466
6.2626,6.4091
6.2626,6.0679
6.2626,6.7632
6.2626,5.5035
6.2626,7.0821
6.2626,5.9811
6.2626,5.6753
4.0806,3.4226
4.0806,3.5478
4.0806,4.1652
4.0806,4.6501
4.0806,3.5351
4.0806,4.3517
4.0806,3.7549
-0.43549,0.19595
-0.43549,0.15757
-0.43549,-0.17656
-0.43549,-0.9329
-0.43549,-0.95336
-6.4015,-5.42
-6.4015,-5.9378
0.46272,0.15757
0.46272,-0.22122
0.46272,0.7465
0.46272,0.89849
0.46272,1.1352
0.46272,1.2033
0.46272,-0.17656
0.46272,0.66433
2.9257,2.3955
2.9257,3.4226
2.9257,2.6665
2.9257,2.5196
2.9257,2.1952
2.9257,3.0353
2.9257,2.9696
2.9257,2.6702
2.9257,3.5478
2.9257,3.5351
2.9257,3.1778
2.9257,2.2459
2.2459,2.3955
2.2459,1.6655
2.2459,2.6665
2.2459,2.5196
2.2459,2.1952
2.2459,1.5359
2.2459,2.6702
2.2459,2.9257
2.2459,1.7842
-2.7785,-3.0763
-2.7785,-3.3066
-3.278,-3.3997
-3.278,-2.8907
-3.278,-3.8576
-3.278,-2.7019
-3.278,-2.7044
-3.278,-3.3238
-3.278,-3.8444
-4.7972,-4.148
-4.7972,-4.9974
-4.7972,-5.3998
-4.7972,-4.599
-4.7972,-4.352
-4.7972,-5.1654
1.5173,1.359
1.5173,2.3131
1.5173,2.0982
6.8785,6.4091
6.8785,6.0116
6.8785,6.8173
6.8785,7.0821
6.8785,7.4158
-0.9329,-1.3378
-0.9329,-0.17656
-0.9329,-0.43549
-1.6626,-1.6589
-1.6626,-2.1822
-1.6626,-1.6824
-1.6626,-1.0064
-1.6626,-1.0363
-1.6626,-2.1698
2.4409,2.6679
2.4409,3.2496
2.4409,2.6665
2.4409,2.1952
2.4409,3.0353
2.4409,2.6702
2.4409,2.0982
2.4409,1.7842
5.6753,5.9466
5.6753,6.4091
5.6753,4.6883
5.6753,5.5035
5.6753,5.2023
5.6753,6.0116
5.6753,5.5732
5.6753,5.1656
5.6753,5.9811
5.6753,6.2626
-5.4375,-4.941
-5.4375,-5.5952
-4.4945,-4.7587
-4.4945,-5.42
-4.4945,-5.3367
-4.4945,-3.5585
-4.4945,-4.1463
1.7842,2.6665
1.7842,2.1952
1.7842,1.5359
1.7842,2.6702
1.7842,1.359
1.7842,2.0982
1.7842,2.2459
1.7842,2.4409
-0.95336,-0.43549
-5.2365,-4.5052
-5.2365,-5.1202
-5.2365,-5.5649
-5.2365,-4.3664
6.1301,5.6889
6.1301,6.2407
6.1301,6.0116
6.1301,6.8173
6.1301,5.5732
3.7549,4.0787
3.7549,3.4584
3.7549,3.4226
3.7549,3.2496
3.7549,3.0353
3.7549,3.5478
3.7549,4.3517
3.7549,4.0806
-2.9174,-2.7019
-2.9174,-3.3238
-2.9174,-2.199
7.7739,7.2714
7.7739,7.0821
