2.1174,1.4787
2.1174,2.7124
2.1174,1.9732
2.1174,1.885
2.1174,1.7876
2.1174,1.2945
2.1174,2.276
2.1174,2.588
2.1174,1.7077
2.1174,1.5009
2.1174,2.8072
2.1174,2.4697
-3.0592,-3.6269
-3.0592,-2.5489
-3.0592,-3.1035
-3.0592,-3.6877
-3.0592,-2.5487
-3.0592,-3.3953
-4.757,-4.3622
-4.757,-5.0753
-4.757,-3.8433
-4.757,-5.7094
-4.757,-4.0599
-4.757,-4.4618
-4.757,-5.1926
-1.528,-1.3118
-1.528,-0.93137
-1.528,-2.0941
-1.528,-2.0311
-1.528,-2.2703
2.3926,2.0925
2.3926,3.1471
2.3926,1.7808
2.3926,2.7124
2.3926,3.1033
2.3926,2.2868
2.3926,1.885
2.3926,1.7876
2.3926,2.6834
2.3926,2.276
2.3926,2.8174
2.3926,2.8072
3.8216,3.5337
3.8216,4.2696
3.8216,3.1033
3.8216,3.9019
3.8216,3.1887
3.8216,3.7377
3.8216,4.325
3.1483,2.6859
3.1483,2.6834
3.1483,2.5915
3.1483,3.6806
3.1483,3.1887
3.1483,3.7377
-4.3622,-4.757
-4.3622,-5.0753
-4.3622,-3.8433
-4.3622,-4.2499
-4.3622,-3.6877
-4.3622,-4.0599
-4.3622,-4.6882
6.2871,6.2359
6.2871,5.7221
6.2871,7.029
6.2871,5.9528
2.0925,2.3926
2.0925,1.4787
2.0925,1.7808
2.0925,1.4049
2.0925,1.1798
2.0925,2.2868
2.0925,1.885
2.0925,1.7876
2.0925,2.6834
2.0925,2.276
2.0925,2.8174
2.0925,2.8072
6.2359,6.2871
6.2359,5.7221
6.2359,6.1484
6.2359,6.7319
6.2359,7.029
6.2359,5.537
-5.0753,-4.757
-5.0753,-4.3622
-5.0753,-5.853
-5.0753,-5.7094
-5.0753,-4.6882
-5.0753,-5.4844
-2.81,-2.8416
-2.81,-3.3172
-2.81,-2.0311
-2.81,-2.2703
-2.81,-3.6467
-2.81,-2.7212
-2.81,-3.1436
4.1251,4.7747
4.1251,4.4524
4.1251,3.8892
4.1251,4.8168
-4.8865,-5.4414
-4.8865,-5.2535
-4.8865,-4.6773
-4.8865,-4.9203
4.5081,4.4528
4.5081,5.1228
4.5081,5.0068
4.5081,4.4524
4.5081,3.8892
1.1094,1.4787
1.1094,1.7808
1.1094,1.4049
1.1094,1.1798
1.1094,0.47465
1.1094,0.60479
1.1094,1.885
1.1094,0.51009
1.1094,1.7876
1.1094,0.93383
1.1094,1.2945
1.1094,0.94691
1.1094,0.85303
1.1094,1.5009
3.1471,2.3926
3.1471,3.3939
3.1471,3.5337
3.1471,2.7124
3.1471,3.1033
3.1471,3.2383
3.1471,3.9019
3.1471,3.8493
3.1471,2.276
3.1471,2.8174
3.1471,2.8072
3.3939,3.1471
3.3939,3.5337
3.3939,2.7124
3.3939,3.1033
3.3939,4.3598
3.3939,3.2383
3.3939,3.9019
3.3939,3.8493
3.3939,2.8174
3.3939,2.8072
-5.4414,-4.8865
-5.4414,-5.2535
-5.4414,-5.8493
-5.4414,-6.0952
-5.4414,-5.7865
-5.4414,-4.9203
-5.4414,-5.9308
-5.4414,-5.8776
-2.8416,-2.81
-2.8416,-3.6931
-2.8416,-3.3172
-2.8416,-3.4775
-2.8416,-2.0311
-1.3118,-1.528
-1.3118,-0.93137
-1.3118,-2.0941
-1.3118,-1.8896
-5.2535,-4.8865
-5.2535,-5.4414
-5.2535,-5.651
-5.2535,-5.8493
-5.2535,-4.6773
-5.2535,-5.8776
-6.3104,-5.651
-6.3104,-7.0803
-6.3104,-6.4609
-6.3104,-6.9536
-6.3104,-5.8776
0.28971,0.66737
0.28971,0.60479
0.28971,0.51009
0.28971,0.94691
0.28971,-0.23197
0.28971,0.92845
3.466,3.8892
-4.9102,-4.2499
-4.9102,-4.3391
-4.9102,-4.6882
-4.9102,-5.4844
1.4787,2.1174
1.4787,2.0925
1.4787,1.1094
1.4787,1.7808
1.4787,1.4049
1.4787,1.1798
1.4787,0.47465
1.4787,0.60479
1.4787,1.885
1.4787,1.7876
1.4787,0.93383
1.4787,1.2945
1.4787,2.276
1.4787,0.85303
1.4787,1.5009
-6.6752,-5.7721
-6.6752,-7.5895
-6.6752,-6.9131
-6.6752,-6.4051
4.2846,4.2696
4.2846,4.8386
4.2846,3.6806
4.2846,3.7377
4.2846,4.695
-5.651,-5.2535
-5.651,-6.3104
-5.651,-5.8493
-5.651,-6.4609
-5.651,-5.8776
6.556,7.1066
6.556,7.44
6.556,6.7546
6.556,6.1484
6.556,6.7319
6.556,6.2397
6.556,6.1541
6.556,5.6965
2.9264,2.5827
2.9264,2.7124
2.9264,2.1326
2.9264,3.2383
2.9264,3.018
2.9264,3.5852
2.9264,2.588
2.9264,3.6136
2.9264,2.4697
-7.0732,-6.7486
-7.0732,-7.8717
-7.0732,-8.0171
-7.0732,-7.4724
-7.0732,-6.9131
-7.0732,-7.3449
-7.0732,-7.4995
-7.0732,-6.4051
-7.0732,-6.3289
-7.0732,-6.7351
-7.0732,-6.8388
3.5337,3.8216
3.5337,3.1471
3.5337,3.3939
3.5337,4.2696
3.5337,3.1033
3.5337,2.6834
3.5337,3.9019
3.5337,2.8174
3.5337,3.1887
3.5337,4.325
5.3993,4.8386
5.3993,5.6506
5.3993,4.8617
5.006,4.7747
4.2696,3.8216
4.2696,4.2846
4.2696,3.5337
4.2696,4.8386
4.2696,4.8617
4.2696,3.7377
4.2696,4.325
-0.052683,-0.42078
-0.052683,0.47465
-0.052683,0.60479
-0.052683,0.51009
-0.052683,-0.23197
-0.052683,-0.66426
-0.052683,0.28531
2.5827,2.9264
2.5827,2.1326
2.5827,2.4697
1.7808,2.3926
1.7808,2.0925
1.7808,1.1094
1.7808,1.4787
1.7808,1.4049
1.7808,1.4201
1.7808,1.1798
1.7808,2.2868
1.7808,1.7876
1.7808,2.6834
1.7808,0.94691
1.7808,2.0134
-5.2191,-5.7865
-5.2191,-4.9203
-5.2191,-5.8681
4.8386,4.2846
4.8386,5.3993
4.8386,4.2696
4.8386,4.8617
4.8386,4.695
5.2773,5.7221
5.2773,4.4528
5.2773,5.1228
5.2773,5.9528
7.5022,7.1066
7.5022,7.44
7.5022,6.7546
7.5022,8.1808
5.7221,6.2871
5.7221,6.2359
5.7221,5.2773
5.7221,5.1228
5.7221,6.1484
5.7221,5.537
-5.8493,-5.4414
-5.8493,-5.2535
-5.8493,-5.651
-5.8493,-6.0952
-5.8493,-6.4609
-5.8493,-5.9308
-5.8493,-5.8776
-5.8493,-6.3533
-5.853,-5.0753
-5.853,-5.7094
-5.853,-5.4844
-3.6269,-3.0592
-3.6269,-4.2499
-3.6269,-3.6877
1.4049,2.0925
1.4049,1.1094
1.4049,1.4787
1.4049,1.7808
1.4049,1.4201
1.4049,1.1798
1.4049,2.2868
1.4049,0.60479
1.4049,0.51009
1.4049,1.7876
1.4049,0.94691
1.4049,2.0134
1.4049,0.92845
0.66737,0.28971
0.66737,1.4201
0.66737,1.485
0.66737,0.94691
0.66737,1.2836
0.66737,0.92845
-3.8433,-4.757
-3.8433,-4.3622
-3.8433,-4.2499
-3.8433,-3.1035
-3.8433,-3.6877
-3.8433,-4.0599
-3.8433,-3.3953
-3.8433,-3.6467
-3.8433,-3.1436
2.7124,2.1174
2.7124,2.3926
2.7124,3.1471
2.7124,3.3939
2.7124,2.9264
2.7124,1.9732
2.7124,3.2383
2.7124,1.885
2.7124,3.018
2.7124,2.276
2.7124,2.588
2.7124,2.8174
2.7124,2.8072
2.7124,2.4697
-8.9178,-9.0189
-8.9178,-9.4213
-8.9178,-8.4767
-9.0189,-8.9178
-9.0189,-8.4356
-9.0189,-9.4213
-9.0189,-8.4767
-6.7486,-7.0732
-6.7486,-6.0952
-6.7486,-7.4724
-6.7486,-6.9131
-6.7486,-7.4995
-6.7486,-6.4051
-6.7486,-6.3289
-6.7486,-6.7351
-6.7486,-5.8681
5.4706,5.1909
5.4706,4.7747
5.4706,6.2397
5.4706,6.1541
5.4706,5.7692
5.4706,5.6965
5.4706,4.8168
-4.2499,-4.3622
-4.2499,-4.9102
-4.2499,-3.6269
-4.2499,-3.8433
-4.2499,-3.6877
-4.2499,-4.6882
3.1033,2.3926
3.1033,3.8216
3.1033,3.1471
3.1033,3.3939
3.1033,3.5337
3.1033,2.2868
3.1033,2.6834
3.1033,3.9019
3.1033,2.8174
3.1033,3.1887
3.1033,2.8072
1.4201,1.7808
1.4201,1.4049
1.4201,0.66737
1.4201,1.1798
1.4201,2.2868
1.4201,1.485
1.4201,0.94691
1.4201,2.0134
1.4201,0.92845
7.1066,6.556
7.1066,7.5022
7.1066,7.44
7.1066,6.7546
7.1066,6.7319
7.1066,6.1541
-2.5489,-3.0592
-2.5489,-2.5487
-2.5489,-1.8896
4.4528,4.5081
4.4528,5.2773
4.4528,5.1228
-5.7094,-4.757
-5.7094,-5.0753
-5.7094,-5.853
-5.7094,-5.1926
1.1798,2.0925
1.1798,1.1094
1.1798,1.4787
1.1798,1.7808
1.1798,1.4049
1.1798,1.4201
1.1798,0.47465
1.1798,0.60479
1.1798,0.51009
1.1798,1.7876
1.1798,0.93383
1.1798,0.94691
5.5933,4.911
5.5933,5.036
1.9732,2.1174
1.9732,2.7124
1.9732,2.1326
1.9732,1.885
1.9732,1.2945
1.9732,2.276
1.9732,1.1338
1.9732,2.588
1.9732,1.7077
1.9732,1.5009
1.9732,2.4697
-0.42078,-0.052683
-0.42078,-0.66426
-0.42078,0.28531
-3.1035,-3.0592
-3.1035,-3.8433
-3.1035,-3.6877
-3.1035,-2.5487
-3.1035,-3.3953
-3.1035,-2.7212
-3.1035,-3.1436
-7.0803,-6.3104
-7.0803,-6.4609
-7.0803,-7.7285
-7.0803,-6.9536
-7.8674,-7.5895
-7.8674,-8.6138
-7.8674,-8.0171
-7.8674,-7.4724
-7.8674,-6.9131
-7.8674,-7.4995
3.8252,3.2383
3.8252,3.018
3.8252,3.8493
3.8252,4.466
3.8252,3.6136
-3.9983,-3.6931
-3.9983,-3.3172
-3.9983,-4.0599
-3.9983,-3.6467
-3.9983,-4.5625
-3.9983,-4.4618
-1.1418,-0.93137
-1.1418,-2.0311
7.44,6.556
7.44,7.5022
7.44,7.1066
7.44,6.7319
7.44,7.029
7.44,8.0743
7.44,8.1808
2.6859,3.1483
2.6859,1.9817
2.6859,2.5915
2.6859,3.6806
2.6859,3.4894
4.3598,3.3939
4.3598,3.9019
4.3598,3.8493
4.3598,4.911
4.3598,4.466
4.3598,4.325
4.3598,5.036
6.7546,6.556
6.7546,7.5022
6.7546,7.1066
6.7546,6.2397
6.7546,6.1541
6.7546,6.765
5.1228,4.5081
5.1228,5.2773
5.1228,5.7221
5.1228,4.4528
5.1228,5.0068
5.1228,5.537
0.47465,1.1094
0.47465,1.4787
0.47465,-0.052683
0.47465,1.1798
0.47465,0.60479
0.47465,0.51009
0.47465,0.93383
0.47465,0.85303
0.47465,0.28531
2.2868,2.3926
2.2868,2.0925
2.2868,1.7808
2.2868,1.4049
2.2868,3.1033
2.2868,1.4201
2.2868,1.7876
2.2868,2.6834
2.2868,2.5915
2.2868,2.8174
2.2868,2.0134
6.1878,6.2397
6.1878,5.7692
6.1878,6.765
-0.93137,-1.528
-0.93137,-1.3118
-0.93137,-1.1418
0.60479,1.1094
0.60479,0.28971
0.60479,1.4787
0.60479,-0.052683
0.60479,1.4049
0.60479,1.1798
0.60479,0.47465
0.60479,0.51009
0.60479,0.93383
0.60479,0.94691
0.60479,-0.23197
0.60479,0.28531
2.1326,2.9264
2.1326,2.5827
2.1326,1.9732
2.1326,1.7077
2.1326,1.412
2.1326,2.4697
-2.0941,-1.528
-2.0941,-1.3118
-2.0941,-2.5487
-2.0941,-2.2703
-2.0941,-2.7212
-2.0941,-1.8896
3.2383,3.1471
3.2383,3.3939
3.2383,2.9264
3.2383,2.7124
3.2383,3.8252
3.2383,3.018
3.2383,3.8493
3.2383,2.588
3.2383,3.6136
3.2383,2.8072
1.885,2.1174
1.885,2.3926
1.885,2.0925
1.885,1.1094
1.885,1.4787
1.885,2.7124
1.885,1.9732
1.885,1.7876
1.885,0.93383
1.885,1.2945
1.885,2.276
1.885,2.588
1.885,1.5009
1.885,2.8072
-3.6931,-2.8416
-3.6931,-3.9983
-3.6931,-3.3172
-3.6931,-3.4775
-3.6931,-4.5625
-5.7721,-6.6752
-5.7721,-6.4051
-5.7721,-5.8681
6.1484,6.2359
6.1484,6.556
6.1484,5.7221
6.1484,6.7319
6.1484,5.537
6.1484,6.1541
6.1484,5.6965
-3.3172,-2.81
-3.3172,-2.8416
-3.3172,-3.9983
-3.3172,-3.6931
-3.3172,-3.6467
-3.3172,-3.1436
0.34771,1.1338
0.34771,0.85303
0.34771,0.28531
-8.4356,-9.0189
-8.4356,-8.0389
-8.4356,-7.8717
-8.4356,-8.6138
-8.4356,-8.0171
-8.4356,-7.4995
-8.4356,-8.4767
1.9817,2.6859
1.9817,1.485
1.9817,2.5915
1.9817,2.0134
1.9817,1.2836
1.485,0.66737
1.485,1.4201
1.485,1.9817
1.485,2.0134
1.485,1.2836
1.485,0.92845
-6.0952,-5.4414
-6.0952,-5.8493
-6.0952,-6.7486
-6.0952,-5.7865
-6.0952,-5.9308
-6.0952,-6.3289
-6.0952,-6.7351
-6.0952,-6.3533
-6.0952,-6.8388
-6.0952,-5.8681
0.51009,1.1094
0.51009,0.28971
0.51009,-0.052683
0.51009,1.4049
0.51009,1.1798
0.51009,0.47465
0.51009,0.60479
0.51009,0.94691
0.51009,-0.23197
0.51009,0.92845
1.7876,2.1174
1.7876,2.3926
1.7876,2.0925
1.7876,1.1094
1.7876,1.4787
1.7876,1.7808
1.7876,1.4049
1.7876,1.1798
1.7876,2.2868
1.7876,1.885
1.7876,2.276
1.7876,1.5009
5.0068,4.5081
5.0068,5.1228
5.0068,5.1909
5.0068,4.4524
5.0068,5.537
5.0068,5.6965
5.0068,4.8168
-8.0389,-8.4356
-8.0389,-7.8717
-8.0389,-7.7475
-8.0389,-8.0171
-8.0389,-7.3449
-8.0389,-8.4767
0.93383,1.1094
0.93383,1.4787
0.93383,1.1798
0.93383,0.47465
0.93383,0.60479
0.93383,1.885
0.93383,1.2945
0.93383,0.85303
0.93383,0.28531
0.93383,1.5009
-7.5895,-6.6752
-7.5895,-7.8674
-7.5895,-7.4724
-7.5895,-6.9131
-6.4609,-6.3104
-6.4609,-5.651
-6.4609,-5.8493
-6.4609,-7.0803
-6.4609,-6.9536
-6.4609,-7.1302
-6.4609,-5.8776
-6.4609,-6.3533
-6.4609,-6.8388
6.7319,6.2359
6.7319,6.556
6.7319,7.1066
6.7319,7.44
6.7319,6.1484
6.7319,7.029
6.7319,6.1541
7.029,6.2871
7.029,6.2359
7.029,7.44
7.029,6.7319
-7.8717,-7.0732
-7.8717,-8.4356
-7.8717,-8.0389
-7.8717,-7.7475
-7.8717,-8.0171
-7.8717,-7.3449
-7.8717,-7.4995
-7.8717,-8.4767
-8.6138,-7.8674
-8.6138,-8.4356
-8.6138,-8.0171
2.6834,2.3926
2.6834,3.1483
2.6834,2.0925
2.6834,3.5337
2.6834,1.7808
2.6834,3.1033
2.6834,2.2868
2.6834,2.5915
2.6834,2.8174
2.6834,2.0134
2.6834,3.1887
-3.4775,-2.8416
-3.4775,-3.6931
3.9019,3.8216
3.9019,3.1471
3.9019,3.3939
3.9019,3.5337
3.9019,3.1033
3.9019,4.3598
3.9019,3.8493
3.9019,4.325
-4.6773,-4.8865
-4.6773,-5.2535
-3.6877,-3.0592
-3.6877,-4.3622
-3.6877,-3.6269
-3.6877,-3.8433
-3.6877,-4.2499
-3.6877,-3.1035
-3.6877,-3.3953
-7.7475,-8.0389
-7.7475,-7.8717
-7.7475,-7.3449
-7.7475,-7.7285
-7.7475,-8.4767
-7.7475,-7.1302
-7.7475,-6.8388
1.2945,2.1174
1.2945,1.1094
1.2945,1.4787
1.2945,1.9732
1.2945,1.885
1.2945,0.93383
1.2945,1.1338
1.2945,0.85303
1.2945,1.7077
1.2945,1.5009
3.018,2.9264
3.018,2.7124
3.018,3.8252
3.018,3.2383
3.018,3.5852
3.018,2.588
3.018,3.6136
3.018,2.4697
5.1909,5.4706
5.1909,5.0068
5.1909,4.4524
5.1909,5.537
5.1909,6.1541
5.1909,5.6965
5.1909,4.8168
-8.0171,-7.0732
-8.0171,-7.8674
-8.0171,-8.4356
-8.0171,-8.0389
-8.0171,-7.8717
-8.0171,-8.6138
-8.0171,-7.4724
-8.0171,-7.3449
-8.0171,-7.4995
3.8493,3.1471
3.8493,3.3939
3.8493,3.8252
3.8493,4.3598
3.8493,3.2383
3.8493,3.9019
3.8493,4.466
-7.4724,-7.0732
-7.4724,-6.7486
-7.4724,-7.8674
-7.4724,-7.5895
-7.4724,-8.0171
-7.4724,-6.9131
-7.4724,-7.4995
-4.0599,-4.757
-4.0599,-4.3622
-4.0599,-3.8433
-4.0599,-3.9983
-4.0599,-3.3953
-4.0599,-3.6467
-4.0599,-4.4618
-4.0599,-3.1436
0.94691,1.1094
0.94691,0.28971
0.94691,1.7808
0.94691,1.4049
0.94691,0.66737
0.94691,1.4201
0.94691,1.1798
0.94691,0.60479
0.94691,0.51009
0.94691,0.92845
2.5915,3.1483
2.5915,2.6859
2.5915,2.2868
2.5915,1.9817
2.5915,2.6834
2.5915,2.0134
2.5915,3.1887
4.7747,4.1251
4.7747,5.006
4.7747,5.4706
4.7747,5.7692
4.7747,4.8168
-5.7865,-5.4414
-5.7865,-5.2191
-5.7865,-6.0952
-5.7865,-4.9203
-5.7865,-5.9308
-5.7865,-6.3289
-5.7865,-5.8681
3.5852,2.9264
3.5852,3.018
3.5852,3.6136
8.0743,7.44
8.0743,8.1808
3.6806,3.1483
3.6806,4.2846
3.6806,2.6859
3.6806,3.4894
3.6806,3.7377
4.911,5.5933
4.911,4.3598
4.911,5.6506
4.911,4.8617
4.911,4.325
4.911,5.036
-4.9203,-4.8865
-4.9203,-5.4414
-4.9203,-5.2191
-4.9203,-5.7865
5.6506,5.3993
5.6506,4.911
5.6506,4.8617
-2.5487,-3.0592
-2.5487,-2.5489
-2.5487,-3.1035
-2.5487,-2.0941
-2.5487,-3.3953
-2.5487,-2.7212
-2.5487,-1.8896
-6.9131,-6.6752
-6.9131,-7.0732
-6.9131,-6.7486
-6.9131,-7.8674
-6.9131,-7.5895
-6.9131,-7.4724
-6.9131,-7.4995
-6.9131,-6.4051
-6.9131,-6.3289
-7.3449,-7.0732
-7.3449,-8.0389
-7.3449,-7.8717
-7.3449,-7.7475
-7.3449,-8.0171
-7.3449,-7.4995
-7.3449,-6.7351
-7.3449,-7.1302
-7.3449,-6.8388
4.8617,5.3993
4.8617,4.2696
4.8617,4.8386
4.8617,4.911
4.8617,5.6506
4.8617,4.325
-7.7285,-7.0803
-7.7285,-7.7475
-7.7285,-6.9536
-7.7285,-7.1302
4.4524,4.1251
4.4524,4.5081
4.4524,5.0068
4.4524,5.1909
4.4524,3.8892
4.4524,4.8168
2.276,2.1174
2.276,2.3926
2.276,2.0925
2.276,3.1471
2.276,1.4787
2.276,2.7124
2.276,1.9732
2.276,1.885
2.276,1.7876
2.276,2.588
2.276,2.8174
2.276,1.5009
2.276,2.8072
1.1338,1.9732
1.1338,0.34771
1.1338,1.2945
1.1338,0.85303
1.1338,1.7077
1.1338,1.412
1.1338,1.5009
0.85303,1.1094
0.85303,1.4787
0.85303,0.47465
0.85303,0.34771
0.85303,0.93383
0.85303,1.2945
0.85303,1.1338
0.85303,0.28531
0.85303,1.5009
2.588,2.1174
2.588,2.9264
2.588,2.7124
2.588,1.9732
2.588,3.2383
2.588,1.885
2.588,3.018
2.588,2.276
2.588,2.8072
2.588,2.4697
-6.9536,-6.3104
-6.9536,-7.0803
-6.9536,-6.4609
-6.9536,-7.7285
-6.9536,-7.1302
-6.9536,-6.3533
-6.9536,-6.8388
-5.9308,-5.4414
-5.9308,-5.8493
-5.9308,-6.0952
-5.9308,-5.7865
-5.9308,-6.3289
-5.9308,-6.7351
-5.9308,-5.8776
-5.9308,-6.3533
-5.9308,-6.8388
2.8174,2.3926
2.8174,2.0925
2.8174,3.1471
2.8174,3.3939
2.8174,3.5337
2.8174,2.7124
2.8174,3.1033
2.8174,2.2868
2.8174,2.6834
2.8174,2.276
2.8174,2.8072
2.0134,1.7808
2.0134,1.4049
2.0134,1.4201
2.0134,2.2868
2.0134,1.9817
2.0134,1.485
2.0134,2.6834
2.0134,2.5915
-2.0311,-1.528
-2.0311,-2.81
-2.0311,-2.8416
-2.0311,-1.1418
-2.0311,-2.2703
-2.2703,-1.528
-2.2703,-2.81
-2.2703,-2.0941
-2.2703,-2.0311
-2.2703,-2.7212
-2.2703,-3.1436
3.8892,4.1251
3.8892,4.5081
3.8892,3.466
3.8892,4.4524
1.2836,0.66737
1.2836,1.9817
1.2836,1.485
1.7077,2.1174
1.7077,1.9732
1.7077,2.1326
1.7077,1.2945
1.7077,1.1338
1.7077,1.412
1.7077,2.4697
6.2397,6.556
6.2397,5.4706
6.2397,6.7546
6.2397,6.1878
6.2397,6.1541
6.2397,5.7692
6.2397,5.6965
6.2397,6.765
-3.3953,-3.0592
-3.3953,-3.8433
-3.3953,-3.1035
-3.3953,-3.6877
-3.3953,-4.0599
-3.3953,-2.5487
-3.3953,-3.6467
-3.3953,-2.7212
-3.3953,-3.1436
-3.6467,-2.81
-3.6467,-3.8433
-3.6467,-3.9983
-3.6467,-3.3172
-3.6467,-4.0599
-3.6467,-3.3953
-3.6467,-4.4618
-3.6467,-3.1436
-2.7212,-2.81
-2.7212,-3.1035
-2.7212,-2.0941
-2.7212,-2.5487
-2.7212,-2.2703
-2.7212,-3.3953
-2.7212,-3.1436
-9.4213,-8.9178
-9.4213,-9.0189
-9.4213,-8.4767
1.412,2.1326
1.412,1.1338
1.412,1.7077
-4.3391,-4.9102
3.1887,3.8216
3.1887,3.1483
3.1887,3.5337
3.1887,3.1033
3.1887,2.6834
3.1887,2.5915
3.1887,3.7377
5.9528,6.2871
5.9528,5.2773
-0.23197,0.28971
-0.23197,-0.052683
-0.23197,0.60479
-0.23197,0.51009
-0.23197,-0.66426
-7.4995,-7.0732
-7.4995,-6.7486
-7.4995,-7.8674
-7.4995,-8.4356
-7.4995,-7.8717
-7.4995,-8.0171
-7.4995,-7.4724
-7.4995,-6.9131
-7.4995,-7.3449
-7.4995,-6.7351
5.537,6.2359
5.537,5.7221
5.537,5.1228
5.537,6.1484
5.537,5.0068
5.537,5.1909
5.537,5.6965
3.4894,2.6859
3.4894,3.6806
0.92845,0.28971
0.92845,1.4049
0.92845,0.66737
0.92845,1.4201
0.92845,1.485
0.92845,0.51009
0.92845,0.94691
6.1541,6.556
6.1541,5.4706
6.1541,7.1066
6.1541,6.7546
6.1541,6.1484
6.1541,6.7319
6.1541,5.1909
6.1541,6.2397
6.1541,5.7692
6.1541,5.6965
-6.4051,-6.6752
-6.4051,-7.0732
-6.4051,-6.7486
-6.4051,-5.7721
-6.4051,-6.9131
-6.4051,-6.3289
-6.4051,-5.8681
-8.4767,-8.9178
-8.4767,-9.0189
-8.4767,-8.4356
-8.4767,-8.0389
-8.4767,-7.8717
-8.4767,-7.7475
-8.4767,-9.4213
4.4716,4.695
-4.5625,-3.9983
-4.5625,-3.6931
-4.5625,-4.4618
-4.5625,-5.3387
-4.5625,-5.1926
-0.66426,-0.052683
-0.66426,-0.42078
-0.66426,-0.23197
4.466,3.8252
4.466,4.3598
4.466,3.8493
4.466,5.036
-4.6882,-4.3622
-4.6882,-5.0753
-4.6882,-4.9102
-4.6882,-4.2499
-4.6882,-5.4844
-4.4618,-4.757
-4.4618,-3.9983
-4.4618,-4.0599
-4.4618,-3.6467
-4.4618,-4.5625
-4.4618,-5.1926
3.7377,3.8216
3.7377,3.1483
3.7377,4.2846
3.7377,4.2696
3.7377,3.6806
3.7377,3.1887
8.1808,7.5022
8.1808,7.44
8.1808,8.0743
-6.3289,-7.0732
-6.3289,-6.7486
-6.3289,-6.0952
-6.3289,-5.7865
-6.3289,-6.9131
-6.3289,-5.9308
-6.3289,-6.4051
-6.3289,-6.7351
-6.3289,-5.8681
3.6136,2.9264
3.6136,3.8252
3.6136,3.2383
3.6136,3.018
3.6136,3.5852
-5.4844,-5.0753
-5.4844,-4.9102
-5.4844,-5.853
-5.4844,-4.6882
0.28531,-0.052683
0.28531,-0.42078
0.28531,0.47465
0.28531,0.60479
0.28531,0.34771
0.28531,0.93383
0.28531,0.85303
-6.7351,-7.0732
-6.7351,-6.7486
-6.7351,-6.0952
-6.7351,-7.3449
-6.7351,-5.9308
-6.7351,-7.4995
-6.7351,-6.3289
-6.7351,-7.1302
-6.7351,-6.3533
-6.7351,-6.8388
-7.1302,-6.4609
-7.1302,-7.7475
-7.1302,-7.3449
-7.1302,-7.7285
-7.1302,-6.9536
-7.1302,-6.7351
-7.1302,-6.3533
-7.1302,-6.8388
-5.3387,-4.5625
-5.3387,-5.1926
4.325,3.8216
4.325,3.5337
4.325,4.2696
4.325,4.3598
4.325,3.9019
4.325,4.911
4.325,4.8617
-3.1436,-2.81
-3.1436,-3.8433
-3.1436,-3.1035
-3.1436,-3.3172
-3.1436,-4.0599
-3.1436,-2.2703
-3.1436,-3.3953
-3.1436,-3.6467
-3.1436,-2.7212
-5.8776,-5.4414
-5.8776,-5.2535
-5.8776,-6.3104
-5.8776,-5.651
-5.8776,-5.8493
-5.8776,-6.4609
-5.8776,-5.9308
-5.8776,-6.3533
5.7692,5.4706
5.7692,6.1878
5.7692,4.7747
5.7692,6.2397
5.7692,6.1541
5.7692,6.765
1.5009,2.1174
1.5009,1.1094
1.5009,1.4787
1.5009,1.9732
1.5009,1.885
1.5009,1.7876
1.5009,0.93383
1.5009,1.2945
1.5009,2.276
1.5009,1.1338
1.5009,0.85303
2.8072,2.1174
2.8072,2.3926
2.8072,2.0925
2.8072,3.1471
2.8072,3.3939
2.8072,2.7124
2.8072,3.1033
2.8072,3.2383
2.8072,1.885
2.8072,2.276
2.8072,2.588
2.8072,2.8174
-6.3533,-5.8493
-6.3533,-6.0952
-6.3533,-6.4609
-6.3533,-6.9536
-6.3533,-5.9308
-6.3533,-6.7351
-6.3533,-7.1302
-6.3533,-5.8776
-6.3533,-6.8388
5.6965,6.556
5.6965,5.4706
5.6965,6.1484
5.6965,5.0068
5.6965,5.1909
5.6965,6.2397
5.6965,5.537
5.6965,6.1541
-1.8896,-1.3118
-1.8896,-2.5489
-1.8896,-2.0941
-1.8896,-2.5487
-5.1926,-4.757
-5.1926,-5.7094
-5.1926,-4.5625
-5.1926,-4.4618
-5.1926,-5.3387
-6.8388,-7.0732
-6.8388,-6.0952
-6.8388,-6.4609
-6.8388,-7.7475
-6.8388,-7.3449
-6.8388,-6.9536
-6.8388,-5.9308
-6.8388,-6.7351
-6.8388,-7.1302
-6.8388,-6.3533
2.4697,2.1174
2.4697,2.9264
2.4697,2.5827
2.4697,2.7124
2.4697,1.9732
2.4697,2.1326
2.4697,3.018
2.4697,2.588
2.4697,1.7077
4.695,4.2846
4.695,4.8386
4.695,4.4716
4.8168,4.1251
4.8168,5.4706
4.8168,5.0068
4.8168,5.1909
4.8168,4.7747
4.8168,4.4524
-5.8681,-5.2191
-5.8681,-6.7486
-5.8681,-5.7721
-5.8681,-6.0952
-5.8681,-5.7865
-5.8681,-6.4051
-5.8681,-6.3289
5.036,5.5933
5.036,4.3598
5.036,4.911
5.036,4.466
6.765,6.7546
6.765,6.1878
6.765,6.2397
6.765,5.7692
