-1.4834,-1.3092
-1.4834,-2.2864
-7.3132,-6.3858
-7.3132,-7.0717
-7.3132,-6.4706
-6.0213,-6.1722
-6.0213,-5.242
-6.0213,-6.9579
-5.2758,-5.7813
-5.2758,-6.1124
-5.2758,-6.0364
1.2937,0.96487
1.2937,1.9247
1.2937,1.3119
-4.6843,-5.5612
-4.6843,-4.4194
-4.6843,-4.1009
-4.6843,-4.8145
-4.6843,-4.6105
-4.6843,-4.9809
-4.6843,-3.7409
-5.5064,-5.5612
-5.5064,-5.4403
-5.5064,-4.8145
-5.5064,-6.3713
-5.5064,-5.273
-5.5064,-5.9984
-5.5064,-4.6105
-5.5064,-5.2235
-5.5064,-4.9809
-5.3027,-6.1167
-5.3027,-5.242
5.2424,5.4003
-3.5522,-4.3224
-3.5522,-3.527
-3.5522,-4.4194
-3.5522,-3.0763
-3.5522,-3.7409
5.8493,5.0019
5.8493,5.4003
5.8493,6.2665
5.8493,5.2569
5.8493,5.8939
5.8493,5.8798
5.8493,5.5625
5.8493,6.2878
-6.1722,-6.0213
-6.4648,-5.7813
-6.4648,-6.1124
-6.4648,-6.0278
-6.4648,-6.8489
-6.4648,-5.5286
-6.4648,-5.854
-6.4648,-6.5455
6.9566,6.5227
6.9566,7.3901
4.5415,5.3782
4.5415,5.0133
4.5415,4.4772
4.5415,5.139
5.0019,5.8493
5.0019,4.7397
5.0019,5.4003
5.0019,5.2569
5.0019,5.8939
5.0019,4.1804
5.0019,5.5625
-5.5612,-4.6843
-5.5612,-5.5064
-5.5612,-5.3951
-5.5612,-5.4403
-5.5612,-4.8145
-5.5612,-5.273
-5.5612,-5.9984
-5.5612,-4.9809
7.7404,7.0012
-4.3224,-3.5522
-4.3224,-3.527
-4.3224,-4.4194
-4.3224,-4.3723
-4.3224,-4.8145
-4.3224,-5.273
-4.3224,-4.6105
6.253,5.8877
6.253,5.7091
6.253,5.7557
6.253,6.5524
6.253,6.101
6.253,6.979
6.253,7.0293
6.253,6.3658
-2.1735,-1.44
-2.1735,-1.4508
-5.7813,-5.2758
-5.7813,-6.4648
-5.7813,-6.1124
-5.7813,-4.9452
-5.7813,-5.5286
-5.7813,-5.854
-5.7813,-6.5455
0.43806,0.49037
0.43806,-0.28826
0.43806,-0.30887
0.43806,1.3327
0.43806,0.31722
0.49037,0.43806
0.49037,1.3919
0.49037,-0.28826
0.49037,0.2673
0.49037,-0.39407
1.887,1.4678
1.887,2.4908
1.887,1.4518
1.887,2.8109
1.887,2.1031
5.3782,4.5415
5.3782,5.2433
5.3782,5.8877
5.3782,5.0133
5.3782,5.7091
5.3782,6.234
5.3782,5.7574
5.3782,4.9372
5.3782,5.139
-6.3858,-7.3132
-6.3858,-6.0278
-6.3858,-5.3845
-6.3858,-7.0717
-6.3858,-6.4706
-6.3858,-5.854
-6.3858,-6.5455
1.8576,1.4678
1.8576,2.4908
1.8576,0.96487
1.8576,1.9247
7.4787,7.4133
7.4787,7.4642
7.4787,6.6377
-5.3951,-5.5612
-5.3951,-5.9984
-5.3951,-4.9809
-1.44,-2.1735
-1.44,-1.9102
-1.44,-1.0378
-1.44,-1.4508
-1.44,-0.82638
4.6025,5.113
4.6025,5.2569
4.6025,3.791
4.6025,4.1804
4.6025,5.5625
6.5423,6.7841
6.5423,7.0012
6.5423,6.101
5.2433,5.3782
5.2433,5.8877
5.2433,5.3757
5.2433,5.0133
5.2433,5.7091
5.2433,5.7557
5.2433,4.869
5.2433,4.4772
-3.4935,-3.9704
-0.986,-1.3092
-0.986,-0.37533
-0.986,-1.8112
-0.986,-0.44556
-0.986,-1.1214
-0.986,-0.95872
2.2746,2.1031
2.2746,1.3612
-4.5169,-3.9704
1.4678,1.887
1.4678,1.8576
1.4678,1.4518
1.4678,0.67089
-0.69741,-0.97356
-0.69741,-0.098541
-0.69741,0.2673
-0.69741,-0.15996
-0.69741,-0.37198
-0.69741,-1.1112
-0.69741,-0.39407
-0.69741,-1.105
-3.527,-3.5522
-3.527,-4.3224
-3.527,-4.3723
5.8877,6.253
5.8877,5.3782
5.8877,5.2433
5.8877,5.0133
5.8877,5.7091
5.8877,5.7557
5.8877,6.5524
5.8877,6.101
5.8877,6.3658
-6.8101,-6.8716
-6.8101,-7.7515
4.7397,5.0019
4.7397,5.4003
4.7397,5.2569
4.7397,4.1804
7.1451,7.0012
7.1451,6.5227
7.1451,7.3901
5.4003,5.2424
5.4003,5.8493
5.4003,5.0019
5.4003,4.7397
5.4003,5.8939
5.4003,6.2878
2.5606,3.2411
2.5606,2.7791
2.5606,2.5184
2.5606,1.9649
-6.1167,-5.3027
-7.7724,-6.8425
5.9369,6.5227
-1.3092,-1.4834
-1.3092,-0.986
-1.3092,-2.0735
-1.3092,-2.2864
-1.3092,-0.47763
-1.3092,-1.8112
-1.3092,-0.44556
-1.3092,-0.95872
-6.1124,-5.2758
-6.1124,-6.4648
-6.1124,-5.7813
-6.1124,-6.0364
-6.1124,-6.8489
-6.1124,-6.8425
0.32365,-0.44556
0.32365,0.14612
1.9262,2.7791
1.9262,1.9649
1.9262,1.054
5.3757,5.2433
5.3757,5.0397
5.3757,5.7557
5.3757,6.101
5.3757,5.8861
5.3757,4.869
5.0133,4.5415
5.0133,5.3782
5.0133,5.2433
5.0133,5.8877
5.0133,5.7091
5.0133,5.7574
5.0133,4.869
5.0133,4.4772
6.7841,6.5423
-6.856,-6.0364
-4.4194,-4.6843
-4.4194,-3.5522
-4.4194,-4.3224
-4.4194,-4.3723
-4.4194,-4.8145
-4.4194,-5.273
-4.4194,-4.6105
-4.4194,-4.9809
-4.4194,-3.7409
-5.894,-6.3274
-5.894,-5.4403
-5.894,-5.2235
6.2665,5.8493
6.2665,5.8939
6.2665,5.8798
6.2665,6.3991
6.2665,6.9855
6.2665,5.5625
-5.4168,-6.0278
-5.4168,-5.9687
-5.4168,-5.3845
-5.4168,-4.8818
-0.13535,0.58315
-0.13535,-0.47763
-0.13535,-0.44556
-5.0522,-5.242
2.4908,1.887
2.4908,1.8576
2.4908,2.8109
0.15322,-0.29024
0.15322,0.81916
0.15322,-0.098541
0.15322,-0.15996
0.15322,-0.37198
0.15322,0.49643
0.15322,0.58413
0.58315,-0.13535
0.58315,0.24739
-7.7277,-7.0717
-7.7277,-6.8489
1.3919,0.49037
3.2411,2.5606
3.2411,2.7791
-0.37533,-0.986
-0.37533,-0.44556
-0.37533,-1.1214
-0.37533,-0.3752
-0.37533,0.14612
-1.9102,-1.44
-6.0278,-6.4648
-6.0278,-6.3858
-6.0278,-5.4168
-6.0278,-5.3845
-6.0278,-6.4706
-6.0278,-5.5286
-6.0278,-5.854
-6.0278,-6.5455
6.6318,7.4133
6.6318,6.6377
-5.9687,-5.4168
-5.9687,-6.4706
-2.0732,-2.0735
-2.0732,-1.8112
-2.0732,-2.5297
5.113,4.6025
5.113,5.2569
5.113,5.8798
5.113,5.5625
5.2569,5.8493
5.2569,5.0019
5.2569,4.6025
5.2569,4.7397
5.2569,5.113
5.2569,5.8798
5.2569,5.5625
1.4518,1.887
1.4518,1.4678
1.4518,2.1031
1.4518,1.1187
1.4518,1.3612
1.4518,0.53432
-4.3723,-4.3224
-4.3723,-3.527
-4.3723,-4.4194
-4.3723,-5.273
-4.3723,-4.6105
-4.3723,-4.6648
-4.3723,-5.2235
5.8939,5.8493
5.8939,5.0019
5.8939,5.4003
5.8939,6.2665
5.8939,6.7962
5.8939,6.2878
-0.29024,0.15322
-0.29024,-0.098541
-0.29024,-0.37198
-0.29024,0.49643
-0.29024,-1.105
0.96487,1.2937
0.96487,1.8576
0.96487,0.67089
-5.3845,-6.3858
-5.3845,-5.4168
-5.3845,-6.0278
-5.3845,-5.5286
-5.3845,-5.854
-5.3845,-4.8818
-2.0735,-1.3092
-2.0735,-2.0732
-2.0735,-2.2864
-2.0735,-3.0116
-2.0735,-1.8112
0.81916,0.15322
0.81916,-0.098541
0.81916,0.49643
0.81916,0.58413
-0.97356,-0.69741
-0.97356,-1.6377
-0.97356,-0.098541
-0.97356,-0.15996
-0.97356,-0.37198
-0.97356,-1.1112
-0.97356,-1.8442
-0.97356,-1.105
6.3291,6.5524
6.3291,6.101
6.3291,5.8861
5.8798,5.8493
5.8798,6.2665
5.8798,5.113
5.8798,5.2569
5.8798,6.3991
5.8798,5.5625
-1.6377,-0.97356
-1.6377,-1.105
-0.098541,-0.69741
-0.098541,0.15322
-0.098541,-0.29024
-0.098541,0.81916
-0.098541,-0.97356
-0.098541,0.2673
-0.098541,-0.15996
-0.098541,-0.37198
-0.098541,0.58413
5.0397,5.3757
5.0397,5.8861
5.0397,4.869
-6.3274,-5.894
-6.3274,-5.4403
-6.3274,-6.3713
7.0012,7.7404
7.0012,6.5423
7.0012,7.1451
-5.4403,-5.5064
-5.4403,-5.5612
-5.4403,-5.894
-5.4403,-6.3274
-5.4403,-6.3713
-5.4403,-5.273
-5.4403,-4.6105
-5.4403,-5.2235
5.7091,6.253
5.7091,5.3782
5.7091,5.2433
5.7091,5.8877
5.7091,5.0133
5.7091,5.7557
5.7091,5.7574
5.7091,6.3658
-4.1009,-4.6843
-4.1009,-4.9809
-4.1009,-3.7409
0.67089,1.4678
0.67089,0.96487
0.67089,0.53432
6.3991,6.2665
6.3991,5.8798
6.3991,5.5625
-0.28826,0.43806
-0.28826,0.49037
-0.28826,-1.0378
-0.28826,-0.30887
-0.28826,-0.39407
-0.28826,-0.82638
1.9247,1.2937
1.9247,1.8576
5.4077,5.8313
7.4133,7.4787
7.4133,6.6318
6.9855,6.2665
6.9855,6.7962
6.7962,5.8939
6.7962,6.9855
6.7962,6.2878
5.7557,6.253
5.7557,5.2433
5.7557,5.8877
5.7557,5.3757
5.7557,5.7091
5.7557,6.5524
5.7557,6.101
5.7557,4.869
6.5524,6.253
6.5524,5.8877
6.5524,6.3291
6.5524,5.7557
6.5524,6.101
6.5524,7.0293
-2.2864,-1.4834
-2.2864,-1.3092
-2.2864,-2.0735
-2.2864,-3.0116
-2.2864,-1.8112
-2.2864,-3.0763
-2.2864,-2.5288
-1.0378,-1.44
-1.0378,-0.28826
-1.0378,-1.1112
-1.0378,-1.4508
-1.0378,-0.39407
-1.0378,-0.82638
-3.0116,-2.0735
-3.0116,-2.2864
-3.0116,-3.0763
6.101,6.253
6.101,5.8877
6.101,5.3757
6.101,6.3291
6.101,5.7557
6.101,6.5524
6.101,5.8861
-6.0364,-5.2758
-6.0364,-6.1124
-6.0364,-6.856
-6.0364,-6.8425
0.2673,0.49037
0.2673,-0.69741
0.2673,-0.098541
0.2673,-0.15996
0.2673,0.58413
0.2673,-0.39407
1.3119,1.2937
-0.47763,-1.3092
-0.47763,-0.13535
-0.47763,-0.44556
-0.47763,-0.95872
2.8109,1.887
2.8109,2.4908
2.8109,2.1031
2.7791,2.5606
2.7791,1.9262
2.7791,3.2411
-1.8112,-0.986
-1.8112,-1.3092
-1.8112,-2.0732
-1.8112,-2.0735
-1.8112,-2.2864
-1.8112,-1.1214
-1.8112,-0.95872
5.8861,5.3757
5.8861,6.3291
5.8861,5.0397
5.8861,6.101
-5.242,-6.0213
-5.242,-5.3027
-5.242,-5.0522
-5.242,-4.2624
2.1031,1.887
2.1031,2.2746
2.1031,1.4518
2.1031,2.8109
2.1031,1.1187
2.1031,1.3612
-4.8145,-4.6843
-4.8145,-5.5064
-4.8145,-5.5612
-4.8145,-4.3224
-4.8145,-4.4194
-4.8145,-5.273
-4.8145,-4.6105
-4.8145,-4.9809
6.979,6.253
6.979,6.234
6.979,7.0293
6.979,6.3658
-0.15996,-0.69741
-0.15996,0.15322
-0.15996,-0.97356
-0.15996,-0.098541
-0.15996,0.2673
-0.15996,-0.37198
-0.15996,-1.1112
-0.15996,0.58413
-0.15996,-0.39407
6.234,5.3782
6.234,6.979
6.234,5.7574
6.234,6.3658
7.4642,7.4787
-6.3713,-5.5064
-6.3713,-6.3274
-6.3713,-5.4403
-6.3713,-5.9984
-3.9704,-3.4935
-3.9704,-4.5169
5.7574,5.3782
5.7574,5.0133
5.7574,5.7091
5.7574,6.234
5.7574,5.139
5.7574,6.3658
-0.44556,-0.986
-0.44556,-1.3092
-0.44556,0.32365
-0.44556,-0.13535
-0.44556,-0.37533
-0.44556,-0.47763
-0.44556,-0.95872
-7.0717,-7.3132
-7.0717,-6.3858
-7.0717,-7.7277
-7.0717,-6.8489
-7.0717,-6.4706
-7.0717,-6.5455
4.869,5.2433
4.869,5.3757
4.869,5.0133
4.869,5.0397
4.869,5.7557
4.869,4.4772
2.5184,2.5606
-6.8716,-6.8101
-6.8716,-7.7515
7.0293,6.253
7.0293,6.5524
7.0293,6.979
7.0293,6.3658
3.791,4.6025
-3.0763,-3.5522
-3.0763,-2.2864
-3.0763,-3.0116
-3.0763,-2.5288
-3.0763,-3.7409
-0.37198,-0.69741
-0.37198,0.15322
-0.37198,-0.29024
-0.37198,-0.97356
-0.37198,-0.098541
-0.37198,-0.15996
-0.37198,-1.105
-1.1112,-0.69741
-1.1112,-0.97356
-1.1112,-1.0378
-1.1112,-0.15996
-1.1112,-1.8442
-1.1112,-1.4508
-1.1112,-0.39407
-1.1112,-1.105
1.1187,1.4518
1.1187,2.1031
1.1187,1.3612
1.1187,0.53432
1.1187,0.24739
6.6377,7.4787
6.6377,6.6318
6.6377,6.403
6.6377,5.8313
1.9649,2.5606
1.9649,1.9262
1.9649,1.3327
-2.5288,-2.2864
-2.5288,-3.0763
-5.273,-5.5064
-5.273,-5.5612
-5.273,-4.3224
-5.273,-4.4194
-5.273,-4.3723
-5.273,-5.4403
-5.273,-4.8145
-5.273,-4.6105
-5.273,-5.2235
-4.9452,-5.7813
-4.9452,-5.5286
-4.9452,-4.8818
-6.8489,-6.4648
-6.8489,-6.1124
-6.8489,-7.7277
-6.8489,-7.0717
-6.8489,-6.8425
-6.8489,-6.5455
1.3612,2.2746
1.3612,1.4518
1.3612,2.1031
1.3612,1.1187
-5.9984,-5.5064
-5.9984,-5.5612
-5.9984,-5.3951
-5.9984,-6.3713
0.49643,0.15322
0.49643,-0.29024
0.49643,0.81916
6.403,6.6377
-1.8442,-0.97356
-1.8442,-1.1112
-1.8442,-1.4508
-1.4508,-2.1735
-1.4508,-1.44
-1.4508,-1.0378
-1.4508,-1.1112
-1.4508,-1.8442
-6.4706,-7.3132
-6.4706,-6.3858
-6.4706,-6.0278
-6.4706,-5.9687
-6.4706,-7.0717
1.054,1.9262
1.054,0.31722
4.9372,5.3782
4.9372,5.139
-5.5286,-6.4648
-5.5286,-5.7813
-5.5286,-6.0278
-5.5286,-5.3845
-5.5286,-4.9452
-5.5286,-5.854
-5.5286,-4.8818
-4.6105,-4.6843
-4.6105,-5.5064
-4.6105,-4.3224
-4.6105,-4.4194
-4.6105,-4.3723
-4.6105,-5.4403
-4.6105,-4.8145
-4.6105,-5.273
-4.6105,-5.2235
4.1804,5.0019
4.1804,4.6025
4.1804,4.7397
-4.6648,-4.3723
-4.6648,-5.2235
0.58413,0.15322
0.58413,0.81916
0.58413,-0.098541
0.58413,0.2673
0.58413,-0.15996
5.5625,5.8493
5.5625,5.0019
5.5625,4.6025
5.5625,6.2665
5.5625,5.113
5.5625,5.2569
5.5625,5.8798
5.5625,6.3991
-1.1214,-0.986
-1.1214,-0.37533
-1.1214,-1.8112
0.53432,1.4518
0.53432,0.67089
0.53432,1.1187
0.53432,0.24739
6.2878,5.8493
6.2878,5.4003
6.2878,5.8939
6.2878,6.7962
6.2878,6.2657
4.4772,4.5415
4.4772,5.2433
4.4772,5.0133
4.4772,4.869
-0.30887,0.43806
-0.30887,-0.28826
-0.30887,0.31722
-0.30887,-0.82638
-5.2235,-5.5064
-5.2235,-5.894
-5.2235,-4.3723
-5.2235,-5.4403
-5.2235,-5.273
-5.2235,-4.6105
-5.2235,-4.6648
-4.3225,-4.8818
-0.3752,-0.37533
-6.8425,-7.7724
-6.8425,-6.1124
-6.8425,-6.0364
-6.8425,-6.8489
-4.9809,-4.6843
-4.9809,-5.5064
-4.9809,-5.5612
-4.9809,-5.3951
-4.9809,-4.4194
-4.9809,-4.1009
-4.9809,-4.8145
6.2657,6.2878
5.8313,5.4077
5.8313,6.6377
-0.95872,-0.986
-0.95872,-1.3092
-0.95872,-0.47763
-0.95872,-1.8112
-0.95872,-0.44556
-6.9579,-6.0213
-0.39407,0.49037
-0.39407,-0.69741
-0.39407,-0.28826
-0.39407,-1.0378
-0.39407,0.2673
-0.39407,-0.15996
-0.39407,-1.1112
1.3327,0.43806
1.3327,1.9649
0.31722,0.43806
0.31722,1.054
0.31722,-0.30887
-5.854,-6.4648
-5.854,-5.7813
-5.854,-6.3858
-5.854,-6.0278
-5.854,-5.3845
-5.854,-5.5286
-5.854,-6.5455
-2.5297,-2.0732
-6.5455,-6.4648
-6.5455,-5.7813
-6.5455,-6.3858
-6.5455,-6.0278
-6.5455,-7.0717
-6.5455,-6.8489
-6.5455,-5.854
-0.82638,-1.44
-0.82638,-0.28826
-0.82638,-1.0378
-0.82638,-0.30887
6.5227,6.9566
6.5227,7.1451
6.5227,5.9369
6.5227,6.101
6.5227,7.3901
-3.7409,-4.6843
-3.7409,-3.5522
-3.7409,-4.4194
-3.7409,-4.1009
-3.7409,-3.0763
5.139,4.5415
5.139,5.3782
5.139,5.7574
5.139,4.9372
-4.8818,-5.4168
-4.8818,-5.3845
-4.8818,-4.9452
-4.8818,-5.5286
-4.8818,-4.3225
-4.2624,-5.242
-1.105,-0.69741
-1.105,-0.29024
-1.105,-0.97356
-1.105,-1.6377
-1.105,-0.37198
-1.105,-1.1112
0.24739,0.58315
0.24739,1.1187
0.24739,0.53432
-7.7515,-6.8101
-7.7515,-6.8716
6.101,6.5423
6.101,6.5227
6.3658,6.253
6.3658,5.8877
6.3658,5.7091
6.3658,6.979
6.3658,6.234
6.3658,5.7574
6.3658,7.0293
0.14612,0.32365
0.14612,-0.37533
7.3901,6.9566
7.3901,7.1451
7.3901,6.5227
