3.9455,4.5131
3.9455,3.7478
3.9455,3.346
3.9455,4.1284
3.9455,4.1753
-1.4813,-1.8157
-1.4813,-1.1839
-1.4813,-2.1303
-1.4813,-0.76562
-1.4813,-1.8958
-1.4813,-1.2139
-6.0164,-6.5139
-6.0164,-5.4977
-6.0164,-6.6151
-2.8406,-3.5787
-2.8406,-1.9213
-2.8406,-2.478
-2.8406,-2.1741
-2.8406,-3.0442
-2.8406,-2.8931
-2.8406,-2.5029
-2.8406,-2.13
2.1042,2.4897
2.1042,1.7404
2.1042,2.5316
2.1042,1.2788
2.1042,2.0811
2.1042,2.4745
5.3762,5.486
5.3762,5.4474
5.3762,4.9304
5.3762,4.7698
5.3762,4.5483
5.3762,4.9606
5.3762,5.8689
3.6258,4.2748
3.6258,3.7478
3.6258,3.2914
3.6258,2.9927
3.6258,4.1178
-3.5787,-2.8406
-3.5787,-2.9443
-3.5787,-4.3391
-3.5787,-3.0442
-3.5787,-3.4428
6.2663,6.1168
6.2663,6.1216
6.2663,6.5703
6.2663,5.7663
6.2663,6.7845
6.2663,5.6115
6.2663,5.6476
5.486,5.3762
5.486,5.2946
5.486,4.9304
5.486,6.1219
5.486,5.6013
5.486,4.5483
5.486,4.9606
5.486,5.8689
4.889,5.316
4.889,4.4251
4.889,4.5904
4.889,5.7663
4.889,4.2989
4.889,4.9822
4.889,5.1496
4.889,5.6115
4.889,5.6476
4.889,4.2023
-6.3967,-6.4165
-6.3967,-5.4977
-1.9213,-2.8406
-1.9213,-1.8157
-1.9213,-2.478
-1.9213,-2.1303
-1.9213,-1.6262
-1.9213,-2.1741
-1.9213,-1.5429
-1.9213,-2.5029
-1.9213,-2.13
1.0098,1.2903
-2.954,-2.7869
-2.954,-3.0337
-2.954,-3.8212
-2.954,-1.9866
5.316,4.889
5.316,4.86
5.316,5.7721
5.316,6.1216
5.316,5.7663
5.316,4.9822
5.316,5.6115
4.2748,3.6258
4.2748,4.9304
4.2748,3.7478
4.2748,4.7698
4.2748,4.1753
4.2748,4.5483
4.2748,4.1178
4.2474,3.6217
5.2946,5.486
5.2946,4.5131
5.2946,4.8236
5.2946,6.0476
5.2946,5.6013
5.2946,4.9624
5.2946,4.9606
-2.6835,-3.3742
-2.6835,-2.4629
-2.6835,-2.2192
-6.5139,-6.0164
-6.5139,-6.6151
-2.512,-1.8157
-2.512,-2.9267
-2.512,-2.9443
-2.512,-2.1303
-2.512,-1.8958
-2.512,-3.4428
-2.512,-2.5029
-2.512,-2.4064
-6.3547,-6.2634
-6.3547,-6.6394
-6.3547,-6.2749
-6.3547,-5.9341
-6.3547,-5.3751
-6.3547,-5.7038
-6.3547,-7.0719
-6.2634,-6.3547
-6.2634,-5.5312
-6.2634,-6.2749
-6.2634,-5.4328
-6.2634,-5.9341
-6.2634,-5.9558
-6.2634,-6.0287
-6.2634,-6.4728
-6.2634,-7.0719
-6.2634,-7.0198
2.8369,2.4897
2.8369,3.0836
2.8369,2.5316
2.8369,3.3324
2.8369,2.3896
-1.0156,-1.3511
-1.0156,-1.9316
-1.8157,-1.4813
-1.8157,-1.9213
-1.8157,-2.512
-1.8157,-2.478
-1.8157,-2.1303
-1.8157,-1.6262
-1.8157,-1.8958
-1.8157,-1.2139
-1.8157,-2.5029
-1.8157,-2.13
2.4897,2.1042
2.4897,2.8369
2.4897,1.7922
2.4897,3.0836
2.4897,1.7404
2.4897,2.5316
2.4897,2.3896
-7.5847,-7.4178
-7.5847,-8.482
5.4474,5.3762
5.4474,4.9304
5.4474,4.7698
5.4474,5.1506
5.4474,5.8689
-5.0991,-4.4496
-5.0991,-5.4328
-5.0991,-4.4337
-5.0991,-5.524
-5.0991,-5.0918
-5.0991,-5.1845
-5.0991,-5.9558
-5.0991,-5.1682
4.4251,4.889
4.4251,3.7621
4.4251,4.5904
4.4251,3.8704
4.4251,4.2989
4.4251,4.9822
4.4251,5.1496
4.4251,4.2023
3.7621,4.4251
3.7621,3.1432
3.7621,4.0484
3.7621,3.8704
3.7621,4.2989
3.7621,4.2023
3.7621,3.1118
-2.2228,-2.4707
-2.2228,-1.3511
-2.2228,-2.7869
-2.2228,-3.0337
-2.2228,-1.9316
-2.2228,-1.9866
-2.2228,-2.0253
-2.2228,-2.4629
-2.2228,-2.2192
7.4816,6.7966
6.2312,5.4126
6.2312,5.7968
6.2312,5.4787
3.8598,3.0836
3.8598,3.3805
3.8598,4.3133
6.5304,6.1219
6.5304,5.8689
3.0002,2.0811
3.0002,3.2956
3.0002,2.4745
3.0002,3.4593
-4.4496,-5.0991
-4.4496,-4.4337
-4.4496,-5.0918
4.5131,3.9455
4.5131,5.2946
4.5131,3.7478
4.5131,4.8236
4.5131,4.1753
4.5131,4.9624
4.5131,4.5483
4.5131,4.9606
-2.4707,-2.2228
-2.4707,-2.7869
-2.4707,-3.0337
-2.4707,-1.9316
-2.4707,-3.1721
-2.4707,-3.302
-2.4707,-2.0253
-2.4707,-2.4629
-2.4707,-2.2192
9.9784,9.2925
4.86,5.316
4.86,5.7721
4.86,4.0484
4.86,4.9822
4.86,5.6115
4.86,4.2023
3.1432,3.7621
3.1432,3.8704
3.1432,3.1118
3.1432,3.6217
5.7721,5.316
5.7721,4.86
5.7721,6.1216
5.7721,6.5703
5.7721,5.6115
-6.3789,-7.2111
-7.3746,-6.4165
-7.3746,-7.4129
-2.9267,-2.512
-2.9267,-2.9443
-2.9267,-3.4428
-2.9267,-2.4064
-1.3511,-1.0156
-1.3511,-2.2228
-1.3511,-1.9316
-1.3511,-1.5259
-1.3511,-1.2762
-1.3511,-2.0253
4.7129,4.2981
4.7129,4.8236
4.7129,4.1284
4.7129,4.9624
4.7129,5.0385
4.7129,5.3486
-2.9443,-3.5787
-2.9443,-2.512
-2.9443,-2.9267
-2.9443,-2.478
-2.9443,-2.1303
-2.9443,-3.0442
-2.9443,-3.4428
-2.9443,-2.5029
6.152,5.4787
-6.6394,-6.3547
-6.6394,-5.9341
-6.6394,-6.0193
-6.6394,-5.7038
-2.7869,-2.954
-2.7869,-2.2228
-2.7869,-2.4707
-2.7869,-3.0337
-2.7869,-1.9316
-2.7869,-3.1721
-2.7869,-1.9866
-2.7869,-2.0253
-3.0337,-2.954
-3.0337,-2.2228
-3.0337,-2.4707
-3.0337,-2.7869
-3.0337,-3.1721
-3.0337,-3.302
-3.0337,-3.8006
-3.0337,-3.8212
4.5904,4.889
4.5904,4.4251
4.5904,3.8704
4.5904,4.2989
4.5904,5.1496
4.5904,5.0517
-6.4165,-6.3967
-6.4165,-7.3746
-6.4165,-5.4356
4.9304,5.3762
4.9304,5.486
4.9304,4.2748
4.9304,5.4474
4.9304,4.7698
4.9304,4.1753
4.9304,4.5483
4.9304,4.9606
3.7478,3.9455
3.7478,3.6258
3.7478,4.2748
3.7478,4.5131
3.7478,3.346
3.7478,4.1753
3.7478,2.9927
3.7478,4.5483
6.1168,6.2663
6.1168,5.7663
6.1168,5.6476
-2.478,-2.8406
-2.478,-1.9213
-2.478,-1.8157
-2.478,-2.9443
-2.478,-2.1303
-2.478,-1.6262
-2.478,-2.1741
-2.478,-3.0442
-2.478,-2.5029
-2.478,-2.13
4.48,4.2981
4.48,4.9876
4.48,5.4126
4.48,4.2225
4.48,5.4787
-7.4129,-7.3746
1.7922,2.4897
1.7922,1.7404
1.7922,2.3896
8.2404,7.563
-5.5312,-6.2634
-5.5312,-6.2749
-5.5312,-5.4328
-5.5312,-5.9341
-5.5312,-5.248
-5.5312,-5.3751
-5.5312,-4.6815
-5.5312,-5.1845
-5.5312,-6.0287
-5.5312,-5.7038
-5.5312,-5.1682
4.2981,4.7129
4.2981,4.48
4.2981,4.9876
4.2981,5.0385
-1.1839,-1.4813
-1.1839,-1.8958
-6.2749,-6.3547
-6.2749,-6.2634
-6.2749,-5.5312
-6.2749,-5.4328
-6.2749,-5.9341
-6.2749,-6.0287
-6.2749,-5.7038
-6.2749,-6.4728
-6.2749,-7.0719
-7.2111,-6.3789
4.9876,4.48
4.9876,4.2981
4.9876,5.4126
4.9876,4.2225
4.9876,5.0385
4.9876,5.4787
-6.2271,-5.524
-6.2271,-5.9558
-2.1303,-1.4813
-2.1303,-1.9213
-2.1303,-2.512
-2.1303,-1.8157
-2.1303,-2.9443
-2.1303,-2.478
-2.1303,-1.6262
-2.1303,-1.8958
-2.1303,-1.2139
-2.1303,-2.5029
-2.1303,-2.4064
-2.1303,-2.13
-7.9343,-7.9459
-7.9343,-7.4178
-0.85664,-1.6262
-0.85664,-0.76562
-0.85664,-1.2139
-0.85664,-0.97607
5.4126,6.2312
5.4126,4.48
5.4126,4.9876
5.4126,5.7968
5.4126,5.0385
5.4126,5.3486
5.4126,5.4787
4.0484,3.7621
4.0484,4.86
4.0484,4.2023
6.1216,6.2663
6.1216,5.316
6.1216,5.7721
6.1216,6.5703
6.1216,5.7663
6.1216,6.7845
6.1216,5.6115
3.0836,2.8369
3.0836,2.4897
3.0836,3.8598
3.0836,2.5316
3.0836,3.3805
3.0836,3.2956
3.346,3.9455
3.346,3.7478
3.346,4.1753
3.346,2.9927
6.5703,6.2663
6.5703,5.7721
6.5703,6.1216
6.5703,6.7845
0.77581,1.7404
0.77581,1.2788
-5.4328,-6.2634
-5.4328,-5.0991
-5.4328,-5.5312
-5.4328,-6.2749
-5.4328,-5.248
-5.4328,-5.524
-5.4328,-5.1845
-5.4328,-5.9558
-5.4328,-6.0287
-5.4328,-5.1682
1.7404,2.1042
1.7404,2.4897
1.7404,1.7922
1.7404,0.77581
1.7404,2.5316
1.7404,1.2788
-1.6262,-1.9213
-1.6262,-1.8157
-1.6262,-2.478
-1.6262,-2.1303
-1.6262,-0.85664
-1.6262,-1.2139
-1.6262,-0.97607
-1.6262,-2.5029
-1.6262,-2.13
4.8236,5.2946
4.8236,4.5131
4.8236,4.7129
4.8236,4.1284
4.8236,5.6013
4.8236,4.9624
4.8236,5.0385
4.8236,5.3486
-4.6895,-5.3751
-4.6895,-4.6815
-4.6895,-4.6173
-4.6895,-4.4747
-4.6895,-5.3268
-5.9341,-6.3547
-5.9341,-6.2634
-5.9341,-6.6394
-5.9341,-5.5312
-5.9341,-6.2749
-5.9341,-5.248
-5.9341,-5.3751
-5.9341,-5.7038
-4.2309,-3.302
-4.2309,-3.8006
5.7663,6.2663
5.7663,4.889
5.7663,5.316
5.7663,6.1168
5.7663,6.1216
5.7663,4.9822
5.7663,5.1496
5.7663,5.6115
5.7663,5.6476
-4.4337,-5.0991
-4.4337,-4.4496
-4.4337,-5.1845
-4.4337,-4.4747
-4.4337,-5.1682
-4.4337,-4.2814
-5.248,-5.5312
-5.248,-5.4328
-5.248,-5.9341
-5.248,-5.3751
-5.248,-4.6815
-5.248,-5.1845
-5.248,-4.4747
-5.248,-6.0287
-5.248,-5.1682
-5.248,-4.2814
-4.6898,-3.8006
-4.6898,-3.8212
3.2914,3.6258
3.2914,4.1877
3.2914,4.1178
4.7698,5.3762
4.7698,4.2748
4.7698,5.4474
4.7698,4.9304
4.7698,5.1506
4.7698,4.5483
4.7698,4.1178
-1.9316,-1.0156
-1.9316,-2.2228
-1.9316,-2.4707
-1.9316,-1.3511
-1.9316,-2.7869
-1.9316,-1.9866
-1.9316,-2.0253
6.1219,5.486
6.1219,6.5304
6.1219,6.7966
6.1219,6.0476
6.1219,5.6013
2.5316,2.1042
2.5316,2.8369
2.5316,2.4897
2.5316,3.0836
2.5316,1.7404
2.5316,3.3805
2.5316,3.2956
2.5316,2.4745
3.8704,4.4251
3.8704,3.7621
3.8704,3.1432
3.8704,4.5904
3.8704,4.2989
3.8704,3.6217
-5.524,-5.0991
-5.524,-6.2271
-5.524,-5.4328
-5.524,-5.0918
-5.524,-5.1845
-5.524,-5.9558
-5.524,-6.0287
1.2788,2.1042
1.2788,0.77581
1.2788,1.7404
-8.8385,-7.9459
-7.9459,-7.9343
-7.9459,-8.8385
-7.9459,-7.4178
4.2989,4.889
4.2989,4.4251
4.2989,3.7621
4.2989,4.5904
4.2989,3.8704
4.2989,5.1496
4.2989,5.0517
4.2989,3.6217
6.7845,6.2663
6.7845,6.1216
6.7845,6.5703
-3.1721,-2.4707
-3.1721,-2.7869
-3.1721,-3.0337
-3.1721,-3.3742
-3.1721,-3.302
-3.1721,-3.8006
-3.1721,-2.4629
-3.3742,-2.6835
-3.3742,-3.1721
-3.3742,-3.302
-3.3742,-2.4629
4.1284,3.9455
4.1284,4.7129
4.1284,4.8236
4.1284,4.9624
-5.0918,-5.0991
-5.0918,-4.4496
-5.0918,-5.524
6.7966,7.4816
6.7966,6.1219
6.7966,6.0476
-3.302,-2.4707
-3.302,-3.0337
-3.302,-4.2309
-3.302,-3.1721
-3.302,-3.3742
-3.302,-3.8006
-3.302,-2.4629
-4.3391,-3.5787
-5.3751,-6.3547
-5.3751,-5.5312
-5.3751,-4.6895
-5.3751,-5.9341
-5.3751,-5.248
-5.3751,-4.6815
-5.3751,-5.7038
-5.3751,-5.1682
-5.3751,-5.3268
2.0811,2.1042
2.0811,3.0002
2.0811,2.4745
4.2225,4.48
4.2225,4.9876
4.2225,4.3133
4.2225,3.4593
3.3324,2.8369
3.3324,2.3896
-6.0193,-6.6394
-6.0193,-5.5232
-6.0193,-5.7038
-6.0193,-5.3268
6.0476,5.2946
6.0476,6.1219
6.0476,6.7966
6.0476,5.6013
6.0476,5.7968
6.0476,6.4026
-3.8006,-3.0337
-3.8006,-4.2309
-3.8006,-4.6898
-3.8006,-3.1721
-3.8006,-3.302
-3.8006,-3.8212
-5.4977,-6.0164
-5.4977,-6.3967
-5.4977,-5.4356
2.3896,2.8369
2.3896,2.4897
2.3896,1.7922
2.3896,3.3324
4.1753,3.9455
4.1753,4.2748
4.1753,4.5131
4.1753,4.9304
4.1753,3.7478
4.1753,3.346
4.1753,4.5483
4.1753,4.9606
-0.35727,-1.2762
-4.6815,-5.5312
-4.6815,-4.6895
-4.6815,-5.248
-4.6815,-5.3751
-4.6815,-4.4747
-4.6815,-5.1682
-4.6815,-4.2814
-1.5259,-1.3511
-1.5259,-1.2762
-1.5259,-1.6687
-1.5259,-2.0253
-1.5259,-2.4629
-1.5259,-2.2192
4.1877,3.2914
4.1877,5.1506
4.1877,4.1178
-1.2762,-1.3511
-1.2762,-0.35727
-1.2762,-1.5259
-1.2762,-1.6687
-1.2762,-2.0253
-1.2762,-2.2192
5.164,4.3133
5.164,5.4787
-0.76562,-1.4813
-0.76562,-0.85664
-0.76562,-1.2139
-3.8212,-2.954
-3.8212,-3.0337
-3.8212,-4.6898
-3.8212,-3.8006
-4.6173,-4.6895
-4.6173,-5.3268
9.2925,9.9784
-1.6687,-1.5259
-1.6687,-1.2762
-1.6687,-2.4629
-1.6687,-2.2192
4.9822,4.889
4.9822,5.316
4.9822,4.4251
4.9822,4.86
4.9822,5.7663
4.9822,5.1496
4.9822,5.6115
4.9822,4.2023
5.6013,5.486
5.6013,5.2946
5.6013,4.8236
5.6013,6.1219
5.6013,6.0476
5.6013,4.9624
5.6013,5.7968
5.6013,6.4026
5.6013,5.3486
-5.1845,-5.0991
-5.1845,-5.5312
-5.1845,-5.4328
-5.1845,-4.4337
-5.1845,-5.248
-5.1845,-5.524
-5.1845,-5.9558
-5.1845,-4.4747
-5.1845,-6.0287
-5.1845,-5.1682
-5.1845,-4.2814
-5.9558,-6.2634
-5.9558,-5.0991
-5.9558,-6.2271
-5.9558,-5.4328
-5.9558,-5.524
-5.9558,-5.1845
-5.9558,-6.0287
-5.9558,-6.4728
3.3805,3.8598
3.3805,3.0836
3.3805,2.5316
3.3805,3.2956
3.3805,4.3133
3.3805,2.4745
-7.4178,-7.5847
-7.4178,-7.9343
-7.4178,-7.9459
-7.4178,-6.8633
-5.5232,-6.0193
-5.5232,-5.3268
4.9624,5.2946
4.9624,4.5131
4.9624,4.7129
4.9624,4.8236
4.9624,4.1284
4.9624,5.6013
4.9624,4.9606
2.9927,3.6258
2.9927,3.7478
2.9927,3.346
-2.1741,-2.8406
-2.1741,-1.9213
-2.1741,-2.478
-2.1741,-2.8931
-2.1741,-1.5429
-2.1741,-2.13
-1.8958,-1.4813
-1.8958,-2.512
-1.8958,-1.8157
-1.8958,-1.1839
-1.8958,-2.1303
-1.8958,-2.4064
3.2956,3.0002
3.2956,3.0836
3.2956,2.5316
3.2956,3.3805
3.2956,2.4745
5.1506,5.4474
5.1506,4.7698
5.1506,4.1877
-4.4747,-4.6895
-4.4747,-4.4337
-4.4747,-5.248
-4.4747,-4.6815
-4.4747,-5.1845
-4.4747,-5.1682
-4.4747,-4.2814
-8.482,-7.5847
-3.0442,-2.8406
-3.0442,-3.5787
-3.0442,-2.9443
-3.0442,-2.478
-3.0442,-2.5029
-3.0442,-2.13
-2.8931,-2.8406
-2.8931,-2.1741
-1.2139,-1.4813
-1.2139,-1.8157
-1.2139,-2.1303
-1.2139,-0.85664
-1.2139,-1.6262
-1.2139,-0.76562
-6.0287,-6.2634
-6.0287,-5.5312
-6.0287,-6.2749
-6.0287,-5.4328
-6.0287,-5.248
-6.0287,-5.524
-6.0287,-5.1845
-6.0287,-5.9558
-6.0287,-6.4728
-6.0287,-5.1682
-1.9866,-2.954
-1.9866,-2.2228
-1.9866,-2.7869
-1.9866,-1.9316
-1.5429,-1.9213
-1.5429,-2.1741
-1.5429,-0.97607
-1.5429,-2.13
4.5483,5.3762
4.5483,5.486
4.5483,4.2748
4.5483,4.5131
4.5483,4.9304
4.5483,3.7478
4.5483,4.7698
4.5483,4.1753
4.5483,4.9606
5.1496,4.889
5.1496,4.4251
5.1496,4.5904
5.1496,5.7663
5.1496,4.2989
5.1496,4.9822
5.1496,5.6115
5.1496,5.0517
5.1496,5.6476
4.9606,5.3762
4.9606,5.486
4.9606,5.2946
4.9606,4.5131
4.9606,4.9304
4.9606,4.1753
4.9606,4.9624
4.9606,4.5483
-5.7038,-6.3547
-5.7038,-6.6394
-5.7038,-5.5312
-5.7038,-6.2749
-5.7038,-5.9341
-5.7038,-5.3751
-5.7038,-6.0193
-5.7038,-5.3268
5.6115,6.2663
5.6115,4.889
5.6115,5.316
5.6115,4.86
5.6115,5.7721
5.6115,6.1216
5.6115,5.7663
5.6115,4.9822
5.6115,5.1496
5.6115,5.6476
5.7968,6.2312
5.7968,5.4126
5.7968,6.0476
5.7968,5.6013
5.7968,6.4026
5.7968,5.0385
5.7968,5.3486
4.3133,3.8598
4.3133,4.2225
4.3133,5.164
4.3133,3.3805
5.0517,4.5904
5.0517,4.2989
5.0517,5.1496
5.0517,5.6476
-2.0253,-2.2228
-2.0253,-2.4707
-2.0253,-1.3511
-2.0253,-2.7869
-2.0253,-1.9316
-2.0253,-1.5259
-2.0253,-1.2762
-2.0253,-2.4629
-2.0253,-2.2192
-6.4728,-6.2634
-6.4728,-6.2749
-6.4728,-5.9558
-6.4728,-6.0287
-6.4728,-7.0719
-6.4728,-7.0198
4.1178,3.6258
4.1178,4.2748
4.1178,3.2914
4.1178,4.7698
4.1178,4.1877
-7.62,-7.1192
-0.97607,-0.85664
-0.97607,-1.6262
-0.97607,-1.5429
6.4026,6.0476
6.4026,5.6013
6.4026,5.7968
-3.4428,-3.5787
-3.4428,-2.512
-3.4428,-2.9267
-3.4428,-2.9443
-6.6151,-6.0164
-6.6151,-6.5139
-6.6151,-7.1192
5.8689,5.3762
5.8689,5.486
5.8689,5.4474
5.8689,6.5304
5.6476,6.2663
5.6476,4.889
5.6476,6.1168
5.6476,5.7663
5.6476,5.1496
5.6476,5.6115
5.6476,5.0517
-6.8633,-7.4178
5.0385,4.7129
5.0385,4.2981
5.0385,4.9876
5.0385,5.4126
5.0385,4.8236
5.0385,5.7968
5.0385,5.3486
-5.4356,-6.4165
-5.4356,-5.4977
-5.1682,-5.0991
-5.1682,-5.5312
-5.1682,-5.4328
-5.1682,-4.4337
-5.1682,-5.248
-5.1682,-5.3751
-5.1682,-4.6815
-5.1682,-5.1845
-5.1682,-4.4747
-5.1682,-6.0287
-5.1682,-4.2814
-5.3268,-4.6895
-5.3268,-5.3751
-5.3268,-6.0193
-5.3268,-4.6173
-5.3268,-5.5232
-5.3268,-5.7038
-7.0719,-6.3547
-7.0719,-6.2634
-7.0719,-6.2749
-7.0719,-6.4728
-2.5029,-2.8406
-2.5029,-1.9213
-2.5029,-2.512
-2.5029,-1.8157
-2.5029,-2.9443
-2.5029,-2.478
-2.5029,-2.1303
-2.5029,-1.6262
-2.5029,-3.0442
-2.5029,-2.13
7.563,8.2404
-2.4064,-2.512
-2.4064,-2.9267
-2.4064,-2.1303
-2.4064,-1.8958
-7.0198,-6.2634
-7.0198,-6.4728
1.2903,1.0098
2.4745,2.1042
2.4745,3.0002
2.4745,2.5316
2.4745,2.0811
2.4745,3.3805
2.4745,3.2956
5.3486,4.7129
5.3486,5.4126
5.3486,4.8236
5.3486,5.6013
5.3486,5.7968
5.3486,5.0385
-2.4629,-2.6835
-2.4629,-2.2228
-2.4629,-2.4707
-2.4629,-3.1721
-2.4629,-3.3742
-2.4629,-3.302
-2.4629,-1.5259
-2.4629,-1.6687
-2.4629,-2.0253
-2.4629,-2.2192
4.2023,4.889
4.2023,4.4251
4.2023,3.7621
4.2023,4.86
4.2023,4.0484
4.2023,4.9822
-2.13,-2.8406
-2.13,-1.9213
-2.13,-1.8157
-2.13,-2.478
-2.13,-2.1303
-2.13,-1.6262
-2.13,-2.1741
-2.13,-3.0442
-2.13,-1.5429
-2.13,-2.5029
-7.1192,-7.62
-7.1192,-6.6151
-4.2814,-4.4337
-4.2814,-5.248
-4.2814,-4.6815
-4.2814,-5.1845
-4.2814,-4.4747
-4.2814,-5.1682
3.4593,3.0002
3.4593,4.2225
3.1118,3.7621
3.1118,3.1432
-2.2192,-2.6835
-2.2192,-2.2228
-2.2192,-2.4707
-2.2192,-1.5259
-2.2192,-1.2762
-2.2192,-1.6687
-2.2192,-2.0253
-2.2192,-2.4629
5.4787,6.2312
5.4787,6.152
5.4787,4.48
5.4787,4.9876
5.4787,5.4126
5.4787,5.164
3.6217,4.2474
3.6217,3.1432
3.6217,3.8704
3.6217,4.2989
