0.070979,0.58421
0.070979,-0.53454
0.070979,0.41509
0.070979,-0.27232
0.070979,0.25125
-6.9122,-6.5779
-6.9122,-6.7559
-6.9122,-7.7398
-6.9122,-6.8961
-6.9122,-7.5257
-6.9122,-6.7761
-5.6532,-5.9981
-5.6532,-5.9055
-5.6532,-4.9478
-5.6532,-6.1816
-5.1528,-5.3154
-5.1528,-5.8417
-5.1528,-4.9862
-5.1528,-6.039
-5.1528,-4.3547
-5.1528,-5.0752
-5.1528,-4.9173
1.5381,1.583
1.5381,1.541
1.5381,1.5586
1.5381,0.87935
-5.2601,-4.4278
-5.2601,-5.19
-5.2601,-4.4056
-5.2601,-4.9485
-5.2601,-4.8243
-5.2601,-4.8133
-5.2601,-5.2364
-5.2601,-4.3302
-5.2601,-5.0768
-5.001,-5.6117
-5.001,-5.2252
-5.001,-4.6504
-5.001,-4.3909
-5.001,-5.6022
-5.001,-4.445
-5.001,-4.8133
-5.001,-5.4801
-5.5909,-6.3591
6.5811,6.3147
6.5811,6.0374
6.5811,6.3849
6.5811,7.2163
6.5811,5.9701
6.5811,6.5824
-4.4278,-5.2601
-4.4278,-5.19
-4.4278,-4.2176
-4.4278,-4.4056
-4.4278,-4.1712
-4.4278,-4.9485
-4.4278,-4.8243
-4.4278,-4.8133
-4.4278,-5.2364
-4.4278,-4.3302
-4.4278,-5.0768
-4.4278,-4.0866
-4.4278,-3.8894
6.3147,6.5811
6.3147,5.7301
6.3147,5.941
6.3147,6.168
6.3147,6.0374
6.3147,6.3849
6.3147,5.7541
6.3147,6.016
6.3147,7.2163
6.3147,5.6778
6.3147,6.5824
-5.9981,-5.6532
-6.5779,-6.9122
-6.5779,-5.943
-6.5779,-6.7559
-6.5779,-6.3182
-6.5779,-5.8417
-6.5779,-6.8961
-6.5779,-7.5257
-6.5779,-5.7215
-6.5779,-6.9673
-6.5779,-5.849
-6.5779,-6.7761
7.6113,6.852
7.6113,7.7742
3.3667,3.5108
3.3667,3.556
3.3667,3.6587
3.3667,2.5479
3.3667,4.3527
5.7301,6.3147
5.7301,5.4211
5.7301,5.4534
5.7301,5.941
5.7301,6.168
5.7301,6.0374
5.7301,6.3849
5.7301,5.7541
5.7301,6.016
5.7301,6.2948
5.7301,6.47
5.7301,5.177
5.7301,5.6778
5.7301,5.14
-5.6117,-5.001
-5.6117,-5.19
-5.6117,-5.2252
-5.6117,-4.6504
-5.6117,-5.6022
-5.6117,-6.4038
-5.6117,-5.9727
-5.6117,-4.9485
-5.6117,-4.8243
-5.6117,-4.8133
-5.6117,-5.2364
-5.6117,-5.7561
-5.6117,-5.0768
-5.6117,-5.4801
-3.2063,-3.4614
-3.2063,-3.3525
6.1228,5.1248
6.1228,6.254
6.1228,5.3828
6.1228,6.0208
6.1228,5.2853
6.1228,5.4828
6.1228,6.3501
-2.8631,-3.1209
-5.943,-6.5779
-5.943,-6.1136
-5.943,-6.7559
-5.943,-5.3154
-5.943,-5.8417
-5.943,-6.039
-5.943,-6.8961
-5.943,-5.0752
-5.943,-5.7215
-5.943,-5.849
1.8773,2.5916
1.8773,1.4708
1.8773,2.5661
1.5479,0.96445
1.5479,1.1919
1.5479,0.62978
1.5479,1.3482
5.1248,6.1228
5.1248,4.517
5.1248,5.3828
5.1248,6.0208
5.1248,5.2853
5.1248,5.4828
5.1248,4.374
5.1248,4.3527
-6.1136,-5.943
-6.1136,-6.7559
-6.1136,-5.3154
-6.1136,-5.8417
-6.1136,-6.039
-6.1136,-6.8961
-6.1136,-5.7215
-6.1136,-5.849
0.93891,1.0776
0.93891,0.095436
0.93891,1.7587
7.1983,6.828
7.1983,6.6717
-5.19,-5.2601
-5.19,-4.4278
-5.19,-5.6117
-5.19,-4.6504
-5.19,-4.445
-5.19,-5.9727
-5.19,-4.9485
-5.19,-4.8243
-5.19,-4.8133
-5.19,-5.2364
-5.19,-5.7561
-5.19,-4.3302
-5.19,-5.0768
-1.2149,-0.57656
5.4211,5.7301
5.4211,5.4534
5.4211,6.016
5.4211,6.2948
5.4211,5.004
5.4211,5.177
5.4211,5.6778
5.4211,5.7913
6.2637,7.1315
6.2637,6.6616
4.517,5.1248
4.517,3.556
4.517,5.3828
4.517,4.5611
4.517,5.2853
4.517,5.4828
4.517,4.5177
4.517,4.374
4.517,4.3527
-3.4614,-3.2063
-3.4614,-4.2176
-3.4614,-4.4056
-3.4614,-4.1712
-3.4614,-3.5156
-3.4614,-3.3525
-0.84128,-0.31416
-0.84128,-0.55763
-0.84128,0.0067384
-0.84128,-0.19156
-0.84128,-1.6571
-0.84128,-0.27232
-0.84128,-1.0074
-0.84128,-1.0621
-0.84128,-1.4251
2.0216,1.0776
2.0216,1.7587
2.0216,1.1919
-4.2176,-4.4278
-4.2176,-3.4614
-4.2176,-4.4056
-4.2176,-4.1712
-4.2176,-3.5156
0.43469,0.89706
0.43469,0.96445
0.43469,1.0776
0.43469,-0.014359
0.43469,1.1919
0.43469,0.62978
0.43469,0.2211
0.43469,1.3482
0.12723,0.64878
0.12723,0.65049
0.12723,0.7742
0.12723,0.64578
0.12723,-0.13772
0.12723,0.42905
0.12723,-0.41552
0.12723,0.32083
0.12723,-0.60214
-5.2252,-5.001
-5.2252,-5.6117
-5.2252,-4.6504
-5.2252,-4.3909
-5.2252,-5.6022
-5.2252,-4.445
-5.2252,-4.8243
-5.2252,-4.8133
-5.2252,-5.7561
-5.2252,-5.4801
6.254,6.1228
6.254,5.3828
6.254,6.0208
6.254,5.2853
6.254,5.4828
6.254,7.2146
6.254,6.3501
5.4534,5.7301
5.4534,5.4211
5.4534,5.941
5.4534,6.168
5.4534,5.7541
5.4534,6.016
5.4534,6.2948
5.4534,5.177
5.4534,5.6778
5.4534,5.14
7.1315,6.2637
7.1315,6.852
7.1315,6.6616
7.1315,7.7742
5.941,6.3147
5.941,5.7301
5.941,5.4534
5.941,6.168
5.941,6.0374
5.941,6.3849
5.941,5.7541
5.941,6.016
5.941,5.9701
5.941,5.6778
5.941,5.14
5.941,6.5824
3.5108,3.3667
3.5108,3.556
3.5108,3.6587
3.5108,4.5177
3.5108,2.5479
3.5108,4.3527
-5.9055,-5.6532
-5.9055,-6.3591
-5.9055,-6.1816
-6.7559,-6.9122
-6.7559,-6.5779
-6.7559,-5.943
-6.7559,-6.1136
-6.7559,-7.7398
-6.7559,-5.8417
-6.7559,-6.039
-6.7559,-6.8961
-6.7559,-5.849
-6.7559,-6.7761
6.1421,6.2529
6.1421,6.852
-0.31416,-0.84128
-0.31416,-0.55763
-0.31416,0.17619
-0.31416,0.0067384
-0.31416,-0.19156
-0.31416,-1.0074
-0.31416,-1.0621
-6.3182,-6.5779
-6.3182,-6.9673
-6.3182,-6.7761
-0.55763,-0.84128
-0.55763,-0.31416
-0.55763,0.17619
-0.55763,-0.19156
-0.55763,-1.0074
-0.55763,-1.0621
-0.55763,-1.314
-0.55763,-1.4251
3.2197,2.5188
3.2197,3.4522
3.2197,2.5661
3.556,3.3667
3.556,4.517
3.556,3.5108
3.556,3.6587
3.556,4.374
3.556,4.3527
5.3828,6.1228
5.3828,5.1248
5.3828,4.517
5.3828,6.254
5.3828,6.0208
5.3828,5.2853
5.3828,5.4828
5.3828,5.5501
5.3828,6.3501
6.168,6.3147
6.168,5.7301
6.168,5.4534
6.168,5.941
6.168,6.0374
6.168,6.3849
6.168,6.016
6.168,6.2948
6.168,6.47
6.168,5.6778
6.168,6.5824
6.168,5.7913
-6.6768,-6.3591
-6.6768,-6.1816
-4.6504,-5.001
-4.6504,-5.6117
-4.6504,-5.19
-4.6504,-5.2252
-4.6504,-4.3909
-4.6504,-4.445
-4.6504,-4.9485
-4.6504,-4.8243
-4.6504,-4.8133
-4.6504,-5.2364
-4.6504,-5.0768
-4.6504,-4.0866
-4.6504,-5.4801
-4.6504,-3.8894
-4.3909,-5.001
-4.3909,-5.2252
-4.3909,-4.6504
-4.3909,-4.445
-4.3909,-4.9485
-4.3909,-4.8243
-4.3909,-4.8133
-4.3909,-5.0768
-4.3909,-3.8894
6.0374,6.5811
6.0374,6.3147
6.0374,5.7301
6.0374,5.941
6.0374,6.168
6.0374,6.3849
6.0374,5.7541
6.0374,5.9701
6.0374,5.6778
6.0374,6.5824
-5.3154,-5.1528
-5.3154,-5.943
-5.3154,-6.1136
-5.3154,-5.8417
-5.3154,-4.9862
-5.3154,-6.039
-5.3154,-5.0752
-5.3154,-4.9173
0.17619,-0.31416
0.17619,-0.55763
0.17619,0.0067384
0.17619,-0.19156
0.17619,-0.27232
-4.9278,-4.9478
-4.9278,-4.1345
-4.9278,-3.9329
0.89706,0.43469
0.89706,0.96445
0.89706,1.0776
0.89706,-0.014359
0.89706,0.095436
0.89706,1.1919
0.89706,0.62978
-4.4056,-5.2601
-4.4056,-4.4278
-4.4056,-3.4614
-4.4056,-4.2176
-4.4056,-4.1712
-4.4056,-4.3302
-4.4056,-4.0866
-4.4056,-3.8894
0.64878,0.12723
0.64878,1.541
0.64878,0.65049
0.64878,1.5586
0.64878,0.7742
0.64878,-0.13772
0.64878,0.42905
0.64878,0.87935
0.64878,0.51876
0.58421,0.070979
0.58421,0.0067384
0.58421,-0.27232
0.58421,0.25125
-7.7398,-6.9122
-7.7398,-6.7559
-7.7398,-7.5257
-7.7398,-6.7761
1.583,1.5381
1.583,1.541
1.583,0.65049
1.583,1.5586
1.583,0.7742
1.583,2.5481
5.652,6.0297
0.0067384,-0.84128
0.0067384,-0.31416
0.0067384,0.17619
0.0067384,0.58421
0.0067384,-0.53454
0.0067384,-0.19156
0.0067384,-0.27232
-2.1171,-1.7404
-2.1171,-3.1209
-5.8417,-5.1528
-5.8417,-6.5779
-5.8417,-5.943
-5.8417,-6.1136
-5.8417,-6.7559
-5.8417,-5.3154
-5.8417,-4.9862
-5.8417,-6.039
-5.8417,-5.0752
-5.8417,-5.7215
-5.8417,-5.849
-5.8417,-4.9173
6.0297,5.652
6.0297,6.6717
6.0297,5.4969
-5.6022,-5.001
-5.6022,-5.6117
-5.6022,-5.2252
-5.6022,-6.4038
-5.6022,-5.9727
-5.6022,-5.7561
-5.6022,-5.4801
-0.53454,0.070979
-0.53454,0.0067384
-0.53454,-0.19156
-0.53454,-0.27232
-0.53454,-1.0074
-0.53454,-1.0621
-0.53454,0.25125
6.3849,6.5811
6.3849,6.3147
6.3849,5.7301
6.3849,5.941
6.3849,6.168
6.3849,6.0374
6.3849,5.7541
6.3849,7.2163
6.3849,6.5824
-0.19156,-0.84128
-0.19156,-0.31416
-0.19156,-0.55763
-0.19156,0.17619
-0.19156,0.0067384
-0.19156,-0.53454
-0.19156,-0.27232
-0.19156,-1.0074
-0.19156,-1.0621
0.96445,1.5479
0.96445,0.43469
0.96445,0.89706
0.96445,1.0776
0.96445,0.41509
0.96445,1.1919
0.96445,0.73249
0.96445,0.62978
0.96445,0.2211
0.96445,1.3482
-4.445,-5.001
-4.445,-5.19
-4.445,-5.2252
-4.445,-4.6504
-4.445,-4.3909
-4.445,-4.9485
-4.445,-4.8243
-4.445,-4.8133
-4.445,-5.0768
-4.445,-4.0866
-4.445,-3.8894
5.7541,6.3147
5.7541,5.7301
5.7541,5.4534
5.7541,5.941
5.7541,6.0374
5.7541,6.3849
5.7541,5.9701
5.7541,5.6778
5.7541,5.14
5.7541,6.5824
1.541,1.5381
1.541,0.64878
1.541,1.583
1.541,1.5586
1.541,0.87935
0.65049,0.12723
0.65049,0.64878
0.65049,1.583
0.65049,1.5586
0.65049,0.7742
0.65049,-0.13772
0.65049,0.42905
1.0776,0.93891
1.0776,2.0216
1.0776,0.43469
1.0776,0.89706
1.0776,0.96445
1.0776,1.7587
1.0776,1.1919
-4.9862,-5.1528
-4.9862,-5.3154
-4.9862,-5.8417
-4.9862,-4.1701
-4.9862,-4.3547
-4.9862,-5.0752
-4.9862,-4.0108
-4.9862,-4.9173
-1.6571,-0.84128
-1.6571,-2.5458
-1.6571,-1.0074
-1.6571,-1.314
-1.6571,-2.6028
-1.6571,-1.4251
1.5586,1.5381
1.5586,0.64878
1.5586,1.583
1.5586,1.541
1.5586,0.65049
1.5586,0.7742
1.5586,0.87935
1.5586,2.5479
-0.1886,0.32083
-0.1886,-0.60214
4.5611,4.517
4.5611,3.6587
4.5611,4.5177
4.5611,4.374
4.5611,4.3527
6.016,6.3147
6.016,5.7301
6.016,5.4211
6.016,5.4534
6.016,5.941
6.016,6.168
6.016,6.2948
6.016,6.47
6.016,5.177
6.016,5.6778
6.016,5.7913
-4.1701,-4.9862
-4.1701,-4.3547
-4.1701,-5.0752
-4.1701,-4.0108
-4.1701,-4.9173
0.7742,0.12723
0.7742,0.64878
0.7742,1.583
0.7742,0.65049
0.7742,1.5586
0.7742,-0.13772
0.7742,0.42905
3.6587,3.3667
3.6587,3.5108
3.6587,3.556
3.6587,4.5611
3.6587,4.5177
-6.4038,-5.6117
-6.4038,-5.6022
-6.4038,-5.7561
-6.4038,-5.4801
6.2529,6.1421
6.2529,6.965
-5.9727,-5.6117
-5.9727,-5.19
-5.9727,-5.6022
-5.9727,-5.2364
-5.9727,-5.7561
-5.9727,-5.0768
-5.9727,-5.4801
6.0208,6.1228
6.0208,5.1248
6.0208,6.254
6.0208,5.3828
6.0208,6.3416
6.0208,6.9393
6.0208,6.3501
-4.1712,-4.4278
-4.1712,-3.4614
-4.1712,-4.2176
-4.1712,-4.4056
-4.1712,-4.9485
-4.1712,-4.8243
-4.1712,-4.3302
-4.1712,-4.0866
-4.1712,-3.3525
-4.1712,-3.8894
-0.014359,0.43469
-0.014359,0.89706
-0.014359,0.095436
-0.014359,0.2211
6.2948,5.7301
6.2948,5.4211
6.2948,5.4534
6.2948,6.168
6.2948,6.016
6.2948,6.47
6.2948,5.6778
6.2948,5.7913
-1.7404,-2.1171
-1.7404,-1.2078
0.095436,0.93891
0.095436,0.89706
0.095436,-0.014359
6.828,7.1983
6.828,7.3194
6.16,5.4969
7.2163,6.5811
7.2163,6.3147
7.2163,6.3849
7.2163,6.5824
5.9701,6.5811
5.9701,5.941
5.9701,6.0374
5.9701,5.7541
5.2853,6.1228
5.2853,5.1248
5.2853,4.517
5.2853,6.254
5.2853,5.3828
5.2853,5.4828
5.2853,5.5501
5.2853,4.5177
5.2853,4.374
5.2853,4.3527
5.4828,6.1228
5.4828,5.1248
5.4828,4.517
5.4828,6.254
5.4828,5.3828
5.4828,5.2853
5.4828,5.5501
5.4828,4.5177
5.4828,6.3501
-3.5156,-3.4614
-3.5156,-4.2176
-3.5156,-2.5458
-3.5156,-3.5941
-3.5156,-2.6028
-3.1209,-2.8631
-3.1209,-2.1171
-3.1209,-3.2344
-3.1209,-3.9329
-2.5458,-1.6571
-2.5458,-3.5156
-2.5458,-2.6028
5.5501,5.3828
5.5501,5.2853
5.5501,5.4828
5.5501,6.3501
-6.3591,-5.5909
-6.3591,-5.9055
-6.3591,-6.6768
-6.3591,-6.1816
0.64578,0.12723
0.64578,0.32083
1.2855,0.87935
0.41509,0.070979
0.41509,0.96445
0.41509,0.73249
0.41509,0.62978
0.41509,0.25125
0.41509,0.2211
5.004,5.4211
5.004,5.177
5.004,5.7913
2.5188,3.2197
2.5188,3.4522
2.5188,2.5661
-0.27232,0.070979
-0.27232,-0.84128
-0.27232,0.17619
-0.27232,0.58421
-0.27232,0.0067384
-0.27232,-0.53454
-0.27232,-0.19156
-0.27232,-1.0074
-0.27232,-1.0621
-0.27232,0.25125
4.5177,4.517
4.5177,3.5108
4.5177,4.5611
4.5177,3.6587
4.5177,5.2853
4.5177,5.4828
4.5177,4.374
4.5177,4.3527
-4.9478,-5.6532
-4.9478,-4.9278
1.7587,0.93891
1.7587,2.0216
1.7587,1.0776
-4.9485,-5.2601
-4.9485,-4.4278
-4.9485,-5.6117
-4.9485,-5.19
-4.9485,-4.6504
-4.9485,-4.3909
-4.9485,-4.445
-4.9485,-4.1712
-4.9485,-4.8243
-4.9485,-4.8133
-4.9485,-5.2364
-4.9485,-5.7561
-4.9485,-4.3302
-4.9485,-5.0768
-4.9485,-4.0866
6.965,6.2529
-0.13772,0.12723
-0.13772,0.64878
-0.13772,0.65049
-0.13772,0.7742
-0.13772,0.42905
-0.13772,-0.41552
-0.13772,0.32083
-0.13772,-0.60214
6.3416,6.0208
6.3416,6.9393
7.9776,7.3194
-4.8243,-5.2601
-4.8243,-4.4278
-4.8243,-5.6117
-4.8243,-5.19
-4.8243,-5.2252
-4.8243,-4.6504
-4.8243,-4.3909
-4.8243,-4.445
-4.8243,-4.1712
-4.8243,-4.9485
-4.8243,-4.8133
-4.8243,-5.2364
-4.8243,-5.7561
-4.8243,-4.3302
-4.8243,-5.0768
-4.8243,-4.0866
-4.8243,-5.4801
-4.8243,-3.8894
-3.5941,-3.5156
-3.5941,-2.6028
6.9393,6.0208
6.9393,6.3416
6.9393,7.2146
-1.0074,-0.84128
-1.0074,-0.31416
-1.0074,-0.55763
-1.0074,-0.53454
-1.0074,-0.19156
-1.0074,-1.6571
-1.0074,-0.27232
-1.0074,-1.0621
-1.0074,-1.4251
-6.039,-5.1528
-6.039,-5.943
-6.039,-6.1136
-6.039,-6.7559
-6.039,-5.3154
-6.039,-5.8417
-6.039,-6.8961
-6.039,-5.0752
-6.039,-5.7215
-6.039,-5.849
2.5481,1.583
2.5481,2.5479
2.5916,1.8773
2.5916,2.5661
7.2146,6.254
7.2146,6.9393
7.2146,6.3501
6.47,5.7301
6.47,6.168
6.47,6.016
6.47,6.2948
6.47,5.6778
6.47,6.5824
6.47,5.7913
-4.8133,-5.2601
-4.8133,-5.001
-4.8133,-4.4278
-4.8133,-5.6117
-4.8133,-5.19
-4.8133,-5.2252
-4.8133,-4.6504
-4.8133,-4.3909
-4.8133,-4.445
-4.8133,-4.9485
-4.8133,-4.8243
-4.8133,-5.2364
-4.8133,-5.7561
-4.8133,-4.3302
-4.8133,-5.0768
-4.8133,-4.0866
-4.8133,-5.4801
-4.8133,-3.8894
0.42905,0.12723
0.42905,0.64878
0.42905,0.65049
0.42905,0.7742
0.42905,-0.13772
0.42905,-0.41552
0.42905,0.87935
0.42905,0.51876
-0.41552,0.12723
-0.41552,-0.13772
-0.41552,0.42905
1.1919,1.5479
1.1919,2.0216
1.1919,0.43469
1.1919,0.89706
1.1919,0.96445
1.1919,1.0776
1.1919,1.3482
6.6717,7.1983
6.6717,6.0297
3.4522,3.2197
3.4522,2.5188
3.4522,2.5661
-5.2364,-5.2601
-5.2364,-4.4278
-5.2364,-5.6117
-5.2364,-5.19
-5.2364,-4.6504
-5.2364,-5.9727
-5.2364,-4.9485
-5.2364,-4.8243
-5.2364,-4.8133
-5.2364,-5.7561
-5.2364,-4.3302
-5.2364,-5.0768
-5.7561,-5.6117
-5.7561,-5.19
-5.7561,-5.2252
-5.7561,-5.6022
-5.7561,-6.4038
-5.7561,-5.9727
-5.7561,-4.9485
-5.7561,-4.8243
-5.7561,-4.8133
-5.7561,-5.2364
-5.7561,-5.0768
-5.7561,-5.4801
-4.3547,-5.1528
-4.3547,-4.9862
-4.3547,-4.1701
-4.3547,-4.0108
-6.8961,-6.9122
-6.8961,-6.5779
-6.8961,-5.943
-6.8961,-6.1136
-6.8961,-6.7559
-6.8961,-6.039
-6.8961,-6.7761
0.73249,0.96445
0.73249,0.41509
0.73249,0.62978
0.73249,0.25125
0.73249,1.3482
-4.3302,-5.2601
-4.3302,-4.4278
-4.3302,-5.19
-4.3302,-4.4056
-4.3302,-4.1712
-4.3302,-4.9485
-4.3302,-4.8243
-4.3302,-4.8133
-4.3302,-5.2364
-4.3302,-5.0768
-4.3302,-4.0866
-4.3302,-3.8894
0.87935,1.5381
0.87935,0.64878
0.87935,1.541
0.87935,1.5586
0.87935,1.2855
0.87935,0.42905
0.87935,0.51876
7.3194,6.828
7.3194,7.9776
-5.0752,-5.1528
-5.0752,-5.943
-5.0752,-5.3154
-5.0752,-5.8417
-5.0752,-4.9862
-5.0752,-4.1701
-5.0752,-6.039
-5.0752,-5.7215
-5.0752,-5.849
-5.0752,-4.9173
-7.5257,-6.9122
-7.5257,-6.5779
-7.5257,-7.7398
-7.5257,-6.9673
-7.5257,-6.7761
1.4708,1.8773
2.5479,3.3667
2.5479,3.5108
2.5479,1.5586
2.5479,2.5481
-5.7215,-6.5779
-5.7215,-5.943
-5.7215,-6.1136
-5.7215,-5.8417
-5.7215,-6.039
-5.7215,-5.0752
-5.7215,-5.849
-5.7215,-4.9173
-5.0768,-5.2601
-5.0768,-4.4278
-5.0768,-5.6117
-5.0768,-5.19
-5.0768,-4.6504
-5.0768,-4.3909
-5.0768,-4.445
-5.0768,-5.9727
-5.0768,-4.9485
-5.0768,-4.8243
-5.0768,-4.8133
-5.0768,-5.2364
-5.0768,-5.7561
-5.0768,-4.3302
-5.0768,-5.4801
5.177,5.7301
5.177,5.4211
5.177,5.4534
5.177,6.016
5.177,5.004
5.177,5.6778
5.177,5.7913
-4.0866,-4.4278
-4.0866,-4.6504
-4.0866,-4.4056
-4.0866,-4.445
-4.0866,-4.1712
-4.0866,-4.9485
-4.0866,-4.8243
-4.0866,-4.8133
-4.0866,-4.3302
-4.0866,-3.3525
-4.0866,-3.8894
0.32083,0.12723
0.32083,-0.1886
0.32083,0.64578
0.32083,-0.13772
0.32083,-0.60214
5.6778,6.3147
5.6778,5.7301
5.6778,5.4211
5.6778,5.4534
5.6778,5.941
5.6778,6.168
5.6778,6.0374
5.6778,5.7541
5.6778,6.016
5.6778,6.2948
5.6778,6.47
5.6778,5.177
5.6778,5.14
5.6778,5.7913
-1.0621,-0.84128
-1.0621,-0.31416
-1.0621,-0.55763
-1.0621,-0.53454
-1.0621,-0.19156
-1.0621,-0.27232
-1.0621,-1.0074
-1.0621,-1.4251
0.62978,1.5479
0.62978,0.43469
0.62978,0.89706
0.62978,0.96445
0.62978,0.41509
0.62978,0.73249
0.62978,0.2211
0.62978,1.3482
5.14,5.7301
5.14,5.4534
5.14,5.941
5.14,5.7541
5.14,5.6778
4.374,5.1248
4.374,4.517
4.374,3.556
4.374,4.5611
4.374,5.2853
4.374,4.5177
4.374,4.3527
-1.0192,-1.2078
-5.4801,-5.001
-5.4801,-5.6117
-5.4801,-5.2252
-5.4801,-4.6504
-5.4801,-5.6022
-5.4801,-6.4038
-5.4801,-5.9727
-5.4801,-4.8243
-5.4801,-4.8133
-5.4801,-5.7561
-5.4801,-5.0768
-3.2344,-3.1209
-3.2344,-4.1345
-4.0108,-4.9862
-4.0108,-4.1701
-4.0108,-4.3547
-1.314,-0.55763
-1.314,-1.6571
-1.314,-1.4251
-6.9673,-6.5779
-6.9673,-6.3182
-6.9673,-7.5257
-6.9673,-6.7761
-4.1345,-4.9278
-4.1345,-3.2344
-4.1345,-3.9329
-3.3525,-3.2063
-3.3525,-3.4614
-3.3525,-4.1712
-3.3525,-4.0866
-3.3525,-3.8894
6.5824,6.5811
6.5824,6.3147
6.5824,5.941
6.5824,6.168
6.5824,6.0374
6.5824,6.3849
6.5824,5.7541
6.5824,7.2163
6.5824,6.47
5.4969,6.0297
5.4969,6.16
0.25125,0.070979
0.25125,0.58421
0.25125,-0.53454
0.25125,0.41509
0.25125,-0.27232
0.25125,0.73249
-6.1816,-5.6532
-6.1816,-5.9055
-6.1816,-6.6768
-6.1816,-6.3591
-0.60214,0.12723
-0.60214,-0.1886
-0.60214,-0.13772
-0.60214,0.32083
2.5661,1.8773
2.5661,3.2197
2.5661,2.5188
2.5661,2.5916
2.5661,3.4522
-0.57656,-1.2149
-0.57656,-1.2078
-5.849,-6.5779
-5.849,-5.943
-5.849,-6.1136
-5.849,-6.7559
-5.849,-5.8417
-5.849,-6.039
-5.849,-5.0752
-5.849,-5.7215
-5.849,-6.7761
-5.849,-4.9173
-2.6028,-1.6571
-2.6028,-3.5156
-2.6028,-2.5458
-2.6028,-3.5941
-6.7761,-6.9122
-6.7761,-6.5779
-6.7761,-6.7559
-6.7761,-6.3182
-6.7761,-7.7398
-6.7761,-6.8961
-6.7761,-7.5257
-6.7761,-6.9673
-6.7761,-5.849
-1.2078,-1.7404
-1.2078,-1.0192
-1.2078,-0.57656
6.852,7.6113
6.852,7.1315
6.852,6.1421
6.852,6.6616
0.2211,0.43469
0.2211,0.96445
0.2211,-0.014359
0.2211,0.41509
0.2211,0.62978
-3.8894,-4.4278
-3.8894,-4.6504
-3.8894,-4.3909
-3.8894,-4.4056
-3.8894,-4.445
-3.8894,-4.1712
-3.8894,-4.8243
-3.8894,-4.8133
-3.8894,-4.3302
-3.8894,-4.0866
-3.8894,-3.3525
6.3501,6.1228
6.3501,6.254
6.3501,5.3828
6.3501,6.0208
6.3501,5.4828
6.3501,5.5501
6.3501,7.2146
5.7913,5.4211
5.7913,6.168
5.7913,6.016
5.7913,6.2948
5.7913,5.004
5.7913,6.47
5.7913,5.177
5.7913,5.6778
-4.9173,-5.1528
-4.9173,-5.3154
-4.9173,-5.8417
-4.9173,-4.9862
-4.9173,-4.1701
-4.9173,-5.0752
-4.9173,-5.7215
-4.9173,-5.849
-3.9329,-4.9278
-3.9329,-3.1209
-3.9329,-4.1345
0.51876,0.64878
0.51876,0.42905
0.51876,0.87935
1.3482,1.5479
1.3482,0.43469
1.3482,0.96445
1.3482,1.1919
1.3482,0.73249
1.3482,0.62978
6.6616,6.2637
6.6616,7.1315
6.6616,6.852
4.3527,3.3667
4.3527,5.1248
4.3527,4.517
4.3527,3.5108
4.3527,3.556
4.3527,4.5611
4.3527,5.2853
4.3527,4.5177
4.3527,4.374
-1.4251,-0.84128
-1.4251,-0.55763
-1.4251,-1.6571
-1.4251,-1.0074
-1.4251,-1.0621
-1.4251,-1.314
7.7742,7.6113
7.7742,7.1315
