-2.1715,-1.9882
-2.1715,-1.4001
-2.1715,-2.5757
-2.1715,-1.2929
-2.1715,-2.9873
-2.1715,-2.8018
-7.5618,-6.6072
-7.5618,-7.8129
-7.5618,-7.1119
-5.2163,-5.685
-5.2163,-4.5508
-5.2348,-5.8284
-5.2348,-5.8787
-5.2348,-5.5647
-5.2348,-4.5692
-5.2348,-5.6357
-5.2348,-4.5492
-5.2348,-5.0903
0.85728,1.3451
0.85728,0.34732
0.85728,0.56813
0.85728,1.4457
0.85728,0.23768
-5.806,-5.8153
-5.806,-5.3375
-5.806,-6.5388
-5.806,-5.061
-4.8868,-4.7245
-4.8868,-5.5616
-4.8868,-5.3375
-4.8868,-4.5439
-4.8868,-4.0149
-4.8868,-4.1571
-4.8868,-4.5945
-4.8868,-5.3672
-5.7238,-6.6165
-5.7238,-5.5647
-5.7238,-5.6357
-5.7238,-4.8478
5.5957,5.7015
5.5957,4.7673
-3.691,-3.308
-3.691,-4.2177
-3.691,-3.2773
-3.691,-4.5439
-3.691,-4.0149
-3.691,-4.1571
-3.691,-2.8018
5.7015,5.5957
5.7015,6.3897
5.7015,4.7673
5.7015,5.1114
5.7015,5.4645
5.7015,5.95
5.7015,6.4142
-6.3148,-5.685
-6.5114,-5.8284
-6.5114,-5.8787
-6.5114,-5.9114
-6.5114,-7.0777
-6.5114,-6.8426
-6.5114,-6.2054
-6.5114,-6.3927
-6.5114,-7.1119
6.424,5.8933
6.424,5.902
6.424,6.9575
6.424,6.3102
6.424,6.4869
3.8799,3.776
3.8799,4.5663
3.8799,3.0832
6.3897,5.7015
6.3897,7.0038
6.3897,5.4645
6.3897,6.2782
6.3897,5.95
6.3897,6.4142
6.3897,7.2122
-5.8153,-5.806
-5.8153,-5.3375
-5.8153,-6.1651
-5.8153,-6.5388
-5.8153,-5.3672
7.2726,6.4105
-2.8906,-3.8934
-2.8906,-2.9428
-2.8906,-2.5757
-2.8906,-3.3581
-2.8906,-2.9873
-2.8906,-2.001
-2.8906,-3.2111
6.5153,5.8933
6.5153,6.8845
6.5153,6.2597
6.5153,6.9125
6.5153,5.8459
6.5153,6.3102
-2.1309,-1.4212
-6.6072,-7.5618
-6.6072,-6.6165
-6.6072,-6.2801
-6.6072,-5.8787
-6.6072,-5.6357
-6.6072,-6.3927
-6.6072,-7.1119
0.94067,0.54365
0.94067,0.99738
0.94067,1.0804
0.94067,-0.0022853
0.94067,0.62335
0.94067,1.3721
0.94067,0.35404
0.94067,1.4914
0.94067,0.29717
0.54365,0.94067
0.54365,0.99738
0.54365,-0.0022853
0.54365,0.62335
0.54365,1.3721
0.54365,0.35404
0.54365,1.4914
0.54365,-0.33336
0.54365,0.29717
0.54365,0.47409
2.2363,1.6189
3.776,3.8799
3.776,4.6514
-5.8284,-5.2348
-5.8284,-6.5114
-5.8284,-6.2801
-5.8284,-5.0616
-5.8284,-5.8787
-5.8284,-5.9114
-5.8284,-6.3927
-5.8284,-5.0903
1.3451,0.85728
1.3451,1.5107
1.3451,0.56813
1.3451,1.9729
1.3451,1.4457
-4.7245,-4.8868
-4.7245,-4.2177
-4.7245,-5.3375
-4.7245,-4.5828
-4.7245,-4.5439
-4.7245,-3.8169
-4.7245,-4.1571
-4.7245,-5.3672
-4.7245,-5.061
-0.6957,-1.3785
-0.6957,-1.4212
-0.6957,-0.51094
-0.6957,-0.87834
-0.6957,-0.33336
-0.6957,-0.2472
5.1235,5.9155
5.1235,6.0327
5.1235,4.3819
5.1235,5.2713
6.1927,7.1107
6.1927,6.4869
4.8791,5.5014
4.8791,4.6514
4.8791,5.5561
4.8791,5.8459
4.8791,4.9506
-2.1341,-1.8273
-2.1341,-2.9428
-2.1341,-2.2245
-2.1341,-1.2537
-1.8273,-2.1341
-1.8273,-1.1371
-1.8273,-2.5757
-1.8273,-2.2245
-1.8273,-1.3392
-1.8273,-2.001
-1.8273,-0.93757
2.3663,1.9729
2.3663,1.4457
-3.8934,-2.8906
-3.8934,-4.2177
-3.8934,-4.5828
-3.8934,-3.3581
-3.8934,-3.9859
-3.8934,-3.8169
-3.8934,-3.2111
0.80839,1.6189
0.80839,1.1304
0.80839,0.34732
0.80839,1.4457
0.80839,0.23768
-0.65273,-0.0022853
-0.65273,0.1494
-0.65273,-1.5847
-0.65273,-0.44029
-0.65273,-0.87834
-0.65273,-0.4646
-3.308,-3.691
-3.308,-4.2177
-3.308,-3.3581
-3.308,-2.9873
-3.308,-3.8169
-3.308,-4.1571
-3.308,-2.8018
5.8933,6.424
5.8933,6.5153
5.8933,5.1383
5.8933,5.5014
5.8933,5.902
5.8933,5.8459
5.8933,6.3102
-6.8243,-6.4283
4.4467,4.7673
4.4467,5.1114
4.4467,4.0431
4.4467,4.6468
7.1107,6.1927
4.7673,5.5957
4.7673,5.7015
4.7673,4.4467
4.7673,5.4645
2.5053,2.1606
-5.685,-5.2163
-5.685,-6.3148
-5.685,-5.2466
-5.685,-6.401
-6.6165,-5.7238
-6.6165,-6.6072
-6.6165,-6.2801
5.1383,5.8933
5.1383,5.5014
5.1383,4.6514
5.1383,5.3177
-1.9882,-2.1715
-1.9882,-1.4001
-1.9882,-2.5757
-1.9882,-1.3392
-1.9882,-2.9873
-1.9882,-2.001
-6.2801,-6.6072
-6.2801,-5.8284
-6.2801,-6.6165
-6.2801,-5.8787
-6.2801,-5.5647
-6.2801,-5.6357
-6.2801,-6.3927
-6.2801,-7.1119
-0.063506,-0.37928
-0.063506,-0.93757
0.99738,0.94067
0.99738,0.54365
0.99738,1.3721
0.99738,0.35404
0.99738,1.5016
0.99738,1.4914
0.99738,0.29717
0.99738,0.47409
5.724,5.44
5.724,5.5561
5.724,6.2597
5.724,5.9961
5.724,5.8459
5.724,4.9506
5.724,6.3544
5.5014,4.8791
5.5014,5.8933
5.5014,5.1383
5.5014,4.6514
5.5014,5.5561
5.5014,5.8459
5.5014,6.3102
6.4105,7.2726
-5.912,-5.3604
-5.912,-5.2466
-5.912,-6.401
-4.2177,-3.691
-4.2177,-4.7245
-4.2177,-3.8934
-4.2177,-3.308
-4.2177,-3.3581
-4.2177,-4.5439
-4.2177,-3.8169
-4.2177,-4.1571
-4.2177,-5.061
-4.5526,-4.5945
7.0038,6.3897
7.0038,6.2782
7.0038,7.2122
7.0038,6.9306
-5.0616,-5.8284
-5.0616,-5.8787
-5.0616,-5.9114
-5.0616,-5.0903
0.41109,-0.37928
-3.5051,-3.2209
1.6189,2.2363
1.6189,0.80839
1.6189,1.1304
1.6189,1.4457
-2.9428,-2.8906
-2.9428,-2.1341
-2.9428,-2.2245
-2.9428,-3.2111
1.0804,0.94067
1.0804,1.3372
1.0804,0.1494
1.0804,0.62335
1.0804,1.3721
1.0804,0.35404
1.0804,1.7362
1.0804,0.48736
-0.36796,-1.2929
-0.36796,-0.72977
-7.8129,-7.5618
-7.8129,-6.8426
-7.8129,-7.1119
-0.0022853,0.94067
-0.0022853,0.54365
-0.0022853,-0.65273
-0.0022853,0.1494
-0.0022853,0.62335
-0.0022853,-0.44029
-0.0022853,0.35404
-0.0022853,-0.87834
-0.0022853,-0.33336
-0.0022853,0.29717
3.317,2.4095
-1.1371,-1.8273
-1.1371,-1.4001
-1.1371,-1.3392
-1.1371,-0.37928
-1.1371,-2.001
-1.1371,-0.93757
-1.3785,-0.6957
-1.3785,-1.4212
-5.8787,-5.2348
-5.8787,-6.5114
-5.8787,-6.6072
-5.8787,-5.8284
-5.8787,-6.2801
-5.8787,-5.0616
-5.8787,-5.9114
-5.8787,-5.6357
-5.8787,-6.3927
-5.8787,-5.0903
-5.9114,-6.5114
-5.9114,-5.8284
-5.9114,-5.0616
-5.9114,-5.8787
-5.9114,-6.8426
-5.9114,-6.2054
-1.4001,-2.1715
-1.4001,-1.9882
-1.4001,-1.1371
-1.4001,-1.2929
-1.4001,-1.3392
-1.4001,-0.72977
5.9155,5.1235
5.9155,6.0327
5.1114,5.7015
5.1114,4.4467
5.1114,5.4645
5.1114,5.95
5.1114,5.2713
5.1114,4.6468
1.1304,0.80839
1.1304,1.6189
1.1304,0.27894
1.1304,1.3647
-3.2773,-3.691
-3.2773,-4.0149
5.4645,5.7015
5.4645,6.3897
5.4645,4.7673
5.4645,5.1114
5.4645,5.95
5.4645,4.6468
1.3372,1.0804
1.3372,2.0413
1.3372,1.7362
1.3372,0.48736
1.3372,0.77423
0.1494,-0.65273
0.1494,1.0804
0.1494,-0.0022853
0.1494,0.62335
0.1494,-0.44029
0.1494,0.35404
0.1494,0.48736
0.1494,0.23371
0.1494,-0.4646
1.5107,1.3451
1.5107,0.56813
1.5107,1.9729
-5.5647,-5.2348
-5.5647,-5.7238
-5.5647,-6.2801
-5.5647,-5.6357
-5.5647,-4.8478
-2.5757,-2.1715
-2.5757,-2.8906
-2.5757,-1.8273
-2.5757,-1.9882
-2.5757,-3.3581
-2.5757,-2.2245
-2.5757,-2.9873
-2.5757,-2.001
-2.5757,-3.2111
2.0413,1.3372
-1.4212,-2.1309
-1.4212,-0.6957
-1.4212,-1.3785
-1.4212,-1.5847
-1.4212,-0.87834
6.6925,5.9961
6.6925,6.3544
6.0327,5.1235
6.0327,5.9155
6.0327,6.2782
6.0327,5.95
6.0327,5.2713
6.0327,6.9306
-1.5847,-0.65273
-1.5847,-1.4212
-1.5847,-0.87834
0.62335,0.94067
0.62335,0.54365
0.62335,1.0804
0.62335,-0.0022853
0.62335,0.1494
0.62335,1.3721
0.62335,0.35404
0.62335,0.48736
0.62335,0.23371
5.44,5.724
5.44,5.5561
5.44,5.9961
5.44,4.5663
5.44,4.9506
5.44,6.3544
-5.5616,-4.8868
-5.5616,-6.1651
-5.5616,-4.5945
-5.5616,-5.3672
5.902,6.424
5.902,5.8933
5.902,5.3177
-5.3375,-5.806
-5.3375,-4.8868
-5.3375,-5.8153
-5.3375,-4.7245
-5.3375,-4.5439
-5.3375,-5.3672
-5.3375,-5.061
4.6514,3.776
4.6514,4.8791
4.6514,5.1383
4.6514,5.5014
-4.5828,-4.7245
-4.5828,-3.8934
-4.5828,-3.9859
-4.5828,-3.8169
-4.5828,-5.061
0.34732,0.85728
0.34732,0.80839
0.34732,0.23768
0.34732,-0.36204
6.2782,6.3897
6.2782,7.0038
6.2782,6.0327
6.2782,5.95
6.2782,6.9306
-0.44029,-0.65273
-0.44029,-0.0022853
-0.44029,0.1494
-0.44029,0.35404
-0.44029,-0.87834
-0.44029,-0.33336
-0.41915,0.23768
5.8559,5.5062
5.8559,6.7196
5.5062,5.8559
5.5062,4.9386
5.95,5.7015
5.95,6.3897
5.95,5.1114
5.95,5.4645
5.95,6.0327
5.95,6.2782
5.95,5.2713
6.4142,5.7015
6.4142,6.3897
6.4142,7.2122
5.5561,4.8791
5.5561,5.724
5.5561,5.5014
5.5561,5.44
5.5561,6.2597
5.5561,5.8459
5.5561,4.9506
6.8845,6.5153
6.8845,6.2597
6.8845,6.9125
6.8845,7.4585
6.8845,6.3544
-3.3581,-2.8906
-3.3581,-3.8934
-3.3581,-3.308
-3.3581,-4.2177
-3.3581,-2.5757
-3.3581,-2.9873
-3.3581,-3.8169
-3.3581,-3.2111
-0.51094,-0.6957
-0.51094,-0.2472
-2.2245,-2.1341
-2.2245,-1.8273
-2.2245,-2.9428
-2.2245,-2.5757
-2.2245,-2.001
6.2597,6.5153
6.2597,5.724
6.2597,5.5561
6.2597,6.8845
6.2597,5.8459
6.2597,6.3544
-5.3604,-5.912
1.3721,0.94067
1.3721,0.54365
1.3721,0.99738
1.3721,1.0804
1.3721,0.62335
1.3721,1.7362
1.3721,1.4914
1.3721,2.1606
0.56813,0.85728
0.56813,1.3451
0.56813,1.5107
0.56813,0.23768
-1.2929,-2.1715
-1.2929,-0.36796
-1.2929,-1.4001
-1.2929,-0.72977
4.3819,5.1235
4.3819,4.0431
4.3819,5.2713
4.3819,4.6468
2.4095,3.317
-1.3392,-1.8273
-1.3392,-1.9882
-1.3392,-1.1371
-1.3392,-1.4001
-1.3392,-0.37928
-1.3392,-2.001
-1.3392,-0.72977
-1.3392,-0.93757
5.9961,5.724
5.9961,6.6925
5.9961,5.44
5.9961,6.3544
-5.2466,-5.685
-5.2466,-5.912
-5.2466,-4.5508
1.9729,1.3451
1.9729,2.3663
1.9729,1.5107
-4.5439,-4.8868
-4.5439,-3.691
-4.5439,-4.7245
-4.5439,-4.2177
-4.5439,-5.3375
-4.5439,-3.8169
-4.5439,-4.0149
-4.5439,-4.1571
-4.5439,-4.5945
-4.5439,-5.3672
-4.5439,-5.061
6.9125,6.5153
6.9125,6.8845
6.9125,6.9575
6.9125,6.3102
0.35404,0.94067
0.35404,0.54365
0.35404,0.99738
0.35404,1.0804
0.35404,-0.0022853
0.35404,0.1494
0.35404,0.62335
0.35404,-0.44029
0.35404,0.48736
0.35404,-0.33336
0.35404,0.29717
6.9575,6.424
6.9575,6.9125
6.9575,6.3102
6.9575,7.4311
-6.1651,-5.8153
-6.1651,-5.5616
-6.1651,-5.3672
-3.9859,-3.8934
-3.9859,-4.5828
-3.9859,-3.2111
5.8459,6.5153
5.8459,4.8791
5.8459,5.8933
5.8459,5.724
5.8459,5.5014
5.8459,5.5561
5.8459,6.2597
5.8459,6.3102
-0.37928,-0.063506
-0.37928,0.41109
-0.37928,-1.1371
-0.37928,-1.3392
-0.37928,-0.72977
-7.0777,-6.5114
-7.0777,-6.8426
-7.0777,-6.2054
4.5663,3.8799
4.5663,5.44
4.5663,4.9506
1.7362,1.0804
1.7362,1.3372
1.7362,1.3721
7.4585,6.8845
4.0431,4.4467
4.0431,4.3819
4.0431,4.6468
-2.9873,-2.1715
-2.9873,-2.8906
-2.9873,-3.308
-2.9873,-1.9882
-2.9873,-2.5757
-2.9873,-3.3581
-2.9873,-3.8169
-2.9873,-2.8018
0.48736,1.0804
0.48736,1.3372
0.48736,0.1494
0.48736,0.62335
0.48736,0.35404
0.48736,0.77423
0.48736,0.23371
0.48736,-0.4646
-0.87834,-0.6957
-0.87834,-0.65273
-0.87834,-0.0022853
-0.87834,-1.4212
-0.87834,-1.5847
-0.87834,-0.44029
-0.87834,-0.33336
1.4457,0.85728
1.4457,1.3451
1.4457,2.3663
1.4457,0.80839
1.4457,1.6189
4.9386,5.5062
4.9386,4.387
1.5016,0.99738
1.5016,1.4914
-3.8169,-4.7245
-3.8169,-3.8934
-3.8169,-3.308
-3.8169,-4.2177
-3.8169,-4.5828
-3.8169,-3.3581
-3.8169,-4.5439
-3.8169,-2.9873
-3.8169,-4.1571
-4.0149,-4.8868
-4.0149,-3.691
-4.0149,-3.2773
-4.0149,-4.5439
-4.0149,-4.1571
-4.0149,-4.5945
-4.5692,-5.2348
-4.5692,-4.5492
-4.5692,-3.943
-4.5692,-5.0903
-6.8426,-6.5114
-6.8426,-7.8129
-6.8426,-5.9114
-6.8426,-7.0777
-6.8426,-6.3927
-6.8426,-7.1119
0.27894,1.1304
-6.5388,-5.806
-6.5388,-5.8153
0.77423,1.3372
0.77423,0.48736
0.77423,0.23371
6.7196,5.8559
-5.6357,-5.2348
-5.6357,-5.7238
-5.6357,-6.6072
-5.6357,-6.2801
-5.6357,-5.8787
-5.6357,-5.5647
-5.6357,-6.3927
-5.6357,-5.0903
-4.8478,-5.7238
-4.8478,-5.5647
-4.8478,-4.5492
-6.2054,-6.5114
-6.2054,-5.9114
-6.2054,-7.0777
1.4914,0.94067
1.4914,0.54365
1.4914,0.99738
1.4914,1.3721
1.4914,1.5016
1.4914,2.1606
3.0832,3.8799
-4.5492,-5.2348
-4.5492,-4.5692
-4.5492,-4.8478
-4.1571,-4.8868
-4.1571,-3.691
-4.1571,-4.7245
-4.1571,-3.308
-4.1571,-4.2177
-4.1571,-4.5439
-4.1571,-3.8169
-4.1571,-4.0149
5.2713,5.1235
5.2713,5.1114
5.2713,6.0327
5.2713,5.95
5.2713,4.3819
5.2713,4.6468
-4.5945,-4.8868
-4.5945,-4.5526
-4.5945,-5.5616
-4.5945,-4.5439
-4.5945,-4.0149
-4.5945,-5.3672
-0.33336,0.54365
-0.33336,-0.6957
-0.33336,-0.0022853
-0.33336,-0.44029
-0.33336,0.35404
-0.33336,-0.87834
-0.33336,0.29717
-0.33336,-0.2472
4.6468,4.4467
4.6468,5.1114
4.6468,5.4645
4.6468,4.3819
4.6468,4.0431
4.6468,5.2713
-2.001,-2.8906
-2.001,-1.8273
-2.001,-1.9882
-2.001,-1.1371
-2.001,-2.5757
-2.001,-2.2245
-2.001,-1.3392
1.3647,1.1304
6.9864,6.9306
4.9506,4.8791
4.9506,5.724
4.9506,5.44
4.9506,5.5561
4.9506,4.5663
0.29717,0.94067
0.29717,0.54365
0.29717,0.99738
0.29717,-0.0022853
0.29717,0.35404
0.29717,-0.33336
0.29717,0.47409
0.29717,-0.2472
-5.3672,-4.8868
-5.3672,-5.8153
-5.3672,-4.7245
-5.3672,-5.5616
-5.3672,-5.3375
-5.3672,-4.5439
-5.3672,-6.1651
-5.3672,-4.5945
-2.4691,-3.2209
-3.943,-4.5692
-1.2537,-2.1341
-1.2537,-0.93757
-4.5508,-5.2163
-4.5508,-5.2466
-5.061,-5.806
-5.061,-4.7245
-5.061,-4.2177
-5.061,-5.3375
-5.061,-4.5828
-5.061,-4.5439
7.2122,6.3897
7.2122,7.0038
7.2122,6.4142
4.387,4.9386
-0.72977,-0.36796
-0.72977,-1.4001
-0.72977,-1.2929
-0.72977,-1.3392
-0.72977,-0.37928
-6.401,-5.685
-6.401,-5.912
0.23371,0.1494
0.23371,0.62335
0.23371,0.48736
0.23371,0.77423
0.23371,-0.4646
2.1606,2.5053
2.1606,1.3721
2.1606,1.4914
0.47409,0.54365
0.47409,0.99738
0.47409,0.29717
0.47409,-0.2472
-6.3927,-6.5114
-6.3927,-6.6072
-6.3927,-5.8284
-6.3927,-6.2801
-6.3927,-5.8787
-6.3927,-6.8426
-6.3927,-5.6357
-6.3927,-7.1119
-3.2111,-2.8906
-3.2111,-3.8934
-3.2111,-2.9428
-3.2111,-2.5757
-3.2111,-3.3581
-3.2111,-3.9859
-7.1119,-7.5618
-7.1119,-6.5114
-7.1119,-6.6072
-7.1119,-6.2801
-7.1119,-7.8129
-7.1119,-6.8426
-7.1119,-6.3927
-0.2472,-0.6957
-0.2472,-0.51094
-0.2472,-0.33336
-0.2472,0.29717
-0.2472,0.47409
5.3177,5.1383
5.3177,5.902
0.23768,0.85728
0.23768,0.80839
0.23768,0.34732
0.23768,-0.41915
0.23768,0.56813
0.23768,-0.36204
-2.8018,-2.1715
-2.8018,-3.691
-2.8018,-3.308
-2.8018,-2.9873
6.3102,6.424
6.3102,6.5153
6.3102,5.8933
6.3102,5.5014
6.3102,6.9125
6.3102,6.9575
6.3102,5.8459
6.9306,7.0038
6.9306,6.0327
6.9306,6.2782
6.9306,6.9864
-5.0903,-5.2348
-5.0903,-5.8284
-5.0903,-5.0616
-5.0903,-5.8787
-5.0903,-4.5692
-5.0903,-5.6357
-3.2209,-3.5051
-3.2209,-2.4691
-0.4646,-0.65273
-0.4646,0.1494
-0.4646,0.48736
-0.4646,0.23371
-0.36204,0.34732
-0.36204,0.23768
-6.4283,-6.8243
6.4869,6.424
6.4869,6.1927
6.4869,7.4311
6.3544,5.724
6.3544,6.6925
6.3544,5.44
6.3544,6.8845
6.3544,6.2597
6.3544,5.9961
-0.93757,-1.8273
-0.93757,-0.063506
-0.93757,-1.1371
-0.93757,-1.3392
-0.93757,-1.2537
7.4311,6.9575
7.4311,6.4869
