-7.4944,-7.0747
-6.3935,-5.8735
-6.3935,-6.6693
-6.3935,-6.6152
-4.3167,-4.7359
-4.3167,-3.8535
-4.3167,-3.5809
-4.3167,-4.6688
-0.014999,0.84414
-0.014999,-0.28382
-5.4055,-5.8077
-5.4055,-4.639
-5.4055,-5.1531
-5.4055,-6.028
-6.8917,-6.2756
-6.8917,-6.4384
-6.8917,-6.3205
-6.9347,-7.7632
-6.9347,-7.0747
-6.9347,-6.9888
5.8312,5.8745
5.8312,5.1281
5.8312,6.5341
-4.4341,-3.601
-4.4341,-4.627
-4.4341,-4.2235
-4.4341,-3.9684
-4.4341,-4.8755
5.8745,5.8312
5.8745,5.1281
5.8745,5.1467
5.8745,5.8248
5.8745,6.7809
-5.8735,-6.3935
-5.8735,-6.6152
-5.8735,-5.4968
-5.8735,-5.29
-6.2615,-6.8412
-6.2615,-5.5482
-6.2615,-6.371
-6.2615,-5.5492
-6.2615,-6.3791
7.3518,6.9242
7.3518,6.9294
3.3129,3.7389
3.3129,3.9293
3.3129,2.3629
4.1135,4.9902
4.1135,4.2743
4.1135,3.6999
4.1135,4.8649
-6.2756,-6.8917
-6.2756,-5.8077
-6.2756,-6.4384
-6.2756,-5.8853
-6.2756,-5.4092
-6.2756,-6.3205
-6.2756,-5.5691
7.3085,7.5484
7.3085,6.4436
-3.8111,-4.627
-3.8111,-4.639
-3.8111,-3.9684
-3.8111,-3.0223
6.1666,6.3223
6.1666,5.545
6.1666,6.6941
6.1666,5.9129
-4.3317,-4.4291
-5.4423,-4.7359
-5.4423,-5.5492
-5.4423,-6.3791
-0.15508,0.39128
-0.15508,0.71413
-0.15508,-0.55579
-0.15508,0.58437
-0.15508,0.14742
-0.15508,-0.70736
0.39128,-0.15508
0.39128,0.58437
0.39128,0.95183
0.39128,-0.2972
2.7091,1.8343
3.7389,3.3129
3.7389,4.408
3.7389,4.7153
-6.7608,-7.4015
-6.7608,-6.371
-6.7608,-7.3613
1.9622,1.5331
1.9622,2.8167
-5.8077,-5.4055
-5.8077,-6.2756
-5.8077,-5.8853
-5.8077,-5.1531
-5.8077,-6.7403
-5.8077,-5.4092
-5.8077,-6.028
-5.8077,-6.3205
-1.2343,-0.9238
-1.2343,-1.9242
-1.2343,-0.55579
4.9902,4.1135
4.9902,4.8649
6.4653,7.2805
4.408,3.7389
4.408,5.2948
4.408,4.7153
4.408,4.3993
-2.8098,-3.3171
-1.5927,-2.5208
-1.5927,-1.3392
-1.5927,-0.89315
3.2945,2.8167
0.92612,1.5331
0.92612,1.8343
-0.9238,-1.2343
-0.9238,-1.5077
-0.9238,-0.23644
-0.9238,-0.46584
-3.601,-4.4341
-3.601,-3.9684
-3.601,-3.0223
6.3223,6.1666
6.3223,5.545
6.3223,7.0981
6.3223,6.0872
-8.3779,-8.1484
4.1837,5.1281
4.1837,4.2743
8.0422,7.2805
5.1281,5.8312
5.1281,5.8745
5.1281,4.1837
5.1281,5.1467
2.6977,2.9868
2.6977,1.9837
-6.6693,-6.3935
-7.7632,-6.9347
-7.7632,-7.0747
6.241,6.9242
-0.32811,0.57971
-0.32811,-0.53823
-0.32811,-0.49616
-7.0747,-7.4944
-7.0747,-6.9347
-7.0747,-7.7632
0.23525,0.25975
0.23525,-0.47845
2.1623,2.9868
2.1623,1.8343
5.2017,5.2948
5.2017,4.8311
5.2017,5.545
5.2017,4.3993
5.2017,5.9129
5.2948,4.408
5.2948,5.2017
5.2948,4.7153
5.2948,5.545
5.2948,5.3819
6.9484,7.2805
-6.6152,-6.3935
-6.6152,-5.8735
-6.6152,-6.9888
-6.6152,-5.9596
-6.6152,-7.4036
-4.627,-4.4341
-4.627,-3.8111
-4.627,-4.639
-4.627,-5.1531
-4.627,-3.9684
-4.627,-5.4092
-4.627,-4.8755
-5.2623,-4.8755
-5.2623,-5.5691
7.6771,6.7809
7.6771,7.6611
-4.8408,-5.5482
-4.8408,-3.966
-4.8408,-4.6688
0.57971,-0.32811
-5.4968,-5.8735
2.1747,1.5331
2.1747,1.8343
-3.7055,-3.9803
1.0663,1.5188
1.0663,0.39748
0.51618,-0.081071
0.51618,1.1311
-6.8412,-6.2615
-6.8412,-7.3282
-6.8412,-6.371
-6.8412,-6.3791
0.71413,-0.15508
0.71413,1.1365
0.71413,0.58437
0.71413,0.14742
0.71413,1.3725
3.834,4.2557
-0.53765,-0.53823
-0.53765,0.25975
-0.53765,-1.3392
-0.53765,-0.89315
-0.53765,-0.47845
-3.1788,-2.4155
-3.1788,-3.4784
-5.5482,-6.2615
-5.5482,-4.8408
-5.5482,-6.371
-5.5482,-5.5492
-5.5482,-4.6688
5.4161,4.9856
5.4161,6.2143
-7.4015,-6.7608
-1.3996,-1.3885
-1.3996,-0.49616
4.0851,3.422
4.2743,4.1135
4.2743,4.1837
4.2743,5.1467
4.2743,4.8649
1.5331,1.9622
1.5331,0.92612
1.5331,2.1747
1.5331,0.84414
-4.2235,-4.4341
5.1467,5.8745
5.1467,5.1281
5.1467,4.2743
5.1467,5.8248
5.1467,4.8649
-1.5077,-0.9238
-1.5077,-2.0923
-1.5077,-2.2887
2.8619,2.8167
-4.7359,-4.3167
-4.7359,-5.4423
-4.7359,-5.5492
-4.7359,-4.6688
-1.3885,-1.3996
-1.3885,-2.23
-1.3885,-0.53823
-1.3885,-1.3392
1.5188,1.0663
-1.9242,-1.2343
-1.9242,-2.4155
-1.9242,-1.2784
6.9197,6.6941
5.8248,5.8745
5.8248,5.1467
5.8248,4.8649
-2.0923,-1.5077
1.1365,0.71413
1.1365,0.47403
1.1365,0.14742
4.8311,5.2017
4.8311,5.7757
4.8311,3.9293
4.8311,4.3993
-6.4384,-6.8917
-6.4384,-6.2756
-6.4384,-5.5691
7.2805,6.4653
7.2805,8.0422
7.2805,6.9484
-5.8853,-6.2756
-5.8853,-5.8077
-5.8853,-5.1531
-5.8853,-5.4092
-5.8853,-6.3205
-5.8853,-5.5691
4.7153,3.7389
4.7153,4.408
4.7153,5.2948
4.7153,5.3819
-4.639,-5.4055
-4.639,-3.8111
-4.639,-4.627
-4.639,-5.1531
0.84414,-0.014999
0.84414,1.5331
0.84414,0.78123
-0.55579,-0.15508
-0.55579,-1.2343
-0.55579,-0.23644
-0.55579,0.14742
-0.55579,-0.70736
-0.28382,-0.014999
-0.28382,-1.0771
4.9856,5.4161
6.7809,5.8745
6.7809,7.6771
6.5341,5.8312
5.545,6.1666
5.545,6.3223
5.545,5.2017
5.545,5.2948
5.545,5.9129
7.2593,6.6941
-2.23,-1.3885
-2.4155,-3.1788
-2.4155,-1.9242
-2.5208,-1.5927
-2.5208,-3.3171
6.6941,6.1666
6.6941,6.9197
6.6941,7.2593
6.6941,5.9129
-6.9888,-6.9347
-6.9888,-6.6152
-6.9888,-7.8229
0.58437,-0.15508
0.58437,0.39128
0.58437,0.71413
0.58437,1.3725
0.78123,0.84414
-0.081071,0.51618
-0.081071,0.74923
3.422,4.0851
3.422,3.6999
2.9868,2.6977
2.9868,2.1623
-0.53823,-0.32811
-0.53823,-0.53765
-0.53823,-1.3885
-0.53823,0.25975
-0.53823,-1.3392
5.7757,4.8311
5.7757,5.9129
-5.9596,-6.6152
2.8167,1.9622
2.8167,3.2945
2.8167,2.8619
-5.1531,-5.4055
-5.1531,-5.8077
-5.1531,-4.627
-5.1531,-5.8853
-5.1531,-4.639
-5.1531,-5.4092
7.6967,6.9242
7.6967,7.0981
0.47403,1.1365
0.47403,-0.23644
0.47403,0.14742
6.9242,7.3518
6.9242,6.241
6.9242,7.6967
8.6959,7.8675
-6.7403,-5.8077
-6.7403,-6.028
-6.7403,-6.3205
-3.9803,-3.7055
5.3819,5.2948
5.3819,4.7153
5.3819,6.0872
0.25975,0.23525
0.25975,-0.53765
0.25975,-0.53823
-7.3282,-6.8412
-7.3282,-7.3613
3.9293,3.3129
3.9293,4.8311
3.9293,4.3993
1.9837,2.6977
1.9837,1.3725
7.0981,6.3223
7.0981,7.6967
3.6999,4.1135
3.6999,3.422
3.6999,4.3386
0.39748,1.0663
-0.23644,-0.9238
-0.23644,-0.55579
-0.23644,0.47403
-0.23644,0.14742
-0.23644,-0.46584
1.8343,2.7091
1.8343,0.92612
1.8343,2.1747
1.8343,1.5868
6.2143,5.4161
1.8343,2.1623
1.8343,1.3725
-3.9684,-4.4341
-3.9684,-3.8111
-3.9684,-3.601
-3.9684,-4.627
-3.9684,-3.0223
-5.4092,-6.2756
-5.4092,-5.8077
-5.4092,-4.627
-5.4092,-5.8853
-5.4092,-5.1531
-5.4092,-4.8755
-5.4092,-5.5691
-3.8535,-4.3167
-3.8535,-3.966
-3.8535,-4.6688
-6.371,-6.2615
-6.371,-6.7608
-6.371,-6.8412
-6.371,-5.5482
1.5868,1.8343
1.5868,1.1311
1.5868,0.74923
-6.028,-5.4055
-6.028,-5.8077
-6.028,-6.7403
7.8675,8.6959
-4.3659,-3.5809
-7.3613,-6.7608
-7.3613,-7.3282
0.95183,0.39128
2.3629,3.3129
-3.5809,-4.3167
-3.5809,-4.3659
-6.3205,-6.8917
-6.3205,-6.2756
-6.3205,-5.8077
-6.3205,-5.8853
-6.3205,-6.7403
4.3386,3.6999
-4.8755,-4.4341
-4.8755,-4.627
-4.8755,-5.2623
-4.8755,-5.4092
-4.8755,-5.5691
0.14742,-0.15508
0.14742,0.71413
0.14742,1.1365
0.14742,-0.55579
0.14742,0.47403
0.14742,-0.23644
4.8649,4.1135
4.8649,4.9902
4.8649,4.2743
4.8649,5.1467
4.8649,5.8248
-1.3392,-1.5927
-1.3392,-0.53765
-1.3392,-1.3885
-1.3392,-0.53823
1.1311,0.51618
1.1311,1.5868
1.1311,0.74923
7.5484,7.3085
4.3993,4.408
4.3993,5.2017
4.3993,4.8311
4.3993,3.9293
-0.70736,-0.15508
-0.70736,-0.55579
-0.70736,-0.2972
-0.70736,-1.2784
-5.5691,-6.2756
-5.5691,-5.2623
-5.5691,-6.4384
-5.5691,-5.8853
-5.5691,-5.4092
-5.5691,-4.8755
-3.4784,-3.1788
-3.966,-4.8408
-3.966,-3.8535
-0.89315,-1.5927
-0.89315,-0.53765
-0.89315,-0.47845
-7.8229,-6.9888
-7.8229,-7.4036
-5.29,-5.8735
7.6611,7.6771
4.2557,3.834
-0.49616,-0.32811
-0.49616,-1.3996
-7.4036,-6.6152
-7.4036,-7.8229
-0.46584,-0.9238
-0.46584,-0.23644
1.3725,0.71413
1.3725,0.58437
1.3725,1.9837
1.3725,1.8343
-0.2972,0.39128
-0.2972,-0.70736
-5.5492,-6.2615
-5.5492,-5.4423
-5.5492,-5.5482
-5.5492,-4.7359
-5.5492,-4.6688
-3.3171,-2.8098
-3.3171,-2.5208
-6.3791,-6.2615
-6.3791,-5.4423
-6.3791,-6.8412
-1.2784,-1.9242
-1.2784,-0.70736
8.4378,8.0318
-1.0771,-0.28382
-3.0223,-3.8111
-3.0223,-3.601
-3.0223,-3.9684
6.0872,6.3223
6.0872,5.3819
6.4436,7.3085
-4.6688,-4.3167
-4.6688,-4.8408
-4.6688,-5.5482
-4.6688,-4.7359
-4.6688,-3.8535
-4.6688,-5.5492
-4.4291,-4.3317
-2.2887,-1.5077
0.74923,-0.081071
0.74923,1.5868
0.74923,1.1311
-8.1484,-8.3779
6.9294,7.3518
5.9129,6.1666
5.9129,5.2017
5.9129,5.545
5.9129,6.6941
5.9129,5.7757
-0.47845,0.23525
-0.47845,-0.53765
-0.47845,-0.89315
8.0318,8.4378
