4.5914,5.1272
4.5914,4.3618
4.5914,4.3913
-2.479,-1.633
-2.479,-2.6243
-2.479,-2.3317
-2.479,-1.8628
-7.2841,-6.7982
-2.7117,-2.9869
-2.7117,-2.2133
-2.7117,-2.7625
-2.7117,-3.3452
-2.7117,-3.5241
-2.7117,-2.3317
-2.7117,-1.8287
1.5465,1.4352
1.5465,1.9019
1.5465,1.3069
1.5465,0.6927
1.5465,1.8777
1.5465,2.3935
5.4363,4.9157
5.4363,4.764
5.4363,5.1269
3.9505,4.4244
3.9505,3.2147
3.9505,4.3374
3.9505,3.6678
3.9505,3.8299
3.9505,4.4915
3.9505,3.6408
3.9505,3.3641
-4.0947,-3.6246
-4.0947,-4.9777
-4.0947,-3.3452
7.1858,6.2992
7.1858,6.6203
7.1858,6.3843
7.1858,6.8005
3.6664,4.3637
3.6664,2.9776
3.6664,3.8299
3.6664,3.6408
3.6664,4.0527
6.2992,7.1858
6.2992,5.7958
6.2992,6.3843
6.2992,5.5195
6.2992,5.4806
6.2992,6.8005
6.2992,5.8826
-6.7982,-7.2841
-6.7982,-6.6302
-6.7982,-6.1032
-1.633,-2.479
-1.633,-1.2271
-1.633,-2.6243
-1.633,-1.8533
-1.633,-1.316
-1.633,-2.3317
-1.633,-1.8628
-0.28651,-1.0251
-0.28651,-0.30881
-0.28651,-0.16181
-0.28651,0.5905
-0.28651,-1.0964
-2.415,-1.5716
-2.415,-2.7214
-2.415,-2.2195
-2.415,-2.1014
5.7958,6.2992
5.7958,6.6203
5.7958,5.6677
5.7958,6.3843
5.7958,5.1779
5.7958,5.5195
5.7958,5.4806
5.7958,4.9975
5.7958,5.3492
4.4244,3.9505
4.4244,4.9157
4.4244,4.3374
4.4244,3.6678
4.4244,4.764
4.4244,5.1269
2.7977,1.9732
5.6187,6.5404
5.6187,4.6873
5.6187,5.474
5.6187,4.936
-1.0251,-0.28651
-1.0251,-1.8535
-1.0251,-1.2295
-1.0251,-0.16181
-1.0251,-1.0964
-5.6651,-6.5489
-2.9869,-2.7117
-2.9869,-3.6246
-2.9869,-2.6243
-2.9869,-3.3452
-2.9869,-2.3317
-5.818,-6.5126
-5.818,-5.3932
-5.818,-5.1996
-5.818,-4.9207
-5.818,-6.0097
-5.818,-5.8703
-6.5126,-5.818
-6.5126,-7.1068
-6.5126,-6.0097
-6.5126,-6.7364
2.4393,1.6558
2.4393,2.608
2.4393,1.8777
-1.5716,-2.415
-1.5716,-1.5578
-1.5716,-2.1014
-1.2271,-1.633
-1.2271,-1.3098
-1.2271,-1.8533
-1.2271,-0.68744
-1.2271,-1.316
-1.2271,-0.40645
-1.2271,-1.8287
1.4352,1.5465
1.4352,1.6558
1.4352,0.74423
1.4352,0.6927
1.4352,1.8777
4.9157,5.4363
4.9157,4.4244
4.9157,4.3637
4.9157,4.3374
4.9157,5.7521
4.9157,4.9043
4.9157,4.936
4.9157,4.4915
4.9157,5.1269
-5.4844,-5.3932
-5.4844,-4.5351
-5.4844,-6.0374
-5.4844,-4.9207
-5.4844,-5.3014
-5.4844,-4.9713
-5.4844,-5.8703
-5.4844,-6.386
4.4858,4.5564
4.4858,4.0134
4.4858,4.9975
4.4858,5.3492
1.6613,1.9732
1.6613,2.5054
1.6613,1.3277
-1.5578,-1.5716
-1.5578,-1.6713
-1.5578,-0.65166
-1.5578,-1.0394
-1.5578,-2.1014
7.2775,6.3803
7.2775,6.5681
6.7277,5.9576
6.7277,6.3803
6.7277,5.7696
6.7277,6.518
6.7277,7.6839
6.7277,6.8669
1.6558,2.4393
1.6558,1.4352
1.6558,0.74423
1.6558,1.8777
6.5404,5.6187
6.5404,7.4381
2.6268,2.608
2.6268,3.1758
2.6268,1.9019
2.6268,2.3935
2.6268,2.0757
2.6268,3.1465
-4.2824,-4.905
-4.2824,-4.5351
-4.2824,-3.8464
4.6873,5.6187
4.6873,4.3637
4.6873,4.3913
4.6873,4.936
4.6873,4.0527
-1.3316,-1.6713
-1.3316,-2.0144
-1.3316,-1.9136
-1.3316,-1.0394
-1.3316,-1.0964
8.5551,9.3415
8.5551,8.8993
6.0387,6.6203
6.0387,5.6677
6.0387,5.3492
1.9732,2.7977
1.9732,1.6613
1.9732,2.5054
1.9732,1.3277
6.6203,7.1858
6.6203,5.7958
6.6203,6.0387
6.6203,5.6677
6.6203,6.3843
-6.3345,-7.262
-6.6302,-6.7982
-6.6302,-6.0527
-3.6246,-4.0947
-3.6246,-2.9869
-0.30881,-0.28651
-0.30881,-1.0394
-0.30881,-1.0964
5.1272,4.5914
5.1272,5.4536
5.1272,5.7009
5.1272,5.474
5.1272,5.7696
-2.6243,-2.479
-2.6243,-1.633
-2.6243,-2.9869
-2.6243,-1.8533
-2.6243,-2.3317
5.9661,5.9576
5.9661,5.0316
5.9661,6.8669
-7.1068,-6.5126
-7.1068,-6.9683
-2.2791,-1.6713
-2.2791,-2.9501
-2.2791,-2.0144
-2.2791,-2.7214
-2.2791,-2.1014
-2.2791,-2.5272
-1.6713,-1.5578
-1.6713,-1.3316
-1.6713,-2.2791
-1.6713,-2.0144
-1.6713,-1.0394
-1.6713,-2.1014
2.5054,1.6613
2.5054,1.9732
-5.6366,-4.9777
-5.6366,-6.1032
-5.6366,-4.7676
-5.6366,-6.0527
4.3637,3.6664
4.3637,4.9157
4.3637,4.6873
4.3637,4.3374
4.3637,4.9043
4.3637,4.936
4.3637,3.8299
4.3637,4.4915
4.3637,3.6408
4.3637,4.0527
2.7081,2.9776
2.7081,3.6408
2.7081,3.3641
4.7638,5.1779
4.7638,5.5195
4.7638,4.321
-1.3098,-1.2271
-1.3098,-1.8533
-1.3098,-0.68744
-1.3098,-2.2133
-1.3098,-1.565
-1.3098,-1.8287
4.9451,5.0316
-6.5822,-6.1032
-6.5822,-6.3881
2.608,2.4393
2.608,2.6268
2.608,1.8777
2.608,2.3935
2.608,3.3186
-4.1638,-4.5642
-4.1638,-4.9816
-4.1638,-4.1458
4.0021,3.1758
4.0021,4.3618
4.0021,3.1465
-1.3763,-1.316
-1.3763,-1.8628
-5.3932,-5.818
-5.3932,-5.4844
-5.3932,-4.5642
-5.3932,-5.1996
-5.3932,-4.9207
-5.3932,-4.9713
-5.3932,-5.8703
-7.0269,-7.5265
5.9576,6.7277
5.9576,5.9661
5.9576,5.4536
5.9576,5.7696
5.9576,6.518
5.9576,5.0303
-5.9482,-6.0374
-5.9482,-5.3014
-1.8533,-1.633
-1.8533,-1.2271
-1.8533,-2.6243
-1.8533,-1.3098
-1.8533,-2.2133
-1.8533,-2.3317
-1.8533,-1.8287
-7.5265,-7.0269
-7.5265,-7.7548
-7.5265,-6.8638
-0.68744,-1.2271
-0.68744,-1.3098
-0.68744,-0.40645
5.4536,5.1272
5.4536,5.9576
5.4536,5.7009
5.4536,5.7696
5.4536,5.0303
4.5564,4.4858
4.5564,5.1779
4.5564,5.4806
4.5564,4.9975
4.5564,4.321
5.6677,5.7958
5.6677,6.0387
5.6677,6.6203
5.6677,6.3843
5.6677,5.4806
5.6677,4.9975
5.6677,5.3492
3.1758,2.6268
3.1758,4.0021
3.1758,3.6664
3.1758,3.1465
2.9776,3.6664
2.9776,2.7081
2.9776,3.6408
6.3843,7.1858
6.3843,6.2992
6.3843,5.7958
6.3843,6.6203
6.3843,5.6677
6.3843,5.4806
-2.3923,-3.0535
-2.3923,-3.2704
-4.1991,-4.5642
-4.1991,-4.5351
-4.1991,-4.9207
-4.1991,-4.1458
-4.1991,-4.9713
-4.1991,-3.7895
0.74423,1.4352
0.74423,1.6558
0.74423,0.6927
-2.2133,-2.7117
-2.2133,-1.3098
-2.2133,-1.8533
-2.2133,-2.7625
-2.2133,-2.2243
-2.2133,-2.3317
-2.2133,-1.8287
5.7009,5.1272
5.7009,5.4536
5.7009,5.474
5.7009,6.3803
5.7009,5.7696
-3.0535,-2.3923
-3.0535,-3.2704
-4.905,-4.2824
-4.905,-4.7805
-4.905,-4.5351
-4.905,-5.3014
-2.8339,-1.8535
-2.8339,-3.0502
-2.8339,-2.1817
-2.8339,-2.5272
5.1779,5.7958
5.1779,4.7638
5.1779,4.5564
5.1779,5.5195
5.1779,5.4806
5.1779,4.9975
5.1779,4.321
-4.7805,-4.905
-4.5642,-4.1638
-4.5642,-5.3932
-4.5642,-4.1991
-4.5642,-5.1996
-4.5642,-4.9207
-4.5642,-4.1458
-2.9501,-2.2791
-2.9501,-3.0502
-2.9501,-2.7214
3.2147,3.9505
3.2147,3.6678
3.2147,3.3641
1.3277,1.6613
1.3277,1.9732
1.3277,0.5905
1.3277,0.72575
4.3374,3.9505
4.3374,4.4244
4.3374,4.9157
4.3374,4.3637
4.3374,4.9043
4.3374,3.8299
4.3374,4.4915
4.3374,3.6408
4.3374,3.3641
4.3374,5.1269
-0.65166,-1.5578
-0.65166,-1.0394
5.7521,4.9157
5.7521,4.9043
5.7521,4.936
5.7521,5.1269
1.9019,1.5465
1.9019,2.6268
1.9019,1.3069
1.9019,2.3935
1.9019,2.0757
5.5195,6.2992
5.5195,5.7958
5.5195,4.7638
5.5195,5.1779
5.5195,5.4806
5.5195,5.8826
-4.5351,-5.4844
-4.5351,-4.2824
-4.5351,-4.1991
-4.5351,-4.905
-4.5351,-4.9207
-4.5351,-4.9713
-4.5351,-3.7895
-4.5351,-3.8464
1.3069,1.5465
1.3069,1.9019
1.3069,2.0757
-7.7548,-7.5265
-7.7548,-7.0467
-7.7548,-8.1456
-6.2362,-7.0467
-6.2362,-6.8638
5.4806,6.2992
5.4806,5.7958
5.4806,4.5564
5.4806,5.6677
5.4806,6.3843
5.4806,5.1779
5.4806,5.5195
5.4806,4.9975
6.8005,7.1858
6.8005,6.2992
6.8005,5.8826
-2.0144,-1.3316
-2.0144,-2.2791
-2.0144,-1.6713
-2.0144,-1.9136
-2.0144,-2.5272
-1.8535,-1.0251
-1.8535,-2.8339
-1.8535,-1.9136
-1.8535,-1.2295
-1.8535,-2.1817
-1.8535,-1.0964
-1.8535,-2.5272
5.474,5.6187
5.474,5.1272
5.474,5.7009
-6.0374,-5.4844
-6.0374,-5.9482
-6.0374,-5.3014
-6.0374,-5.8703
-6.0374,-6.386
6.3803,7.2775
6.3803,6.7277
6.3803,5.7009
6.3803,6.518
6.3803,6.5681
-1.9136,-1.3316
-1.9136,-2.0144
-1.9136,-1.8535
-1.9136,-1.0964
-1.9136,-2.5272
-4.9777,-4.0947
-4.9777,-5.6366
-4.9777,-4.7676
-5.1996,-5.818
-5.1996,-5.3932
-5.1996,-4.5642
-5.1996,-4.9207
-5.1996,-4.9816
-5.1996,-6.0097
0.6927,1.5465
0.6927,1.4352
0.6927,0.74423
4.3618,4.5914
4.3618,4.0021
4.3618,5.0316
4.3618,5.0303
4.0134,4.4858
-7.262,-6.3345
-7.262,-6.9683
5.7696,6.7277
5.7696,5.1272
5.7696,5.9576
5.7696,5.4536
5.7696,5.7009
5.7696,6.518
5.7696,5.0303
-3.0502,-2.8339
-3.0502,-2.9501
-3.0502,-2.5272
-6.1032,-6.7982
-6.1032,-5.6366
-6.1032,-6.5822
1.8777,1.5465
1.8777,2.4393
1.8777,1.4352
1.8777,1.6558
1.8777,2.608
1.8777,2.3935
4.9043,4.9157
4.9043,4.3637
4.9043,4.3374
4.9043,5.7521
4.9043,4.936
4.9043,4.4915
4.9043,5.1269
-1.2295,-1.0251
-1.2295,-1.8535
-1.2295,-2.1817
-4.9207,-5.818
-4.9207,-5.4844
-4.9207,-5.3932
-4.9207,-4.1991
-4.9207,-4.5642
-4.9207,-4.5351
-4.9207,-5.1996
-4.9207,-4.1458
-4.9207,-4.9713
-0.16181,-0.28651
-0.16181,-1.0251
-0.16181,0.5905
-0.16181,0.72575
3.6678,3.9505
3.6678,4.4244
3.6678,3.2147
7.4381,6.5404
-1.0394,-1.5578
-1.0394,-1.3316
-1.0394,-0.30881
-1.0394,-1.6713
-1.0394,-0.65166
5.0316,5.9661
5.0316,4.9451
5.0316,4.3618
5.0316,5.0303
-0.57992,-1.316
-0.57992,-0.40645
-2.7214,-2.415
-2.7214,-2.2791
-2.7214,-2.9501
-2.7214,-2.1014
-4.9816,-4.1638
-4.9816,-5.1996
9.3415,8.5551
9.3415,8.8993
-2.1817,-2.8339
-2.1817,-1.8535
-2.1817,-1.2295
5.09,5.3492
4.3913,4.5914
4.3913,4.6873
-4.1458,-4.1638
-4.1458,-4.1991
-4.1458,-4.5642
-4.1458,-4.9207
-4.1458,-3.2704
-4.1458,-3.7895
-5.3014,-5.4844
-5.3014,-5.9482
-5.3014,-4.905
-5.3014,-6.0374
-5.3014,-4.9713
2.3935,1.5465
2.3935,2.6268
2.3935,2.608
2.3935,1.9019
2.3935,1.8777
-7.0467,-7.7548
-7.0467,-6.2362
-7.0467,-6.8638
-6.9683,-7.1068
-6.9683,-7.262
-6.9683,-5.9987
4.936,5.6187
4.936,4.9157
4.936,4.6873
4.936,4.3637
4.936,5.7521
4.936,4.9043
4.936,4.4915
3.8299,3.9505
3.8299,3.6664
3.8299,4.3637
3.8299,4.3374
3.8299,4.4915
3.8299,3.6408
3.8299,3.3641
-2.7625,-2.7117
-2.7625,-2.2133
-2.7625,-3.3452
-2.7625,-3.5241
-2.7625,-2.2243
-1.316,-1.633
-1.316,-1.2271
-1.316,-1.3763
-1.316,-0.57992
-1.316,-0.40645
-1.316,-1.8628
3.6664,3.1758
3.6664,3.3186
4.764,5.4363
4.764,4.4244
-3.2704,-2.3923
-3.2704,-3.0535
-3.2704,-4.1458
-8.1456,-7.7548
-3.3452,-2.7117
-3.3452,-4.0947
-3.3452,-2.9869
-3.3452,-2.7625
-3.3452,-3.5241
-3.5241,-2.7117
-3.5241,-2.7625
-3.5241,-3.3452
-0.40645,-1.2271
-0.40645,-0.68744
-0.40645,-0.57992
-0.40645,-1.316
-6.0097,-5.818
-6.0097,-6.5126
-6.0097,-5.1996
-6.0097,-5.9987
-2.2195,-2.415
-2.2243,-2.2133
-2.2243,-2.7625
-2.2243,-1.565
-2.2243,-1.8287
4.4915,3.9505
4.4915,4.9157
4.4915,4.3637
4.4915,4.3374
4.4915,4.9043
4.4915,4.936
4.4915,3.8299
4.4915,3.6408
4.4915,5.1269
4.9975,5.7958
4.9975,4.4858
4.9975,4.5564
4.9975,5.6677
4.9975,5.1779
4.9975,5.4806
4.9975,5.3492
3.6408,3.9505
3.6408,3.6664
3.6408,4.3637
3.6408,2.7081
3.6408,2.9776
3.6408,4.3374
3.6408,3.8299
3.6408,4.4915
3.6408,3.3641
-4.9713,-5.4844
-4.9713,-5.3932
-4.9713,-4.1991
-4.9713,-4.5351
-4.9713,-4.9207
-4.9713,-5.3014
-4.9713,-5.8703
5.3492,5.7958
5.3492,4.4858
5.3492,6.0387
5.3492,5.6677
5.3492,5.09
5.3492,4.9975
6.518,6.7277
6.518,5.9576
6.518,6.3803
6.518,5.7696
3.3186,2.608
3.3186,3.6664
3.6066,4.321
-2.1014,-2.415
-2.1014,-1.5716
-2.1014,-1.5578
-2.1014,-2.2791
-2.1014,-1.6713
-2.1014,-2.7214
-5.8703,-5.818
-5.8703,-5.4844
-5.8703,-5.3932
-5.8703,-6.0374
-5.8703,-4.9713
-5.8703,-6.7364
-5.8703,-6.386
3.3641,3.9505
3.3641,2.7081
3.3641,3.2147
3.3641,4.3374
3.3641,3.8299
3.3641,3.6408
-6.5489,-5.6651
-1.565,-1.3098
-1.565,-2.2243
-1.565,-1.8287
7.6839,6.7277
-4.7676,-5.6366
-4.7676,-4.9777
5.1269,5.4363
5.1269,4.4244
5.1269,4.9157
5.1269,4.3374
5.1269,5.7521
5.1269,4.9043
5.1269,4.4915
5.8826,6.2992
5.8826,5.5195
5.8826,6.8005
-6.8638,-7.5265
-6.8638,-6.2362
-6.8638,-7.0467
5.0303,5.9576
5.0303,5.4536
5.0303,4.3618
5.0303,5.7696
5.0303,5.0316
-6.0527,-6.6302
-6.0527,-5.6366
-3.7895,-4.1991
-3.7895,-4.5351
-3.7895,-4.1458
-3.7895,-3.8464
-5.9987,-6.9683
-5.9987,-6.0097
-6.7364,-6.5126
-6.7364,-5.8703
-6.7364,-6.386
-2.3317,-2.479
-2.3317,-2.7117
-2.3317,-1.633
-2.3317,-2.9869
-2.3317,-2.6243
-2.3317,-1.8533
-2.3317,-2.2133
-2.3317,-1.8287
6.5681,7.2775
6.5681,6.3803
-1.8628,-2.479
-1.8628,-1.633
-1.8628,-1.3763
-1.8628,-1.316
-6.386,-5.4844
-6.386,-6.0374
-6.386,-5.8703
-6.386,-6.7364
0.5905,-0.28651
0.5905,1.3277
0.5905,-0.16181
0.5905,0.81013
0.5905,0.72575
2.0757,2.6268
2.0757,1.9019
2.0757,1.3069
4.0527,3.6664
4.0527,4.6873
4.0527,4.3637
-1.0964,-0.28651
-1.0964,-1.0251
-1.0964,-1.3316
-1.0964,-0.30881
-1.0964,-1.8535
-1.0964,-1.9136
4.321,4.7638
4.321,4.5564
4.321,5.1779
4.321,3.6066
-1.8287,-2.7117
-1.8287,-1.2271
-1.8287,-1.3098
-1.8287,-1.8533
-1.8287,-2.2133
-1.8287,-2.2243
-1.8287,-1.565
-1.8287,-2.3317
-6.3881,-6.5822
-3.8464,-4.2824
-3.8464,-4.5351
-3.8464,-3.7895
3.1465,2.6268
3.1465,4.0021
3.1465,3.1758
8.8993,8.5551
8.8993,9.3415
0.81013,0.5905
-2.5272,-2.2791
-2.5272,-2.8339
-2.5272,-2.0144
-2.5272,-1.8535
-2.5272,-1.9136
-2.5272,-3.0502
6.8669,6.7277
6.8669,5.9661
0.72575,1.3277
0.72575,-0.16181
0.72575,0.5905
