-0.92386,-0.69553
-0.92386,-0.9685
-0.92386,-0.76758
-0.92386,-1.6685
-0.92386,-1.2837
-0.92386,-0.14238
-0.92386,-1.0715
-7.7861,-7.5739
-7.7861,-7.3768
-7.7861,-6.8752
-5.7636,-6.6612
-5.7636,-6.3743
-5.7636,-5.5534
-5.7636,-5.1187
-5.7636,-6.2175
-6.1107,-6.1028
-6.1107,-6.8276
-6.1107,-5.4547
-7.0957,-6.6811
-7.0957,-6.1525
-6.7453,-6.134
-6.4961,-6.1398
-6.4961,-6.913
-6.4961,-5.6118
-6.4961,-6.2175
-2.6183,-1.6685
-2.6183,-3.5301
6.2091,5.2753
6.2091,5.9568
6.2091,7.0924
6.2091,6.1668
-6.6612,-5.7636
-6.6612,-6.3743
-6.1028,-6.1107
-6.1028,-5.5594
-6.1028,-6.8752
6.7776,6.7468
6.7776,6.6237
6.7776,6.5282
6.7776,7.4368
6.7776,7.1228
6.7776,6.9979
6.7776,6.1786
6.7776,7.2704
3.8171,4.0015
3.8171,4.7085
3.8171,3.7869
3.8171,4.4068
3.8171,3.0219
4.7155,4.1294
4.7155,4.2147
4.7155,5.2753
4.7155,5.1342
4.7155,5.0665
-5.9295,-4.9952
-5.9295,-5.1618
-5.9295,-6.0543
-5.9295,-5.318
-5.9295,-6.1525
-5.9295,-5.8111
7.9847,7.0924
-4.7883,-5.3866
-4.7883,-4.9952
-4.7883,-5.1618
-4.7883,-3.9301
-4.7883,-4.5613
-4.7883,-5.318
6.6966,5.8427
6.6966,6.9979
6.6966,6.1097
-4.3563,-3.8956
-4.3563,-5.1187
-6.1398,-6.4961
-6.1398,-6.8206
-0.28683,-0.7775
-0.28683,-0.21748
-0.28683,-0.54336
2.3475,3.291
2.2584,1.9951
2.2584,2.0703
4.0015,3.8171
4.0015,4.7085
4.0015,3.7869
4.0015,3.7596
4.0015,3.0219
4.0015,4.7435
-6.295,-5.3258
2.9154,3.8617
2.9154,1.9951
2.9154,3.2338
7.3782,6.6162
7.3782,7.385
7.3782,6.6375
-5.3866,-4.7883
-5.3866,-5.3858
-5.3866,-4.5613
-5.3866,-5.318
-5.3866,-5.8288
-5.3866,-5.8111
-2.1087,-1.3437
-2.1087,-1.2273
4.1294,4.7155
4.1294,4.076
6.7468,6.7776
6.7468,6.4655
6.7468,6.5282
6.7468,7.0431
6.7468,7.2704
4.7085,3.8171
4.7085,4.0015
4.7085,4.4068
4.7085,5.6068
4.7085,5.4324
4.7085,4.7435
4.7085,5.0588
-1.3671,-0.76758
-1.3671,-1.5873
-1.3671,-0.71745
-1.3671,-1.6079
-1.3671,-0.50424
3.8617,2.9154
3.8617,3.9206
-5.3858,-5.3866
-5.3858,-5.8288
0.21761,0.37546
0.21761,1.1619
0.21761,0.26103
-0.79501,-1.7471
-0.79501,-0.7775
-0.79501,-0.21748
-0.79501,-0.62415
-0.79501,-0.78641
-0.79501,-1.2273
-0.79501,-1.0285
5.8163,6.6237
5.8163,5.8427
5.8163,5.5963
5.8163,5.3747
5.8163,6.1097
4.2147,4.7155
7.5304,7.6946
7.5304,7.0431
4.9094,5.2753
3.9448,3.7951
3.9448,3.291
-6.3743,-5.7636
-6.3743,-6.6612
-6.3743,-7.1995
-6.3743,-6.913
-6.3743,-6.2175
-7.5739,-7.7861
-7.5739,-7.4722
-7.5739,-6.8752
-7.5739,-6.8206
6.6237,6.7776
6.6237,5.8163
6.6237,7.1228
6.6237,6.9979
6.6237,6.1097
6.6237,6.1786
-0.69553,-0.92386
-0.69553,0.16102
-0.69553,-0.9685
-0.69553,-0.028506
-0.69553,-0.76758
-0.69553,-0.14238
-0.69553,-1.0715
-0.69553,-0.4407
-7.4722,-7.5739
-7.4722,-7.5597
-7.4722,-6.8206
0.24764,-0.028506
0.24764,1.1333
0.24764,-0.71745
0.24764,0.41537
0.24764,-0.50424
0.24764,-0.4407
2.1352,2.8687
2.1352,2.4678
2.1352,1.8457
3.7869,3.8171
3.7869,4.0015
3.7869,4.4068
5.8427,6.6966
5.8427,5.8163
5.8427,5.7873
5.8427,5.6068
5.8427,5.5963
5.8427,6.1097
6.4655,6.7468
6.4655,6.5282
6.4655,7.0431
-7.1995,-6.3743
-7.1995,-6.913
-7.1995,-6.2175
-4.9952,-5.9295
-4.9952,-4.7883
-4.9952,-5.1618
-4.9952,-5.318
-4.9952,-5.4005
-4.9952,-4.4918
-5.1618,-5.9295
-5.1618,-4.7883
-5.1618,-4.9952
-5.1618,-6.0543
-5.1618,-5.318
-5.1618,-5.4005
-5.1618,-4.4918
7.3882,7.0924
7.3882,6.8459
0.16102,-0.69553
0.16102,-0.028506
0.16102,-0.14238
0.16102,0.70041
0.16102,-0.4407
-5.5534,-5.7636
1.2564,2.0703
1.2564,1.1619
1.2564,0.26103
1.2564,0.70041
-2.7989,-2.4335
-2.7989,-2.5046
-2.7989,-1.9149
0.092298,0.70788
0.092298,0.25681
0.092298,-0.62415
0.092298,-0.24901
0.092298,-0.78641
0.092298,0.36495
0.092298,-0.54582
-0.9685,-0.92386
-0.9685,-0.69553
-0.9685,-0.028506
-0.9685,-0.76758
-0.9685,-1.6685
-0.9685,-1.5873
-0.9685,-0.14238
-0.9685,-1.0715
-0.9685,-0.4407
-7.3768,-7.7861
-7.3768,-6.8276
-7.3768,-7.3492
2.8814,3.291
6.0645,5.5569
6.0645,6.6162
6.0645,6.6375
-0.028506,-0.69553
-0.028506,0.24764
-0.028506,0.16102
-0.028506,-0.9685
-0.028506,-0.76758
-0.028506,0.41537
-0.028506,-0.14238
-0.028506,-0.4407
-5.3258,-6.295
-5.3258,-4.4543
-5.3258,-5.4547
5.5569,6.0645
-0.76758,-0.92386
-0.76758,-1.3671
-0.76758,-0.69553
-0.76758,-0.9685
-0.76758,-0.028506
-0.76758,-1.6685
-0.76758,-1.5873
-0.76758,-0.71745
-0.76758,-1.0715
-0.76758,-0.4407
4.8412,5.1342
4.8412,3.9206
1.1333,0.24764
1.1333,0.41537
1.9951,2.2584
1.9951,2.9154
1.9951,2.0703
1.9951,1.1619
-3.9301,-4.7883
5.2753,6.2091
5.2753,4.7155
5.2753,4.9094
5.2753,5.9568
5.2753,5.0665
0.70788,0.092298
0.70788,1.577
0.70788,-0.24901
0.70788,0.36495
0.70788,0.60408
-1.7471,-0.79501
-1.7471,-1.2273
-1.7471,-1.0285
3.7596,4.0015
3.7596,3.0219
-4.4543,-5.3258
-4.4543,-3.6129
-4.4543,-4.3993
-1.6685,-0.92386
-1.6685,-2.6183
-1.6685,-0.9685
-1.6685,-0.76758
-1.6685,-1.5873
-1.6685,-1.0715
-1.6685,-1.9183
1.577,0.70788
1.577,0.60408
-1.3437,-2.1087
-1.3437,-1.2273
-1.3437,-0.54336
-1.3437,-0.70761
-1.3437,-1.6893
6.3132,5.7873
6.3132,5.4324
5.9568,6.2091
5.9568,5.2753
5.9568,5.0665
-0.7775,-0.28683
-0.7775,-0.79501
-0.7775,-0.21748
-0.7775,-0.62415
-0.7775,-1.2273
-0.7775,-0.54336
-0.7775,-1.0285
0.25681,0.092298
0.25681,-0.21748
0.25681,0.65637
0.25681,-0.62415
0.25681,-0.24901
4.4068,3.8171
4.4068,4.7085
4.4068,3.7869
4.4068,3.7951
4.4068,5.0588
-6.134,-6.7453
-6.134,-6.0543
-6.134,-5.4005
-6.134,-6.1525
6.5282,6.7776
6.5282,6.7468
6.5282,6.4655
6.5282,7.0431
6.5282,6.1786
6.5282,7.2704
-6.0543,-5.9295
-6.0543,-5.1618
-6.0543,-6.134
-6.0543,-5.318
-6.0543,-6.1525
-6.0543,-5.8111
4.8972,5.6068
4.8972,5.5963
4.8972,4.7435
-4.5613,-4.7883
-4.5613,-5.3866
0.37546,0.21761
0.37546,-0.4398
5.1342,4.7155
5.1342,4.8412
5.1342,5.0665
-0.21748,-0.28683
-0.21748,-0.79501
-0.21748,-0.7775
-0.21748,0.25681
-0.21748,0.65637
-0.21748,-0.62415
0.57396,-0.16226
0.57396,0.36495
0.57396,0.60408
6.6162,7.3782
6.6162,6.0645
6.6162,7.385
7.0924,6.2091
7.0924,7.9847
7.0924,7.3882
6.8459,7.3882
6.8459,6.1668
5.7873,5.8427
5.7873,6.3132
5.7873,5.6068
5.7873,5.5963
5.7873,5.4324
5.7873,5.0588
5.6068,4.7085
5.6068,5.8427
5.6068,4.8972
5.6068,5.7873
5.6068,5.5963
5.6068,5.4324
5.6068,4.7435
5.6068,5.0588
-1.5873,-1.3671
-1.5873,-0.9685
-1.5873,-0.76758
-1.5873,-1.6685
-1.5873,-0.71745
-1.5873,-1.6079
-3.8956,-4.3563
-3.8956,-4.6574
-2.4335,-2.7989
-2.4335,-1.6079
5.5963,5.8163
5.5963,5.8427
5.5963,4.8972
5.5963,5.7873
5.5963,5.6068
5.5963,4.7435
5.5963,6.1097
5.5963,5.0588
-6.913,-6.4961
-6.913,-6.3743
-6.913,-7.1995
-6.913,-7.5597
-6.913,-6.2175
0.65637,0.25681
0.65637,-0.21748
-0.16226,0.57396
-0.16226,0.36495
-0.16226,0.60408
-0.16226,-0.54582
-0.63815,-1.2837
-0.63815,-0.14238
-0.63815,0.26103
3.9206,3.8617
3.9206,4.8412
3.9206,3.2338
3.9206,4.076
2.8687,2.1352
2.8687,3.8306
-0.71745,-1.3671
-0.71745,0.24764
-0.71745,-0.76758
-0.71745,-1.5873
-0.71745,-1.6079
-0.71745,-0.50424
-0.71745,-0.4407
5.4324,4.7085
5.4324,6.3132
5.4324,5.7873
5.4324,5.6068
5.4324,5.0588
-5.6118,-6.4961
-5.6118,-6.2175
2.0703,2.2584
2.0703,1.2564
2.0703,1.9951
2.0703,1.1619
-5.318,-5.9295
-5.318,-4.7883
-5.318,-5.3866
-5.318,-4.9952
-5.318,-5.1618
-5.318,-6.0543
-5.318,-5.8288
-5.318,-6.1525
-5.318,-5.8111
7.4368,6.7776
7.4368,7.1228
7.4368,7.2704
-0.62415,-0.79501
-0.62415,0.092298
-0.62415,-0.7775
-0.62415,0.25681
-0.62415,-0.21748
-0.62415,-0.24901
-0.62415,-0.78641
-0.62415,-1.2273
-0.62415,-1.0285
7.1228,6.7776
7.1228,6.6237
7.1228,7.4368
7.1228,6.9979
7.385,7.3782
7.385,6.6162
7.385,8.3595
-6.6811,-7.0957
-6.6811,-6.4442
-6.6811,-5.8288
-6.6811,-6.1525
-6.6811,-5.8111
-2.5046,-2.7989
-2.5046,-1.9149
5.3747,5.8163
5.3747,6.1786
0.41537,0.24764
0.41537,-0.028506
0.41537,1.1333
0.41537,-0.4407
-6.8276,-6.1107
-6.8276,-7.3768
-6.8276,-6.8752
3.7951,3.9448
3.7951,4.4068
3.291,2.3475
3.291,3.9448
3.291,2.8814
6.9979,6.7776
6.9979,6.6966
6.9979,6.6237
6.9979,7.1228
6.9979,6.1097
3.2338,2.9154
3.2338,3.9206
-1.2837,-0.92386
-1.2837,-0.63815
-1.2837,-1.0715
-1.2837,-1.9183
-0.24901,0.092298
-0.24901,0.70788
-0.24901,0.25681
-0.24901,-0.62415
-0.24901,-0.78641
-0.24901,0.36495
-0.24901,-0.54582
-0.78641,-0.79501
-0.78641,0.092298
-0.78641,-0.62415
-0.78641,-0.24901
-0.78641,-0.54582
-0.78641,-1.0285
1.1619,0.21761
1.1619,1.2564
1.1619,1.9951
1.1619,2.0703
6.6375,7.3782
6.6375,6.0645
6.6375,5.7819
3.8306,2.8687
-3.5301,-2.6183
-5.4005,-4.9952
-5.4005,-5.1618
-5.4005,-6.134
-5.4005,-4.4918
-3.8067,-4.3993
-5.4547,-6.1107
-5.4547,-5.3258
-5.4547,-4.8711
-0.14238,-0.92386
-0.14238,-0.69553
-0.14238,0.16102
-0.14238,-0.9685
-0.14238,-0.028506
-0.14238,-0.63815
-0.14238,0.26103
-0.14238,-1.0715
-0.14238,0.70041
-6.4442,-6.6811
-6.4442,-5.8288
0.36495,0.092298
0.36495,0.70788
0.36495,0.57396
0.36495,-0.16226
0.36495,-0.24901
0.36495,0.60408
0.36495,-0.54582
8.3595,7.385
-5.5594,-6.1028
-5.5594,-4.8711
-1.2273,-2.1087
-1.2273,-0.79501
-1.2273,-1.7471
-1.2273,-1.3437
-1.2273,-0.7775
-1.2273,-0.62415
-1.2273,-1.0285
-7.3492,-7.3768
2.4678,2.1352
3.0219,3.8171
3.0219,4.0015
3.0219,3.7596
-4.8711,-5.4547
-4.8711,-5.5594
-4.8711,-4.3993
-5.8288,-5.3866
-5.8288,-5.3858
-5.8288,-5.318
-5.8288,-6.6811
-5.8288,-6.4442
-5.8288,-5.8111
4.076,4.1294
4.076,3.9206
-4.4918,-4.9952
-4.4918,-5.1618
-4.4918,-5.4005
0.60408,0.70788
0.60408,1.577
0.60408,0.57396
0.60408,-0.16226
0.60408,0.36495
5.0665,4.7155
5.0665,5.2753
5.0665,5.9568
5.0665,5.1342
-1.6079,-1.3671
-1.6079,-1.5873
-1.6079,-2.4335
-1.6079,-0.71745
0.26103,0.21761
0.26103,1.2564
0.26103,-0.63815
0.26103,-0.14238
0.26103,0.70041
4.7435,4.0015
4.7435,4.7085
4.7435,4.8972
4.7435,5.6068
4.7435,5.5963
4.7435,5.0588
-0.54336,-0.28683
-0.54336,-1.3437
-0.54336,-0.7775
-0.54336,-0.70761
-6.1525,-7.0957
-6.1525,-5.9295
-6.1525,-6.134
-6.1525,-6.0543
-6.1525,-5.318
-6.1525,-6.6811
-6.1525,-5.8111
-4.5148,-4.6574
-3.6129,-4.4543
-0.50424,-1.3671
-0.50424,0.24764
-0.50424,-0.71745
-7.5597,-7.4722
-7.5597,-6.913
-5.1187,-5.7636
-5.1187,-4.3563
-5.1187,-4.6574
-5.8111,-5.9295
-5.8111,-5.3866
-5.8111,-6.0543
-5.8111,-5.318
-5.8111,-6.6811
-5.8111,-5.8288
-5.8111,-6.1525
6.1668,6.2091
6.1668,6.8459
5.7819,6.6375
-1.0715,-0.92386
-1.0715,-0.69553
-1.0715,-0.9685
-1.0715,-0.76758
-1.0715,-1.6685
-1.0715,-1.2837
-1.0715,-0.14238
-1.0715,-1.9183
-6.2175,-5.7636
-6.2175,-6.4961
-6.2175,-6.3743
-6.2175,-7.1995
-6.2175,-6.913
-6.2175,-5.6118
-0.54582,0.092298
-0.54582,-0.16226
-0.54582,-0.24901
-0.54582,-0.78641
-0.54582,0.36495
1.8457,2.1352
-0.70761,-1.3437
-0.70761,-0.54336
-0.70761,-1.6893
-6.8752,-7.7861
-6.8752,-6.1028
-6.8752,-7.5739
-6.8752,-6.8276
-6.8752,-6.8206
-1.9149,-2.7989
-1.9149,-2.5046
-6.8206,-6.1398
-6.8206,-7.5739
-6.8206,-7.4722
-6.8206,-6.8752
-1.6893,-1.3437
-1.6893,-0.70761
7.6946,7.5304
7.6946,7.0431
7.6946,7.2704
-0.4398,0.37546
-1.9183,-1.6685
-1.9183,-1.2837
-1.9183,-1.0715
6.1097,6.6966
6.1097,5.8163
6.1097,6.6237
6.1097,5.8427
6.1097,5.5963
6.1097,6.9979
7.0431,6.7468
7.0431,7.5304
7.0431,6.4655
7.0431,6.5282
7.0431,7.6946
7.0431,7.2704
-4.3993,-4.4543
-4.3993,-3.8067
-4.3993,-4.8711
-4.6574,-3.8956
-4.6574,-4.5148
-4.6574,-5.1187
-1.0285,-0.79501
-1.0285,-1.7471
-1.0285,-0.7775
-1.0285,-0.62415
-1.0285,-0.78641
-1.0285,-1.2273
0.70041,0.16102
0.70041,1.2564
0.70041,-0.14238
0.70041,0.26103
6.1786,6.7776
6.1786,6.6237
6.1786,6.5282
6.1786,5.3747
5.0588,4.7085
5.0588,4.4068
5.0588,5.7873
5.0588,5.6068
5.0588,5.5963
5.0588,5.4324
5.0588,4.7435
-0.4407,-0.69553
-0.4407,0.24764
-0.4407,0.16102
-0.4407,-0.9685
-0.4407,-0.028506
-0.4407,-0.76758
-0.4407,-0.71745
-0.4407,0.41537
7.2704,6.7776
7.2704,6.7468
7.2704,6.5282
7.2704,7.4368
7.2704,7.6946
7.2704,7.0431
