4.9008,4.7535
4.9008,4.9326
4.9008,5.7639
4.9008,5.4547
4.9008,5.8653
4.9008,5.0058
4.9008,4.7181
-1.9302,-2.1134
-1.9302,-1.1406
-1.9302,-2.3891
-1.9302,-1.158
-1.9302,-1.7783
-1.9302,-2.847
-5.6414,-4.7314
-5.6414,-6.6158
-5.6414,-5.7122
-5.6414,-6.2532
-2.1134,-1.9302
-2.1134,-1.1406
-2.1134,-2.1935
-2.1134,-1.7783
-2.1134,-1.7979
-2.1134,-2.847
-2.1134,-2.8937
1.3357,1.9773
4.829,4.0517
4.829,5.2262
4.829,4.3669
4.829,5.3444
4.829,5.0771
3.6704,3.0392
3.6704,4.3669
3.6704,3.8504
-4.7619,-5.3216
-4.7619,-4.7314
6.6927,6.0563
6.6927,5.8205
6.6927,7.1885
6.6927,6.4691
5.5513,6.3582
5.5513,4.7007
5.5513,5.4547
5.3971,6.132
5.3971,4.9897
5.3971,5.9715
5.3971,5.4011
5.3971,4.8491
-6.6359,-5.7726
-6.6359,-6.6158
-6.6359,-5.7122
-2.8584,-3.7186
-2.8584,-3.4872
-2.8584,-2.1935
-2.8584,-2.7849
-2.8584,-2.9273
-2.8584,-2.3787
-0.1513,0.71975
-0.1513,0.61241
-0.1513,-0.41017
-0.1513,-0.65212
-0.1513,-0.081703
-0.1513,0.4372
-3.4201,-3.9162
-3.4201,-3.6768
-3.4201,-3.4172
-3.4201,-4.054
5.4442,4.753
5.4442,4.9368
5.4442,6.0563
5.4442,5.8205
5.4442,6.132
5.4442,4.9897
5.4442,5.0557
5.4442,5.4011
4.0517,4.829
4.0517,4.6095
4.0517,4.0676
4.0517,4.3669
4.0517,3.8504
4.6095,4.0517
4.6095,5.2262
4.6095,4.2327
4.6095,4.0676
4.6095,4.7537
4.6095,3.8504
4.6095,5.0771
-2.1935,-2.0634
-2.1935,-2.8424
-2.1935,-2.6482
-2.1935,-1.3758
-2.1935,-2.051
-5.3314,-5.9882
-5.3314,-4.6281
-5.3314,-5.4435
-3.7186,-2.8584
-3.7186,-3.4872
-5.0137,-4.9051
-5.0137,-4.1789
-5.0137,-4.7411
-5.0137,-4.6432
-5.0137,-5.5017
-5.096,-5.3005
-5.096,-4.4467
-5.096,-5.9531
4.2488,3.8779
4.2488,4.6731
-1.9527,-2.5685
-1.9527,-1.5739
-1.1406,-1.9302
-1.1406,-2.1134
-1.1406,-1.158
-1.1406,-1.0037
-1.1406,-1.08
-1.1406,-1.7783
-1.1406,-0.31965
-1.1406,-1.7979
3.9423,4.5249
-8.1224,-8.5824
5.2262,4.829
5.2262,4.6095
5.2262,5.8581
5.2262,4.3669
5.2262,6.0004
5.2262,5.0771
-5.6377,-5.9882
-5.6377,-4.8204
-5.6377,-4.9051
-5.6377,-5.8205
-5.6377,-5.5017
-5.6377,-5.4435
4.753,5.4442
4.753,4.9368
4.753,4.0889
4.753,4.9897
4.753,4.3706
4.753,5.0557
0.71975,-0.1513
0.71975,0.61241
0.71975,-0.081703
0.71975,0.4372
-2.5685,-1.9527
-2.5685,-2.1087
-2.5685,-3.4172
-2.5685,-2.7434
-2.5685,-2.7545
-2.5685,-3.0465
6.3582,5.5513
6.3582,5.4547
6.3582,5.8653
6.3582,5.7946
6.3582,6.7178
6.3582,6.7391
6.6676,5.7639
6.6676,6.7593
6.6676,5.8653
6.6676,6.7178
6.6676,6.0611
4.9368,5.4442
4.9368,4.753
4.9368,5.0692
4.9368,4.5249
4.9368,5.0557
5.8581,5.2262
5.8581,5.4557
5.8581,6.0004
5.8581,5.0771
4.4914,5.1691
4.4914,4.6516
4.4914,4.7942
4.4914,4.2766
4.4914,5.1466
4.4914,4.2751
4.4914,4.1565
-3.8657,-3.902
-3.8657,-4.1789
-3.8657,-4.6502
-3.8657,-3.8009
-3.8657,-3.4453
-3.8657,-3.9899
-3.8657,-4.6432
-3.8657,-3.0612
-3.8657,-3.7547
-0.71957,-1.08
-0.71957,-0.59239
-2.0634,-2.1935
-2.0634,-1.1885
-2.0634,-2.8424
-2.0634,-2.1087
-2.0634,-1.5739
-2.0634,-2.7434
-2.0634,-1.0962
-2.0634,-2.051
9.9919,9.0767
6.0563,6.6927
6.0563,5.4442
6.0563,5.8205
6.0563,5.0557
0.23238,0.61241
0.23238,-0.65212
0.23238,0.4372
5.8205,6.6927
5.8205,5.4442
5.8205,6.0563
5.8205,6.132
5.8205,4.9897
5.8205,5.0557
5.8205,5.4011
5.8205,6.4691
-3.9162,-3.4201
-3.9162,-3.6768
-3.9162,-3.4172
-3.9162,-3.6277
-3.9162,-4.6456
-3.9162,-3.0465
-5.7726,-6.6359
-5.7726,-5.7122
-2.3891,-1.9302
-2.3891,-2.847
-1.1885,-2.0634
-1.1885,-1.5739
-1.1885,-0.41017
-1.1885,-1.2136
-1.1885,-1.0962
-1.1885,-1.3758
-1.1885,-2.051
4.7535,4.9008
4.7535,4.9326
4.7535,4.7942
4.7535,5.4547
4.7535,4.2766
4.7535,3.9004
4.7535,5.0058
4.7535,4.7181
-3.4872,-2.8584
-3.4872,-3.7186
-3.4872,-3.8868
-3.4872,-2.8937
-3.4872,-2.9273
6.1428,6.7593
6.1428,5.7053
6.1428,5.9068
6.1428,6.0611
6.1428,5.3453
-6.3449,-6.525
-6.3449,-7.0622
-6.3449,-5.9531
-3.6768,-3.4201
-3.6768,-3.9162
-3.6768,-3.4172
-3.6768,-3.6277
-3.6768,-4.4467
-3.6768,-4.6456
-3.6768,-3.0465
-2.8424,-2.1935
-2.8424,-2.0634
-2.8424,-2.1087
-2.8424,-2.6482
-2.8424,-3.2264
-2.8424,-2.7434
-2.8424,-3.0541
-2.8424,-3.6277
-2.8424,-2.051
-2.8424,-3.0465
1.588,0.61241
1.588,1.2387
-5.3216,-4.7619
4.2327,4.6095
4.2327,4.7007
4.2327,4.0676
4.2327,4.7537
4.2327,3.6116
2.9858,3.0392
2.9858,3.2237
2.9858,3.8504
7.0039,6.4691
-2.1935,-2.1134
-2.1935,-2.8584
-2.1935,-1.7783
-2.1935,-1.7979
-2.1935,-1.753
-2.1935,-2.847
-2.1935,-2.8937
-2.1935,-2.9273
-2.1935,-2.3787
5.1691,4.4914
5.1691,4.6516
5.1691,5.9068
5.1691,5.1466
5.1691,4.2751
-7.4957,-6.6158
4.6516,4.4914
4.6516,5.1691
4.6516,4.6731
4.6516,3.7761
4.6516,4.2751
6.9164,6.1189
6.9164,6.7391
-3.902,-3.8657
-3.902,-3.2328
-3.902,-4.1789
-3.902,-4.7411
-3.902,-3.4453
-3.902,-3.5609
-3.902,-4.6432
-3.902,-3.0955
-3.902,-3.0612
4.9326,4.9008
4.9326,4.7535
4.9326,4.7942
4.9326,5.7639
4.9326,5.4547
4.9326,4.2766
4.9326,5.7053
4.9326,5.0058
4.9326,5.3453
-1.158,-1.9302
-1.158,-1.1406
-1.158,-0.31965
-5.3005,-5.096
-5.3005,-5.9531
-8.7968,-8.5824
-8.7968,-9.7256
4.7942,4.4914
4.7942,4.7535
4.7942,4.9326
4.7942,4.2766
4.7942,5.7053
4.7942,5.1466
4.7942,4.2751
4.7942,5.0058
4.7942,4.1565
4.7942,5.3453
-5.9882,-5.3314
-5.9882,-5.6377
-5.9882,-5.4435
-1.0037,-1.1406
-1.0037,-1.08
-1.0037,-1.7783
-1.0037,-0.31965
-1.0037,-0.59239
-1.0037,-1.7979
-1.0037,-0.1453
-8.5824,-8.1224
-8.5824,-8.7968
-8.5824,-7.7427
-1.08,-1.1406
-1.08,-0.71957
-1.08,-1.0037
-1.08,-0.59239
-1.08,-1.7979
-1.08,-1.7113
-1.08,-1.753
5.7639,4.9008
5.7639,6.6676
5.7639,4.9326
5.7639,5.4547
5.7639,5.8653
5.7639,5.7946
5.7639,5.7053
5.7639,6.0611
5.7639,5.0058
5.7639,5.3453
4.0889,4.753
4.0889,4.9897
4.0889,4.3706
6.7593,6.6676
6.7593,6.1428
6.7593,6.0611
3.8779,4.2488
3.8779,4.6731
4.7007,5.5513
4.7007,4.2327
6.132,5.3971
6.132,5.4442
6.132,5.8205
6.132,5.9715
6.132,5.4011
6.132,6.4691
-3.2328,-3.902
-3.2328,-3.0694
-3.2328,-2.3071
-3.2328,-3.4453
-3.2328,-3.5609
-3.2328,-3.0955
-4.6281,-5.3314
-4.6281,-4.8204
-4.6281,-4.6502
-4.6281,-3.8009
-4.6281,-3.9899
-4.6281,-5.4435
-2.1087,-2.5685
-2.1087,-2.0634
-2.1087,-2.8424
-2.1087,-1.5739
-2.1087,-2.7434
-2.1087,-2.7545
-2.1087,-2.051
-2.1087,-3.0465
-1.7783,-1.9302
-1.7783,-2.1134
-1.7783,-1.1406
-1.7783,-2.1935
-1.7783,-1.0037
-1.7783,-1.7979
-1.7783,-2.3787
5.4547,4.9008
5.4547,5.5513
5.4547,6.3582
5.4547,4.7535
5.4547,4.9326
5.4547,5.7639
5.4547,5.8653
5.4547,5.7946
5.4547,4.7181
-3.0694,-3.2328
-3.0694,-2.453
-3.0694,-3.5609
-3.0694,-3.0955
-4.8204,-5.6377
-4.8204,-4.6281
-4.8204,-4.9051
-4.8204,-4.6502
-4.8204,-3.9899
-4.8204,-4.6432
-4.8204,-5.4435
-2.6482,-2.1935
-2.6482,-2.8424
4.9897,5.3971
4.9897,5.4442
4.9897,4.753
4.9897,5.8205
4.9897,4.0889
4.9897,4.3706
4.9897,5.0557
4.9897,5.4011
4.9897,4.8491
-4.9051,-5.0137
-4.9051,-5.6377
-4.9051,-4.8204
-4.9051,-4.1789
-4.9051,-4.6502
-4.9051,-4.6432
-4.9051,-5.8205
-4.9051,-5.5017
-4.9051,-5.4435
-4.1789,-5.0137
-4.1789,-3.8657
-4.1789,-3.902
-4.1789,-4.9051
-4.1789,-4.6502
-4.1789,-4.7411
-4.1789,-3.4453
-4.1789,-4.6432
-3.4172,-3.4201
-3.4172,-2.5685
-3.4172,-3.9162
-3.4172,-3.6768
-3.4172,-2.7545
-3.4172,-3.0465
3.0392,3.6704
3.0392,2.9858
3.0392,3.8504
0.61241,-0.1513
0.61241,0.71975
0.61241,0.23238
0.61241,1.588
0.61241,0.4372
4.0676,4.0517
4.0676,4.6095
4.0676,4.2327
4.0676,4.7537
4.0676,4.3669
4.0676,3.8504
-1.5739,-1.9527
-1.5739,-2.0634
-1.5739,-1.1885
-1.5739,-2.1087
-1.5739,-1.0962
5.4557,5.8581
5.4557,4.7537
5.4557,6.1189
5.4557,5.0771
3.2806,4.2751
3.2806,4.1565
4.3706,4.753
4.3706,4.0889
4.3706,4.9897
4.3706,4.8491
-4.6502,-3.8657
-4.6502,-4.6281
-4.6502,-4.8204
-4.6502,-4.9051
-4.6502,-4.1789
-4.6502,-3.8009
-4.6502,-3.9899
-4.6502,-4.6432
-4.6502,-5.4435
-4.6502,-3.7547
-2.453,-3.0694
-2.453,-2.3071
-2.453,-3.0955
-9.7256,-8.7968
5.9715,5.3971
5.9715,6.132
7.1885,6.6927
7.1885,6.4691
-3.2264,-2.8424
-3.2264,-2.7434
-3.2264,-3.0541
-3.2264,-3.6277
-2.7434,-2.5685
-2.7434,-2.0634
-2.7434,-2.8424
-2.7434,-2.1087
-2.7434,-3.2264
-2.7434,-3.0541
-2.7434,-3.6277
-2.7434,-2.7545
-2.7434,-2.051
-2.7434,-3.0465
5.8653,4.9008
5.8653,6.3582
5.8653,6.6676
5.8653,5.7639
5.8653,5.4547
5.8653,5.7946
5.8653,5.7053
5.8653,6.7178
5.8653,6.0611
-5.9731,-6.2532
5.7946,6.3582
5.7946,5.7639
5.7946,5.4547
5.7946,5.8653
5.7946,6.7178
-3.0541,-2.8424
-3.0541,-3.2264
-3.0541,-2.7434
-3.0541,-3.6277
-3.0541,-2.051
-3.0541,-3.0465
-3.8868,-3.4872
-4.7411,-5.0137
-4.7411,-3.902
-4.7411,-4.1789
-4.7411,-4.6432
-2.3071,-3.2328
-2.3071,-2.453
-2.3071,-3.0955
4.2766,4.4914
4.2766,4.7535
4.2766,4.9326
4.2766,4.7942
4.2766,3.9004
4.2766,5.1466
4.2766,5.0058
4.2766,4.1565
5.0692,4.9368
5.0692,4.5249
-6.525,-6.3449
-6.525,-7.0622
-6.525,-5.9531
5.7053,6.1428
5.7053,4.9326
5.7053,4.7942
5.7053,5.7639
5.7053,5.8653
5.7053,5.9068
5.7053,5.1466
5.7053,6.0611
5.7053,5.0058
5.7053,5.3453
-3.6277,-3.9162
-3.6277,-3.6768
-3.6277,-2.8424
-3.6277,-3.2264
-3.6277,-2.7434
-3.6277,-3.0541
-3.6277,-2.7545
-3.6277,-3.0465
-4.7314,-5.6414
-4.7314,-4.7619
4.6731,4.2488
4.6731,4.6516
4.6731,3.8779
4.7537,4.6095
4.7537,4.2327
4.7537,4.0676
4.7537,5.4557
4.7537,5.0771
-0.41017,-0.1513
-0.41017,-1.1885
-0.41017,-1.2136
-0.41017,-1.0962
-0.41017,-1.3758
-0.41017,-0.65212
-0.41017,-0.081703
-0.41017,0.4372
-3.8009,-3.8657
-3.8009,-4.6281
-3.8009,-4.6502
-3.8009,-3.9899
-3.8009,-3.7547
-1.2136,-1.1885
-1.2136,-0.41017
-1.2136,-1.0962
-1.2136,-1.3758
-1.2136,-0.65212
-1.2136,-2.051
4.3669,4.829
4.3669,3.6704
4.3669,4.0517
4.3669,5.2262
4.3669,4.0676
4.3669,3.8504
7.4809,6.7178
7.4809,6.7391
-1.0962,-2.0634
-1.0962,-1.1885
-1.0962,-1.5739
-1.0962,-0.41017
-1.0962,-1.2136
-1.0962,-1.3758
-1.0962,-2.051
5.9068,6.1428
5.9068,5.1691
5.9068,5.7053
5.9068,5.1466
5.9068,5.3453
-0.31965,-1.1406
-0.31965,-1.158
-0.31965,-1.0037
-0.31965,-0.1453
-4.4467,-5.096
-4.4467,-3.6768
-4.4467,-4.6456
-4.4467,-4.054
-4.6456,-3.9162
-4.6456,-3.6768
-4.6456,-4.4467
-4.6456,-5.6025
9.0767,9.9919
9.0767,9.7695
-1.3758,-2.1935
-1.3758,-1.1885
-1.3758,-0.41017
-1.3758,-1.2136
-1.3758,-1.0962
-1.3758,-0.65212
-1.3758,-2.051
4.5249,3.9423
4.5249,4.9368
4.5249,5.0692
3.9004,4.7535
3.9004,4.2766
-3.4453,-3.8657
-3.4453,-3.902
-3.4453,-3.2328
-3.4453,-4.1789
-3.4453,-3.0955
-3.4453,-3.0612
-3.4453,-3.7547
-3.9899,-3.8657
-3.9899,-4.6281
-3.9899,-4.8204
-3.9899,-4.6502
-3.9899,-3.8009
-3.9899,-3.7547
3.7761,4.6516
3.7761,4.2751
-7.247,-7.7427
-5.6025,-4.6456
-5.6025,-5.9531
6.1189,6.9164
6.1189,5.4557
3.2237,2.9858
3.2237,3.6116
-0.59239,-0.71957
-0.59239,-1.0037
-0.59239,-1.08
-0.59239,-0.1453
-1.7979,-2.1134
-1.7979,-1.1406
-1.7979,-2.1935
-1.7979,-1.0037
-1.7979,-1.08
-1.7979,-1.7783
-1.7979,-1.7113
-1.7979,-1.753
-1.7979,-2.3787
5.1466,4.4914
5.1466,5.1691
5.1466,4.7942
5.1466,4.2766
5.1466,5.7053
5.1466,5.9068
5.1466,5.0058
5.1466,5.3453
5.3444,4.829
5.3444,6.0004
-3.5609,-3.902
-3.5609,-3.2328
-3.5609,-3.0694
-3.5609,-3.0955
-2.7849,-2.8584
-2.7849,-2.3787
-4.6432,-5.0137
-4.6432,-3.8657
-4.6432,-3.902
-4.6432,-4.8204
-4.6432,-4.9051
-4.6432,-4.1789
-4.6432,-4.6502
-4.6432,-4.7411
-4.6432,-5.5017
-0.1453,-1.0037
-0.1453,-0.31965
-0.1453,-0.59239
-7.0622,-6.3449
-7.0622,-6.525
-4.054,-3.4201
-4.054,-4.4467
-1.7113,-1.08
-1.7113,-1.7979
-1.7113,-1.753
-1.7113,-2.3787
6.0004,5.2262
6.0004,5.8581
6.0004,5.3444
5.0557,5.4442
5.0557,4.753
5.0557,4.9368
5.0557,6.0563
5.0557,5.8205
5.0557,4.9897
3.6116,4.2327
3.6116,3.2237
-3.0955,-3.902
-3.0955,-3.2328
-3.0955,-3.0694
-3.0955,-2.453
-3.0955,-2.3071
-3.0955,-3.4453
-3.0955,-3.5609
5.4011,5.3971
5.4011,5.4442
5.4011,5.8205
5.4011,6.132
5.4011,4.9897
5.4011,4.8491
6.7178,6.3582
6.7178,6.6676
6.7178,5.8653
6.7178,5.7946
6.7178,7.4809
4.2751,4.4914
4.2751,5.1691
4.2751,4.6516
4.2751,4.7942
4.2751,3.2806
4.2751,3.7761
4.2751,4.1565
4.8491,5.3971
4.8491,4.9897
4.8491,4.3706
4.8491,5.4011
-2.7545,-2.5685
-2.7545,-2.1087
-2.7545,-3.4172
-2.7545,-2.7434
-2.7545,-3.6277
-2.7545,-3.0465
-5.8205,-5.6377
-5.8205,-4.9051
-5.8205,-5.5017
-5.8205,-5.4435
3.8504,3.6704
3.8504,4.0517
3.8504,4.6095
3.8504,2.9858
3.8504,3.0392
3.8504,4.0676
3.8504,4.3669
-7.2217,-6.6158
-1.753,-2.1935
-1.753,-1.08
-1.753,-1.7979
-1.753,-1.7113
-1.753,-2.3787
6.0611,6.6676
6.0611,6.1428
6.0611,5.7639
6.0611,6.7593
6.0611,5.8653
6.0611,5.7053
6.0611,5.3453
-2.847,-1.9302
-2.847,-2.1134
-2.847,-2.3891
-2.847,-2.1935
-2.847,-2.8937
-2.847,-2.9273
-6.6158,-5.6414
-6.6158,-6.6359
-6.6158,-7.4957
-6.6158,-7.2217
-6.6158,-6.2532
5.0771,4.829
5.0771,4.6095
5.0771,5.2262
5.0771,5.8581
5.0771,5.4557
5.0771,4.7537
6.4691,6.6927
6.4691,5.8205
6.4691,7.0039
6.4691,6.132
6.4691,7.1885
-7.7427,-8.5824
-7.7427,-7.247
5.0058,4.9008
5.0058,4.7535
5.0058,4.9326
5.0058,4.7942
5.0058,5.7639
5.0058,4.2766
5.0058,5.7053
5.0058,5.1466
5.0058,5.3453
-5.7122,-5.6414
-5.7122,-6.6359
-5.7122,-5.7726
-3.0612,-3.8657
-3.0612,-3.902
-3.0612,-3.4453
-3.0612,-3.7547
-5.9531,-5.096
-5.9531,-6.3449
-5.9531,-5.3005
-5.9531,-6.525
-5.9531,-5.6025
-5.5017,-5.0137
-5.5017,-5.6377
-5.5017,-4.9051
-5.5017,-4.6432
-5.5017,-5.8205
-2.8937,-2.1134
-2.8937,-3.4872
-2.8937,-2.1935
-2.8937,-2.847
-2.8937,-2.9273
6.7391,6.3582
6.7391,6.9164
6.7391,7.4809
-2.9273,-2.8584
-2.9273,-3.4872
-2.9273,-2.1935
-2.9273,-2.847
-2.9273,-2.8937
-2.9273,-2.3787
-5.4435,-5.3314
-5.4435,-5.6377
-5.4435,-5.9882
-5.4435,-4.6281
-5.4435,-4.8204
-5.4435,-4.9051
-5.4435,-4.6502
-5.4435,-5.8205
-0.65212,-0.1513
-0.65212,0.23238
-0.65212,-0.41017
-0.65212,-1.2136
-0.65212,-1.3758
1.9773,1.3357
4.7181,4.9008
4.7181,4.7535
4.7181,5.4547
-2.051,-2.1935
-2.051,-2.0634
-2.051,-1.1885
-2.051,-2.8424
-2.051,-2.1087
-2.051,-2.7434
-2.051,-3.0541
-2.051,-1.2136
-2.051,-1.0962
-2.051,-1.3758
1.2387,1.588
-2.3787,-2.8584
-2.3787,-2.1935
-2.3787,-1.7783
-2.3787,-1.7979
-2.3787,-2.7849
-2.3787,-1.7113
-2.3787,-1.753
-2.3787,-2.9273
-6.2532,-5.6414
-6.2532,-5.9731
-6.2532,-6.6158
-3.7547,-3.8657
-3.7547,-4.6502
-3.7547,-3.8009
-3.7547,-3.4453
-3.7547,-3.9899
-3.7547,-3.0612
4.1565,4.4914
4.1565,4.7942
4.1565,3.2806
4.1565,4.2766
4.1565,4.2751
9.7695,9.0767
-0.081703,-0.1513
-0.081703,0.71975
-0.081703,-0.41017
-3.0465,-2.5685
-3.0465,-3.9162
-3.0465,-3.6768
-3.0465,-2.8424
-3.0465,-2.1087
-3.0465,-3.4172
-3.0465,-2.7434
-3.0465,-3.0541
-3.0465,-3.6277
-3.0465,-2.7545
5.3453,6.1428
5.3453,4.9326
5.3453,4.7942
5.3453,5.7639
5.3453,5.7053
5.3453,5.9068
5.3453,5.1466
5.3453,6.0611
5.3453,5.0058
0.4372,-0.1513
0.4372,0.71975
0.4372,0.23238
0.4372,0.61241
0.4372,-0.41017
