-0.23545,-0.15033
-0.23545,0.33544
-7.8838,-7.6562
-7.8838,-7.9145
-7.8838,-7.2012
-6.288,-6.4293
-6.288,-5.3289
-4.5587,-5.0649
-4.5587,-3.8571
-4.5587,-4.7935
-0.86547,-0.076298
-5.8425,-6.1885
-5.8425,-5.3842
-5.8425,-6.1201
-5.8425,-5.779
-5.8425,-6.3549
-5.8425,-6.5904
-5.8425,-5.3384
-6.2846,-6.7835
-6.2846,-5.4051
-6.2846,-6.4706
-6.2846,-5.779
-6.2846,-5.889
-7.099,-6.5937
-7.099,-7.2975
-7.099,-7.6937
-7.099,-7.3517
-7.099,-7.174
6.2271,6.1995
6.2271,5.6072
6.2271,5.8606
6.2271,7.1207
-4.5516,-5.3842
-4.5516,-5.0541
-4.5516,-5.2111
-4.5516,-3.6132
-4.5516,-4.3884
6.1995,6.2271
6.1995,5.6072
6.1995,7.1262
-6.4293,-6.288
-6.4293,-6.5937
-6.4293,-7.174
-6.5798,-5.7327
-6.5798,-7.4233
-6.5798,-6.5362
-6.5798,-6.9149
7.5789,7.1179
3.5059,3.7739
3.5059,4.3568
3.5059,4.2892
4.1935,4.6205
4.1935,4.4316
-6.7835,-6.2846
-6.7835,-6.1885
-6.7835,-6.1201
-6.7835,-5.779
-6.7835,-6.5904
-6.7835,-5.889
-4.328,-5.0541
6.2315,6.2429
6.2315,5.2717
6.2315,5.5152
6.2315,6.0331
6.2315,5.836
6.2315,5.4997
6.2315,6.5416
6.2315,6.0517
-3.8355,-3.6139
-3.8355,-4.4918
-5.5027,-5.7327
-5.5027,-4.7935
0.26681,0.79255
0.26681,-0.011304
0.79255,0.26681
0.79255,1.2871
0.79255,-0.011304
0.79255,1.4751
2.0045,1.5939
2.0045,1.1016
3.7739,3.5059
3.7739,4.3568
3.7739,4.7322
3.7739,4.6235
-6.8219,-7.4233
-6.8219,-6.5362
2.0681,2.7745
7.4787,6.851
7.4787,7.149
7.4787,8.2114
-6.1885,-5.8425
-6.1885,-6.7835
-6.1885,-6.1201
-6.1885,-5.779
-6.1885,-6.3549
-6.1885,-6.5904
-6.1885,-5.3384
-1.7751,-2.0002
-1.7751,-1.0005
5.4198,5.7721
5.4198,4.6205
6.4203,6.7813
4.3568,3.5059
4.3568,3.7739
4.3568,5.1613
4.3568,5.2717
4.3568,4.7322
4.3568,4.2892
4.3568,4.5717
4.3568,4.6235
-3.112,-4.0286
-3.112,-3.4402
-1.1044,-0.56799
-1.1044,-0.90113
-1.1044,-0.23956
2.3434,2.7745
2.3434,1.86
2.3434,2.9265
2.3434,1.5939
-4.2487,-3.4402
0.41805,0.0010839
0.41805,1.1016
-0.58002,-1.19
-0.58002,-0.28501
-0.58002,-0.03808
-0.58002,-1.0005
-3.1823,-4.1107
-3.1823,-3.3437
-3.1823,-3.6132
6.2429,6.2315
6.2429,5.5152
6.2429,6.976
6.2429,6.0331
6.2429,6.5416
6.2429,6.0517
7.9317,7.4247
7.9317,8.0359
5.6072,6.2271
5.6072,6.1995
5.6072,5.8606
5.6072,5.4093
2.7546,2.371
2.7546,2.3358
-6.5937,-7.099
-6.5937,-6.4293
-6.5937,-7.3517
-6.5937,-7.174
-7.6562,-7.8838
-7.6562,-7.616
-7.6562,-6.9149
-7.6562,-7.2012
7.1179,7.5789
7.1179,7.3046
0.17023,0.51681
0.17023,-0.56799
0.17023,-0.23956
-7.2975,-7.099
-7.2975,-7.3517
-7.2975,-7.9145
-7.2975,-7.2012
-0.15943,0.57598
-0.15943,-0.90113
-0.15943,-0.23956
2.371,2.7546
2.371,1.6462
2.371,1.6258
5.1613,4.3568
5.1613,5.2717
5.1613,5.1012
5.1613,5.5152
5.1613,6.0331
5.1613,5.4997
5.1613,4.2892
5.1613,4.5717
5.1613,6.0517
5.2717,6.2315
5.2717,4.3568
5.2717,5.1613
5.2717,5.1012
5.2717,4.7322
5.2717,5.5152
5.2717,6.0331
5.2717,5.836
5.2717,5.4997
5.2717,4.2892
5.2717,4.5717
5.2717,6.0517
6.7813,6.4203
6.7813,7.4247
6.7813,6.3245
-7.6937,-7.099
-7.6937,-7.3517
-7.6937,-7.9145
-7.6937,-7.174
-5.4051,-6.2846
-5.4051,-5.2465
-5.4051,-5.3842
-5.4051,-5.2111
-5.4051,-5.779
-5.4051,-5.889
-5.2465,-5.4051
-5.2465,-5.2111
-5.2465,-4.3884
-5.2465,-5.889
7.31,7.3712
7.31,7.1262
0.61722,0.78866
0.61722,-0.15033
0.61722,0.27697
-5.3289,-6.288
-5.3289,-4.6368
2.7745,2.0681
2.7745,2.3434
-3.7235,-4.0286
0.36497,0.57653
0.36497,-0.28501
0.36497,-0.24888
0.78866,0.61722
0.78866,1.5577
0.78866,0.33544
0.78866,0.852
-7.616,-7.6562
-7.616,-7.4233
-7.616,-6.9149
1.2871,0.79255
1.2871,1.9043
1.2871,1.4751
6.851,7.4787
6.851,6.4948
0.57598,-0.15943
0.57598,-0.23956
-2.6909,-3.6139
-2.6909,-1.779
-5.7327,-6.5798
-5.7327,-5.5027
-5.7327,-5.0649
-5.7327,-6.5362
-5.7327,-4.7935
6.1239,6.4948
6.1239,5.5373
-0.15033,-0.23545
-0.15033,0.61722
-0.15033,0.27697
-0.15033,-0.56799
5.1765,5.3166
5.1765,4.2806
1.4866,0.51681
1.86,2.3434
1.86,1.0421
1.86,1.5939
-4.1107,-3.1823
-4.1107,-4.3884
4.6147,5.4093
-0.5825,0.052561
-0.5825,-0.24888
-1.19,-0.58002
-1.19,-1.6472
-1.19,-0.28501
-1.19,-1.9938
-5.0649,-4.5587
-5.0649,-5.7327
-5.0649,-4.2544
-5.0649,-4.7935
-1.6058,-0.77969
-1.6058,-1.779
7.6949,6.976
5.7721,5.4198
5.7721,5.4093
-1.6472,-1.19
-1.6472,-2.0002
-1.6472,-1.0005
-1.6472,-1.9938
0.58156,0.74732
5.1012,5.1613
5.1012,5.2717
5.1012,6.0331
5.1012,4.2892
5.1012,6.0517
-6.4706,-6.2846
-6.4706,-5.889
7.4247,7.9317
7.4247,6.7813
7.4247,7.3046
-5.3842,-5.8425
-5.3842,-4.5516
-5.3842,-5.4051
-5.3842,-5.0541
-5.3842,-6.1201
-5.3842,-5.779
-5.3842,-5.889
4.7322,3.7739
4.7322,4.3568
4.7322,5.2717
4.7322,5.5152
4.7322,5.4997
4.7322,4.5717
4.7322,4.6235
-5.0541,-4.5516
-5.0541,-4.328
-5.0541,-5.3842
-5.0541,-5.779
-5.0541,-5.889
-5.0541,-5.3384
1.0421,1.86
5.3166,5.1765
-0.52171,-0.011304
-0.52171,-0.77969
-0.52171,-1.0005
7.149,7.4787
4.584,5.5373
7.3712,7.31
7.3712,7.1262
7.3712,7.1207
5.8606,6.2271
5.8606,5.6072
5.5152,6.2315
5.5152,6.2429
5.5152,5.1613
5.5152,5.2717
5.5152,4.7322
5.5152,5.836
5.5152,5.4997
5.5152,4.5717
5.5152,6.0517
7.2422,6.976
-3.6139,-3.8355
-3.6139,-2.6909
-3.6139,-3.7918
-3.6139,-4.4918
-3.0014,-3.4402
6.976,6.2429
6.976,7.6949
6.976,7.2422
6.976,6.0331
-7.3517,-7.099
-7.3517,-6.5937
-7.3517,-7.2975
-7.3517,-7.6937
-7.3517,-7.174
-0.011304,0.26681
-0.011304,0.79255
-0.011304,-0.52171
-0.011304,-0.77969
0.052561,-0.5825
0.0010839,0.41805
0.0010839,0.852
4.2806,5.1765
1.6462,2.371
1.6462,2.3358
1.6462,1.4751
0.27697,0.61722
0.27697,-0.15033
0.27697,0.33544
6.0331,6.2315
6.0331,6.2429
6.0331,5.1613
6.0331,5.2717
6.0331,5.1012
6.0331,6.976
6.0331,6.0517
2.9265,2.3434
-5.2111,-4.5516
-5.2111,-5.4051
-5.2111,-5.2465
-5.2111,-4.3884
-5.2111,-5.889
0.74732,0.58156
0.74732,0.57653
0.74732,-0.03808
5.836,6.2315
5.836,5.2717
5.836,5.5152
5.836,5.4997
5.836,6.5416
8.2114,7.4787
8.2114,7.924
-6.1201,-5.8425
-6.1201,-6.7835
-6.1201,-6.1885
-6.1201,-5.3842
-6.1201,-5.779
-6.1201,-6.5904
-6.1201,-5.889
-6.1201,-5.3384
-4.0286,-3.112
-4.0286,-3.7235
5.4997,6.2315
5.4997,5.1613
5.4997,5.2717
5.4997,4.7322
5.4997,5.5152
5.4997,5.836
5.4997,4.5717
5.4997,4.6235
0.51681,0.17023
0.51681,1.4866
-7.4233,-6.5798
-7.4233,-6.8219
-7.4233,-7.616
-7.4233,-6.5362
4.2892,3.5059
4.2892,4.3568
4.2892,5.1613
4.2892,5.2717
4.2892,5.1012
4.2892,4.5717
1.9043,1.2871
1.9043,2.3358
6.5416,6.2315
6.5416,6.2429
6.5416,5.836
4.6205,4.1935
4.6205,5.4198
4.6205,4.4316
-3.3437,-3.1823
-3.3437,-3.6132
-3.3437,-3.4143
0.57653,0.36497
0.57653,0.74732
0.57653,-0.28501
-0.28501,-0.58002
-0.28501,0.36497
-0.28501,-1.19
-0.28501,0.57653
-0.28501,-0.03808
1.5939,2.0045
1.5939,2.3434
1.5939,1.86
1.5939,1.1016
6.4948,6.851
6.4948,6.1239
2.3358,2.7546
2.3358,1.6462
2.3358,1.9043
-3.6132,-4.5516
-3.6132,-3.1823
-3.6132,-3.3437
-3.6132,-4.3884
-3.6132,-3.4143
-5.779,-5.8425
-5.779,-6.2846
-5.779,-6.7835
-5.779,-6.1885
-5.779,-5.4051
-5.779,-5.3842
-5.779,-5.0541
-5.779,-6.1201
-5.779,-5.889
-3.8571,-4.5587
-3.8571,-4.2544
-3.8571,-4.7935
-6.5362,-6.5798
-6.5362,-6.8219
-6.5362,-5.7327
-6.5362,-7.4233
1.5577,0.78866
1.5577,1.1016
1.5577,0.852
-6.3549,-5.8425
-6.3549,-6.1885
-0.24888,0.36497
-0.24888,-0.5825
7.924,8.2114
-2.8267,-2.0002
-2.8267,-2.9296
-2.0002,-1.7751
-2.0002,-1.6472
-2.0002,-2.8267
-2.0002,-1.9938
1.6258,2.371
-2.9296,-2.8267
-2.9296,-1.9938
-6.5904,-5.8425
-6.5904,-6.7835
-6.5904,-6.1885
-6.5904,-6.1201
4.4316,4.1935
4.4316,4.6205
-4.3884,-4.5516
-4.3884,-5.2465
-4.3884,-4.1107
-4.3884,-5.2111
-4.3884,-3.6132
-0.03808,-0.58002
-0.03808,0.74732
-0.03808,-0.28501
-0.03808,-1.0005
5.4093,5.6072
5.4093,4.6147
5.4093,5.7721
-0.56799,-1.1044
-0.56799,0.17023
-0.56799,-0.15033
1.1016,2.0045
1.1016,0.41805
1.1016,1.5939
1.1016,1.5577
1.1016,0.852
7.1262,6.1995
7.1262,7.31
7.1262,7.3712
4.5717,4.3568
4.5717,5.1613
4.5717,5.2717
4.5717,4.7322
4.5717,5.5152
4.5717,5.4997
4.5717,4.2892
4.5717,4.6235
-0.77969,-1.6058
-0.77969,-0.52171
-0.77969,-0.011304
-0.77969,-0.90061
-5.889,-6.2846
-5.889,-6.7835
-5.889,-5.4051
-5.889,-5.2465
-5.889,-6.4706
-5.889,-5.3842
-5.889,-5.0541
-5.889,-5.2111
-5.889,-6.1201
-5.889,-5.779
-3.7918,-3.6139
-3.7918,-4.6368
-4.2544,-5.0649
-4.2544,-3.8571
-4.2544,-4.7935
-0.90113,-1.1044
-0.90113,-0.15943
-0.90113,-0.23956
-7.9145,-7.8838
-7.9145,-7.2975
-7.9145,-7.6937
-4.6368,-5.3289
-4.6368,-3.7918
-4.6368,-4.4918
-5.3384,-5.8425
-5.3384,-6.1885
-5.3384,-5.0541
-5.3384,-6.1201
7.1207,6.2271
7.1207,7.3712
5.5373,6.1239
5.5373,4.584
0.33544,-0.23545
0.33544,0.78866
0.33544,0.27697
0.33544,0.852
-7.174,-7.099
-7.174,-6.4293
-7.174,-6.5937
-7.174,-7.6937
-7.174,-7.3517
-1.0005,-1.7751
-1.0005,-0.58002
-1.0005,-1.6472
-1.0005,-0.52171
-1.0005,-0.03808
1.4751,0.79255
1.4751,1.2871
1.4751,1.6462
-0.90061,-0.77969
-0.90061,-1.779
-6.9149,-6.5798
-6.9149,-7.6562
-6.9149,-7.616
-6.9149,-7.2012
-3.4402,-3.112
-3.4402,-4.2487
-3.4402,-3.0014
-7.2012,-7.8838
-7.2012,-7.6562
-7.2012,-7.2975
-7.2012,-6.9149
-1.779,-2.6909
-1.779,-1.6058
-1.779,-0.90061
8.0359,7.9317
8.0359,7.3046
-0.076298,-0.86547
-3.4143,-3.3437
-3.4143,-3.6132
4.6235,3.7739
4.6235,4.3568
4.6235,4.7322
4.6235,5.4997
4.6235,4.5717
6.3245,6.7813
-4.7935,-4.5587
-4.7935,-5.5027
-4.7935,-5.7327
-4.7935,-5.0649
-4.7935,-3.8571
-4.7935,-4.2544
-4.4918,-3.8355
-4.4918,-3.6139
-4.4918,-4.6368
-1.9938,-1.19
-1.9938,-1.6472
-1.9938,-2.0002
-1.9938,-2.9296
0.852,0.78866
0.852,0.0010839
0.852,1.5577
0.852,1.1016
0.852,0.33544
7.3046,7.1179
7.3046,7.4247
7.3046,8.0359
6.0517,6.2315
6.0517,6.2429
6.0517,5.1613
6.0517,5.2717
6.0517,5.1012
6.0517,5.5152
6.0517,6.0331
-0.23956,-1.1044
-0.23956,0.17023
-0.23956,-0.15943
-0.23956,0.57598
-0.23956,-0.90113
