4.5903,4.5038
4.5903,5.2348
4.5903,4.7342
4.5903,4.3085
4.5903,5.3383
4.5903,5.1388
4.5903,3.7853
4.5903,5.5808
4.5903,4.5456
4.5903,5.3215
4.5903,4.5411
4.5903,4.3156
-2.2454,-2.0417
-2.2454,-2.7205
-2.2454,-1.3211
-2.2454,-3.1029
-2.2454,-1.7028
-2.2454,-1.6204
-2.2454,-2.0913
-2.2454,-2.5385
-2.2454,-2.6189
-2.2454,-1.5871
-5.796,-6.4087
-2.0417,-2.2454
-2.0417,-2.7205
-2.0417,-1.7028
-2.0417,-2.0913
-2.0417,-2.1366
-2.0417,-1.3934
-2.0417,-2.5385
-2.0417,-2.6189
-2.0417,-1.5871
1.4288,1.1822
1.4288,2.3671
1.4288,1.8451
1.4288,1.9593
5.5175,4.6847
5.5175,5.5901
5.5175,6.3072
5.5175,5.577
5.5175,5.2781
5.5175,5.2827
5.5175,4.5321
5.5175,4.7512
5.5175,5.3203
5.5175,5.5452
4.6847,5.5175
4.6847,4.5038
4.6847,4.7186
4.6847,5.5901
4.6847,5.2781
4.6847,3.7656
4.6847,5.2827
4.6847,4.5321
4.6847,4.7512
4.6847,5.3203
4.6847,4.3144
4.6847,4.3101
-3.8786,-3.4858
-3.8786,-3.1029
-3.8786,-4.7054
6.9831,6.4801
6.9831,6.4148
6.9831,7.1867
4.5038,4.5903
4.5038,4.6847
4.5038,4.7186
4.5038,5.2348
4.5038,4.7342
4.5038,3.5818
4.5038,3.7853
4.5038,4.5456
4.5038,5.2827
4.5038,5.3203
4.5038,4.3144
4.5038,4.3101
4.5038,4.3156
5.5193,4.6863
5.5193,5.7375
5.5193,6.4148
5.5193,5.0845
5.5193,5.3483
5.5193,6.0123
5.5193,5.8655
-7.0922,-6.4156
-7.0922,-6.4087
-3.4858,-3.8786
-3.4858,-2.7205
-3.4858,-3.1029
-3.4858,-2.8956
-3.4858,-2.5385
-0.47419,-0.81711
-0.47419,-0.39039
-0.47419,-1.3335
-0.47419,-0.71139
-0.47419,0.066405
-0.47419,0.50631
-1.3525,-0.90646
-1.3525,-1.7787
-1.3525,-2.2952
6.4801,6.9831
6.4801,5.7375
6.4801,6.4207
6.4801,6.4148
6.4801,7.1867
6.4801,6.0123
4.7186,4.6847
4.7186,4.5038
4.7186,5.2348
4.7186,5.5901
4.7186,4.7342
4.7186,5.577
4.7186,4.5456
4.7186,5.2781
4.7186,5.2827
4.7186,4.5321
4.7186,5.3203
4.7186,4.3144
4.7186,4.3101
4.25,4.6189
4.25,4.9352
4.25,3.6229
5.2348,4.5903
5.2348,4.5038
5.2348,4.7186
5.2348,5.5901
5.2348,4.7342
5.2348,5.577
5.2348,5.3383
5.2348,5.5808
5.2348,4.5456
5.2348,5.6024
5.2348,5.3215
5.2348,5.2781
5.2348,5.2827
5.2348,5.3203
-3.2247,-2.5656
-3.2247,-2.263
-3.2247,-3.6218
-3.2247,-3.3088
-5.4574,-4.7903
-5.4574,-6.076
-5.4574,-4.6962
-2.7205,-2.2454
-2.7205,-2.0417
-2.7205,-3.4858
-2.7205,-3.1029
-2.7205,-2.1366
-2.7205,-2.5385
-2.7205,-3.3626
-2.7205,-2.6189
-6.0928,-6.3944
-6.0928,-5.2875
-6.0928,-5.7953
-6.0928,-5.5164
-6.0928,-6.3283
-6.0928,-5.2598
-6.0928,-5.9956
-6.0928,-5.9965
-6.0928,-6.5915
-6.3944,-6.0928
-6.3944,-5.7953
-6.3944,-6.3283
-6.3944,-6.2881
-6.3944,-5.9956
-6.3944,-7.0548
-6.3944,-6.5915
3.2002,2.7216
3.2002,3.1504
3.2002,2.2905
3.2002,3.1763
3.2002,2.3671
3.2002,3.7817
3.2002,4.0489
-0.90646,-1.3525
-0.90646,-1.7787
-0.90646,-1.5895
-0.90646,-0.81711
-0.90646,-0.71139
-0.90646,-0.22041
-1.3211,-2.2454
-1.3211,-1.6204
-1.3211,-0.88
-1.3211,-2.0913
-1.3211,-1.5871
2.7216,3.2002
2.7216,3.1504
2.7216,3.0872
2.7216,2.2905
2.7216,2.3671
2.7216,2.4755
2.7216,1.9593
-7.6404,-8.1006
5.5901,5.5175
5.5901,4.6847
5.5901,4.7186
5.5901,5.2348
5.5901,6.3072
5.5901,5.577
5.5901,6.1623
5.5901,6.3831
5.5901,5.6024
5.5901,5.2781
5.5901,5.2827
5.5901,5.3203
5.5901,5.5452
-6.2935,-5.8785
-6.2935,-5.3631
-6.2935,-6.3283
-6.2935,-6.3885
-6.2935,-5.4151
-6.2935,-5.9965
-6.2935,-7.0151
4.6863,5.5193
4.6863,3.8865
4.6863,5.0845
4.6863,4.3347
4.6863,5.3986
4.6863,5.3483
4.6863,4.4895
1.1527,0.25725
1.1527,0.50631
-1.7787,-1.3525
-1.7787,-0.90646
-1.7787,-1.5895
-1.7787,-0.81711
-1.7787,-2.5173
-1.7787,-1.9605
-1.7787,-2.2952
-1.7787,-1.7931
-1.7787,-1.5202
7.2457,6.3001
7.2457,7.2259
7.2457,7.1002
7.2457,6.4009
6.2301,6.1623
6.2301,5.3383
6.2301,5.5808
6.2301,5.6024
6.2301,6.3001
6.2301,5.3215
6.2301,6.2831
6.2301,7.1002
6.2301,6.4009
3.1504,3.2002
3.1504,2.7216
3.1504,2.2905
3.1504,2.4755
3.1504,3.7817
3.1504,3.7598
6.3072,5.5175
6.3072,5.5901
6.3072,6.1623
6.3072,6.3831
6.3072,5.5452
3.0872,2.7216
3.0872,2.4755
3.0872,3.7598
3.0872,3.4594
-4.9319,-4.2899
-4.9319,-5.8785
-4.9319,-5.3631
-4.9319,-4.4066
-4.9319,-4.9105
-4.9319,-5.0263
-4.9319,-5.4151
-4.9319,-4.2241
4.7342,4.5903
4.7342,4.5038
4.7342,4.7186
4.7342,5.2348
4.7342,4.3085
4.7342,5.3383
4.7342,5.1388
4.7342,3.7853
4.7342,5.5808
4.7342,4.5456
4.7342,5.6024
4.7342,5.3215
4.7342,5.2827
4.7342,5.3203
4.7342,4.3101
4.7342,4.3156
-1.5895,-0.90646
-1.5895,-1.7787
-1.5895,-0.81711
-1.5895,-2.5173
-1.5895,-1.9605
-1.5895,-1.3335
-1.5895,-0.71139
-1.5895,-2.4308
-1.5895,-1.7931
-1.5895,-1.5202
9.7488,9.9089
5.7375,5.5193
5.7375,6.4801
5.7375,6.4207
5.7375,6.4148
5.7375,5.0845
5.7375,5.3986
5.7375,6.0123
6.4207,6.4801
6.4207,5.7375
6.4207,7.1867
6.4207,6.0123
-5.1702,-5.2739
-5.1702,-5.8886
-5.1702,-5.9167
-6.4156,-7.0922
-6.4156,-6.4087
-2.8544,-2.0913
-2.8544,-2.1373
-2.8544,-3.3626
-2.8544,-2.6189
-0.81711,-0.47419
-0.81711,-0.90646
-0.81711,-1.7787
-0.81711,-1.5895
-0.81711,-0.71139
-0.81711,0.066405
-0.81711,-1.5202
4.3085,4.5903
4.3085,4.7342
4.3085,5.1388
4.3085,4.5456
4.3085,3.7229
4.3085,3.5273
4.3085,4.5411
4.3085,4.3156
-3.1029,-2.2454
-3.1029,-3.8786
-3.1029,-3.4858
-3.1029,-2.7205
-3.1029,-2.5385
-3.1029,-3.3626
-3.1029,-2.6189
6.2141,6.2831
6.2141,5.4715
-7.0219,-6.7755
-7.0219,-6.2881
-7.0219,-7.0548
-2.8508,-2.5173
-2.8508,-3.6885
-2.8508,-2.8629
-2.8508,-1.9605
-2.8508,-2.5656
-2.8508,-3.3088
-2.8508,-2.4308
-2.5173,-1.7787
-2.5173,-1.5895
-2.5173,-2.8508
-2.5173,-2.8629
-2.5173,-1.9605
-2.5173,-2.5656
-2.5173,-2.4308
-2.5173,-2.2952
-2.5173,-2.0747
-2.5173,-1.7931
2.9506,3.8865
-6.4087,-5.796
-6.4087,-7.0922
-6.4087,-6.4156
-6.4087,-6.7587
5.577,5.5175
5.577,4.7186
5.577,5.2348
5.577,5.5901
5.577,6.1623
5.577,5.5808
5.577,6.3831
5.577,5.6024
5.577,6.3001
5.577,5.3215
5.577,5.2781
5.577,5.2827
5.577,5.3203
5.577,6.4009
3.5818,4.5038
3.5818,3.7853
3.5818,3.5976
3.5818,3.5273
3.5818,4.3144
3.5818,4.3101
6.2947,6.4148
6.2947,5.4815
6.2947,5.8655
-1.7028,-2.2454
-1.7028,-2.0417
-1.7028,-0.88
-1.7028,-2.1366
-1.7028,-1.3934
-1.7028,-2.5385
-1.7028,-1.574
-1.7028,-1.5871
5.2697,4.6109
5.2697,5.4715
-6.7587,-6.4087
2.2905,3.2002
2.2905,2.7216
2.2905,3.1504
2.2905,2.3671
2.2905,2.4755
2.2905,1.9593
6.1623,5.5901
6.1623,6.2301
6.1623,6.3072
6.1623,5.577
6.1623,6.3831
6.1623,5.6024
6.1623,6.3001
6.1623,5.2827
6.1623,5.3203
6.1623,6.4009
-5.2875,-6.0928
-5.2875,-5.7953
-5.2875,-4.5636
-5.2875,-5.5164
-5.2875,-5.2445
-5.2875,-5.2598
-5.2875,-4.9105
-5.2875,-5.9956
-5.2875,-4.48
4.2594,4.6109
4.2594,3.7598
4.2594,3.4594
-1.6204,-2.2454
-1.6204,-1.3211
-1.6204,-2.0913
-1.6204,-2.1373
-5.7953,-6.0928
-5.7953,-6.3944
-5.7953,-5.2875
-5.7953,-5.2445
-5.7953,-6.2881
-5.7953,-5.2739
-5.7953,-5.9956
-5.7953,-5.9167
-6.7755,-7.0219
-6.7755,-6.2881
-6.7755,-5.8886
-6.7755,-5.9167
5.3383,4.5903
5.3383,5.2348
5.3383,6.2301
5.3383,4.7342
5.3383,5.1388
5.3383,5.5808
5.3383,5.6024
5.3383,5.3215
5.3383,6.2831
5.3383,5.4715
-5.6931,-5.3631
-5.6931,-6.3885
-5.6931,-5.0263
-0.88,-1.3211
-0.88,-1.7028
-0.88,-0.63182
-0.88,-1.3934
-0.88,-1.5871
-8.0102,-8.1006
-8.0102,-8.7049
-0.8762,-0.63182
-0.8762,-1.3934
-0.8762,-1.574
5.1388,4.5903
5.1388,4.7342
5.1388,4.3085
5.1388,5.3383
5.1388,5.5808
5.1388,5.3215
5.1388,4.6109
5.1388,4.5411
5.1388,4.3156
5.1388,5.4715
3.8865,4.6863
3.8865,2.9506
3.8865,4.6189
3.8865,4.4895
3.8865,3.6229
6.4148,6.9831
6.4148,5.5193
6.4148,6.4801
6.4148,5.7375
6.4148,6.2947
6.4148,6.0123
6.4148,5.8655
3.1763,3.2002
3.1763,2.3671
3.1763,2.6251
3.1763,4.0489
3.7853,4.5903
3.7853,4.5038
3.7853,4.7342
3.7853,3.5818
3.7853,3.5976
3.7853,4.5456
3.7853,3.5273
3.7853,4.3101
3.7853,4.3156
5.0845,5.5193
5.0845,4.6863
5.0845,5.7375
5.0845,4.3347
5.0845,5.3986
5.0845,5.3483
5.0845,6.0123
5.0845,4.4895
1.1822,1.4288
1.1822,1.9593
1.1822,1.3814
-4.2899,-4.9319
-4.2899,-5.0263
-4.2899,-4.2241
2.3671,1.4288
2.3671,3.2002
2.3671,2.7216
2.3671,2.2905
2.3671,3.1763
2.3671,1.8451
2.3671,1.9593
2.3671,2.6251
-2.0913,-2.2454
-2.0913,-2.0417
-2.0913,-1.3211
-2.0913,-2.8544
-2.0913,-1.6204
-2.0913,-2.6189
-2.0913,-1.5871
5.5808,4.5903
5.5808,5.2348
5.5808,6.2301
5.5808,4.7342
5.5808,5.577
5.5808,5.3383
5.5808,5.1388
5.5808,5.6024
5.5808,6.3001
5.5808,5.3215
5.5808,5.2827
5.5808,6.2831
5.5808,5.4715
-4.5636,-5.2875
-4.5636,-5.2445
-4.5636,-5.2739
-4.5636,-4.48
-5.8785,-6.2935
-5.8785,-4.9319
-5.8785,-5.3631
-5.8785,-5.5164
-5.8785,-6.3283
-5.8785,-6.3885
-5.8785,-5.2598
-5.8785,-4.9105
-5.8785,-5.4151
-5.8785,-5.9965
-3.6885,-2.8508
-3.6885,-3.3088
4.6189,4.25
4.6189,3.8865
4.6189,4.9352
4.6189,5.3483
4.6189,4.4895
4.6189,3.6229
-5.3631,-6.2935
-5.3631,-4.9319
-5.3631,-5.6931
-5.3631,-5.8785
-5.3631,-4.9105
-5.3631,-5.0263
-5.3631,-5.4151
-5.5164,-6.0928
-5.5164,-5.2875
-5.5164,-5.8785
-5.5164,-6.3283
-5.5164,-5.2445
-5.5164,-5.2598
-5.5164,-4.9105
-5.5164,-5.9956
-5.5164,-5.4151
-5.5164,-5.9965
-2.8629,-2.8508
-2.8629,-2.5173
-2.8629,-1.9605
-2.8629,-2.4308
-2.8629,-2.2952
3.5976,3.5818
3.5976,3.7853
3.5976,3.7656
3.5976,4.3144
3.5976,4.3101
-0.39039,-0.47419
-0.39039,-1.2938
-0.39039,0.50631
4.5456,4.5903
4.5456,4.5038
4.5456,4.7186
4.5456,5.2348
4.5456,4.7342
4.5456,4.3085
4.5456,3.7853
4.5456,5.3215
4.5456,5.2827
4.5456,5.3203
4.5456,4.3144
4.5456,4.3101
4.5456,4.3156
-1.9605,-1.7787
-1.9605,-1.5895
-1.9605,-2.8508
-1.9605,-2.5173
-1.9605,-2.8629
-1.9605,-2.4308
-1.9605,-2.2952
-1.9605,-1.7931
-1.9605,-1.5202
6.3831,5.5901
6.3831,6.3072
6.3831,5.577
6.3831,6.1623
6.3831,6.3001
6.3831,7.2259
6.3831,6.4009
2.4755,2.7216
2.4755,3.1504
2.4755,3.0872
2.4755,2.2905
4.9352,4.25
4.9352,4.6189
4.9352,5.4815
4.9352,5.3483
4.9352,4.4895
-6.3283,-6.0928
-6.3283,-6.3944
-6.3283,-6.2935
-6.3283,-5.8785
-6.3283,-5.5164
-6.3283,-5.9965
-6.3283,-7.0151
-6.3283,-6.5915
1.8451,1.4288
1.8451,2.3671
1.8451,2.6251
-9.1702,-8.7049
-8.1006,-7.6404
-8.1006,-8.0102
-8.1006,-8.7049
5.4815,6.2947
5.4815,4.9352
5.4815,5.3483
5.4815,5.8655
7.1867,6.9831
7.1867,6.4801
7.1867,6.4207
-2.5656,-3.2247
-2.5656,-2.8508
-2.5656,-2.5173
-2.5656,-2.263
-2.5656,-3.3088
-2.5656,-2.4308
-2.5656,-2.0747
-2.263,-3.2247
-2.263,-2.5656
-2.263,-2.4308
-2.263,-2.0747
-2.263,-1.2938
5.6024,5.2348
5.6024,5.5901
5.6024,6.2301
5.6024,4.7342
5.6024,5.577
5.6024,6.1623
5.6024,5.3383
5.6024,5.5808
5.6024,6.3001
5.6024,5.3215
5.6024,5.2827
5.6024,5.3203
5.6024,6.4009
-6.3885,-6.2935
-6.3885,-5.6931
-6.3885,-5.8785
6.3001,7.2457
6.3001,6.2301
6.3001,5.577
6.3001,6.1623
6.3001,5.5808
6.3001,6.3831
6.3001,5.6024
6.3001,5.3215
6.3001,6.2831
6.3001,6.4009
-3.6218,-3.2247
-4.5759,-3.7857
-5.2445,-5.2875
-5.2445,-5.7953
-5.2445,-4.5636
-5.2445,-5.5164
-5.2445,-5.2739
-5.2445,-5.9956
1.9593,1.4288
1.9593,2.7216
1.9593,2.2905
1.9593,1.1822
1.9593,2.3671
3.7229,4.3085
3.7229,3.5273
3.7229,4.5411
3.7229,3.4594
4.3347,4.6863
4.3347,5.0845
-6.2881,-6.3944
-6.2881,-7.0219
-6.2881,-5.7953
-6.2881,-6.7755
-6.2881,-5.9956
-6.2881,-5.9167
5.3215,4.5903
5.3215,5.2348
5.3215,6.2301
5.3215,4.7342
5.3215,5.577
5.3215,5.3383
5.3215,5.1388
5.3215,5.5808
5.3215,4.5456
5.3215,5.6024
5.3215,6.3001
5.3215,5.2827
5.3215,5.3203
5.3215,5.4715
-3.3088,-3.2247
-3.3088,-2.8508
-3.3088,-3.6885
-3.3088,-2.5656
-3.3088,-2.4308
-5.573,-6.076
2.6251,3.1763
2.6251,2.3671
2.6251,1.8451
5.2781,5.5175
5.2781,4.6847
5.2781,4.7186
5.2781,5.2348
5.2781,5.5901
5.2781,5.577
5.2781,5.2827
5.2781,4.5321
5.2781,5.3203
5.2781,4.3144
5.2781,5.5452
-1.3335,-0.47419
-1.3335,-1.5895
-1.3335,-0.71139
-1.3335,-2.0747
-1.3335,-1.7931
-1.3335,-1.5202
-1.3335,-1.2938
-4.4066,-4.9319
-4.4066,-5.2598
-4.4066,-4.9105
-4.4066,-4.48
-4.4066,-4.2241
-0.71139,-0.47419
-0.71139,-0.90646
-0.71139,-1.5895
-0.71139,-0.81711
-0.71139,-1.3335
-0.71139,0.066405
-0.71139,-1.5202
-8.0904,-8.6153
3.7656,4.6847
3.7656,3.5976
3.7656,4.5321
3.7656,4.3144
7.2259,7.2457
7.2259,6.3831
7.2259,6.4009
-2.4308,-1.5895
-2.4308,-2.8508
-2.4308,-2.5173
-2.4308,-2.8629
-2.4308,-1.9605
-2.4308,-2.5656
-2.4308,-2.263
-2.4308,-3.3088
-2.4308,-2.0747
-2.4308,-1.7931
-2.4308,-1.5202
4.6109,5.2697
4.6109,4.2594
4.6109,5.1388
4.6109,4.5411
-0.63182,-0.88
-0.63182,-0.8762
-0.63182,-1.3934
-0.63182,-1.5871
-2.2952,-1.3525
-2.2952,-1.7787
-2.2952,-2.5173
-2.2952,-2.8629
-2.2952,-1.9605
-5.2739,-5.1702
-5.2739,-5.7953
-5.2739,-4.5636
-5.2739,-5.2445
-5.2739,-5.9956
-5.2739,-5.9167
9.9089,9.7488
-2.0747,-2.5173
-2.0747,-2.5656
-2.0747,-2.263
-2.0747,-1.3335
-2.0747,-2.4308
-2.0747,-1.7931
-2.0747,-1.5202
-2.0747,-1.2938
5.3986,4.6863
5.3986,5.7375
5.3986,5.0845
5.3986,6.0123
3.5273,4.3085
3.5273,3.5818
3.5273,3.7853
3.5273,3.7229
3.5273,4.3156
-5.2598,-6.0928
-5.2598,-5.2875
-5.2598,-5.8785
-5.2598,-5.5164
-5.2598,-4.4066
-5.2598,-4.9105
-5.2598,-4.48
-5.2598,-5.4151
-5.2598,-5.9965
-4.9105,-4.9319
-4.9105,-5.2875
-4.9105,-5.8785
-4.9105,-5.3631
-4.9105,-5.5164
-4.9105,-4.4066
-4.9105,-5.2598
-4.9105,-4.48
-4.9105,-5.4151
-4.9105,-4.2241
3.7817,3.2002
3.7817,3.1504
3.7817,3.7598
3.7817,4.0489
-8.7049,-8.0102
-8.7049,-9.1702
-8.7049,-8.1006
-5.9956,-6.0928
-5.9956,-6.3944
-5.9956,-5.2875
-5.9956,-5.7953
-5.9956,-5.5164
-5.9956,-5.2445
-5.9956,-6.2881
-5.9956,-5.2739
-5.9956,-6.5915
5.2827,5.5175
5.2827,4.6847
5.2827,4.5038
5.2827,4.7186
5.2827,5.2348
5.2827,5.5901
5.2827,4.7342
5.2827,5.577
5.2827,6.1623
5.2827,5.5808
5.2827,4.5456
5.2827,5.6024
5.2827,5.3215
5.2827,5.2781
5.2827,5.3203
5.2827,4.3101
4.5321,5.5175
4.5321,4.6847
4.5321,4.7186
4.5321,5.2781
4.5321,3.7656
4.5321,4.7512
4.5321,4.3144
4.5321,4.3101
-2.1366,-2.0417
-2.1366,-2.7205
-2.1366,-1.7028
-2.1366,-1.3934
-2.1366,-2.8956
-2.1366,-2.5385
-2.1366,-1.574
-1.3934,-2.0417
-1.3934,-1.7028
-1.3934,-0.88
-1.3934,-0.8762
-1.3934,-0.63182
-1.3934,-2.1366
-1.3934,-1.574
-1.3934,-1.5871
3.7598,3.1504
3.7598,3.0872
3.7598,4.2594
3.7598,3.7817
4.7512,5.5175
4.7512,4.6847
4.7512,4.5321
4.7512,4.3144
4.7512,5.5452
-4.48,-5.2875
-4.48,-4.5636
-4.48,-4.4066
-4.48,-5.2598
-4.48,-4.9105
-8.6153,-8.0904
-2.8956,-3.4858
-2.8956,-2.1366
-2.8956,-2.5385
-5.0263,-4.9319
-5.0263,-5.6931
-5.0263,-4.2899
-5.0263,-5.3631
-5.0263,-5.4151
-5.0263,-4.6962
-2.1373,-2.8544
-2.1373,-1.6204
-7.0548,-6.3944
-7.0548,-7.0219
-7.0548,-6.5915
-0.22041,-0.90646
-0.22041,0.25725
-2.5385,-2.2454
-2.5385,-2.0417
-2.5385,-3.4858
-2.5385,-2.7205
-2.5385,-3.1029
-2.5385,-1.7028
-2.5385,-2.1366
-2.5385,-2.8956
5.3203,5.5175
5.3203,4.6847
5.3203,4.5038
5.3203,4.7186
5.3203,5.2348
5.3203,5.5901
5.3203,4.7342
5.3203,5.577
5.3203,6.1623
5.3203,4.5456
5.3203,5.6024
5.3203,5.3215
5.3203,5.2781
5.3203,5.2827
5.3483,5.5193
5.3483,4.6863
5.3483,5.0845
5.3483,4.6189
5.3483,4.9352
5.3483,5.4815
5.3483,6.0123
5.3483,4.4895
5.3483,5.8655
4.3144,4.6847
4.3144,4.5038
4.3144,4.7186
4.3144,3.5818
4.3144,3.5976
4.3144,4.5456
4.3144,5.2781
4.3144,3.7656
4.3144,4.5321
4.3144,4.7512
4.3144,4.3101
-5.4151,-6.2935
-5.4151,-4.9319
-5.4151,-5.8785
-5.4151,-5.3631
-5.4151,-5.5164
-5.4151,-5.2598
-5.4151,-4.9105
-5.4151,-5.0263
-5.4151,-5.9965
6.0123,5.5193
6.0123,6.4801
6.0123,5.7375
6.0123,6.4207
6.0123,6.4148
6.0123,5.0845
6.0123,5.3986
6.0123,5.3483
6.0123,5.8655
6.2831,6.2301
6.2831,6.2141
6.2831,5.3383
6.2831,5.5808
6.2831,6.3001
6.2831,7.1002
6.2831,5.4715
4.0489,3.2002
4.0489,3.1763
4.0489,3.7817
4.4895,4.6863
4.4895,3.8865
4.4895,5.0845
4.4895,4.6189
4.4895,4.9352
4.4895,5.3483
4.4895,3.6229
-1.7931,-1.7787
-1.7931,-1.5895
-1.7931,-2.5173
-1.7931,-1.9605
-1.7931,-1.3335
-1.7931,-2.4308
-1.7931,-2.0747
-1.7931,-1.5202
-5.9965,-6.0928
-5.9965,-6.2935
-5.9965,-5.8785
-5.9965,-5.5164
-5.9965,-6.3283
-5.9965,-5.2598
-5.9965,-5.4151
-5.9965,-6.5915
4.3101,4.6847
4.3101,4.5038
4.3101,4.7186
4.3101,4.7342
4.3101,3.5818
4.3101,3.7853
4.3101,3.5976
4.3101,4.5456
4.3101,5.2827
4.3101,4.5321
4.3101,4.3144
4.3101,4.3156
-1.574,-1.7028
-1.574,-0.8762
-1.574,-2.1366
-1.574,-1.3934
7.1002,7.2457
7.1002,6.2301
7.1002,6.2831
-3.3626,-2.7205
-3.3626,-2.8544
-3.3626,-3.1029
-3.3626,-2.6189
-4.7903,-5.4574
5.5452,5.5175
5.5452,5.5901
5.5452,6.3072
5.5452,5.2781
5.5452,4.7512
5.8655,5.5193
5.8655,6.2947
5.8655,6.4148
5.8655,5.4815
5.8655,5.3483
5.8655,6.0123
-5.8886,-5.1702
-5.8886,-6.7755
-5.8886,-5.9167
4.5411,4.5903
4.5411,4.3085
4.5411,5.1388
4.5411,3.7229
4.5411,4.6109
4.5411,4.3156
4.5411,5.4715
-4.7054,-3.8786
-4.2241,-4.9319
-4.2241,-4.2899
-4.2241,-4.4066
-4.2241,-4.9105
-5.9167,-5.1702
-5.9167,-5.7953
-5.9167,-6.7755
-5.9167,-6.2881
-5.9167,-5.2739
-5.9167,-5.8886
-7.0151,-6.2935
-7.0151,-6.3283
-7.0151,-6.5915
-3.7857,-4.5759
6.4009,7.2457
6.4009,6.2301
6.4009,5.577
6.4009,6.1623
6.4009,6.3831
6.4009,5.6024
6.4009,6.3001
6.4009,7.2259
-2.6189,-2.2454
-2.6189,-2.0417
-2.6189,-2.7205
-2.6189,-2.8544
-2.6189,-3.1029
-2.6189,-2.0913
-2.6189,-3.3626
-6.5915,-6.0928
-6.5915,-6.3944
-6.5915,-6.3283
-6.5915,-5.9956
-6.5915,-7.0548
-6.5915,-5.9965
-6.5915,-7.0151
0.066405,-0.47419
0.066405,-0.81711
0.066405,-0.71139
0.066405,0.25725
0.066405,0.50631
1.3814,1.1822
4.3156,4.5903
4.3156,4.5038
4.3156,4.7342
4.3156,4.3085
4.3156,5.1388
4.3156,3.7853
4.3156,4.5456
4.3156,3.5273
4.3156,4.3101
4.3156,4.5411
-1.5202,-1.7787
-1.5202,-1.5895
-1.5202,-0.81711
-1.5202,-1.9605
-1.5202,-1.3335
-1.5202,-0.71139
-1.5202,-2.4308
-1.5202,-2.0747
-1.5202,-1.7931
-1.5202,-1.2938
3.6229,4.25
3.6229,3.8865
3.6229,4.6189
3.6229,4.4895
-1.5871,-2.2454
-1.5871,-2.0417
-1.5871,-1.3211
-1.5871,-1.7028
-1.5871,-0.88
-1.5871,-2.0913
-1.5871,-0.63182
-1.5871,-1.3934
-6.076,-5.4574
-6.076,-5.573
-4.6962,-5.4574
-4.6962,-5.0263
3.4594,3.0872
3.4594,4.2594
3.4594,3.7229
0.25725,1.1527
0.25725,-0.22041
0.25725,0.066405
-1.2938,-0.39039
-1.2938,-2.263
-1.2938,-1.3335
-1.2938,-2.0747
-1.2938,-1.5202
5.4715,6.2141
5.4715,5.2697
5.4715,5.3383
5.4715,5.1388
5.4715,5.5808
5.4715,5.3215
5.4715,6.2831
5.4715,4.5411
0.50631,-0.47419
0.50631,1.1527
0.50631,-0.39039
0.50631,0.066405
