-2.4267,-1.8017
-2.4267,-2.8725
-2.4267,-2.3999
-2.4267,-1.8768
-2.4267,-2.9185
-6.9155,-6.6654
-6.9155,-7.2787
-6.9155,-6.1273
-6.9155,-7.0219
-6.9155,-6.1077
-6.9155,-7.4628
-6.9155,-6.6242
-6.9155,-6.5161
-5.652,-5.3338
-5.652,-5.1676
-5.652,-6.09
-5.512,-5.9779
-5.512,-5.1634
-5.512,-6.1077
-5.512,-4.8157
-5.512,-5.5911
-5.512,-5.3475
-5.512,-4.6438
-5.512,-5.9463
1.1968,0.41277
1.1968,1.6457
1.1968,0.76551
-5.0889,-5.4225
-5.0889,-5.0813
-5.0889,-4.6695
-5.0889,-4.6717
-5.0889,-6.0587
-5.0889,-4.2324
-5.0889,-5.3989
-5.4225,-5.0889
-5.4225,-5.0813
-5.4225,-4.6717
-5.4225,-5.8739
-5.4225,-4.7611
-5.4225,-6.0587
-5.4225,-4.5854
-5.5815,-5.453
-5.5815,-5.1676
-5.5815,-6.09
-5.5815,-4.6867
5.5242,5.2149
5.5242,4.5905
5.5242,5.2237
5.5242,5.8204
5.5242,5.7613
5.5242,4.8858
5.5242,6.282
-3.8361,-3.3007
-3.8361,-3.4698
-3.8361,-3.7092
-3.8361,-4.1659
-3.8361,-4.6717
-3.8361,-3.2096
-3.8361,-4.2324
-3.8361,-4.1341
-3.8361,-4.5854
-3.8361,-2.9185
6.1646,5.2149
6.1646,5.6189
6.1646,6.6025
6.1646,5.8204
6.1646,6.8933
6.1646,5.7666
6.1646,6.4772
6.1646,6.282
-5.6114,-6.2559
-5.453,-5.5815
-5.453,-5.7182
-5.453,-6.1273
-5.453,-4.9884
-5.453,-4.6867
5.8186,5.2623
5.8186,6.3407
5.8186,5.5241
5.8186,6.0828
5.8186,5.3374
4.2878,4.7009
4.2878,5.0111
5.2149,5.5242
5.2149,6.1646
5.2149,5.6189
5.2149,4.2396
5.2149,5.2237
5.2149,5.8204
5.2149,4.7917
5.2149,5.7666
5.2149,4.8858
-5.0813,-5.0889
-5.0813,-5.4225
-5.0813,-5.2731
-5.0813,-4.1659
-5.0813,-4.6717
-5.0813,-5.8739
-5.0813,-4.7611
-5.0813,-4.1341
-5.0813,-4.5854
7.5281,6.8933
7.5281,7.2667
7.5281,6.9457
-3.3007,-3.8361
-3.3007,-3.4698
-3.3007,-3.7092
-3.3007,-3.3378
-3.3007,-2.8725
-3.3007,-2.3999
-3.3007,-3.6243
-3.3007,-4.2324
-3.3007,-2.9185
6.7777,5.9639
6.7777,7.7383
6.7777,6.4214
6.7777,6.3006
6.7777,7.1296
-2.9832,-2.333
-2.9832,-2.715
-5.7182,-5.453
-5.7182,-6.1273
-5.7182,-6.1077
-5.7182,-4.9884
-5.7182,-5.3475
-5.7182,-6.5161
1.1115,0.60809
1.1115,1.5623
1.1115,1.1523
1.1115,1.8669
1.1115,0.59806
1.1115,0.89446
0.60809,1.1115
0.60809,0.41365
0.60809,-0.15049
0.60809,1.1523
0.60809,0.093871
0.60809,0.59806
0.60809,0.0033989
1.0178,0.86599
1.0178,1.5266
1.0178,1.5051
1.0178,1.3384
1.0178,0.33833
1.0178,0.56678
1.0178,0.21486
4.7009,4.2878
4.7009,5.2623
4.7009,5.3499
4.7009,5.5241
4.7009,4.752
-6.6654,-6.9155
-6.6654,-5.9779
-6.6654,-7.0219
-6.6654,-6.6809
-6.6654,-6.1077
-6.6654,-7.4628
-6.6654,-6.5161
-6.6654,-5.9463
0.86599,1.0178
0.86599,1.5266
0.86599,1.5051
0.86599,0.33833
0.86599,0.76551
7.1724,6.3252
-4.6695,-5.0889
-4.6695,-4.4189
-4.6695,-3.7092
-4.6695,-4.1659
-4.6695,-4.6717
-4.6695,-4.2324
-4.6695,-5.3989
-0.78504,-1.6527
-0.78504,-0.98608
-0.78504,-0.15049
-0.78504,-1.0529
-0.78504,-0.4425
-0.78504,-0.073309
-0.78504,0.0033989
5.6189,6.1646
5.6189,5.2149
5.6189,5.6919
5.6189,5.8204
5.6189,6.4239
5.6189,4.9993
5.6189,4.7917
5.6189,5.7666
5.6189,6.4772
5.9495,6.6916
5.0111,4.2878
5.0111,5.5293
5.0111,5.3499
5.0111,4.6064
5.0111,5.3589
5.0111,5.7097
-2.4519,-1.89
-2.4519,-2.2465
-2.4519,-3.362
-2.4519,-2.9023
-1.89,-2.4519
-1.89,-1.2762
-1.89,-2.3999
-1.89,-2.2465
-1.89,-1.8768
-1.89,-1.3099
1.5266,1.0178
1.5266,0.86599
1.5266,1.5051
1.5266,1.3384
1.5266,2.0418
1.5266,2.467
-4.4189,-4.6695
-4.4189,-3.9458
-4.4189,-3.6243
-4.4189,-4.2324
-0.24421,0.33833
-0.24421,-0.015962
-1.1461,-0.90612
-1.1461,-0.98608
-1.1461,-1.7537
-1.1461,-0.3357
-1.1461,-0.59208
-3.4698,-3.8361
-3.4698,-3.3007
-3.4698,-3.7092
-3.4698,-3.5388
-3.4698,-4.1659
-3.4698,-3.2096
-3.4698,-4.1341
-3.4698,-2.9185
6.0242,5.2623
6.0242,5.3499
6.0242,6.4003
6.0242,5.5241
6.0242,6.4593
6.0242,5.3589
6.0242,5.7097
-6.6793,-6.6948
4.2396,5.2149
4.2396,4.5905
4.2396,4.7917
4.2396,4.8858
6.9722,6.6916
4.5905,5.5242
4.5905,4.2396
4.5905,5.2237
4.5905,4.8858
2.8865,2.2731
-6.2559,-5.6114
-6.2559,-5.3338
-7.2787,-6.9155
-7.2787,-7.4628
-7.2787,-6.6242
-7.2787,-6.5161
5.2623,5.8186
5.2623,4.7009
5.2623,6.0242
5.2623,5.3499
5.2623,5.5241
5.2623,4.752
5.2623,5.7097
-1.8017,-2.4267
-1.8017,-1.4212
-1.8017,-1.2548
-1.8017,-1.8768
-1.8017,-0.8355
-6.1273,-6.9155
-6.1273,-5.453
-6.1273,-5.7182
-6.1273,-6.6242
-6.1273,-6.5161
-0.1643,0.34829
-0.1643,-0.54565
-0.1643,-0.81165
1.5623,1.1115
1.5623,2.2778
1.5623,1.8669
1.5623,0.89446
5.5293,5.0111
5.5293,5.7321
5.5293,5.2317
5.5293,5.9639
5.5293,6.3006
5.5293,4.6064
5.5293,5.3589
5.7321,5.5293
5.7321,5.9543
5.7321,5.2317
5.7321,5.9639
5.7321,6.4214
5.7321,6.3006
-5.3338,-5.652
-5.3338,-6.2559
-5.3338,-4.5941
-5.3338,-4.5372
-3.7092,-3.8361
-3.7092,-3.3007
-3.7092,-4.6695
-3.7092,-3.4698
-3.7092,-2.8725
-3.7092,-4.1659
-3.7092,-3.6243
-3.7092,-4.2324
-3.7092,-2.9185
-4.2089,-3.5388
-4.2089,-4.7611
-4.2089,-4.1341
-4.2089,-4.5854
6.6025,6.1646
6.6025,5.7613
6.6025,6.282
-5.9779,-5.512
-5.9779,-6.6654
-5.9779,-6.6809
-5.9779,-5.1634
-5.9779,-6.2004
-5.9779,-5.5911
-5.9779,-5.9463
0.34829,-0.1643
0.34829,-0.54565
-4.5941,-5.3338
-4.5941,-4.5372
-4.5941,-3.76
1.5051,1.0178
1.5051,0.86599
1.5051,1.5266
1.5051,2.0418
1.5051,1.6457
1.5051,0.76551
-3.3378,-3.3007
-3.3378,-2.8725
-3.3378,-3.9458
-3.3378,-3.362
-3.3378,-3.6243
-3.3378,-2.9023
0.59845,1.2651
0.59845,1.0339
0.59845,0.41365
0.59845,1.1523
0.59845,-0.3357
0.59845,0.093871
0.59845,-0.0014558
0.59845,0.34901
-0.12876,0.56678
-0.12876,-0.8355
-0.12876,-0.55611
-7.0219,-6.9155
-7.0219,-6.6654
-7.0219,-6.6809
-7.0219,-7.4628
-7.0219,-6.5161
1.2651,0.59845
1.2651,1.0339
1.2651,0.41365
1.2651,1.1523
1.2651,1.7426
2.2778,1.5623
2.2778,1.8669
-1.2762,-1.89
-1.2762,-1.4212
-1.2762,-1.8768
-1.2762,-0.54565
-1.2762,-1.3099
-1.2762,-0.81165
-1.6527,-0.78504
-1.6527,-0.98608
-1.6527,-2.333
-6.6809,-6.6654
-6.6809,-5.9779
-6.6809,-7.0219
-6.6809,-6.2004
-6.6809,-5.9463
-5.1634,-5.512
-5.1634,-5.9779
-5.1634,-5.5911
-5.1634,-4.6438
-1.4212,-1.8017
-1.4212,-1.2762
-1.4212,-2.3999
-1.4212,-1.8768
-1.4212,-0.54565
-1.4212,-0.8355
5.6919,5.6189
5.6919,6.4239
5.6919,4.9993
5.2237,5.5242
5.2237,5.2149
5.2237,4.5905
5.2237,5.8204
5.2237,5.7613
5.2237,4.8858
1.3384,1.0178
1.3384,1.5266
1.3384,0.56678
1.3384,0.99606
-3.5388,-3.4698
-3.5388,-4.2089
-3.5388,-3.2096
-3.5388,-4.1341
5.8204,5.5242
5.8204,6.1646
5.8204,5.2149
5.8204,5.6189
5.8204,5.2237
5.8204,5.7666
5.8204,4.8858
5.8204,6.4772
5.8204,6.282
0.41277,1.1968
0.41277,-0.015962
-0.90612,-1.1461
-0.90612,-1.7537
-0.90612,-0.3357
-0.90612,-0.0014558
-0.90612,-0.4726
-0.90612,-1.368
2.0418,1.5266
2.0418,1.5051
2.0418,2.467
-6.1077,-6.9155
-6.1077,-5.512
-6.1077,-5.7182
-6.1077,-6.6654
-6.1077,-5.5911
-6.1077,-5.3475
-6.1077,-6.5161
-6.1077,-5.9463
-2.8725,-2.4267
-2.8725,-3.3007
-2.8725,-3.7092
-2.8725,-3.3378
-2.8725,-2.3999
-2.8725,-1.8768
-2.8725,-3.6243
-2.8725,-2.9023
-2.8725,-2.9185
1.0339,0.59845
1.0339,1.2651
1.0339,0.34901
-0.98608,-0.78504
-0.98608,-1.1461
-0.98608,-1.6527
-0.98608,-0.3357
-0.98608,-0.59208
-0.98608,-0.4425
5.9543,5.7321
5.9543,5.2317
5.9543,6.4214
6.4239,5.6189
6.4239,5.6919
6.4239,6.8933
6.4239,5.7666
6.4239,6.4772
6.4239,6.9457
-1.7537,-1.1461
-1.7537,-0.90612
-1.7537,-2.333
0.41365,0.60809
0.41365,0.59845
0.41365,1.2651
0.41365,1.1523
0.41365,-0.3357
0.41365,0.093871
0.41365,-0.0014558
0.41365,-0.59208
0.41365,0.0033989
5.2317,5.5293
5.2317,5.7321
5.2317,5.9543
5.2317,5.9639
5.2317,4.6064
-5.2731,-5.0813
-5.2731,-5.8739
-5.2731,-4.7611
6.3407,5.8186
6.3407,6.4003
6.3407,5.5241
6.3407,6.0828
-4.1659,-3.8361
-4.1659,-5.0813
-4.1659,-4.6695
-4.1659,-3.4698
-4.1659,-3.7092
-4.1659,-4.6717
-4.1659,-4.7611
-4.1659,-4.2324
-4.1659,-4.1341
-4.1659,-4.5854
5.3499,4.7009
5.3499,5.0111
5.3499,6.0242
5.3499,5.2623
5.3499,5.5241
5.3499,5.3589
5.3499,5.7097
-3.9458,-4.4189
-3.9458,-3.3378
-3.9458,-3.6243
0.33833,1.0178
0.33833,0.86599
0.33833,-0.24421
0.33833,0.76551
0.33833,0.21486
6.8933,6.1646
6.8933,7.5281
6.8933,6.4239
6.8933,7.2667
6.8933,6.4772
-0.15049,0.60809
-0.15049,-0.78504
-0.15049,0.59806
-0.15049,-0.4425
-0.15049,-0.073309
-0.15049,0.0033989
1.6457,1.1968
1.6457,1.5051
5.5735,6.3252
5.9554,6.3252
7.2667,7.5281
7.2667,6.8933
7.2667,6.4772
5.7613,5.5242
5.7613,6.6025
5.7613,5.2237
5.7613,6.282
5.9639,6.7777
5.9639,5.5293
5.9639,5.7321
5.9639,5.2317
5.9639,6.4214
5.9639,6.3006
5.9639,6.4593
5.9639,5.3589
7.7383,6.7777
-2.3999,-2.4267
-2.3999,-3.3007
-2.3999,-1.89
-2.3999,-1.4212
-2.3999,-2.8725
-2.3999,-2.2465
-2.3999,-1.8768
-2.3999,-2.9023
-1.0529,-0.78504
-1.0529,-0.073309
-2.2465,-2.4519
-2.2465,-1.89
-2.2465,-2.3999
-2.2465,-1.8768
-2.2465,-1.3099
-2.2465,-2.9023
-5.1676,-5.652
-5.1676,-5.5815
-5.1676,-4.5372
-5.1676,-6.09
-5.1676,-4.6867
1.1523,1.1115
1.1523,0.60809
1.1523,0.59845
1.1523,1.2651
1.1523,0.41365
1.1523,1.8669
1.1523,1.7426
1.1523,0.59806
0.76551,1.1968
0.76551,0.86599
0.76551,1.5051
0.76551,0.33833
0.76551,-0.015962
-1.2548,-1.8017
-1.2548,-0.8355
4.9993,5.6189
4.9993,5.6919
4.9993,4.7917
1.8669,1.1115
1.8669,1.5623
1.8669,2.2778
1.8669,1.1523
1.8669,2.2731
-1.8768,-2.4267
-1.8768,-1.89
-1.8768,-1.8017
-1.8768,-1.2762
-1.8768,-1.4212
-1.8768,-2.8725
-1.8768,-2.3999
-1.8768,-2.2465
6.4214,6.7777
6.4214,5.7321
6.4214,5.9543
6.4214,5.9639
6.4214,6.3006
-4.5372,-5.3338
-4.5372,-4.5941
-4.5372,-5.1676
-4.5372,-3.9237
-4.5372,-3.76
2.467,1.5266
2.467,2.0418
-4.6717,-5.0889
-4.6717,-5.4225
-4.6717,-3.8361
-4.6717,-5.0813
-4.6717,-4.6695
-4.6717,-4.1659
-4.6717,-4.7611
-4.6717,-4.2324
-4.6717,-4.1341
-4.6717,-4.5854
6.4003,6.0242
6.4003,6.3407
6.4003,6.4593
6.4003,5.7097
-0.3357,-1.1461
-0.3357,0.59845
-0.3357,-0.90612
-0.3357,-0.98608
-0.3357,0.41365
-0.3357,0.093871
-0.3357,-0.0014558
-0.3357,0.34901
-0.3357,-0.59208
-0.3357,-0.4726
5.5241,5.8186
5.5241,4.7009
5.5241,6.0242
5.5241,5.2623
5.5241,6.3407
5.5241,5.3499
5.5241,4.752
5.5241,5.7097
5.5241,5.3374
-5.8739,-5.4225
-5.8739,-5.0813
-5.8739,-5.2731
-3.362,-2.4519
-3.362,-3.3378
-3.362,-2.9023
6.3006,6.7777
6.3006,5.5293
6.3006,5.7321
6.3006,5.9639
6.3006,6.4214
6.3006,6.4593
6.3006,7.1296
-0.54565,-0.1643
-0.54565,0.34829
-0.54565,-1.2762
-0.54565,-1.4212
-0.54565,-0.8355
-6.2004,-5.9779
-6.2004,-6.6809
4.6064,5.0111
4.6064,5.5293
4.6064,5.2317
1.7426,1.2651
1.7426,1.1523
6.4593,6.0242
6.4593,5.9639
6.4593,6.4003
6.4593,6.3006
6.4593,5.7097
6.4593,7.1296
4.7917,5.2149
4.7917,5.6189
4.7917,4.2396
4.7917,4.9993
4.7917,5.7666
4.7917,4.8858
-3.2096,-3.8361
-3.2096,-3.4698
-3.2096,-3.5388
-3.2096,-4.1341
-3.2096,-2.9185
0.093871,0.60809
0.093871,0.59845
0.093871,0.41365
0.093871,-0.3357
0.093871,-0.0014558
0.093871,-0.59208
0.093871,-0.4425
0.093871,0.0033989
-0.0014558,0.59845
-0.0014558,-0.90612
-0.0014558,0.41365
-0.0014558,-0.3357
-0.0014558,0.093871
-0.0014558,0.34901
-0.0014558,-0.4726
0.56678,1.0178
0.56678,-0.12876
0.56678,1.3384
0.56678,0.21486
0.56678,0.99606
6.3252,7.1724
6.3252,5.5735
6.3252,5.9554
6.3252,6.6861
0.59806,1.1115
0.59806,0.60809
0.59806,-0.15049
0.59806,1.1523
0.59806,0.89446
0.59806,-0.073309
0.59806,0.0033989
-3.6243,-3.3007
-3.6243,-4.4189
-3.6243,-3.7092
-3.6243,-3.3378
-3.6243,-2.8725
-3.6243,-3.9458
-3.6243,-4.2324
-4.7611,-5.4225
-4.7611,-5.0813
-4.7611,-4.2089
-4.7611,-5.2731
-4.7611,-4.1659
-4.7611,-4.6717
-4.7611,-4.1341
-4.7611,-4.5854
-4.8157,-5.512
-4.8157,-5.3475
-4.8157,-4.6438
-5.5911,-5.512
-5.5911,-5.9779
-5.5911,-5.1634
-5.5911,-6.1077
-5.5911,-4.6438
-5.5911,-5.9463
0.21486,1.0178
0.21486,0.33833
0.21486,0.56678
0.21486,-0.55611
-6.0587,-5.0889
-6.0587,-5.4225
0.34901,0.59845
0.34901,1.0339
0.34901,-0.3357
0.34901,-0.0014558
0.34901,-0.4726
6.6861,6.3252
-4.9884,-5.453
-4.9884,-5.7182
-4.9884,-5.3475
-2.333,-2.9832
-2.333,-1.6527
-2.333,-1.7537
-7.4628,-6.9155
-7.4628,-6.6654
-7.4628,-7.2787
-7.4628,-7.0219
0.89446,1.1115
0.89446,1.5623
0.89446,0.59806
0.89446,-0.073309
4.752,4.7009
4.752,5.2623
4.752,5.5241
4.752,5.3374
-5.3475,-5.512
-5.3475,-5.7182
-5.3475,-6.1077
-5.3475,-4.8157
-5.3475,-4.9884
-5.3475,-5.9463
-4.2324,-5.0889
-4.2324,-3.8361
-4.2324,-3.3007
-4.2324,-4.6695
-4.2324,-4.4189
-4.2324,-3.7092
-4.2324,-4.1659
-4.2324,-4.6717
-4.2324,-3.6243
5.7666,6.1646
5.7666,5.2149
5.7666,5.6189
5.7666,5.8204
5.7666,6.4239
5.7666,4.7917
5.7666,6.4772
-4.1341,-3.8361
-4.1341,-5.0813
-4.1341,-3.4698
-4.1341,-4.2089
-4.1341,-3.5388
-4.1341,-4.1659
-4.1341,-4.6717
-4.1341,-3.2096
-4.1341,-4.7611
-4.1341,-4.5854
-0.59208,-1.1461
-0.59208,-0.98608
-0.59208,0.41365
-0.59208,-0.3357
-0.59208,0.093871
-0.59208,-0.4425
-0.59208,0.0033989
4.8858,5.5242
4.8858,5.2149
4.8858,4.2396
4.8858,4.5905
4.8858,5.2237
4.8858,5.8204
4.8858,4.7917
-1.3099,-1.89
-1.3099,-1.2762
-1.3099,-2.2465
-1.3099,-1.4133
-1.3099,-0.81165
0.99606,1.3384
0.99606,0.56678
6.4772,6.1646
6.4772,5.6189
6.4772,5.8204
6.4772,6.4239
6.4772,6.8933
6.4772,7.2667
6.4772,5.7666
5.3589,5.0111
5.3589,6.0242
5.3589,5.5293
5.3589,5.3499
5.3589,5.9639
5.3589,5.7097
-0.4425,-0.78504
-0.4425,-0.98608
-0.4425,-0.15049
-0.4425,0.093871
-0.4425,-0.59208
-0.4425,0.0033989
-4.5854,-5.4225
-4.5854,-3.8361
-4.5854,-5.0813
-4.5854,-4.2089
-4.5854,-4.1659
-4.5854,-4.6717
-4.5854,-4.7611
-4.5854,-4.1341
-2.715,-2.9832
-4.6438,-5.512
-4.6438,-5.1634
-4.6438,-4.8157
-4.6438,-5.5911
-1.4133,-1.3099
-6.6242,-6.9155
-6.6242,-7.2787
-6.6242,-6.1273
-3.9237,-4.5372
-5.3989,-5.0889
-5.3989,-4.6695
6.282,5.5242
6.282,6.1646
6.282,6.6025
6.282,5.8204
6.282,5.7613
3.1296,2.2731
-0.8355,-1.8017
-0.8355,-0.12876
-0.8355,-1.4212
-0.8355,-1.2548
-0.8355,-0.54565
-6.09,-5.652
-6.09,-5.5815
-6.09,-5.1676
-0.4726,-0.90612
-0.4726,-0.3357
-0.4726,-0.0014558
-0.4726,0.34901
-0.4726,-1.368
2.2731,2.8865
2.2731,1.8669
2.2731,3.1296
-0.073309,-0.78504
-0.073309,-0.15049
-0.073309,-1.0529
-0.073309,0.59806
-0.073309,0.89446
-0.073309,0.0033989
-4.6867,-5.5815
-4.6867,-5.453
-4.6867,-5.1676
-2.9023,-2.4519
-2.9023,-3.3378
-2.9023,-2.8725
-2.9023,-2.3999
-2.9023,-2.2465
-2.9023,-3.362
-6.5161,-6.9155
-6.5161,-5.7182
-6.5161,-6.6654
-6.5161,-7.2787
-6.5161,-6.1273
-6.5161,-7.0219
-6.5161,-6.1077
-6.5161,-5.9463
0.0033989,0.60809
0.0033989,-0.78504
0.0033989,0.41365
0.0033989,-0.15049
0.0033989,0.093871
0.0033989,0.59806
0.0033989,-0.59208
0.0033989,-0.4425
0.0033989,-0.073309
6.0828,5.8186
6.0828,6.3407
6.0828,5.3374
-0.015962,-0.24421
-0.015962,0.41277
-0.015962,0.76551
-2.9185,-2.4267
-2.9185,-3.8361
-2.9185,-3.3007
-2.9185,-3.4698
-2.9185,-3.7092
-2.9185,-2.8725
-2.9185,-3.2096
5.7097,5.0111
5.7097,6.0242
5.7097,5.2623
5.7097,5.3499
5.7097,6.4003
5.7097,5.5241
5.7097,6.4593
5.7097,5.3589
6.9457,7.5281
6.9457,6.4239
-5.9463,-5.512
-5.9463,-6.6654
-5.9463,-5.9779
-5.9463,-6.6809
-5.9463,-6.1077
-5.9463,-5.5911
-5.9463,-5.3475
-5.9463,-6.5161
-3.76,-4.5941
-3.76,-4.5372
-1.368,-0.90612
-1.368,-0.4726
-0.55611,-0.12876
-0.55611,0.21486
-6.6948,-6.6793
5.3374,5.8186
5.3374,5.5241
5.3374,4.752
5.3374,6.0828
7.1296,6.7777
7.1296,6.3006
7.1296,6.4593
-0.81165,-0.1643
-0.81165,-1.2762
-0.81165,-1.3099
6.6916,5.9495
6.6916,6.9722
