-1.3571,-2.0946
-1.3571,-0.80122
-8.1386,-7.3049
-5.8607,-6.3623
-5.8607,-5.187
-5.2894,-6.2546
-5.2894,-5.7028
-5.2894,-4.8737
0.016741,0.33752
-5.4332,-5.941
-5.4332,-5.2222
-5.4332,-5.7314
-5.4332,-6.3547
-6.8791,-6.2178
-6.8791,-6.5219
-6.8791,-6.7138
-5.2492,-4.4669
-5.2492,-5.187
5.3017,4.6022
5.3017,5.6279
5.3017,5.6875
-3.6234,-3.3228
-3.6234,-4.4796
-3.6234,-3.0648
6.1308,5.6279
6.1308,5.6875
6.1308,6.7823
-6.3623,-5.8607
-6.3623,-7.2525
-6.2546,-5.2894
-6.2546,-5.7028
-6.2546,-7.2068
-6.2546,-6.488
-6.2546,-6.427
3.4889,4.139
3.4889,4.4359
3.4889,2.774
4.5887,4.294
-6.2178,-6.8791
-6.2178,-5.941
-6.2178,-5.6795
-6.2178,-6.5219
-6.2178,-6.7138
-6.2178,-5.7314
-6.2178,-6.3547
-6.2178,-5.8017
7.7382,8.2977
7.7382,6.9488
-4.164,-4.8412
6.2393,6.3878
6.2393,5.411
6.2393,5.7806
6.2393,6.1851
6.2393,6.8962
6.2393,6.0235
-4.0386,-4.4669
-4.0386,-4.2628
-4.0386,-3.3272
-4.0386,-4.416
-4.9083,-4.2628
-0.36962,0.31256
-0.36962,-0.57172
-0.36962,0.51469
-0.36962,0.11231
-0.36962,-0.89536
0.31256,-0.36962
0.31256,0.51469
0.31256,1.1417
0.31256,-0.38658
2.0877,2.7096
2.0877,2.4558
2.0877,1.7308
2.0877,1.158
2.0877,1.4492
4.139,3.4889
4.139,4.4359
4.139,4.7203
4.139,4.9988
-6.9069,-6.488
-6.9069,-7.8546
2.1088,2.4558
7.4352,6.9617
7.4352,8.0027
7.4352,6.5681
-5.941,-5.4332
-5.941,-6.2178
-5.941,-5.2222
-5.941,-6.7138
-5.941,-5.7314
-5.941,-6.1673
-5.941,-6.3547
-5.941,-5.8017
-1.3846,-1.1199
-1.3846,-2.0323
-1.3846,-2.2577
-1.3846,-0.57172
6.6716,6.9488
6.6716,7.6227
6.6716,7.4255
4.4359,3.4889
4.4359,4.139
4.4359,5.3037
4.4359,4.7203
4.4359,5.411
4.4359,4.376
4.4359,4.0945
-3.2953,-3.5918
-3.2953,-4.248
-1.2773,-0.50306
-1.2773,-1.3477
-1.2773,-0.80245
-1.2773,-1.6843
-1.2773,-0.69399
-1.2773,-0.50115
2.7096,2.0877
2.7096,2.4558
2.7096,3.4601
2.7096,3.4199
-4.658,-5.2637
1.24,1.7308
-1.1199,-1.3846
-1.1199,-1.9873
-1.1199,-0.57172
-1.1199,-0.55785
-3.3228,-3.6234
-3.3228,-4.2227
6.3878,6.2393
6.3878,5.411
6.3878,7.3214
6.3878,6.7133
6.3878,6.8962
6.3878,6.0235
-8.4765,-8.1409
4.6022,5.3017
4.6022,4.294
4.6022,5.0353
8.2977,7.7382
8.2977,7.6227
5.6279,5.3017
5.6279,6.1308
5.6279,5.0353
5.6279,5.6875
5.6279,5.5963
3.3975,2.4252
-6.8334,-7.8081
-6.8334,-7.2525
-7.5471,-7.3049
-7.5471,-6.9713
6.1433,6.9338
6.1433,6.1851
-0.23902,0.46484
-0.23902,-0.80245
-0.23902,0.32138
-0.23902,-0.80122
-0.23902,-0.50115
-6.9117,-7.7244
-6.9117,-6.9713
0.29797,-0.50306
0.29797,0.32138
1.8516,2.7223
1.8516,1.6968
5.3298,4.8339
5.3298,5.411
5.3298,5.7291
5.3298,4.376
5.3298,6.0235
5.3037,4.4359
5.3037,4.7203
5.3037,5.411
5.3037,5.7806
5.3037,6.1851
5.3037,4.9988
6.9488,7.7382
6.9488,6.6716
6.9488,7.6227
6.9488,6.586
-7.8081,-6.8334
-7.8081,-7.311
-7.8081,-7.2525
-5.048,-5.6795
-5.048,-4.2227
-5.048,-4.8412
-5.048,-5.364
-5.048,-4.4796
-5.6795,-6.2178
-5.6795,-5.048
-5.6795,-6.5219
-5.6795,-5.364
-5.6795,-5.8017
7.1896,7.3303
7.1896,6.7823
0.46484,-0.23902
0.46484,1.2477
0.46484,-0.13476
0.46484,0.81549
2.4558,2.0877
2.4558,2.1088
2.4558,2.7096
2.4558,1.7308
-4.1936,-4.248
0.94801,0.43342
1.2477,0.46484
1.2477,1.4492
1.2477,0.81549
-7.3049,-8.1386
-7.3049,-7.5471
-7.3049,-7.2068
-7.3049,-6.427
1.4495,0.51469
1.4495,1.1417
4.4414,5.2297
-0.50306,-1.2773
-0.50306,0.29797
-0.50306,-0.69399
-0.50306,-0.50115
-3.1189,-2.651
-3.1189,-3.3272
-3.1189,-3.7445
-5.7028,-5.2894
-5.7028,-6.2546
-5.7028,-4.8737
-5.7028,-6.488
6.1343,5.6339
6.1343,6.5681
6.1343,5.2297
-1.3477,-1.2773
-1.3477,-1.5508
-1.3477,-2.2433
-1.3477,-0.80245
-1.3477,-0.80122
4.6907,5.4092
4.6907,3.9184
4.294,4.5887
4.294,4.6022
4.294,5.0353
1.7308,2.0877
1.7308,1.24
1.7308,2.4558
1.7308,1.158
-4.2227,-3.3228
-4.2227,-5.048
-4.2227,-4.4796
5.0353,4.6022
5.0353,5.6279
5.0353,4.294
5.0353,5.5963
-0.33006,0.33752
-1.9873,-1.1199
-1.9873,-2.2577
-1.9873,-2.8979
-4.8737,-5.2894
-4.8737,-5.7028
-4.8737,-4.1618
-4.8737,-4.665
-1.5508,-1.3477
-1.5508,-2.0946
-1.5508,-2.2433
-1.5508,-0.80245
-1.5508,-0.80122
-2.0323,-1.3846
-2.0323,-2.2577
-2.0323,-2.651
-2.0323,-1.4165
6.1822,5.5963
-2.2577,-1.3846
-2.2577,-1.9873
-2.2577,-2.0323
1.0802,0.17056
4.8339,5.3298
4.8339,5.7291
4.8339,4.376
4.8339,4.0945
-6.5219,-6.8791
-6.5219,-6.2178
-6.5219,-5.6795
-6.5219,-5.8017
7.6227,6.6716
7.6227,8.2977
7.6227,6.9488
7.6227,7.4255
-5.2222,-5.4332
-5.2222,-5.941
-5.2222,-4.8412
-5.2222,-5.7314
-5.2222,-4.4796
-5.2222,-5.8017
4.7203,4.139
4.7203,4.4359
4.7203,5.3037
4.7203,5.411
4.7203,4.376
-4.8412,-4.164
-4.8412,-5.048
-4.8412,-5.2222
-4.8412,-5.364
-4.8412,-5.7314
-4.8412,-4.4796
-4.8412,-5.8017
5.4092,4.6907
-0.57172,-0.36962
-0.57172,-1.3846
-0.57172,-1.1199
-0.57172,0.11231
0.33752,0.016741
0.33752,-0.33006
6.9617,7.4352
5.6339,6.1343
5.6339,6.5681
5.6339,5.2297
7.3303,7.1896
7.3303,6.7823
7.3303,6.8926
5.6875,5.3017
5.6875,6.1308
5.6875,5.6279
5.411,6.2393
5.411,4.4359
5.411,6.3878
5.411,5.3298
5.411,5.3037
5.411,4.7203
5.411,5.7806
5.411,6.0235
7.3214,6.3878
7.3214,6.7133
-2.0946,-1.3571
-2.0946,-1.5508
-2.0946,-2.2744
-2.651,-3.1189
-2.651,-2.0323
-2.2433,-1.3477
-2.2433,-1.5508
-2.2433,-1.6843
6.7133,6.3878
6.7133,7.3214
6.7133,6.0235
-7.311,-7.8081
-7.311,-7.7244
0.51469,-0.36962
0.51469,0.31256
0.51469,1.4495
0.51469,0.11231
0.48891,0.27371
-0.13476,0.46484
-0.13476,0.33344
-0.13476,-0.80122
-0.13476,0.81549
3.9184,4.6907
3.9184,3.4601
3.9184,3.4199
2.7223,1.8516
2.7223,2.4252
-0.80245,-1.2773
-0.80245,-0.23902
-0.80245,-1.3477
-0.80245,-1.5508
-0.80245,-0.80122
-0.80245,-0.50115
5.7291,5.3298
5.7291,4.8339
5.7291,6.0235
-4.4669,-5.2492
-4.4669,-4.0386
-4.4669,-4.2628
-4.4669,-5.187
-4.4669,-4.416
3.4601,2.7096
3.4601,3.9184
-5.364,-5.048
-5.364,-5.6795
-5.364,-4.8412
-5.364,-4.4796
-5.364,-5.8017
6.9338,6.1433
6.9338,6.1851
6.9338,6.8962
0.41446,0.17056
5.7806,6.2393
5.7806,5.3037
5.7806,5.411
5.7806,6.1851
5.7806,4.9988
8.0027,7.4352
8.0027,7.8067
-6.7138,-6.8791
-6.7138,-6.2178
-6.7138,-5.941
-6.7138,-6.3547
-3.5918,-3.2953
-3.5918,-4.248
6.1851,6.2393
6.1851,6.1433
6.1851,5.3037
6.1851,6.9338
6.1851,5.7806
6.1851,6.8962
0.32138,-0.23902
0.32138,0.29797
0.32138,-0.50115
-7.2068,-6.2546
-7.2068,-7.3049
-7.2068,-6.488
-7.2068,-7.8546
4.376,4.4359
4.376,5.3298
4.376,4.8339
4.376,4.7203
4.376,4.0945
2.4252,3.3975
2.4252,2.7223
2.4252,1.6968
6.8962,6.2393
6.8962,6.3878
6.8962,6.9338
6.8962,6.1851
3.4199,2.7096
3.4199,3.9184
-2.2744,-2.0946
-2.2744,-2.3007
-2.2744,-3.0648
0.43342,0.94801
0.11231,-0.36962
0.11231,-0.57172
0.11231,0.51469
0.11231,0.17056
1.158,2.0877
1.158,1.7308
1.158,1.4492
1.158,0.33344
6.5681,7.4352
6.5681,6.1343
6.5681,5.6339
1.6968,1.8516
1.6968,2.4252
1.6968,1.1417
-2.3007,-2.2744
-5.7314,-5.4332
-5.7314,-6.2178
-5.7314,-5.941
-5.7314,-5.2222
-5.7314,-4.8412
-5.7314,-6.3547
-5.7314,-5.8017
-4.1618,-4.8737
-4.1618,-3.8058
-6.488,-6.2546
-6.488,-6.9069
-6.488,-5.7028
-6.488,-7.2068
1.4492,2.0877
1.4492,1.2477
1.4492,1.158
1.4492,0.81549
-6.1673,-5.941
0.27371,0.48891
7.8067,8.0027
-4.2628,-4.0386
-4.2628,-4.9083
-4.2628,-4.4669
-4.2628,-3.3272
-4.2628,-3.8988
-3.3272,-4.0386
-3.3272,-3.1189
-3.3272,-4.2628
-3.3272,-2.8979
-7.8546,-6.9069
-7.8546,-7.2068
2.774,3.4889
-3.8988,-4.2628
-6.3547,-5.4332
-6.3547,-6.2178
-6.3547,-5.941
-6.3547,-6.7138
-6.3547,-5.7314
-4.4796,-3.6234
-4.4796,-5.048
-4.4796,-4.2227
-4.4796,-5.2222
-4.4796,-4.8412
-4.4796,-5.364
0.17056,1.0802
0.17056,0.41446
0.17056,0.11231
0.17056,-0.55785
5.5963,5.6279
5.5963,5.0353
5.5963,6.1822
-1.6843,-1.2773
-1.6843,-2.2433
0.33344,-0.13476
0.33344,1.158
0.33344,0.81549
6.7823,6.1308
6.7823,7.1896
6.7823,7.3303
4.0945,4.4359
4.0945,4.8339
4.0945,4.376
-0.89536,-0.36962
-0.89536,-0.38658
-0.89536,-1.4165
-5.8017,-6.2178
-5.8017,-5.941
-5.8017,-5.6795
-5.8017,-6.5219
-5.8017,-5.2222
-5.8017,-4.8412
-5.8017,-5.364
-5.8017,-5.7314
-3.7445,-3.1189
-3.7445,-4.416
-3.8058,-4.1618
-3.8058,-4.665
-0.69399,-1.2773
-0.69399,-0.50306
-0.69399,-0.50115
-7.7244,-6.9117
-7.7244,-7.311
-5.187,-5.8607
-5.187,-5.2492
-5.187,-4.4669
-5.187,-4.416
-5.2637,-4.658
6.8926,7.3303
5.2297,4.4414
5.2297,6.1343
5.2297,5.6339
-0.80122,-1.3571
-0.80122,-0.23902
-0.80122,-1.3477
-0.80122,-1.5508
-0.80122,-0.13476
-0.80122,-0.80245
-7.2525,-6.3623
-7.2525,-6.8334
-7.2525,-7.8081
-0.55785,-1.1199
-0.55785,0.17056
1.1417,0.31256
1.1417,1.4495
1.1417,1.6968
-0.38658,0.31256
-0.38658,-0.89536
-6.427,-6.2546
-6.427,-7.3049
-6.427,-6.9713
-4.248,-3.2953
-4.248,-4.1936
-4.248,-3.5918
-6.9713,-7.5471
-6.9713,-6.9117
-6.9713,-6.427
-1.4165,-2.0323
-1.4165,-0.89536
7.9685,7.4255
7.9685,8.5411
-3.0648,-3.6234
-3.0648,-2.2744
4.9988,4.139
4.9988,5.3037
4.9988,5.7806
6.586,6.9488
-4.665,-4.8737
-4.665,-3.8058
-4.416,-4.0386
-4.416,-4.4669
-4.416,-3.7445
-4.416,-5.187
-2.8979,-1.9873
-2.8979,-3.3272
0.81549,0.46484
0.81549,1.2477
0.81549,-0.13476
0.81549,1.4492
0.81549,0.33344
-8.1409,-8.4765
7.4255,6.6716
7.4255,7.6227
7.4255,7.9685
6.0235,6.2393
6.0235,6.3878
6.0235,5.3298
6.0235,5.411
6.0235,6.7133
6.0235,5.7291
-0.50115,-1.2773
-0.50115,-0.23902
-0.50115,-0.50306
-0.50115,-0.80245
-0.50115,0.32138
-0.50115,-0.69399
8.5411,7.9685
