-2.5118,-3.3062
-2.5118,-2.9776
-2.5118,-2.911
-2.5118,-1.6617
-2.5118,-2.7353
-2.5118,-2.0205
-2.5118,-2.8942
-2.5118,-2.9813
-2.5118,-2.0411
-2.5118,-2.3045
-2.5118,-2.5401
-2.5118,-2.7021
-2.5118,-3.2913
-2.5118,-2.1816
-6.4726,-6.19
-6.4726,-5.6277
-6.4726,-6.9281
-6.4726,-5.9556
-6.4726,-6.9896
-6.4726,-6.535
-6.4726,-6.3464
-6.4726,-5.8782
-5.1027,-5.7042
-5.1027,-4.7512
-5.1027,-5.9222
-5.1027,-5.2363
-5.1027,-5.2626
-5.1027,-5.6827
-5.1027,-6.0518
-5.1027,-5.2911
-5.1027,-4.5121
-5.1027,-5.4793
-6.19,-6.4726
-6.19,-5.6277
-6.19,-6.1156
-6.19,-6.9281
-6.19,-6.3817
-6.19,-5.9556
-6.19,-5.9222
-6.19,-6.535
-6.19,-5.6827
-6.19,-5.2286
-6.19,-5.8782
-6.19,-6.6089
4.471,3.7552
4.471,4.9499
4.471,5.3503
4.471,3.8014
4.471,4.5295
-4.2365,-4.2741
-4.2365,-3.2817
-4.2365,-3.6325
-4.2365,-3.3604
-4.2365,-3.6555
-4.2365,-4.423
-4.2365,-4.5105
-4.2365,-3.9342
-4.2365,-3.8973
-4.2365,-3.5907
-3.3062,-2.5118
-3.3062,-3.8353
-3.3062,-4.2741
-3.3062,-3.1625
-3.3062,-3.2817
-3.3062,-2.9776
-3.3062,-2.911
-3.3062,-2.7353
-3.3062,-3.3604
-3.3062,-2.9813
-3.3062,-2.5401
-3.3062,-2.7021
-3.3062,-3.5502
-3.3062,-3.2913
-3.3062,-3.8973
-3.3062,-3.5907
-5.7042,-5.1027
-5.7042,-5.8231
-5.7042,-5.9222
-5.7042,-6.4262
-5.7042,-5.2626
-5.7042,-6.0518
-5.7042,-5.4793
5.7529,5.6281
5.7529,5.0554
5.7529,6.4872
5.7529,6.2331
-3.8353,-3.3062
-3.8353,-4.2741
-3.8353,-2.9776
-3.8353,-3.3604
-3.8353,-4.0174
-3.8353,-2.9813
-3.8353,-3.6481
-3.8353,-4.5646
-3.8353,-3.5502
-3.8353,-4.5105
-3.8353,-3.2913
-3.8353,-3.8973
-3.8353,-3.5907
5.6281,5.7529
5.6281,5.0554
5.6281,5.2767
5.6281,5.8381
5.6281,5.6951
5.6281,6.4872
5.6281,6.2331
-5.4192,-5.8231
-5.4192,-5.2626
-5.6277,-6.4726
-5.6277,-6.19
-5.6277,-6.1156
-5.6277,-5.3523
-5.6277,-5.9556
-5.6277,-5.9222
-5.6277,-5.2363
-5.6277,-6.535
-5.6277,-5.6827
-5.6277,-5.2286
-5.6277,-5.8782
-5.6277,-5.2911
-5.6277,-4.7117
5.6965,4.8288
5.6965,6.1197
5.6965,5.7636
5.6965,4.9499
5.6965,5.3503
5.6965,5.5979
5.6965,6.2968
5.6965,5.5488
5.6965,5.388
5.6965,5.6989
5.6965,6.5082
3.4015,3.8048
3.4015,3.7552
3.4015,4.0434
3.4015,4.2487
4.6842,5.2767
4.6842,5.1414
-4.2741,-4.2365
-4.2741,-3.3062
-4.2741,-3.8353
-4.2741,-4.0174
-4.2741,-4.5646
-4.2741,-3.5502
-4.2741,-4.5105
-4.2741,-3.9342
-4.2741,-3.8973
-4.2741,-3.5907
7.2279,6.4832
7.2279,6.7868
7.2279,6.7091
-3.1625,-3.3062
-3.1625,-3.2817
-3.1625,-2.7654
-3.1625,-2.911
-3.1625,-3.6325
-3.1625,-2.6874
-3.1625,-3.3604
-3.1625,-2.9813
-3.1625,-3.6555
-3.1625,-2.5199
-3.1625,-2.3045
-3.1625,-2.5401
-3.1625,-2.7021
-3.1625,-3.5502
-3.1625,-3.9342
-3.1625,-3.8973
-3.1625,-3.5907
-3.1625,-3.0025
-3.1625,-3.1463
6.1757,5.8193
6.1757,5.3057
6.1757,5.5979
6.1757,6.2607
6.1757,5.6989
6.1757,6.4623
-6.1156,-6.19
-6.1156,-5.6277
-6.1156,-6.3817
-6.1156,-5.9556
-6.1156,-5.9222
-6.1156,-5.2363
-6.1156,-6.535
-6.1156,-6.4262
-6.1156,-5.6827
-6.1156,-5.2911
-6.1156,-6.6089
0.28612,0.013984
0.28612,-0.70371
0.28612,-0.17068
0.28612,0.85567
0.28612,0.76132
0.28612,0.80416
0.28612,0.034151
0.28612,-0.16639
0.68122,0.23171
0.68122,0.99453
0.68122,-0.17068
0.68122,1.3707
0.68122,0.31265
0.68122,0.80416
0.68122,0.034151
1.6051,2.5154
1.6051,2.2264
1.6051,1.676
1.6051,1.0449
3.8048,3.4015
3.8048,3.7552
3.8048,4.5507
3.8048,4.5549
3.8048,4.5295
3.8048,4.2487
-5.3523,-5.6277
-5.3523,-5.9556
-5.3523,-5.2286
-5.3523,-5.8782
3.7552,4.471
3.7552,3.4015
3.7552,3.8048
3.7552,4.5507
3.7552,3.8014
3.7552,4.5295
7.5412,7.0419
-3.2817,-4.2365
-3.2817,-3.3062
-3.2817,-3.1625
-3.2817,-2.7654
-3.2817,-3.4163
-3.2817,-2.911
-3.2817,-3.6325
-3.2817,-2.6874
-3.2817,-3.3604
-3.2817,-2.9813
-3.2817,-3.6555
-3.2817,-2.5199
-3.2817,-2.5401
-3.2817,-2.7021
-3.2817,-3.9342
-3.2817,-3.8973
-3.2817,-3.5907
-3.2817,-3.0025
-3.2817,-3.1463
0.23171,0.68122
0.23171,0.99453
0.23171,-0.17068
0.23171,-0.56771
0.23171,0.31265
0.23171,0.80416
0.23171,0.034151
0.23171,-0.26244
5.4785,5.8752
5.4785,5.9948
5.4785,5.4457
5.4785,5.9503
5.4785,5.6951
5.4785,4.7984
5.8752,5.4785
5.8752,6.6802
5.8752,6.4832
5.8752,5.9948
4.8288,5.6965
4.8288,5.1582
4.8288,4.9499
4.8288,4.5507
4.8288,5.5488
4.8288,5.388
4.8288,5.6989
4.8288,4.5549
4.8288,4.5295
4.8288,4.2487
-3.1111,-2.7654
-3.1111,-3.4163
-3.1111,-3.88
-3.1111,-2.7487
-3.1111,-3.1463
-2.7654,-3.1625
-2.7654,-3.2817
-2.7654,-3.1111
-2.7654,-3.4163
-2.7654,-2.0322
-2.7654,-3.6325
-2.7654,-2.6874
-2.7654,-2.5199
-2.7654,-2.7021
-2.7654,-2.2745
-2.7654,-2.7487
-2.7654,-3.0025
-2.7654,-3.1463
-2.7654,-2.1117
2.5154,1.6051
2.5154,2.3989
2.5154,3.3144
2.5154,2.2264
2.5154,1.676
-3.4163,-3.2817
-3.4163,-3.1111
-3.4163,-2.7654
-3.4163,-3.6325
-3.4163,-3.88
-3.4163,-3.6555
-3.4163,-2.7487
-3.4163,-3.0025
-3.4163,-3.1463
2.2875,2.7565
2.2875,1.5489
2.2875,2.57
2.2875,1.7367
-1.3569,-1.5872
-1.3569,-0.56771
-1.3569,-0.7876
-2.9776,-2.5118
-2.9776,-3.3062
-2.9776,-3.8353
-2.9776,-2.911
-2.9776,-3.2546
-2.9776,-2.7353
-2.9776,-2.8942
-2.9776,-3.3604
-2.9776,-2.9813
-2.9776,-3.6481
-2.9776,-2.5401
-2.9776,-2.7021
-2.9776,-3.5502
-2.9776,-3.2913
-2.9776,-3.8973
-2.9776,-2.1816
6.6644,7.33
6.6644,6.2607
6.6644,6.2968
6.6644,5.6989
6.6644,6.5082
6.6644,6.4623
6.6644,7.1932
-7.0741,-7.9666
5.0554,5.7529
5.0554,5.6281
5.0554,5.2767
6.1197,5.6965
6.1197,5.7636
6.1197,5.3503
6.1197,6.5082
5.2767,5.6281
5.2767,4.6842
5.2767,5.0554
5.2767,5.8381
5.2767,5.6951
5.2767,5.1414
5.2767,6.2331
2.0179,1.3707
-5.8231,-5.7042
-5.8231,-5.4192
-5.8231,-5.2626
-5.8231,-6.0518
-5.8231,-6.5062
-6.9281,-6.4726
-6.9281,-6.19
-6.9281,-6.3817
-6.9281,-5.9556
-6.9281,-6.9896
-6.9281,-6.535
-6.9281,-7.1279
-6.9281,-6.6089
-6.9281,-7.4543
5.7636,5.6965
5.7636,6.1197
5.7636,4.9499
5.7636,5.3503
5.7636,6.2968
5.7636,5.5488
5.7636,5.388
5.7636,5.6989
5.7636,6.5082
-2.0322,-2.7654
-2.0322,-2.0205
-2.0322,-2.6874
-2.0322,-2.5199
-2.0322,-2.3045
-2.0322,-1.6024
-2.0322,-2.7021
-2.0322,-2.2745
-2.0322,-3.0025
-2.0322,-2.1117
-6.3817,-6.19
-6.3817,-6.1156
-6.3817,-6.9281
-6.3817,-5.9222
-6.3817,-6.535
-6.3817,-6.4262
-6.3817,-5.6827
-6.3817,-6.0518
-6.3817,-7.1279
-6.3817,-6.6089
-2.1225,-2.1117
0.013984,0.28612
0.013984,-0.70371
0.013984,0.85567
0.013984,0.14932
0.013984,-0.40906
0.013984,-0.16639
4.9059,5.1582
4.9059,5.8193
4.9059,5.3057
4.9059,5.5979
4.9059,4.0434
4.9059,4.5549
4.9059,4.2487
5.1582,4.8288
5.1582,4.9059
5.1582,5.3057
5.1582,4.5507
5.1582,5.5979
5.1582,5.5488
5.1582,5.388
5.1582,5.6989
5.1582,4.5549
5.1582,4.2487
6.6802,5.8752
6.6802,6.4832
6.6802,5.9948
6.6802,6.7091
-6.7724,-6.4262
-6.7724,-6.0518
-6.7724,-7.1279
-6.7724,-6.5062
-6.7724,-6.6089
-2.911,-2.5118
-2.911,-3.3062
-2.911,-3.1625
-2.911,-3.2817
-2.911,-2.9776
-2.911,-2.0205
-2.911,-2.6874
-2.911,-3.3604
-2.911,-2.9813
-2.911,-3.6555
-2.911,-2.5199
-2.911,-2.0411
-2.911,-2.3045
-2.911,-2.5401
-2.911,-2.7021
-2.911,-3.5502
-2.911,-3.2913
-2.911,-3.5907
-2.911,-3.0025
-3.2546,-2.9776
-3.2546,-2.7353
-3.2546,-2.8942
-3.2546,-4.0174
-3.2546,-3.6481
-3.2546,-3.2913
6.4832,7.2279
6.4832,5.8752
6.4832,6.6802
6.4832,5.9948
6.4832,6.2653
6.4832,5.9503
6.4832,6.7091
-5.9556,-6.4726
-5.9556,-6.19
-5.9556,-5.6277
-5.9556,-6.1156
-5.9556,-5.3523
-5.9556,-6.9281
-5.9556,-5.2363
-5.9556,-6.535
-5.9556,-6.3464
-5.9556,-5.6827
-5.9556,-5.2286
-5.9556,-5.8782
-1.6617,-2.5118
-1.6617,-2.0205
-1.6617,-2.0411
-1.6617,-2.3045
-1.6617,-1.6024
-1.6617,-2.5401
-1.6617,-2.1816
-4.7512,-5.1027
-4.7512,-5.2626
3.5559,2.7565
3.5559,3.3432
-3.6325,-4.2365
-3.6325,-3.1625
-3.6325,-3.2817
-3.6325,-2.7654
-3.6325,-3.4163
-3.6325,-3.88
-3.6325,-3.6555
-3.6325,-4.423
-3.6325,-3.9342
-3.6325,-3.5907
-3.6325,-3.0025
-3.6325,-3.1463
0.84128,0.99453
0.84128,0.31265
-2.7353,-2.5118
-2.7353,-3.3062
-2.7353,-2.9776
-2.7353,-3.2546
-2.7353,-2.8942
-2.7353,-2.9813
-2.7353,-2.0411
-2.7353,-2.5401
-2.7353,-3.5502
-2.7353,-3.2913
-2.7353,-2.1816
-6.9896,-6.4726
-6.9896,-6.9281
-6.9896,-6.3464
1.537,1.2025
1.537,0.85567
1.537,0.76132
1.537,1.844
1.537,2.0236
1.537,0.80416
1.537,1.1161
6.0505,6.5969
-2.0205,-2.5118
-2.0205,-2.0322
-2.0205,-2.911
-2.0205,-1.6617
-2.0205,-2.6874
-2.0205,-2.5199
-2.0205,-2.0411
-2.0205,-2.3045
-2.0205,-1.6024
-2.0205,-2.5401
-2.0205,-2.7021
-1.0186,-0.70371
-1.0186,-1.8411
-1.0186,-0.40906
-1.0186,-0.16639
-5.9222,-5.1027
-5.9222,-6.19
-5.9222,-5.7042
-5.9222,-5.6277
-5.9222,-6.1156
-5.9222,-6.3817
-5.9222,-5.2363
-5.9222,-6.535
-5.9222,-6.4262
-5.9222,-5.6827
-5.9222,-6.0518
-5.9222,-5.2911
-5.9222,-6.6089
-5.9222,-5.4793
6.5266,6.5969
6.5266,5.8528
-5.2363,-5.1027
-5.2363,-5.6277
-5.2363,-6.1156
-5.2363,-5.9556
-5.2363,-5.9222
-5.2363,-5.6827
-5.2363,-5.2286
-5.2363,-5.2911
-5.2363,-4.7117
-2.6874,-3.1625
-2.6874,-3.2817
-2.6874,-2.7654
-2.6874,-2.0322
-2.6874,-2.911
-2.6874,-2.0205
-2.6874,-3.3604
-2.6874,-2.9813
-2.6874,-3.6555
-2.6874,-2.5199
-2.6874,-2.0411
-2.6874,-2.3045
-2.6874,-2.5401
-2.6874,-2.7021
-2.6874,-2.2745
-2.6874,-3.5907
-2.6874,-3.0025
-2.6874,-3.1463
5.9948,5.4785
5.9948,5.8752
5.9948,6.6802
5.9948,6.4832
5.9948,5.4457
5.9948,6.2653
5.9948,5.9503
5.9948,5.6951
5.9948,6.7091
5.4457,5.4785
5.4457,5.9948
5.4457,5.8381
5.4457,6.2653
5.4457,5.9503
5.4457,5.6951
5.4457,4.7984
5.4457,5.1414
2.3989,2.5154
2.3989,2.57
2.3989,1.7367
2.3989,3.3144
2.3989,1.676
-2.8942,-2.5118
-2.8942,-2.9776
-2.8942,-3.2546
-2.8942,-2.7353
-2.8942,-3.6481
-2.8942,-3.2913
-2.8942,-2.1816
5.8381,5.6281
5.8381,5.2767
5.8381,5.4457
5.8381,6.2653
5.8381,5.9503
5.8381,5.6951
5.8381,5.1414
5.8381,6.7868
5.8381,6.2331
2.7565,2.2875
2.7565,3.5559
-1.5872,-1.3569
-1.5872,-1.2338
-1.5872,-0.7876
-1.5872,-0.87114
-1.5872,-1.9851
4.9499,4.471
4.9499,5.6965
4.9499,4.8288
4.9499,5.7636
4.9499,5.3503
4.9499,4.5507
4.9499,5.5488
4.9499,5.388
4.9499,5.6989
4.9499,4.5549
4.9499,4.5295
-6.535,-6.4726
-6.535,-6.19
-6.535,-5.6277
-6.535,-6.1156
-6.535,-6.9281
-6.535,-6.3817
-6.535,-5.9556
-6.535,-5.9222
-6.535,-6.6089
-6.535,-7.4543
-3.3604,-4.2365
-3.3604,-3.3062
-3.3604,-3.8353
-3.3604,-3.1625
-3.3604,-3.2817
-3.3604,-2.9776
-3.3604,-2.911
-3.3604,-2.6874
-3.3604,-2.9813
-3.3604,-3.6555
-3.3604,-2.5401
-3.3604,-2.7021
-3.3604,-3.5502
-3.3604,-3.9342
-3.3604,-3.2913
-3.3604,-3.8973
-3.3604,-3.5907
-3.3604,-3.0025
0.99453,0.68122
0.99453,0.23171
0.99453,0.84128
0.99453,1.3707
0.99453,0.31265
-1.2338,-1.5872
-1.2338,-0.70371
-1.2338,-0.76932
-1.2338,-0.7876
-1.2338,-0.87114
-1.2338,-1.8411
-1.2338,-1.9851
5.8193,6.1757
5.8193,4.9059
5.8193,5.3057
5.8193,5.5979
5.8193,6.2607
6.2653,6.4832
6.2653,5.9948
6.2653,5.4457
6.2653,5.8381
6.2653,5.9503
6.2653,5.6951
6.2653,6.7868
6.2653,6.2331
6.2653,6.7091
-0.70371,0.28612
-0.70371,0.013984
-0.70371,-1.0186
-0.70371,-1.2338
-0.70371,-0.76932
-0.70371,-0.87114
-0.70371,-0.16639
-0.17068,0.28612
-0.17068,0.68122
-0.17068,0.23171
-0.17068,-0.76932
-0.17068,-0.56771
-0.17068,-0.7876
-0.17068,-0.87114
-0.17068,0.80416
-0.17068,0.034151
5.3057,6.1757
5.3057,4.9059
5.3057,5.1582
5.3057,5.8193
5.3057,5.5979
5.3057,6.2607
5.3057,5.388
5.3057,5.6989
5.3057,4.5549
-4.0174,-3.8353
-4.0174,-4.2741
-4.0174,-3.2546
-4.0174,-3.6481
-4.0174,-4.5646
-4.0174,-3.5502
-4.0174,-3.2913
-4.0174,-3.8973
5.3503,4.471
5.3503,5.6965
5.3503,6.1197
5.3503,5.7636
5.3503,4.9499
5.3503,5.5488
5.3503,4.5295
-2.9813,-2.5118
-2.9813,-3.3062
-2.9813,-3.8353
-2.9813,-3.1625
-2.9813,-3.2817
-2.9813,-2.9776
-2.9813,-2.911
-2.9813,-2.7353
-2.9813,-2.6874
-2.9813,-3.3604
-2.9813,-2.0411
-2.9813,-2.3045
-2.9813,-2.5401
-2.9813,-2.7021
-2.9813,-3.5502
-2.9813,-3.2913
-2.9813,-3.8973
-2.9813,-3.5907
-2.9813,-2.1816
4.5507,3.8048
4.5507,3.7552
4.5507,4.8288
4.5507,5.1582
4.5507,4.9499
4.5507,5.5488
4.5507,5.388
4.5507,4.5549
4.5507,4.5295
4.5507,4.2487
-3.88,-3.1111
-3.88,-3.4163
-3.88,-3.6325
-3.88,-4.423
-3.88,-3.1463
1.5489,2.2875
1.5489,1.7367
1.5489,0.76349
5.9503,5.4785
5.9503,6.4832
5.9503,5.9948
5.9503,5.4457
5.9503,5.8381
5.9503,6.2653
5.9503,5.6951
5.9503,5.1414
5.9503,6.7868
5.9503,6.7091
-0.76932,-1.2338
-0.76932,-0.70371
-0.76932,-0.17068
-0.76932,-0.7876
-0.76932,-0.87114
-0.76932,0.034151
-0.76932,-0.16639
2.57,2.2875
2.57,2.3989
2.57,1.7367
2.57,3.3432
5.6951,5.6281
5.6951,5.4785
5.6951,5.2767
5.6951,5.9948
5.6951,5.4457
5.6951,5.8381
5.6951,6.2653
5.6951,5.9503
5.6951,5.1414
6.4872,5.7529
6.4872,5.6281
6.4872,6.2331
5.5979,5.6965
5.5979,6.1757
5.5979,4.9059
5.5979,5.1582
5.5979,5.8193
5.5979,5.3057
5.5979,6.2607
5.5979,6.2968
5.5979,5.5488
5.5979,5.388
5.5979,5.6989
5.5979,6.4623
7.33,6.6644
7.33,7.1841
7.33,6.4623
7.33,7.1932
-3.6555,-4.2365
-3.6555,-3.1625
-3.6555,-3.2817
-3.6555,-3.4163
-3.6555,-2.911
-3.6555,-3.6325
-3.6555,-2.6874
-3.6555,-3.3604
-3.6555,-4.423
-3.6555,-2.7021
-3.6555,-3.9342
-3.6555,-3.8973
-3.6555,-3.5907
-3.6555,-3.0025
-3.6555,-3.1463
-0.56771,0.23171
-0.56771,-1.3569
-0.56771,-0.17068
-0.56771,-0.7876
-0.56771,0.31265
-0.56771,-0.87114
-0.56771,-0.26244
-2.5199,-3.1625
-2.5199,-3.2817
-2.5199,-2.7654
-2.5199,-2.0322
-2.5199,-2.911
-2.5199,-2.0205
-2.5199,-2.6874
-2.5199,-2.3045
-2.5199,-1.6024
-2.5199,-2.5401
-2.5199,-2.7021
-2.5199,-2.2745
-2.5199,-3.0025
-2.5199,-3.1463
-2.5199,-2.1117
7.1841,7.33
7.1841,6.2607
7.1841,6.4623
-6.4262,-5.7042
-6.4262,-6.1156
-6.4262,-6.3817
-6.4262,-6.7724
-6.4262,-5.9222
-6.4262,-6.0518
-6.4262,-7.1279
-6.4262,-6.6089
-6.4262,-5.4793
1.2025,1.537
1.2025,0.76132
1.2025,1.844
1.2025,1.3707
1.2025,0.80416
1.7367,2.2875
1.7367,2.3989
1.7367,1.5489
1.7367,2.57
1.7367,1.676
1.7367,1.3129
1.7367,0.76349
-2.0411,-2.5118
-2.0411,-2.911
-2.0411,-1.6617
-2.0411,-2.7353
-2.0411,-2.0205
-2.0411,-2.6874
-2.0411,-2.9813
-2.0411,-2.3045
-2.0411,-2.5401
-2.0411,-2.7021
-2.0411,-2.1816
3.3144,2.5154
3.3144,2.3989
3.3144,3.3432
0.85567,0.28612
0.85567,0.013984
0.85567,1.537
0.85567,0.76132
0.85567,0.14932
0.85567,1.1161
-2.3045,-2.5118
-2.3045,-3.1625
-2.3045,-2.0322
-2.3045,-2.911
-2.3045,-1.6617
-2.3045,-2.0205
-2.3045,-2.6874
-2.3045,-2.9813
-2.3045,-2.5199
-2.3045,-2.0411
-2.3045,-1.6024
-2.3045,-2.5401
-2.3045,-2.7021
6.2607,6.1757
6.2607,6.6644
6.2607,5.8193
6.2607,5.3057
6.2607,5.5979
6.2607,7.1841
6.2607,6.2968
6.2607,5.388
6.2607,5.6989
6.2607,6.4623
-5.2626,-5.1027
-5.2626,-5.7042
-5.2626,-5.4192
-5.2626,-5.8231
-5.2626,-4.7512
-5.2626,-6.0518
-5.2626,-5.4793
3.3432,3.5559
3.3432,2.57
3.3432,3.3144
-3.6481,-3.8353
-3.6481,-2.9776
-3.6481,-3.2546
-3.6481,-2.8942
-3.6481,-4.0174
-3.6481,-3.5502
-3.6481,-3.2913
6.2968,5.6965
6.2968,6.6644
6.2968,5.7636
6.2968,5.5979
6.2968,6.2607
6.2968,5.5488
6.2968,5.388
6.2968,5.6989
6.2968,6.5082
6.2968,6.4623
0.76132,0.28612
0.76132,1.537
0.76132,1.2025
0.76132,0.85567
0.76132,0.80416
0.76132,0.034151
0.76132,1.1161
5.5488,5.6965
5.5488,4.8288
5.5488,5.7636
5.5488,5.1582
5.5488,4.9499
5.5488,5.3503
5.5488,4.5507
5.5488,5.5979
5.5488,6.2968
5.5488,5.388
5.5488,5.6989
7.7181,7.0419
-4.5646,-3.8353
-4.5646,-4.2741
-4.5646,-4.0174
-4.5646,-4.5105
-4.5646,-3.8973
-4.423,-4.2365
-4.423,-3.6325
-4.423,-3.88
-4.423,-3.6555
-4.423,-3.9342
5.388,5.6965
5.388,4.8288
5.388,5.7636
5.388,5.1582
5.388,4.9499
5.388,5.3057
5.388,4.5507
5.388,5.5979
5.388,6.2607
5.388,6.2968
5.388,5.5488
5.388,5.6989
5.388,4.5549
-1.6024,-2.0322
-1.6024,-1.6617
-1.6024,-2.0205
-1.6024,-2.5199
-1.6024,-2.3045
-1.6024,-2.2745
-6.3464,-6.4726
-6.3464,-5.9556
-6.3464,-6.9896
-6.3464,-5.8782
4.0434,3.4015
4.0434,4.9059
4.0434,4.5549
4.0434,4.2487
1.844,1.537
1.844,1.2025
1.844,1.3707
1.844,2.0236
-7.9666,-7.0741
5.6989,5.6965
5.6989,6.1757
5.6989,4.8288
5.6989,6.6644
5.6989,5.7636
5.6989,5.1582
5.6989,4.9499
5.6989,5.3057
5.6989,5.5979
5.6989,6.2607
5.6989,6.2968
5.6989,5.5488
5.6989,5.388
5.6989,6.4623
2.2264,1.6051
2.2264,2.5154
-2.5401,-2.5118
-2.5401,-3.3062
-2.5401,-3.1625
-2.5401,-3.2817
-2.5401,-2.9776
-2.5401,-2.911
-2.5401,-1.6617
-2.5401,-2.7353
-2.5401,-2.0205
-2.5401,-2.6874
-2.5401,-3.3604
-2.5401,-2.9813
-2.5401,-2.5199
-2.5401,-2.0411
-2.5401,-2.3045
-2.5401,-2.7021
-2.5401,-2.1816
1.3707,0.68122
1.3707,2.0179
1.3707,0.99453
1.3707,1.2025
1.3707,1.844
1.3707,0.80416
-0.7876,-1.3569
-0.7876,-1.5872
-0.7876,-1.2338
-0.7876,-0.17068
-0.7876,-0.76932
-0.7876,-0.56771
-0.7876,-0.87114
-0.7876,-0.26244
1.676,1.6051
1.676,2.5154
1.676,2.3989
1.676,1.7367
1.676,1.3129
6.5969,6.0505
6.5969,6.5266
6.5969,7.0419
6.5969,5.8528
2.0236,1.537
2.0236,1.844
2.0236,1.1161
-2.7021,-2.5118
-2.7021,-3.3062
-2.7021,-3.1625
-2.7021,-3.2817
-2.7021,-2.7654
-2.7021,-2.9776
-2.7021,-2.0322
-2.7021,-2.911
-2.7021,-2.0205
-2.7021,-2.6874
-2.7021,-3.3604
-2.7021,-2.9813
-2.7021,-3.6555
-2.7021,-2.5199
-2.7021,-2.0411
-2.7021,-2.3045
-2.7021,-2.5401
-2.7021,-3.5907
-2.7021,-3.0025
-3.5502,-3.3062
-3.5502,-3.8353
-3.5502,-4.2741
-3.5502,-3.1625
-3.5502,-2.9776
-3.5502,-2.911
-3.5502,-2.7353
-3.5502,-3.3604
-3.5502,-4.0174
-3.5502,-2.9813
-3.5502,-3.6481
-3.5502,-3.9342
-3.5502,-3.2913
-3.5502,-3.8973
-3.5502,-3.5907
-5.6827,-5.1027
-5.6827,-6.19
-5.6827,-5.6277
-5.6827,-6.1156
-5.6827,-6.3817
-5.6827,-5.9556
-5.6827,-5.9222
-5.6827,-5.2363
-5.6827,-5.2911
-5.6827,-6.6089
-5.6827,-5.4793
-5.2286,-6.19
-5.2286,-5.6277
-5.2286,-5.3523
-5.2286,-5.9556
-5.2286,-5.2363
-5.2286,-5.8782
-5.2286,-4.7117
1.3129,1.7367
1.3129,1.676
1.3129,0.55641
1.3129,0.76349
1.3129,1.0449
-4.5105,-4.2365
-4.5105,-3.8353
-4.5105,-4.2741
-4.5105,-4.5646
-4.5105,-3.9342
-4.5105,-3.8973
-4.5105,-3.5907
0.31265,0.68122
0.31265,0.23171
0.31265,0.84128
0.31265,0.99453
0.31265,-0.56771
0.31265,-0.26244
7.0419,7.5412
7.0419,7.7181
7.0419,6.5969
-6.0518,-5.1027
-6.0518,-5.7042
-6.0518,-5.8231
-6.0518,-6.3817
-6.0518,-6.7724
-6.0518,-5.9222
-6.0518,-6.4262
-6.0518,-5.2626
-6.0518,-6.6089
-6.0518,-5.4793
-0.87114,-1.5872
-0.87114,-1.2338
-0.87114,-0.70371
-0.87114,-0.17068
-0.87114,-0.76932
-0.87114,-0.56771
-0.87114,-0.7876
-0.87114,0.034151
-5.8782,-6.4726
-5.8782,-6.19
-5.8782,-5.6277
-5.8782,-5.3523
-5.8782,-5.9556
-5.8782,-6.3464
-5.8782,-5.2286
0.61673,0.14932
3.8014,4.471
3.8014,3.7552
-5.2911,-5.1027
-5.2911,-5.6277
-5.2911,-6.1156
-5.2911,-5.9222
-5.2911,-5.2363
-5.2911,-5.6827
-5.2911,-4.7117
-5.2911,-4.5121
-5.2911,-5.4793
-3.9342,-4.2365
-3.9342,-4.2741
-3.9342,-3.1625
-3.9342,-3.2817
-3.9342,-3.6325
-3.9342,-3.3604
-3.9342,-3.6555
-3.9342,-4.423
-3.9342,-3.5502
-3.9342,-4.5105
-3.9342,-3.8973
-3.9342,-3.5907
4.7984,5.4785
4.7984,5.4457
4.7984,5.1414
-3.2913,-2.5118
-3.2913,-3.3062
-3.2913,-3.8353
-3.2913,-2.9776
-3.2913,-2.911
-3.2913,-3.2546
-3.2913,-2.7353
-3.2913,-2.8942
-3.2913,-3.3604
-3.2913,-4.0174
-3.2913,-2.9813
-3.2913,-3.6481
-3.2913,-3.5502
-3.2913,-3.8973
0.80416,0.28612
0.80416,0.68122
0.80416,0.23171
0.80416,1.537
0.80416,-0.17068
0.80416,1.2025
0.80416,0.76132
0.80416,1.3707
0.80416,0.034151
5.1414,4.6842
5.1414,5.2767
5.1414,5.4457
5.1414,5.8381
5.1414,5.9503
5.1414,5.6951
5.1414,4.7984
-2.2745,-2.7654
-2.2745,-2.0322
-2.2745,-2.6874
-2.2745,-2.5199
-2.2745,-1.6024
-2.2745,-2.7487
-2.2745,-3.0025
-2.2745,-3.1463
-2.2745,-2.1117
0.55641,1.3129
0.55641,0.76349
0.55641,1.0449
6.7868,7.2279
6.7868,5.8381
6.7868,6.2653
6.7868,5.9503
6.7868,6.2331
6.7868,6.7091
4.5549,3.8048
4.5549,4.8288
4.5549,4.9059
4.5549,5.1582
4.5549,4.9499
4.5549,5.3057
4.5549,4.5507
4.5549,5.388
4.5549,4.0434
4.5549,4.5295
4.5549,4.2487
0.14932,0.013984
0.14932,0.85567
0.14932,0.61673
0.14932,-0.40906
0.14932,-0.16639
-3.8973,-4.2365
-3.8973,-3.3062
-3.8973,-3.8353
-3.8973,-4.2741
-3.8973,-3.1625
-3.8973,-3.2817
-3.8973,-2.9776
-3.8973,-3.3604
-3.8973,-4.0174
-3.8973,-2.9813
-3.8973,-3.6555
-3.8973,-4.5646
-3.8973,-3.5502
-3.8973,-4.5105
-3.8973,-3.9342
-3.8973,-3.2913
-3.8973,-3.5907
-1.8411,-1.0186
-1.8411,-1.2338
-1.8411,-1.9851
-4.7117,-5.6277
-4.7117,-5.2363
-4.7117,-5.2286
-4.7117,-5.2911
-4.7117,-4.5121
-2.7487,-3.1111
-2.7487,-2.7654
-2.7487,-3.4163
-2.7487,-2.2745
-2.7487,-3.0025
-2.7487,-3.1463
-2.7487,-2.1117
-7.1279,-6.9281
-7.1279,-6.3817
-7.1279,-6.7724
-7.1279,-6.4262
-7.1279,-6.6089
-7.1279,-7.4543
-4.5121,-5.1027
-4.5121,-5.2911
-4.5121,-4.7117
-4.5121,-5.4793
-3.5907,-4.2365
-3.5907,-3.3062
-3.5907,-3.8353
-3.5907,-4.2741
-3.5907,-3.1625
-3.5907,-3.2817
-3.5907,-2.911
-3.5907,-3.6325
-3.5907,-2.6874
-3.5907,-3.3604
-3.5907,-2.9813
-3.5907,-3.6555
-3.5907,-2.7021
-3.5907,-3.5502
-3.5907,-4.5105
-3.5907,-3.9342
-3.5907,-3.8973
-3.5907,-3.0025
6.2331,5.7529
6.2331,5.6281
6.2331,5.2767
6.2331,5.8381
6.2331,6.2653
6.2331,6.4872
6.2331,6.7868
5.8528,6.5266
5.8528,6.5969
-2.1816,-2.5118
-2.1816,-2.9776
-2.1816,-1.6617
-2.1816,-2.7353
-2.1816,-2.8942
-2.1816,-2.9813
-2.1816,-2.0411
-2.1816,-2.5401
-6.5062,-5.8231
-6.5062,-6.7724
0.034151,0.28612
0.034151,0.68122
0.034151,0.23171
0.034151,-0.17068
0.034151,-0.76932
0.034151,0.76132
0.034151,-0.87114
0.034151,0.80416
0.034151,-0.16639
1.1161,1.537
1.1161,0.85567
1.1161,0.76132
1.1161,2.0236
-0.40906,0.013984
-0.40906,-1.0186
-0.40906,0.14932
-6.6089,-6.19
-6.6089,-6.1156
-6.6089,-6.9281
-6.6089,-6.3817
-6.6089,-6.7724
-6.6089,-5.9222
-6.6089,-6.535
-6.6089,-6.4262
-6.6089,-5.6827
-6.6089,-6.0518
-6.6089,-7.1279
-3.0025,-3.1625
-3.0025,-3.2817
-3.0025,-2.7654
-3.0025,-3.4163
-3.0025,-2.0322
-3.0025,-2.911
-3.0025,-3.6325
-3.0025,-2.6874
-3.0025,-3.3604
-3.0025,-3.6555
-3.0025,-2.5199
-3.0025,-2.7021
-3.0025,-2.2745
-3.0025,-2.7487
-3.0025,-3.5907
-3.0025,-3.1463
-7.4543,-6.9281
-7.4543,-6.535
-7.4543,-7.1279
-0.16639,0.28612
-0.16639,0.013984
-0.16639,-1.0186
-0.16639,-0.70371
-0.16639,-0.76932
-0.16639,0.14932
-0.16639,0.034151
4.5295,4.471
4.5295,3.8048
4.5295,3.7552
4.5295,4.8288
4.5295,4.9499
4.5295,5.3503
4.5295,4.5507
4.5295,4.5549
4.5295,4.2487
0.76349,1.5489
0.76349,1.7367
0.76349,1.3129
0.76349,0.55641
-3.1463,-3.1625
-3.1463,-3.2817
-3.1463,-3.1111
-3.1463,-2.7654
-3.1463,-3.4163
-3.1463,-3.6325
-3.1463,-2.6874
-3.1463,-3.88
-3.1463,-3.6555
-3.1463,-2.5199
-3.1463,-2.2745
-3.1463,-2.7487
-3.1463,-3.0025
4.2487,3.4015
4.2487,3.8048
4.2487,4.8288
4.2487,4.9059
4.2487,5.1582
4.2487,4.5507
4.2487,4.0434
4.2487,4.5549
4.2487,4.5295
6.7091,7.2279
6.7091,6.6802
6.7091,6.4832
6.7091,5.9948
6.7091,6.2653
6.7091,5.9503
6.7091,6.7868
-5.4793,-5.1027
-5.4793,-5.7042
-5.4793,-5.9222
-5.4793,-6.4262
-5.4793,-5.2626
-5.4793,-5.6827
-5.4793,-6.0518
-5.4793,-5.2911
-5.4793,-4.5121
-1.9851,-1.5872
-1.9851,-1.2338
-1.9851,-1.8411
-0.26244,0.23171
-0.26244,-0.56771
-0.26244,-0.7876
-0.26244,0.31265
1.0449,1.6051
1.0449,1.3129
1.0449,0.55641
6.5082,5.6965
6.5082,6.6644
6.5082,6.1197
6.5082,5.7636
6.5082,6.2968
6.5082,6.4623
6.5082,7.1932
6.4623,6.1757
6.4623,6.6644
6.4623,5.5979
6.4623,7.33
6.4623,7.1841
6.4623,6.2607
6.4623,6.2968
6.4623,5.6989
6.4623,6.5082
-2.1117,-2.7654
-2.1117,-2.0322
-2.1117,-2.1225
-2.1117,-2.5199
-2.1117,-2.2745
-2.1117,-2.7487
7.1932,6.6644
7.1932,7.33
7.1932,6.5082
-7.0741,-7.024
-6.9872,-7.024
7.0419,7.0273
7.0252,7.0273
