-2.469,-3.0359
-2.469,-2.6563
-2.469,-3.0658
-2.469,-2.2932
-7.6209,-7.0781
-7.6209,-6.6277
-7.6209,-6.7863
-5.7031,-5.7054
-5.7031,-5.0988
-5.7031,-6.34
-5.4363,-5.9638
-5.4363,-5.4644
-5.4363,-5.3215
-5.4363,-5.1497
-5.4363,-5.8001
-5.4363,-4.6206
2.9523,3.8599
-4.6003,-4.8588
-4.6003,-4.2662
-4.6003,-3.8885
-4.6003,-5.314
-4.6003,-4.2201
-4.6003,-4.4327
-4.3133,-3.8393
-4.3133,-4.8588
-4.3133,-4.2662
-4.3133,-3.7502
-4.3133,-4.7563
-4.3133,-3.5414
-4.3133,-3.8885
-4.3133,-3.8999
-4.3133,-4.2201
-4.3133,-3.4818
-4.3133,-4.352
-5.4363,-5.9704
-5.4363,-5.5899
-5.4363,-4.8932
5.1529,4.6226
5.1529,5.3096
5.1529,5.7787
-3.8393,-4.3133
-3.8393,-3.2942
-3.8393,-3.0359
-3.8393,-3.7502
-3.8393,-4.7563
-3.8393,-3.0658
-3.8393,-3.5414
-3.8393,-3.8885
-3.8393,-3.8999
-3.8393,-4.2201
-3.8393,-3.4818
-3.8393,-4.352
5.8413,5.1625
5.8413,5.5845
5.8413,5.3096
5.8413,6.2451
5.8413,5.7787
5.8413,6.4374
-5.7189,-5.7054
-5.9638,-5.4363
-5.9638,-5.9005
-5.9638,-6.4204
-5.9638,-5.4644
-5.9638,-6.3637
-5.9638,-5.1497
-5.9638,-5.8001
-5.9638,-6.5277
-5.9638,-5.8004
-5.9638,-6.8048
6.018,5.5441
6.018,5.5587
6.018,5.922
6.018,5.2055
3.6533,4.0998
3.6533,4.4913
4.5223,4.6226
4.5223,5.1625
4.5223,5.3096
4.5223,4.9537
-4.8588,-4.6003
-4.8588,-4.3133
-4.8588,-4.2662
-4.8588,-5.2705
-4.8588,-4.7563
-4.8588,-5.694
-4.8588,-5.314
-4.8588,-4.2201
-4.8588,-4.352
7.7217,7.028
7.7217,7.0692
-3.2942,-3.8393
-3.2942,-3.3901
-3.2942,-3.7502
-3.2942,-3.2463
-3.2942,-2.6563
-3.2942,-3.0488
-3.2942,-3.0658
-3.2942,-2.5667
-3.2942,-3.5414
-3.2942,-3.8885
-3.2942,-4.2201
-3.2942,-2.942
-3.2942,-3.6139
6.4224,5.4942
6.4224,7.2701
6.4224,6.9866
6.4224,6.0645
6.4224,6.3777
6.4224,6.1147
-2.9738,-2.2244
-5.9005,-5.9638
-5.9005,-6.6277
-5.9005,-6.4204
-5.9005,-5.4644
-5.9005,-6.3637
-5.9005,-5.1497
-5.9005,-5.5899
-5.9005,-5.8004
-5.9005,-6.2767
-5.9005,-6.8048
0.67413,0.73969
0.67413,1.4603
0.67413,0.86936
0.67413,0.44117
0.67413,0.13946
0.73594,0.73969
0.73594,0.94156
0.73594,0.66133
0.73594,1.4603
0.73594,0.12095
0.73594,0.36851
0.73594,0.44117
0.73594,1.418
1.8926,2.1481
1.8926,2.7351
1.8926,1.3727
1.8926,1.0827
4.0998,3.6533
4.0998,4.7046
4.0998,4.8496
4.0998,3.8599
4.0998,4.7312
-6.1795,-5.3215
-6.1795,-5.8001
-6.1795,-6.5277
4.065,3.8599
7.6093,6.7012
-4.2662,-4.6003
-4.2662,-4.3133
-4.2662,-4.8588
-4.2662,-3.3901
-4.2662,-3.7502
-4.2662,-3.6736
-4.2662,-3.5414
-4.2662,-3.8885
-4.2662,-4.2201
-4.2662,-4.4327
-4.2662,-3.6139
-0.088782,-0.58316
-0.088782,-0.29167
-0.088782,-0.85568
-0.088782,0.25488
-0.088782,0.36851
-0.088782,-0.36279
5.436,5.9677
5.436,5.7669
5.436,4.7962
6.2506,7.028
6.2506,5.9677
4.7046,4.0998
4.7046,5.5441
4.7046,4.8496
4.7046,5.3745
4.7046,4.4913
4.7046,4.7312
-2.8638,-2.7282
-2.8638,-3.2463
-2.8638,-3.6736
-2.8638,-3.7842
-2.8638,-2.2704
-2.8638,-2.0844
-2.8638,-2.942
-2.7282,-2.8638
-2.7282,-3.3901
-2.7282,-3.2463
-2.7282,-3.0488
-2.7282,-3.6736
-2.7282,-2.5667
-2.7282,-2.2704
-2.7282,-2.0844
-2.7282,-2.942
-2.7282,-3.6139
2.1481,1.8926
2.1481,2.0292
2.1481,3.0064
2.1481,1.3727
2.1481,1.3508
-3.3901,-3.2942
-3.3901,-4.2662
-3.3901,-2.7282
-3.3901,-3.7502
-3.3901,-3.2463
-3.3901,-3.0488
-3.3901,-3.6736
-3.3901,-3.0658
-3.3901,-2.5667
-3.3901,-3.5414
-3.3901,-3.8885
-3.3901,-4.2201
-3.3901,-2.942
-3.3901,-3.6139
1.6407,2.214
1.6407,2.0292
1.6407,1.0995
1.6407,1.2858
1.6407,2.4646
1.6407,1.3508
-0.58316,-0.088782
-0.58316,0.092723
-0.58316,-0.85568
-0.58316,0.25488
-0.58316,-0.78978
-3.0359,-2.469
-3.0359,-3.8393
-3.0359,-2.6563
-3.0359,-3.3792
-3.0359,-3.0488
-3.0359,-3.0658
-3.0359,-3.5414
-3.0359,-3.8999
-3.0359,-3.4818
6.614,6.3777
6.614,5.7455
6.614,5.922
-6.8562,-6.5552
4.6226,5.1529
4.6226,4.5223
4.6226,5.1625
4.6226,5.3096
7.2084,6.3359
7.2084,7.3235
5.1625,5.8413
5.1625,4.5223
5.1625,4.6226
5.1625,5.5845
5.1625,5.3096
5.1625,4.9537
2.346,1.418
-5.7054,-5.7031
-5.7054,-5.7189
-5.7054,-5.1209
-7.0781,-7.6209
-7.0781,-6.6277
-7.0781,-6.4204
-7.0781,-7.6263
-7.0781,-6.3637
-7.0781,-6.8048
5.5441,6.018
5.5441,4.7046
5.5441,4.8496
5.5441,5.4942
5.5441,6.3777
5.5441,5.3745
5.5441,5.7455
5.5441,5.922
5.5441,5.2055
5.5441,4.7312
-0.65797,-0.039294
-0.65797,-1.6075
-0.65797,-0.18609
-0.65797,-0.97365
-6.6277,-7.6209
-6.6277,-5.9005
-6.6277,-7.0781
-6.6277,-6.3637
-6.6277,-5.8004
-6.6277,-6.7863
-6.6277,-6.2767
-6.6277,-6.8048
-1.0525,-1.5597
0.73969,0.67413
0.73969,0.73594
0.73969,0.66133
0.73969,1.4603
0.73969,0.12095
0.73969,0.44117
0.73969,1.418
0.73969,0.13946
5.2593,5.3283
5.2593,5.8332
5.2593,5.0351
5.2593,5.4942
5.2593,6.0645
5.2593,4.4913
5.2593,6.1147
5.3283,5.2593
5.3283,5.0351
5.3283,5.4942
5.3283,6.0645
5.3283,5.3745
5.3283,5.7455
5.3283,4.4913
5.3283,4.7312
5.3283,6.1147
7.028,7.7217
7.028,6.2506
7.028,7.0692
-5.9704,-5.4363
-5.9704,-5.5899
-5.9704,-6.7863
-5.9704,-6.34
-5.9704,-6.2767
-3.7502,-4.3133
-3.7502,-3.8393
-3.7502,-3.2942
-3.7502,-4.2662
-3.7502,-3.3901
-3.7502,-3.0488
-3.7502,-3.0658
-3.7502,-3.5414
-3.7502,-3.8885
-3.7502,-3.8999
-3.7502,-4.2201
-3.7502,-3.4818
-3.7502,-4.352
-3.7502,-3.6139
-4.2046,-3.3792
-4.2046,-4.6775
-4.2046,-3.8999
-4.2046,-4.352
6.478,5.9677
6.478,5.7669
6.478,6.2451
6.478,6.8453
6.478,7.0692
-6.4204,-5.9638
-6.4204,-5.9005
-6.4204,-7.0781
-6.4204,-6.3637
-6.4204,-7.0136
-6.4204,-5.8001
-6.4204,-6.5277
-6.4204,-6.8048
-0.039294,-0.65797
-0.039294,-0.18609
-0.039294,-0.97365
-4.5942,-5.1209
-4.5942,-4.5323
-4.5942,-3.862
2.214,1.6407
2.214,1.2858
2.214,2.4646
-3.2463,-3.2942
-3.2463,-2.8638
-3.2463,-2.7282
-3.2463,-3.3901
-3.2463,-3.0488
-3.2463,-3.6736
-3.2463,-2.5667
-3.2463,-3.8885
-3.2463,-2.2704
-3.2463,-2.942
-3.2463,-3.6139
0.092723,-0.58316
0.092723,1.0164
0.092723,0.25488
0.092723,-0.78978
-1.3141,-1.9402
-1.3141,-0.97365
-7.6263,-7.0781
-7.6263,-7.0136
-7.6263,-6.8048
0.94156,0.73594
0.94156,0.66133
0.94156,1.526
0.94156,0.97488
0.94156,0.25488
0.94156,0.36851
4.6842,4.75
-1.6075,-0.65797
-1.6075,-2.5667
-1.6075,-2.2932
-1.6075,-1.9402
-1.6075,-2.2704
-1.6075,-0.97365
-1.6075,-1.5597
-1.9386,-1.0954
-5.4644,-5.4363
-5.4644,-5.9638
-5.4644,-5.9005
-5.4644,-6.3637
-5.4644,-5.1497
-5.4644,-5.8001
-5.4644,-5.8004
-5.4644,-4.6206
-5.4644,-4.8932
6.5708,6.7012
6.5708,5.6994
-5.3215,-5.4363
-5.3215,-6.1795
-5.3215,-5.8001
-2.6563,-2.469
-2.6563,-3.2942
-2.6563,-3.0359
-2.6563,-3.0488
-2.6563,-3.0658
-2.6563,-2.5667
-2.6563,-2.2932
-2.6563,-1.9402
-2.6563,-3.5414
-2.6563,-2.942
5.9677,5.436
5.9677,6.2506
5.9677,6.478
5.9677,5.7669
5.9677,6.2451
5.5845,5.8413
5.5845,5.1625
5.5845,5.3096
5.5845,5.7669
5.5845,6.2451
5.5845,4.9537
2.0292,2.1481
2.0292,1.6407
2.0292,2.4646
2.0292,1.3727
2.0292,1.3508
-3.3792,-3.0359
-3.3792,-4.2046
-3.3792,-3.8999
-3.3792,-3.4818
5.3096,5.1529
5.3096,5.8413
5.3096,4.5223
5.3096,4.6226
5.3096,5.1625
5.3096,5.5845
5.3096,5.7787
1.1839,1.2858
-1.6817,-1.4984
-1.6817,-0.85568
4.9195,5.5587
4.9195,4.8496
4.9195,5.2055
-6.3637,-5.9638
-6.3637,-5.9005
-6.3637,-7.0781
-6.3637,-6.6277
-6.3637,-6.4204
-6.3637,-5.4644
-6.3637,-5.8001
-6.3637,-5.8004
-6.3637,-6.2767
-6.3637,-6.8048
-3.0488,-3.2942
-3.0488,-2.7282
-3.0488,-3.3901
-3.0488,-3.0359
-3.0488,-3.7502
-3.0488,-3.2463
-3.0488,-2.6563
-3.0488,-3.0658
-3.0488,-2.5667
-3.0488,-2.2932
-3.0488,-3.5414
-3.0488,-3.8885
-3.0488,-2.942
1.0164,0.092723
1.0164,0.97488
-1.4984,-1.6817
-1.4984,-1.182
-1.4984,-0.85568
-1.4984,-2.2244
5.8332,5.2593
5.8332,5.0351
5.8332,6.0645
5.7669,5.436
5.7669,6.478
5.7669,5.9677
5.7669,5.5845
5.7669,6.2451
5.7669,4.9537
-1.182,-1.4984
-1.182,-0.29167
-1.182,-1.0954
-1.182,-0.85568
-1.182,-0.36279
-0.29167,-0.088782
-0.29167,-1.182
-0.29167,0.66133
-0.29167,0.12095
-0.29167,-0.85568
-0.29167,0.36851
-0.29167,-0.36279
5.0351,5.2593
5.0351,5.3283
5.0351,5.8332
5.0351,4.2436
-5.2705,-4.8588
-5.2705,-4.7563
-5.2705,-4.6775
-5.2705,-5.694
-5.2705,-4.352
5.5587,6.018
5.5587,4.9195
-4.7563,-4.3133
-4.7563,-3.8393
-4.7563,-4.8588
-4.7563,-5.2705
-4.7563,-4.6775
-4.7563,-5.694
-4.7563,-3.8999
-4.7563,-5.314
-4.7563,-4.2201
-4.7563,-4.352
4.8496,4.0998
4.8496,4.7046
4.8496,5.5441
4.8496,4.9195
4.8496,5.3745
4.8496,5.2055
4.8496,4.7312
-3.6736,-4.2662
-3.6736,-2.8638
-3.6736,-2.7282
-3.6736,-3.3901
-3.6736,-3.2463
-3.6736,-3.7842
-3.6736,-3.8885
-3.6736,-4.4327
-3.6736,-2.942
-3.6736,-3.6139
1.0995,1.6407
1.0995,1.2858
1.0995,0.37466
1.0995,1.3508
1.0995,0.62583
6.2451,5.8413
6.2451,6.478
6.2451,5.9677
6.2451,5.5845
6.2451,5.7669
6.2451,6.8453
6.2451,6.4374
-1.0954,-1.9386
-1.0954,-1.182
-1.0954,-0.58789
1.2858,1.6407
1.2858,2.214
1.2858,1.1839
1.2858,1.0995
1.2858,0.37466
5.8423,6.8385
5.8423,5.6994
4.75,4.6842
4.75,5.6994
6.8453,6.478
6.8453,6.2451
6.8453,7.4168
6.8453,6.4374
6.8453,7.0692
5.7787,5.1529
5.7787,5.8413
5.7787,5.3096
5.7787,6.4374
5.4942,6.4224
5.4942,5.5441
5.4942,5.2593
5.4942,5.3283
5.4942,6.0645
5.4942,6.3777
5.4942,5.3745
5.4942,5.7455
5.4942,4.4913
5.4942,4.7312
5.4942,6.1147
7.2701,6.4224
-3.0658,-2.469
-3.0658,-3.8393
-3.0658,-3.2942
-3.0658,-3.3901
-3.0658,-3.0359
-3.0658,-3.7502
-3.0658,-2.6563
-3.0658,-3.0488
-3.0658,-2.5667
-3.0658,-2.2932
-3.0658,-3.5414
-3.0658,-3.8885
-3.0658,-3.4818
-3.0658,-2.942
-0.58789,-1.0954
-0.58789,0.12095
-0.58789,-0.36279
-0.58789,-0.3172
-0.58789,0.13946
-2.5667,-3.2942
-2.5667,-2.7282
-2.5667,-3.3901
-2.5667,-3.2463
-2.5667,-1.6075
-2.5667,-2.6563
-2.5667,-3.0488
-2.5667,-3.0658
-2.5667,-2.2932
-2.5667,-1.9402
-2.5667,-2.2704
-2.5667,-2.942
6.9866,6.4224
6.9866,6.0645
-5.0988,-5.7031
-5.0988,-4.5323
0.66133,0.73594
0.66133,0.73969
0.66133,0.94156
0.66133,-0.29167
0.66133,0.12095
0.66133,1.526
0.66133,0.36851
0.66133,0.44117
0.66133,1.418
0.37466,1.0995
0.37466,1.2858
-2.2932,-2.469
-2.2932,-1.6075
-2.2932,-2.6563
-2.2932,-3.0488
-2.2932,-3.0658
-2.2932,-2.5667
-2.2932,-1.9402
-2.2932,-2.2704
3.0064,2.1481
3.0064,2.7351
1.4603,0.67413
1.4603,0.73594
1.4603,0.73969
1.4603,1.6306
1.4603,1.418
-1.9402,-1.3141
-1.9402,-1.6075
-1.9402,-2.6563
-1.9402,-2.5667
-1.9402,-2.2932
-1.9402,-2.2704
-1.9402,-0.97365
6.0645,6.4224
6.0645,5.2593
6.0645,5.3283
6.0645,5.8332
6.0645,5.4942
6.0645,6.9866
6.0645,6.1147
-5.1209,-5.7054
-5.1209,-4.5942
-5.1209,-4.5323
2.4646,1.6407
2.4646,2.214
2.4646,2.0292
-4.6775,-4.2046
-4.6775,-5.2705
-4.6775,-4.7563
-4.6775,-3.8999
-4.6775,-4.352
6.3777,6.4224
6.3777,6.614
6.3777,5.5441
6.3777,5.4942
6.3777,5.7455
6.3777,5.922
6.3777,6.1147
0.12095,0.73594
0.12095,0.73969
0.12095,-0.29167
0.12095,-0.58789
0.12095,0.66133
0.12095,0.36851
0.12095,0.44117
0.12095,-0.36279
0.12095,0.13946
5.3745,4.7046
5.3745,5.5441
5.3745,5.3283
5.3745,4.8496
5.3745,5.4942
5.3745,5.7455
5.3745,5.922
5.3745,4.7312
-5.694,-4.8588
-5.694,-5.2705
-5.694,-4.7563
-5.694,-5.314
-3.7842,-2.8638
-3.7842,-3.6736
-3.7842,-4.4327
-3.7842,-3.6139
5.7455,6.614
5.7455,5.5441
5.7455,5.3283
5.7455,5.4942
5.7455,6.3777
5.7455,5.3745
5.7455,5.922
5.7455,6.1147
-0.18609,-0.65797
-0.18609,-0.039294
-7.0136,-6.4204
-7.0136,-7.6263
-7.0136,-6.5277
-7.0136,-6.8048
4.2436,5.0351
4.2436,4.4913
1.526,0.94156
1.526,0.66133
1.526,0.97488
1.526,1.418
5.922,6.018
5.922,6.614
5.922,5.5441
5.922,6.3777
5.922,5.3745
5.922,5.7455
5.922,5.2055
2.7351,1.8926
2.7351,3.0064
-3.5414,-4.3133
-3.5414,-3.8393
-3.5414,-3.2942
-3.5414,-4.2662
-3.5414,-3.3901
-3.5414,-3.0359
-3.5414,-3.7502
-3.5414,-2.6563
-3.5414,-3.0488
-3.5414,-3.0658
-3.5414,-3.8885
-3.5414,-3.8999
-3.5414,-4.2201
-3.5414,-3.4818
-3.5414,-4.352
-3.5414,-3.6139
0.97488,0.94156
0.97488,1.0164
0.97488,1.526
0.97488,0.25488
0.97488,0.36851
-0.85568,-0.088782
-0.85568,-0.58316
-0.85568,-1.6817
-0.85568,-1.4984
-0.85568,-1.182
-0.85568,-0.29167
1.3727,1.8926
1.3727,2.1481
1.3727,2.0292
1.3727,1.3508
1.3727,0.5013
1.3727,0.62583
1.3727,1.0827
6.7012,7.6093
6.7012,6.5708
6.7012,6.8385
1.6306,1.4603
1.6306,0.86936
-3.8885,-4.6003
-3.8885,-4.3133
-3.8885,-3.8393
-3.8885,-3.2942
-3.8885,-4.2662
-3.8885,-3.3901
-3.8885,-3.7502
-3.8885,-3.2463
-3.8885,-3.0488
-3.8885,-3.6736
-3.8885,-3.0658
-3.8885,-3.5414
-3.8885,-4.2201
-3.8885,-3.6139
-3.8999,-4.3133
-3.8999,-3.8393
-3.8999,-3.0359
-3.8999,-3.7502
-3.8999,-4.2046
-3.8999,-3.3792
-3.8999,-4.7563
-3.8999,-4.6775
-3.8999,-3.5414
-3.8999,-3.4818
-3.8999,-4.352
-5.1497,-5.4363
-5.1497,-5.9638
-5.1497,-5.9005
-5.1497,-5.4644
-5.1497,-5.8001
-5.1497,-5.8004
-5.1497,-4.6206
-5.1497,-4.8932
-5.8001,-5.4363
-5.8001,-5.9638
-5.8001,-6.1795
-5.8001,-6.4204
-5.8001,-5.4644
-5.8001,-5.3215
-5.8001,-6.3637
-5.8001,-5.1497
-5.8001,-6.5277
1.3508,2.1481
1.3508,1.6407
1.3508,2.0292
1.3508,1.0995
1.3508,1.3727
1.3508,0.62583
-5.314,-4.6003
-5.314,-4.8588
-5.314,-4.7563
-5.314,-5.694
0.25488,-0.088782
0.25488,-0.58316
0.25488,0.092723
0.25488,0.94156
0.25488,0.97488
0.25488,0.36851
6.8385,5.8423
6.8385,6.7012
-5.5899,-5.4363
-5.5899,-5.9005
-5.5899,-5.9704
-5.5899,-5.8004
-5.5899,-6.2767
-5.5899,-4.8932
-2.2244,-2.9738
-2.2244,-1.4984
-6.5277,-5.9638
-6.5277,-6.1795
-6.5277,-6.4204
-6.5277,-7.0136
-6.5277,-5.8001
0.86936,0.67413
0.86936,1.6306
3.8599,2.9523
3.8599,4.0998
3.8599,4.065
-5.8004,-5.9638
-5.8004,-5.9005
-5.8004,-6.6277
-5.8004,-5.4644
-5.8004,-6.3637
-5.8004,-5.1497
-5.8004,-5.5899
-5.8004,-6.2767
-5.8004,-4.8932
-4.2201,-4.6003
-4.2201,-4.3133
-4.2201,-3.8393
-4.2201,-4.8588
-4.2201,-3.2942
-4.2201,-4.2662
-4.2201,-3.3901
-4.2201,-3.7502
-4.2201,-4.7563
-4.2201,-3.5414
-4.2201,-3.8885
-4.2201,-4.352
-4.2201,-3.6139
4.7962,5.436
4.7962,4.9537
-3.4818,-4.3133
-3.4818,-3.8393
-3.4818,-3.0359
-3.4818,-3.7502
-3.4818,-3.3792
-3.4818,-3.0658
-3.4818,-3.5414
-3.4818,-3.8999
-3.4818,-4.352
0.36851,0.73594
0.36851,-0.088782
0.36851,0.94156
0.36851,-0.29167
0.36851,0.66133
0.36851,0.12095
0.36851,0.97488
0.36851,0.25488
0.36851,-0.36279
4.9537,4.5223
4.9537,5.1625
4.9537,5.5845
4.9537,5.7669
4.9537,4.7962
-2.2704,-2.8638
-2.2704,-2.7282
-2.2704,-3.2463
-2.2704,-1.6075
-2.2704,-2.5667
-2.2704,-2.2932
-2.2704,-1.9402
-2.2704,-2.0844
-2.2704,-2.942
-2.2704,-1.5597
0.5013,1.3727
0.5013,1.0827
7.4168,6.8453
7.4168,7.0692
4.4913,3.6533
4.4913,4.7046
4.4913,5.2593
4.4913,5.3283
4.4913,5.4942
4.4913,4.2436
4.4913,4.7312
0.44117,0.67413
0.44117,0.73594
0.44117,0.73969
0.44117,0.66133
0.44117,0.12095
0.44117,1.418
0.44117,0.13946
-4.352,-4.3133
-4.352,-3.8393
-4.352,-4.8588
-4.352,-3.7502
-4.352,-4.2046
-4.352,-5.2705
-4.352,-4.7563
-4.352,-4.6775
-4.352,-3.5414
-4.352,-3.8999
-4.352,-4.2201
-4.352,-3.4818
-2.9221,-3.862
-4.6206,-5.4363
-4.6206,-5.4644
-4.6206,-5.1497
-2.0844,-2.8638
-2.0844,-2.7282
-2.0844,-2.2704
-2.0844,-1.5597
-6.7863,-7.6209
-6.7863,-6.6277
-6.7863,-5.9704
-6.7863,-6.2767
-4.5323,-4.5942
-4.5323,-5.0988
-4.5323,-5.1209
-4.5323,-3.862
-4.4327,-4.6003
-4.4327,-4.2662
-4.4327,-3.6736
-4.4327,-3.7842
-4.4327,-3.6139
6.4374,5.8413
6.4374,6.2451
6.4374,6.8453
6.4374,5.7787
5.6994,6.5708
5.6994,5.8423
5.6994,4.75
-0.97365,-0.65797
-0.97365,-0.039294
-0.97365,-1.3141
-0.97365,-1.6075
-0.97365,-1.9402
-6.34,-5.7031
-6.34,-5.9704
-0.36279,-0.088782
-0.36279,-1.182
-0.36279,-0.29167
-0.36279,-0.58789
-0.36279,0.12095
-0.36279,0.36851
1.418,0.73594
1.418,2.346
1.418,0.73969
1.418,0.66133
1.418,1.4603
1.418,1.526
1.418,0.44117
-0.3172,-0.58789
-0.3172,0.13946
-6.2767,-5.9005
-6.2767,-6.6277
-6.2767,-5.9704
-6.2767,-6.3637
-6.2767,-5.5899
-6.2767,-5.8004
-6.2767,-6.7863
-6.2767,-6.8048
-2.942,-3.2942
-2.942,-2.8638
-2.942,-2.7282
-2.942,-3.3901
-2.942,-3.2463
-2.942,-2.6563
-2.942,-3.0488
-2.942,-3.6736
-2.942,-3.0658
-2.942,-2.5667
-2.942,-2.2704
-2.942,-3.6139
-6.8048,-5.9638
-6.8048,-5.9005
-6.8048,-7.0781
-6.8048,-6.6277
-6.8048,-6.4204
-6.8048,-7.6263
-6.8048,-6.3637
-6.8048,-7.0136
-6.8048,-6.2767
0.13946,0.67413
0.13946,0.73969
0.13946,-0.58789
0.13946,0.12095
0.13946,0.44117
0.13946,-0.3172
5.2055,6.018
5.2055,5.5441
5.2055,4.9195
5.2055,4.8496
5.2055,5.922
0.62583,1.0995
0.62583,1.3727
0.62583,1.3508
-3.6139,-3.2942
-3.6139,-4.2662
-3.6139,-2.7282
-3.6139,-3.3901
-3.6139,-3.7502
-3.6139,-3.2463
-3.6139,-3.6736
-3.6139,-3.7842
-3.6139,-3.5414
-3.6139,-3.8885
-3.6139,-4.2201
-3.6139,-4.4327
-3.6139,-2.942
4.7312,4.0998
4.7312,4.7046
4.7312,5.5441
4.7312,5.3283
4.7312,4.8496
4.7312,5.4942
4.7312,5.3745
4.7312,4.4913
7.0692,7.7217
7.0692,7.028
7.0692,6.478
7.0692,6.8453
7.0692,7.4168
-4.8932,-5.4363
-4.8932,-5.4644
-4.8932,-5.1497
-4.8932,-5.5899
-4.8932,-5.8004
-3.862,-4.5942
-3.862,-2.9221
-3.862,-4.5323
-0.78978,-0.58316
-0.78978,0.092723
1.0827,1.8926
1.0827,1.3727
1.0827,0.5013
-6.5552,-6.8562
6.3359,7.2084
6.1147,6.4224
6.1147,5.2593
6.1147,5.3283
6.1147,5.4942
6.1147,6.0645
6.1147,6.3777
6.1147,5.7455
-1.5597,-1.0525
-1.5597,-1.6075
-1.5597,-2.2704
-1.5597,-2.0844
7.3235,7.2084
