-0.9026,-1.4284
-0.9026,-0.75566
-0.9026,-0.19355
-0.9026,-1.8245
-0.9026,-0.19904
-0.9026,-1.1432
-5.8147,-4.8781
-5.8147,-5.5248
-5.8147,-6.1674
-5.8147,-6.1473
-5.8147,-5.478
-5.8147,-6.6356
-5.8147,-4.8357
-5.8147,-5.2745
-4.6463,-5.2393
-4.6463,-4.9904
-4.6463,-5.478
-4.6463,-4.7645
-4.6463,-4.1466
-4.6463,-4.0082
-4.6463,-4.8357
-4.6463,-4.3442
-4.8781,-5.8147
-4.8781,-5.5248
-4.8781,-5.0527
-4.8781,-4.41
-4.8781,-4.7645
-4.8781,-4.3427
-4.8781,-4.0066
-4.8781,-4.8357
-4.8781,-5.2745
-4.8781,-4.8917
-1.4284,-0.9026
-1.4284,-2.3479
-1.4284,-1.8245
-1.4284,-1.1432
-3.7399,-4.4385
-3.7399,-3.1913
-3.7399,-3.2704
-3.7399,-4.0769
-3.7399,-3.2085
-3.7399,-2.8037
-3.7399,-3.8319
-3.7399,-4.39
-3.7399,-4.4816
-3.7399,-3.4335
-3.7399,-3.8365
-4.8708,-4.1167
-4.8708,-4.0896
-4.8708,-4.4816
-5.2393,-4.6463
-5.2393,-4.9904
-5.2393,-5.7034
-5.2393,-5.478
-5.2393,-4.7645
-5.2393,-5.9218
-5.2393,-4.8357
3.6249,2.9118
3.6249,3.8807
3.6249,4.2609
-2.5065,-2.2878
-2.5065,-3.2704
-2.5065,-1.6607
-2.5065,-2.8864
-2.5065,-2.1079
-2.5065,-3.2085
-2.5065,-2.8037
-2.5065,-2.3978
-2.5065,-1.8245
-2.5065,-3.4335
-2.5065,-2.5597
4.7085,3.8807
4.7085,4.7046
4.7085,4.2609
4.7085,5.3212
-4.9904,-4.6463
-4.9904,-5.2393
-4.9904,-5.7034
-4.9904,-5.2653
-4.9904,-4.3442
-5.5248,-5.8147
-5.5248,-4.8781
-5.5248,-5.0527
-5.5248,-5.4409
-5.5248,-6.1473
-5.5248,-5.9667
-5.5248,-5.2745
-5.5248,-4.8917
6.0158,5.3311
6.0158,6.4402
6.0158,5.7219
6.0158,6.5085
6.0158,6.9546
3.8717,4.1767
3.8717,4.5674
3.8717,3.3571
3.8717,3.9267
3.8717,3.6244
3.8717,4.398
2.9917,3.419
2.9917,2.9118
2.9917,2.2366
2.9917,3.5117
2.9917,2.5193
2.9917,3.0391
-5.0835,-4.4385
-5.0835,-4.0769
-5.0835,-4.9774
-5.0835,-4.4816
7.3285,6.5085
7.3285,6.9546
-2.2878,-2.5065
-2.2878,-1.6607
-2.2878,-2.8864
-2.2878,-2.1079
-2.2878,-2.8037
-2.2878,-2.3978
-2.2878,-1.8245
5.1149,4.1767
5.1149,5.7673
5.1149,4.5674
5.1149,5.6178
5.1149,4.8531
5.1149,5.0411
-3.536,-3.595
-3.536,-2.8302
-3.536,-4.1466
-3.536,-3.6782
-3.536,-4.0082
-5.0527,-4.8781
-5.0527,-5.5248
-5.0527,-5.4409
-5.0527,-4.3427
-5.0527,-5.9667
-5.0527,-4.6546
-5.0527,-5.2745
-5.0527,-4.8917
0.97601,1.1027
0.97601,0.12805
2.6771,2.0125
2.6771,2.1184
2.6771,3.2694
2.6771,2.0253
2.6771,2.695
2.6771,3.2249
1.2286,1.0683
1.2286,1.804
1.2286,0.47821
1.2286,1.4003
1.2286,0.57602
3.83,4.1767
-6.3341,-5.8317
1.0683,1.2286
1.0683,0.76443
1.0683,1.804
1.0683,0.31807
1.0683,1.8549
1.0683,0.47821
6.2224,5.6178
6.2224,6.0904
6.2224,5.9863
6.2224,5.5207
-4.4385,-3.7399
-4.4385,-5.0835
-4.4385,-4.0769
-4.4385,-3.8319
-4.4385,-4.9774
-4.4385,-4.39
-4.4385,-4.4816
-4.4385,-3.8365
-0.22202,0.23242
-0.22202,0.40621
-0.22202,-0.0087649
-0.22202,-0.84756
-0.22202,0.12805
-0.22202,-0.76919
3.419,2.9917
3.419,3.7337
3.419,3.5117
3.419,4.1015
3.419,2.5193
3.419,3.0391
6.7332,6.4402
6.7332,5.7567
6.7332,6.9546
4.1767,3.8717
4.1767,5.1149
4.1767,3.83
4.1767,4.5674
4.1767,3.3571
4.1767,4.8531
4.1767,4.398
-3.1913,-3.7399
-3.1913,-2.7394
-3.1913,-3.2704
-3.1913,-3.0412
-3.1913,-3.2085
-3.1913,-2.8037
-3.1913,-3.3879
-3.1913,-3.8365
-3.1913,-2.5597
-2.4181,-2.7394
-2.4181,-3.0412
-2.4181,-1.9894
-2.4181,-1.7594
2.3704,1.804
2.3704,2.5193
2.3704,1.8549
2.3704,3.0391
2.3704,3.2576
-2.7394,-3.1913
-2.7394,-2.4181
-2.7394,-3.0412
-2.7394,-3.2085
-2.7394,-1.9894
-2.7394,-3.3879
-2.7394,-2.1689
-2.7394,-2.5597
0.76443,1.0683
0.76443,0.31807
0.76443,-0.19904
-0.40564,0.3928
-0.40564,-0.0087649
-2.3479,-1.4284
-2.3479,-2.9993
-2.3479,-2.3978
-2.3479,-1.8245
-2.3479,-3.275
5.7673,5.1149
5.7673,5.6178
5.7673,6.1478
5.7673,6.531
5.7673,5.6135
-4.1072,-3.3879
-4.1072,-3.655
-4.1072,-4.39
-4.1072,-3.8365
-4.1072,-4.7798
2.9118,3.6249
2.9118,2.9917
2.9118,3.8807
2.9118,2.2366
2.9118,3.5117
7.6269,6.9546
3.8807,3.6249
3.8807,4.7085
3.8807,2.9118
3.8807,3.5117
3.8807,4.7046
3.8807,4.2012
1.5055,2.0125
1.5055,2.1184
1.5055,1.1027
1.5055,0.98667
1.5055,2.0253
1.5055,1.4759
-6.0748,-5.7034
-6.0748,-5.2653
-6.1674,-5.8147
-6.1674,-5.478
-6.1674,-6.6356
-6.1674,-5.9218
-6.1674,-6.6509
5.3311,6.0158
5.3311,5.7219
5.3311,4.811
-0.11967,-0.25547
-0.11967,0.31807
-0.11967,-0.75566
-0.11967,-0.19355
-0.11967,-0.53819
-0.11967,0.47821
-0.11967,0.57602
-4.41,-4.8781
-4.41,-4.7645
-4.41,-4.3427
-4.41,-4.1466
-4.41,-3.6782
-4.41,-4.0066
-4.41,-4.8357
-4.41,-5.2745
-0.25547,-0.11967
-0.25547,-1.1469
-0.25547,-0.53819
-0.25547,0.42317
-0.25547,-0.85385
-0.25547,0.57602
2.2263,2.0253
4.4762,3.9267
4.4762,5.1159
4.4762,5.0411
4.4762,4.3933
4.4762,3.6244
4.4762,4.398
4.4762,5.0048
4.5674,3.8717
4.5674,5.1149
4.5674,4.1767
4.5674,5.0411
4.5674,4.398
4.8608,5.3574
4.8608,4.3394
4.8608,4.0068
-5.7034,-5.2393
-5.7034,-4.9904
-5.7034,-6.0748
-5.7034,-5.9218
-3.2704,-3.7399
-3.2704,-2.5065
-3.2704,-3.1913
-3.2704,-2.8864
-3.2704,-4.0769
-3.2704,-3.2085
-3.2704,-2.8037
-3.2704,-3.8319
-3.2704,-3.4674
-3.2704,-3.4335
-3.2704,-2.5597
-2.9993,-2.3479
-2.9993,-2.8864
-2.9993,-2.3978
-2.9993,-3.4674
-2.9993,-3.4335
-2.9993,-3.275
5.3574,4.8608
5.3574,5.5227
5.3574,4.7245
-5.4409,-5.5248
-5.4409,-5.0527
-5.4409,-5.1388
-5.4409,-5.8317
-5.4409,-5.9667
-5.4409,-4.6546
-5.4409,-4.8917
2.2366,2.9917
2.2366,2.9118
2.2366,1.804
2.2366,2.5193
2.2366,1.4003
-5.2653,-4.9904
-5.2653,-6.0748
1.804,1.2286
1.804,1.0683
1.804,2.3704
1.804,2.2366
1.804,2.5193
1.804,1.8549
1.804,1.4003
-3.0412,-3.1913
-3.0412,-2.4181
-3.0412,-2.7394
-3.0412,-3.3879
-3.0412,-3.655
2.6337,2.0125
2.6337,3.3571
2.6337,2.2664
2.6337,1.8277
2.6337,2.695
0.31807,1.0683
0.31807,0.76443
0.31807,-0.11967
0.31807,-0.19355
0.31807,0.47821
0.31807,-0.19904
-6.1473,-5.8147
-6.1473,-5.5248
-6.1473,-6.6356
-6.1473,-5.9667
-6.1473,-6.7109
2.0125,2.6771
2.0125,1.5055
2.0125,2.6337
2.0125,2.1184
2.0125,1.8277
2.0125,1.2683
2.0125,2.695
2.0125,1.4759
3.8727,4.6851
3.8727,3.9267
3.8727,4.3933
3.8727,3.2694
3.8727,3.2249
-1.1469,-0.25547
-1.1469,-1.9894
-1.1469,-0.53819
-1.1469,-1.6126
-1.1469,-0.85385
-1.1469,-1.1892
-3.595,-3.536
-3.595,-2.9091
-3.595,-4.0106
-3.595,-4.0082
-3.595,-4.3442
-5.1388,-5.4409
-5.1388,-5.8317
-5.1388,-4.6546
4.6851,3.8727
4.6851,5.2992
4.6851,5.1159
4.6851,4.3933
-4.1167,-4.8708
-4.1167,-4.0896
-4.1167,-3.4674
-4.1167,-3.275
-1.6607,-2.5065
-1.6607,-2.2878
-1.6607,-0.75566
-1.6607,-2.1079
-1.6607,-1.6126
-1.6607,-1.8245
-1.6607,-1.1892
-1.6607,-1.1432
3.7337,3.419
3.7337,4.3394
3.7337,4.1015
3.7337,3.0391
3.7337,3.2576
3.7337,4.0068
3.5117,2.9917
3.5117,3.419
3.5117,2.9118
3.5117,3.8807
3.5117,4.1015
3.5117,4.2012
-0.75566,-0.9026
-0.75566,-0.11967
-0.75566,-1.6607
-0.75566,-0.19355
-0.75566,-0.53819
-0.75566,-1.1892
-0.75566,-1.1432
-2.8864,-2.5065
-2.8864,-2.2878
-2.8864,-3.2704
-2.8864,-2.9993
-2.8864,-2.8037
-2.8864,-3.8319
-2.8864,-2.3978
-2.8864,-3.4674
-2.8864,-3.4335
4.3394,4.8608
4.3394,3.7337
4.3394,4.1015
4.3394,4.7245
4.3394,4.0068
0.3928,-0.40564
0.3928,0.58063
0.3928,0.91005
0.58063,0.3928
0.58063,0.23242
0.58063,-0.0087649
0.58063,0.72685
0.58063,1.2683
0.58063,0.91005
3.3571,3.8717
3.3571,4.1767
3.3571,2.6337
3.3571,3.6244
-5.8317,-6.3341
-5.8317,-5.4409
-5.8317,-5.1388
-5.8317,-5.9667
-2.1079,-2.5065
-2.1079,-2.2878
-2.1079,-1.6607
-2.1079,-2.8037
-2.1079,-1.9894
-2.1079,-1.6126
-2.1079,-2.1689
-2.1079,-1.1892
-2.1079,-2.5597
2.2664,2.6337
2.2664,1.5879
2.2664,1.5396
2.2664,1.8277
-2.8302,-3.536
-2.8302,-2.9091
-2.8302,-1.919
5.6178,5.1149
5.6178,6.2224
5.6178,5.7673
5.6178,5.0411
5.6178,6.0904
5.6178,6.1478
5.6178,5.5207
5.6178,5.0048
4.7046,4.7085
4.7046,3.8807
4.7046,5.5227
4.7046,4.2012
4.7046,4.7245
-3.2057,-3.6782
-3.2057,-4.0066
-3.2057,-3.824
2.1184,2.6771
2.1184,1.5055
2.1184,2.0125
2.1184,2.0253
2.1184,2.695
2.1184,1.4759
3.9267,3.8717
3.9267,4.4762
3.9267,3.8727
3.9267,4.3933
3.9267,3.6244
3.9267,3.2249
3.9267,4.398
-4.0896,-4.8708
-4.0896,-4.1167
-4.0896,-4.0769
-4.0896,-3.8319
-4.0896,-3.4674
-4.0896,-4.4816
-4.0896,-3.4335
6.4402,6.0158
6.4402,6.7332
6.4402,5.7567
6.4402,6.9546
-4.0769,-3.7399
-4.0769,-5.0835
-4.0769,-4.4385
-4.0769,-3.2704
-4.0769,-4.0896
-4.0769,-3.2085
-4.0769,-3.8319
-4.0769,-4.39
-4.0769,-4.4816
-4.0769,-3.4335
-4.0769,-3.8365
4.8531,5.1149
4.8531,4.1767
4.8531,4.811
4.8531,5.6135
-3.2085,-3.7399
-3.2085,-2.5065
-3.2085,-3.1913
-3.2085,-2.7394
-3.2085,-3.2704
-3.2085,-4.0769
-3.2085,-2.8037
-3.2085,-3.8319
-3.2085,-3.3879
-3.2085,-3.4335
-3.2085,-3.8365
-3.2085,-2.5597
-0.19355,-0.9026
-0.19355,-0.11967
-0.19355,0.31807
-0.19355,-0.75566
-0.19355,0.47821
-0.19355,-0.19904
-0.19355,-1.1432
4.1015,3.419
4.1015,3.7337
4.1015,3.5117
4.1015,4.3394
4.1015,4.2012
4.1015,4.7245
0.23242,-0.22202
0.23242,0.58063
0.23242,0.40621
0.23242,-0.0087649
0.23242,0.98667
0.23242,0.72685
1.5879,2.2664
1.5879,1.5396
5.2992,4.6851
5.2992,5.1159
5.2992,5.9863
5.2992,5.9194
5.2992,5.5207
5.1159,4.4762
5.1159,4.6851
5.1159,5.2992
5.1159,4.3933
5.1159,5.9863
5.1159,5.5207
5.1159,5.0048
5.5227,5.3574
5.5227,4.7046
4.2609,3.6249
4.2609,4.7085
5.0411,5.1149
5.0411,4.4762
5.0411,4.5674
5.0411,5.6178
5.0411,4.398
5.0411,5.5207
5.0411,5.0048
6.0904,6.2224
6.0904,5.6178
6.0904,6.1478
6.0904,6.8522
6.0904,5.5207
-2.8037,-3.7399
-2.8037,-2.5065
-2.8037,-2.2878
-2.8037,-3.1913
-2.8037,-3.2704
-2.8037,-2.8864
-2.8037,-2.1079
-2.8037,-3.2085
-2.8037,-3.4335
-2.8037,-2.1689
-2.8037,-2.5597
-2.9091,-3.595
-2.9091,-2.8302
-1.9894,-2.4181
-1.9894,-2.7394
-1.9894,-1.1469
-1.9894,-2.1079
-1.9894,-1.6126
-1.9894,-2.1689
-1.9894,-2.5597
-1.9894,-1.7594
6.1478,5.7673
6.1478,5.6178
6.1478,6.0904
6.1478,6.531
6.1478,6.8522
-5.478,-5.8147
-5.478,-4.6463
-5.478,-5.2393
-5.478,-6.1674
-5.478,-4.7645
-5.478,-5.9218
-5.478,-4.8357
-5.478,-5.2745
0.40621,-0.22202
0.40621,0.23242
0.40621,1.1027
0.40621,0.98667
0.40621,0.72685
0.40621,0.12805
1.5396,2.2664
1.5396,1.5879
1.5396,1.8277
1.5396,1.2683
1.5396,0.91005
-0.53819,-0.11967
-0.53819,-0.25547
-0.53819,-1.1469
-0.53819,-0.75566
-0.53819,-1.1892
2.5193,2.9917
2.5193,3.419
2.5193,2.3704
2.5193,2.2366
2.5193,1.804
2.5193,3.0391
1.1027,0.97601
1.1027,1.5055
1.1027,0.40621
1.1027,0.98667
1.1027,2.0253
1.1027,0.12805
-1.6126,-1.1469
-1.6126,-1.6607
-1.6126,-2.1079
-1.6126,-1.9894
-1.6126,-2.1689
-1.6126,-1.1892
-1.6126,-2.5597
4.3933,4.4762
4.3933,3.8727
4.3933,4.6851
4.3933,3.9267
4.3933,5.1159
4.3933,5.0048
-4.7645,-4.6463
-4.7645,-4.8781
-4.7645,-5.2393
-4.7645,-4.41
-4.7645,-5.478
-4.7645,-4.1466
-4.7645,-4.0082
-4.7645,-4.8357
-4.7645,-5.2745
1.8549,1.0683
1.8549,2.3704
1.8549,1.804
-3.8319,-3.7399
-3.8319,-4.4385
-3.8319,-3.2704
-3.8319,-2.8864
-3.8319,-4.0896
-3.8319,-4.0769
-3.8319,-3.2085
-3.8319,-3.4674
-3.8319,-4.4816
-3.8319,-3.4335
6.531,5.7673
6.531,6.1478
6.531,6.5085
6.531,5.6135
-0.0087649,-0.22202
-0.0087649,-0.40564
-0.0087649,0.58063
-0.0087649,0.23242
-0.0087649,0.72685
-0.0087649,-0.84756
5.7219,6.0158
5.7219,5.3311
5.7219,4.811
5.7219,6.5085
5.7219,5.6135
6.7063,5.9194
-4.9774,-5.0835
-4.9774,-4.4385
-4.9774,-4.39
-4.9774,-4.7798
-3.3879,-3.1913
-3.3879,-2.7394
-3.3879,-4.1072
-3.3879,-3.0412
-3.3879,-3.2085
-3.3879,-3.655
-3.3879,-3.8365
4.811,5.3311
4.811,4.8531
4.811,5.7219
4.811,5.6135
0.42317,-0.25547
0.42317,0.57602
-6.6356,-5.8147
-6.6356,-6.1674
-6.6356,-6.1473
3.6244,3.8717
3.6244,4.4762
3.6244,3.3571
3.6244,3.9267
3.6244,2.695
3.6244,3.2249
3.6244,4.398
0.98667,1.5055
0.98667,0.23242
0.98667,0.40621
0.98667,1.1027
0.98667,0.72685
0.98667,1.2683
0.98667,1.4759
-3.655,-4.1072
-3.655,-3.0412
-3.655,-3.3879
6.8522,6.0904
6.8522,6.1478
3.0391,2.9917
3.0391,3.419
3.0391,2.3704
3.0391,3.7337
3.0391,2.5193
3.0391,3.2576
-2.3978,-2.5065
-2.3978,-2.2878
-2.3978,-2.3479
-2.3978,-2.9993
-2.3978,-2.8864
-2.3978,-1.8245
1.8277,2.6337
1.8277,2.0125
1.8277,2.2664
1.8277,1.5396
1.8277,1.2683
1.8277,1.4759
0.72685,0.58063
0.72685,0.23242
0.72685,0.40621
0.72685,-0.0087649
0.72685,0.98667
0.72685,1.2683
0.72685,1.4759
0.72685,0.91005
0.47821,1.2286
0.47821,1.0683
0.47821,-0.11967
0.47821,0.31807
0.47821,-0.19355
0.47821,0.57602
5.9863,6.2224
5.9863,5.2992
5.9863,5.1159
5.9863,5.9194
5.9863,5.5207
3.2694,2.6771
3.2694,3.8727
3.2694,3.2249
-1.8245,-0.9026
-1.8245,-1.4284
-1.8245,-2.5065
-1.8245,-2.2878
-1.8245,-2.3479
-1.8245,-1.6607
-1.8245,-2.3978
-1.8245,-1.1432
-3.4674,-3.2704
-3.4674,-2.9993
-3.4674,-4.1167
-3.4674,-2.8864
-3.4674,-4.0896
-3.4674,-3.8319
-3.4674,-3.4335
-3.4674,-3.275
-4.3427,-4.8781
-4.3427,-5.0527
-4.3427,-4.41
-4.3427,-4.0066
-4.3427,-4.6546
-4.3427,-4.8917
-4.3427,-3.824
-5.9667,-5.5248
-5.9667,-5.0527
-5.9667,-5.4409
-5.9667,-6.1473
-5.9667,-5.8317
-5.9667,-6.7109
1.4003,1.2286
1.4003,2.2366
1.4003,1.804
1.4003,0.57602
-4.39,-3.7399
-4.39,-4.4385
-4.39,-4.1072
-4.39,-4.0769
-4.39,-4.9774
-4.39,-3.8365
-4.39,-4.7798
1.2683,2.0125
1.2683,0.58063
1.2683,1.5396
1.2683,0.98667
1.2683,1.8277
1.2683,0.72685
1.2683,1.4759
1.2683,0.91005
5.9194,5.2992
5.9194,6.7063
5.9194,5.9863
-4.1466,-4.6463
-4.1466,-3.536
-4.1466,-4.41
-4.1466,-4.7645
-4.1466,-3.6782
-4.1466,-4.0066
-4.1466,-4.0082
-4.1466,-4.8357
-3.6782,-3.536
-3.6782,-4.41
-3.6782,-3.2057
-3.6782,-4.1466
-3.6782,-4.0066
-6.7109,-6.1473
-6.7109,-5.9667
2.0253,2.6771
2.0253,1.5055
2.0253,2.2263
2.0253,2.1184
2.0253,1.1027
2.695,2.6771
2.695,2.6337
2.695,2.0125
2.695,2.1184
2.695,3.6244
2.695,3.2249
-4.0066,-4.8781
-4.0066,-4.41
-4.0066,-3.2057
-4.0066,-4.3427
-4.0066,-4.1466
-4.0066,-3.6782
-4.0066,-3.824
-4.4816,-3.7399
-4.4816,-4.8708
-4.4816,-5.0835
-4.4816,-4.4385
-4.4816,-4.0896
-4.4816,-4.0769
-4.4816,-3.8319
3.2576,2.3704
3.2576,3.7337
3.2576,3.0391
3.2576,4.0068
-3.4335,-3.7399
-3.4335,-2.5065
-3.4335,-3.2704
-3.4335,-2.9993
-3.4335,-2.8864
-3.4335,-4.0896
-3.4335,-4.0769
-3.4335,-3.2085
-3.4335,-2.8037
-3.4335,-3.8319
-3.4335,-3.4674
3.2249,2.6771
3.2249,3.8727
3.2249,3.9267
3.2249,3.6244
3.2249,3.2694
3.2249,2.695
4.2012,3.8807
4.2012,3.5117
4.2012,4.7046
4.2012,4.1015
4.2012,4.7245
-2.1689,-2.7394
-2.1689,-2.1079
-2.1689,-2.8037
-2.1689,-1.9894
-2.1689,-1.6126
-2.1689,-2.5597
-2.1689,-1.7594
-0.19904,-0.9026
-0.19904,0.76443
-0.19904,0.31807
-0.19904,-0.19355
4.7245,5.3574
4.7245,4.3394
4.7245,4.7046
4.7245,4.1015
4.7245,4.2012
4.398,3.8717
4.398,4.1767
4.398,4.4762
4.398,4.5674
4.398,3.9267
4.398,5.0411
4.398,3.6244
4.398,5.0048
-0.84756,-0.22202
-0.84756,-0.0087649
-0.84756,-0.76919
-3.275,-2.3479
-3.275,-2.9993
-3.275,-4.1167
-3.275,-3.4674
-4.0106,-3.595
-4.0106,-4.3442
-4.6546,-5.0527
-4.6546,-5.4409
-4.6546,-5.1388
-4.6546,-4.3427
-4.6546,-4.8917
-4.6546,-3.824
-0.85385,-0.25547
-0.85385,-1.1469
-0.85385,-1.7594
-5.9218,-5.2393
-5.9218,-6.1674
-5.9218,-5.7034
-5.9218,-5.478
-5.9218,-6.6509
-4.0082,-4.6463
-4.0082,-3.536
-4.0082,-3.595
-4.0082,-4.7645
-4.0082,-4.1466
-4.0082,-4.3442
-3.8365,-3.7399
-3.8365,-4.4385
-3.8365,-3.1913
-3.8365,-4.1072
-3.8365,-4.0769
-3.8365,-3.2085
-3.8365,-3.3879
-3.8365,-4.39
5.3212,4.7085
5.5207,6.2224
5.5207,5.6178
5.5207,5.2992
5.5207,5.1159
5.5207,5.0411
5.5207,6.0904
5.5207,5.9863
5.5207,5.0048
-1.1892,-1.1469
-1.1892,-1.6607
-1.1892,-0.75566
-1.1892,-2.1079
-1.1892,-0.53819
-1.1892,-1.6126
-1.1892,-1.1432
-6.6509,-6.1674
-6.6509,-5.9218
1.4759,1.5055
1.4759,2.0125
1.4759,2.1184
1.4759,0.98667
1.4759,1.8277
1.4759,0.72685
1.4759,1.2683
0.12805,0.97601
0.12805,-0.22202
0.12805,0.40621
0.12805,1.1027
0.12805,-0.76919
-0.76919,-0.22202
-0.76919,-0.84756
-0.76919,0.12805
-4.8357,-5.8147
-4.8357,-4.6463
-4.8357,-4.8781
-4.8357,-5.2393
-4.8357,-4.41
-4.8357,-5.478
-4.8357,-4.7645
-4.8357,-4.1466
-4.8357,-5.2745
-2.5597,-2.5065
-2.5597,-3.1913
-2.5597,-2.7394
-2.5597,-3.2704
-2.5597,-2.1079
-2.5597,-3.2085
-2.5597,-2.8037
-2.5597,-1.9894
-2.5597,-1.6126
-2.5597,-2.1689
-5.2745,-5.8147
-5.2745,-4.8781
-5.2745,-5.5248
-5.2745,-5.0527
-5.2745,-4.41
-5.2745,-5.478
-5.2745,-4.7645
-5.2745,-4.8357
-1.919,-2.8302
6.5085,6.0158
6.5085,7.3285
6.5085,6.531
6.5085,5.7219
0.91005,0.3928
0.91005,0.58063
0.91005,1.5396
0.91005,0.72685
0.91005,1.2683
-1.1432,-0.9026
-1.1432,-1.4284
-1.1432,-1.6607
-1.1432,-0.75566
-1.1432,-0.19355
-1.1432,-1.8245
-1.1432,-1.1892
5.6135,5.7673
5.6135,4.8531
5.6135,6.531
5.6135,5.7219
5.6135,4.811
4.0068,4.8608
4.0068,3.7337
4.0068,4.3394
4.0068,3.2576
-4.8917,-4.8781
-4.8917,-5.5248
-4.8917,-5.0527
-4.8917,-5.4409
-4.8917,-4.3427
-4.8917,-4.6546
-4.3442,-4.6463
-4.3442,-4.9904
-4.3442,-3.595
-4.3442,-4.0106
-4.3442,-4.0082
-3.824,-3.2057
-3.824,-4.3427
-3.824,-4.0066
-3.824,-4.6546
0.57602,1.2286
0.57602,-0.11967
0.57602,-0.25547
0.57602,0.42317
0.57602,0.47821
0.57602,1.4003
-4.7798,-4.1072
-4.7798,-4.9774
-4.7798,-4.39
5.7567,6.7332
5.7567,6.4402
5.0048,4.4762
5.0048,5.6178
5.0048,5.1159
5.0048,5.0411
5.0048,4.3933
5.0048,4.398
5.0048,5.5207
-1.7594,-2.4181
-1.7594,-1.9894
-1.7594,-2.1689
-1.7594,-0.85385
6.9546,6.0158
6.9546,7.3285
6.9546,6.7332
6.9546,7.6269
6.9546,6.4402
