-0.75007,-0.86657
-0.75007,-0.89231
-0.75007,-0.16709
-0.75007,0.23455
-0.75007,-0.87466
-0.75007,-0.26043
-0.75007,-0.063464
-0.75007,-0.97042
-5.6765,-5.4985
-5.6765,-4.8352
-5.6765,-5.5797
-5.6765,-6.1799
-5.6765,-5.7761
-5.6765,-4.7124
-5.6765,-4.9866
-5.6765,-6.2322
-5.6765,-6.2966
-5.6765,-5.2802
-4.5126,-3.9516
-4.5126,-5.4096
-4.5126,-4.8352
-4.5126,-4.6321
-4.5126,-5.2362
-4.5126,-4.0955
-4.5126,-4.8259
-4.5126,-3.6829
-4.5126,-4.7461
-4.5126,-4.4188
-5.4985,-5.6765
-5.4985,-4.8352
-5.4985,-4.6321
-5.4985,-5.5797
-5.4985,-5.2362
-5.4985,-5.7761
-5.4985,-4.7124
-5.4985,-4.9866
-5.4985,-4.8259
-5.4985,-6.2322
-5.4985,-4.7461
-5.4985,-6.2966
-5.4985,-5.2802
1.9113,1.3267
1.9113,2.7058
1.9113,2.0435
1.9113,1.5612
1.9113,2.2507
-4.7363,-3.8359
-4.7363,-4.4024
-4.7363,-3.8841
-2.9603,-3.673
-2.9603,-2.7812
-2.9603,-2.9546
-2.9603,-3.8359
-3.9516,-4.5126
-3.9516,-2.9955
-3.9516,-4.8352
-3.9516,-4.6321
-3.9516,-4.3169
-3.9516,-4.0955
-3.9516,-3.6372
-3.9516,-4.8259
-3.9516,-3.6829
-3.9516,-4.7461
-3.9516,-4.0145
3.5728,3.0363
3.5728,4.1998
3.5728,4.0017
3.5728,3.6957
3.5728,3.4036
-2.3689,-2.9911
-2.3689,-2.7812
-2.3689,-1.5999
-2.3689,-1.778
-2.3689,-2.9546
-2.3689,-2.0827
-2.3689,-2.6688
-2.3689,-2.9896
-2.3689,-2.2701
3.6096,3.0477
3.6096,3.9242
3.6096,3.7997
3.6096,2.7058
3.6096,4.0626
-5.4096,-4.5126
-5.4096,-5.5797
-5.4096,-5.2362
-5.4096,-5.2278
-5.4096,-5.6841
-2.9955,-3.9516
-2.9955,-2.8462
-2.9955,-2.4109
-2.9955,-2.7058
-2.9955,-3.6372
-2.9955,-3.2763
-2.9955,-3.6829
6.3193,6.7951
6.3193,6.8388
6.3193,6.1843
6.3193,7.0539
6.3193,5.4851
6.3193,7.3169
6.3193,6.3739
6.3193,5.4533
6.3193,6.1092
4.6725,4.4177
4.6725,4.6144
4.6725,4.5393
4.6725,5.0371
4.6725,5.3978
4.6725,4.9066
4.6725,4.4025
4.6725,5.503
4.6725,5.443
4.7186,3.9242
4.7186,3.7997
4.7186,4.0626
4.7186,4.6797
4.7186,3.9486
4.7186,4.9712
-3.673,-2.9603
-3.673,-3.9201
-3.673,-2.7812
-3.673,-2.9546
-3.673,-3.8359
-3.673,-3.3879
-3.673,-2.9896
-3.673,-3.8841
5.7819,5.2837
5.7819,4.9712
-3.9201,-3.673
-3.9201,-2.9911
-3.9201,-3.4488
-3.9201,-3.6426
-3.9201,-3.8359
-3.9201,-3.6632
-3.9201,-3.3879
-3.9201,-2.9896
-3.9201,-4.4024
-3.9201,-3.8841
-3.9201,-4.4217
6.7951,6.3193
6.7951,6.1843
6.7951,7.3169
6.7951,6.2305
6.7951,6.4713
6.7951,6.3739
-2.0072,-1.8843
-2.0072,-1.7634
-2.0072,-1.8507
-2.0072,-2.3034
-2.0072,-1.2485
-2.0072,-1.4839
-2.0072,-1.1275
-2.0072,-1.6868
-2.0072,-1.832
-2.0072,-2.2677
-2.0072,-2.5547
-2.0072,-1.6227
-2.0072,-1.1359
-4.8352,-5.6765
-4.8352,-4.5126
-4.8352,-5.4985
-4.8352,-3.9516
-4.8352,-4.6321
-4.8352,-5.5797
-4.8352,-5.2362
-4.8352,-4.3169
-4.8352,-4.7124
-4.8352,-4.9866
-4.8352,-4.8259
-4.8352,-4.7461
-4.8352,-5.2802
-4.8352,-4.0145
-1.8843,-2.0072
-1.8843,-1.7634
-1.8843,-2.3034
-1.8843,-1.2485
-1.8843,-1.4839
-1.8843,-1.6868
-1.8843,-1.6227
-1.8843,-2.7465
3.6888,4.0762
3.6888,3.4547
3.6888,4.4879
3.6888,3.8721
2.1563,3.0363
2.1563,1.3267
2.1563,2.0435
2.1563,3.0794
2.1563,2.2507
4.4177,4.6725
4.4177,4.6144
4.4177,4.5393
4.4177,5.0371
4.4177,5.3978
4.4177,4.4025
-4.9275,-4.4042
-4.9275,-5.1615
-4.9275,-4.7124
-4.9275,-4.9866
-4.9275,-5.2802
3.0477,3.6096
3.0477,3.9242
3.0477,3.7997
3.0477,2.7058
3.0477,3.0794
3.0477,2.2507
3.0477,3.9486
6.5221,5.6895
6.5221,6.6268
6.5221,5.5691
-2.9911,-2.3689
-2.9911,-3.9201
-2.9911,-2.8865
-2.9911,-3.4488
-2.9911,-3.6426
-2.9911,-2.9546
-2.9911,-3.6632
-2.9911,-2.0827
-2.9911,-2.6688
-2.9911,-3.3879
-2.9911,-2.4152
-2.9911,-2.9896
-2.9911,-2.2701
-1.7634,-2.0072
-1.7634,-1.8843
-1.7634,-0.87101
-1.7634,-1.5884
-1.7634,-2.3034
-1.7634,-1.2485
-1.7634,-1.6868
-1.7634,-1.6227
-1.7634,-2.7465
3.9242,3.6096
3.9242,4.7186
3.9242,3.0477
3.9242,3.7997
3.9242,4.1998
3.9242,4.6797
3.9242,3.0794
3.9242,3.4036
3.9242,3.9486
6.8388,6.3193
6.8388,7.0539
6.8388,7.5185
6.8388,7.3169
6.8388,7.7642
6.8388,6.1092
6.8388,6.7305
5.7581,6.1843
5.7581,5.4851
5.7581,6.2125
5.7581,5.0371
5.7581,6.2305
5.7581,6.4713
5.7581,5.3978
5.7581,6.3739
5.7581,5.1864
5.7581,5.4533
5.7581,5.503
5.7581,5.4439
-2.8865,-2.9911
-2.8865,-3.4488
-2.8865,-3.6426
-2.8865,-2.7873
-2.8865,-3.6632
-2.8865,-2.0827
-2.8865,-2.6688
-2.8865,-3.2208
-2.8865,-2.4152
-2.8865,-2.9896
-2.8865,-3.6163
-2.8865,-2.2512
-2.1929,-2.7873
-2.1929,-2.4152
-2.1929,-2.2512
-2.1929,-1.5201
3.7997,3.6096
3.7997,4.7186
3.7997,3.0477
3.7997,3.9242
3.7997,4.1998
3.7997,4.0626
3.7997,3.0794
3.7997,3.4036
3.7997,3.9486
-4.5523,-3.6426
-4.5523,-3.6632
-4.5523,-3.6163
-4.5523,-4.4217
0.71899,0.30226
0.71899,1.5612
0.71899,0.52092
0.71899,0.77089
-1.6726,-1.8507
-1.6726,-0.79316
-1.6726,-1.4839
-1.6726,-1.1275
-1.6726,-2.4109
-1.6726,-1.832
-1.6726,-2.2677
-1.6726,-1.7734
-1.6726,-0.80975
-1.6726,-1.8951
-2.8462,-2.9955
-2.8462,-1.8507
-2.8462,-2.3034
-2.8462,-3.3116
-2.8462,-2.7058
-2.8462,-2.2677
-2.8462,-3.6372
-2.8462,-2.5547
-2.8462,-3.6829
-2.8462,-3.4203
6.1843,6.3193
6.1843,6.7951
6.1843,5.7581
6.1843,5.4851
6.1843,6.2125
6.1843,6.2305
6.1843,6.4713
6.1843,6.3739
6.1843,5.4533
6.1843,5.503
6.1843,5.4439
3.0363,3.5728
3.0363,2.1563
3.0363,3.0794
3.0363,3.4036
7.0539,6.3193
7.0539,6.8388
7.0539,7.3169
7.0539,7.7642
7.0539,6.1092
7.0539,6.7305
4.1998,3.5728
4.1998,3.9242
4.1998,3.7997
4.1998,4.0017
4.1998,4.6797
4.1998,3.4036
4.1998,3.9486
4.1998,4.7298
4.0762,3.6888
4.0762,3.4547
-4.6321,-4.5126
-4.6321,-5.4985
-4.6321,-3.9516
-4.6321,-4.8352
-4.6321,-5.5797
-4.6321,-5.2362
-4.6321,-4.3169
-4.6321,-4.0955
-4.6321,-4.7124
-4.6321,-4.9866
-4.6321,-4.8259
-4.6321,-3.6829
-4.6321,-4.7461
-4.6321,-4.0145
-7.0654,-6.2322
-7.0654,-6.2966
5.4851,6.3193
5.4851,5.7581
5.4851,6.1843
5.4851,4.6023
5.4851,5.0371
5.4851,6.3739
5.4851,5.1864
5.4851,5.4533
5.4851,5.1687
5.4851,5.4439
5.4851,6.1092
-0.86657,-0.75007
-0.86657,-0.89231
-0.86657,-0.16709
-0.86657,-1.778
-0.86657,-1.7747
-0.86657,-0.87466
-0.86657,-0.063464
-0.86657,-1.2369
-0.86657,-0.97042
-0.86657,-0.37331
-0.86657,-1.5201
-5.5797,-5.6765
-5.5797,-5.4985
-5.5797,-5.4096
-5.5797,-4.8352
-5.5797,-4.6321
-5.5797,-5.2362
-5.5797,-5.6841
-5.5797,-4.8259
-5.5797,-6.2322
-5.5797,-4.7461
-5.5797,-6.2966
0.78826,-0.16709
0.78826,0.23455
0.78826,1.086
3.4547,3.6888
3.4547,4.0762
3.4547,3.8721
4.6144,4.6725
4.6144,4.4177
4.6144,4.6023
4.6144,4.5393
4.6144,5.0371
4.6144,5.3978
4.6144,4.4025
4.6144,5.503
4.6144,5.443
6.2125,5.7581
6.2125,6.1843
6.2125,5.6605
6.2125,6.2305
6.2125,6.4735
6.2125,6.4713
6.2125,5.3978
6.2125,5.503
6.2125,5.443
7.5185,6.8388
7.5185,7.7642
7.5185,6.7305
-5.2362,-4.5126
-5.2362,-5.4985
-5.2362,-5.4096
-5.2362,-4.8352
-5.2362,-4.6321
-5.2362,-5.5797
-5.2362,-5.6841
-5.2362,-4.8259
-5.2362,-4.7461
-5.2362,-4.4188
-3.4488,-3.9201
-3.4488,-2.9911
-3.4488,-2.8865
-3.4488,-3.6426
-3.4488,-2.9546
-3.4488,-3.6632
-3.4488,-2.6688
-3.4488,-3.3879
-3.4488,-2.9896
-3.4488,-3.6163
-3.4488,-4.4024
-3.4488,-3.8841
-3.4488,-4.4217
-2.7812,-2.9603
-2.7812,-2.3689
-2.7812,-3.673
-2.7812,-2.9546
-2.7812,-2.9896
-2.7812,-2.2701
5.2837,5.7819
5.2837,4.6797
5.2837,4.7298
5.2837,4.6462
-4.4042,-4.9275
-4.4042,-5.1615
-4.4042,-3.9345
-4.4042,-4.3169
-4.4042,-4.7124
-4.4042,-4.9866
-4.4042,-3.8731
-4.4042,-5.2802
-4.4042,-4.0145
0.30226,0.71899
0.30226,-0.16709
0.30226,0.23455
0.30226,-0.26043
0.30226,1.086
0.30226,-0.063464
0.30226,0.52092
0.30226,0.77089
-5.2278,-5.4096
-5.2278,-4.4188
1.3267,1.9113
1.3267,2.1563
1.3267,2.0435
1.3267,1.5612
1.3267,2.2507
1.3267,1.086
1.3267,0.77089
-3.6426,-3.9201
-3.6426,-2.9911
-3.6426,-2.8865
-3.6426,-4.5523
-3.6426,-3.4488
-3.6426,-2.7873
-3.6426,-3.6632
-3.6426,-2.6688
-3.6426,-3.3879
-3.6426,-3.6163
-3.6426,-4.4217
-0.87101,-1.7634
-0.87101,-0.66162
-0.87101,-1.2485
-0.87101,-1.4839
-0.87101,-1.1275
-0.87101,-1.6868
-0.87101,-0.16205
-0.87101,-1.6227
-0.87101,-1.1359
-0.89231,-0.75007
-0.89231,-0.86657
-0.89231,-1.5999
-0.89231,-1.778
-0.89231,-0.4564
-0.89231,-0.87466
-0.89231,-0.26043
-0.89231,-0.063464
-0.89231,-0.97042
-0.89231,-1.2267
-6.1799,-5.6765
-6.1799,-5.7761
-6.1799,-5.2802
4.9858,4.5764
4.9858,4.4879
4.9858,5.5691
4.9858,4.2321
5.6895,6.5221
5.6895,5.7258
5.6895,6.6268
5.6895,5.5691
5.6895,4.8175
-0.16709,-0.75007
-0.16709,-0.86657
-0.16709,0.78826
-0.16709,0.30226
-0.16709,0.23455
-0.16709,-0.87466
-0.16709,-0.063464
-0.16709,-0.37331
-1.5884,-1.7634
-1.5884,-1.6227
-5.1615,-4.9275
-5.1615,-4.4042
-5.1615,-5.7761
-5.1615,-4.7124
-5.1615,-4.9866
-5.1615,-5.2802
5.7258,5.6895
5.7258,6.6268
-3.9345,-4.4042
-3.9345,-4.3169
-3.9345,-3.6372
-3.9345,-4.7124
-3.9345,-3.8731
-3.9345,-3.2763
-3.9345,-4.0145
-1.5999,-2.3689
-1.5999,-0.89231
-1.5999,-1.778
-1.5999,-2.0827
-1.5999,-1.7747
-1.5999,-2.2701
-1.5999,-0.97042
-1.5999,-1.2267
2.7058,1.9113
2.7058,3.6096
2.7058,3.0477
2.7058,2.0435
2.7058,3.0794
2.7058,2.2507
0.23455,-0.75007
0.23455,0.78826
0.23455,0.30226
0.23455,-0.16709
0.23455,-0.26043
0.23455,1.086
0.23455,-0.063464
2.0435,1.9113
2.0435,2.1563
2.0435,1.3267
2.0435,2.7058
2.0435,1.5612
2.0435,2.2507
2.0435,1.086
-2.7873,-2.8865
-2.7873,-2.1929
-2.7873,-3.6426
-2.7873,-3.6632
-2.7873,-2.6688
-2.7873,-3.2208
-2.7873,-2.4152
-2.7873,-3.6163
-2.7873,-2.2512
4.5861,4.0017
4.5861,3.6957
4.5861,4.7298
4.5861,4.6462
-1.8507,-2.0072
-1.8507,-1.6726
-1.8507,-2.8462
-1.8507,-2.3034
-1.8507,-1.4839
-1.8507,-1.1275
-1.8507,-2.7058
-1.8507,-1.832
-1.8507,-2.2677
-1.8507,-1.7734
-1.8507,-2.5547
-1.8507,-1.1359
-1.8507,-1.8951
-2.3034,-2.0072
-2.3034,-1.8843
-2.3034,-1.7634
-2.3034,-2.8462
-2.3034,-1.8507
-2.3034,-1.4839
-2.3034,-3.3116
-2.3034,-1.6868
-2.3034,-2.2677
-2.3034,-2.5547
-2.3034,-2.7465
4.6023,5.4851
4.6023,4.6144
4.6023,5.0371
4.6023,5.1864
4.6023,5.4533
4.6023,5.1687
4.6023,4.4025
4.6023,5.4439
-4.3169,-3.9516
-4.3169,-4.8352
-4.3169,-4.6321
-4.3169,-4.4042
-4.3169,-3.9345
-4.3169,-3.6372
-4.3169,-4.7124
-4.3169,-4.9866
-4.3169,-3.8731
-4.3169,-4.8259
-4.3169,-4.7461
-4.3169,-5.2802
-4.3169,-4.0145
-1.778,-2.3689
-1.778,-0.86657
-1.778,-0.89231
-1.778,-1.5999
-1.778,-2.0827
-1.778,-2.6688
-1.778,-1.7747
-1.778,-0.87466
-1.778,-2.4152
-1.778,-2.2701
-1.778,-0.97042
-1.778,-1.5201
-0.79316,-1.6726
-0.79316,-1.1275
-0.79316,-1.7734
-0.79316,-0.26066
-0.79316,-0.80975
-0.66162,-0.87101
-0.66162,-1.2485
-0.66162,-1.6227
5.6605,6.2125
5.6605,6.2305
5.6605,6.4735
5.6605,5.3978
5.6605,4.9066
5.6605,5.503
5.6605,5.443
4.0017,3.5728
4.0017,4.1998
4.0017,4.5861
4.0017,4.6797
4.0017,3.6957
4.0017,3.4036
4.0017,4.7298
4.0017,4.6462
-1.2485,-2.0072
-1.2485,-1.8843
-1.2485,-1.7634
-1.2485,-0.87101
-1.2485,-0.66162
-1.2485,-1.4839
-1.2485,-1.1275
-1.2485,-1.6868
-1.2485,-1.6227
-1.2485,-0.80975
-1.2485,-1.1359
-1.4839,-2.0072
-1.4839,-1.8843
-1.4839,-1.6726
-1.4839,-0.87101
-1.4839,-1.8507
-1.4839,-2.3034
-1.4839,-1.2485
-1.4839,-1.1275
-1.4839,-1.6868
-1.4839,-1.832
-1.4839,-2.2677
-1.4839,-0.80975
-1.4839,-1.1359
-1.4839,-1.8951
4.5393,4.6725
4.5393,4.4177
4.5393,4.6144
4.5393,5.3978
4.5393,4.9066
4.5393,5.443
-2.9546,-2.9603
-2.9546,-2.3689
-2.9546,-3.673
-2.9546,-2.9911
-2.9546,-3.4488
-2.9546,-2.7812
-2.9546,-3.8359
-2.9546,-3.3879
-2.9546,-2.9896
-2.9546,-2.2701
-2.9546,-3.8841
7.3169,6.3193
7.3169,6.7951
7.3169,6.8388
7.3169,7.0539
7.3169,7.7642
-3.8359,-4.7363
-3.8359,-2.9603
-3.8359,-3.673
-3.8359,-3.9201
-3.8359,-2.9546
-3.8359,-3.3879
-3.8359,-4.18
-3.8359,-3.8841
5.0371,4.6725
5.0371,4.4177
5.0371,5.7581
5.0371,5.4851
5.0371,4.6144
5.0371,4.6023
5.0371,5.3978
5.0371,5.1864
5.0371,5.4533
5.0371,4.4025
5.0371,5.503
5.0371,5.4439
-3.6632,-3.9201
-3.6632,-2.9911
-3.6632,-2.8865
-3.6632,-4.5523
-3.6632,-3.4488
-3.6632,-3.6426
-3.6632,-2.7873
-3.6632,-3.2208
-3.6632,-3.6163
-3.6632,-4.4217
1.5612,1.9113
1.5612,0.71899
1.5612,1.3267
1.5612,2.0435
1.5612,1.086
1.5612,0.77089
4.0626,3.6096
4.0626,4.7186
4.0626,3.7997
-1.1275,-2.0072
-1.1275,-1.6726
-1.1275,-0.87101
-1.1275,-1.8507
-1.1275,-0.79316
-1.1275,-1.2485
-1.1275,-1.4839
-1.1275,-1.832
-1.1275,-1.7734
-1.1275,-0.26066
-1.1275,-0.80975
-1.1275,-1.1359
-1.1275,-0.2161
-1.1275,-1.8951
-2.4109,-2.9955
-2.4109,-1.6726
-2.4109,-2.7058
-2.4109,-1.832
-2.4109,-1.7734
-2.4109,-3.2763
-2.4109,-1.8951
6.6268,6.5221
6.6268,5.6895
6.6268,5.7258
6.6268,7.5357
6.6268,6.8608
4.5764,4.9858
4.5764,4.4879
4.5764,5.5691
4.5764,4.2321
4.5764,3.9561
4.5764,4.8175
4.5764,3.8721
4.6797,4.7186
4.6797,3.9242
4.6797,4.1998
4.6797,5.2837
4.6797,4.0017
4.6797,3.9486
4.6797,4.9712
4.6797,4.7298
3.6957,3.5728
3.6957,4.5861
3.6957,4.0017
3.6957,4.6462
6.2305,6.7951
6.2305,5.7581
6.2305,6.1843
6.2305,6.2125
6.2305,5.6605
6.2305,6.4735
6.2305,6.4713
6.2305,5.3978
6.2305,5.503
6.2305,5.4439
6.2305,5.443
6.4735,6.2125
6.4735,5.6605
6.4735,6.2305
6.4735,6.4713
-2.0827,-2.3689
-2.0827,-2.9911
-2.0827,-2.8865
-2.0827,-1.5999
-2.0827,-1.778
-2.0827,-2.6688
-2.0827,-1.7747
-2.0827,-2.4152
-2.0827,-2.2701
-2.0827,-1.5201
-3.3116,-2.8462
-3.3116,-2.3034
-3.3116,-4.0955
-3.3116,-2.5547
-3.3116,-3.6829
-3.3116,-3.4203
-2.6688,-2.3689
-2.6688,-2.9911
-2.6688,-2.8865
-2.6688,-3.4488
-2.6688,-3.6426
-2.6688,-2.7873
-2.6688,-1.778
-2.6688,-2.0827
-2.6688,-1.7747
-2.6688,-3.3879
-2.6688,-2.4152
-2.6688,-2.9896
-2.6688,-2.2701
6.4713,6.7951
6.4713,5.7581
6.4713,6.1843
6.4713,6.2125
6.4713,6.2305
6.4713,6.4735
6.4713,5.503
-5.6841,-5.4096
-5.6841,-5.5797
-5.6841,-5.2362
-5.6841,-6.2322
-5.6841,-6.2966
-1.6868,-2.0072
-1.6868,-1.8843
-1.6868,-1.7634
-1.6868,-0.87101
-1.6868,-2.3034
-1.6868,-1.2485
-1.6868,-1.4839
-1.6868,-1.6227
-1.6868,-1.1359
-2.7058,-2.9955
-2.7058,-2.8462
-2.7058,-1.8507
-2.7058,-2.4109
-2.7058,-1.832
-2.7058,-2.2677
-2.7058,-1.7734
-2.7058,-3.6372
-2.7058,-2.5547
-2.7058,-3.2763
-2.7058,-1.8951
-0.4564,-0.89231
-0.4564,-0.26043
-0.4564,-0.063464
-0.4564,0.52092
-0.4564,-1.2267
3.0794,2.1563
3.0794,3.0477
3.0794,3.9242
3.0794,3.7997
3.0794,3.0363
3.0794,2.7058
3.0794,2.2507
3.0794,3.4036
3.0794,3.9486
3.3055,3.9561
3.3055,3.8721
-1.7747,-0.86657
-1.7747,-1.5999
-1.7747,-1.778
-1.7747,-2.0827
-1.7747,-2.6688
-1.7747,-0.87466
-1.7747,-2.4152
-1.7747,-2.2512
-1.7747,-1.2369
-1.7747,-0.97042
-1.7747,-1.5201
5.3978,4.6725
5.3978,4.4177
5.3978,5.7581
5.3978,4.6144
5.3978,6.2125
5.3978,5.6605
5.3978,4.5393
5.3978,5.0371
5.3978,6.2305
5.3978,5.503
5.3978,5.4439
5.3978,5.443
-4.0955,-4.5126
-4.0955,-3.9516
-4.0955,-4.6321
-4.0955,-3.3116
-4.0955,-3.6372
-4.0955,-4.8259
-4.0955,-3.6829
-4.0955,-4.7461
-4.0955,-3.4203
-4.0955,-4.4188
2.2507,1.9113
2.2507,2.1563
2.2507,3.0477
2.2507,1.3267
2.2507,2.7058
2.2507,2.0435
2.2507,3.0794
-3.3879,-3.673
-3.3879,-3.9201
-3.3879,-2.9911
-3.3879,-3.4488
-3.3879,-3.6426
-3.3879,-2.9546
-3.3879,-3.8359
-3.3879,-2.6688
-3.3879,-2.9896
-3.3879,-3.8841
6.3739,6.3193
6.3739,6.7951
6.3739,5.7581
6.3739,6.1843
6.3739,5.4851
6.3739,5.4533
6.3739,6.1092
-1.832,-2.0072
-1.832,-1.6726
-1.832,-1.8507
-1.832,-1.4839
-1.832,-1.1275
-1.832,-2.4109
-1.832,-2.7058
-1.832,-2.2677
-1.832,-1.7734
-1.832,-1.8951
5.1864,5.7581
5.1864,5.4851
5.1864,4.6023
5.1864,5.0371
5.1864,5.4533
5.1864,5.1687
5.1864,4.4025
5.1864,5.4439
7.5357,6.6268
-4.18,-3.8359
-3.2208,-2.8865
-3.2208,-2.7873
-3.2208,-3.6632
-3.2208,-3.6163
-3.2208,-2.2512
5.4533,6.3193
5.4533,5.7581
5.4533,6.1843
5.4533,5.4851
5.4533,4.6023
5.4533,5.0371
5.4533,6.3739
5.4533,5.1864
5.4533,5.1687
5.4533,5.4439
5.4533,6.1092
-0.87466,-0.75007
-0.87466,-0.86657
-0.87466,-0.89231
-0.87466,-0.16709
-0.87466,-1.778
-0.87466,-1.7747
-0.87466,-0.063464
-0.87466,-1.2369
-0.87466,-0.97042
-0.87466,-1.5201
-5.7761,-5.6765
-5.7761,-5.4985
-5.7761,-6.1799
-5.7761,-5.1615
-5.7761,-4.9866
-5.7761,-5.2802
4.9066,4.6725
4.9066,5.6605
4.9066,4.5393
4.9066,5.443
4.4879,3.6888
4.4879,4.9858
4.4879,4.5764
4.4879,4.2321
4.4879,3.8721
5.1687,5.4851
5.1687,4.6023
5.1687,5.1864
5.1687,5.4533
5.1687,6.1092
3.4036,3.5728
3.4036,3.9242
3.4036,3.7997
3.4036,3.0363
3.4036,4.1998
3.4036,4.0017
3.4036,3.0794
3.4036,3.9486
-0.26043,-0.75007
-0.26043,0.30226
-0.26043,-0.89231
-0.26043,0.23455
-0.26043,-0.4564
-0.26043,-0.063464
-0.26043,0.52092
-0.26043,-0.97042
-0.26043,-1.2267
-2.2677,-2.0072
-2.2677,-1.6726
-2.2677,-2.8462
-2.2677,-1.8507
-2.2677,-2.3034
-2.2677,-1.4839
-2.2677,-2.7058
-2.2677,-1.832
-2.2677,-1.7734
-2.2677,-2.5547
-2.2677,-1.8951
-1.7734,-1.6726
-1.7734,-1.8507
-1.7734,-0.79316
-1.7734,-1.1275
-1.7734,-2.4109
-1.7734,-2.7058
-1.7734,-1.832
-1.7734,-2.2677
-1.7734,-1.8951
1.086,0.78826
1.086,0.30226
1.086,1.3267
1.086,0.23455
1.086,2.0435
1.086,1.5612
1.086,0.77089
5.5691,6.5221
5.5691,4.9858
5.5691,5.6895
5.5691,4.5764
4.2321,4.9858
4.2321,4.5764
4.2321,4.4879
4.2321,3.9561
4.2321,4.8175
4.2321,3.8721
-2.4152,-2.9911
-2.4152,-2.8865
-2.4152,-2.1929
-2.4152,-2.7873
-2.4152,-1.778
-2.4152,-2.0827
-2.4152,-2.6688
-2.4152,-1.7747
-2.4152,-2.2512
-2.4152,-1.5201
-2.9896,-2.3689
-2.9896,-3.673
-2.9896,-3.9201
-2.9896,-2.9911
-2.9896,-2.8865
-2.9896,-3.4488
-2.9896,-2.7812
-2.9896,-2.9546
-2.9896,-2.6688
-2.9896,-3.3879
-2.9896,-2.2701
-3.6372,-3.9516
-3.6372,-2.9955
-3.6372,-2.8462
-3.6372,-3.9345
-3.6372,-4.3169
-3.6372,-2.7058
-3.6372,-4.0955
-3.6372,-3.2763
-3.6372,-3.6829
-3.6372,-4.0145
-4.7124,-5.6765
-4.7124,-5.4985
-4.7124,-4.8352
-4.7124,-4.9275
-4.7124,-4.6321
-4.7124,-4.4042
-4.7124,-5.1615
-4.7124,-3.9345
-4.7124,-4.3169
-4.7124,-4.9866
-4.7124,-4.8259
-4.7124,-4.7461
-4.7124,-5.2802
-4.7124,-4.0145
-0.063464,-0.75007
-0.063464,-0.86657
-0.063464,0.30226
-0.063464,-0.89231
-0.063464,-0.16709
-0.063464,0.23455
-0.063464,-0.4564
-0.063464,-0.87466
-0.063464,-0.26043
-0.063464,0.52092
-0.063464,-0.97042
-0.063464,0.77089
-3.6163,-2.8865
-3.6163,-4.5523
-3.6163,-3.4488
-3.6163,-3.6426
-3.6163,-2.7873
-3.6163,-3.6632
-3.6163,-3.2208
-0.26066,-0.79316
-0.26066,-1.1275
-0.26066,-0.16205
-0.26066,-0.80975
-0.26066,-1.1359
-0.26066,-0.2161
6.8608,6.6268
-4.9866,-5.6765
-4.9866,-5.4985
-4.9866,-4.8352
-4.9866,-4.9275
-4.9866,-4.6321
-4.9866,-4.4042
-4.9866,-5.1615
-4.9866,-4.3169
-4.9866,-5.7761
-4.9866,-4.7124
-4.9866,-4.8259
-4.9866,-4.7461
-4.9866,-5.2802
-2.5547,-2.0072
-2.5547,-2.8462
-2.5547,-1.8507
-2.5547,-2.3034
-2.5547,-3.3116
-2.5547,-2.7058
-2.5547,-2.2677
-2.5547,-3.4203
-3.8731,-4.4042
-3.8731,-3.9345
-3.8731,-4.3169
3.9561,4.5764
3.9561,3.3055
3.9561,4.2321
3.9561,3.8721
4.4025,4.6725
4.4025,4.4177
4.4025,4.6144
4.4025,4.6023
4.4025,5.0371
4.4025,5.1864
-4.8259,-4.5126
-4.8259,-5.4985
-4.8259,-3.9516
-4.8259,-4.8352
-4.8259,-4.6321
-4.8259,-5.5797
-4.8259,-5.2362
-4.8259,-4.3169
-4.8259,-4.0955
-4.8259,-4.7124
-4.8259,-4.9866
-4.8259,-4.7461
-4.8259,-4.0145
-4.4024,-4.7363
-4.4024,-3.9201
-4.4024,-3.4488
-4.4024,-3.8841
-4.4024,-4.4217
3.9486,4.7186
3.9486,3.0477
3.9486,3.9242
3.9486,3.7997
3.9486,4.1998
3.9486,4.6797
3.9486,3.0794
3.9486,3.4036
-2.2701,-2.3689
-2.2701,-2.9911
-2.2701,-2.7812
-2.2701,-1.5999
-2.2701,-1.778
-2.2701,-2.9546
-2.2701,-2.0827
-2.2701,-2.6688
-2.2701,-2.9896
-0.16205,-0.87101
-0.16205,-0.26066
-0.16205,-0.80975
-0.16205,-1.1359
-0.16205,-0.2161
4.9712,4.7186
4.9712,5.7819
4.9712,4.6797
4.9712,4.7298
-2.2512,-2.8865
-2.2512,-2.1929
-2.2512,-2.7873
-2.2512,-1.7747
-2.2512,-3.2208
-2.2512,-2.4152
-2.2512,-1.5201
0.52092,0.71899
0.52092,0.30226
0.52092,-0.4564
0.52092,-0.26043
0.52092,-0.063464
0.52092,0.77089
4.7298,4.1998
4.7298,5.2837
4.7298,4.5861
4.7298,4.0017
4.7298,4.6797
4.7298,4.9712
4.7298,4.6462
5.503,4.6725
5.503,5.7581
5.503,6.1843
5.503,4.6144
5.503,6.2125
5.503,5.6605
5.503,5.0371
5.503,6.2305
5.503,6.4713
5.503,5.3978
5.503,5.4439
5.503,5.443
-1.6227,-2.0072
-1.6227,-1.8843
-1.6227,-1.7634
-1.6227,-0.87101
-1.6227,-1.5884
-1.6227,-0.66162
-1.6227,-1.2485
-1.6227,-1.6868
-3.8841,-4.7363
-3.8841,-3.673
-3.8841,-3.9201
-3.8841,-3.4488
-3.8841,-2.9546
-3.8841,-3.8359
-3.8841,-3.3879
-3.8841,-4.4024
-2.7465,-1.8843
-2.7465,-1.7634
-2.7465,-2.3034
-3.2763,-2.9955
-3.2763,-3.9345
-3.2763,-2.4109
-3.2763,-2.7058
-3.2763,-3.6372
-3.2763,-4.0145
-1.2369,-0.86657
-1.2369,-1.7747
-1.2369,-0.87466
-1.2369,-0.37331
-1.2369,-1.5201
-6.2322,-5.6765
-6.2322,-5.4985
-6.2322,-7.0654
-6.2322,-5.5797
-6.2322,-5.6841
-6.2322,-6.2966
-3.6829,-4.5126
-3.6829,-3.9516
-3.6829,-2.9955
-3.6829,-2.8462
-3.6829,-4.6321
-3.6829,-3.3116
-3.6829,-4.0955
-3.6829,-3.6372
-3.6829,-3.4203
-3.6829,-4.0145
-4.4217,-3.9201
-4.4217,-4.5523
-4.4217,-3.4488
-4.4217,-3.6426
-4.4217,-3.6632
-4.4217,-4.4024
4.6462,5.2837
4.6462,4.5861
4.6462,4.0017
4.6462,3.6957
4.6462,4.7298
4.8175,5.6895
4.8175,4.5764
4.8175,4.2321
-0.97042,-0.75007
-0.97042,-0.86657
-0.97042,-0.89231
-0.97042,-1.5999
-0.97042,-1.778
-0.97042,-1.7747
-0.97042,-0.87466
-0.97042,-0.26043
-0.97042,-0.063464
-0.97042,-1.2267
-4.7461,-4.5126
-4.7461,-5.4985
-4.7461,-3.9516
-4.7461,-4.8352
-4.7461,-4.6321
-4.7461,-5.5797
-4.7461,-5.2362
-4.7461,-4.3169
-4.7461,-4.0955
-4.7461,-4.7124
-4.7461,-4.9866
-4.7461,-4.8259
-4.7461,-5.2802
-4.7461,-4.0145
-0.80975,-1.6726
-0.80975,-0.79316
-0.80975,-1.2485
-0.80975,-1.4839
-0.80975,-1.1275
-0.80975,-0.26066
-0.80975,-0.16205
-0.80975,-1.1359
-0.80975,-0.2161
3.8721,3.6888
3.8721,3.4547
3.8721,4.5764
3.8721,3.3055
3.8721,4.4879
3.8721,4.2321
3.8721,3.9561
-1.1359,-2.0072
-1.1359,-0.87101
-1.1359,-1.8507
-1.1359,-1.2485
-1.1359,-1.4839
-1.1359,-1.1275
-1.1359,-1.6868
-1.1359,-0.26066
-1.1359,-0.16205
-1.1359,-0.80975
-1.1359,-0.2161
-6.2966,-5.6765
-6.2966,-5.4985
-6.2966,-7.0654
-6.2966,-5.5797
-6.2966,-5.6841
-6.2966,-6.2322
-0.37331,-0.86657
-0.37331,-0.16709
-0.37331,-1.2369
-5.2802,-5.6765
-5.2802,-5.4985
-5.2802,-4.8352
-5.2802,-4.9275
-5.2802,-4.4042
-5.2802,-6.1799
-5.2802,-5.1615
-5.2802,-4.3169
-5.2802,-5.7761
-5.2802,-4.7124
-5.2802,-4.9866
-5.2802,-4.7461
-0.2161,-1.1275
-0.2161,-0.26066
-0.2161,-0.16205
-0.2161,-0.80975
-0.2161,-1.1359
7.7642,6.8388
7.7642,7.0539
7.7642,7.5185
7.7642,7.3169
-3.4203,-2.8462
-3.4203,-3.3116
-3.4203,-4.0955
-3.4203,-2.5547
-3.4203,-3.6829
-3.4203,-4.4188
-1.2267,-0.89231
-1.2267,-1.5999
-1.2267,-0.4564
-1.2267,-0.26043
-1.2267,-0.97042
5.4439,5.7581
5.4439,6.1843
5.4439,5.4851
5.4439,4.6023
5.4439,5.0371
5.4439,6.2305
5.4439,5.3978
5.4439,5.1864
5.4439,5.4533
5.4439,5.503
5.7876,6.1092
5.7876,6.7305
-4.0145,-3.9516
-4.0145,-4.8352
-4.0145,-4.6321
-4.0145,-4.4042
-4.0145,-3.9345
-4.0145,-4.3169
-4.0145,-3.6372
-4.0145,-4.7124
-4.0145,-4.8259
-4.0145,-3.2763
-4.0145,-3.6829
-4.0145,-4.7461
-4.4188,-4.5126
-4.4188,-5.2362
-4.4188,-5.2278
-4.4188,-4.0955
-4.4188,-3.4203
-1.8951,-1.6726
-1.8951,-1.8507
-1.8951,-1.4839
-1.8951,-1.1275
-1.8951,-2.4109
-1.8951,-2.7058
-1.8951,-1.832
-1.8951,-2.2677
-1.8951,-1.7734
0.77089,0.71899
0.77089,0.30226
0.77089,1.3267
0.77089,1.5612
0.77089,1.086
0.77089,-0.063464
0.77089,0.52092
6.1092,6.3193
6.1092,6.8388
6.1092,7.0539
6.1092,5.4851
6.1092,6.3739
6.1092,5.4533
6.1092,5.1687
6.1092,5.7876
5.443,4.6725
5.443,4.6144
5.443,6.2125
5.443,5.6605
5.443,4.5393
5.443,6.2305
5.443,5.3978
5.443,4.9066
5.443,5.503
-1.5201,-2.1929
-1.5201,-0.86657
-1.5201,-1.778
-1.5201,-2.0827
-1.5201,-1.7747
-1.5201,-0.87466
-1.5201,-2.4152
-1.5201,-2.2512
-1.5201,-1.2369
6.7305,6.8388
6.7305,7.0539
6.7305,7.5185
6.7305,5.7876
