-1.0804,-0.3034
-1.0804,-0.33142
-7.4912,-7.8426
-7.4912,-6.7486
-7.4912,-7.0301
-5.7421,-5.9681
-5.7421,-4.8555
-4.9594,-4.8112
-0.393,0.54006
-0.393,-0.28784
-5.8048,-6.028
-5.8048,-5.2091
-5.8048,-6.7268
-5.8048,-6.3952
-7.6871,-6.8218
5.3011,4.8034
-3.2923,-3.5394
-3.2923,-3.913
-3.2923,-2.4306
6.1262,5.3121
6.1262,6.4142
-5.9681,-5.7421
-6.7328,-7.513
-6.7328,-6.6978
-6.7328,-6.3497
-6.7328,-7.0301
7.1507,6.5868
3.7156,4.5448
3.7156,4.58
3.7156,4.3864
3.8825,3.4598
3.8825,4.3507
-6.9114,-6.8218
-6.9114,-5.9608
-6.9114,-6.7474
-6.9114,-6.3952
-6.9114,-6.2116
8.0279,7.9252
-3.5394,-3.2923
6.246,6.6074
6.246,5.5053
6.246,5.4061
6.246,6.3706
-4.9107,-4.1566
-0.057074,0.56891
0.56891,-0.057074
0.56891,1.5109
3.9593,4.6477
-7.2582,-7.8569
7.1585,6.9203
7.1585,8.1645
7.1585,6.2802
-6.028,-5.8048
-6.028,-5.9608
-6.028,-5.2091
-6.028,-6.7474
-6.028,-6.3952
-0.93689,-1.4107
-0.93689,-0.2634
4.6888,4.9795
4.6888,4.0547
4.6888,4.3507
6.7711,7.4642
4.5448,3.7156
4.5448,5.5053
4.5448,4.6477
4.5448,5.4061
4.5448,4.58
-1.1866,-0.34715
-1.1866,-1.2105
3.0684,2.4375
3.0684,3.0132
0.12714,-0.33142
0.12714,0.6117
-1.4107,-0.93689
-2.8347,-2.4306
6.6074,6.246
6.6074,7.525
6.6074,7.0983
6.6074,6.2647
6.6074,6.9875
6.6074,6.3706
-8.1058,-7.4868
4.1135,4.8034
4.1135,3.5205
7.9252,8.0279
7.9252,7.4642
4.8034,5.3011
4.8034,4.1135
4.8034,4.3229
4.8034,5.3121
3.4476,4.4279
-6.8867,-7.6245
-7.8426,-7.4912
-7.8426,-7.8967
6.5868,7.1507
6.5868,7.435
6.5868,6.1235
0.12985,0.96024
0.12985,-0.28266
0.12985,0.71913
0.12985,-0.25324
-6.7486,-7.4912
0.43956,-0.34715
0.43956,-0.36448
0.43956,-0.024348
1.9022,2.737
1.9022,1.0504
5.381,5.0618
5.381,5.4061
5.381,6.0881
5.381,4.58
5.381,4.3864
5.5053,6.246
5.5053,4.5448
5.5053,4.6477
5.5053,5.4061
5.5053,6.2647
-7.6245,-6.8867
-7.6245,-6.9398
-5.1616,-5.4309
-5.1616,-5.9608
-5.1616,-5.2091
-5.1616,-5.2117
-5.1616,-4.3188
-5.4309,-5.1616
-5.4309,-5.2117
-5.4309,-6.1817
-4.1041,-3.6109
-4.1041,-4.5287
0.96024,0.12985
2.4375,3.0684
2.4375,1.8461
2.4375,3.1767
-3.4603,-4.3861
1.33,0.85079
1.33,0.62666
0.21617,-0.3034
0.21617,1.0643
0.21617,-0.25324
-7.513,-6.7328
-7.513,-7.462
-7.513,-7.0301
1.4834,0.59786
1.4834,1.5109
4.4279,3.4476
4.4279,5.294
-0.34715,-1.1866
-0.34715,0.43956
-0.34715,-0.28266
-0.34715,-1.2105
-0.34715,-0.36448
-0.34715,-0.024348
-2.8126,-1.9731
-2.8126,-2.6683
-5.6872,-4.8112
6.1494,6.9203
-8.2181,-7.8569
-0.85841,-1.7934
-0.85841,-0.28266
-0.85841,-1.2105
-0.85841,-0.25324
4.1246,4.9795
4.1246,4.0547
3.5205,4.1135
3.5205,4.3229
1.8461,2.4375
-3.913,-3.2923
4.3229,4.8034
4.3229,3.5205
4.3229,4.3507
-1.0212,-1.2238
-4.8112,-4.9594
-4.8112,-5.6872
-4.8112,-3.9153
-4.8112,-4.5287
-1.7934,-0.85841
-1.7934,-1.2105
0.85079,1.33
0.85079,0.23013
-1.9731,-2.8126
-1.9731,-1.0329
-1.9731,-1.8045
7.7819,7.0983
5.3121,6.1262
5.3121,4.8034
-3.1399,-3.8421
-3.1399,-2.6371
1.085,0.53118
1.085,0.62666
5.0618,5.381
5.0618,4.3864
-6.8218,-7.6871
-6.8218,-6.9114
-6.8218,-6.1817
-6.8218,-6.2116
7.4642,6.7711
7.4642,7.9252
7.4642,8.2644
-5.9608,-6.9114
-5.9608,-6.028
-5.9608,-5.1616
-5.9608,-5.2091
-5.9608,-5.2117
-5.9608,-6.3952
-5.9608,-6.2116
4.6477,3.9593
4.6477,4.5448
4.6477,5.5053
4.6477,5.2543
-5.2091,-5.8048
-5.2091,-6.028
-5.2091,-5.1616
-5.2091,-5.9608
0.54006,-0.393
0.54006,1.2999
4.9795,4.6888
4.9795,4.1246
4.9795,4.0547
-0.34333,-1.0329
-0.28784,-0.393
-0.28784,-1.2238
6.9203,7.1585
6.9203,6.1494
6.9203,6.2802
6.9203,7.6154
5.294,4.4279
7.1989,7.0045
7.1989,7.3814
6.4142,6.1262
5.4061,6.246
5.4061,4.5448
5.4061,5.381
5.4061,5.5053
5.4061,4.58
5.4061,6.3706
7.525,6.6074
7.525,7.0983
-2.6683,-2.8126
-2.6683,-1.8045
7.0983,6.6074
7.0983,7.7819
7.0983,7.525
7.0983,6.3706
-6.9398,-7.6245
0.59786,1.4834
-0.3034,-1.0804
-0.3034,0.21617
-0.3034,-0.33142
3.0132,3.0684
2.737,1.9022
2.737,2.2044
-0.28266,0.12985
-0.28266,-0.34715
-0.28266,-0.85841
-0.28266,0.71913
-0.28266,-1.2105
-0.28266,-0.024348
6.0881,5.381
6.0881,6.3706
-4.7203,-3.8421
3.1767,2.4375
-5.2117,-5.1616
-5.2117,-5.4309
-5.2117,-5.9608
-5.2117,-4.3188
7.435,6.5868
7.435,6.9875
0.53118,1.085
0.53118,-0.2634
0.53118,1.3192
0.53118,-0.41314
6.2647,6.6074
6.2647,5.5053
6.2647,6.1235
6.2647,6.9875
8.1645,7.1585
-6.7474,-6.9114
-6.7474,-6.028
-6.7474,-6.7268
-6.7474,-6.3952
6.1235,6.5868
6.1235,6.2647
0.71913,0.12985
0.71913,-0.28266
0.71913,-0.024348
-7.462,-7.513
-7.462,-6.6978
-7.462,-7.8569
4.58,3.7156
4.58,4.5448
4.58,5.381
4.58,5.4061
4.58,4.3864
2.5576,2.2044
-7.4868,-8.1058
6.9875,6.6074
6.9875,7.435
6.9875,6.2647
3.4598,3.8825
3.4598,4.0547
-2.0397,-2.4306
-2.0397,-2.4892
0.62666,1.33
0.62666,1.085
-0.2634,-0.93689
-0.2634,0.53118
-0.2634,-0.41314
1.2999,0.54006
6.2802,7.1585
6.2802,6.9203
2.2044,2.737
2.2044,2.5576
2.2044,1.5109
-2.4306,-3.2923
-2.4306,-2.8347
-2.4306,-2.0397
-6.1817,-5.4309
-6.1817,-6.8218
-6.1817,-6.2116
-3.9153,-4.8112
-3.9153,-3.6109
-6.6978,-6.7328
-6.6978,-7.462
1.0643,0.21617
1.0643,0.6117
-6.7268,-5.8048
-6.7268,-6.7474
-6.7268,-6.3952
0.23013,0.85079
7.6154,6.9203
-3.8421,-3.1399
-3.8421,-4.7203
-2.6371,-3.1399
-7.8569,-7.2582
-7.8569,-8.2181
-7.8569,-7.462
1.0504,1.9022
1.0504,1.5109
-4.1566,-4.9107
-4.1566,-3.3196
-6.3952,-5.8048
-6.3952,-6.9114
-6.3952,-6.028
-6.3952,-5.9608
-6.3952,-6.7474
-6.3952,-6.7268
4.0547,4.6888
4.0547,4.1246
4.0547,4.9795
4.0547,3.4598
-4.3188,-5.1616
-4.3188,-5.2117
1.3192,0.53118
4.3507,3.8825
4.3507,4.6888
4.3507,4.3229
-1.2105,-1.1866
-1.2105,-0.34715
-1.2105,-0.85841
-1.2105,-1.7934
-1.2105,-0.28266
-0.33142,-1.0804
-0.33142,0.12714
-0.33142,-0.3034
-0.33142,0.6117
7.0045,7.1989
4.3864,3.7156
4.3864,5.381
4.3864,5.0618
4.3864,4.58
-1.0329,-1.9731
-1.0329,-0.34333
-1.0329,-1.0045
-6.2116,-6.9114
-6.2116,-6.8218
-6.2116,-5.9608
-6.2116,-6.1817
-3.6109,-4.1041
-3.6109,-3.9153
-3.6109,-4.5287
-0.36448,0.43956
-0.36448,-0.34715
-0.36448,-0.024348
-7.8967,-7.8426
-4.8555,-5.7421
7.3814,7.1989
-0.25324,0.12985
-0.25324,0.21617
-0.25324,-0.85841
-0.41314,0.53118
-0.41314,-0.2634
1.5109,0.56891
1.5109,1.4834
1.5109,2.2044
1.5109,1.0504
-1.0045,-1.0329
-1.0045,-1.8045
-6.3497,-6.7328
-6.3497,-7.0301
-4.3861,-3.4603
-7.0301,-7.4912
-7.0301,-6.7328
-7.0301,-7.513
-7.0301,-6.3497
-1.8045,-1.9731
-1.8045,-2.6683
-1.8045,-1.0045
-1.2238,-1.0212
-1.2238,-0.28784
-2.4892,-2.0397
5.2543,4.6477
-4.5287,-4.1041
-4.5287,-4.8112
-4.5287,-3.6109
-3.3196,-4.1566
0.6117,0.12714
0.6117,1.0643
0.6117,-0.33142
6.3706,6.246
6.3706,6.6074
6.3706,5.4061
6.3706,7.0983
6.3706,6.0881
-0.024348,0.43956
-0.024348,-0.34715
-0.024348,-0.28266
-0.024348,0.71913
-0.024348,-0.36448
8.2644,7.4642
