3.813,3.9329
3.813,4.4517
3.813,3.6814
3.813,4.5729
-3.1687,-3.5952
-3.1687,-2.4482
-3.1687,-3.1807
-3.1687,-2.7436
-5.7769,-4.8925
-5.7769,-6.6656
-2.499,-2.3584
-2.499,-3.1062
-2.499,-2.8167
-2.499,-2.4482
-2.499,-2.1436
-2.499,-3.1807
-2.499,-3.4138
-2.499,-1.6549
2.5427,3.2831
2.5427,3.2539
2.5427,2.7753
2.5427,1.8679
6.1342,5.7176
6.1342,5.149
6.1342,5.8117
6.1342,6.2335
6.1342,6.1205
6.1342,6.7404
6.1342,5.3811
6.1342,5.6687
5.0352,4.6497
5.0352,5.8117
5.0352,4.3179
5.0352,5.1014
5.0352,5.257
5.0352,5.5096
-4.0252,-4.1218
-4.0252,-4.8925
-4.0252,-3.5305
-4.0252,-3.4138
6.8043,5.9085
6.8043,6.3426
4.8343,5.149
4.8343,5.5261
4.8343,5.6644
4.8343,4.4186
4.8343,3.9329
4.8343,4.3652
4.8343,5.0095
4.8343,5.236
4.8343,4.3315
4.8343,4.5729
4.8343,4.8125
4.8343,5.0108
4.8343,5.2453
5.3694,5.0181
5.3694,5.8838
5.3694,5.9282
5.3694,5.3384
5.3694,4.7277
-4.1218,-4.0252
-4.1218,-3.5952
-4.1218,-4.2932
-4.1218,-5.103
-4.1218,-3.4138
-2.3584,-2.499
-2.3584,-3.1062
-2.3584,-1.7973
-2.3584,-2.4482
-2.3584,-1.4995
-2.3584,-2.1436
-2.3584,-1.8698
-2.3584,-3.1807
-2.3584,-2.7436
-2.3584,-1.6549
-0.83534,-1.7019
-0.83534,-1.6456
-0.83534,-1.0998
-0.83534,-1.4072
-0.83534,-0.759
-0.83534,-0.9824
-2.4352,-2.8992
-2.4352,-1.6883
-2.4352,-2.2534
4.8195,5.5119
4.8195,5.7427
4.8195,4.2623
4.8195,5.032
4.8195,4.9306
4.8195,4.1807
4.6497,5.0352
4.6497,5.149
4.6497,4.4186
4.6497,4.3179
4.6497,5.1014
4.6497,5.3811
4.6497,5.5096
4.6497,4.8125
4.6497,3.8905
5.0181,5.3694
5.0181,4.3588
5.0181,5.8838
5.0181,4.7277
5.7176,6.1342
5.7176,5.149
5.7176,5.8117
5.7176,6.2335
5.7176,5.1014
5.7176,6.1205
5.7176,5.3811
5.7176,5.5096
5.7176,4.8125
5.7176,5.6687
-2.8204,-2.5646
-2.8204,-3.3103
-2.8204,-2.3601
-2.8204,-3.1881
-2.8204,-2.4254
-2.8204,-1.9764
-2.8204,-2.0552
-5.53,-5.3214
-5.53,-4.7014
-5.53,-6.3814
-3.1062,-2.499
-3.1062,-2.3584
-3.1062,-3.5952
-3.1062,-2.8167
-3.1062,-2.1436
-3.1062,-3.1807
-3.1062,-3.4138
-5.5804,-5.102
-5.5804,-5.5765
-5.5804,-4.8077
-5.5804,-4.6888
-5.5804,-6.3587
-5.5804,-5.1937
-5.5804,-5.5485
-5.5804,-5.4818
-5.5804,-5.7837
-5.5804,-5.3257
-5.5804,-6.1422
-5.102,-5.5804
-5.102,-5.5765
-5.102,-4.4264
-5.102,-4.8077
-5.102,-4.6888
-5.102,-4.4461
-5.102,-5.1937
-5.102,-5.5485
-5.102,-5.7837
-5.102,-5.3257
3.6991,3.0541
3.6991,3.8251
3.6991,3.3941
3.6991,4.3208
3.6991,3.6988
3.6991,4.4246
-1.1922,-0.71341
-1.1922,-1.4251
-1.1922,-1.6883
-1.7973,-2.3584
-1.7973,-1.9618
-1.7973,-2.4482
-1.7973,-1.4995
-1.7973,-1.1089
-1.7973,-2.1436
-1.7973,-1.8698
-1.7973,-2.7436
-1.7973,-1.6549
3.0541,3.6991
3.0541,2.7005
3.0541,3.8251
3.0541,2.4954
3.0541,3.3941
-8.7692,-9.5042
-8.7692,-7.9193
-8.7692,-8.1375
5.149,6.1342
5.149,4.8343
5.149,4.6497
5.149,5.7176
5.149,5.5261
5.149,4.4186
5.149,5.1014
5.149,6.1205
5.149,4.3315
5.149,5.3811
5.149,4.8125
5.149,5.0108
5.149,5.6687
5.149,5.2453
-4.7493,-4.989
-4.7493,-5.3214
-4.7493,-4.4059
-4.7493,-5.4827
-4.7493,-4.7369
-4.7493,-5.0519
-4.7493,-5.5944
-4.7493,-4.7014
-4.7493,-4.134
5.5119,4.8195
5.5119,5.7427
5.5119,5.032
5.5119,5.9085
5.5119,5.9282
5.5119,4.9306
5.5119,6.3426
5.5119,5.3384
-0.71341,-1.1922
-0.71341,-1.4251
-0.71341,-1.6883
-0.71341,-0.72505
-1.7713,-1.4251
-1.7713,-2.0853
-1.7713,-2.5646
-1.7713,-1.6456
-1.7713,-1.0998
-1.7713,-2.3601
-1.7713,-1.9484
-1.7713,-1.6883
-1.7713,-2.2534
5.963,5.6644
5.963,6.1045
5.963,5.503
5.963,5.0721
5.963,5.0095
5.963,5.236
5.963,6.1278
5.963,5.5292
5.963,5.9913
5.963,6.3439
5.5261,4.8343
5.5261,5.149
5.5261,5.6644
5.5261,5.236
5.5261,6.1205
5.5261,6.1278
5.5261,5.5292
5.5261,5.3811
5.5261,5.0108
5.5261,5.9913
5.5261,5.6687
5.5261,5.2453
2.7005,3.0541
2.7005,2.4954
2.7005,3.3941
5.8117,6.1342
5.8117,5.0352
5.8117,5.7176
5.8117,6.2335
5.8117,5.1014
5.8117,5.257
5.8117,5.3811
5.8117,5.5096
4.0287,4.3861
4.0287,3.2539
4.0287,3.6988
4.0287,4.5884
-4.989,-4.7493
-4.989,-4.4264
-4.989,-5.935
-4.989,-4.4059
-4.989,-4.6888
-4.989,-5.4827
-4.989,-4.7369
-4.989,-5.1937
-4.989,-4.2387
-4.989,-5.0519
-4.989,-5.5485
-4.989,-5.5944
-4.989,-5.4818
5.6644,4.8343
5.6644,5.963
5.6644,5.5261
5.6644,5.503
5.6644,5.0095
5.6644,5.236
5.6644,6.1205
5.6644,6.1278
5.6644,5.5292
5.6644,5.0108
5.6644,5.9913
5.6644,5.6687
5.6644,6.5391
5.6644,5.2453
-1.4251,-1.1922
-1.4251,-0.71341
-1.4251,-1.7713
-1.4251,-2.0853
-1.4251,-1.6456
-1.4251,-1.0998
-1.4251,-1.9484
-1.4251,-1.4072
-1.4251,-1.6883
-1.4251,-2.2534
-1.4251,-0.759
-1.4251,-0.72505
5.7021,5.7427
5.7021,5.032
5.7021,4.7916
5.7427,4.8195
5.7427,5.5119
5.7427,5.7021
5.7427,5.032
5.7427,5.9085
5.7427,6.3426
-5.5765,-5.5804
-5.5765,-5.102
-5.5765,-6.3754
-5.5765,-4.8077
-5.5765,-6.3587
-5.5765,-5.5485
-5.5765,-5.7837
-5.5765,-5.3257
-5.5765,-5.0061
-5.5765,-6.1422
-4.8925,-5.7769
-4.8925,-4.0252
-4.8925,-4.5611
-4.8925,-5.103
-0.86256,-1.1089
-1.7019,-0.83534
-1.7019,-2.0853
-1.7019,-2.5646
-1.7019,-1.6456
-1.7019,-1.0998
-1.7019,-2.3601
-1.7019,-2.4254
-1.7019,-1.588
-1.7019,-1.9484
-1.7019,-1.4072
-1.7019,-1.9764
-1.7019,-2.0552
-1.7019,-0.9824
6.1045,5.963
6.1045,5.6474
6.1045,5.503
6.1045,5.2536
6.1045,6.3439
-3.5952,-3.1687
-3.5952,-4.1218
-3.5952,-3.1062
-3.5952,-4.2932
-3.5952,-3.1807
-3.5952,-3.4138
-3.5952,-2.7436
5.6474,6.1045
5.6474,5.503
5.6474,5.0721
5.6474,5.2536
5.6474,4.8305
5.6474,5.5553
-6.3754,-5.5765
-6.3754,-6.3587
-6.3754,-5.7837
-2.0853,-1.7713
-2.0853,-1.4251
-2.0853,-1.7019
-2.0853,-2.5646
-2.0853,-1.6456
-2.0853,-1.0998
-2.0853,-2.3601
-2.0853,-1.9484
-2.0853,-1.4072
-2.0853,-2.8992
-2.0853,-1.6883
-2.0853,-2.2534
-2.5646,-2.8204
-2.5646,-1.7713
-2.5646,-1.7019
-2.5646,-2.0853
-2.5646,-3.3103
-2.5646,-1.6456
-2.5646,-2.3601
-2.5646,-1.9484
-2.5646,-2.8992
-2.5646,-2.2534
4.3588,5.0181
4.3588,4.7277
-4.2932,-4.1218
-4.2932,-3.5952
4.4186,4.8343
4.4186,4.6497
4.4186,5.149
4.4186,4.3315
4.4186,5.3811
4.4186,3.5403
4.4186,4.8125
4.4186,5.0108
4.4186,3.8905
3.9329,3.813
3.9329,4.8343
3.9329,4.3652
3.9329,4.3315
3.9329,4.5729
3.9329,3.5403
5.8838,5.3694
5.8838,5.0181
5.8838,5.9282
5.8838,6.1376
5.8838,5.3384
5.8838,6.7766
-1.1758,-0.51316
-1.1758,-1.4995
-1.1758,-2.1436
-1.1758,-1.8489
-1.1758,-1.6549
4.3861,4.0287
4.3861,4.4517
4.3861,3.6814
4.3861,4.8305
-6.6656,-5.7769
3.2831,2.5427
3.2831,3.8251
3.2831,3.2539
3.2831,3.3941
3.2831,2.7753
3.2831,3.6988
6.2335,6.1342
6.2335,5.7176
6.2335,5.8117
6.2335,5.5096
-4.4264,-5.102
-4.4264,-4.989
-4.4264,-4.8077
-4.4264,-3.7861
-4.4264,-4.6888
-4.4264,-4.7369
-4.4264,-4.4461
-4.4264,-5.1937
-4.4264,-4.2387
-4.4264,-3.7885
-4.4264,-5.3257
4.4517,3.813
4.4517,4.3861
4.4517,5.0721
4.4517,5.0095
4.4517,3.6814
4.4517,5.2536
4.4517,4.5729
4.4517,4.8305
-1.9618,-1.7973
-1.9618,-1.8698
-1.9618,-2.7436
-4.8077,-5.5804
-4.8077,-5.102
-4.8077,-5.5765
-4.8077,-4.4264
-4.8077,-4.012
-4.8077,-4.6888
-4.8077,-4.4461
-4.8077,-5.3257
-4.8077,-5.0061
-8.5129,-7.59
-8.5129,-8.1375
5.503,5.963
5.503,5.6644
5.503,6.1045
5.503,5.6474
5.503,5.0721
5.503,5.0095
5.503,5.236
5.503,5.5292
5.503,5.2536
5.503,4.5729
5.503,6.3439
-5.3214,-5.53
-5.3214,-4.7493
-5.3214,-5.4827
-5.3214,-4.7369
-5.3214,-5.0519
-5.3214,-5.5944
-5.3214,-4.7014
-5.3214,-5.921
-2.8167,-2.499
-2.8167,-3.1062
-2.8167,-3.5305
-2.8167,-2.1436
-2.8167,-1.8489
-2.8167,-3.4138
-7.59,-8.5129
-7.59,-8.1375
-7.59,-7.2066
-0.51316,-1.1758
-0.51316,-1.1089
5.0721,5.963
5.0721,5.6474
5.0721,4.4517
5.0721,5.503
5.0721,4.3652
5.0721,5.0095
5.0721,5.236
5.0721,5.5292
5.0721,5.2536
5.0721,4.5729
5.0721,4.8305
4.2623,4.8195
4.2623,5.032
4.2623,4.7916
5.032,4.8195
5.032,5.5119
5.032,5.7021
5.032,5.7427
5.032,4.2623
5.032,4.7916
3.8251,3.6991
3.8251,3.0541
3.8251,3.2831
3.8251,3.3941
3.8251,3.6988
3.8251,4.4246
4.3652,4.8343
4.3652,3.9329
4.3652,5.0721
4.3652,5.0095
4.3652,5.236
4.3652,4.3315
4.3652,4.5729
4.3652,5.0108
4.3652,5.2453
5.9085,6.8043
5.9085,5.5119
5.9085,5.7427
5.9085,5.9282
5.9085,6.3426
-3.3912,-3.7861
-3.3912,-4.2387
-3.3912,-3.7885
-3.7861,-4.4264
-3.7861,-3.3912
-3.7861,-4.4059
-3.7861,-4.7369
-3.7861,-4.2387
-3.7861,-4.134
2.4954,3.0541
2.4954,2.7005
2.4954,1.7166
2.4954,3.3941
2.4954,2.7753
-2.4482,-3.1687
-2.4482,-2.499
-2.4482,-2.3584
-2.4482,-1.7973
-2.4482,-1.4995
-2.4482,-2.1436
-2.4482,-1.8698
-2.4482,-3.1807
-2.4482,-2.7436
5.0095,4.8343
5.0095,5.963
5.0095,5.6644
5.0095,4.4517
5.0095,5.503
5.0095,5.0721
5.0095,4.3652
5.0095,5.236
5.0095,5.5292
5.0095,4.5729
5.0095,5.2453
-4.012,-4.8077
-4.012,-4.4461
-4.012,-3.7885
-5.935,-4.989
-5.935,-5.4827
-5.935,-6.3587
-5.935,-5.1937
-5.935,-5.0519
-5.935,-5.5485
-5.935,-5.5944
-5.935,-5.4818
-5.935,-6.3082
-5.935,-5.921
-5.935,-6.1422
-5.935,-6.6943
-3.3103,-2.8204
-3.3103,-2.5646
-3.3103,-2.3601
-3.3103,-3.1881
5.9282,5.3694
5.9282,5.5119
5.9282,5.8838
5.9282,5.9085
5.9282,6.3426
5.9282,5.3384
5.9282,6.7766
-4.4059,-4.7493
-4.4059,-4.989
-4.4059,-3.7861
-4.4059,-4.7369
-4.4059,-4.2387
-4.4059,-5.0519
-4.4059,-4.134
-4.6888,-5.5804
-4.6888,-5.102
-4.6888,-4.989
-4.6888,-4.4264
-4.6888,-4.8077
-4.6888,-4.7369
-4.6888,-4.4461
-4.6888,-5.1937
-4.6888,-4.2387
-4.6888,-5.5485
-4.6888,-5.4818
-4.6888,-5.3257
-1.6456,-0.83534
-1.6456,-1.7713
-1.6456,-1.4251
-1.6456,-1.7019
-1.6456,-2.0853
-1.6456,-2.5646
-1.6456,-1.0998
-1.6456,-2.3601
-1.6456,-1.9484
-1.6456,-1.4072
-1.6456,-0.759
-1.6456,-2.0552
4.3179,5.0352
4.3179,4.6497
4.3179,5.257
0.088659,-0.759
5.1014,5.0352
5.1014,4.6497
5.1014,5.7176
5.1014,5.149
5.1014,5.8117
5.1014,5.3811
5.1014,5.5096
5.1014,4.8125
-1.0998,-0.83534
-1.0998,-1.7713
-1.0998,-1.4251
-1.0998,-1.7019
-1.0998,-2.0853
-1.0998,-1.6456
-1.0998,-1.9484
-1.0998,-1.4072
-1.0998,-1.6883
-1.0998,-0.759
-1.0998,-0.72505
5.236,4.8343
5.236,5.963
5.236,5.5261
5.236,5.6644
5.236,5.503
5.236,5.0721
5.236,4.3652
5.236,5.0095
5.236,6.1278
5.236,5.5292
5.236,4.5729
5.236,5.0108
5.236,5.9913
5.236,5.2453
3.2539,2.5427
3.2539,4.0287
3.2539,3.2831
3.2539,3.6988
4.9306,4.8195
4.9306,5.5119
4.9306,5.3384
4.9306,4.7277
4.9306,4.1807
-5.4827,-4.7493
-5.4827,-4.989
-5.4827,-5.3214
-5.4827,-5.935
-5.4827,-4.7369
-5.4827,-5.1937
-5.4827,-5.0519
-5.4827,-5.5485
-5.4827,-5.5944
-5.4827,-5.4818
-5.4827,-6.3082
-5.4827,-5.921
1.7166,2.4954
1.7166,1.8679
-9.5042,-8.7692
-7.9193,-8.7692
-7.9193,-8.349
-7.9193,-8.1375
-7.9193,-7.2066
6.1376,5.8838
6.3426,6.8043
6.3426,5.5119
6.3426,5.7427
6.3426,5.9085
6.3426,5.9282
6.3426,6.7766
-2.3601,-2.8204
-2.3601,-1.7713
-2.3601,-1.7019
-2.3601,-2.0853
-2.3601,-2.5646
-2.3601,-3.3103
-2.3601,-1.6456
-2.3601,-2.4254
-2.3601,-1.9484
-2.3601,-1.4072
-2.3601,-2.8992
-2.3601,-2.2534
-2.3601,-2.0552
-3.1881,-2.8204
-3.1881,-3.3103
-3.1881,-2.4254
-3.1881,-2.7055
6.1205,6.1342
6.1205,5.7176
6.1205,5.149
6.1205,5.5261
6.1205,5.6644
6.1205,6.1278
6.1205,6.7404
6.1205,5.3811
6.1205,5.9913
6.1205,5.6687
6.1205,6.5391
-6.5017,-5.5944
-6.5017,-6.3082
-6.5017,-6.3814
-6.5017,-5.921
-6.5017,-6.6943
6.1278,5.963
6.1278,5.5261
6.1278,5.6644
6.1278,5.236
6.1278,6.1205
6.1278,5.5292
6.1278,5.9913
6.1278,6.3439
6.1278,5.6687
6.1278,6.5391
6.1278,5.2453
-2.2837,-2.7055
-2.2837,-1.9764
-3.5305,-4.0252
-3.5305,-2.8167
-4.7369,-4.7493
-4.7369,-4.989
-4.7369,-4.4264
-4.7369,-5.3214
-4.7369,-3.7861
-4.7369,-4.4059
-4.7369,-4.6888
-4.7369,-5.4827
-4.7369,-5.1937
-4.7369,-4.2387
-4.7369,-5.0519
-4.7369,-5.5944
-4.7369,-5.4818
-4.7369,-4.134
3.6814,3.813
3.6814,4.3861
3.6814,4.4517
3.7034,4.3208
-6.3587,-5.5804
-6.3587,-5.5765
-6.3587,-6.3754
-6.3587,-5.935
-6.3587,-5.5485
-6.3587,-6.1422
5.5292,5.963
5.5292,5.5261
5.5292,5.6644
5.5292,5.503
5.5292,5.0721
5.5292,5.0095
5.5292,5.236
5.5292,6.1278
5.5292,4.5729
5.5292,5.9913
5.5292,6.3439
5.5292,5.2453
-2.4254,-2.8204
-2.4254,-1.7019
-2.4254,-2.3601
-2.4254,-3.1881
-2.4254,-1.588
-2.4254,-1.9484
-2.4254,-2.7055
-2.4254,-1.9764
-2.4254,-2.0552
-4.5611,-4.8925
3.3941,3.6991
3.3941,3.0541
3.3941,2.7005
3.3941,3.2831
3.3941,3.8251
3.3941,2.4954
3.3941,2.7753
3.3941,3.6988
4.3315,4.8343
4.3315,5.149
4.3315,4.4186
4.3315,3.9329
4.3315,4.3652
4.3315,3.5403
4.3315,4.8125
4.3315,5.0108
4.3315,5.2453
-1.588,-1.7019
-1.588,-2.4254
-1.588,-1.4072
-1.588,-1.9764
-1.588,-2.0552
-1.588,-0.9824
-4.4461,-5.102
-4.4461,-4.4264
-4.4461,-4.8077
-4.4461,-4.012
-4.4461,-4.6888
-4.4461,-3.7885
-4.4461,-5.0061
-1.9484,-1.7713
-1.9484,-1.4251
-1.9484,-1.7019
-1.9484,-2.0853
-1.9484,-2.5646
-1.9484,-1.6456
-1.9484,-1.0998
-1.9484,-2.3601
-1.9484,-2.4254
-1.9484,-1.4072
-1.9484,-2.0552
-8.349,-7.9193
-8.349,-9.0714
5.257,5.0352
5.257,5.8117
5.257,4.3179
5.257,5.5096
6.7404,6.1342
6.7404,6.1205
6.7404,6.5391
-1.4072,-0.83534
-1.4072,-1.4251
-1.4072,-1.7019
-1.4072,-2.0853
-1.4072,-1.6456
-1.4072,-1.0998
-1.4072,-2.3601
-1.4072,-1.588
-1.4072,-1.9484
-1.4072,-0.759
-1.4072,-1.9764
-1.4072,-2.0552
-1.4072,-0.9824
5.2536,6.1045
5.2536,5.6474
5.2536,4.4517
5.2536,5.503
5.2536,5.0721
5.2536,4.8305
5.2536,5.5553
-1.4995,-2.3584
-1.4995,-1.7973
-1.4995,-1.1758
-1.4995,-2.4482
-1.4995,-1.1089
-1.4995,-2.1436
-1.4995,-1.8698
-1.4995,-1.6549
-2.8992,-2.4352
-2.8992,-2.0853
-2.8992,-2.5646
-2.8992,-2.3601
-2.8992,-2.2534
-5.1937,-5.5804
-5.1937,-5.102
-5.1937,-4.989
-5.1937,-4.4264
-5.1937,-5.935
-5.1937,-4.6888
-5.1937,-5.4827
-5.1937,-4.7369
-5.1937,-4.2387
-5.1937,-5.0519
-5.1937,-5.5485
-5.1937,-5.4818
-5.1937,-5.3257
-2.7055,-3.1881
-2.7055,-2.2837
-2.7055,-2.4254
-2.7055,-1.9764
4.3208,3.6991
4.3208,3.7034
4.5729,3.813
4.5729,4.8343
4.5729,3.9329
4.5729,4.4517
4.5729,5.503
4.5729,5.0721
4.5729,4.3652
4.5729,5.0095
4.5729,5.236
4.5729,5.5292
-4.2387,-4.989
-4.2387,-4.4264
-4.2387,-3.3912
-4.2387,-3.7861
-4.2387,-4.4059
-4.2387,-4.6888
-4.2387,-4.7369
-4.2387,-5.1937
-4.2387,-3.7885
-5.0519,-4.7493
-5.0519,-4.989
-5.0519,-5.3214
-5.0519,-5.935
-5.0519,-4.4059
-5.0519,-5.4827
-5.0519,-4.7369
-5.0519,-5.1937
-5.0519,-5.5944
-5.0519,-5.4818
-5.0519,-5.921
2.7753,2.5427
2.7753,3.2831
2.7753,2.4954
2.7753,3.3941
2.7753,3.6988
-8.1375,-8.7692
-8.1375,-8.5129
-8.1375,-7.59
-8.1375,-7.9193
-8.1375,-7.2066
-5.5485,-5.5804
-5.5485,-5.102
-5.5485,-4.989
-5.5485,-5.5765
-5.5485,-5.935
-5.5485,-4.6888
-5.5485,-5.4827
-5.5485,-6.3587
-5.5485,-5.1937
-5.5485,-5.4818
-5.5485,-5.3257
-5.5485,-6.3082
-5.5485,-6.1422
5.3811,6.1342
5.3811,4.6497
5.3811,5.7176
5.3811,5.149
5.3811,5.5261
5.3811,5.8117
5.3811,4.4186
5.3811,5.1014
5.3811,6.1205
5.3811,5.5096
5.3811,4.8125
5.3811,5.0108
5.3811,5.6687
5.3811,5.2453
3.5403,4.4186
3.5403,3.9329
3.5403,4.3315
-1.1089,-1.7973
-1.1089,-0.86256
-1.1089,-0.51316
-1.1089,-1.4995
-1.1089,-1.8698
-1.1089,-1.6549
-2.1436,-2.499
-2.1436,-2.3584
-2.1436,-3.1062
-2.1436,-1.7973
-2.1436,-1.1758
-2.1436,-2.8167
-2.1436,-2.4482
-2.1436,-1.4995
-2.1436,-1.8489
-2.1436,-1.6549
3.6988,3.6991
3.6988,4.0287
3.6988,3.2831
3.6988,3.8251
3.6988,3.2539
3.6988,3.3941
3.6988,2.7753
3.6988,4.5884
3.6988,4.4246
5.5096,5.0352
5.5096,4.6497
5.5096,5.7176
5.5096,5.8117
5.5096,6.2335
5.5096,5.1014
5.5096,5.257
5.5096,5.3811
-3.7885,-4.4264
-3.7885,-3.3912
-3.7885,-4.012
-3.7885,-4.4461
-3.7885,-4.2387
-9.0714,-8.349
-5.5944,-4.7493
-5.5944,-4.989
-5.5944,-5.3214
-5.5944,-5.935
-5.5944,-5.4827
-5.5944,-6.5017
-5.5944,-4.7369
-5.5944,-5.0519
-5.5944,-5.4818
-5.5944,-6.3082
-5.5944,-5.921
-5.4818,-5.5804
-5.4818,-4.989
-5.4818,-5.935
-5.4818,-4.6888
-5.4818,-5.4827
-5.4818,-4.7369
-5.4818,-5.1937
-5.4818,-5.0519
-5.4818,-5.5485
-5.4818,-5.5944
-5.4818,-5.3257
-5.4818,-6.3082
-5.4818,-6.1422
-1.8698,-2.3584
-1.8698,-1.7973
-1.8698,-1.9618
-1.8698,-2.4482
-1.8698,-1.4995
-1.8698,-1.1089
-1.8698,-2.7436
-5.7837,-5.5804
-5.7837,-5.102
-5.7837,-5.5765
-5.7837,-6.3754
-5.7837,-5.0061
-1.6883,-2.4352
-1.6883,-1.1922
-1.6883,-0.71341
-1.6883,-1.7713
-1.6883,-1.4251
-1.6883,-2.0853
-1.6883,-1.0998
-1.6883,-2.2534
-4.7014,-5.53
-4.7014,-4.7493
-4.7014,-5.3214
-4.7014,-4.134
4.8125,4.8343
4.8125,4.6497
4.8125,5.7176
4.8125,5.149
4.8125,4.4186
4.8125,5.1014
4.8125,4.3315
4.8125,5.3811
4.8125,5.0108
4.8125,5.6687
4.8125,5.2453
4.7916,5.7021
4.7916,4.2623
4.7916,5.032
5.0108,4.8343
5.0108,5.149
5.0108,5.5261
5.0108,5.6644
5.0108,4.4186
5.0108,4.3652
5.0108,5.236
5.0108,4.3315
5.0108,5.3811
5.0108,4.8125
5.0108,5.9913
5.0108,5.6687
5.0108,5.2453
-5.3257,-5.5804
-5.3257,-5.102
-5.3257,-5.5765
-5.3257,-4.4264
-5.3257,-4.8077
-5.3257,-4.6888
-5.3257,-5.1937
-5.3257,-5.5485
-5.3257,-5.4818
-5.3257,-6.1422
5.3384,5.3694
5.3384,5.5119
5.3384,5.8838
5.3384,5.9282
5.3384,4.9306
5.3384,4.7277
5.9913,5.963
5.9913,5.5261
5.9913,5.6644
5.9913,5.236
5.9913,6.1205
5.9913,6.1278
5.9913,5.5292
5.9913,5.0108
5.9913,5.6687
5.9913,6.5391
5.9913,5.2453
4.5884,4.0287
4.5884,3.6988
4.5884,4.4246
4.7277,5.3694
4.7277,5.0181
4.7277,4.3588
4.7277,4.9306
4.7277,5.3384
4.7277,4.1807
-2.2534,-2.4352
-2.2534,-1.7713
-2.2534,-1.4251
-2.2534,-2.0853
-2.2534,-2.5646
-2.2534,-2.3601
-2.2534,-2.8992
-2.2534,-1.6883
-6.3082,-5.935
-6.3082,-5.4827
-6.3082,-6.5017
-6.3082,-5.5485
-6.3082,-5.5944
-6.3082,-5.4818
-6.3082,-5.921
-6.3082,-6.1422
-6.3082,-6.6943
3.8905,4.6497
3.8905,4.4186
-6.3814,-5.53
-6.3814,-6.5017
-1.8489,-1.1758
-1.8489,-2.8167
-1.8489,-2.1436
-1.8489,-1.6549
6.3439,5.963
6.3439,6.1045
6.3439,5.503
6.3439,6.1278
6.3439,5.5292
-3.1807,-3.1687
-3.1807,-2.499
-3.1807,-2.3584
-3.1807,-3.1062
-3.1807,-3.5952
-3.1807,-2.4482
-3.1807,-3.4138
-3.1807,-2.7436
-5.4499,-6.1614
5.6687,6.1342
5.6687,5.7176
5.6687,5.149
5.6687,5.5261
5.6687,5.6644
5.6687,6.1205
5.6687,6.1278
5.6687,5.3811
5.6687,4.8125
5.6687,5.0108
5.6687,5.9913
5.6687,5.2453
6.7766,5.8838
6.7766,5.9282
6.7766,6.3426
-7.2066,-7.59
-7.2066,-7.9193
-7.2066,-8.1375
4.8305,5.6474
4.8305,4.3861
4.8305,4.4517
4.8305,5.0721
4.8305,5.2536
-5.103,-4.1218
-5.103,-4.8925
-5.921,-5.3214
-5.921,-5.935
-5.921,-5.4827
-5.921,-6.5017
-5.921,-5.0519
-5.921,-5.5944
-5.921,-6.3082
-5.0061,-5.5765
-5.0061,-4.8077
-5.0061,-4.4461
-5.0061,-5.7837
-6.1422,-5.5804
-6.1422,-5.5765
-6.1422,-5.935
-6.1422,-6.3587
-6.1422,-5.5485
-6.1422,-5.4818
-6.1422,-5.3257
-6.1422,-6.3082
-6.1422,-6.6943
-3.4138,-2.499
-3.4138,-4.0252
-3.4138,-4.1218
-3.4138,-3.1062
-3.4138,-3.5952
-3.4138,-2.8167
-3.4138,-3.1807
6.5391,5.6644
6.5391,6.1205
6.5391,6.1278
6.5391,6.7404
6.5391,5.9913
-2.7436,-3.1687
-2.7436,-2.3584
-2.7436,-1.7973
-2.7436,-3.5952
-2.7436,-1.9618
-2.7436,-2.4482
-2.7436,-1.8698
-2.7436,-3.1807
-6.6943,-5.935
-6.6943,-6.5017
-6.6943,-6.3082
-6.6943,-6.1422
-0.759,-0.83534
-0.759,-1.4251
-0.759,-1.6456
-0.759,0.088659
-0.759,-1.0998
-0.759,-1.4072
-0.759,-0.72505
1.8679,2.5427
1.8679,1.7166
5.2453,4.8343
5.2453,5.149
5.2453,5.5261
5.2453,5.6644
5.2453,4.3652
5.2453,5.0095
5.2453,5.236
5.2453,6.1278
5.2453,5.5292
5.2453,4.3315
5.2453,5.3811
5.2453,4.8125
5.2453,5.0108
5.2453,5.9913
5.2453,5.6687
-1.9764,-2.8204
-1.9764,-1.7019
-1.9764,-2.2837
-1.9764,-2.4254
-1.9764,-1.588
-1.9764,-1.4072
-1.9764,-2.7055
-1.9764,-2.0552
4.1807,4.8195
4.1807,4.9306
4.1807,4.7277
-1.6549,-2.499
-1.6549,-2.3584
-1.6549,-1.7973
-1.6549,-1.1758
-1.6549,-1.4995
-1.6549,-1.1089
-1.6549,-2.1436
-1.6549,-1.8489
-6.1614,-5.4499
-4.134,-4.7493
-4.134,-3.7861
-4.134,-4.4059
-4.134,-4.7369
-4.134,-4.7014
4.4246,3.6991
4.4246,3.8251
4.4246,3.6988
4.4246,4.5884
-0.72505,-0.71341
-0.72505,-1.4251
-0.72505,-1.0998
-0.72505,-0.759
-2.0552,-2.8204
-2.0552,-1.7019
-2.0552,-1.6456
-2.0552,-2.3601
-2.0552,-2.4254
-2.0552,-1.588
-2.0552,-1.9484
-2.0552,-1.4072
-2.0552,-1.9764
5.5553,5.6474
5.5553,5.2536
-0.9824,-0.83534
-0.9824,-1.7019
-0.9824,-1.588
-0.9824,-1.4072
-9.8488,-10
9.4836,10
