-0.40916,0.20474
-0.40916,-1.0843
-0.40916,-1.2577
-0.40916,-0.044585
-0.40916,-0.62998
-3.8201,-3.6157
-3.8201,-2.9438
-3.8201,-3.2481
-3.8201,-3.5388
-3.8201,-4.5396
-3.8201,-4.1519
-3.2343,-3.7991
-3.2343,-2.7282
-3.2343,-3.6661
-3.2343,-3.2062
-3.2343,-2.8506
-3.2343,-3.9559
-3.2343,-3.3849
-3.2343,-2.7857
-3.2343,-2.284
-3.2343,-3.6
-3.2343,-2.5778
-2.9444,-3.3317
-2.9444,-2.3193
-2.9444,-2.5259
-2.9444,-2.9438
-2.9444,-2.8506
-2.9444,-3.2481
-2.9444,-2.3774
-2.9444,-3.5388
-2.9444,-3.3849
-2.9444,-2.7857
-2.9444,-3.6
-0.55348,-0.94157
-0.55348,0.058914
-0.55348,-1.1829
-2.4032,-3.0553
-2.4032,-1.543
-2.4032,-3.2428
-2.4032,-1.9846
-2.4032,-2.005
-2.4032,-2.3883
-2.4032,-2.5321
-2.4032,-1.8624
-2.4032,-1.5914
-2.4032,-2.5265
-2.4032,-2.2403
-2.4032,-1.6867
-2.4032,-2.8393
-2.4032,-2.8867
-3.0553,-2.4032
-3.0553,-3.2428
-3.0553,-3.6863
-3.0553,-2.5321
-3.0553,-2.5265
-3.0553,-3.6839
-3.0553,-2.8958
-3.0553,-3.4263
-3.0553,-2.8867
-5.1931,-5.2624
-5.1931,-4.4811
-5.1931,-4.5511
-5.1931,-4.4761
2.7488,2.483
2.7488,3.089
2.7488,2.1671
2.7488,1.9112
2.7488,3.3537
-1.543,-2.4032
-1.543,-1.9846
-1.543,-2.005
-1.543,-0.94157
-1.543,-2.5321
-1.543,-1.1093
-1.543,-1.8624
-1.543,-1.5914
-1.543,-0.81151
-1.543,-1.5335
-1.543,-0.69127
-1.543,-1.2577
-1.543,-1.2155
3.7715,3.089
3.7715,4.3418
3.7715,3.6468
3.7715,3.3537
3.7715,4.0736
-3.7991,-3.2343
-3.7991,-3.6661
-3.7991,-4.4811
-3.7991,-3.2062
-3.7991,-3.9559
-3.7991,-4.4521
-3.3317,-2.9444
-3.3317,-4.0317
-3.3317,-2.9438
-3.3317,-2.8506
-3.3317,-3.9559
-3.3317,-3.2481
-3.3317,-2.3774
-3.3317,-3.5388
-3.3317,-3.3849
-3.3317,-2.7857
-3.3317,-3.6
-3.3317,-4.1519
4.3195,4.7809
4.3195,4.8178
4.3195,4.1388
4.3195,3.7605
4.3195,5.1356
4.3195,3.6645
4.3195,4.2179
4.3195,4.184
3.0657,2.2922
3.0657,2.863
3.0657,2.7088
3.0657,2.5865
3.0657,3.4378
3.0657,3.7167
3.0657,3.1938
3.0657,3.7225
3.0657,3.1344
3.0657,2.5593
3.0657,2.1637
3.0657,3.2407
1.7527,0.84294
1.7527,1.0597
1.7527,1.419
1.7527,1.13
1.7527,2.1903
1.7527,2.7108
1.7527,1.8108
1.7527,1.2713
1.7527,2.2009
1.7527,2.1667
-3.2428,-2.4032
-3.2428,-3.0553
-3.2428,-3.6863
-3.2428,-2.3883
-3.2428,-3.3565
-3.2428,-2.5321
-3.2428,-3.6839
-3.2428,-2.8393
-3.2428,-3.4263
-3.2428,-2.8867
6.6868,6.2286
-1.9846,-2.4032
-1.9846,-1.543
-1.9846,-2.005
-1.9846,-2.3883
-1.9846,-2.5321
-1.9846,-1.1093
-1.9846,-1.8624
-1.9846,-1.5914
-1.9846,-2.2403
-1.9846,-1.6867
-1.9846,-2.8393
-1.9846,-1.2577
-1.9846,-2.8867
4.7809,4.3195
4.7809,4.8254
4.7809,4.8178
4.7809,5.508
4.7809,4.1388
4.7809,4.2815
4.7809,5.4264
4.7809,4.184
-2.3193,-2.9444
-2.3193,-2.7282
-2.3193,-1.6302
-2.3193,-1.7598
-2.3193,-2.8506
-2.3193,-2.3774
-2.3193,-2.7857
-2.3193,-2.284
-2.3193,-1.9401
-2.7282,-3.2343
-2.7282,-2.3193
-2.7282,-3.6661
-2.7282,-3.2062
-2.7282,-2.8506
-2.7282,-3.3849
-2.7282,-2.7857
-2.7282,-1.8744
-2.7282,-2.284
-2.7282,-2.5778
0.16151,0.5749
0.16151,0.039818
0.16151,0.86938
0.16151,-0.624
2.0622,1.512
2.0622,2.6667
2.0622,2.3474
2.0622,1.712
2.0622,2.8932
2.0622,2.2227
2.0622,1.3082
2.0622,2.1084
0.84294,1.7527
0.84294,1.0597
0.84294,1.419
0.84294,1.13
0.84294,0.59366
0.84294,0.4019
0.84294,0.073226
0.84294,0.26329
2.2922,3.0657
2.2922,2.863
2.2922,2.492
2.2922,2.5865
2.2922,1.8335
2.2922,1.996
2.2922,1.9305
2.2922,1.5525
2.2922,3.1344
2.2922,2.5593
2.2922,1.4308
2.2922,2.1637
-1.7441,-2.5259
-1.7441,-2.6572
-1.7441,-1.9085
1.0597,1.7527
1.0597,0.84294
1.0597,1.419
1.0597,1.13
1.0597,0.4019
1.0597,1.2713
4.8254,4.7809
4.8254,5.508
4.8254,4.2815
4.8254,4.8056
4.8254,4.326
4.8254,4.184
-3.6863,-3.0553
-3.6863,-3.2428
-3.6863,-3.3565
-3.6863,-3.6839
-3.6863,-2.8393
-3.6863,-4.2593
-3.6863,-2.8867
-3.6863,-4.1215
1.102,1.5525
1.102,1.1953
1.102,0.5749
1.102,1.712
1.102,0.94919
1.102,0.5231
1.102,1.6262
1.102,1.3082
1.102,0.86938
3.1382,3.8329
3.1382,2.8193
3.1382,2.7108
3.1382,3.7511
3.1382,2.2009
3.1382,2.7896
3.1382,3.3688
5.6393,6.1485
2.863,3.0657
2.863,2.2922
2.863,2.492
2.863,2.5865
2.863,3.4378
2.863,3.7167
2.863,3.1344
2.863,2.5593
2.863,2.1637
2.863,3.2407
2.863,3.6645
-2.005,-2.4032
-2.005,-1.543
-2.005,-1.9846
-2.005,-2.3883
-2.005,-2.5321
-2.005,-1.8624
-2.005,-1.5914
-2.005,-2.5265
-2.005,-1.5335
-2.005,-2.2343
-2.005,-2.8867
-2.005,-1.2155
-2.3883,-2.4032
-2.3883,-3.2428
-2.3883,-1.9846
-2.3883,-2.005
-2.3883,-3.3565
-2.3883,-2.5321
-2.3883,-2.1289
-2.3883,-1.5914
-2.3883,-2.2403
-2.3883,-1.6867
-2.3883,-2.8393
-2.3883,-2.8867
-2.3883,-2.7901
1.419,1.7527
1.419,0.84294
1.419,1.0597
1.419,1.13
1.419,2.1903
1.419,1.8108
1.419,1.3372
1.419,2.2009
-2.6023,-2.1289
-2.6023,-2.2403
-2.6023,-3.4083
-2.6023,-2.7901
-0.44192,-1.1093
-0.44192,-0.81151
-0.44192,0.073226
-0.44192,-0.69127
-0.44192,-1.2577
-0.44192,0.26329
-0.44192,-0.044585
-0.44192,-1.2155
-0.44192,-0.26727
-0.44192,-0.62998
-1.2272,-1.6302
-1.2272,-0.72227
-1.2272,-1.7598
-1.2272,-1.0298
-1.2272,-1.3101
-1.2272,-0.624
-1.2272,-0.54826
-1.2272,-1.9401
-0.94157,-0.55348
-0.94157,-1.543
-0.94157,-1.8624
-0.94157,-0.81151
-0.94157,-1.5335
-0.94157,-0.69127
-0.94157,0.058914
-0.94157,-1.1829
-0.94157,-1.8194
-0.94157,-1.2155
-0.94157,-0.26727
4.8178,4.3195
4.8178,4.7809
4.8178,4.1388
4.8178,5.4264
4.8178,5.1356
4.8178,4.184
-3.3565,-3.2428
-3.3565,-3.6863
-3.3565,-2.3883
-3.3565,-2.8393
-3.3565,-3.4083
-3.3565,-2.8867
-3.3565,-2.7901
-3.3565,-4.1215
2.483,2.7488
2.483,3.089
2.483,2.1671
2.483,1.9112
2.483,2.1903
2.483,2.7108
2.483,1.8108
2.483,2.7896
6.2286,6.6868
3.089,2.7488
3.089,3.7715
3.089,2.483
3.089,3.6468
3.089,3.3537
3.089,2.7896
3.089,3.3688
2.7088,3.0657
2.7088,2.5865
2.7088,1.996
2.7088,2.6667
2.7088,2.3474
2.7088,3.1938
2.7088,2.8932
2.7088,2.5593
2.7088,3.2805
2.7088,2.1637
2.7088,3.2407
2.7088,2.1084
-3.6661,-3.2343
-3.6661,-3.7991
-3.6661,-2.7282
-3.6661,-4.4811
-3.6661,-3.2062
-3.6661,-2.8506
-3.6661,-3.9559
-3.6661,-3.3849
-3.6661,-4.4761
-3.6661,-4.4521
-3.6661,-3.6
-5.2624,-5.1931
-5.2624,-4.5511
-5.2624,-4.5396
2.492,2.2922
2.492,2.863
2.492,1.8335
2.492,1.9305
2.492,3.045
2.492,3.1344
0.20474,-0.40916
0.20474,0.88158
0.20474,0.59366
0.20474,-0.044585
-4.0317,-3.3317
-4.0317,-4.5511
-4.0317,-3.9559
-4.0317,-3.5388
-4.0317,-3.3849
-4.0317,-4.4761
-4.0317,-3.6
-4.0317,-4.1519
0.88158,0.20474
0.88158,1.13
0.88158,0.59366
0.88158,1.3372
0.88158,1.3927
1.512,2.0622
1.512,1.712
1.512,2.2227
1.512,1.3082
1.512,0.86938
2.5865,3.0657
2.5865,2.2922
2.5865,2.863
2.5865,2.7088
2.5865,3.4378
2.5865,1.8335
2.5865,1.996
2.5865,3.1344
2.5865,2.5593
2.5865,2.1637
2.5865,3.2407
2.5865,2.1084
3.4378,3.0657
3.4378,2.863
3.4378,2.5865
3.4378,3.7167
3.4378,3.7225
3.4378,4.1388
3.4378,3.1344
3.4378,3.2407
3.4378,3.6645
3.4378,4.184
3.8329,3.1382
3.8329,3.7511
3.8329,3.6468
3.8329,3.3688
3.8329,4.493
-4.4811,-5.1931
-4.4811,-3.7991
-4.4811,-3.6661
-4.4811,-3.9559
-4.4811,-4.4761
-4.4811,-4.4521
-2.5321,-2.4032
-2.5321,-3.0553
-2.5321,-1.543
-2.5321,-3.2428
-2.5321,-1.9846
-2.5321,-2.005
-2.5321,-2.3883
-2.5321,-1.8624
-2.5321,-2.5265
-2.5321,-2.2343
-2.5321,-2.8393
-2.5321,-2.8958
-2.5321,-2.8867
-1.7235,-1.1829
-1.7235,-2.3925
-1.7235,-1.8194
4.3418,3.7715
4.3418,3.6468
4.3418,4.0736
4.3418,4.493
-2.5259,-2.9444
-2.5259,-1.7441
-2.5259,-2.9438
-2.5259,-2.6572
-2.5259,-3.2481
-2.5259,-2.3774
-2.5259,-1.9085
-2.5259,-1.9401
2.1671,2.7488
2.1671,2.483
2.1671,1.9112
2.1671,1.3927
-3.2062,-3.2343
-3.2062,-3.7991
-3.2062,-2.7282
-3.2062,-3.6661
-3.2062,-2.5778
1.13,1.7527
1.13,0.84294
1.13,1.0597
1.13,1.419
1.13,0.88158
1.13,0.59366
1.13,1.9112
1.13,1.8108
1.13,1.3372
1.13,0.26329
-2.1289,-2.3883
-2.1289,-2.6023
-2.1289,-2.2403
-2.1289,-1.6867
-2.1289,-1.6715
-2.1289,-2.7901
1.8335,2.2922
1.8335,2.492
1.8335,2.5865
1.8335,1.996
1.8335,1.9305
1.8335,1.5525
1.8335,1.1301
1.8335,0.98008
1.8335,1.4308
1.8335,2.1637
0.59366,0.84294
0.59366,0.20474
0.59366,0.88158
0.59366,1.13
0.59366,0.073226
0.59366,1.3372
0.59366,0.26329
0.59366,-0.044585
-3.6157,-3.8201
-3.6157,-2.6572
-3.6157,-3.2481
1.996,2.2922
1.996,2.7088
1.996,2.5865
1.996,1.8335
1.996,1.5525
1.996,1.1953
1.996,2.3474
1.996,1.712
1.996,2.5593
1.996,1.6262
1.996,2.1637
1.996,2.1084
2.6667,2.0622
2.6667,2.7088
2.6667,3.0929
2.6667,2.3474
2.6667,3.1938
2.6667,2.8932
2.6667,3.2805
2.6667,2.2227
-1.0843,-0.40916
-1.0843,-1.1093
-1.0843,-1.6867
-1.0843,-1.2577
-1.0843,-1.6715
-1.0843,-0.62998
-1.6302,-2.3193
-1.6302,-1.2272
-1.6302,-1.7598
-1.6302,-1.0298
-1.6302,-1.8744
-1.6302,-2.284
-2.9438,-3.8201
-2.9438,-2.9444
-2.9438,-3.3317
-2.9438,-2.5259
-2.9438,-2.6572
-2.9438,-3.2481
-2.9438,-2.3774
-2.9438,-3.5388
-2.9438,-2.7857
3.0929,2.6667
3.0929,3.9189
3.0929,3.2805
3.0929,2.2227
-4.0841,-3.4479
-4.0841,-3.6839
-4.0841,-4.2593
-4.0841,-3.4263
-1.1093,-1.543
-1.1093,-1.9846
-1.1093,-0.44192
-1.1093,-1.0843
-1.1093,-1.5914
-1.1093,-0.81151
-1.1093,-1.6867
-1.1093,-0.69127
-1.1093,-1.2577
-1.1093,-1.2155
-1.1093,-0.62998
2.8193,3.1382
2.8193,2.7108
2.8193,3.7511
2.8193,2.2009
2.8193,2.1667
1.9112,2.7488
1.9112,2.483
1.9112,2.1671
1.9112,1.13
1.9112,2.1903
1.9112,1.8108
1.9112,1.3372
1.9112,1.3927
0.4019,0.84294
0.4019,1.0597
0.4019,0.073226
0.4019,0.058914
0.4019,0.26329
0.4019,-0.26727
-1.8624,-2.4032
-1.8624,-1.543
-1.8624,-1.9846
-1.8624,-2.005
-1.8624,-0.94157
-1.8624,-2.5321
-1.8624,-1.5914
-1.8624,-2.5265
-1.8624,-1.5335
-1.8624,-2.2343
-1.8624,-1.8194
-1.8624,-1.2155
2.1903,1.7527
2.1903,1.419
2.1903,2.483
2.1903,1.9112
2.1903,2.7108
2.1903,1.8108
2.1903,2.2009
2.1903,2.7896
-0.72227,-1.2272
-0.72227,-1.3101
-0.72227,-0.85277
-0.72227,-0.028321
-0.72227,-0.54826
-0.72227,-0.11739
0.21842,1.1301
0.21842,0.98008
0.21842,0.46967
0.21842,-0.11739
1.9305,2.2922
1.9305,2.492
1.9305,1.8335
1.9305,1.1301
1.9305,1.4308
-2.6572,-1.7441
-2.6572,-2.5259
-2.6572,-3.6157
-2.6572,-2.9438
-2.6572,-3.2481
-1.5914,-2.4032
-1.5914,-1.543
-1.5914,-1.9846
-1.5914,-2.005
-1.5914,-2.3883
-1.5914,-1.1093
-1.5914,-1.8624
-1.5914,-0.81151
-1.5914,-1.6867
-1.5914,-1.2577
-1.5914,-1.2155
1.5525,2.2922
1.5525,1.102
1.5525,1.8335
1.5525,1.996
1.5525,1.1953
1.5525,0.98008
1.5525,0.94919
1.5525,1.4308
1.5525,1.6262
1.5525,2.1637
1.5525,2.1084
-1.7598,-2.3193
-1.7598,-1.2272
-1.7598,-1.6302
-1.7598,-2.3774
-1.7598,-1.3101
-1.7598,-2.284
-1.7598,-1.9085
-1.7598,-1.9401
5.508,4.7809
5.508,4.8254
5.508,5.4264
2.7108,1.7527
2.7108,3.1382
2.7108,2.483
2.7108,2.8193
2.7108,2.1903
2.7108,2.2009
2.7108,2.1667
2.7108,2.7896
2.7108,3.3688
-2.8506,-3.2343
-2.8506,-2.9444
-2.8506,-3.3317
-2.8506,-2.3193
-2.8506,-2.7282
-2.8506,-3.6661
-2.8506,-2.3774
-2.8506,-3.3849
-2.8506,-2.7857
-2.8506,-2.284
-2.8506,-3.6
-2.8506,-2.5778
1.1953,1.102
1.1953,1.996
1.1953,1.5525
1.1953,0.5749
1.1953,0.98008
1.1953,1.712
1.1953,0.94919
1.1953,0.5231
1.1953,1.6262
1.1953,1.3082
1.1953,2.1084
2.3474,2.0622
2.3474,2.7088
2.3474,1.996
2.3474,2.6667
2.3474,3.1938
2.3474,1.712
2.3474,2.8932
2.3474,2.5593
2.3474,3.2805
2.3474,1.6262
2.3474,2.1084
-3.4479,-4.0841
-3.4479,-2.8708
-3.4479,-2.8958
-3.4479,-3.4263
6.1485,5.6393
-2.8708,-3.4479
-2.8708,-2.3925
-2.8708,-2.8958
3.7167,3.0657
3.7167,2.863
3.7167,3.4378
3.7167,3.1938
3.7167,3.7225
3.7167,4.1388
3.7167,4.2815
3.7167,3.7077
3.7167,3.2407
3.7167,3.6645
3.7167,4.184
-2.5265,-2.4032
-2.5265,-3.0553
-2.5265,-2.005
-2.5265,-2.5321
-2.5265,-1.8624
-2.5265,-2.2343
-2.5265,-2.3925
-2.5265,-2.8958
-2.5265,-1.8194
-2.5265,-3.4263
-2.5265,-2.8867
-0.81151,-1.543
-0.81151,-0.44192
-0.81151,-0.94157
-0.81151,-1.1093
-0.81151,-1.5914
-0.81151,0.073226
-0.81151,-0.69127
-0.81151,-1.2577
-0.81151,-1.2155
-0.81151,-0.26727
-0.81151,-0.62998
3.7511,3.1382
3.7511,3.8329
3.7511,2.8193
0.5749,0.16151
0.5749,1.102
0.5749,1.1953
0.5749,0.039818
0.5749,0.94919
0.5749,0.5231
0.5749,1.3082
0.5749,0.86938
0.5749,-0.028321
1.1301,1.8335
1.1301,0.21842
1.1301,1.9305
1.1301,0.98008
1.1301,1.4308
3.9189,3.0929
3.9189,3.2805
3.9189,3.9067
3.1938,3.0657
3.1938,2.7088
3.1938,2.6667
3.1938,2.3474
3.1938,3.7167
3.1938,3.7225
3.1938,3.7077
3.1938,2.8932
3.1938,2.5593
3.1938,3.2805
3.1938,3.9067
3.1938,3.2407
3.6468,3.7715
3.6468,3.089
3.6468,3.8329
3.6468,4.3418
3.6468,2.7896
3.6468,3.3688
3.6468,4.493
3.3537,2.7488
3.3537,3.7715
3.3537,3.089
3.3537,4.0736
3.7225,3.0657
3.7225,3.4378
3.7225,3.7167
3.7225,3.1938
3.7225,4.2815
3.7225,3.7077
3.7225,3.9067
3.7225,3.2407
3.7225,4.326
3.7225,4.184
4.1388,4.3195
4.1388,4.7809
4.1388,4.8178
4.1388,3.4378
4.1388,3.7167
4.1388,4.2815
4.1388,3.7605
4.1388,3.6645
4.1388,4.184
-2.2403,-2.4032
-2.2403,-1.9846
-2.2403,-2.3883
-2.2403,-2.6023
-2.2403,-2.1289
-2.2403,-1.6867
-2.2403,-2.8393
-2.2403,-1.6715
-2.2403,-2.7901
-1.0298,-1.2272
-1.0298,-1.6302
-1.0298,-1.8744
-1.0298,-0.624
-1.0298,-0.54826
-1.6867,-2.4032
-1.6867,-1.9846
-1.6867,-2.3883
-1.6867,-2.1289
-1.6867,-1.0843
-1.6867,-1.1093
-1.6867,-1.5914
-1.6867,-2.2403
-1.6867,-1.2577
-1.6867,-1.6715
4.2815,4.7809
4.2815,4.8254
4.2815,3.7167
4.2815,3.7225
4.2815,4.1388
4.2815,3.7077
4.2815,4.326
4.2815,4.184
-4.5511,-5.1931
-4.5511,-5.2624
-4.5511,-4.0317
-4.5511,-3.9559
-4.5511,-4.5396
-4.5511,-4.4761
-4.5511,-3.6
-4.5511,-4.1519
0.039818,0.16151
0.039818,0.5749
0.039818,0.5231
0.039818,-0.028321
0.039818,-0.624
0.039818,-0.54826
0.98008,1.8335
0.98008,0.21842
0.98008,1.5525
0.98008,1.1953
0.98008,1.1301
0.98008,0.94919
0.98008,0.46967
0.98008,0.5231
0.98008,1.4308
-1.5335,-1.543
-1.5335,-2.005
-1.5335,-0.94157
-1.5335,-1.8624
-1.5335,-2.2343
-1.5335,-0.69127
-1.5335,-1.1829
-1.5335,-1.8194
-1.5335,-1.2155
1.8108,1.7527
1.8108,1.419
1.8108,2.483
1.8108,1.13
1.8108,1.9112
1.8108,2.1903
1.8108,1.3372
1.8108,2.2009
1.8108,2.7896
1.712,2.0622
1.712,1.102
1.712,1.512
1.712,1.996
1.712,1.1953
1.712,2.3474
1.712,1.6262
1.712,1.3082
1.712,2.1084
0.073226,0.84294
0.073226,-0.44192
0.073226,0.59366
0.073226,0.4019
0.073226,-0.81151
0.073226,-0.69127
0.073226,0.058914
0.073226,0.26329
0.073226,-0.044585
0.073226,-0.26727
3.7077,3.7167
3.7077,3.1938
3.7077,3.7225
3.7077,4.2815
3.7077,2.8932
3.7077,3.2805
3.7077,3.9067
3.7077,3.2407
3.7077,4.326
-3.9559,-3.2343
-3.9559,-3.7991
-3.9559,-3.3317
-3.9559,-3.6661
-3.9559,-4.0317
-3.9559,-4.4811
-3.9559,-4.5511
-3.9559,-3.3849
-3.9559,-4.4761
-3.9559,-3.6
1.2713,1.7527
1.2713,1.0597
1.2713,2.1667
-2.2343,-2.005
-2.2343,-2.5321
-2.2343,-1.8624
-2.2343,-2.5265
-2.2343,-1.5335
-2.2343,-2.3925
-2.2343,-2.8958
-2.2343,-1.8194
5.4264,4.7809
5.4264,4.8178
5.4264,5.508
0.94919,1.102
0.94919,1.5525
0.94919,1.1953
0.94919,0.5749
0.94919,0.98008
0.94919,0.46967
0.94919,0.5231
0.94919,1.4308
0.94919,1.6262
0.94919,-0.028321
3.045,2.492
3.045,3.1344
3.045,3.7605
3.045,3.6645
4.8056,4.8254
4.8056,3.9067
4.8056,4.326
-3.6839,-3.0553
-3.6839,-3.2428
-3.6839,-3.6863
-3.6839,-4.0841
-3.6839,-4.2593
-3.6839,-3.4263
-3.6839,-2.8867
-2.8393,-2.4032
-2.8393,-3.2428
-2.8393,-1.9846
-2.8393,-3.6863
-2.8393,-2.3883
-2.8393,-3.3565
-2.8393,-2.5321
-2.8393,-2.2403
-2.8393,-2.8867
-2.8393,-2.7901
3.1344,3.0657
3.1344,2.2922
3.1344,2.863
3.1344,2.492
3.1344,2.5865
3.1344,3.4378
3.1344,3.045
3.1344,3.7605
3.1344,3.6645
1.3372,1.419
1.3372,0.88158
1.3372,1.13
1.3372,0.59366
1.3372,1.9112
1.3372,1.8108
1.3372,1.3927
-3.2481,-3.8201
-3.2481,-2.9444
-3.2481,-3.3317
-3.2481,-2.5259
-3.2481,-3.6157
-3.2481,-2.9438
-3.2481,-2.6572
-3.2481,-3.5388
2.8932,2.0622
2.8932,2.7088
2.8932,2.6667
2.8932,2.3474
2.8932,3.1938
2.8932,3.7077
2.8932,2.5593
2.8932,3.2805
2.8932,3.2407
2.8932,2.1084
2.5593,3.0657
2.5593,2.2922
2.5593,2.863
2.5593,2.7088
2.5593,2.5865
2.5593,1.996
2.5593,2.3474
2.5593,3.1938
2.5593,2.8932
2.5593,1.6262
2.5593,2.1637
2.5593,3.2407
2.5593,2.1084
-3.4083,-2.6023
-3.4083,-3.3565
-3.4083,-2.7901
-3.4083,-4.1215
3.7605,4.3195
3.7605,4.1388
3.7605,3.045
3.7605,3.1344
3.7605,3.6645
3.7605,4.2179
2.2009,1.7527
2.2009,3.1382
2.2009,1.419
2.2009,2.8193
2.2009,2.1903
2.2009,2.7108
2.2009,1.8108
2.2009,2.1667
2.2009,2.7896
-0.69127,-1.543
-0.69127,-0.44192
-0.69127,-0.94157
-0.69127,-1.1093
-0.69127,-0.81151
-0.69127,-1.5335
-0.69127,0.073226
-0.69127,0.058914
-0.69127,-1.1829
-0.69127,-1.2155
-0.69127,-0.26727
0.46967,0.21842
0.46967,0.98008
0.46967,0.94919
0.46967,0.5231
0.46967,1.4308
0.46967,-0.028321
0.46967,-0.11739
0.5231,1.102
0.5231,1.1953
0.5231,0.5749
0.5231,0.039818
0.5231,0.98008
0.5231,0.94919
0.5231,0.46967
0.5231,-0.028321
0.5231,-0.11739
0.058914,-0.55348
0.058914,-0.94157
0.058914,0.4019
0.058914,0.073226
0.058914,-0.69127
0.058914,-0.26727
3.2805,2.7088
3.2805,2.6667
3.2805,3.0929
3.2805,2.3474
3.2805,3.9189
3.2805,3.1938
3.2805,3.7077
3.2805,2.8932
3.2805,3.9067
2.2227,2.0622
2.2227,1.512
2.2227,2.6667
2.2227,3.0929
-1.1829,-0.55348
-1.1829,-0.94157
-1.1829,-1.7235
-1.1829,-1.5335
-1.1829,-0.69127
-1.1829,-1.8194
-2.3925,-1.7235
-2.3925,-2.8708
-2.3925,-2.5265
-2.3925,-2.2343
-2.3925,-2.8958
-2.3925,-1.8194
-2.3774,-2.9444
-2.3774,-3.3317
-2.3774,-2.3193
-2.3774,-2.5259
-2.3774,-2.9438
-2.3774,-1.7598
-2.3774,-2.8506
-2.3774,-2.7857
-2.3774,-1.9085
-2.3774,-1.9401
-3.5388,-3.8201
-3.5388,-2.9444
-3.5388,-3.3317
-3.5388,-4.0317
-3.5388,-2.9438
-3.5388,-3.2481
-3.5388,-3.6
-3.5388,-4.1519
1.3927,0.88158
1.3927,2.1671
1.3927,1.9112
1.3927,1.3372
-4.2593,-3.6863
-4.2593,-4.0841
-4.2593,-3.6839
-4.2593,-4.1215
1.4308,2.2922
1.4308,1.8335
1.4308,1.9305
1.4308,1.5525
1.4308,1.1301
1.4308,0.98008
1.4308,0.94919
1.4308,0.46967
1.4308,2.1637
3.9067,3.9189
3.9067,3.1938
3.9067,3.7225
3.9067,3.7077
3.9067,4.8056
3.9067,3.2805
3.9067,4.326
-3.3849,-3.2343
-3.3849,-2.9444
-3.3849,-3.3317
-3.3849,-2.7282
-3.3849,-3.6661
-3.3849,-4.0317
-3.3849,-2.8506
-3.3849,-3.9559
-3.3849,-2.7857
-3.3849,-3.6
-1.3101,-1.2272
-1.3101,-0.72227
-1.3101,-1.7598
-1.3101,-0.85277
-1.3101,-1.9085
-1.3101,-1.9401
-4.5396,-3.8201
-4.5396,-5.2624
-4.5396,-4.5511
-4.5396,-4.1519
1.6262,1.102
1.6262,1.996
1.6262,1.5525
1.6262,1.1953
1.6262,2.3474
1.6262,1.712
1.6262,0.94919
1.6262,2.5593
1.6262,2.1637
1.6262,1.3082
1.6262,2.1084
2.1637,3.0657
2.1637,2.2922
2.1637,2.863
2.1637,2.7088
2.1637,2.5865
2.1637,1.8335
2.1637,1.996
2.1637,1.5525
2.1637,2.5593
2.1637,1.4308
2.1637,1.6262
2.1637,2.1084
-2.7857,-3.2343
-2.7857,-2.9444
-2.7857,-3.3317
-2.7857,-2.3193
-2.7857,-2.7282
-2.7857,-2.9438
-2.7857,-2.8506
-2.7857,-2.3774
-2.7857,-3.3849
-2.7857,-2.284
-2.7857,-3.6
-2.8958,-3.0553
-2.8958,-2.5321
-2.8958,-3.4479
-2.8958,-2.8708
-2.8958,-2.5265
-2.8958,-2.2343
-2.8958,-2.3925
-2.8958,-3.4263
2.1667,1.7527
2.1667,2.8193
2.1667,2.7108
2.1667,1.2713
2.1667,2.2009
-1.8194,-0.94157
-1.8194,-1.7235
-1.8194,-1.8624
-1.8194,-2.5265
-1.8194,-1.5335
-1.8194,-2.2343
-1.8194,-1.1829
-1.8194,-2.3925
1.3082,2.0622
1.3082,1.102
1.3082,1.512
1.3082,1.1953
1.3082,0.5749
1.3082,1.712
1.3082,1.6262
1.3082,0.86938
2.7896,3.1382
2.7896,2.483
2.7896,3.089
2.7896,2.1903
2.7896,2.7108
2.7896,3.6468
2.7896,1.8108
2.7896,2.2009
2.7896,3.3688
-1.2577,-0.40916
-1.2577,-1.543
-1.2577,-1.9846
-1.2577,-0.44192
-1.2577,-1.0843
-1.2577,-1.1093
-1.2577,-1.5914
-1.2577,-0.81151
-1.2577,-1.6867
-1.2577,-1.6715
-1.2577,-0.62998
0.26329,0.84294
0.26329,-0.44192
0.26329,1.13
0.26329,0.59366
0.26329,0.4019
0.26329,0.073226
0.26329,-0.044585
0.26329,-0.26727
0.26329,-0.62998
3.3688,3.1382
3.3688,3.089
3.3688,3.8329
3.3688,2.7108
3.3688,3.6468
3.3688,2.7896
3.2407,3.0657
3.2407,2.863
3.2407,2.7088
3.2407,2.5865
3.2407,3.4378
3.2407,3.7167
3.2407,3.1938
3.2407,3.7225
3.2407,3.7077
3.2407,2.8932
3.2407,2.5593
0.86938,0.16151
0.86938,1.102
0.86938,1.512
0.86938,0.5749
0.86938,1.3082
-3.4263,-3.0553
-3.4263,-3.2428
-3.4263,-4.0841
-3.4263,-3.4479
-3.4263,-2.5265
-3.4263,-3.6839
-3.4263,-2.8958
-1.8744,-2.7282
-1.8744,-1.6302
-1.8744,-1.0298
-1.8744,-2.284
-1.8744,-2.5778
-0.85277,-0.72227
-0.85277,-1.3101
-0.85277,-0.11739
-1.6715,-2.1289
-1.6715,-1.0843
-1.6715,-2.2403
-1.6715,-1.6867
-1.6715,-1.2577
-4.4761,-5.1931
-4.4761,-3.6661
-4.4761,-4.0317
-4.4761,-4.4811
-4.4761,-4.5511
-4.4761,-3.9559
-4.4761,-3.6
-2.284,-3.2343
-2.284,-2.3193
-2.284,-2.7282
-2.284,-1.6302
-2.284,-1.7598
-2.284,-2.8506
-2.284,-2.7857
-2.284,-1.8744
-2.284,-2.5778
-2.8867,-2.4032
-2.8867,-3.0553
-2.8867,-3.2428
-2.8867,-1.9846
-2.8867,-3.6863
-2.8867,-2.005
-2.8867,-2.3883
-2.8867,-3.3565
-2.8867,-2.5321
-2.8867,-2.5265
-2.8867,-3.6839
-2.8867,-2.8393
4.0736,3.7715
4.0736,4.3418
4.0736,3.3537
4.326,4.8254
4.326,3.7225
4.326,4.2815
4.326,3.7077
4.326,4.8056
4.326,3.9067
-0.044585,-0.40916
-0.044585,-0.44192
-0.044585,0.20474
-0.044585,0.59366
-0.044585,0.073226
-0.044585,0.26329
-0.044585,-0.62998
-4.4521,-3.7991
-4.4521,-3.6661
-4.4521,-4.4811
-0.028321,-0.72227
-0.028321,0.5749
-0.028321,0.039818
-0.028321,0.94919
-0.028321,0.46967
-0.028321,0.5231
-0.028321,-0.624
-0.028321,-0.54826
-0.028321,-0.11739
2.1084,2.0622
2.1084,2.7088
2.1084,2.5865
2.1084,1.996
2.1084,1.5525
2.1084,1.1953
2.1084,2.3474
2.1084,1.712
2.1084,2.8932
2.1084,2.5593
2.1084,1.6262
2.1084,2.1637
-0.624,0.16151
-0.624,-1.2272
-0.624,-1.0298
-0.624,0.039818
-0.624,-0.028321
-0.624,-0.54826
-3.6,-3.2343
-3.6,-2.9444
-3.6,-3.3317
-3.6,-3.6661
-3.6,-4.0317
-3.6,-2.8506
-3.6,-4.5511
-3.6,-3.9559
-3.6,-3.5388
-3.6,-3.3849
-3.6,-2.7857
-3.6,-4.4761
-3.6,-4.1519
-2.7901,-2.3883
-2.7901,-2.6023
-2.7901,-3.3565
-2.7901,-2.1289
-2.7901,-2.2403
-2.7901,-2.8393
-2.7901,-3.4083
-4.1519,-3.8201
-4.1519,-3.3317
-4.1519,-4.0317
-4.1519,-4.5511
-4.1519,-3.5388
-4.1519,-4.5396
-4.1519,-3.6
-0.54826,-1.2272
-0.54826,-0.72227
-0.54826,-1.0298
-0.54826,0.039818
-0.54826,-0.028321
-0.54826,-0.624
-0.54826,-0.11739
5.1356,4.3195
5.1356,4.8178
5.1356,5.0742
-0.11739,-0.72227
-0.11739,0.21842
-0.11739,0.46967
-0.11739,0.5231
-0.11739,-0.85277
-0.11739,-0.028321
-0.11739,-0.54826
-1.2155,-1.543
-1.2155,-2.005
-1.2155,-0.44192
-1.2155,-0.94157
-1.2155,-1.1093
-1.2155,-1.8624
-1.2155,-1.5914
-1.2155,-0.81151
-1.2155,-1.5335
-1.2155,-0.69127
-1.2155,-0.26727
3.6645,4.3195
3.6645,2.863
3.6645,3.4378
3.6645,3.7167
3.6645,4.1388
3.6645,3.045
3.6645,3.1344
3.6645,3.7605
3.6645,4.184
4.493,3.8329
4.493,4.3418
4.493,3.6468
-1.9085,-1.7441
-1.9085,-2.5259
-1.9085,-1.7598
-1.9085,-2.3774
-1.9085,-1.3101
-1.9085,-1.9401
-2.5778,-3.2343
-2.5778,-2.7282
-2.5778,-3.2062
-2.5778,-2.8506
-2.5778,-1.8744
-2.5778,-2.284
-1.9401,-2.3193
-1.9401,-1.2272
-1.9401,-2.5259
-1.9401,-1.7598
-1.9401,-2.3774
-1.9401,-1.3101
-1.9401,-1.9085
-0.26727,-0.44192
-0.26727,-0.94157
-0.26727,0.4019
-0.26727,-0.81151
-0.26727,0.073226
-0.26727,-0.69127
-0.26727,0.058914
-0.26727,0.26329
-0.26727,-1.2155
-4.1215,-3.6863
-4.1215,-3.3565
-4.1215,-3.4083
-4.1215,-4.2593
4.2179,4.3195
4.2179,3.7605
4.2179,5.0742
4.184,4.3195
4.184,4.7809
4.184,4.8254
4.184,4.8178
4.184,3.4378
4.184,3.7167
4.184,3.7225
4.184,4.1388
4.184,4.2815
4.184,3.6645
-0.62998,-0.40916
-0.62998,-0.44192
-0.62998,-1.0843
-0.62998,-1.1093
-0.62998,-0.81151
-0.62998,-1.2577
-0.62998,0.26329
-0.62998,-0.044585
5.0742,5.1356
5.0742,4.2179
