5.2368,5.2863
5.2368,5.1548
5.2368,4.4972
5.2368,6.082
5.2368,5.2906
5.2368,5.7323
5.2368,4.2309
5.2368,5.3446
5.2368,6.1129
5.2368,4.524
-2.9463,-3.7149
-2.9463,-2.2759
-2.9463,-2.8076
-2.9463,-3.5732
-2.9463,-2.0677
-6.5173,-6.398
-6.5173,-6.9
-6.5173,-5.7385
-2.9866,-2.2248
-2.9866,-3.4578
4.5144,3.5999
4.5144,4.6922
4.5144,5.0737
3.5999,4.5144
3.5999,3.0823
3.5999,4.0345
-4.4966,-4.6683
-4.4966,-4.1875
-4.4966,-5.3723
6.8052,6.2323
6.8052,5.966
6.8052,7.0928
6.8052,6.321
4.7668,4.423
5.0384,5.4611
5.0384,5.0129
5.0384,5.4417
-6.398,-6.5173
-6.398,-5.5536
-3.0702,-3.7149
-3.0702,-2.8076
-3.0702,-2.5836
-3.0702,-3.5732
-3.0702,-3.4578
0.018328,0.80339
0.018328,0.92647
0.018328,-0.12954
0.018328,-0.33814
0.018328,0.051332
0.018328,0.71257
-2.8407,-2.698
-2.8407,-3.678
-2.8407,-3.0389
-2.8407,-2.2764
-2.8407,-2.7583
-2.8407,-3.1597
5.632,5.0478
5.632,5.3583
5.632,6.2323
5.632,5.966
5.632,5.4611
5.632,4.9964
5.632,5.0129
4.279,4.9421
4.279,4.4583
4.279,4.238
4.279,4.6922
4.279,5.1406
4.279,4.0345
4.279,5.0737
5.0191,5.4417
4.9421,4.279
4.9421,5.4861
4.9421,4.4583
4.9421,4.238
4.9421,5.8123
4.9421,5.0618
4.9421,4.423
4.9421,5.1406
4.9421,4.0345
4.9421,5.0737
-2.2337,-1.9862
-2.2337,-3.1476
-2.2337,-2.6954
-6.9,-6.5173
-6.9,-6.4148
-6.9,-7.6874
-3.7149,-2.9463
-3.7149,-3.0702
-3.7149,-2.8076
-3.7149,-4.6683
-3.7149,-3.5732
-4.9169,-4.9047
-4.9169,-5.8257
-4.9169,-4.1267
-4.9169,-4.5178
-4.9169,-5.0589
-4.9047,-4.9169
-4.9047,-3.9701
-4.9047,-5.8257
-4.9047,-4.1267
-4.9047,-5.3864
-4.9047,-5.0589
5.0739,4.2569
5.0739,4.7069
5.0739,4.7215
-2.698,-2.8407
-2.698,-3.0389
-0.59593,-1.2258
-0.59593,-1.1436
-0.59593,-0.80727
4.2976,4.8985
-8.137,-8.679
-8.137,-7.8295
5.4861,4.9421
5.4861,6.002
5.4861,4.6922
5.4861,5.5867
5.4861,5.1406
5.4861,5.0737
-5.8218,-5.8257
-5.8218,-4.8398
-5.8218,-5.2609
-5.8218,-6.1432
-5.8218,-5.621
-5.8218,-5.0589
5.0478,5.632
5.0478,5.3583
5.0478,4.2316
5.0478,4.8985
5.0478,4.9964
0.80339,0.018328
0.80339,0.92647
0.80339,0.051332
0.80339,0.71257
-3.678,-2.8407
-3.678,-3.0389
-3.678,-3.9013
-3.678,-3.9131
-3.678,-2.7583
-3.678,-3.1597
5.7832,6.3685
6.9329,6.082
6.9329,6.7469
6.9329,6.3761
6.9329,6.0902
6.9329,7.0906
5.3583,5.632
5.3583,5.0478
5.3583,6.2323
5.3583,5.4279
5.3583,4.8985
5.3583,4.9964
6.002,5.4861
6.002,5.5867
6.002,5.1406
6.002,5.0737
4.3134,4.8991
4.3134,5.0527
4.3134,4.4972
4.3134,4.1827
4.3134,4.7215
4.3134,5.2185
4.3134,4.2744
4.3134,3.988
-3.9454,-3.9764
-3.9454,-4.8398
-3.9454,-4.5178
-3.9454,-3.9267
-3.9454,-4.1961
-3.9454,-3.4024
0.077861,-0.80727
0.077861,-0.55209
-1.9862,-2.2337
-1.9862,-2.6954
-1.9862,-2.469
-1.9862,-1.0511
-1.9862,-1.067
-1.9862,-1.7476
9.9919,9.0766
6.2323,6.8052
6.2323,5.632
6.2323,5.3583
6.2323,5.966
-0.026933,-0.12954
5.966,6.8052
5.966,5.632
5.966,6.2323
5.966,6.0544
5.966,5.4611
5.966,5.0129
5.966,6.321
-4.711,-3.9131
-4.711,-5.6895
-5.5536,-6.398
-5.5536,-5.3723
-5.5536,-5.7385
-2.2759,-2.9463
-2.2759,-2.8076
-2.2759,-1.7432
-2.2759,-2.5836
-2.2759,-1.7031
-2.2759,-2.0677
-0.86647,-1.6665
-0.86647,-1.0511
-0.86647,-1.067
-0.86647,-0.33814
-0.86647,-1.7476
-0.86647,0.051332
5.2863,5.2368
5.2863,4.8991
5.2863,5.1548
5.2863,4.4972
5.2863,6.082
5.2863,5.2906
5.2863,5.2185
5.2863,5.3446
-2.8076,-2.9463
-2.8076,-3.0702
-2.8076,-3.7149
-2.8076,-2.2759
-2.8076,-2.5836
-2.8076,-3.5732
5.9662,5.0527
5.9662,6.7469
5.9662,5.7444
5.9662,5.9777
5.9662,5.4017
-7.023,-6.0949
-3.0389,-2.8407
-3.0389,-2.698
-3.0389,-3.678
-3.0389,-3.9131
-3.0389,-3.5865
-3.0389,-2.7583
-2.7418,-2.6954
-2.7418,-2.469
-2.7418,-2.8855
-2.7418,-3.607
-2.7418,-2.7583
-2.7418,-1.7476
-2.7418,-3.1597
1.8908,0.92647
3.9335,3.5639
3.9335,4.4583
3.9335,4.423
3.9335,3.2041
3.5639,3.9335
3.5639,4.4583
3.5639,4.238
3.5639,4.423
3.5639,3.1193
3.5639,3.2041
3.5639,4.0345
6.9685,6.0812
-1.7432,-2.2759
-1.7432,-2.2248
-1.7432,-1.2258
-1.7432,-1.1436
-1.7432,-2.5836
-1.7432,-1.7031
-1.7432,-2.0506
4.8991,4.3134
4.8991,5.2863
4.8991,5.0527
4.8991,5.1548
4.8991,4.4972
4.8991,4.1827
4.8991,5.2185
4.8991,4.2744
4.8991,5.3446
4.8991,3.988
4.8991,5.4017
5.0527,4.3134
5.0527,5.9662
5.0527,4.8991
5.0527,5.7444
5.0527,4.7215
5.0527,5.2185
5.0527,4.2744
5.0527,5.4017
6.3685,5.7832
6.3685,5.7323
6.3685,6.1129
-3.9764,-3.9454
-3.9764,-4.8398
-3.9764,-4.1267
-3.9764,-4.5178
-3.9764,-3.088
-3.9764,-3.3098
-3.9764,-3.4024
5.1548,5.2368
5.1548,5.2863
5.1548,4.8991
5.1548,4.4972
5.1548,6.082
5.1548,5.2906
5.1548,4.1827
5.1548,4.2309
5.1548,5.2185
5.1548,5.3446
5.1548,4.524
-1.6214,-1.0521
-1.6214,-2.0677
-4.4939,-5.3382
-4.4939,-3.5865
-8.9134,-8.679
-8.9134,-9.7839
-8.9134,-9.3923
4.4972,5.2368
4.4972,4.3134
4.4972,5.2863
4.4972,4.8991
4.4972,5.1548
4.4972,4.1827
4.4972,4.2309
4.4972,5.2185
4.4972,5.3446
4.4972,3.988
-5.8709,-5.2609
-5.8709,-5.621
-2.2248,-2.9866
-2.2248,-1.7432
-2.2248,-2.5836
-2.2248,-1.7311
-2.2248,-2.0506
-8.679,-8.137
-8.679,-8.9134
-8.679,-7.8295
-1.2258,-0.59593
-1.2258,-1.7432
-1.2258,-1.1436
-1.2258,-0.80727
-1.2258,-1.7031
-1.2258,-2.0506
-1.2258,-1.2022
6.082,5.2368
6.082,6.9329
6.082,5.2863
6.082,5.1548
6.082,6.3761
6.082,6.0902
6.082,5.9777
6.082,5.3446
6.082,6.1129
4.2316,5.0478
4.2316,4.4018
4.2316,4.9964
6.7469,6.9329
6.7469,5.9662
6.7469,6.0902
6.7469,5.9777
4.2569,5.0739
4.2569,3.9849
4.2569,4.7069
4.4583,4.279
4.4583,4.9421
4.4583,3.9335
4.4583,3.5639
4.4583,4.238
4.4583,5.0618
4.4583,4.423
4.4583,4.0345
6.0544,5.966
6.0544,5.4611
6.0544,6.0812
6.0544,5.4417
6.0544,6.321
-3.1091,-3.9701
-3.1091,-2.1471
-3.1091,-3.088
-3.1091,-3.3098
-3.2737,-3.9267
-2.2764,-2.8407
-2.2764,-1.6665
-2.2764,-2.469
-2.2764,-2.7583
-2.2764,-3.1597
-1.1436,-0.59593
-1.1436,-1.7432
-1.1436,-1.2258
-1.1436,-1.7031
-1.1436,-1.0521
5.2906,5.2368
5.2906,5.2863
5.2906,5.1548
5.2906,5.7323
5.2906,6.1129
5.2906,4.524
-3.9701,-4.9047
-3.9701,-3.1091
-3.9701,-4.1267
-5.8257,-4.9169
-5.8257,-4.9047
-5.8257,-5.8218
-5.8257,-5.0589
-5.8257,-6.1483
-3.1476,-2.2337
-3.1476,-2.6954
-3.1476,-3.607
5.4611,5.0384
5.4611,5.632
5.4611,5.966
5.4611,6.0544
5.4611,4.9964
5.4611,5.0129
5.4611,6.321
-4.8398,-5.8218
-4.8398,-3.9454
-4.8398,-3.9764
-4.8398,-4.5178
-4.8398,-5.2609
-4.8398,-4.1961
-4.8398,-5.621
-4.8398,-5.0589
-4.1267,-4.9169
-4.1267,-4.9047
-4.1267,-3.9764
-4.1267,-3.9701
-4.1267,-4.5178
-4.1267,-3.3098
-3.9013,-3.678
-3.9013,-3.607
-3.9013,-3.1597
3.0823,3.5999
3.0823,3.1193
3.0823,4.0345
0.92647,0.018328
0.92647,0.80339
0.92647,1.8908
0.92647,1.0637
0.92647,0.71257
4.238,4.279
4.238,4.9421
4.238,3.5639
4.238,4.4583
4.238,4.6922
4.238,5.1406
4.238,4.0345
4.238,5.0737
-1.6665,-0.86647
-1.6665,-2.2764
-1.6665,-2.469
-1.6665,-1.7476
5.8123,4.9421
5.8123,5.0618
5.8123,5.1406
3.9849,4.2569
3.9849,4.7069
3.9849,4.7215
3.9849,4.2744
4.4018,4.2316
4.4018,4.9964
4.4018,5.0129
-4.5178,-4.9169
-4.5178,-3.9454
-4.5178,-3.9764
-4.5178,-4.8398
-4.5178,-4.1267
-4.5178,-4.1961
-4.5178,-5.0589
-2.1471,-3.1091
-2.1471,-2.3791
-2.1471,-3.088
-9.7839,-8.9134
-7.0841,-7.1577
-7.0841,-7.8295
6.0812,6.9685
6.0812,6.0544
6.0812,5.4417
7.0928,6.8052
7.0928,6.321
-2.6954,-2.2337
-2.6954,-1.9862
-2.6954,-2.7418
-2.6954,-3.1476
-2.6954,-2.469
-2.6954,-2.8855
-2.6954,-3.607
-2.6954,-1.7476
-2.469,-1.9862
-2.469,-2.7418
-2.469,-2.2764
-2.469,-1.6665
-2.469,-2.6954
-2.469,-2.8855
-2.469,-2.7583
-2.469,-1.7476
-2.469,-3.1597
5.7323,5.2368
5.7323,6.3685
5.7323,5.2906
5.7323,6.3761
5.7323,6.1129
-6.4148,-6.9
-6.4148,-5.7385
6.3761,6.9329
6.3761,6.082
6.3761,5.7323
6.3761,6.0902
6.3761,7.1044
6.3761,7.0906
6.3761,6.1129
-2.8855,-2.7418
-2.8855,-2.6954
-2.8855,-2.469
-2.8855,-3.607
-2.8855,-3.1597
-4.6683,-4.4966
-4.6683,-3.7149
-4.6683,-5.3723
-5.2609,-5.8218
-5.2609,-5.8709
-5.2609,-4.8398
-5.2609,-4.7051
-5.2609,-5.621
-2.3791,-2.1471
-2.3791,-2.9045
-2.3791,-3.088
-2.3791,-3.3098
-2.3791,-1.7064
4.1827,4.3134
4.1827,4.8991
4.1827,5.1548
4.1827,4.4972
4.1827,4.2309
4.1827,3.988
5.4279,5.3583
5.4279,4.8985
-6.0949,-7.023
-6.0949,-5.3382
-6.0949,-5.6895
-6.0949,-5.3864
-6.0949,-6.1483
6.0902,6.9329
6.0902,6.082
6.0902,6.7469
6.0902,6.3761
6.0902,5.2185
6.0902,5.9777
6.0902,5.3446
6.0902,5.4017
-3.607,-2.7418
-3.607,-3.1476
-3.607,-3.9013
-3.607,-2.6954
-3.607,-2.8855
-4.1875,-4.4966
-4.1875,-3.4578
4.7069,5.0739
4.7069,4.2569
4.7069,3.9849
4.7069,4.7215
5.0618,4.9421
5.0618,4.4583
5.0618,5.8123
5.0618,4.423
5.0618,5.1406
-0.12954,0.018328
-0.12954,-0.026933
-0.12954,-0.33814
-0.12954,0.71257
-3.9267,-3.9454
-3.9267,-3.2737
-3.9267,-4.1961
-3.9267,-4.7051
-3.9267,-3.4024
-1.0511,-1.9862
-1.0511,-0.86647
-1.0511,-1.067
-1.0511,-1.1501
-1.0511,-0.33814
-1.0511,-1.7476
-9.3923,-8.9134
4.6922,4.5144
4.6922,4.279
4.6922,5.4861
4.6922,4.238
4.6922,5.1406
4.6922,4.0345
4.6922,5.0737
7.1044,6.3761
7.1044,7.0906
7.1044,6.1129
-1.067,-1.9862
-1.067,-0.86647
-1.067,-1.0511
-1.067,-1.1501
-1.067,-0.33814
-1.067,-1.7476
5.7444,5.9662
5.7444,5.0527
5.7444,5.4017
-2.5836,-3.0702
-2.5836,-2.2759
-2.5836,-2.8076
-2.5836,-1.7432
-2.5836,-2.2248
-2.5836,-1.7031
-2.5836,-2.0506
-3.9131,-3.678
-3.9131,-4.711
-3.9131,-3.0389
-3.9131,-3.5865
-5.3382,-4.4939
-5.3382,-6.0949
-5.3382,-5.6895
-5.3382,-5.3864
9.0766,9.9919
9.0766,9.7694
-1.1501,-1.0511
-1.1501,-1.067
-1.1501,-0.33814
4.8985,4.2976
4.8985,5.0478
4.8985,5.3583
4.8985,5.4279
4.2309,5.2368
4.2309,5.1548
4.2309,4.4972
4.2309,4.1827
4.2309,4.524
-2.9045,-2.3791
-2.9045,-3.4024
-2.9045,-2.3688
-4.1961,-3.9454
-4.1961,-4.8398
-4.1961,-4.5178
-4.1961,-3.9267
-4.1961,-4.7051
-4.1961,-3.4024
4.7215,5.0739
4.7215,4.3134
4.7215,5.0527
4.7215,3.9849
4.7215,4.7069
4.7215,4.2744
-7.1577,-7.0841
-7.1577,-7.8295
-5.6895,-4.711
-5.6895,-6.0949
-5.6895,-5.3382
4.423,4.7668
4.423,4.9421
4.423,3.9335
4.423,3.5639
4.423,4.4583
4.423,5.0618
3.1193,3.5639
3.1193,3.0823
3.1193,3.2041
-0.80727,-0.59593
-0.80727,0.077861
-0.80727,-1.2258
-0.80727,-0.55209
-0.80727,-1.2022
-1.7031,-2.2759
-1.7031,-1.7432
-1.7031,-1.2258
-1.7031,-1.1436
-1.7031,-2.5836
-1.7031,-2.0506
-1.7031,-2.0677
5.2185,4.3134
5.2185,5.2863
5.2185,4.8991
5.2185,5.0527
5.2185,5.1548
5.2185,4.4972
5.2185,6.0902
5.2185,5.9777
5.2185,5.3446
5.2185,5.4017
5.5867,5.4861
5.5867,6.002
-3.088,-3.9764
-3.088,-3.1091
-3.088,-2.1471
-3.088,-2.3791
-3.088,-3.3098
-3.088,-3.4024
-1.7311,-2.2248
-1.7311,-1.2022
-4.7051,-5.2609
-4.7051,-3.9267
-4.7051,-4.1961
-1.0521,-1.6214
-1.0521,-1.1436
-6.1432,-5.8218
-6.1432,-5.621
-3.5865,-3.0389
-3.5865,-4.4939
-3.5865,-3.9131
-2.0506,-1.7432
-2.0506,-2.2248
-2.0506,-1.2258
-2.0506,-2.5836
-2.0506,-1.7031
-2.0506,-1.2022
5.1406,4.279
5.1406,4.9421
5.1406,5.4861
5.1406,6.002
5.1406,4.238
5.1406,5.8123
5.1406,5.0618
5.1406,4.6922
5.1406,5.0737
4.9964,5.632
4.9964,5.0478
4.9964,5.3583
4.9964,4.2316
4.9964,5.4611
4.9964,4.4018
4.9964,5.0129
3.2041,3.9335
3.2041,3.5639
3.2041,3.1193
-3.3098,-3.9764
-3.3098,-3.1091
-3.3098,-4.1267
-3.3098,-2.3791
-3.3098,-3.088
-3.3098,-3.4024
5.0129,5.0384
5.0129,5.632
5.0129,5.966
5.0129,5.4611
5.0129,4.4018
5.0129,4.9964
7.0906,6.9329
7.0906,6.3761
7.0906,7.1044
4.2744,4.3134
4.2744,4.8991
4.2744,5.0527
4.2744,3.9849
4.2744,4.7215
4.2744,3.988
5.4417,5.0384
5.4417,5.0191
5.4417,6.0544
5.4417,6.0812
-2.7583,-2.8407
-2.7583,-3.678
-2.7583,-3.0389
-2.7583,-2.7418
-2.7583,-2.2764
-2.7583,-2.469
-2.7583,-3.1597
-5.621,-5.8218
-5.621,-5.8709
-5.621,-4.8398
-5.621,-5.2609
-5.621,-6.1432
-5.621,-5.0589
4.0345,3.5999
4.0345,4.279
4.0345,4.9421
4.0345,3.5639
4.0345,4.4583
4.0345,3.0823
4.0345,4.238
4.0345,4.6922
-7.6874,-6.9
-0.55209,0.077861
-0.55209,-0.80727
-0.55209,-1.2022
5.9777,5.9662
5.9777,6.082
5.9777,6.7469
5.9777,6.0902
5.9777,5.2185
5.9777,5.3446
5.9777,5.4017
-3.5732,-2.9463
-3.5732,-3.0702
-3.5732,-3.7149
-3.5732,-2.8076
-4.9673,-5.7385
5.0737,4.5144
5.0737,4.279
5.0737,4.9421
5.0737,5.4861
5.0737,6.002
5.0737,4.238
5.0737,4.6922
5.0737,5.1406
6.321,6.8052
6.321,5.966
6.321,6.0544
6.321,5.4611
6.321,7.0928
-7.8295,-8.137
-7.8295,-8.679
-7.8295,-7.0841
-7.8295,-7.1577
5.3446,5.2368
5.3446,5.2863
5.3446,4.8991
5.3446,5.1548
5.3446,4.4972
5.3446,6.082
5.3446,6.0902
5.3446,5.2185
5.3446,5.9777
5.3446,5.4017
-5.3723,-4.4966
-5.3723,-5.5536
-5.3723,-4.6683
-3.4024,-3.9454
-3.4024,-3.9764
-3.4024,-3.9267
-3.4024,-2.9045
-3.4024,-4.1961
-3.4024,-3.088
-3.4024,-3.3098
-5.3864,-4.9047
-5.3864,-6.0949
-5.3864,-5.3382
-5.3864,-6.1483
-5.0589,-4.9169
-5.0589,-4.9047
-5.0589,-5.8218
-5.0589,-5.8257
-5.0589,-4.8398
-5.0589,-4.5178
-5.0589,-5.621
-2.0677,-2.9463
-2.0677,-2.2759
-2.0677,-1.6214
-2.0677,-1.7031
6.1129,5.2368
6.1129,6.3685
6.1129,6.082
6.1129,5.2906
6.1129,5.7323
6.1129,6.3761
6.1129,7.1044
-3.4578,-2.9866
-3.4578,-3.0702
-3.4578,-4.1875
-6.1483,-5.8257
-6.1483,-6.0949
-6.1483,-5.3864
-0.33814,0.018328
-0.33814,-0.86647
-0.33814,-0.12954
-0.33814,-1.0511
-0.33814,-1.067
-0.33814,-1.1501
-0.33814,0.051332
-1.7064,-2.3791
4.524,5.2368
4.524,5.1548
4.524,5.2906
4.524,4.2309
-1.7476,-1.9862
-1.7476,-0.86647
-1.7476,-2.7418
-1.7476,-1.6665
-1.7476,-2.6954
-1.7476,-2.469
-1.7476,-1.0511
-1.7476,-1.067
1.0637,0.92647
1.0637,0.71257
-1.2022,-1.2258
-1.2022,-0.80727
-1.2022,-1.7311
-1.2022,-2.0506
-1.2022,-0.55209
-5.7385,-6.5173
-5.7385,-5.5536
-5.7385,-6.4148
-5.7385,-4.9673
-2.3688,-2.9045
3.988,4.3134
3.988,4.8991
3.988,4.4972
3.988,4.1827
3.988,4.2744
9.7694,9.0766
0.051332,0.018328
0.051332,0.80339
0.051332,-0.86647
0.051332,-0.33814
-3.1597,-2.8407
-3.1597,-3.678
-3.1597,-2.7418
-3.1597,-2.2764
-3.1597,-3.9013
-3.1597,-2.469
-3.1597,-2.8855
-3.1597,-2.7583
5.4017,5.9662
5.4017,4.8991
5.4017,5.0527
5.4017,6.0902
5.4017,5.7444
5.4017,5.2185
5.4017,5.9777
5.4017,5.3446
0.71257,0.018328
0.71257,0.80339
0.71257,0.92647
0.71257,-0.12954
0.71257,1.0637
