4.699,5.0291
4.699,4.8205
4.699,4.6447
4.699,4.869
4.699,3.8645
4.699,4.6213
4.699,4.2121
4.699,4.2411
4.699,5.464
4.699,4.4642
4.699,5.5167
4.699,4.522
4.699,5.3939
4.699,3.7069
-4.3038,-3.816
-4.8017,-4.9664
-4.8017,-3.9511
-4.8017,-4.3905
-4.8017,-3.8473
-4.8017,-4.6881
-3.2139,-3.9511
-3.2139,-2.8024
-3.2139,-2.9825
-3.2139,-2.8021
-3.2139,-3.8473
-3.194,-3.2824
-3.194,-2.7689
-3.194,-3.8887
-3.194,-3.9338
-3.194,-3.7574
-3.194,-3.4851
-3.194,-2.9154
-3.194,-4.1849
-3.194,-3.4561
3.2236,3.6606
3.2236,3.401
3.2236,3.8875
3.2236,4.0737
3.2236,4.1047
3.6606,3.2236
3.6606,3.401
3.6606,4.0991
3.6606,4.5745
3.6606,4.374
3.6606,3.8875
3.6606,4.4934
3.6606,4.0737
3.6606,3.592
3.6606,4.1047
-3.7916,-4.4401
-3.7916,-3.0494
-3.7916,-3.816
-3.7916,-3.1901
-3.7916,-4.3905
-3.7916,-3.3382
-3.7916,-4.5677
-3.7916,-3.5575
-3.7916,-3.9685
-3.7916,-3.9259
6.402,5.9793
6.402,6.8693
6.402,6.2098
6.402,6.0812
6.402,5.7749
3.401,3.2236
3.401,3.6606
3.401,4.374
3.401,3.8645
3.401,4.2121
3.401,4.0737
3.401,3.592
5.2683,5.9544
-4.4401,-3.7916
-4.4401,-4.9664
-4.4401,-4.3905
-4.4401,-5.3759
-4.4401,-4.9544
-4.4401,-4.5677
-4.4401,-3.5575
-4.4401,-3.9685
-4.4401,-3.9259
-3.0494,-3.7916
-3.0494,-3.1901
-3.0494,-3.062
-3.0494,-2.4654
-3.0494,-2.8024
-3.0494,-3.3382
-3.0494,-3.5575
-3.0494,-2.805
-3.0494,-2.9825
-3.0494,-2.0905
-0.50014,0.47031
-0.50014,-0.96277
-0.50014,-0.91199
-0.50014,-1.1454
-0.50014,-1.1111
-0.50014,-1.4094
-0.50014,-0.11191
-0.50014,-0.073702
-3.2824,-3.194
-3.2824,-2.7689
-3.2824,-3.4152
-3.2824,-2.4062
-3.2824,-3.9443
-3.2824,-3.4851
-3.2824,-2.6603
-3.2824,-3.0319
5.4397,5.9544
5.4397,5.0792
5.4397,5.2915
5.4397,5.9793
5.4397,6.2098
5.4397,5.0818
5.4397,5.1977
5.4397,5.7749
4.0991,3.6606
4.0991,4.8126
4.0991,4.5745
4.0991,3.8875
4.0991,4.0737
4.0991,4.1047
4.0991,4.2611
5.9544,5.2683
5.9544,5.4397
5.9544,6.2098
5.9544,5.7749
5.9544,6.208
4.8126,4.0991
4.8126,4.9904
4.8126,4.5745
4.8126,5.2227
4.8126,3.8875
4.8126,4.4934
4.8126,4.9468
4.8126,4.1047
-2.1895,-1.8675
-2.1895,-2.8974
-2.1895,-2.654
-2.1895,-1.8792
-4.9664,-4.8017
-4.9664,-4.4401
-4.9664,-4.3905
-4.9664,-5.3759
-3.816,-4.3038
-3.816,-3.7916
-3.816,-3.1901
-3.816,-3.062
-3.816,-3.2002
-3.816,-4.5677
-3.816,-3.9685
-5.3582,-5.1427
-5.3582,-5.3893
-5.3582,-4.9885
-5.3582,-5.6909
-5.3582,-5.4009
-5.3582,-5.8654
-5.3582,-4.8381
-5.3582,-5.097
-5.3582,-5.2084
-5.3582,-5.1137
-5.3582,-4.9687
-5.3582,-5.2817
-5.3582,-6.155
-5.3582,-4.8448
-5.1427,-5.3582
-5.1427,-5.3893
-5.1427,-4.9885
-5.1427,-5.6909
-5.1427,-5.4009
-5.1427,-4.2829
-5.1427,-5.8654
-5.1427,-4.8381
-5.1427,-4.1546
-5.1427,-5.2084
-5.1427,-5.1137
-5.1427,-4.8404
-5.1427,-4.9687
-5.1427,-5.2817
-5.1427,-4.8448
5.1876,5.5492
5.1876,4.5586
5.1876,5.1158
5.1876,4.8985
5.1876,5.0577
5.1876,5.6099
-2.7689,-3.194
-2.7689,-3.2824
-2.7689,-2.4062
-2.7689,-3.4851
-2.7689,-2.9154
-2.7689,-2.6603
-2.7689,-3.0319
-1.2031,-2.1713
-1.2031,-2.0599
-1.2031,-2.0881
-1.2031,-1.4732
-1.2031,-1.441
4.2603,4.6219
4.2603,5.0577
-8.4331,-8.2846
-8.4331,-9.1508
4.9904,4.8126
4.9904,5.9444
4.9904,4.5745
4.9904,4.374
4.9904,5.3784
4.9904,5.2227
4.9904,5.268
4.9904,4.4934
4.9904,4.1047
-5.3893,-5.3582
-5.3893,-5.1427
-5.3893,-4.9885
-5.3893,-5.6909
-5.3893,-5.1596
-5.3893,-4.7815
-5.3893,-4.5892
-5.3893,-4.8381
-5.3893,-5.097
-5.3893,-5.2084
-5.3893,-5.6918
-5.3893,-5.1137
-5.3893,-4.9687
-5.3893,-5.2817
-5.3893,-6.155
-5.3893,-4.8448
5.0792,5.4397
5.0792,5.2915
5.0792,5.9793
5.0792,4.6219
5.0792,4.227
5.0792,5.0577
5.0792,5.1977
0.47031,-0.50014
0.47031,0.57454
0.47031,-0.073702
-3.4152,-3.2824
-3.4152,-2.8078
-3.4152,-3.9443
-3.4152,-3.7267
-3.4152,-2.6603
-3.4152,-3.0319
5.0291,4.699
5.0291,4.8205
5.0291,4.374
5.0291,5.3784
5.0291,4.6213
5.0291,5.268
5.0291,4.2121
5.0291,5.7597
5.0291,5.464
5.0291,4.4934
5.0291,4.4642
5.0291,4.522
5.0291,5.3939
6.5799,6.4902
6.5799,5.7597
6.5799,6.3088
5.2915,5.4397
5.2915,5.0792
5.2915,5.5492
5.2915,5.9793
5.2915,4.6219
5.2915,6.0812
5.2915,6.1249
5.2915,5.0577
5.2915,5.1977
5.9444,4.9904
5.9444,5.3784
5.9444,5.2227
5.9444,5.268
5.9444,6.1994
5.9444,5.9301
4.0186,4.6002
4.0186,4.9569
4.0186,4.2411
4.0186,3.7892
4.0186,3.9698
4.0186,4.3562
-4.9885,-5.3582
-4.9885,-5.1427
-4.9885,-5.3893
-4.9885,-5.6909
-4.9885,-5.4009
-4.9885,-4.2829
-4.9885,-4.5892
-4.9885,-4.1727
-4.9885,-4.8381
-4.9885,-4.1546
-4.9885,-5.2084
-4.9885,-5.1137
-4.9885,-4.8404
-4.9885,-4.9687
-4.9885,-5.2817
-4.9885,-4.425
-4.9885,-4.3502
-4.9885,-4.8448
-2.1713,-1.2031
-2.1713,-2.4654
-2.1713,-2.8024
-2.1713,-2.0599
-2.1713,-2.0881
-2.1713,-1.4732
-2.1713,-2.9825
-2.1713,-1.441
-2.1713,-2.8021
-2.1713,-2.0905
-1.8675,-2.1895
-1.8675,-0.96277
-1.8675,-1.1454
-1.8675,-1.1111
-1.8675,-1.4094
-1.8675,-1.8792
5.5492,5.1876
5.5492,5.2915
5.5492,4.6219
5.5492,6.0812
5.5492,6.1249
5.5492,5.0577
-0.41905,0.57454
-0.41905,-0.68014
-0.41905,-0.91199
-0.41905,-0.073702
5.9793,6.402
5.9793,5.4397
5.9793,5.0792
5.9793,5.2915
5.9793,6.8693
5.9793,6.2098
5.9793,6.0812
5.9793,5.1977
5.9793,5.7749
-3.8887,-3.194
-3.8887,-3.9338
-3.8887,-3.7574
-3.8887,-4.7815
-3.8887,-4.5892
-3.8887,-4.6351
-3.8887,-3.4851
-3.8887,-4.057
-3.8887,-4.5305
-3.8887,-3.3349
-3.8887,-4.1849
-3.8887,-4.425
-3.8887,-4.3502
-3.8887,-4.1522
-3.8887,-3.4561
-3.9511,-4.8017
-3.9511,-3.2139
-3.9511,-4.3905
-3.9511,-3.5575
-3.9511,-3.8473
-3.9511,-3.9259
-3.9511,-4.6881
-3.1901,-3.7916
-3.1901,-3.0494
-3.1901,-3.816
-3.1901,-3.062
-3.1901,-2.4654
-3.1901,-3.3382
-3.1901,-3.5575
-3.1901,-2.805
-3.1901,-3.9685
-0.96277,-0.50014
-0.96277,-1.8675
-0.96277,-1.051
-0.96277,-1.1454
-0.96277,-1.1111
-0.96277,-1.8792
-0.96277,-0.11191
4.8205,4.699
4.8205,5.0291
4.8205,4.6447
4.8205,4.869
4.8205,5.464
4.8205,4.4642
4.8205,5.5167
4.8205,4.522
4.8205,5.3939
4.8205,5.5052
-3.062,-3.0494
-3.062,-3.816
-3.062,-3.1901
-3.062,-3.2002
-3.062,-2.805
-3.062,-3.9685
-3.062,-2.1339
5.8406,4.9569
5.8406,5.1158
5.8406,5.8976
5.8406,5.6099
5.8406,5.0915
5.8406,5.5052
-5.6909,-5.3582
-5.6909,-5.1427
-5.6909,-5.3893
-5.6909,-4.9885
-5.6909,-5.1596
-5.6909,-4.8381
-5.6909,-5.097
-5.6909,-5.2084
-5.6909,-5.6918
-5.6909,-5.1137
-5.6909,-4.9687
-5.6909,-5.2817
-5.6909,-6.155
-2.4062,-3.2824
-2.4062,-2.7689
-2.4062,-2.1974
-2.4062,-2.6603
-2.8078,-3.4152
-2.8078,-2.5828
-2.8078,-3.0023
-2.8078,-2.654
-2.8078,-3.7267
-2.8078,-2.6603
-2.8078,-1.8792
-2.8078,-3.0319
0.57454,0.47031
0.57454,-0.41905
0.57454,0.20274
0.57454,-0.073702
-4.3905,-4.8017
-4.3905,-3.7916
-4.3905,-4.4401
-4.3905,-4.9664
-4.3905,-3.9511
-4.3905,-4.5677
-4.3905,-3.5575
-4.3905,-3.8473
-4.3905,-3.9259
4.5745,3.6606
4.5745,4.0991
4.5745,4.8126
4.5745,4.9904
4.5745,4.374
4.5745,5.3784
4.5745,5.2227
4.5745,3.8875
4.5745,5.268
4.5745,4.4934
4.5745,4.0737
4.5745,4.1047
4.374,3.6606
4.374,3.401
4.374,4.9904
4.374,5.0291
4.374,4.5745
4.374,5.3784
4.374,4.6213
4.374,5.268
4.374,4.2121
4.374,4.4934
4.374,4.4642
4.374,4.0737
4.374,3.592
6.8693,6.402
6.8693,5.9793
6.8693,6.2098
-2.4654,-3.0494
-2.4654,-2.1713
-2.4654,-3.1901
-2.4654,-2.8024
-2.4654,-2.0599
-2.4654,-3.3382
-2.4654,-2.805
-2.4654,-1.4732
-2.4654,-2.9825
-2.4654,-2.1339
-2.4654,-2.0905
4.6002,4.0186
4.6002,4.9569
4.6002,4.6447
4.6002,4.869
4.6002,4.2411
4.6002,3.7892
4.6002,5.0915
4.6002,3.9698
4.6002,4.3562
-5.3759,-4.4401
-5.3759,-4.9664
-5.3759,-4.9544
-5.3759,-4.5677
4.9569,4.0186
4.9569,5.8406
4.9569,4.6002
4.9569,4.869
4.9569,5.1158
4.9569,5.6099
4.9569,5.0915
4.9569,3.9698
4.9569,4.3562
5.3784,4.9904
5.3784,5.0291
5.3784,5.9444
5.3784,4.5745
5.3784,4.374
5.3784,4.6213
5.3784,5.268
5.3784,5.7597
5.3784,4.4934
5.3784,6.1994
5.3784,5.3939
-5.1596,-5.3893
-5.1596,-5.6909
-5.1596,-4.7815
-5.1596,-4.5892
-5.1596,-4.6351
-5.1596,-5.097
-5.1596,-5.6918
-5.1596,-5.1137
-5.1596,-4.5305
-5.1596,-4.425
4.6447,4.699
4.6447,4.8205
4.6447,4.6002
4.6447,4.869
4.6447,3.8645
4.6447,4.2411
4.6447,5.464
4.6447,4.4642
4.6447,5.5167
4.6447,4.522
4.6447,3.7069
4.6447,5.5052
-3.2002,-3.816
-3.2002,-3.062
-3.9338,-3.194
-3.9338,-3.8887
-3.9338,-3.7574
-3.9338,-4.7815
-3.9338,-4.5892
-3.9338,-4.6351
-3.9338,-3.4851
-3.9338,-4.057
-3.9338,-4.5305
-3.9338,-3.3349
-3.9338,-4.1849
-3.9338,-4.425
-3.9338,-4.1522
-3.9338,-3.4561
-9.6782,-9.2881
-9.6782,-9.1508
4.869,4.699
4.869,4.8205
4.869,4.6002
4.869,4.9569
4.869,4.6447
4.869,4.2411
4.869,5.0915
4.869,5.5167
4.869,4.522
4.869,5.5052
-5.4009,-5.3582
-5.4009,-5.1427
-5.4009,-4.9885
-5.4009,-5.8654
-5.4009,-5.2084
-5.4009,-4.8404
-5.4009,-4.8448
-2.8024,-3.2139
-2.8024,-3.0494
-2.8024,-2.1713
-2.8024,-2.4654
-2.8024,-2.0599
-2.8024,-3.3382
-2.8024,-3.5575
-2.8024,-2.0881
-2.8024,-2.9825
-2.8024,-2.8021
-9.2881,-9.6782
-9.2881,-8.8092
-9.2881,-9.1508
-2.0599,-1.2031
-2.0599,-2.1713
-2.0599,-2.4654
-2.0599,-2.8024
-2.0599,-2.0881
-2.0599,-1.4732
-2.0599,-2.9825
-2.0599,-2.0905
5.7798,6.4902
5.7798,5.464
5.7798,5.8976
5.7798,5.0915
5.7798,6.3088
5.7798,5.5167
5.7798,5.5052
4.6219,4.2603
4.6219,5.0792
4.6219,5.2915
4.6219,5.5492
4.6219,4.227
4.6219,4.8985
4.6219,5.0577
6.4902,6.5799
6.4902,5.7798
6.4902,5.8976
6.4902,5.5052
4.5586,5.1876
4.5586,5.1158
4.5586,4.8985
4.5586,4.3562
5.2227,4.8126
5.2227,4.9904
5.2227,5.9444
5.2227,4.5745
5.2227,5.9301
5.2227,4.9468
6.2098,6.402
6.2098,5.4397
6.2098,5.9544
6.2098,5.9793
6.2098,6.8693
6.2098,6.9573
6.2098,5.7749
6.2098,6.208
-3.7574,-3.194
-3.7574,-3.8887
-3.7574,-3.9338
-3.7574,-4.5892
-3.7574,-4.1727
-3.7574,-4.6351
-3.7574,-4.057
-3.7574,-3.3349
-3.7574,-2.9154
-3.7574,-4.1849
-3.7574,-4.425
-3.7574,-4.3502
-3.7574,-4.1522
-3.7574,-3.4561
-4.2829,-5.1427
-4.2829,-4.9885
-4.2829,-4.1727
-4.2829,-3.9707
-4.2829,-4.8381
-4.2829,-4.1546
-4.2829,-4.8404
-4.2829,-4.9687
-4.2829,-4.8448
-2.1974,-2.4062
-2.1974,-1.8036
-2.1974,-2.5828
-2.1974,-2.6603
-2.1974,-3.0319
-3.3382,-3.7916
-3.3382,-3.0494
-3.3382,-3.1901
-3.3382,-2.4654
-3.3382,-2.8024
-3.3382,-3.5575
-3.3382,-2.805
-3.3382,-2.9825
-3.3382,-3.9259
3.8645,4.699
3.8645,3.401
3.8645,4.6447
3.8645,4.6213
3.8645,4.2121
3.8645,4.4642
3.8645,3.592
3.8645,4.522
3.8645,3.7069
-4.7815,-5.3893
-4.7815,-3.8887
-4.7815,-5.1596
-4.7815,-3.9338
-4.7815,-4.5892
-4.7815,-4.1727
-4.7815,-4.6351
-4.7815,-4.8381
-4.7815,-5.097
-4.7815,-5.6918
-4.7815,-4.057
-4.7815,-5.1137
-4.7815,-4.5305
-4.7815,-4.9687
-4.7815,-5.2817
-4.7815,-4.425
-4.7815,-4.3502
-4.7815,-4.1522
-5.8654,-5.3582
-5.8654,-5.1427
-5.8654,-5.4009
-5.8654,-5.2084
-5.8654,-5.2817
-5.8654,-6.155
-2.8974,-2.1895
-2.8974,-3.0023
5.0818,5.4397
5.0818,5.1977
5.0818,5.7749
-4.5892,-5.3893
-4.5892,-4.9885
-4.5892,-3.8887
-4.5892,-5.1596
-4.5892,-3.9338
-4.5892,-3.7574
-4.5892,-4.7815
-4.5892,-4.1727
-4.5892,-4.6351
-4.5892,-3.9707
-4.5892,-4.8381
-4.5892,-5.097
-4.5892,-4.057
-4.5892,-5.1137
-4.5892,-4.9687
-4.5892,-5.2817
-4.5892,-4.425
-4.5892,-4.3502
-4.5892,-4.8448
-4.5892,-4.1522
-4.1727,-4.9885
-4.1727,-3.7574
-4.1727,-4.2829
-4.1727,-4.7815
-4.1727,-4.5892
-4.1727,-4.6351
-4.1727,-3.9707
-4.1727,-4.8381
-4.1727,-4.1546
-4.1727,-4.057
-4.1727,-5.1137
-4.1727,-3.3349
-4.1727,-4.9687
-4.1727,-4.425
-4.1727,-4.3502
-4.1727,-4.8448
-4.1727,-3.4561
-3.9443,-3.2824
-3.9443,-3.4152
-3.9443,-3.4851
4.6213,4.699
4.6213,5.0291
4.6213,4.374
4.6213,5.3784
4.6213,3.8645
4.6213,5.268
4.6213,4.2121
4.6213,4.4934
4.6213,4.4642
4.6213,4.0737
4.6213,5.3939
-0.68014,-0.41905
-0.68014,-0.073702
3.8875,3.2236
3.8875,3.6606
3.8875,4.0991
3.8875,4.8126
3.8875,4.5745
3.8875,3.3295
3.8875,4.1047
3.8875,4.2611
-1.8036,-2.1974
-1.8036,-2.5828
-1.8036,-2.654
-1.8036,-1.051
-1.8036,-1.8792
5.268,4.9904
5.268,5.0291
5.268,5.9444
5.268,4.5745
5.268,4.374
5.268,5.3784
5.268,4.6213
5.268,5.7597
5.268,4.4934
5.268,6.1994
5.268,5.3939
5.1158,5.1876
5.1158,5.8406
5.1158,4.9569
5.1158,4.5586
5.1158,4.8985
5.1158,5.6099
5.1158,5.0915
5.1158,4.3562
4.227,5.0792
4.227,4.6219
4.227,5.1977
-4.6351,-3.8887
-4.6351,-5.1596
-4.6351,-3.9338
-4.6351,-3.7574
-4.6351,-4.7815
-4.6351,-4.5892
-4.6351,-4.1727
-4.6351,-5.097
-4.6351,-4.057
-4.6351,-5.1137
-4.6351,-4.5305
-4.6351,-4.9687
-4.6351,-4.1849
-4.6351,-4.425
-4.6351,-4.3502
-4.6351,-4.1522
-3.9707,-4.2829
-3.9707,-4.5892
-3.9707,-4.1727
-3.9707,-4.8381
-3.9707,-4.1546
-3.9707,-4.057
-3.9707,-3.3349
-3.9707,-4.9687
-3.9707,-4.425
-3.9707,-4.3502
-3.9707,-4.8448
-8.2846,-8.4331
-8.2846,-7.6062
6.9573,6.2098
6.9573,6.2866
6.9573,6.208
6.0812,6.402
6.0812,5.2915
6.0812,5.5492
6.0812,5.9793
6.0812,6.1249
6.0812,5.1977
-2.5828,-2.8078
-2.5828,-2.1974
-2.5828,-1.8036
-2.5828,-3.0023
-2.5828,-2.654
-2.5828,-2.6603
-2.5828,-1.8792
-2.5828,-3.0319
-3.0023,-2.8078
-3.0023,-2.8974
-3.0023,-2.5828
-3.0023,-2.654
-3.0023,-3.7267
4.2121,4.699
4.2121,3.401
4.2121,5.0291
4.2121,4.374
4.2121,3.8645
4.2121,4.6213
4.2121,4.4934
4.2121,4.4642
4.2121,4.0737
4.2121,3.592
4.2121,4.522
5.7597,5.0291
5.7597,6.5799
5.7597,5.3784
5.7597,5.268
5.7597,5.464
5.7597,6.1994
5.7597,6.3088
5.7597,5.5167
5.7597,5.3939
-2.654,-2.1895
-2.654,-2.8078
-2.654,-1.8036
-2.654,-2.5828
-2.654,-3.0023
-2.654,-2.6603
-2.654,-1.8792
-4.9544,-4.4401
-4.9544,-5.3759
-4.9544,-4.5677
-4.9544,-3.9685
-4.8381,-5.3582
-4.8381,-5.1427
-4.8381,-5.3893
-4.8381,-4.9885
-4.8381,-5.6909
-4.8381,-4.2829
-4.8381,-4.7815
-4.8381,-4.5892
-4.8381,-4.1727
-4.8381,-3.9707
-4.8381,-4.1546
-4.8381,-5.2084
-4.8381,-4.057
-4.8381,-5.1137
-4.8381,-4.8404
-4.8381,-4.9687
-4.8381,-5.2817
-4.8381,-4.425
-4.8381,-4.3502
-4.8381,-4.8448
-4.1546,-5.1427
-4.1546,-4.9885
-4.1546,-4.2829
-4.1546,-4.1727
-4.1546,-3.9707
-4.1546,-4.8381
-4.1546,-4.057
-4.1546,-4.9687
-4.1546,-4.3502
-4.1546,-4.8448
4.2411,4.699
4.2411,4.0186
4.2411,4.6002
4.2411,4.6447
4.2411,4.869
4.2411,3.7892
4.2411,5.0915
4.2411,3.9698
4.2411,4.522
4.2411,3.7069
6.1249,5.2915
6.1249,5.5492
6.1249,6.0812
-5.097,-5.3582
-5.097,-5.3893
-5.097,-5.6909
-5.097,-5.1596
-5.097,-4.7815
-5.097,-4.5892
-5.097,-4.6351
-5.097,-5.6918
-5.097,-5.1137
-5.097,-4.5305
-5.097,-4.9687
-5.097,-5.2817
-5.097,-4.425
-5.097,-4.3502
5.464,4.699
5.464,5.0291
5.464,4.8205
5.464,4.6447
5.464,5.7798
5.464,5.7597
5.464,6.3088
5.464,5.5167
5.464,4.522
5.464,5.3939
5.464,5.5052
-3.7267,-3.4152
-3.7267,-2.8078
-3.7267,-3.0023
-3.7267,-3.0319
-4.5677,-3.7916
-4.5677,-4.4401
-4.5677,-3.816
-4.5677,-4.3905
-4.5677,-5.3759
-4.5677,-4.9544
-4.5677,-3.9685
4.8985,5.1876
4.8985,4.6219
4.8985,4.5586
4.8985,5.1158
4.8985,5.0577
4.8985,5.6099
4.4934,3.6606
4.4934,4.8126
4.4934,4.9904
4.4934,5.0291
4.4934,4.5745
4.4934,4.374
4.4934,5.3784
4.4934,4.6213
4.4934,5.268
4.4934,4.2121
4.4934,4.4642
4.4934,4.0737
4.4934,4.1047
-0.91199,-0.50014
-0.91199,-0.41905
-0.91199,-1.1454
-0.91199,-1.4094
-0.91199,-0.073702
-5.2084,-5.3582
-5.2084,-5.1427
-5.2084,-5.3893
-5.2084,-4.9885
-5.2084,-5.6909
-5.2084,-5.4009
-5.2084,-5.8654
-5.2084,-4.8381
-5.2084,-5.1137
-5.2084,-4.8404
-5.2084,-4.9687
-5.2084,-5.2817
-5.2084,-6.155
-5.2084,-4.8448
-1.051,-0.96277
-1.051,-1.8036
-1.051,-1.1454
-1.051,-1.1111
-1.051,-1.8792
-8.8092,-9.2881
3.3295,3.8875
3.3295,4.2611
6.1994,5.9444
6.1994,5.3784
6.1994,5.268
6.1994,5.7597
6.1994,6.3088
-1.1454,-0.50014
-1.1454,-1.8675
-1.1454,-0.96277
-1.1454,-0.91199
-1.1454,-1.051
-1.1454,-1.1111
-1.1454,-1.4094
-1.1454,-1.8792
5.8976,5.8406
5.8976,5.7798
5.8976,6.4902
5.8976,5.0915
5.8976,5.5052
-3.5575,-3.7916
-3.5575,-4.4401
-3.5575,-3.0494
-3.5575,-3.9511
-3.5575,-3.1901
-3.5575,-4.3905
-3.5575,-2.8024
-3.5575,-3.3382
-3.5575,-2.9825
-3.5575,-3.8473
-3.5575,-3.9259
-3.4851,-3.194
-3.4851,-3.2824
-3.4851,-2.7689
-3.4851,-3.8887
-3.4851,-3.9338
-3.4851,-3.9443
-3.4851,-2.9154
-3.4851,-4.1849
-3.4851,-4.1522
-5.6918,-5.3893
-5.6918,-5.6909
-5.6918,-5.1596
-5.6918,-4.7815
-5.6918,-5.097
-5.6918,-5.1137
-5.6918,-5.2817
-1.1111,-0.50014
-1.1111,-1.8675
-1.1111,-0.96277
-1.1111,-1.051
-1.1111,-1.1454
-1.1111,-1.8792
5.0577,5.1876
5.0577,4.2603
5.0577,5.0792
5.0577,5.2915
5.0577,5.5492
5.0577,4.6219
5.0577,4.8985
5.0577,5.1977
3.7892,4.0186
3.7892,4.6002
3.7892,4.2411
3.7892,3.7069
-4.057,-3.8887
-4.057,-3.9338
-4.057,-3.7574
-4.057,-4.7815
-4.057,-4.5892
-4.057,-4.1727
-4.057,-4.6351
-4.057,-3.9707
-4.057,-4.8381
-4.057,-4.1546
-4.057,-3.3349
-4.057,-4.9687
-4.057,-4.425
-4.057,-4.3502
-4.057,-3.4561
-5.1137,-5.3582
-5.1137,-5.1427
-5.1137,-5.3893
-5.1137,-4.9885
-5.1137,-5.6909
-5.1137,-5.1596
-5.1137,-4.7815
-5.1137,-4.5892
-5.1137,-4.1727
-5.1137,-4.6351
-5.1137,-4.8381
-5.1137,-5.097
-5.1137,-5.2084
-5.1137,-5.6918
-5.1137,-4.9687
-5.1137,-5.2817
-5.1137,-4.425
-5.1137,-4.3502
-5.1137,-4.8448
5.6099,5.1876
5.6099,5.8406
5.6099,4.9569
5.6099,5.1158
5.6099,4.8985
-7.6062,-8.2846
-4.5305,-3.8887
-4.5305,-5.1596
-4.5305,-3.9338
-4.5305,-4.7815
-4.5305,-4.6351
-4.5305,-5.097
-4.5305,-4.1849
-4.5305,-4.1522
4.4642,4.699
4.4642,5.0291
4.4642,4.8205
4.4642,4.374
4.4642,4.6447
4.4642,3.8645
4.4642,4.6213
4.4642,4.2121
4.4642,4.4934
4.4642,4.0737
4.4642,3.592
4.4642,4.522
4.4642,5.3939
4.0737,3.2236
4.0737,3.6606
4.0737,3.401
4.0737,4.0991
4.0737,4.5745
4.0737,4.374
4.0737,4.6213
4.0737,4.2121
4.0737,4.4934
4.0737,4.4642
4.0737,3.592
4.0737,4.1047
-2.0881,-1.2031
-2.0881,-2.1713
-2.0881,-2.8024
-2.0881,-2.0599
-2.0881,-2.1381
-2.0881,-1.441
-2.0881,-2.8021
-2.805,-3.0494
-2.805,-3.1901
-2.805,-3.062
-2.805,-2.4654
-2.805,-3.3382
-2.805,-2.1339
-2.805,-2.0905
5.0915,5.8406
5.0915,4.6002
5.0915,4.9569
5.0915,4.869
5.0915,5.7798
5.0915,5.1158
5.0915,4.2411
5.0915,5.8976
5.0915,5.5052
5.9301,5.9444
5.9301,5.2227
-3.3349,-3.8887
-3.3349,-3.9338
-3.3349,-3.7574
-3.3349,-4.1727
-3.3349,-3.9707
-3.3349,-4.057
-3.3349,-3.4561
-2.1381,-2.0881
-2.1381,-1.441
-2.1381,-2.8021
-4.8404,-5.1427
-4.8404,-4.9885
-4.8404,-5.4009
-4.8404,-4.2829
-4.8404,-4.8381
-4.8404,-5.2084
-4.8404,-4.8448
-1.4732,-1.2031
-1.4732,-2.1713
-1.4732,-2.4654
-1.4732,-2.0599
-1.4732,-2.0905
-4.9687,-5.3582
-4.9687,-5.1427
-4.9687,-5.3893
-4.9687,-4.9885
-4.9687,-5.6909
-4.9687,-4.2829
-4.9687,-4.7815
-4.9687,-4.5892
-4.9687,-4.1727
-4.9687,-4.6351
-4.9687,-3.9707
-4.9687,-4.8381
-4.9687,-4.1546
-4.9687,-5.097
-4.9687,-5.2084
-4.9687,-4.057
-4.9687,-5.1137
-4.9687,-5.2817
-4.9687,-4.425
-4.9687,-4.3502
-4.9687,-4.8448
-2.9154,-3.194
-2.9154,-2.7689
-2.9154,-3.7574
-2.9154,-3.4851
-2.9154,-3.4561
-2.9825,-3.2139
-2.9825,-3.0494
-2.9825,-2.1713
-2.9825,-2.4654
-2.9825,-2.8024
-2.9825,-2.0599
-2.9825,-3.3382
-2.9825,-3.5575
-2.9825,-2.8021
-2.9825,-3.8473
-2.9825,-3.9259
4.9468,4.8126
4.9468,5.2227
4.9468,4.2611
5.1977,5.4397
5.1977,5.0792
5.1977,5.2915
5.1977,5.9793
5.1977,5.0818
5.1977,4.227
5.1977,6.0812
5.1977,5.0577
5.1977,5.7749
3.592,3.6606
3.592,3.401
3.592,4.374
3.592,3.8645
3.592,4.2121
3.592,4.4642
3.592,4.0737
-4.1849,-3.194
-4.1849,-3.8887
-4.1849,-3.9338
-4.1849,-3.7574
-4.1849,-4.6351
-4.1849,-3.4851
-4.1849,-4.5305
-4.1849,-4.1522
5.7749,6.402
5.7749,5.4397
5.7749,5.9544
5.7749,5.9793
5.7749,6.2098
5.7749,5.0818
5.7749,5.1977
5.7749,6.208
6.3088,6.5799
6.3088,5.7798
6.3088,5.7597
6.3088,5.464
6.3088,6.1994
6.3088,5.5167
6.3088,5.3939
3.9698,4.0186
3.9698,4.6002
3.9698,4.9569
3.9698,4.2411
3.9698,4.3562
6.2866,6.9573
-2.6603,-3.2824
-2.6603,-2.7689
-2.6603,-3.4152
-2.6603,-2.4062
-2.6603,-2.8078
-2.6603,-2.1974
-2.6603,-2.5828
-2.6603,-2.654
-2.6603,-3.0319
-5.2817,-5.3582
-5.2817,-5.1427
-5.2817,-5.3893
-5.2817,-4.9885
-5.2817,-5.6909
-5.2817,-4.7815
-5.2817,-5.8654
-5.2817,-4.5892
-5.2817,-4.8381
-5.2817,-5.097
-5.2817,-5.2084
-5.2817,-5.6918
-5.2817,-5.1137
-5.2817,-4.9687
-5.2817,-4.3502
-5.2817,-6.155
-5.2817,-4.8448
4.1047,3.2236
4.1047,3.6606
4.1047,4.0991
4.1047,4.8126
4.1047,4.9904
4.1047,4.5745
4.1047,3.8875
4.1047,4.4934
4.1047,4.0737
-1.441,-1.2031
-1.441,-2.1713
-1.441,-2.0881
-1.441,-2.1381
5.5167,4.699
5.5167,4.8205
5.5167,4.6447
5.5167,4.869
5.5167,5.7798
5.5167,5.7597
5.5167,5.464
5.5167,6.3088
5.5167,4.522
5.5167,5.3939
5.5167,5.5052
-3.9685,-3.7916
-3.9685,-4.4401
-3.9685,-3.816
-3.9685,-3.1901
-3.9685,-3.062
-3.9685,-4.9544
-3.9685,-4.5677
-2.8021,-3.2139
-2.8021,-2.1713
-2.8021,-2.8024
-2.8021,-2.0881
-2.8021,-2.1381
-2.8021,-2.9825
4.2611,4.0991
4.2611,3.8875
4.2611,3.3295
4.2611,4.9468
6.208,5.9544
6.208,6.2098
6.208,6.9573
6.208,5.7749
-9.1508,-8.4331
-9.1508,-9.6782
-9.1508,-9.2881
4.522,4.699
4.522,5.0291
4.522,4.8205
4.522,4.6447
4.522,4.869
4.522,3.8645
4.522,4.2121
4.522,4.2411
4.522,5.464
4.522,4.4642
4.522,5.5167
4.522,3.7069
-3.8473,-4.8017
-3.8473,-3.2139
-3.8473,-3.9511
-3.8473,-4.3905
-3.8473,-3.5575
-3.8473,-2.9825
-3.8473,-3.9259
-4.425,-4.9885
-4.425,-3.8887
-4.425,-5.1596
-4.425,-3.9338
-4.425,-3.7574
-4.425,-4.7815
-4.425,-4.5892
-4.425,-4.1727
-4.425,-4.6351
-4.425,-3.9707
-4.425,-4.8381
-4.425,-5.097
-4.425,-4.057
-4.425,-5.1137
-4.425,-4.9687
-4.425,-4.3502
-4.425,-4.1522
-4.425,-3.4561
-4.3502,-4.9885
-4.3502,-3.8887
-4.3502,-3.7574
-4.3502,-4.7815
-4.3502,-4.5892
-4.3502,-4.1727
-4.3502,-4.6351
-4.3502,-3.9707
-4.3502,-4.8381
-4.3502,-4.1546
-4.3502,-5.097
-4.3502,-4.057
-4.3502,-5.1137
-4.3502,-4.9687
-4.3502,-5.2817
-4.3502,-4.425
-4.3502,-4.8448
-4.3502,-3.4561
-6.155,-5.3582
-6.155,-5.3893
-6.155,-5.6909
-6.155,-5.8654
-6.155,-5.2084
-6.155,-5.2817
-2.1339,-3.062
-2.1339,-2.4654
-2.1339,-2.805
-2.1339,-2.0905
5.3939,4.699
5.3939,5.0291
5.3939,4.8205
5.3939,5.3784
5.3939,4.6213
5.3939,5.268
5.3939,5.7597
5.3939,5.464
5.3939,4.4642
5.3939,6.3088
5.3939,5.5167
-3.9259,-3.7916
-3.9259,-4.4401
-3.9259,-3.9511
-3.9259,-4.3905
-3.9259,-3.3382
-3.9259,-3.5575
-3.9259,-2.9825
-3.9259,-3.8473
-4.8448,-5.3582
-4.8448,-5.1427
-4.8448,-5.3893
-4.8448,-4.9885
-4.8448,-5.4009
-4.8448,-4.2829
-4.8448,-4.5892
-4.8448,-4.1727
-4.8448,-3.9707
-4.8448,-4.8381
-4.8448,-4.1546
-4.8448,-5.2084
-4.8448,-5.1137
-4.8448,-4.8404
-4.8448,-4.9687
-4.8448,-5.2817
-4.8448,-4.3502
-1.4094,-0.50014
-1.4094,-1.8675
-1.4094,-0.91199
-1.4094,-1.1454
-4.1522,-3.8887
-4.1522,-3.9338
-4.1522,-3.7574
-4.1522,-4.7815
-4.1522,-4.5892
-4.1522,-4.6351
-4.1522,-3.4851
-4.1522,-4.5305
-4.1522,-4.1849
-4.1522,-4.425
-4.1522,-3.4561
3.7069,4.699
3.7069,4.6447
3.7069,3.8645
3.7069,4.2411
3.7069,3.7892
3.7069,4.522
-1.8792,-2.1895
-1.8792,-1.8675
-1.8792,-0.96277
-1.8792,-2.8078
-1.8792,-1.8036
-1.8792,-2.5828
-1.8792,-2.654
-1.8792,-1.051
-1.8792,-1.1454
-1.8792,-1.1111
0.20274,0.57454
-2.0905,-3.0494
-2.0905,-2.1713
-2.0905,-2.4654
-2.0905,-2.0599
-2.0905,-2.805
-2.0905,-1.4732
-2.0905,-2.1339
-4.6881,-4.8017
-4.6881,-3.9511
-3.4561,-3.194
-3.4561,-3.8887
-3.4561,-3.9338
-3.4561,-3.7574
-3.4561,-4.1727
-3.4561,-4.057
-3.4561,-3.3349
-3.4561,-2.9154
-3.4561,-4.425
-3.4561,-4.3502
-3.4561,-4.1522
4.3562,4.0186
4.3562,4.6002
4.3562,4.9569
4.3562,4.5586
4.3562,5.1158
4.3562,3.9698
-0.11191,-0.50014
-0.11191,-0.96277
-3.0319,-3.2824
-3.0319,-2.7689
-3.0319,-3.4152
-3.0319,-2.8078
-3.0319,-2.1974
-3.0319,-2.5828
-3.0319,-3.7267
-3.0319,-2.6603
5.5052,4.8205
5.5052,5.8406
5.5052,4.6447
5.5052,4.869
5.5052,5.7798
5.5052,6.4902
5.5052,5.464
5.5052,5.8976
5.5052,5.0915
5.5052,5.5167
-0.073702,-0.50014
-0.073702,0.47031
-0.073702,-0.41905
-0.073702,0.57454
-0.073702,-0.68014
-0.073702,-0.91199
-9.6782,-10
9.908,10
-9.6782,-10
9.7763,10
