4.7126,4.485
4.7126,4.9791
4.7126,4.542
4.7126,4.3648
4.7126,4.611
4.7126,5.4344
4.7126,4.2316
4.7126,4.9502
4.7126,4.7786
4.7126,5.4629
4.7126,3.9578
4.7126,5.1335
4.7126,3.8386
4.7126,4.9651
4.7126,5.1852
4.7126,3.985
-2.9851,-3.6469
-2.9851,-2.9027
-2.9851,-3.3636
-2.9851,-2.497
-2.9851,-2.1665
-2.9851,-2.9171
-2.9851,-2.7096
-6.4702,-6.1707
-2.4637,-2.7031
-2.4637,-1.8767
-2.4637,-2.5729
-2.4637,-1.679
-2.4637,-2.8099
-2.4637,-2.8006
4.449,5.1749
4.449,4.4538
4.449,3.8748
4.449,4.7251
4.449,3.9416
3.5449,4.0081
3.5449,3.4842
3.5449,4.3792
3.5449,3.0766
4.0081,3.5449
4.0081,3.4842
4.0081,4.6271
4.0081,4.3792
4.0081,4.172
4.0081,3.0766
4.0081,3.3846
-4.4311,-4.5672
-4.4311,-3.8984
-4.4311,-3.5839
-4.4311,-3.487
-4.4311,-4.4743
-4.4311,-3.6319
-4.4311,-4.6894
-4.4311,-3.6003
7.0152,6.0565
7.0152,6.3787
7.0152,6.7832
5.0315,4.581
5.0315,4.7253
5.0315,4.5153
5.0315,4.2829
5.0315,4.9502
5.0315,5.3263
5.0315,5.2869
5.0315,4.23
5.0315,5.5487
5.8838,6.0565
5.8838,6.0344
5.8838,5.1082
5.8838,6.3787
5.8838,5.0124
5.8838,5.0971
5.8838,5.9187
-4.5672,-4.4311
-4.5672,-3.8984
-4.5672,-3.5839
-4.5672,-5.4813
-4.5672,-4.4743
-4.5672,-3.6319
-4.5672,-4.6894
-4.5672,-4.038
-4.5672,-3.6003
-2.7031,-2.4637
-2.7031,-3.487
-2.7031,-2.5729
-2.7031,-2.8099
-2.7031,-3.5027
-1.8956,-2.3622
-1.8956,-2.0883
-1.8956,-2.0199
-1.8956,-1.1992
-1.8956,-1.4555
-1.8956,-2.2991
-1.8956,-1.9693
-1.8956,-1.5652
-1.8956,-2.6679
-1.8956,-1.0697
-1.8956,-2.8285
-1.8956,-1.8136
-1.8956,-1.5879
-1.6823,-1.1719
-1.6823,-2.0883
-1.6823,-1.8345
-1.6823,-1.2594
5.8811,5.6784
5.8811,6.6046
5.8811,6.3787
5.8811,5.2775
5.8811,5.4867
5.8811,5.9187
3.4842,3.5449
3.4842,4.0081
3.4842,4.3792
3.4842,4.172
3.4842,3.0766
3.4842,3.0371
3.4842,3.9587
3.4842,3.3846
4.1184,5.0971
4.1184,4.162
4.485,4.7126
4.485,4.5153
4.485,4.542
4.485,3.6034
4.485,4.3648
4.485,5.4344
4.485,4.2316
4.485,4.9502
4.485,4.7786
4.485,5.3263
4.485,3.9578
4.485,5.1335
4.485,4.23
4.485,4.9651
-2.3622,-1.8956
-2.3622,-2.0199
-2.3622,-2.2991
-2.3622,-2.8031
-2.3622,-2.6679
-2.3622,-2.6337
-2.3622,-1.8136
-2.3622,-1.6212
-5.4399,-5.4813
-5.4399,-4.4743
-5.4399,-5.2071
-5.4399,-6.1707
-3.6469,-2.9851
-3.6469,-3.8984
-3.6469,-2.9027
-3.6469,-3.5839
-3.6469,-3.3636
-3.6469,-2.9171
-3.6469,-3.6319
-3.6469,-4.038
-3.6469,-3.6003
-3.6469,-2.7096
-5.8146,-6.4143
-5.8146,-5.6258
-5.8146,-5.0652
-5.8146,-5.367
-5.8146,-5.2945
-5.8146,-5.5034
-5.8146,-6.3971
-5.8146,-5.5436
-6.4143,-5.8146
-6.4143,-7.1752
-6.4143,-5.5034
-6.4143,-6.3971
5.1749,4.449
5.1749,5.6784
5.1749,4.4538
5.1749,5.007
5.1749,5.1695
-1.1719,-1.6823
-1.1719,-0.65868
-1.1719,-0.78989
-1.1719,-1.8345
-1.1719,-1.2594
-1.8767,-2.4637
-1.8767,-2.1665
-1.8767,-2.5729
-1.8767,-1.679
-1.8767,-2.8099
-1.8767,-1.9311
-1.8767,-1.6473
-1.8767,-2.7096
-1.8767,-2.8006
-0.65868,-1.1719
-0.65868,0.10265
-0.65868,-1.102
-0.65868,-0.78989
-0.65868,-1.2594
-8.1918,-8.8976
-8.1918,-7.4108
-8.1918,-8.5128
4.581,5.0315
4.581,4.7253
4.581,4.6271
4.581,4.2829
4.581,4.172
4.581,5.2869
4.581,3.9587
-4.7437,-4.1099
-4.7437,-5.0652
-4.7437,-5.367
-4.7437,-4.7273
-4.7437,-4.4338
-4.7437,-4.4615
-4.7437,-5.5034
-4.7437,-4.7048
5.6784,5.8811
5.6784,5.1749
5.6784,5.007
5.6784,5.4867
0.10265,-0.65868
0.10265,-0.78989
0.10265,-0.25807
-2.0883,-1.8956
-2.0883,-1.6823
-2.0883,-2.2991
-2.0883,-1.9693
-2.0883,-1.5652
-2.0883,-2.8285
-2.0883,-1.5879
-2.0883,-2.5643
-2.0883,-1.8345
-2.0883,-1.2594
5.7971,4.9791
5.7971,5.4629
5.7971,5.7684
5.7971,4.9584
5.7971,5.3008
4.9791,4.7126
4.9791,5.7971
4.9791,4.542
4.9791,4.3648
4.9791,4.611
4.9791,5.4629
4.9791,5.7684
4.9791,4.9584
4.9791,4.9651
4.9791,5.1852
4.9791,3.985
4.9791,5.3008
4.4538,4.449
4.4538,5.1749
4.4538,3.9726
4.4538,3.8748
4.4538,4.6111
4.7253,5.0315
4.7253,4.581
4.7253,4.5153
4.7253,4.2829
4.7253,4.9502
4.7253,4.172
4.7253,5.3263
4.7253,3.9587
4.7253,4.23
4.7253,5.5487
4.8461,5.5143
4.8461,4.5652
4.8461,4.0003
4.8461,4.7251
4.8461,4.4634
4.8461,5.3008
-4.1099,-4.7437
-4.1099,-3.527
-4.1099,-3.9386
-4.1099,-5.0652
-4.1099,-3.445
-4.1099,-4.7273
-4.1099,-4.4338
-4.1099,-4.4615
-4.1099,-3.7981
-4.1099,-4.7048
-4.1099,-3.6609
4.5153,5.0315
4.5153,4.485
4.5153,4.7253
4.5153,3.6241
4.5153,4.2316
4.5153,4.2829
4.5153,4.9502
4.5153,4.7786
4.5153,5.3263
4.5153,3.9578
4.5153,5.1335
4.5153,4.23
-2.0199,-1.8956
-2.0199,-2.3622
-2.0199,-1.4555
-2.0199,-2.8031
-2.0199,-2.6337
-2.0199,-2.0934
-2.0199,-1.8136
-2.0199,-1.1613
-2.0199,-1.6212
6.6046,5.8811
6.6046,6.3787
6.6046,5.9187
-1.1992,-1.8956
-1.1992,-1.4555
-1.1992,-1.9693
-1.1992,-1.5652
-1.1992,-1.0697
-1.1992,-1.102
-1.1992,-1.8136
-1.1992,-0.83015
-1.1992,-1.5879
-1.1992,-0.72744
-1.1992,-0.78989
-1.1992,-0.47123
6.0565,7.0152
6.0565,5.8838
6.0565,6.0344
6.0565,6.3787
6.0565,5.0971
6.0565,6.7832
6.0565,5.9187
-4.7303,-4.5655
-4.7303,-5.2136
-4.7303,-4.0483
-4.7303,-4.2824
-4.7303,-5.2945
-4.7303,-5.2841
-3.8984,-4.4311
-3.8984,-4.5672
-3.8984,-3.6469
-3.8984,-3.5839
-3.8984,-3.487
-3.8984,-2.9171
-3.8984,-3.6319
-3.8984,-4.6894
-3.8984,-4.038
-3.8984,-3.6003
-2.9027,-2.9851
-2.9027,-3.6469
-2.9027,-3.3636
-2.9027,-2.1665
-2.9027,-2.5729
-2.9027,-1.9709
-2.9027,-2.9171
-2.9027,-3.6319
-2.9027,-2.7096
-2.9027,-2.8006
-1.4555,-1.8956
-1.4555,-2.0199
-1.4555,-1.1992
-1.4555,-2.2991
-1.4555,-1.9693
-1.4555,-1.5652
-1.4555,-1.0697
-1.4555,-1.102
-1.4555,-1.8136
-1.4555,-0.83015
-1.4555,-1.5879
-1.4555,-0.72744
-1.4555,-1.6212
4.542,4.7126
4.542,4.485
4.542,4.9791
4.542,4.5652
4.542,4.3648
4.542,4.611
4.542,4.0216
4.542,4.7786
4.542,5.4629
4.542,3.8386
4.542,4.9584
4.542,4.9651
4.542,5.1852
4.542,3.985
-3.5839,-4.4311
-3.5839,-4.5672
-3.5839,-3.6469
-3.5839,-3.8984
-3.5839,-3.487
-3.5839,-2.9171
-3.5839,-2.8099
-3.5839,-3.5027
-3.5839,-3.6319
-3.5839,-4.038
-3.5839,-3.6003
-3.5839,-2.7096
-3.5839,-2.8006
5.5143,4.8461
5.5143,5.3008
-7.0179,-6.3754
-7.0179,-6.3015
-7.0179,-7.3497
-2.2991,-1.8956
-2.2991,-2.3622
-2.2991,-2.0883
-2.2991,-1.4555
-2.2991,-1.9693
-2.2991,-1.5652
-2.2991,-2.8031
-2.2991,-2.6679
-2.2991,-2.8285
-2.2991,-1.8136
-2.2991,-1.5879
-2.2991,-2.5643
-1.9693,-1.8956
-1.9693,-2.0883
-1.9693,-1.1992
-1.9693,-1.4555
-1.9693,-2.2991
-1.9693,-1.5652
-1.9693,-2.6679
-1.9693,-1.102
-1.9693,-2.8285
-1.9693,-1.8136
-1.9693,-1.5879
-1.9693,-2.5643
-1.9693,-1.8345
3.9726,4.4538
3.9726,3.3918
3.9726,4.6111
3.9726,3.7316
-3.3636,-2.9851
-3.3636,-3.6469
-3.3636,-2.9027
-3.3636,-2.497
-3.3636,-4.038
4.6271,4.0081
4.6271,4.581
4.6271,4.3792
4.6271,4.172
4.6271,5.2869
4.6271,3.9587
3.6034,4.485
3.6034,4.2316
3.6034,3.9578
3.6034,4.23
3.6034,3.8386
6.0344,5.8838
6.0344,6.0565
6.0344,5.0971
6.0344,6.7832
6.0344,5.2505
-1.0448,-1.9311
-1.0448,-1.6473
4.5652,4.8461
4.5652,4.542
4.5652,4.611
4.5652,4.0003
4.5652,4.0216
4.5652,4.9584
4.5652,4.4634
4.5652,5.3008
-5.4813,-4.5672
-5.4813,-5.4399
-5.4813,-4.6894
3.3918,3.9726
3.3918,3.8748
6.1017,5.4344
6.1017,6.0372
6.1017,5.4629
6.1017,5.7684
-4.5655,-4.7303
-4.5655,-5.2136
-4.5655,-4.0483
-4.5655,-4.2824
-4.5655,-5.367
-4.5655,-5.2945
-4.5655,-4.4338
-4.5655,-3.604
-4.5655,-5.2841
-4.5655,-4.7048
-4.5655,-5.5436
4.3648,4.7126
4.3648,4.485
4.3648,4.9791
4.3648,4.542
4.3648,4.2316
4.3648,4.7786
4.3648,3.9578
4.3648,3.8386
4.3648,4.9651
4.3648,5.1852
4.3648,3.985
-2.497,-2.9851
-2.497,-3.3636
-2.497,-2.1665
-2.497,-1.9709
-5.2136,-4.7303
-5.2136,-4.5655
-5.2136,-5.7407
-5.2136,-5.2945
-5.2136,-5.2841
-5.2136,-6.1021
-5.2136,-5.5436
-9.6134,-9.2923
4.611,4.7126
4.611,4.9791
4.611,4.542
4.611,4.5652
4.611,4.0216
4.611,4.9584
4.611,4.9651
4.611,3.985
4.611,5.3008
-5.6258,-5.8146
-5.6258,-4.9462
-5.6258,-5.0652
-5.6258,-4.7273
-5.6258,-5.5034
-3.487,-4.4311
-3.487,-2.7031
-3.487,-3.8984
-3.487,-3.5839
-3.487,-4.4743
-3.487,-2.8099
-3.487,-3.5027
-3.487,-3.6319
-3.487,-3.6003
-3.487,-2.8006
-8.8976,-8.1918
-8.8976,-9.7507
-8.8976,-8.7775
-8.8976,-9.2923
-2.1665,-2.9851
-2.1665,-1.8767
-2.1665,-2.9027
-2.1665,-2.497
-2.1665,-2.5729
-2.1665,-1.9709
-2.1665,-2.9171
-2.1665,-1.9311
-2.1665,-1.6473
-2.1665,-2.7096
-2.1665,-2.8006
5.4344,4.7126
5.4344,4.485
5.4344,6.1017
5.4344,4.9502
5.4344,6.0372
5.4344,4.7786
5.4344,5.3263
5.4344,5.4629
5.4344,5.1335
5.4344,5.7684
5.4344,4.9651
5.4344,5.1852
4.2614,5.1082
4.2614,3.7316
4.2614,4.6597
4.2614,4.162
5.1082,5.8838
5.1082,4.2614
5.1082,5.2775
5.1082,5.0124
5.1082,5.0971
5.1082,4.6597
5.1082,5.4867
5.1082,5.9187
5.1082,4.162
3.8748,4.449
3.8748,4.4538
3.8748,3.3918
3.8748,3.9416
3.6241,4.5153
3.6241,4.2829
3.6241,4.172
3.6241,3.0371
3.6241,3.9587
3.6241,4.23
6.3787,7.0152
6.3787,5.8838
6.3787,5.8811
6.3787,6.6046
6.3787,6.0565
6.3787,5.9187
-3.527,-4.1099
-3.527,-4.2824
-3.527,-3.0735
-3.527,-4.4338
-3.527,-3.604
-3.527,-3.7981
-3.527,-3.6609
-3.9386,-4.1099
-3.9386,-3.445
-3.9386,-4.7273
-3.9386,-4.4615
-1.5652,-1.8956
-1.5652,-2.0883
-1.5652,-1.1992
-1.5652,-1.4555
-1.5652,-2.2991
-1.5652,-1.9693
-1.5652,-1.102
-1.5652,-1.5879
-1.5652,-0.72744
-1.5652,-0.78989
-1.5652,-1.8345
-1.5652,-1.2594
-2.5729,-2.4637
-2.5729,-2.7031
-2.5729,-1.8767
-2.5729,-2.9027
-2.5729,-2.1665
-2.5729,-1.679
-2.5729,-2.9171
-2.5729,-2.8099
-2.5729,-1.9311
-2.5729,-1.6473
-2.5729,-2.7096
-2.5729,-2.8006
4.2316,4.7126
4.2316,4.485
4.2316,4.5153
4.2316,3.6034
4.2316,4.3648
4.2316,4.2829
4.2316,4.9502
4.2316,4.7786
4.2316,3.9578
4.2316,5.1335
4.2316,4.23
4.2316,3.8386
-4.0483,-4.7303
-4.0483,-4.5655
-4.0483,-4.2824
-4.0483,-3.604
-4.9462,-5.6258
-4.9462,-4.7273
-2.8031,-2.3622
-2.8031,-2.0199
-2.8031,-2.2991
-2.8031,-2.6679
-2.8031,-2.8285
-2.8031,-2.6337
-2.8031,-1.8136
5.2775,5.8811
5.2775,5.1082
5.2775,5.0124
5.2775,4.6597
5.2775,5.4867
5.2775,5.9187
-5.0652,-5.8146
-5.0652,-4.7437
-5.0652,-4.1099
-5.0652,-5.6258
-5.0652,-5.367
-5.0652,-4.7273
-5.0652,-4.4338
-5.0652,-4.4615
-5.0652,-5.5034
-5.0652,-4.7048
-5.0652,-5.5436
-4.2824,-4.7303
-4.2824,-4.5655
-4.2824,-3.527
-4.2824,-4.0483
-4.2824,-4.4338
-4.2824,-3.604
-4.2824,-3.7981
-4.2824,-4.7048
-2.6679,-1.8956
-2.6679,-2.3622
-2.6679,-2.2991
-2.6679,-1.9693
-2.6679,-2.8031
-2.6679,-2.8285
2.3945,3.0766
2.3945,3.0371
2.3945,3.3846
-1.0697,-1.8956
-1.0697,-1.1992
-1.0697,-1.4555
-1.0697,-1.8136
-1.0697,-1.1613
-1.0697,-0.83015
-1.0697,-1.5879
-1.0697,-0.72744
-1.0697,-1.6212
-1.0697,-0.47123
4.3792,3.5449
4.3792,4.0081
4.3792,3.4842
4.3792,4.6271
4.3792,4.172
-1.102,-0.65868
-1.102,-1.1992
-1.102,-1.4555
-1.102,-1.9693
-1.102,-1.5652
-1.102,-0.83015
-1.102,-1.5879
-1.102,-0.72744
-1.102,-0.78989
-1.102,-1.8345
-1.102,-1.2594
-1.102,-0.25807
4.2829,5.0315
4.2829,4.581
4.2829,4.7253
4.2829,4.5153
4.2829,3.6241
4.2829,4.2316
4.2829,4.172
4.2829,3.9587
4.2829,4.23
4.0003,4.8461
4.0003,4.5652
4.0003,4.0216
4.0003,4.4634
5.0124,5.8838
5.0124,5.1082
5.0124,5.2775
5.0124,5.0971
5.0124,5.2505
5.0124,5.9187
5.0124,4.162
-5.367,-5.8146
-5.367,-4.7437
-5.367,-4.5655
-5.367,-5.0652
-5.367,-5.2945
-5.367,-4.4338
-5.367,-5.2841
-5.367,-5.5034
-5.367,-4.7048
-5.367,-5.5436
-3.0735,-3.527
-3.0735,-3.445
-3.0735,-3.7981
-3.0735,-3.6609
-9.7507,-8.8976
-9.7507,-9.2923
-7.4108,-8.1918
5.0971,5.8838
5.0971,4.1184
5.0971,6.0565
5.0971,6.0344
5.0971,5.1082
5.0971,5.0124
5.0971,5.2505
6.7832,7.0152
6.7832,6.0565
6.7832,6.0344
-2.8285,-1.8956
-2.8285,-2.0883
-2.8285,-2.2991
-2.8285,-1.9693
-2.8285,-2.8031
-2.8285,-2.6679
-2.8285,-2.5643
-2.6337,-2.3622
-2.6337,-2.0199
-2.6337,-2.8031
-2.6337,-2.0934
4.9502,4.7126
4.9502,5.0315
4.9502,4.485
4.9502,4.7253
4.9502,4.5153
4.9502,5.4344
4.9502,4.2316
4.9502,4.7786
4.9502,5.3263
4.9502,5.1335
4.9502,4.23
4.9502,5.1852
-5.7407,-5.2136
-5.7407,-6.3015
-5.7407,-5.2841
-5.7407,-6.1021
6.0372,6.1017
6.0372,5.4344
6.0372,5.3263
6.0372,5.1335
6.0372,5.5487
-2.0934,-2.0199
-2.0934,-2.6337
-2.0934,-1.5755
-2.0934,-1.6212
-4.4743,-4.4311
-4.4743,-4.5672
-4.4743,-5.4399
-4.4743,-3.487
-4.4743,-5.2071
-4.4743,-3.5027
-4.4743,-3.6003
-5.2945,-5.8146
-5.2945,-4.7303
-5.2945,-4.5655
-5.2945,-5.2136
-5.2945,-5.367
-5.2945,-4.4338
-5.2945,-5.2841
-5.2945,-5.5034
-5.2945,-4.7048
-5.2945,-6.1021
-5.2945,-5.5436
-3.445,-4.1099
-3.445,-3.9386
-3.445,-3.0735
-3.445,-3.6609
4.0216,4.542
4.0216,4.5652
4.0216,4.611
4.0216,4.0003
4.0216,3.8386
4.0216,4.9584
4.0216,3.985
4.6111,4.4538
4.6111,3.9726
4.6111,3.7316
4.6111,5.007
4.6111,4.6597
-6.3754,-7.0179
-6.3754,-6.3015
-6.3754,-7.3497
-6.3754,-7.1752
-6.3754,-6.1021
-6.3754,-6.3971
-6.3754,-5.5436
4.7786,4.7126
4.7786,4.485
4.7786,4.5153
4.7786,4.542
4.7786,4.3648
4.7786,5.4344
4.7786,4.2316
4.7786,4.9502
4.7786,5.3263
4.7786,3.9578
4.7786,5.1335
4.7786,4.23
4.7786,4.9651
4.7786,5.1852
-1.8136,-1.8956
-1.8136,-2.3622
-1.8136,-2.0199
-1.8136,-1.1992
-1.8136,-1.4555
-1.8136,-2.2991
-1.8136,-1.9693
-1.8136,-2.8031
-1.8136,-1.0697
-1.8136,-1.1613
-1.8136,-1.5879
-1.8136,-1.6212
-5.2071,-5.4399
-5.2071,-4.4743
-5.2071,-6.1707
3.7316,3.9726
3.7316,4.2614
3.7316,4.6111
4.172,4.0081
4.172,3.4842
4.172,4.581
4.172,4.7253
4.172,4.6271
4.172,3.6241
4.172,4.3792
4.172,4.2829
4.172,3.9587
4.172,3.3846
-1.1613,-2.0199
-1.1613,-1.0697
-1.1613,-1.8136
-1.1613,-0.83015
-1.1613,-1.5755
-1.1613,-1.6212
-1.1613,-0.47123
-4.7273,-4.7437
-4.7273,-4.1099
-4.7273,-5.6258
-4.7273,-3.9386
-4.7273,-4.9462
-4.7273,-5.0652
-4.7273,-4.4615
-0.83015,-1.1992
-0.83015,-1.4555
-0.83015,-1.0697
-0.83015,-1.102
-0.83015,-1.1613
-0.83015,-1.5879
-0.83015,-0.72744
-0.83015,-0.25807
-0.83015,-0.47123
-8.7775,-8.8976
3.0766,3.5449
3.0766,4.0081
3.0766,3.4842
3.0766,2.3945
3.0766,3.3846
5.3263,5.0315
5.3263,4.485
5.3263,4.7253
5.3263,4.5153
5.3263,5.4344
5.3263,4.9502
5.3263,6.0372
5.3263,4.7786
5.3263,5.1335
5.3263,5.5487
-1.5879,-1.8956
-1.5879,-2.0883
-1.5879,-1.1992
-1.5879,-1.4555
-1.5879,-2.2991
-1.5879,-1.9693
-1.5879,-1.5652
-1.5879,-1.0697
-1.5879,-1.102
-1.5879,-1.8136
-1.5879,-0.83015
-1.5879,-0.72744
-1.5879,-1.2594
5.4629,4.7126
5.4629,5.7971
5.4629,4.9791
5.4629,4.542
5.4629,6.1017
5.4629,5.4344
5.4629,5.1335
5.4629,5.7684
5.4629,4.9651
5.4629,5.1852
-1.9709,-2.9027
-1.9709,-2.497
-1.9709,-2.1665
-1.9709,-1.9311
-1.9709,-1.6473
-1.9709,-2.7096
-2.5643,-2.0883
-2.5643,-2.2991
-2.5643,-1.9693
-2.5643,-2.8285
-2.5643,-1.8345
-6.3015,-7.0179
-6.3015,-5.7407
-6.3015,-6.3754
-6.3015,-6.1021
-1.5755,-2.0934
-1.5755,-1.1613
-1.5755,-1.6212
5.007,5.1749
5.007,5.6784
5.007,4.6111
5.007,4.6597
5.007,5.4867
3.9578,4.7126
3.9578,4.485
3.9578,4.5153
3.9578,3.6034
3.9578,4.3648
3.9578,4.2316
3.9578,4.7786
3.9578,4.23
3.9578,3.8386
3.9578,3.985
-4.4338,-4.7437
-4.4338,-4.1099
-4.4338,-4.5655
-4.4338,-3.527
-4.4338,-5.0652
-4.4338,-4.2824
-4.4338,-5.367
-4.4338,-5.2945
-4.4338,-4.4615
-4.4338,-3.7981
-4.4338,-4.7048
-4.4338,-3.6609
-4.4615,-4.7437
-4.4615,-4.1099
-4.4615,-3.9386
-4.4615,-5.0652
-4.4615,-4.7273
-4.4615,-4.4338
-4.4615,-3.7981
-4.4615,-4.7048
-4.4615,-3.6609
4.7251,4.449
4.7251,4.8461
4.7251,5.1695
4.7251,3.9416
4.7251,4.4634
-9.2923,-9.6134
-9.2923,-8.8976
-9.2923,-9.7507
-9.2923,-8.5128
-7.3497,-7.0179
-7.3497,-6.3754
-7.3497,-7.1752
5.1335,4.7126
5.1335,4.485
5.1335,4.5153
5.1335,5.4344
5.1335,4.2316
5.1335,4.9502
5.1335,6.0372
5.1335,4.7786
5.1335,5.3263
5.1335,5.4629
5.1335,4.9651
5.1335,5.1852
3.0371,3.4842
3.0371,3.6241
3.0371,2.3945
3.0371,3.9587
3.0371,3.3846
-1.679,-2.4637
-1.679,-1.8767
-1.679,-2.5729
-1.679,-1.9311
-1.679,-1.6473
-2.9171,-2.9851
-2.9171,-3.6469
-2.9171,-3.8984
-2.9171,-2.9027
-2.9171,-3.5839
-2.9171,-2.1665
-2.9171,-2.5729
-2.9171,-2.8099
-2.9171,-1.9311
-2.9171,-3.6319
-2.9171,-3.6003
-2.9171,-2.7096
-2.9171,-2.8006
5.1695,5.1749
5.1695,4.7251
5.2869,5.0315
5.2869,4.581
5.2869,4.6271
5.2869,5.5487
-3.604,-4.5655
-3.604,-3.527
-3.604,-4.0483
-3.604,-4.2824
-3.604,-3.7981
-2.8099,-2.4637
-2.8099,-2.7031
-2.8099,-1.8767
-2.8099,-3.5839
-2.8099,-3.487
-2.8099,-2.5729
-2.8099,-2.9171
-2.8099,-3.5027
-2.8099,-3.6003
-2.8099,-2.7096
-2.8099,-2.8006
-3.7981,-4.1099
-3.7981,-3.527
-3.7981,-4.2824
-3.7981,-3.0735
-3.7981,-4.4338
-3.7981,-4.4615
-3.7981,-3.604
-3.7981,-4.7048
-3.7981,-3.6609
-1.9311,-1.8767
-1.9311,-1.0448
-1.9311,-2.1665
-1.9311,-2.5729
-1.9311,-1.9709
-1.9311,-1.679
-1.9311,-2.9171
-1.9311,-1.6473
-1.9311,-2.7096
-1.9311,-2.8006
-7.1752,-6.4143
-7.1752,-6.3754
-7.1752,-7.3497
-7.1752,-6.3971
-0.72744,-1.1992
-0.72744,-1.4555
-0.72744,-1.5652
-0.72744,-1.0697
-0.72744,-1.102
-0.72744,-0.83015
-0.72744,-1.5879
-0.72744,-0.78989
-0.72744,-1.2594
-0.72744,-0.25807
-3.5027,-2.7031
-3.5027,-3.5839
-3.5027,-3.487
-3.5027,-4.4743
-3.5027,-2.8099
-3.5027,-3.6003
3.9587,3.4842
3.9587,4.581
3.9587,4.7253
3.9587,4.6271
3.9587,3.6241
3.9587,4.2829
3.9587,4.172
3.9587,3.0371
3.9587,4.23
3.9587,3.3846
4.6597,4.2614
4.6597,5.1082
4.6597,5.2775
4.6597,4.6111
4.6597,5.007
4.6597,5.4867
4.23,5.0315
4.23,4.485
4.23,4.7253
4.23,4.5153
4.23,3.6034
4.23,3.6241
4.23,4.2316
4.23,4.2829
4.23,4.9502
4.23,4.7786
4.23,3.9578
4.23,3.9587
-5.2841,-4.7303
-5.2841,-4.5655
-5.2841,-5.2136
-5.2841,-5.367
-5.2841,-5.7407
-5.2841,-5.2945
-5.2841,-4.7048
-5.2841,-6.1021
-5.2841,-5.5436
5.4867,5.8811
5.4867,5.6784
5.4867,5.1082
5.4867,5.2775
5.4867,5.007
5.4867,4.6597
5.4867,5.9187
5.7684,5.7971
5.7684,4.9791
5.7684,6.1017
5.7684,5.4344
5.7684,5.4629
5.7684,4.9651
5.7684,5.1852
3.8386,4.7126
3.8386,4.542
3.8386,3.6034
3.8386,4.3648
3.8386,4.2316
3.8386,4.0216
3.8386,3.9578
3.8386,3.985
5.2505,6.0344
5.2505,5.0124
5.2505,5.0971
-0.78989,-1.1719
-0.78989,-0.65868
-0.78989,0.10265
-0.78989,-1.1992
-0.78989,-1.5652
-0.78989,-1.102
-0.78989,-0.72744
-0.78989,-1.2594
-0.78989,-0.25807
-5.5034,-5.8146
-5.5034,-6.4143
-5.5034,-4.7437
-5.5034,-5.6258
-5.5034,-5.0652
-5.5034,-5.367
-5.5034,-5.2945
-5.5034,-4.7048
-5.5034,-5.5436
3.3846,4.0081
3.3846,3.4842
3.3846,2.3945
3.3846,4.172
3.3846,3.0766
3.3846,3.0371
3.3846,3.9587
-6.9269,-6.1707
-1.6473,-1.8767
-1.6473,-1.0448
-1.6473,-2.1665
-1.6473,-2.5729
-1.6473,-1.9709
-1.6473,-1.679
-1.6473,-1.9311
4.9584,5.7971
4.9584,4.9791
4.9584,4.542
4.9584,4.5652
4.9584,4.611
4.9584,4.0216
4.9584,4.9651
4.9584,5.1852
4.9584,5.3008
-3.6319,-4.4311
-3.6319,-4.5672
-3.6319,-3.6469
-3.6319,-3.8984
-3.6319,-2.9027
-3.6319,-3.5839
-3.6319,-3.487
-3.6319,-2.9171
-3.6319,-4.038
-3.6319,-3.6003
-3.6319,-2.7096
-3.6319,-2.8006
-4.6894,-4.4311
-4.6894,-4.5672
-4.6894,-3.8984
-4.6894,-5.4813
-4.6894,-4.038
5.5487,5.0315
5.5487,4.7253
5.5487,6.0372
5.5487,5.3263
5.5487,5.2869
5.9187,5.8838
5.9187,5.8811
5.9187,6.6046
5.9187,6.0565
5.9187,5.1082
5.9187,6.3787
5.9187,5.2775
5.9187,5.0124
5.9187,5.4867
-8.5128,-8.1918
-8.5128,-9.2923
4.9651,4.7126
4.9651,4.485
4.9651,4.9791
4.9651,4.542
4.9651,4.3648
4.9651,4.611
4.9651,5.4344
4.9651,4.7786
4.9651,5.4629
4.9651,5.1335
4.9651,5.7684
4.9651,4.9584
4.9651,5.1852
-4.038,-4.5672
-4.038,-3.6469
-4.038,-3.8984
-4.038,-3.5839
-4.038,-3.3636
-4.038,-3.6319
-4.038,-4.6894
-4.7048,-4.7437
-4.7048,-4.1099
-4.7048,-4.5655
-4.7048,-5.0652
-4.7048,-4.2824
-4.7048,-5.367
-4.7048,-5.2945
-4.7048,-4.4338
-4.7048,-4.4615
-4.7048,-3.7981
-4.7048,-5.2841
-4.7048,-5.5034
-4.7048,-5.5436
-6.1021,-5.2136
-6.1021,-5.7407
-6.1021,-5.2945
-6.1021,-6.3754
-6.1021,-6.3015
-6.1021,-5.2841
-6.1021,-6.3971
-6.1021,-5.5436
-6.3971,-5.8146
-6.3971,-6.4143
-6.3971,-6.3754
-6.3971,-7.1752
-6.3971,-6.1021
-6.3971,-5.5436
-3.6003,-4.4311
-3.6003,-4.5672
-3.6003,-3.6469
-3.6003,-3.8984
-3.6003,-3.5839
-3.6003,-3.487
-3.6003,-4.4743
-3.6003,-2.9171
-3.6003,-2.8099
-3.6003,-3.5027
-3.6003,-3.6319
-3.6003,-2.8006
5.1852,4.7126
5.1852,4.9791
5.1852,4.542
5.1852,4.3648
5.1852,5.4344
5.1852,4.9502
5.1852,4.7786
5.1852,5.4629
5.1852,5.1335
5.1852,5.7684
5.1852,4.9584
5.1852,4.9651
-2.7096,-2.9851
-2.7096,-3.6469
-2.7096,-1.8767
-2.7096,-2.9027
-2.7096,-3.5839
-2.7096,-2.1665
-2.7096,-2.5729
-2.7096,-1.9709
-2.7096,-2.9171
-2.7096,-2.8099
-2.7096,-1.9311
-2.7096,-3.6319
-2.7096,-2.8006
-5.5436,-5.8146
-5.5436,-4.5655
-5.5436,-5.2136
-5.5436,-5.0652
-5.5436,-5.367
-5.5436,-5.2945
-5.5436,-6.3754
-5.5436,-5.2841
-5.5436,-5.5034
-5.5436,-4.7048
-5.5436,-6.1021
-5.5436,-6.3971
-1.8345,-1.6823
-1.8345,-1.1719
-1.8345,-2.0883
-1.8345,-1.9693
-1.8345,-1.5652
-1.8345,-1.102
-1.8345,-2.5643
-1.8345,-1.2594
3.9416,4.449
3.9416,3.8748
3.9416,4.7251
3.9416,4.4634
3.985,4.7126
3.985,4.9791
3.985,4.542
3.985,4.3648
3.985,4.611
3.985,4.0216
3.985,3.9578
3.985,3.8386
-1.2594,-1.6823
-1.2594,-1.1719
-1.2594,-0.65868
-1.2594,-2.0883
-1.2594,-1.5652
-1.2594,-1.102
-1.2594,-1.5879
-1.2594,-0.72744
-1.2594,-0.78989
-1.2594,-1.8345
4.162,4.1184
4.162,4.2614
4.162,5.1082
4.162,5.0124
-2.8006,-2.4637
-2.8006,-1.8767
-2.8006,-2.9027
-2.8006,-3.5839
-2.8006,-3.487
-2.8006,-2.1665
-2.8006,-2.5729
-2.8006,-2.9171
-2.8006,-2.8099
-2.8006,-1.9311
-2.8006,-3.6319
-2.8006,-3.6003
-2.8006,-2.7096
-6.1707,-6.4702
-6.1707,-5.4399
-6.1707,-5.2071
-6.1707,-6.9269
-3.6609,-4.1099
-3.6609,-3.527
-3.6609,-3.0735
-3.6609,-3.445
-3.6609,-4.4338
-3.6609,-4.4615
-3.6609,-3.7981
4.4634,4.8461
4.4634,4.5652
4.4634,4.0003
4.4634,4.7251
4.4634,3.9416
-0.25807,0.10265
-0.25807,-1.102
-0.25807,-0.83015
-0.25807,-0.72744
-0.25807,-0.78989
-0.25807,-0.47123
-1.6212,-2.3622
-1.6212,-2.0199
-1.6212,-1.4555
-1.6212,-1.0697
-1.6212,-2.0934
-1.6212,-1.8136
-1.6212,-1.1613
-1.6212,-1.5755
5.3008,5.7971
5.3008,4.9791
5.3008,4.8461
5.3008,5.5143
5.3008,4.5652
5.3008,4.611
5.3008,4.9584
-0.47123,-1.1992
-0.47123,-1.0697
-0.47123,-1.1613
-0.47123,-0.83015
-0.47123,-0.25807
-9.337,-10
9.731,10
-9.7507,-10
9.5456,10
