-1.2586,-0.40282
-7.3783,-7.9726
-7.3783,-6.7228
-7.3783,-6.8657
-5.8594,-6.612
-5.8594,-5.3944
-4.9464,-4.4177
-4.9464,-5.5521
-4.9464,-4.5779
-0.60352,0.31208
-5.7752,-5.7594
-5.7752,-4.8795
-5.7752,-6.6111
-5.7752,-6.2557
-7.6573,-6.7461
-6.5935,-6.612
-6.5935,-7.233
-6.5935,-7.0466
5.2673,4.5263
-3.7244,-3.791
-3.7244,-3.862
-3.7244,-2.995
-3.7244,-4.2554
6.1341,5.1843
6.1341,6.3597
-6.612,-5.8594
-6.612,-6.5935
-6.612,-6.6689
-6.612,-7.233
-6.67,-7.5699
-6.67,-7.2071
-6.67,-6.1591
-6.67,-6.8657
7.5631,6.8057
7.5631,7.4657
3.7319,4.5037
3.7319,4.2526
3.7725,4.5581
3.7725,4.4759
-7.0877,-6.7605
-7.0877,-6.4193
-3.791,-3.7244
6.3427,6.5136
6.3427,5.4962
6.3427,5.427
6.3427,6.8793
6.3427,6.1407
-4.4177,-4.9464
-4.4177,-3.8744
0.27885,0.74066
0.27885,0.76056
0.74066,0.27885
0.74066,1.5345
0.74066,1.3908
2.4565,3.3781
3.7114,4.5527
3.7114,2.7899
-7.173,-7.2071
-7.173,-7.8835
7.2049,6.7203
7.2049,6.3051
-5.7594,-5.7752
-5.7594,-4.8795
-5.7594,-5.343
-5.7594,-6.7605
-5.7594,-6.2557
-5.7594,-6.4193
-1.3424,-1.0771
-1.3424,-2.3059
-1.3424,-0.77112
4.5581,3.7725
4.5581,5.1279
4.5581,4.1766
4.5581,4.4759
6.6229,7.216
4.5037,3.7319
4.5037,4.5527
4.5037,5.427
4.5037,4.8468
-3.7456,-4.2993
-1.0375,-0.91769
-1.0375,-0.54643
-1.0375,-0.042946
3.1314,2.449
3.1314,3.2275
0.092436,0.31208
0.092436,-0.36889
0.092436,0.56073
-1.0771,-1.3424
-1.0771,-1.8406
-1.0771,-0.77112
-1.0771,-0.12123
-2.7872,-2.995
6.5136,6.3427
6.5136,6.4826
6.5136,7.2792
6.5136,6.1407
-8.6746,-7.6767
-8.6746,-8.5498
3.8227,4.5263
7.6882,7.216
4.5263,5.2673
4.5263,3.8227
4.5263,5.1843
3.3688,2.4521
-6.6689,-6.612
-6.6689,-5.9359
-6.6689,-7.6511
-7.9726,-7.3783
6.8057,7.5631
6.8057,6.5125
6.8057,6.9623
0.18583,0.15614
0.18583,-0.24528
0.18583,0.84516
0.18583,-0.15021
-6.7228,-7.3783
-6.7228,-7.0466
-6.7228,-6.8657
0.35901,-0.54643
0.35901,-0.042946
5.4739,5.0707
5.4739,5.427
5.4739,6.1043
5.4739,4.8468
5.4739,6.1407
5.4962,6.3427
5.4962,4.5527
5.4962,5.427
5.4962,5.5054
-7.233,-6.5935
-7.233,-6.612
-7.233,-7.0466
-7.233,-7.6511
-4.8704,-5.0908
-4.8704,-4.8795
-4.8704,-5.343
-4.8704,-4.2554
-5.0908,-4.8704
-5.0908,-5.343
-5.0908,-5.9852
-5.0908,-4.2554
-4.8285,-3.907
-4.8285,-4.5329
-5.9359,-6.6689
-5.9359,-5.3944
2.449,3.1314
2.449,1.8314
2.449,3.2082
1.3081,0.85802
1.3081,1.0878
1.3081,0.51305
0.35017,-0.40282
0.35017,1.2809
0.35017,0.56073
-7.5699,-6.67
-7.5699,-6.8657
1.5345,0.74066
1.5345,2.4521
1.5345,1.3908
6.123,6.7203
6.123,6.3051
6.123,5.2543
0.15614,0.18583
0.15614,-0.24528
0.15614,0.84516
0.15614,-0.042946
-3.1044,-2.1486
-3.1044,-2.7082
-5.5521,-4.9464
-5.5521,-6.3587
5.8156,6.7203
-8.7556,-7.8835
-0.90643,-1.8132
-0.90643,-0.24528
-0.90643,-0.91769
4.3405,5.1279
4.3405,4.1766
1.8314,2.449
-3.862,-3.7244
-3.862,-2.995
-3.862,-4.2554
4.2542,4.4759
-1.8406,-1.0771
-4.5779,-4.9464
-4.5779,-3.7075
-4.5779,-3.8744
-4.5779,-4.5329
-1.8132,-0.90643
-1.8132,-0.91769
0.85802,1.3081
0.85802,0.20498
-2.1486,-3.1044
-2.1486,-2.7082
7.5716,6.8793
5.1843,6.1341
5.1843,4.5263
-2.3059,-1.3424
-2.3059,-3.1674
1.0878,1.3081
1.0878,0.63817
1.0878,0.51305
5.0707,5.4739
-6.7461,-7.6573
-6.7461,-5.9852
7.216,6.6229
7.216,7.6882
7.216,7.8943
-6.078,-5.343
-6.078,-5.9852
-6.078,-6.2557
-6.078,-6.4193
4.5527,3.7114
4.5527,4.5037
4.5527,5.4962
-4.8795,-5.7752
-4.8795,-5.7594
-4.8795,-4.8704
0.31208,-0.60352
0.31208,0.092436
0.31208,1.1746
5.1279,4.5581
5.1279,4.3405
5.1279,4.1766
5.1279,5.6983
-0.41786,0.48866
-0.41786,-0.77112
-0.41786,-0.12123
6.7203,7.2049
6.7203,6.123
6.7203,5.8156
6.7203,7.5405
5.1866,5.2543
6.3597,6.1341
5.427,6.3427
5.427,4.5037
5.427,5.4739
5.427,5.4962
5.427,4.8468
5.427,6.1407
7.3566,6.8793
-2.7082,-3.1044
-2.7082,-2.1486
6.8793,6.3427
6.8793,7.5716
6.8793,7.3566
6.8793,6.1407
-7.0466,-6.5935
-7.0466,-6.7228
-7.0466,-7.233
-7.0466,-7.7962
0.48866,-0.41786
0.48866,0.63817
-0.40282,-1.2586
-0.40282,0.35017
-0.40282,-0.36889
3.2275,3.1314
3.2275,3.3781
2.5911,2.1118
-0.24528,0.18583
-0.24528,0.15614
-0.24528,-0.90643
-0.24528,-0.91769
-0.24528,-0.042946
6.1043,5.4739
3.2082,2.449
-5.343,-5.7594
-5.343,-4.8704
-5.343,-5.0908
-5.343,-6.078
7.4657,7.5631
7.4657,7.2792
0.63817,1.0878
0.63817,0.48866
0.63817,1.5116
0.63817,-0.12123
6.4826,6.5136
6.4826,6.5125
6.4826,7.2792
6.4826,5.5054
-6.7605,-7.0877
-6.7605,-5.7594
-6.7605,-6.6111
-6.7605,-6.2557
-6.7605,-6.4193
6.5125,6.8057
6.5125,6.4826
0.84516,0.18583
0.84516,0.15614
-7.2071,-6.67
-7.2071,-7.173
-7.2071,-6.3587
4.2526,3.7319
4.2526,4.8468
2.4521,3.3688
2.4521,1.5345
2.4521,2.1118
-7.6767,-8.6746
7.2792,6.5136
7.2792,7.4657
7.2792,6.4826
3.3781,2.4565
3.3781,3.2275
3.3781,4.1766
-2.2949,-2.995
-2.2949,-2.6933
0.51305,1.3081
0.51305,1.0878
-0.77112,-1.3424
-0.77112,-1.0771
-0.77112,-0.41786
-0.77112,-0.12123
1.1746,0.31208
6.3051,7.2049
6.3051,6.123
2.1118,2.5911
2.1118,2.4521
2.1118,1.3908
-2.995,-3.7244
-2.995,-2.7872
-2.995,-3.862
-2.995,-2.2949
-5.9852,-5.0908
-5.9852,-6.7461
-5.9852,-6.078
-5.9852,-6.4193
-3.7075,-4.5779
-3.7075,-3.8744
-3.7075,-3.907
-3.7075,-4.5329
-6.3587,-5.5521
-6.3587,-7.2071
1.2809,0.35017
1.2809,0.56073
-6.6111,-5.7752
-6.6111,-6.7605
-6.6111,-6.2557
0.20498,0.85802
7.5405,6.7203
-3.7159,-3.1674
-3.7159,-2.9646
-3.1674,-2.3059
-3.1674,-3.7159
-7.8835,-7.173
-7.8835,-8.7556
0.76056,0.27885
2.7899,3.7114
-3.8744,-4.4177
-3.8744,-4.5779
-3.8744,-3.7075
-6.2557,-5.7752
-6.2557,-5.7594
-6.2557,-6.078
-6.2557,-6.7605
-6.2557,-6.6111
-6.2557,-6.4193
4.1766,4.5581
4.1766,4.3405
4.1766,5.1279
4.1766,3.3781
-4.2554,-3.7244
-4.2554,-4.8704
-4.2554,-5.0908
-4.2554,-3.862
1.5116,0.63817
4.4759,3.7725
4.4759,4.5581
4.4759,4.2542
-0.91769,-1.0375
-0.91769,-0.90643
-0.91769,-1.8132
-0.91769,-0.24528
-0.36889,0.092436
-0.36889,-0.40282
-0.36889,0.56073
4.8468,4.5037
4.8468,5.4739
4.8468,5.427
4.8468,4.2526
-6.4193,-7.0877
-6.4193,-5.7594
-6.4193,-6.078
-6.4193,-6.7605
-6.4193,-5.9852
-6.4193,-6.2557
-3.804,-4.7802
-3.907,-4.8285
-3.907,-3.7075
-3.907,-4.5329
-0.54643,-1.0375
-0.54643,0.35901
-0.54643,-0.042946
-7.7962,-7.0466
-5.3944,-5.8594
-5.3944,-5.9359
5.2543,6.123
5.2543,5.1866
-0.15021,0.18583
-7.6511,-6.6689
-7.6511,-7.233
-0.12123,-1.0771
-0.12123,-0.41786
-0.12123,0.63817
-0.12123,-0.77112
1.3908,0.74066
1.3908,1.5345
1.3908,2.1118
-0.36992,-1.3045
-6.1591,-6.67
-6.1591,-6.8657
-4.2993,-3.7456
-6.8657,-7.3783
-6.8657,-6.67
-6.8657,-6.7228
-6.8657,-7.5699
-6.8657,-6.1591
-1.3045,-0.36992
-2.6933,-2.2949
5.5054,5.4962
5.5054,6.4826
5.6983,5.1279
-4.5329,-4.8285
-4.5329,-4.5779
-4.5329,-3.7075
-4.5329,-3.907
-4.7802,-3.804
-2.9646,-3.7159
0.56073,0.092436
0.56073,0.35017
0.56073,1.2809
0.56073,-0.36889
-8.5498,-8.6746
6.9623,6.8057
6.9623,7.8943
6.1407,6.3427
6.1407,6.5136
6.1407,5.4739
6.1407,5.427
6.1407,6.8793
-0.042946,-1.0375
-0.042946,0.35901
-0.042946,0.15614
-0.042946,-0.24528
-0.042946,-0.54643
7.8943,7.216
7.8943,6.9623
